Sample	Chromosome	Start	End	Num_Probes	Segment_Mean
BEAUX_p_TCGA_b109_SNP_2N_GenomeWideSNP_6_D09_772158	1	61735	229677	24	-0.1885
BEAUX_p_TCGA_b109_SNP_2N_GenomeWideSNP_6_D09_772158	1	235670	728608	15	0.4412
BEAUX_p_TCGA_b109_SNP_2N_GenomeWideSNP_6_D09_772158	1	740857	2363327	440	-0.1005
BEAUX_p_TCGA_b109_SNP_2N_GenomeWideSNP_6_D09_772158	1	2369498	2392648	2	-1.2363
BEAUX_p_TCGA_b109_SNP_2N_GenomeWideSNP_6_D09_772158	1	2397174	12834287	6040	-0.0743
BEAUX_p_TCGA_b109_SNP_2N_GenomeWideSNP_6_D09_772158	1	12834580	13375764	56	0.1149
BEAUX_p_TCGA_b109_SNP_2N_GenomeWideSNP_6_D09_772158	1	13375968	13376042	3	-0.8686
BEAUX_p_TCGA_b109_SNP_2N_GenomeWideSNP_6_D09_772158	1	13376489	13543101	21	0.2525
BEAUX_p_TCGA_b109_SNP_2N_GenomeWideSNP_6_D09_772158	1	13544175	16149915	1815	-0.0627
BEAUX_p_TCGA_b109_SNP_2N_GenomeWideSNP_6_D09_772158	1	16153497	16153925	6	0.5206
BEAUX_p_TCGA_b109_SNP_2N_GenomeWideSNP_6_D09_772158	1	16154201	16844932	302	-0.0732
BEAUX_p_TCGA_b109_SNP_2N_GenomeWideSNP_6_D09_772158	1	16846035	17005776	47	0.3224
BEAUX_p_TCGA_b109_SNP_2N_GenomeWideSNP_6_D09_772158	1	17005978	17012741	13	-0.4212
BEAUX_p_TCGA_b109_SNP_2N_GenomeWideSNP_6_D09_772158	1	17012785	17082412	26	0.4312
BEAUX_p_TCGA_b109_SNP_2N_GenomeWideSNP_6_D09_772158	1	17082591	17195155	23	0.0027
BEAUX_p_TCGA_b109_SNP_2N_GenomeWideSNP_6_D09_772158	1	17203497	17262247	60	-0.5487
BEAUX_p_TCGA_b109_SNP_2N_GenomeWideSNP_6_D09_772158	1	17276241	20883203	2544	-0.0692
BEAUX_p_TCGA_b109_SNP_2N_GenomeWideSNP_6_D09_772158	1	20883422	20883522	3	-3.3027
BEAUX_p_TCGA_b109_SNP_2N_GenomeWideSNP_6_D09_772158	1	20883816	72759524	31612	-0.0737
BEAUX_p_TCGA_b109_SNP_2N_GenomeWideSNP_6_D09_772158	1	72760856	72817021	55	0.2784
BEAUX_p_TCGA_b109_SNP_2N_GenomeWideSNP_6_D09_772158	1	72818599	104163499	20089	-0.0886
BEAUX_p_TCGA_b109_SNP_2N_GenomeWideSNP_6_D09_772158	1	104163787	104268222	26	-0.4095
BEAUX_p_TCGA_b109_SNP_2N_GenomeWideSNP_6_D09_772158	1	104303403	106019205	920	0.0568
BEAUX_p_TCGA_b109_SNP_2N_GenomeWideSNP_6_D09_772158	1	106019236	106022375	16	0.7699
BEAUX_p_TCGA_b109_SNP_2N_GenomeWideSNP_6_D09_772158	1	106024055	110232974	2670	0.0016
BEAUX_p_TCGA_b109_SNP_2N_GenomeWideSNP_6_D09_772158	1	110233037	110240178	16	-0.7925
BEAUX_p_TCGA_b109_SNP_2N_GenomeWideSNP_6_D09_772158	1	110242953	112690326	1958	-0.0196
BEAUX_p_TCGA_b109_SNP_2N_GenomeWideSNP_6_D09_772158	1	112695965	112706198	35	-0.3868
BEAUX_p_TCGA_b109_SNP_2N_GenomeWideSNP_6_D09_772158	1	112706205	147213298	6127	-0.0169
BEAUX_p_TCGA_b109_SNP_2N_GenomeWideSNP_6_D09_772158	1	147213425	147213538	2	-1.3171
BEAUX_p_TCGA_b109_SNP_2N_GenomeWideSNP_6_D09_772158	1	147213954	150800761	932	0.1156
BEAUX_p_TCGA_b109_SNP_2N_GenomeWideSNP_6_D09_772158	1	150801002	150809116	6	0.8075
BEAUX_p_TCGA_b109_SNP_2N_GenomeWideSNP_6_D09_772158	1	150811005	152555706	968	0.0639
BEAUX_p_TCGA_b109_SNP_2N_GenomeWideSNP_6_D09_772158	1	152555767	152586238	30	-1.7343
BEAUX_p_TCGA_b109_SNP_2N_GenomeWideSNP_6_D09_772158	1	152586278	152759678	175	0.0736
BEAUX_p_TCGA_b109_SNP_2N_GenomeWideSNP_6_D09_772158	1	152761923	152768700	37	-1.5366
BEAUX_p_TCGA_b109_SNP_2N_GenomeWideSNP_6_D09_772158	1	152773905	169216937	11348	0.0871
BEAUX_p_TCGA_b109_SNP_2N_GenomeWideSNP_6_D09_772158	1	169233974	169241766	7	0.9333
BEAUX_p_TCGA_b109_SNP_2N_GenomeWideSNP_6_D09_772158	1	169242401	196732086	18218	0.1117
BEAUX_p_TCGA_b109_SNP_2N_GenomeWideSNP_6_D09_772158	1	196738623	196815791	92	-0.3218
BEAUX_p_TCGA_b109_SNP_2N_GenomeWideSNP_6_D09_772158	1	196816730	210071062	8821	0.1916
BEAUX_p_TCGA_b109_SNP_2N_GenomeWideSNP_6_D09_772158	1	210081613	210082065	2	-1.7776
BEAUX_p_TCGA_b109_SNP_2N_GenomeWideSNP_6_D09_772158	1	210083984	214637808	3100	0.2069
BEAUX_p_TCGA_b109_SNP_2N_GenomeWideSNP_6_D09_772158	1	214638436	214638457	2	-0.9568
BEAUX_p_TCGA_b109_SNP_2N_GenomeWideSNP_6_D09_772158	1	214639253	227006972	8300	0.2863
BEAUX_p_TCGA_b109_SNP_2N_GenomeWideSNP_6_D09_772158	1	227007089	227007182	2	-0.9449
BEAUX_p_TCGA_b109_SNP_2N_GenomeWideSNP_6_D09_772158	1	227013696	238816125	8564	0.317
BEAUX_p_TCGA_b109_SNP_2N_GenomeWideSNP_6_D09_772158	1	238816317	238817854	4	-0.4546
BEAUX_p_TCGA_b109_SNP_2N_GenomeWideSNP_6_D09_772158	1	238817940	248797213	7023	0.2756
BEAUX_p_TCGA_b109_SNP_2N_GenomeWideSNP_6_D09_772158	1	248805339	248809369	5	1.0402
BEAUX_p_TCGA_b109_SNP_2N_GenomeWideSNP_6_D09_772158	1	248818483	249224388	140	0.2011
BEAUX_p_TCGA_b109_SNP_2N_GenomeWideSNP_6_D09_772158	2	12784	3201417	2252	-0.0656
BEAUX_p_TCGA_b109_SNP_2N_GenomeWideSNP_6_D09_772158	2	3202997	3203852	3	-1.2063
BEAUX_p_TCGA_b109_SNP_2N_GenomeWideSNP_6_D09_772158	2	3204203	34691069	21865	-0.0494
BEAUX_p_TCGA_b109_SNP_2N_GenomeWideSNP_6_D09_772158	2	34699315	34737057	46	0.3941
BEAUX_p_TCGA_b109_SNP_2N_GenomeWideSNP_6_D09_772158	2	34737163	35025804	214	-0.0415
BEAUX_p_TCGA_b109_SNP_2N_GenomeWideSNP_6_D09_772158	2	35027450	35028209	2	1.1326
BEAUX_p_TCGA_b109_SNP_2N_GenomeWideSNP_6_D09_772158	2	35034732	35505694	287	-0.0268
BEAUX_p_TCGA_b109_SNP_2N_GenomeWideSNP_6_D09_772158	2	35505991	35543362	21	0.5149
BEAUX_p_TCGA_b109_SNP_2N_GenomeWideSNP_6_D09_772158	2	35567026	52754561	12525	-0.0444
BEAUX_p_TCGA_b109_SNP_2N_GenomeWideSNP_6_D09_772158	2	52754728	52754881	3	-1.6965
BEAUX_p_TCGA_b109_SNP_2N_GenomeWideSNP_6_D09_772158	2	52758753	52781542	33	0.6908
BEAUX_p_TCGA_b109_SNP_2N_GenomeWideSNP_6_D09_772158	2	52787949	86937687	21949	-0.0397
BEAUX_p_TCGA_b109_SNP_2N_GenomeWideSNP_6_D09_772158	2	86953070	86953854	2	1.414
BEAUX_p_TCGA_b109_SNP_2N_GenomeWideSNP_6_D09_772158	2	86970406	97830611	2091	0.0328
BEAUX_p_TCGA_b109_SNP_2N_GenomeWideSNP_6_D09_772158	2	97830623	98241192	76	0.2935
BEAUX_p_TCGA_b109_SNP_2N_GenomeWideSNP_6_D09_772158	2	98244174	106880095	5564	0.0594
BEAUX_p_TCGA_b109_SNP_2N_GenomeWideSNP_6_D09_772158	2	106880713	106887255	12	0.5426
BEAUX_p_TCGA_b109_SNP_2N_GenomeWideSNP_6_D09_772158	2	106887408	129638078	13457	0.0591
BEAUX_p_TCGA_b109_SNP_2N_GenomeWideSNP_6_D09_772158	2	129638478	129640315	15	-0.6229
BEAUX_p_TCGA_b109_SNP_2N_GenomeWideSNP_6_D09_772158	2	129640329	130355506	573	0.0736
BEAUX_p_TCGA_b109_SNP_2N_GenomeWideSNP_6_D09_772158	2	130355930	130356209	2	-1.2796
BEAUX_p_TCGA_b109_SNP_2N_GenomeWideSNP_6_D09_772158	2	130356527	130780247	296	0.0345
BEAUX_p_TCGA_b109_SNP_2N_GenomeWideSNP_6_D09_772158	2	130781750	130874488	22	0.4495
BEAUX_p_TCGA_b109_SNP_2N_GenomeWideSNP_6_D09_772158	2	130874876	132759800	652	0.0356
BEAUX_p_TCGA_b109_SNP_2N_GenomeWideSNP_6_D09_772158	2	132760324	132780518	6	0.7285
BEAUX_p_TCGA_b109_SNP_2N_GenomeWideSNP_6_D09_772158	2	132785639	146862085	8931	0.0026
BEAUX_p_TCGA_b109_SNP_2N_GenomeWideSNP_6_D09_772158	2	146864404	146866707	21	0.8079
BEAUX_p_TCGA_b109_SNP_2N_GenomeWideSNP_6_D09_772158	2	146866798	208354955	37007	0.0016
BEAUX_p_TCGA_b109_SNP_2N_GenomeWideSNP_6_D09_772158	2	208355178	208359336	16	-0.9347
BEAUX_p_TCGA_b109_SNP_2N_GenomeWideSNP_6_D09_772158	2	208359476	233236722	15895	-1e-04
BEAUX_p_TCGA_b109_SNP_2N_GenomeWideSNP_6_D09_772158	2	233237324	243089456	6250	-0.2421
BEAUX_p_TCGA_b109_SNP_2N_GenomeWideSNP_6_D09_772158	3	60345	1096039	869	0.0645
BEAUX_p_TCGA_b109_SNP_2N_GenomeWideSNP_6_D09_772158	3	1096177	1098731	3	-1.2206
BEAUX_p_TCGA_b109_SNP_2N_GenomeWideSNP_6_D09_772158	3	1108599	6646543	4973	0.0732
BEAUX_p_TCGA_b109_SNP_2N_GenomeWideSNP_6_D09_772158	3	6651128	6653332	23	-0.7785
BEAUX_p_TCGA_b109_SNP_2N_GenomeWideSNP_6_D09_772158	3	6655078	11408063	3717	0.0594
BEAUX_p_TCGA_b109_SNP_2N_GenomeWideSNP_6_D09_772158	3	11412604	11413400	4	-1.4581
BEAUX_p_TCGA_b109_SNP_2N_GenomeWideSNP_6_D09_772158	3	11417265	20307790	5720	0.0576
BEAUX_p_TCGA_b109_SNP_2N_GenomeWideSNP_6_D09_772158	3	20313125	20316083	3	0.9347
BEAUX_p_TCGA_b109_SNP_2N_GenomeWideSNP_6_D09_772158	3	20328081	26613201	4767	0.0807
BEAUX_p_TCGA_b109_SNP_2N_GenomeWideSNP_6_D09_772158	3	26614974	26614985	8	0.8258
BEAUX_p_TCGA_b109_SNP_2N_GenomeWideSNP_6_D09_772158	3	26615949	42787185	10781	0.0657
BEAUX_p_TCGA_b109_SNP_2N_GenomeWideSNP_6_D09_772158	3	42789316	46831837	2411	-0.1645
BEAUX_p_TCGA_b109_SNP_2N_GenomeWideSNP_6_D09_772158	3	46831961	46832050	4	-0.9527
BEAUX_p_TCGA_b109_SNP_2N_GenomeWideSNP_6_D09_772158	3	46832081	60006600	7462	-0.1627
BEAUX_p_TCGA_b109_SNP_2N_GenomeWideSNP_6_D09_772158	3	60007631	60007657	2	1.4237
BEAUX_p_TCGA_b109_SNP_2N_GenomeWideSNP_6_D09_772158	3	60007697	68746164	7121	-0.128
BEAUX_p_TCGA_b109_SNP_2N_GenomeWideSNP_6_D09_772158	3	68746259	68747413	14	1.0296
BEAUX_p_TCGA_b109_SNP_2N_GenomeWideSNP_6_D09_772158	3	68748758	73620180	3670	-0.164
BEAUX_p_TCGA_b109_SNP_2N_GenomeWideSNP_6_D09_772158	3	73621001	75549718	1262	0.0797
BEAUX_p_TCGA_b109_SNP_2N_GenomeWideSNP_6_D09_772158	3	75549946	75596246	13	0.8782
BEAUX_p_TCGA_b109_SNP_2N_GenomeWideSNP_6_D09_772158	3	75608639	98937784	11008	0.0671
BEAUX_p_TCGA_b109_SNP_2N_GenomeWideSNP_6_D09_772158	3	98944458	98944598	5	-0.9981
BEAUX_p_TCGA_b109_SNP_2N_GenomeWideSNP_6_D09_772158	3	98944619	98945395	10	-1.4058
BEAUX_p_TCGA_b109_SNP_2N_GenomeWideSNP_6_D09_772158	3	98945410	98949056	12	-3.7043
BEAUX_p_TCGA_b109_SNP_2N_GenomeWideSNP_6_D09_772158	3	98949069	98949308	9	-1.6596
BEAUX_p_TCGA_b109_SNP_2N_GenomeWideSNP_6_D09_772158	3	98949314	127280559	17426	0.0638
BEAUX_p_TCGA_b109_SNP_2N_GenomeWideSNP_6_D09_772158	3	127280969	129785940	1332	-0.1782
BEAUX_p_TCGA_b109_SNP_2N_GenomeWideSNP_6_D09_772158	3	129786209	129806236	46	-1.169
BEAUX_p_TCGA_b109_SNP_2N_GenomeWideSNP_6_D09_772158	3	129806924	161453946	19575	0.0134
BEAUX_p_TCGA_b109_SNP_2N_GenomeWideSNP_6_D09_772158	3	161454572	161455972	2	-1.1838
BEAUX_p_TCGA_b109_SNP_2N_GenomeWideSNP_6_D09_772158	3	161460016	162530870	732	0.0661
BEAUX_p_TCGA_b109_SNP_2N_GenomeWideSNP_6_D09_772158	3	162532950	162540490	7	-1.4685
BEAUX_p_TCGA_b109_SNP_2N_GenomeWideSNP_6_D09_772158	3	162545716	162623897	46	0.3025
BEAUX_p_TCGA_b109_SNP_2N_GenomeWideSNP_6_D09_772158	3	162625980	169348003	3915	0.062
BEAUX_p_TCGA_b109_SNP_2N_GenomeWideSNP_6_D09_772158	3	169348944	169350604	3	-0.8669
BEAUX_p_TCGA_b109_SNP_2N_GenomeWideSNP_6_D09_772158	3	169352458	180471706	7108	0.0599
BEAUX_p_TCGA_b109_SNP_2N_GenomeWideSNP_6_D09_772158	3	180472825	180477503	4	-1.3331
BEAUX_p_TCGA_b109_SNP_2N_GenomeWideSNP_6_D09_772158	3	180479157	192877902	8173	0.0511
BEAUX_p_TCGA_b109_SNP_2N_GenomeWideSNP_6_D09_772158	3	192877962	192882903	19	-0.484
BEAUX_p_TCGA_b109_SNP_2N_GenomeWideSNP_6_D09_772158	3	192886435	195285898	1486	0.0445
BEAUX_p_TCGA_b109_SNP_2N_GenomeWideSNP_6_D09_772158	3	195383142	195474763	47	0.554
BEAUX_p_TCGA_b109_SNP_2N_GenomeWideSNP_6_D09_772158	3	195478694	197896118	1173	0.0397
BEAUX_p_TCGA_b109_SNP_2N_GenomeWideSNP_6_D09_772158	4	12281	75023	69	0.2102
BEAUX_p_TCGA_b109_SNP_2N_GenomeWideSNP_6_D09_772158	4	75174	4065546	1618	-0.1825
BEAUX_p_TCGA_b109_SNP_2N_GenomeWideSNP_6_D09_772158	4	4067648	4176629	35	0.2385
BEAUX_p_TCGA_b109_SNP_2N_GenomeWideSNP_6_D09_772158	4	4177173	9497915	3541	-0.1779
BEAUX_p_TCGA_b109_SNP_2N_GenomeWideSNP_6_D09_772158	4	9501394	9619137	36	0.1253
BEAUX_p_TCGA_b109_SNP_2N_GenomeWideSNP_6_D09_772158	4	9626413	10210390	506	-0.1456
BEAUX_p_TCGA_b109_SNP_2N_GenomeWideSNP_6_D09_772158	4	10223416	10231498	28	-2.0025
BEAUX_p_TCGA_b109_SNP_2N_GenomeWideSNP_6_D09_772158	4	10234214	10392354	179	-0.2117
BEAUX_p_TCGA_b109_SNP_2N_GenomeWideSNP_6_D09_772158	4	10393154	10400668	15	0.4273
BEAUX_p_TCGA_b109_SNP_2N_GenomeWideSNP_6_D09_772158	4	10402718	49267848	25839	0.0214
BEAUX_p_TCGA_b109_SNP_2N_GenomeWideSNP_6_D09_772158	4	49291192	49658223	23	0.5664
BEAUX_p_TCGA_b109_SNP_2N_GenomeWideSNP_6_D09_772158	4	49658612	64693940	7578	-0.0805
BEAUX_p_TCGA_b109_SNP_2N_GenomeWideSNP_6_D09_772158	4	64697469	64707605	23	-0.8645
BEAUX_p_TCGA_b109_SNP_2N_GenomeWideSNP_6_D09_772158	4	64707754	64708258	6	-3.2729
BEAUX_p_TCGA_b109_SNP_2N_GenomeWideSNP_6_D09_772158	4	64716431	69260551	2859	0.0136
BEAUX_p_TCGA_b109_SNP_2N_GenomeWideSNP_6_D09_772158	4	69261064	69288142	6	-0.9191
BEAUX_p_TCGA_b109_SNP_2N_GenomeWideSNP_6_D09_772158	4	69294799	69374955	18	-0.0665
BEAUX_p_TCGA_b109_SNP_2N_GenomeWideSNP_6_D09_772158	4	69375160	69599531	79	0.572
BEAUX_p_TCGA_b109_SNP_2N_GenomeWideSNP_6_D09_772158	4	69599865	86826789	10709	0.035
BEAUX_p_TCGA_b109_SNP_2N_GenomeWideSNP_6_D09_772158	4	86831114	86836423	4	-1.4249
BEAUX_p_TCGA_b109_SNP_2N_GenomeWideSNP_6_D09_772158	4	86837843	109385588	13426	0.0362
BEAUX_p_TCGA_b109_SNP_2N_GenomeWideSNP_6_D09_772158	4	109387806	109388635	2	-1.252
BEAUX_p_TCGA_b109_SNP_2N_GenomeWideSNP_6_D09_772158	4	109404097	115175323	3595	0.0371
BEAUX_p_TCGA_b109_SNP_2N_GenomeWideSNP_6_D09_772158	4	115175344	115182175	22	0.5668
BEAUX_p_TCGA_b109_SNP_2N_GenomeWideSNP_6_D09_772158	4	115184229	115507624	226	0.0244
BEAUX_p_TCGA_b109_SNP_2N_GenomeWideSNP_6_D09_772158	4	115508166	115510454	3	-1.4821
BEAUX_p_TCGA_b109_SNP_2N_GenomeWideSNP_6_D09_772158	4	115514426	122281973	4122	0.0344
BEAUX_p_TCGA_b109_SNP_2N_GenomeWideSNP_6_D09_772158	4	122282468	122285135	28	-0.9766
BEAUX_p_TCGA_b109_SNP_2N_GenomeWideSNP_6_D09_772158	4	122291131	138092420	8883	-0.1011
BEAUX_p_TCGA_b109_SNP_2N_GenomeWideSNP_6_D09_772158	4	138092516	138092926	9	-1.2452
BEAUX_p_TCGA_b109_SNP_2N_GenomeWideSNP_6_D09_772158	4	138092938	172369346	21474	-0.1043
BEAUX_p_TCGA_b109_SNP_2N_GenomeWideSNP_6_D09_772158	4	172374884	172377776	12	0.8145
BEAUX_p_TCGA_b109_SNP_2N_GenomeWideSNP_6_D09_772158	4	172380371	172987718	392	-0.0994
BEAUX_p_TCGA_b109_SNP_2N_GenomeWideSNP_6_D09_772158	4	172987736	172989533	16	0.4679
BEAUX_p_TCGA_b109_SNP_2N_GenomeWideSNP_6_D09_772158	4	172995979	191027923	12121	0.0592
BEAUX_p_TCGA_b109_SNP_2N_GenomeWideSNP_6_D09_772158	5	15532	27081	6	0.1929
BEAUX_p_TCGA_b109_SNP_2N_GenomeWideSNP_6_D09_772158	5	29339	685748	301	-0.1558
BEAUX_p_TCGA_b109_SNP_2N_GenomeWideSNP_6_D09_772158	5	698371	733612	16	0.2858
BEAUX_p_TCGA_b109_SNP_2N_GenomeWideSNP_6_D09_772158	5	741695	809806	27	-0.1808
BEAUX_p_TCGA_b109_SNP_2N_GenomeWideSNP_6_D09_772158	5	817850	852566	16	-0.6144
BEAUX_p_TCGA_b109_SNP_2N_GenomeWideSNP_6_D09_772158	5	863797	21376844	15369	-0.1327
BEAUX_p_TCGA_b109_SNP_2N_GenomeWideSNP_6_D09_772158	5	21377839	21377853	2	-0.9551
BEAUX_p_TCGA_b109_SNP_2N_GenomeWideSNP_6_D09_772158	5	21386066	27509381	3603	0.2059
BEAUX_p_TCGA_b109_SNP_2N_GenomeWideSNP_6_D09_772158	5	27521149	27526020	12	-0.4114
BEAUX_p_TCGA_b109_SNP_2N_GenomeWideSNP_6_D09_772158	5	27527479	46271930	11464	0.083
BEAUX_p_TCGA_b109_SNP_2N_GenomeWideSNP_6_D09_772158	5	46272521	46273502	5	-1.7812
BEAUX_p_TCGA_b109_SNP_2N_GenomeWideSNP_6_D09_772158	5	46278212	53965696	2817	0.0684
BEAUX_p_TCGA_b109_SNP_2N_GenomeWideSNP_6_D09_772158	5	53966217	57321646	2265	-0.1581
BEAUX_p_TCGA_b109_SNP_2N_GenomeWideSNP_6_D09_772158	5	57326027	57333533	32	1.0962
BEAUX_p_TCGA_b109_SNP_2N_GenomeWideSNP_6_D09_772158	5	57338357	62002140	3066	-0.1595
BEAUX_p_TCGA_b109_SNP_2N_GenomeWideSNP_6_D09_772158	5	62004183	63501164	876	0.0716
BEAUX_p_TCGA_b109_SNP_2N_GenomeWideSNP_6_D09_772158	5	63502469	68120495	3020	-0.1593
BEAUX_p_TCGA_b109_SNP_2N_GenomeWideSNP_6_D09_772158	5	68126140	68126307	2	-1.2832
BEAUX_p_TCGA_b109_SNP_2N_GenomeWideSNP_6_D09_772158	5	68126978	68846303	343	-0.1765
BEAUX_p_TCGA_b109_SNP_2N_GenomeWideSNP_6_D09_772158	5	68867294	70254900	14	0.3624
BEAUX_p_TCGA_b109_SNP_2N_GenomeWideSNP_6_D09_772158	5	70254903	103851221	19555	-0.1643
BEAUX_p_TCGA_b109_SNP_2N_GenomeWideSNP_6_D09_772158	5	103860373	103860604	4	-1.2288
BEAUX_p_TCGA_b109_SNP_2N_GenomeWideSNP_6_D09_772158	5	103861049	155475105	33486	-0.1024
BEAUX_p_TCGA_b109_SNP_2N_GenomeWideSNP_6_D09_772158	5	155476772	155482729	14	-0.7379
BEAUX_p_TCGA_b109_SNP_2N_GenomeWideSNP_6_D09_772158	5	155495250	159632751	2831	-0.0217
BEAUX_p_TCGA_b109_SNP_2N_GenomeWideSNP_6_D09_772158	5	159633484	180790320	14011	0.2759
BEAUX_p_TCGA_b109_SNP_2N_GenomeWideSNP_6_D09_772158	6	149661	254283	101	0.1467
BEAUX_p_TCGA_b109_SNP_2N_GenomeWideSNP_6_D09_772158	6	257353	344175	48	-0.6579
BEAUX_p_TCGA_b109_SNP_2N_GenomeWideSNP_6_D09_772158	6	344268	351376	17	-1.2139
BEAUX_p_TCGA_b109_SNP_2N_GenomeWideSNP_6_D09_772158	6	354489	381149	32	-0.8163
BEAUX_p_TCGA_b109_SNP_2N_GenomeWideSNP_6_D09_772158	6	382559	3978611	2928	0.1219
BEAUX_p_TCGA_b109_SNP_2N_GenomeWideSNP_6_D09_772158	6	3979359	3979677	2	-1.0734
BEAUX_p_TCGA_b109_SNP_2N_GenomeWideSNP_6_D09_772158	6	3979751	29843434	18632	0.1716
BEAUX_p_TCGA_b109_SNP_2N_GenomeWideSNP_6_D09_772158	6	29844034	29849267	7	-1.2078
BEAUX_p_TCGA_b109_SNP_2N_GenomeWideSNP_6_D09_772158	6	29850196	31277686	673	0.0101
BEAUX_p_TCGA_b109_SNP_2N_GenomeWideSNP_6_D09_772158	6	31280823	31309924	13	0.6784
BEAUX_p_TCGA_b109_SNP_2N_GenomeWideSNP_6_D09_772158	6	31317347	31317697	2	-0.5601
BEAUX_p_TCGA_b109_SNP_2N_GenomeWideSNP_6_D09_772158	6	31318164	52611118	13318	-0.043
BEAUX_p_TCGA_b109_SNP_2N_GenomeWideSNP_6_D09_772158	6	52611384	52662694	52	0.3061
BEAUX_p_TCGA_b109_SNP_2N_GenomeWideSNP_6_D09_772158	6	52664482	53931084	950	0.0592
BEAUX_p_TCGA_b109_SNP_2N_GenomeWideSNP_6_D09_772158	6	53931151	53931855	7	-1.3323
BEAUX_p_TCGA_b109_SNP_2N_GenomeWideSNP_6_D09_772158	6	53935348	62113482	2662	0.0868
BEAUX_p_TCGA_b109_SNP_2N_GenomeWideSNP_6_D09_772158	6	62118683	62123362	2	-1.7124
BEAUX_p_TCGA_b109_SNP_2N_GenomeWideSNP_6_D09_772158	6	62206268	67040913	2835	0.0651
BEAUX_p_TCGA_b109_SNP_2N_GenomeWideSNP_6_D09_772158	6	67041451	67043192	6	-0.8154
BEAUX_p_TCGA_b109_SNP_2N_GenomeWideSNP_6_D09_772158	6	67043235	74592225	5021	0.0611
BEAUX_p_TCGA_b109_SNP_2N_GenomeWideSNP_6_D09_772158	6	74592457	74594734	5	0.897
BEAUX_p_TCGA_b109_SNP_2N_GenomeWideSNP_6_D09_772158	6	74594754	76989868	1461	0.0628
BEAUX_p_TCGA_b109_SNP_2N_GenomeWideSNP_6_D09_772158	6	76998270	77436159	310	-0.1559
BEAUX_p_TCGA_b109_SNP_2N_GenomeWideSNP_6_D09_772158	6	77436532	77441375	7	-0.7179
BEAUX_p_TCGA_b109_SNP_2N_GenomeWideSNP_6_D09_772158	6	77441442	78962889	995	-0.141
BEAUX_p_TCGA_b109_SNP_2N_GenomeWideSNP_6_D09_772158	6	78969065	79041633	115	-0.5643
BEAUX_p_TCGA_b109_SNP_2N_GenomeWideSNP_6_D09_772158	6	79041719	79371211	230	-0.1627
BEAUX_p_TCGA_b109_SNP_2N_GenomeWideSNP_6_D09_772158	6	79374055	79374725	2	-1.5122
BEAUX_p_TCGA_b109_SNP_2N_GenomeWideSNP_6_D09_772158	6	79375176	86012295	4258	-0.1397
BEAUX_p_TCGA_b109_SNP_2N_GenomeWideSNP_6_D09_772158	6	86023248	86114684	65	-0.3937
BEAUX_p_TCGA_b109_SNP_2N_GenomeWideSNP_6_D09_772158	6	86114766	103734825	10936	-0.1473
BEAUX_p_TCGA_b109_SNP_2N_GenomeWideSNP_6_D09_772158	6	103734829	103762061	47	-1.0434
BEAUX_p_TCGA_b109_SNP_2N_GenomeWideSNP_6_D09_772158	6	103765470	171051005	44258	-0.0758
BEAUX_p_TCGA_b109_SNP_2N_GenomeWideSNP_6_D09_772158	7	43355	26132290	18871	0.0602
BEAUX_p_TCGA_b109_SNP_2N_GenomeWideSNP_6_D09_772158	7	26142392	26145413	4	-1.0721
BEAUX_p_TCGA_b109_SNP_2N_GenomeWideSNP_6_D09_772158	7	26147219	54373148	19706	0.0645
BEAUX_p_TCGA_b109_SNP_2N_GenomeWideSNP_6_D09_772158	7	54380196	54386517	8	-1.1653
BEAUX_p_TCGA_b109_SNP_2N_GenomeWideSNP_6_D09_772158	7	54393488	64568852	3140	0.0756
BEAUX_p_TCGA_b109_SNP_2N_GenomeWideSNP_6_D09_772158	7	64594065	64595104	4	1.1221
BEAUX_p_TCGA_b109_SNP_2N_GenomeWideSNP_6_D09_772158	7	64595118	97385640	19013	0.0616
BEAUX_p_TCGA_b109_SNP_2N_GenomeWideSNP_6_D09_772158	7	97385651	97402227	19	0.4231
BEAUX_p_TCGA_b109_SNP_2N_GenomeWideSNP_6_D09_772158	7	97402288	97612048	112	0.0882
BEAUX_p_TCGA_b109_SNP_2N_GenomeWideSNP_6_D09_772158	7	97613771	97615835	4	-0.6075
BEAUX_p_TCGA_b109_SNP_2N_GenomeWideSNP_6_D09_772158	7	97620691	100325189	1173	0.0316
BEAUX_p_TCGA_b109_SNP_2N_GenomeWideSNP_6_D09_772158	7	100329244	100329265	2	-1.8831
BEAUX_p_TCGA_b109_SNP_2N_GenomeWideSNP_6_D09_772158	7	100332842	109441212	5373	0.0536
BEAUX_p_TCGA_b109_SNP_2N_GenomeWideSNP_6_D09_772158	7	109441244	109453910	11	-0.7408
BEAUX_p_TCGA_b109_SNP_2N_GenomeWideSNP_6_D09_772158	7	109453982	124930633	9277	0.07
BEAUX_p_TCGA_b109_SNP_2N_GenomeWideSNP_6_D09_772158	7	124930722	124933223	2	-2.1621
BEAUX_p_TCGA_b109_SNP_2N_GenomeWideSNP_6_D09_772158	7	124933877	138130565	8473	0.0607
BEAUX_p_TCGA_b109_SNP_2N_GenomeWideSNP_6_D09_772158	7	138132827	139997071	1044	-0.1766
BEAUX_p_TCGA_b109_SNP_2N_GenomeWideSNP_6_D09_772158	7	139999366	142044929	1434	0.0614
BEAUX_p_TCGA_b109_SNP_2N_GenomeWideSNP_6_D09_772158	7	142047109	142047396	5	-0.8397
BEAUX_p_TCGA_b109_SNP_2N_GenomeWideSNP_6_D09_772158	7	142047648	143873952	1120	0.088
BEAUX_p_TCGA_b109_SNP_2N_GenomeWideSNP_6_D09_772158	7	143896252	143909249	4	1.1447
BEAUX_p_TCGA_b109_SNP_2N_GenomeWideSNP_6_D09_772158	7	143909445	143952568	11	0.4872
BEAUX_p_TCGA_b109_SNP_2N_GenomeWideSNP_6_D09_772158	7	143952864	150701022	4183	0.0647
BEAUX_p_TCGA_b109_SNP_2N_GenomeWideSNP_6_D09_772158	7	150702591	150702781	2	-1.152
BEAUX_p_TCGA_b109_SNP_2N_GenomeWideSNP_6_D09_772158	7	150708089	152827520	1159	0.0433
BEAUX_p_TCGA_b109_SNP_2N_GenomeWideSNP_6_D09_772158	7	152829906	152830642	2	-1.2908
BEAUX_p_TCGA_b109_SNP_2N_GenomeWideSNP_6_D09_772158	7	152831150	159047467	4309	0.0638
BEAUX_p_TCGA_b109_SNP_2N_GenomeWideSNP_6_D09_772158	7	159050734	159059402	11	-0.8943
BEAUX_p_TCGA_b109_SNP_2N_GenomeWideSNP_6_D09_772158	7	159061045	159117641	50	0.0224
BEAUX_p_TCGA_b109_SNP_2N_GenomeWideSNP_6_D09_772158	7	159117893	159127004	12	-0.8505
BEAUX_p_TCGA_b109_SNP_2N_GenomeWideSNP_6_D09_772158	8	31254	161222	6	0.1863
BEAUX_p_TCGA_b109_SNP_2N_GenomeWideSNP_6_D09_772158	8	162672	6233917	7012	-0.1668
BEAUX_p_TCGA_b109_SNP_2N_GenomeWideSNP_6_D09_772158	8	6235357	6235549	6	-1.293
BEAUX_p_TCGA_b109_SNP_2N_GenomeWideSNP_6_D09_772158	8	6238206	7193821	808	-0.1449
BEAUX_p_TCGA_b109_SNP_2N_GenomeWideSNP_6_D09_772158	8	7214611	7744064	136	-0.7986
BEAUX_p_TCGA_b109_SNP_2N_GenomeWideSNP_6_D09_772158	8	7745979	7754293	8	-1.6272
BEAUX_p_TCGA_b109_SNP_2N_GenomeWideSNP_6_D09_772158	8	7754392	7798851	28	-0.6766
BEAUX_p_TCGA_b109_SNP_2N_GenomeWideSNP_6_D09_772158	8	7799390	7997181	53	-0.0313
BEAUX_p_TCGA_b109_SNP_2N_GenomeWideSNP_6_D09_772158	8	8002373	8072303	16	0.3914
BEAUX_p_TCGA_b109_SNP_2N_GenomeWideSNP_6_D09_772158	8	8087144	12162782	3231	-0.1693
BEAUX_p_TCGA_b109_SNP_2N_GenomeWideSNP_6_D09_772158	8	12181281	12234400	15	-1.2112
BEAUX_p_TCGA_b109_SNP_2N_GenomeWideSNP_6_D09_772158	8	12239835	12291824	45	-0.0946
BEAUX_p_TCGA_b109_SNP_2N_GenomeWideSNP_6_D09_772158	8	12304112	12310684	4	-1.1791
BEAUX_p_TCGA_b109_SNP_2N_GenomeWideSNP_6_D09_772158	8	12311612	15401178	2778	-0.1608
BEAUX_p_TCGA_b109_SNP_2N_GenomeWideSNP_6_D09_772158	8	15403060	15413447	9	-1.2601
BEAUX_p_TCGA_b109_SNP_2N_GenomeWideSNP_6_D09_772158	8	15423270	24974476	7678	-0.1639
BEAUX_p_TCGA_b109_SNP_2N_GenomeWideSNP_6_D09_772158	8	24974522	24984333	25	0.5399
BEAUX_p_TCGA_b109_SNP_2N_GenomeWideSNP_6_D09_772158	8	24991104	28575633	2737	-0.1683
BEAUX_p_TCGA_b109_SNP_2N_GenomeWideSNP_6_D09_772158	8	28579110	39230659	6303	0.0576
BEAUX_p_TCGA_b109_SNP_2N_GenomeWideSNP_6_D09_772158	8	39235603	39386965	59	-0.4095
BEAUX_p_TCGA_b109_SNP_2N_GenomeWideSNP_6_D09_772158	8	39388299	39830700	268	0.0944
BEAUX_p_TCGA_b109_SNP_2N_GenomeWideSNP_6_D09_772158	8	39830957	39831647	3	-0.9227
BEAUX_p_TCGA_b109_SNP_2N_GenomeWideSNP_6_D09_772158	8	39834819	40771996	803	0.0593
BEAUX_p_TCGA_b109_SNP_2N_GenomeWideSNP_6_D09_772158	8	40777852	40778471	2	-2.1212
BEAUX_p_TCGA_b109_SNP_2N_GenomeWideSNP_6_D09_772158	8	40783680	57517659	7729	0.0571
BEAUX_p_TCGA_b109_SNP_2N_GenomeWideSNP_6_D09_772158	8	57517749	57518540	3	-0.8583
BEAUX_p_TCGA_b109_SNP_2N_GenomeWideSNP_6_D09_772158	8	57519602	58371708	580	0.0673
BEAUX_p_TCGA_b109_SNP_2N_GenomeWideSNP_6_D09_772158	8	58372027	58381007	18	0.4428
BEAUX_p_TCGA_b109_SNP_2N_GenomeWideSNP_6_D09_772158	8	58385425	72212365	8503	0.0661
BEAUX_p_TCGA_b109_SNP_2N_GenomeWideSNP_6_D09_772158	8	72215311	72216138	5	-0.8748
BEAUX_p_TCGA_b109_SNP_2N_GenomeWideSNP_6_D09_772158	8	72216222	146298155	47093	0.0649
BEAUX_p_TCGA_b109_SNP_2N_GenomeWideSNP_6_D09_772158	9	46587	602857	511	0.0632
BEAUX_p_TCGA_b109_SNP_2N_GenomeWideSNP_6_D09_772158	9	602903	606893	4	-0.8927
BEAUX_p_TCGA_b109_SNP_2N_GenomeWideSNP_6_D09_772158	9	606961	5078059	4734	0.0611
BEAUX_p_TCGA_b109_SNP_2N_GenomeWideSNP_6_D09_772158	9	5078263	5081766	14	-0.4392
BEAUX_p_TCGA_b109_SNP_2N_GenomeWideSNP_6_D09_772158	9	5081852	6701145	1130	0.0528
BEAUX_p_TCGA_b109_SNP_2N_GenomeWideSNP_6_D09_772158	9	6701385	6708357	5	-2.1872
BEAUX_p_TCGA_b109_SNP_2N_GenomeWideSNP_6_D09_772158	9	6712314	12069627	4939	0.05
BEAUX_p_TCGA_b109_SNP_2N_GenomeWideSNP_6_D09_772158	9	12071041	12071398	4	-1.0944
BEAUX_p_TCGA_b109_SNP_2N_GenomeWideSNP_6_D09_772158	9	12074207	22492889	8539	-0.0855
BEAUX_p_TCGA_b109_SNP_2N_GenomeWideSNP_6_D09_772158	9	22501913	22502699	2	-3.3901
BEAUX_p_TCGA_b109_SNP_2N_GenomeWideSNP_6_D09_772158	9	22509340	34028285	8400	-0.1506
BEAUX_p_TCGA_b109_SNP_2N_GenomeWideSNP_6_D09_772158	9	34028308	34040882	10	-0.9656
BEAUX_p_TCGA_b109_SNP_2N_GenomeWideSNP_6_D09_772158	9	34043382	36894151	1553	-0.1671
BEAUX_p_TCGA_b109_SNP_2N_GenomeWideSNP_6_D09_772158	9	36894587	36894633	2	-1.465
BEAUX_p_TCGA_b109_SNP_2N_GenomeWideSNP_6_D09_772158	9	36894837	38440754	1050	-0.1773
BEAUX_p_TCGA_b109_SNP_2N_GenomeWideSNP_6_D09_772158	9	38440859	38440946	2	-1.5922
BEAUX_p_TCGA_b109_SNP_2N_GenomeWideSNP_6_D09_772158	9	38441586	38796107	302	-0.1406
BEAUX_p_TCGA_b109_SNP_2N_GenomeWideSNP_6_D09_772158	9	38796311	44629223	284	0.149
BEAUX_p_TCGA_b109_SNP_2N_GenomeWideSNP_6_D09_772158	9	44727859	44873200	38	-0.8257
BEAUX_p_TCGA_b109_SNP_2N_GenomeWideSNP_6_D09_772158	9	44875942	90522594	14626	0.0557
BEAUX_p_TCGA_b109_SNP_2N_GenomeWideSNP_6_D09_772158	9	90554151	90554219	2	-1.6
BEAUX_p_TCGA_b109_SNP_2N_GenomeWideSNP_6_D09_772158	9	90557957	140255642	33383	0.0436
BEAUX_p_TCGA_b109_SNP_2N_GenomeWideSNP_6_D09_772158	9	140255718	140255833	2	1.5032
BEAUX_p_TCGA_b109_SNP_2N_GenomeWideSNP_6_D09_772158	9	140273003	141045820	403	0.0454
BEAUX_p_TCGA_b109_SNP_2N_GenomeWideSNP_6_D09_772158	9	141045894	141091394	10	0.42
BEAUX_p_TCGA_b109_SNP_2N_GenomeWideSNP_6_D09_772158	10	72759	1919683	1334	0.1311
BEAUX_p_TCGA_b109_SNP_2N_GenomeWideSNP_6_D09_772158	10	1921040	1921420	3	-1.1047
BEAUX_p_TCGA_b109_SNP_2N_GenomeWideSNP_6_D09_772158	10	1922296	20840874	15706	0.1365
BEAUX_p_TCGA_b109_SNP_2N_GenomeWideSNP_6_D09_772158	10	20850112	20853503	5	-0.6754
BEAUX_p_TCGA_b109_SNP_2N_GenomeWideSNP_6_D09_772158	10	20853534	24372757	2197	0.1392
BEAUX_p_TCGA_b109_SNP_2N_GenomeWideSNP_6_D09_772158	10	24375263	24378054	12	0.5762
BEAUX_p_TCGA_b109_SNP_2N_GenomeWideSNP_6_D09_772158	10	24378908	31246510	5047	0.1413
BEAUX_p_TCGA_b109_SNP_2N_GenomeWideSNP_6_D09_772158	10	31251334	31251779	11	-0.7382
BEAUX_p_TCGA_b109_SNP_2N_GenomeWideSNP_6_D09_772158	10	31251822	46236003	7259	0.0691
BEAUX_p_TCGA_b109_SNP_2N_GenomeWideSNP_6_D09_772158	10	46247367	47550096	202	0.3524
BEAUX_p_TCGA_b109_SNP_2N_GenomeWideSNP_6_D09_772158	10	47560113	49045895	490	0.044
BEAUX_p_TCGA_b109_SNP_2N_GenomeWideSNP_6_D09_772158	10	49082219	49381611	19	0.519
BEAUX_p_TCGA_b109_SNP_2N_GenomeWideSNP_6_D09_772158	10	49387614	67307951	12471	0.061
BEAUX_p_TCGA_b109_SNP_2N_GenomeWideSNP_6_D09_772158	10	67308017	67322795	26	0.3914
BEAUX_p_TCGA_b109_SNP_2N_GenomeWideSNP_6_D09_772158	10	67322926	78252851	6804	0.0021
BEAUX_p_TCGA_b109_SNP_2N_GenomeWideSNP_6_D09_772158	10	78257061	78257610	2	-1.1028
BEAUX_p_TCGA_b109_SNP_2N_GenomeWideSNP_6_D09_772158	10	78261267	79164732	743	0.0636
BEAUX_p_TCGA_b109_SNP_2N_GenomeWideSNP_6_D09_772158	10	79167415	92459927	9424	-0.1613
BEAUX_p_TCGA_b109_SNP_2N_GenomeWideSNP_6_D09_772158	10	92462715	92463291	4	-1.433
BEAUX_p_TCGA_b109_SNP_2N_GenomeWideSNP_6_D09_772158	10	92471580	135434551	29341	-0.165
BEAUX_p_TCGA_b109_SNP_2N_GenomeWideSNP_6_D09_772158	10	135449357	135506704	5	0.3193
BEAUX_p_TCGA_b109_SNP_2N_GenomeWideSNP_6_D09_772158	11	198510	1647579	486	-0.071
BEAUX_p_TCGA_b109_SNP_2N_GenomeWideSNP_6_D09_772158	11	1648414	1665671	15	-0.491
BEAUX_p_TCGA_b109_SNP_2N_GenomeWideSNP_6_D09_772158	11	1666298	4970243	1980	-0.0471
BEAUX_p_TCGA_b109_SNP_2N_GenomeWideSNP_6_D09_772158	11	4970277	4976371	30	-0.4103
BEAUX_p_TCGA_b109_SNP_2N_GenomeWideSNP_6_D09_772158	11	4976389	29500500	18216	-0.0065
BEAUX_p_TCGA_b109_SNP_2N_GenomeWideSNP_6_D09_772158	11	29501022	29501275	3	-0.8715
BEAUX_p_TCGA_b109_SNP_2N_GenomeWideSNP_6_D09_772158	11	29502153	30175706	406	0.0683
BEAUX_p_TCGA_b109_SNP_2N_GenomeWideSNP_6_D09_772158	11	30175788	30176021	3	1.0269
BEAUX_p_TCGA_b109_SNP_2N_GenomeWideSNP_6_D09_772158	11	30176292	44652125	10203	0.0575
BEAUX_p_TCGA_b109_SNP_2N_GenomeWideSNP_6_D09_772158	11	44652154	44652214	2	-1.2161
BEAUX_p_TCGA_b109_SNP_2N_GenomeWideSNP_6_D09_772158	11	44653207	49708375	2550	0.0504
BEAUX_p_TCGA_b109_SNP_2N_GenomeWideSNP_6_D09_772158	11	49710861	49757767	20	-0.6937
BEAUX_p_TCGA_b109_SNP_2N_GenomeWideSNP_6_D09_772158	11	49758273	51176743	380	0.0787
BEAUX_p_TCGA_b109_SNP_2N_GenomeWideSNP_6_D09_772158	11	51183575	51192870	4	-2.3221
BEAUX_p_TCGA_b109_SNP_2N_GenomeWideSNP_6_D09_772158	11	51195051	55841082	728	0.1221
BEAUX_p_TCGA_b109_SNP_2N_GenomeWideSNP_6_D09_772158	11	55842512	55842645	2	-1.2542
BEAUX_p_TCGA_b109_SNP_2N_GenomeWideSNP_6_D09_772158	11	55848439	67678457	5999	0.0443
BEAUX_p_TCGA_b109_SNP_2N_GenomeWideSNP_6_D09_772158	11	67678460	67749322	22	0.4116
BEAUX_p_TCGA_b109_SNP_2N_GenomeWideSNP_6_D09_772158	11	67764080	81503468	8304	-0.0149
BEAUX_p_TCGA_b109_SNP_2N_GenomeWideSNP_6_D09_772158	11	81503992	81517158	10	-1.4833
BEAUX_p_TCGA_b109_SNP_2N_GenomeWideSNP_6_D09_772158	11	81522632	89472544	5298	-0.1518
BEAUX_p_TCGA_b109_SNP_2N_GenomeWideSNP_6_D09_772158	11	89474831	89567541	15	0.3909
BEAUX_p_TCGA_b109_SNP_2N_GenomeWideSNP_6_D09_772158	11	89580352	134944770	32482	-0.1157
BEAUX_p_TCGA_b109_SNP_2N_GenomeWideSNP_6_D09_772158	12	150442	4388532	2896	-0.0591
BEAUX_p_TCGA_b109_SNP_2N_GenomeWideSNP_6_D09_772158	12	4389155	4389206	4	-1.0449
BEAUX_p_TCGA_b109_SNP_2N_GenomeWideSNP_6_D09_772158	12	4389349	8556693	2721	-0.0491
BEAUX_p_TCGA_b109_SNP_2N_GenomeWideSNP_6_D09_772158	12	8558488	8584672	22	1.1092
BEAUX_p_TCGA_b109_SNP_2N_GenomeWideSNP_6_D09_772158	12	8594894	9633870	563	-0.0469
BEAUX_p_TCGA_b109_SNP_2N_GenomeWideSNP_6_D09_772158	12	9637909	9715565	23	-1.4508
BEAUX_p_TCGA_b109_SNP_2N_GenomeWideSNP_6_D09_772158	12	9728292	31402690	15344	-0.0415
BEAUX_p_TCGA_b109_SNP_2N_GenomeWideSNP_6_D09_772158	12	31406809	31406872	2	-1.4442
BEAUX_p_TCGA_b109_SNP_2N_GenomeWideSNP_6_D09_772158	12	31406907	33294660	1305	-0.0562
BEAUX_p_TCGA_b109_SNP_2N_GenomeWideSNP_6_D09_772158	12	33301406	33307374	27	-0.6081
BEAUX_p_TCGA_b109_SNP_2N_GenomeWideSNP_6_D09_772158	12	33308360	73080944	22275	0.0136
BEAUX_p_TCGA_b109_SNP_2N_GenomeWideSNP_6_D09_772158	12	73081124	73095154	14	-0.3794
BEAUX_p_TCGA_b109_SNP_2N_GenomeWideSNP_6_D09_772158	12	73101115	99791814	17098	0.0594
BEAUX_p_TCGA_b109_SNP_2N_GenomeWideSNP_6_D09_772158	12	99795293	99795851	6	-0.7882
BEAUX_p_TCGA_b109_SNP_2N_GenomeWideSNP_6_D09_772158	12	99796186	103574300	2331	-0.0226
BEAUX_p_TCGA_b109_SNP_2N_GenomeWideSNP_6_D09_772158	12	103575787	103575987	2	-1.5044
BEAUX_p_TCGA_b109_SNP_2N_GenomeWideSNP_6_D09_772158	12	103577189	112010261	5541	-0.002
BEAUX_p_TCGA_b109_SNP_2N_GenomeWideSNP_6_D09_772158	12	112015607	112026845	5	-1.2158
BEAUX_p_TCGA_b109_SNP_2N_GenomeWideSNP_6_D09_772158	12	112038117	132120715	14333	0.0038
BEAUX_p_TCGA_b109_SNP_2N_GenomeWideSNP_6_D09_772158	12	132132584	132142706	18	0.4662
BEAUX_p_TCGA_b109_SNP_2N_GenomeWideSNP_6_D09_772158	12	132142963	133778189	567	-0.0385
BEAUX_p_TCGA_b109_SNP_2N_GenomeWideSNP_6_D09_772158	13	19026949	24142867	3300	0.0534
BEAUX_p_TCGA_b109_SNP_2N_GenomeWideSNP_6_D09_772158	13	24148293	24156764	2	-1.4145
BEAUX_p_TCGA_b109_SNP_2N_GenomeWideSNP_6_D09_772158	13	24156765	28512082	3286	0.07
BEAUX_p_TCGA_b109_SNP_2N_GenomeWideSNP_6_D09_772158	13	28512585	28524174	14	0.7238
BEAUX_p_TCGA_b109_SNP_2N_GenomeWideSNP_6_D09_772158	13	28529273	32626262	3118	-0.0182
BEAUX_p_TCGA_b109_SNP_2N_GenomeWideSNP_6_D09_772158	13	32629803	34021943	1070	-0.4136
BEAUX_p_TCGA_b109_SNP_2N_GenomeWideSNP_6_D09_772158	13	34023316	38071135	2772	-0.1454
BEAUX_p_TCGA_b109_SNP_2N_GenomeWideSNP_6_D09_772158	13	38072036	38084757	16	-0.5689
BEAUX_p_TCGA_b109_SNP_2N_GenomeWideSNP_6_D09_772158	13	38088330	75021897	23508	0.0372
BEAUX_p_TCGA_b109_SNP_2N_GenomeWideSNP_6_D09_772158	13	75022003	75022661	2	-1.2197
BEAUX_p_TCGA_b109_SNP_2N_GenomeWideSNP_6_D09_772158	13	75024613	111584506	25333	0.058
BEAUX_p_TCGA_b109_SNP_2N_GenomeWideSNP_6_D09_772158	13	111588967	111589152	2	-1.1456
BEAUX_p_TCGA_b109_SNP_2N_GenomeWideSNP_6_D09_772158	13	111590028	115108397	1898	0.0469
BEAUX_p_TCGA_b109_SNP_2N_GenomeWideSNP_6_D09_772158	14	19002124	43733869	15149	0.0633
BEAUX_p_TCGA_b109_SNP_2N_GenomeWideSNP_6_D09_772158	14	43737493	44346569	306	0.2939
BEAUX_p_TCGA_b109_SNP_2N_GenomeWideSNP_6_D09_772158	14	44346770	106460902	39686	-0.064
BEAUX_p_TCGA_b109_SNP_2N_GenomeWideSNP_6_D09_772158	14	106479675	106479941	2	1.2203
BEAUX_p_TCGA_b109_SNP_2N_GenomeWideSNP_6_D09_772158	14	106482128	107285437	455	0.0397
BEAUX_p_TCGA_b109_SNP_2N_GenomeWideSNP_6_D09_772158	15	20016328	20155638	30	0.2474
BEAUX_p_TCGA_b109_SNP_2N_GenomeWideSNP_6_D09_772158	15	20162745	20203961	17	0.0338
BEAUX_p_TCGA_b109_SNP_2N_GenomeWideSNP_6_D09_772158	15	20206939	20577685	45	-0.5544
BEAUX_p_TCGA_b109_SNP_2N_GenomeWideSNP_6_D09_772158	15	20578052	22358625	241	-0.2873
BEAUX_p_TCGA_b109_SNP_2N_GenomeWideSNP_6_D09_772158	15	22363231	22388236	11	-0.7693
BEAUX_p_TCGA_b109_SNP_2N_GenomeWideSNP_6_D09_772158	15	22396253	28927727	3908	-0.0442
BEAUX_p_TCGA_b109_SNP_2N_GenomeWideSNP_6_D09_772158	15	28928181	28962687	22	0.3427
BEAUX_p_TCGA_b109_SNP_2N_GenomeWideSNP_6_D09_772158	15	28962761	30546013	869	-0.0477
BEAUX_p_TCGA_b109_SNP_2N_GenomeWideSNP_6_D09_772158	15	30552145	30561567	2	-1.3794
BEAUX_p_TCGA_b109_SNP_2N_GenomeWideSNP_6_D09_772158	15	30562770	31108675	133	-0.0436
BEAUX_p_TCGA_b109_SNP_2N_GenomeWideSNP_6_D09_772158	15	31108789	31110543	2	-1.2348
BEAUX_p_TCGA_b109_SNP_2N_GenomeWideSNP_6_D09_772158	15	31113364	40848351	6833	-0.0483
BEAUX_p_TCGA_b109_SNP_2N_GenomeWideSNP_6_D09_772158	15	40849698	40849828	2	1.0947
BEAUX_p_TCGA_b109_SNP_2N_GenomeWideSNP_6_D09_772158	15	40851755	70398330	18731	-0.0035
BEAUX_p_TCGA_b109_SNP_2N_GenomeWideSNP_6_D09_772158	15	70402095	70405602	2	-0.8057
BEAUX_p_TCGA_b109_SNP_2N_GenomeWideSNP_6_D09_772158	15	70406008	73328095	1779	0.1764
BEAUX_p_TCGA_b109_SNP_2N_GenomeWideSNP_6_D09_772158	15	73331011	73331183	2	-0.8544
BEAUX_p_TCGA_b109_SNP_2N_GenomeWideSNP_6_D09_772158	15	73331523	76334556	1420	0.2154
BEAUX_p_TCGA_b109_SNP_2N_GenomeWideSNP_6_D09_772158	15	76340870	76344889	3	-1.1007
BEAUX_p_TCGA_b109_SNP_2N_GenomeWideSNP_6_D09_772158	15	76348474	76483342	93	0.1854
BEAUX_p_TCGA_b109_SNP_2N_GenomeWideSNP_6_D09_772158	15	76484830	76484993	2	-0.9103
BEAUX_p_TCGA_b109_SNP_2N_GenomeWideSNP_6_D09_772158	15	76485536	76878362	219	0.2082
BEAUX_p_TCGA_b109_SNP_2N_GenomeWideSNP_6_D09_772158	15	76891241	76895775	22	1.0495
BEAUX_p_TCGA_b109_SNP_2N_GenomeWideSNP_6_D09_772158	15	76902179	93795530	11112	0.2629
BEAUX_p_TCGA_b109_SNP_2N_GenomeWideSNP_6_D09_772158	15	93796278	93798904	8	-0.3906
BEAUX_p_TCGA_b109_SNP_2N_GenomeWideSNP_6_D09_772158	15	93800425	93968382	206	0.2344
BEAUX_p_TCGA_b109_SNP_2N_GenomeWideSNP_6_D09_772158	15	93969696	93969895	2	-1.453
BEAUX_p_TCGA_b109_SNP_2N_GenomeWideSNP_6_D09_772158	15	93969949	102469040	6361	0.3007
BEAUX_p_TCGA_b109_SNP_2N_GenomeWideSNP_6_D09_772158	16	60777	16628062	11802	0.0555
BEAUX_p_TCGA_b109_SNP_2N_GenomeWideSNP_6_D09_772158	16	16633361	16798663	28	-0.5624
BEAUX_p_TCGA_b109_SNP_2N_GenomeWideSNP_6_D09_772158	16	16831082	18378855	987	0.0865
BEAUX_p_TCGA_b109_SNP_2N_GenomeWideSNP_6_D09_772158	16	18429385	18779778	34	-0.4053
BEAUX_p_TCGA_b109_SNP_2N_GenomeWideSNP_6_D09_772158	16	18779956	32158862	7251	0.0486
BEAUX_p_TCGA_b109_SNP_2N_GenomeWideSNP_6_D09_772158	16	32177180	32588622	66	-0.2037
BEAUX_p_TCGA_b109_SNP_2N_GenomeWideSNP_6_D09_772158	16	32588901	32588909	5	-2.997
BEAUX_p_TCGA_b109_SNP_2N_GenomeWideSNP_6_D09_772158	16	32609274	32655239	23	-0.3949
BEAUX_p_TCGA_b109_SNP_2N_GenomeWideSNP_6_D09_772158	16	32655295	32843535	17	0.356
BEAUX_p_TCGA_b109_SNP_2N_GenomeWideSNP_6_D09_772158	16	32843700	32905878	17	-0.1774
BEAUX_p_TCGA_b109_SNP_2N_GenomeWideSNP_6_D09_772158	16	32906096	33241953	20	0.1648
BEAUX_p_TCGA_b109_SNP_2N_GenomeWideSNP_6_D09_772158	16	33300894	33423063	15	-0.7173
BEAUX_p_TCGA_b109_SNP_2N_GenomeWideSNP_6_D09_772158	16	33432160	33631830	74	-0.297
BEAUX_p_TCGA_b109_SNP_2N_GenomeWideSNP_6_D09_772158	16	33643399	33827062	25	0.002
BEAUX_p_TCGA_b109_SNP_2N_GenomeWideSNP_6_D09_772158	16	33828054	33828725	2	1.2118
BEAUX_p_TCGA_b109_SNP_2N_GenomeWideSNP_6_D09_772158	16	33828754	55795048	6961	0.0428
BEAUX_p_TCGA_b109_SNP_2N_GenomeWideSNP_6_D09_772158	16	55795214	55816646	19	-0.6658
BEAUX_p_TCGA_b109_SNP_2N_GenomeWideSNP_6_D09_772158	16	55816705	55842354	7	-0.1323
BEAUX_p_TCGA_b109_SNP_2N_GenomeWideSNP_6_D09_772158	16	55842382	55868439	14	0.4586
BEAUX_p_TCGA_b109_SNP_2N_GenomeWideSNP_6_D09_772158	16	55870417	70180225	8757	0.037
BEAUX_p_TCGA_b109_SNP_2N_GenomeWideSNP_6_D09_772158	16	70186138	70198356	6	-0.7095
BEAUX_p_TCGA_b109_SNP_2N_GenomeWideSNP_6_D09_772158	16	70198396	70286550	22	0.2452
BEAUX_p_TCGA_b109_SNP_2N_GenomeWideSNP_6_D09_772158	16	70287177	74359878	2403	0.0455
BEAUX_p_TCGA_b109_SNP_2N_GenomeWideSNP_6_D09_772158	16	74364023	74407379	13	-0.5881
BEAUX_p_TCGA_b109_SNP_2N_GenomeWideSNP_6_D09_772158	16	74452036	90287535	13877	0.0316
BEAUX_p_TCGA_b109_SNP_2N_GenomeWideSNP_6_D09_772158	17	526	9003477	5054	-0.1877
BEAUX_p_TCGA_b109_SNP_2N_GenomeWideSNP_6_D09_772158	17	9006192	9010284	4	-1.2143
BEAUX_p_TCGA_b109_SNP_2N_GenomeWideSNP_6_D09_772158	17	9010443	16848750	5520	-0.1712
BEAUX_p_TCGA_b109_SNP_2N_GenomeWideSNP_6_D09_772158	17	16848920	16849479	2	-1.6976
BEAUX_p_TCGA_b109_SNP_2N_GenomeWideSNP_6_D09_772158	17	16851138	18278531	829	-0.1765
BEAUX_p_TCGA_b109_SNP_2N_GenomeWideSNP_6_D09_772158	17	18278612	18443677	58	0.0803
BEAUX_p_TCGA_b109_SNP_2N_GenomeWideSNP_6_D09_772158	17	18446679	18922745	177	-0.1639
BEAUX_p_TCGA_b109_SNP_2N_GenomeWideSNP_6_D09_772158	17	18935523	19050926	11	-0.6542
BEAUX_p_TCGA_b109_SNP_2N_GenomeWideSNP_6_D09_772158	17	19093450	34436708	6738	0.0456
BEAUX_p_TCGA_b109_SNP_2N_GenomeWideSNP_6_D09_772158	17	34437128	34586294	41	0.5898
BEAUX_p_TCGA_b109_SNP_2N_GenomeWideSNP_6_D09_772158	17	34629696	39423026	2542	0.0722
BEAUX_p_TCGA_b109_SNP_2N_GenomeWideSNP_6_D09_772158	17	39423057	39430450	21	-0.6695
BEAUX_p_TCGA_b109_SNP_2N_GenomeWideSNP_6_D09_772158	17	39430531	44163098	2513	0.2126
BEAUX_p_TCGA_b109_SNP_2N_GenomeWideSNP_6_D09_772158	17	44165803	44752300	173	0.5696
BEAUX_p_TCGA_b109_SNP_2N_GenomeWideSNP_6_D09_772158	17	44764994	68891829	14507	0.234
BEAUX_p_TCGA_b109_SNP_2N_GenomeWideSNP_6_D09_772158	17	68892238	68892350	2	-1.1893
BEAUX_p_TCGA_b109_SNP_2N_GenomeWideSNP_6_D09_772158	17	68893098	77241567	5351	0.2281
BEAUX_p_TCGA_b109_SNP_2N_GenomeWideSNP_6_D09_772158	17	77241590	77246390	12	-0.2553
BEAUX_p_TCGA_b109_SNP_2N_GenomeWideSNP_6_D09_772158	17	77247044	81049726	1753	0.2163
BEAUX_p_TCGA_b109_SNP_2N_GenomeWideSNP_6_D09_772158	18	11543	40050428	24076	-0.0418
BEAUX_p_TCGA_b109_SNP_2N_GenomeWideSNP_6_D09_772158	18	40051678	40057767	26	-0.6549
BEAUX_p_TCGA_b109_SNP_2N_GenomeWideSNP_6_D09_772158	18	40058395	40998420	581	-0.0475
BEAUX_p_TCGA_b109_SNP_2N_GenomeWideSNP_6_D09_772158	18	41004248	41004439	2	-1.0601
BEAUX_p_TCGA_b109_SNP_2N_GenomeWideSNP_6_D09_772158	18	41004492	41974818	542	-0.0242
BEAUX_p_TCGA_b109_SNP_2N_GenomeWideSNP_6_D09_772158	18	41976886	41978625	6	-1.2833
BEAUX_p_TCGA_b109_SNP_2N_GenomeWideSNP_6_D09_772158	18	41982671	58155674	11262	-0.0851
BEAUX_p_TCGA_b109_SNP_2N_GenomeWideSNP_6_D09_772158	18	58160183	58161685	3	-1.043
BEAUX_p_TCGA_b109_SNP_2N_GenomeWideSNP_6_D09_772158	18	58161967	64953649	4714	-0.0398
BEAUX_p_TCGA_b109_SNP_2N_GenomeWideSNP_6_D09_772158	18	64959207	64967265	21	-0.6777
BEAUX_p_TCGA_b109_SNP_2N_GenomeWideSNP_6_D09_772158	18	64967718	67961864	2284	-0.0463
BEAUX_p_TCGA_b109_SNP_2N_GenomeWideSNP_6_D09_772158	18	67963771	67965969	3	-1.8053
BEAUX_p_TCGA_b109_SNP_2N_GenomeWideSNP_6_D09_772158	18	67970405	69027305	676	-0.0455
BEAUX_p_TCGA_b109_SNP_2N_GenomeWideSNP_6_D09_772158	18	69029682	69029878	2	-1.2689
BEAUX_p_TCGA_b109_SNP_2N_GenomeWideSNP_6_D09_772158	18	69030354	78015057	6627	-0.0487
BEAUX_p_TCGA_b109_SNP_2N_GenomeWideSNP_6_D09_772158	19	90910	266101	16	0.1507
BEAUX_p_TCGA_b109_SNP_2N_GenomeWideSNP_6_D09_772158	19	266604	11869517	4609	-0.082
BEAUX_p_TCGA_b109_SNP_2N_GenomeWideSNP_6_D09_772158	19	11870561	11873550	4	-1.4473
BEAUX_p_TCGA_b109_SNP_2N_GenomeWideSNP_6_D09_772158	19	11874458	12692001	445	-0.0368
BEAUX_p_TCGA_b109_SNP_2N_GenomeWideSNP_6_D09_772158	19	12697366	12698102	2	-2.0998
BEAUX_p_TCGA_b109_SNP_2N_GenomeWideSNP_6_D09_772158	19	12700523	35849309	11746	0.0064
BEAUX_p_TCGA_b109_SNP_2N_GenomeWideSNP_6_D09_772158	19	35849322	35866786	25	0.3541
BEAUX_p_TCGA_b109_SNP_2N_GenomeWideSNP_6_D09_772158	19	35866801	43643378	3893	0.0339
BEAUX_p_TCGA_b109_SNP_2N_GenomeWideSNP_6_D09_772158	19	43646784	43740965	47	-0.57
BEAUX_p_TCGA_b109_SNP_2N_GenomeWideSNP_6_D09_772158	19	43753301	52142352	4175	0.0358
BEAUX_p_TCGA_b109_SNP_2N_GenomeWideSNP_6_D09_772158	19	52142615	52154905	11	-0.6895
BEAUX_p_TCGA_b109_SNP_2N_GenomeWideSNP_6_D09_772158	19	52155470	53216241	721	0.0263
BEAUX_p_TCGA_b109_SNP_2N_GenomeWideSNP_6_D09_772158	19	53223135	53274297	37	0.3054
BEAUX_p_TCGA_b109_SNP_2N_GenomeWideSNP_6_D09_772158	19	53274544	56278050	1772	0.0456
BEAUX_p_TCGA_b109_SNP_2N_GenomeWideSNP_6_D09_772158	19	56282070	56283067	5	1.0197
BEAUX_p_TCGA_b109_SNP_2N_GenomeWideSNP_6_D09_772158	19	56286293	59097854	1849	0.0409
BEAUX_p_TCGA_b109_SNP_2N_GenomeWideSNP_6_D09_772158	20	61305	1552503	1184	0.0531
BEAUX_p_TCGA_b109_SNP_2N_GenomeWideSNP_6_D09_772158	20	1557190	1580537	54	-0.4717
BEAUX_p_TCGA_b109_SNP_2N_GenomeWideSNP_6_D09_772158	20	1581768	4037627	1704	0.0436
BEAUX_p_TCGA_b109_SNP_2N_GenomeWideSNP_6_D09_772158	20	4038180	4040740	5	-0.6737
BEAUX_p_TCGA_b109_SNP_2N_GenomeWideSNP_6_D09_772158	20	4040763	15144268	8592	0.0572
BEAUX_p_TCGA_b109_SNP_2N_GenomeWideSNP_6_D09_772158	20	15144676	15144763	2	-1.1381
BEAUX_p_TCGA_b109_SNP_2N_GenomeWideSNP_6_D09_772158	20	15150730	62916068	30966	0.1712
BEAUX_p_TCGA_b109_SNP_2N_GenomeWideSNP_6_D09_772158	20	62954695	62956153	5	-0.6129
BEAUX_p_TCGA_b109_SNP_2N_GenomeWideSNP_6_D09_772158	21	10736871	10943554	35	-0.1042
BEAUX_p_TCGA_b109_SNP_2N_GenomeWideSNP_6_D09_772158	21	10953424	14566202	122	0.2363
BEAUX_p_TCGA_b109_SNP_2N_GenomeWideSNP_6_D09_772158	21	14566371	22249786	5240	-0.1535
BEAUX_p_TCGA_b109_SNP_2N_GenomeWideSNP_6_D09_772158	21	22251377	22251764	2	1.0351
BEAUX_p_TCGA_b109_SNP_2N_GenomeWideSNP_6_D09_772158	21	22253642	43147374	15964	-0.0193
BEAUX_p_TCGA_b109_SNP_2N_GenomeWideSNP_6_D09_772158	21	43149896	43150588	4	-0.87
BEAUX_p_TCGA_b109_SNP_2N_GenomeWideSNP_6_D09_772158	21	43150854	44968053	1280	0.034
BEAUX_p_TCGA_b109_SNP_2N_GenomeWideSNP_6_D09_772158	21	44970873	44972812	2	1.3578
BEAUX_p_TCGA_b109_SNP_2N_GenomeWideSNP_6_D09_772158	21	44973667	48096957	1766	0.033
BEAUX_p_TCGA_b109_SNP_2N_GenomeWideSNP_6_D09_772158	22	16052528	16657301	94	0.1297
BEAUX_p_TCGA_b109_SNP_2N_GenomeWideSNP_6_D09_772158	22	16662742	16683416	2	1.6748
BEAUX_p_TCGA_b109_SNP_2N_GenomeWideSNP_6_D09_772158	22	16864898	17353947	194	0.1447
BEAUX_p_TCGA_b109_SNP_2N_GenomeWideSNP_6_D09_772158	22	17354320	17366037	3	0.906
BEAUX_p_TCGA_b109_SNP_2N_GenomeWideSNP_6_D09_772158	22	17366225	17402922	14	0.0665
BEAUX_p_TCGA_b109_SNP_2N_GenomeWideSNP_6_D09_772158	22	17403936	17412216	10	0.3822
BEAUX_p_TCGA_b109_SNP_2N_GenomeWideSNP_6_D09_772158	22	17414103	17493366	56	0.055
BEAUX_p_TCGA_b109_SNP_2N_GenomeWideSNP_6_D09_772158	22	17495551	17499508	3	1.1842
BEAUX_p_TCGA_b109_SNP_2N_GenomeWideSNP_6_D09_772158	22	17499890	22485095	2933	0.0388
BEAUX_p_TCGA_b109_SNP_2N_GenomeWideSNP_6_D09_772158	22	22485140	22485156	2	-1.3079
BEAUX_p_TCGA_b109_SNP_2N_GenomeWideSNP_6_D09_772158	22	22485271	22752462	334	0.0571
BEAUX_p_TCGA_b109_SNP_2N_GenomeWideSNP_6_D09_772158	22	22752680	22752880	4	0.927
BEAUX_p_TCGA_b109_SNP_2N_GenomeWideSNP_6_D09_772158	22	22757321	24330218	965	0.055
BEAUX_p_TCGA_b109_SNP_2N_GenomeWideSNP_6_D09_772158	22	24330269	24337949	6	-1.182
BEAUX_p_TCGA_b109_SNP_2N_GenomeWideSNP_6_D09_772158	22	24344422	24396814	20	0.8796
BEAUX_p_TCGA_b109_SNP_2N_GenomeWideSNP_6_D09_772158	22	24401529	26991226	2141	0.0525
BEAUX_p_TCGA_b109_SNP_2N_GenomeWideSNP_6_D09_772158	22	26991234	37742992	7918	-0.1717
BEAUX_p_TCGA_b109_SNP_2N_GenomeWideSNP_6_D09_772158	22	37748729	37749946	4	-1.5163
BEAUX_p_TCGA_b109_SNP_2N_GenomeWideSNP_6_D09_772158	22	37750667	39290920	768	-0.1929
BEAUX_p_TCGA_b109_SNP_2N_GenomeWideSNP_6_D09_772158	22	39295255	39296904	3	-3.0459
BEAUX_p_TCGA_b109_SNP_2N_GenomeWideSNP_6_D09_772158	22	39299114	39363684	40	-0.1678
BEAUX_p_TCGA_b109_SNP_2N_GenomeWideSNP_6_D09_772158	22	39363717	39375307	22	-2.2635
BEAUX_p_TCGA_b109_SNP_2N_GenomeWideSNP_6_D09_772158	22	39389628	50146324	7587	-0.1829
BEAUX_p_TCGA_b109_SNP_2N_GenomeWideSNP_6_D09_772158	22	50149349	50327069	79	0.0764
BEAUX_p_TCGA_b109_SNP_2N_GenomeWideSNP_6_D09_772158	22	50334272	51188478	353	-0.2241
BEAUX_p_TCGA_b109_SNP_2N_GenomeWideSNP_6_D09_772158	22	51188506	51234455	12	0.132
BEAUX_p_TCGA_b109_SNP_2N_GenomeWideSNP_6_D09_772158	X	168477	9372167	5149	-0.0877
BEAUX_p_TCGA_b109_SNP_2N_GenomeWideSNP_6_D09_772158	X	9375009	9376235	3	1.1514
BEAUX_p_TCGA_b109_SNP_2N_GenomeWideSNP_6_D09_772158	X	9384230	41883307	20805	-0.0756
BEAUX_p_TCGA_b109_SNP_2N_GenomeWideSNP_6_D09_772158	X	41883752	46858402	2679	0.1529
BEAUX_p_TCGA_b109_SNP_2N_GenomeWideSNP_6_D09_772158	X	46859704	46995153	56	0.3737
BEAUX_p_TCGA_b109_SNP_2N_GenomeWideSNP_6_D09_772158	X	46999552	47971064	545	-0.0202
BEAUX_p_TCGA_b109_SNP_2N_GenomeWideSNP_6_D09_772158	X	47975851	47979657	4	0.8276
BEAUX_p_TCGA_b109_SNP_2N_GenomeWideSNP_6_D09_772158	X	47980874	143626060	48434	0.0227
BEAUX_p_TCGA_b109_SNP_2N_GenomeWideSNP_6_D09_772158	X	143631490	143638124	5	-0.7954
BEAUX_p_TCGA_b109_SNP_2N_GenomeWideSNP_6_D09_772158	X	143641234	155182354	6935	0.1293
BEAUX_p_TCGA_b109_SNP_2N_GenomeWideSNP_6_D09_772158	Y	2650438	9926578	2705	-1.093
BEAUX_p_TCGA_b109_SNP_2N_GenomeWideSNP_6_D09_772158	Y	9927195	14017345	110	-0.7649
BEAUX_p_TCGA_b109_SNP_2N_GenomeWideSNP_6_D09_772158	Y	14017955	20506210	3243	-1.0971
BEAUX_p_TCGA_b109_SNP_2N_GenomeWideSNP_6_D09_772158	Y	20511980	20524596	6	-0.1781
BEAUX_p_TCGA_b109_SNP_2N_GenomeWideSNP_6_D09_772158	Y	20525315	26358227	1895	-1.0969
BEAUX_p_TCGA_b109_SNP_2N_GenomeWideSNP_6_D09_772158	Y	26360750	26526478	59	-0.715
BEAUX_p_TCGA_b109_SNP_2N_GenomeWideSNP_6_D09_772158	Y	26598702	59018259	616	-1.0303
