Sample	Chromosome	Start	End	Num_Probes	Segment_Mean
BEAUX_p_TCGA_b109_SNP_2N_GenomeWideSNP_6_F11_772174	1	61735	46533386	25485	0.0492
BEAUX_p_TCGA_b109_SNP_2N_GenomeWideSNP_6_F11_772174	1	46534257	46541340	2	2.1173
BEAUX_p_TCGA_b109_SNP_2N_GenomeWideSNP_6_F11_772174	1	46543220	47640975	547	-0.0993
BEAUX_p_TCGA_b109_SNP_2N_GenomeWideSNP_6_F11_772174	1	47641041	51774435	2308	0.2929
BEAUX_p_TCGA_b109_SNP_2N_GenomeWideSNP_6_F11_772174	1	51778759	54654522	1579	-0.1127
BEAUX_p_TCGA_b109_SNP_2N_GenomeWideSNP_6_F11_772174	1	54658258	64877819	7642	0.2983
BEAUX_p_TCGA_b109_SNP_2N_GenomeWideSNP_6_F11_772174	1	64878385	66750764	1472	-0.0941
BEAUX_p_TCGA_b109_SNP_2N_GenomeWideSNP_6_F11_772174	1	66757027	72768916	3955	0.274
BEAUX_p_TCGA_b109_SNP_2N_GenomeWideSNP_6_F11_772174	1	72768936	72811076	43	-0.6693
BEAUX_p_TCGA_b109_SNP_2N_GenomeWideSNP_6_F11_772174	1	72811133	79368809	4127	0.2625
BEAUX_p_TCGA_b109_SNP_2N_GenomeWideSNP_6_F11_772174	1	79372784	79374940	3	2.8218
BEAUX_p_TCGA_b109_SNP_2N_GenomeWideSNP_6_F11_772174	1	79378254	86846890	5083	0.1752
BEAUX_p_TCGA_b109_SNP_2N_GenomeWideSNP_6_F11_772174	1	86849483	86858021	2	2.5607
BEAUX_p_TCGA_b109_SNP_2N_GenomeWideSNP_6_F11_772174	1	86858969	106019370	11820	0.1042
BEAUX_p_TCGA_b109_SNP_2N_GenomeWideSNP_6_F11_772174	1	106019483	106022375	13	1.737
BEAUX_p_TCGA_b109_SNP_2N_GenomeWideSNP_6_F11_772174	1	106024055	110227515	2666	0.1389
BEAUX_p_TCGA_b109_SNP_2N_GenomeWideSNP_6_F11_772174	1	110232974	110234628	11	-1.1776
BEAUX_p_TCGA_b109_SNP_2N_GenomeWideSNP_6_F11_772174	1	110235032	149617488	8537	0.1679
BEAUX_p_TCGA_b109_SNP_2N_GenomeWideSNP_6_F11_772174	1	149644953	152553026	1487	0.6252
BEAUX_p_TCGA_b109_SNP_2N_GenomeWideSNP_6_F11_772174	1	152555176	152586278	34	-1.3579
BEAUX_p_TCGA_b109_SNP_2N_GenomeWideSNP_6_F11_772174	1	152586540	152759678	174	0.5376
BEAUX_p_TCGA_b109_SNP_2N_GenomeWideSNP_6_F11_772174	1	152761923	152768700	37	-1.6387
BEAUX_p_TCGA_b109_SNP_2N_GenomeWideSNP_6_F11_772174	1	152773905	201994487	33026	0.0993
BEAUX_p_TCGA_b109_SNP_2N_GenomeWideSNP_6_F11_772174	1	201995394	202077296	50	0.6226
BEAUX_p_TCGA_b109_SNP_2N_GenomeWideSNP_6_F11_772174	1	202077395	211803762	6556	-0.013
BEAUX_p_TCGA_b109_SNP_2N_GenomeWideSNP_6_F11_772174	1	211804264	212346089	304	-0.4746
BEAUX_p_TCGA_b109_SNP_2N_GenomeWideSNP_6_F11_772174	1	212351319	249224388	25597	0.0168
BEAUX_p_TCGA_b109_SNP_2N_GenomeWideSNP_6_F11_772174	2	12784	754144	524	-0.1882
BEAUX_p_TCGA_b109_SNP_2N_GenomeWideSNP_6_F11_772174	2	754908	759178	2	2.5864
BEAUX_p_TCGA_b109_SNP_2N_GenomeWideSNP_6_F11_772174	2	759476	34691069	23539	-0.1174
BEAUX_p_TCGA_b109_SNP_2N_GenomeWideSNP_6_F11_772174	2	34699315	34727851	43	-2.0709
BEAUX_p_TCGA_b109_SNP_2N_GenomeWideSNP_6_F11_772174	2	34727867	105411298	41600	0.0723
BEAUX_p_TCGA_b109_SNP_2N_GenomeWideSNP_6_F11_772174	2	105411777	105416053	2	2.6273
BEAUX_p_TCGA_b109_SNP_2N_GenomeWideSNP_6_F11_772174	2	105422379	106874649	1120	-0.1332
BEAUX_p_TCGA_b109_SNP_2N_GenomeWideSNP_6_F11_772174	2	106874722	106884834	10	0.8656
BEAUX_p_TCGA_b109_SNP_2N_GenomeWideSNP_6_F11_772174	2	106884979	110855548	2131	-0.1272
BEAUX_p_TCGA_b109_SNP_2N_GenomeWideSNP_6_F11_772174	2	110856261	111060867	69	-2.1544
BEAUX_p_TCGA_b109_SNP_2N_GenomeWideSNP_6_F11_772174	2	111061274	220441067	66310	-0.0995
BEAUX_p_TCGA_b109_SNP_2N_GenomeWideSNP_6_F11_772174	2	220445617	222958657	1751	-0.4704
BEAUX_p_TCGA_b109_SNP_2N_GenomeWideSNP_6_F11_772174	2	222960021	222978480	31	-1.1556
BEAUX_p_TCGA_b109_SNP_2N_GenomeWideSNP_6_F11_772174	2	222978550	243089456	12623	-0.4454
BEAUX_p_TCGA_b109_SNP_2N_GenomeWideSNP_6_F11_772174	3	60345	8821804	7748	0.1461
BEAUX_p_TCGA_b109_SNP_2N_GenomeWideSNP_6_F11_772174	3	8825367	8858201	28	0.8829
BEAUX_p_TCGA_b109_SNP_2N_GenomeWideSNP_6_F11_772174	3	8866808	26426191	12151	0.1533
BEAUX_p_TCGA_b109_SNP_2N_GenomeWideSNP_6_F11_772174	3	26434124	26439343	5	-2.0523
BEAUX_p_TCGA_b109_SNP_2N_GenomeWideSNP_6_F11_772174	3	26445973	33354938	4784	0.1609
BEAUX_p_TCGA_b109_SNP_2N_GenomeWideSNP_6_F11_772174	3	33355512	34603932	689	0.571
BEAUX_p_TCGA_b109_SNP_2N_GenomeWideSNP_6_F11_772174	3	34606495	47064436	7977	0.1604
BEAUX_p_TCGA_b109_SNP_2N_GenomeWideSNP_6_F11_772174	3	47065490	47178474	44	-0.4117
BEAUX_p_TCGA_b109_SNP_2N_GenomeWideSNP_6_F11_772174	3	47188468	60262617	7593	-0.0899
BEAUX_p_TCGA_b109_SNP_2N_GenomeWideSNP_6_F11_772174	3	60262749	60557852	326	-0.5555
BEAUX_p_TCGA_b109_SNP_2N_GenomeWideSNP_6_F11_772174	3	60558630	98945299	22434	-0.1305
BEAUX_p_TCGA_b109_SNP_2N_GenomeWideSNP_6_F11_772174	3	98945395	98949308	22	-1.3062
BEAUX_p_TCGA_b109_SNP_2N_GenomeWideSNP_6_F11_772174	3	98949314	129786739	18724	-0.2266
BEAUX_p_TCGA_b109_SNP_2N_GenomeWideSNP_6_F11_772174	3	129786753	129795092	35	-0.4864
BEAUX_p_TCGA_b109_SNP_2N_GenomeWideSNP_6_F11_772174	3	129798735	175049294	27974	0.3454
BEAUX_p_TCGA_b109_SNP_2N_GenomeWideSNP_6_F11_772174	3	175051115	175113985	92	0.916
BEAUX_p_TCGA_b109_SNP_2N_GenomeWideSNP_6_F11_772174	3	175114974	192873592	11485	0.3908
BEAUX_p_TCGA_b109_SNP_2N_GenomeWideSNP_6_F11_772174	3	192873662	192882903	24	-0.3669
BEAUX_p_TCGA_b109_SNP_2N_GenomeWideSNP_6_F11_772174	3	192886435	192904503	28	0.3954
BEAUX_p_TCGA_b109_SNP_2N_GenomeWideSNP_6_F11_772174	3	192919373	192965334	33	0.9943
BEAUX_p_TCGA_b109_SNP_2N_GenomeWideSNP_6_F11_772174	3	192972111	195285664	1423	0.4259
BEAUX_p_TCGA_b109_SNP_2N_GenomeWideSNP_6_F11_772174	3	195285898	195446829	28	-0.4491
BEAUX_p_TCGA_b109_SNP_2N_GenomeWideSNP_6_F11_772174	3	195446922	197896118	1192	0.4072
BEAUX_p_TCGA_b109_SNP_2N_GenomeWideSNP_6_F11_772174	4	12281	12369885	7609	-0.1339
BEAUX_p_TCGA_b109_SNP_2N_GenomeWideSNP_6_F11_772174	4	12369996	12377593	3	2.4557
BEAUX_p_TCGA_b109_SNP_2N_GenomeWideSNP_6_F11_772174	4	12377613	49089374	24193	0.0058
BEAUX_p_TCGA_b109_SNP_2N_GenomeWideSNP_6_F11_772174	4	49093786	52699776	53	0.5786
BEAUX_p_TCGA_b109_SNP_2N_GenomeWideSNP_6_F11_772174	4	52700771	64707581	7578	-0.132
BEAUX_p_TCGA_b109_SNP_2N_GenomeWideSNP_6_F11_772174	4	64707605	64708129	4	2.7971
BEAUX_p_TCGA_b109_SNP_2N_GenomeWideSNP_6_F11_772174	4	64708208	69372003	2877	-0.1243
BEAUX_p_TCGA_b109_SNP_2N_GenomeWideSNP_6_F11_772174	4	69374941	69485979	64	-0.5817
BEAUX_p_TCGA_b109_SNP_2N_GenomeWideSNP_6_F11_772174	4	69489335	70123510	328	-0.0581
BEAUX_p_TCGA_b109_SNP_2N_GenomeWideSNP_6_F11_772174	4	70127644	70231799	54	-1.5506
BEAUX_p_TCGA_b109_SNP_2N_GenomeWideSNP_6_F11_772174	4	70232022	156326492	51778	-0.132
BEAUX_p_TCGA_b109_SNP_2N_GenomeWideSNP_6_F11_772174	4	156332914	190791543	22649	-0.4869
BEAUX_p_TCGA_b109_SNP_2N_GenomeWideSNP_6_F11_772174	4	190792947	191027923	60	0.0846
BEAUX_p_TCGA_b109_SNP_2N_GenomeWideSNP_6_F11_772174	5	15532	39236950	27085	0.3316
BEAUX_p_TCGA_b109_SNP_2N_GenomeWideSNP_6_F11_772174	5	39238974	46106835	3674	-0.1498
BEAUX_p_TCGA_b109_SNP_2N_GenomeWideSNP_6_F11_772174	5	46115840	51341054	997	0.3454
BEAUX_p_TCGA_b109_SNP_2N_GenomeWideSNP_6_F11_772174	5	51341471	70254905	11433	-0.3956
BEAUX_p_TCGA_b109_SNP_2N_GenomeWideSNP_6_F11_772174	5	70254906	70306659	2	3.4468
BEAUX_p_TCGA_b109_SNP_2N_GenomeWideSNP_6_F11_772174	5	70306728	88784703	10960	-0.476
BEAUX_p_TCGA_b109_SNP_2N_GenomeWideSNP_6_F11_772174	5	88785527	88787183	3	-2.9235
BEAUX_p_TCGA_b109_SNP_2N_GenomeWideSNP_6_F11_772174	5	88787694	90833779	1171	-0.4947
BEAUX_p_TCGA_b109_SNP_2N_GenomeWideSNP_6_F11_772174	5	90834477	90841481	2	3.0003
BEAUX_p_TCGA_b109_SNP_2N_GenomeWideSNP_6_F11_772174	5	90841748	94903453	2081	-0.4387
BEAUX_p_TCGA_b109_SNP_2N_GenomeWideSNP_6_F11_772174	5	94903735	95127029	127	0.3583
BEAUX_p_TCGA_b109_SNP_2N_GenomeWideSNP_6_F11_772174	5	95127254	95254502	111	-0.1067
BEAUX_p_TCGA_b109_SNP_2N_GenomeWideSNP_6_F11_772174	5	95255361	97070955	1117	-0.4628
BEAUX_p_TCGA_b109_SNP_2N_GenomeWideSNP_6_F11_772174	5	97072540	97093098	15	-1.7521
BEAUX_p_TCGA_b109_SNP_2N_GenomeWideSNP_6_F11_772174	5	97093154	106874951	5796	-0.446
BEAUX_p_TCGA_b109_SNP_2N_GenomeWideSNP_6_F11_772174	5	106875501	106944359	43	-1.1751
BEAUX_p_TCGA_b109_SNP_2N_GenomeWideSNP_6_F11_772174	5	106952496	133436023	17446	-0.4768
BEAUX_p_TCGA_b109_SNP_2N_GenomeWideSNP_6_F11_772174	5	133437589	144206835	6325	-0.0959
BEAUX_p_TCGA_b109_SNP_2N_GenomeWideSNP_6_F11_772174	5	144209152	167396689	15624	-0.4697
BEAUX_p_TCGA_b109_SNP_2N_GenomeWideSNP_6_F11_772174	5	167397009	167397039	2	-5.3647
BEAUX_p_TCGA_b109_SNP_2N_GenomeWideSNP_6_F11_772174	5	167397540	174975844	5799	-0.501
BEAUX_p_TCGA_b109_SNP_2N_GenomeWideSNP_6_F11_772174	5	174976325	180387138	2789	0.0708
BEAUX_p_TCGA_b109_SNP_2N_GenomeWideSNP_6_F11_772174	5	180391302	180417207	11	1.1716
BEAUX_p_TCGA_b109_SNP_2N_GenomeWideSNP_6_F11_772174	5	180417614	180790320	175	0.0144
BEAUX_p_TCGA_b109_SNP_2N_GenomeWideSNP_6_F11_772174	6	149661	13137473	10380	0.1902
BEAUX_p_TCGA_b109_SNP_2N_GenomeWideSNP_6_F11_772174	6	13137765	14690777	1174	0.8478
BEAUX_p_TCGA_b109_SNP_2N_GenomeWideSNP_6_F11_772174	6	14691612	14746975	69	1.2537
BEAUX_p_TCGA_b109_SNP_2N_GenomeWideSNP_6_F11_772174	6	14749648	17969589	2299	0.3396
BEAUX_p_TCGA_b109_SNP_2N_GenomeWideSNP_6_F11_772174	6	17970731	17973968	2	-1.9154
BEAUX_p_TCGA_b109_SNP_2N_GenomeWideSNP_6_F11_772174	6	17974634	19057657	900	0.1403
BEAUX_p_TCGA_b109_SNP_2N_GenomeWideSNP_6_F11_772174	6	19057681	19057696	2	2.7193
BEAUX_p_TCGA_b109_SNP_2N_GenomeWideSNP_6_F11_772174	6	19057901	32452801	8117	0.1414
BEAUX_p_TCGA_b109_SNP_2N_GenomeWideSNP_6_F11_772174	6	32452929	32509283	19	1.0717
BEAUX_p_TCGA_b109_SNP_2N_GenomeWideSNP_6_F11_772174	6	32509476	103747610	42711	0.2823
BEAUX_p_TCGA_b109_SNP_2N_GenomeWideSNP_6_F11_772174	6	103747730	103762061	31	0.9569
BEAUX_p_TCGA_b109_SNP_2N_GenomeWideSNP_6_F11_772174	6	103765470	138789535	22246	0.2384
BEAUX_p_TCGA_b109_SNP_2N_GenomeWideSNP_6_F11_772174	6	138789823	144130778	3229	-0.1555
BEAUX_p_TCGA_b109_SNP_2N_GenomeWideSNP_6_F11_772174	6	144131237	144198788	40	0.4064
BEAUX_p_TCGA_b109_SNP_2N_GenomeWideSNP_6_F11_772174	6	144200220	157460555	9240	-0.1659
BEAUX_p_TCGA_b109_SNP_2N_GenomeWideSNP_6_F11_772174	6	157467157	161208007	2319	0.3878
BEAUX_p_TCGA_b109_SNP_2N_GenomeWideSNP_6_F11_772174	6	161210017	171051005	7135	-0.1331
BEAUX_p_TCGA_b109_SNP_2N_GenomeWideSNP_6_F11_772174	7	43355	17787816	12352	0.7297
BEAUX_p_TCGA_b109_SNP_2N_GenomeWideSNP_6_F11_772174	7	17793730	109437097	54996	0.0645
BEAUX_p_TCGA_b109_SNP_2N_GenomeWideSNP_6_F11_772174	7	109437098	109437772	11	-0.743
BEAUX_p_TCGA_b109_SNP_2N_GenomeWideSNP_6_F11_772174	7	109437774	109441212	9	0.5007
BEAUX_p_TCGA_b109_SNP_2N_GenomeWideSNP_6_F11_772174	7	109441244	109453858	10	-2.1852
BEAUX_p_TCGA_b109_SNP_2N_GenomeWideSNP_6_F11_772174	7	109453910	159127004	31068	0.1325
BEAUX_p_TCGA_b109_SNP_2N_GenomeWideSNP_6_F11_772174	8	31254	595220	329	0.1237
BEAUX_p_TCGA_b109_SNP_2N_GenomeWideSNP_6_F11_772174	8	595443	595474	2	4.6768
BEAUX_p_TCGA_b109_SNP_2N_GenomeWideSNP_6_F11_772174	8	595693	5598764	5756	-0.1182
BEAUX_p_TCGA_b109_SNP_2N_GenomeWideSNP_6_F11_772174	8	5598770	5604327	23	-1.0848
BEAUX_p_TCGA_b109_SNP_2N_GenomeWideSNP_6_F11_772174	8	5604495	6922109	1665	-0.162
BEAUX_p_TCGA_b109_SNP_2N_GenomeWideSNP_6_F11_772174	8	6925112	7250380	66	0.2856
BEAUX_p_TCGA_b109_SNP_2N_GenomeWideSNP_6_F11_772174	8	7254291	9278707	1384	-0.1555
BEAUX_p_TCGA_b109_SNP_2N_GenomeWideSNP_6_F11_772174	8	9280516	9410495	113	-0.6088
BEAUX_p_TCGA_b109_SNP_2N_GenomeWideSNP_6_F11_772174	8	9410690	18851761	7896	-0.1393
BEAUX_p_TCGA_b109_SNP_2N_GenomeWideSNP_6_F11_772174	8	18852474	18858546	21	-1.3501
BEAUX_p_TCGA_b109_SNP_2N_GenomeWideSNP_6_F11_772174	8	18858727	24974522	4540	-0.1143
BEAUX_p_TCGA_b109_SNP_2N_GenomeWideSNP_6_F11_772174	8	24974577	24984333	24	-2.1356
BEAUX_p_TCGA_b109_SNP_2N_GenomeWideSNP_6_F11_772174	8	24991104	27513396	1960	-0.0091
BEAUX_p_TCGA_b109_SNP_2N_GenomeWideSNP_6_F11_772174	8	27514768	27515618	2	-2.4726
BEAUX_p_TCGA_b109_SNP_2N_GenomeWideSNP_6_F11_772174	8	27515809	43483586	9666	0.2355
BEAUX_p_TCGA_b109_SNP_2N_GenomeWideSNP_6_F11_772174	8	43483992	43487671	2	3.5732
BEAUX_p_TCGA_b109_SNP_2N_GenomeWideSNP_6_F11_772174	8	43499029	112291494	39509	0.5047
BEAUX_p_TCGA_b109_SNP_2N_GenomeWideSNP_6_F11_772174	8	112294279	112295260	8	-1.87
BEAUX_p_TCGA_b109_SNP_2N_GenomeWideSNP_6_F11_772174	8	112300281	115276795	1628	0.5503
BEAUX_p_TCGA_b109_SNP_2N_GenomeWideSNP_6_F11_772174	8	115285808	146298155	21293	0.1582
BEAUX_p_TCGA_b109_SNP_2N_GenomeWideSNP_6_F11_772174	9	46587	303396	159	0.4938
BEAUX_p_TCGA_b109_SNP_2N_GenomeWideSNP_6_F11_772174	9	303639	35960464	29042	-0.0683
BEAUX_p_TCGA_b109_SNP_2N_GenomeWideSNP_6_F11_772174	9	35961915	36081389	90	-0.5639
BEAUX_p_TCGA_b109_SNP_2N_GenomeWideSNP_6_F11_772174	9	36087746	36428991	190	-0.8984
BEAUX_p_TCGA_b109_SNP_2N_GenomeWideSNP_6_F11_772174	9	36444439	43780909	1885	-0.3982
BEAUX_p_TCGA_b109_SNP_2N_GenomeWideSNP_6_F11_772174	9	43790346	68792022	327	0.4452
BEAUX_p_TCGA_b109_SNP_2N_GenomeWideSNP_6_F11_772174	9	68796293	141091394	48096	-0.1045
BEAUX_p_TCGA_b109_SNP_2N_GenomeWideSNP_6_F11_772174	10	72759	13056550	10962	0.9079
BEAUX_p_TCGA_b109_SNP_2N_GenomeWideSNP_6_F11_772174	10	13056587	13058840	24	-0.6484
BEAUX_p_TCGA_b109_SNP_2N_GenomeWideSNP_6_F11_772174	10	13064223	19853919	5234	0.6911
BEAUX_p_TCGA_b109_SNP_2N_GenomeWideSNP_6_F11_772174	10	19857847	22620691	1846	0.1083
BEAUX_p_TCGA_b109_SNP_2N_GenomeWideSNP_6_F11_772174	10	22630766	24890566	1597	0.5126
BEAUX_p_TCGA_b109_SNP_2N_GenomeWideSNP_6_F11_772174	10	24895816	28519298	2442	0.1141
BEAUX_p_TCGA_b109_SNP_2N_GenomeWideSNP_6_F11_772174	10	28523478	33024354	3324	-0.4768
BEAUX_p_TCGA_b109_SNP_2N_GenomeWideSNP_6_F11_772174	10	33025712	33948383	678	0.1629
BEAUX_p_TCGA_b109_SNP_2N_GenomeWideSNP_6_F11_772174	10	33955430	39040721	3028	-0.3815
BEAUX_p_TCGA_b109_SNP_2N_GenomeWideSNP_6_F11_772174	10	39045746	58512855	9419	0.1369
BEAUX_p_TCGA_b109_SNP_2N_GenomeWideSNP_6_F11_772174	10	58516375	58517243	11	-2.3018
BEAUX_p_TCGA_b109_SNP_2N_GenomeWideSNP_6_F11_772174	10	58517255	58517317	5	0.4781
BEAUX_p_TCGA_b109_SNP_2N_GenomeWideSNP_6_F11_772174	10	58518556	58526338	21	-2.7274
BEAUX_p_TCGA_b109_SNP_2N_GenomeWideSNP_6_F11_772174	10	58526397	67308782	6123	0.1407
BEAUX_p_TCGA_b109_SNP_2N_GenomeWideSNP_6_F11_772174	10	67308837	67314446	19	-0.6431
BEAUX_p_TCGA_b109_SNP_2N_GenomeWideSNP_6_F11_772174	10	67322795	110526214	28323	-0.0788
BEAUX_p_TCGA_b109_SNP_2N_GenomeWideSNP_6_F11_772174	10	110532300	110533836	2	2.0629
BEAUX_p_TCGA_b109_SNP_2N_GenomeWideSNP_6_F11_772174	10	110534405	127776336	12353	-0.1097
BEAUX_p_TCGA_b109_SNP_2N_GenomeWideSNP_6_F11_772174	10	127778503	133471516	4540	-0.5342
BEAUX_p_TCGA_b109_SNP_2N_GenomeWideSNP_6_F11_772174	10	133472535	133473980	5	-5.0328
BEAUX_p_TCGA_b109_SNP_2N_GenomeWideSNP_6_F11_772174	10	133474045	135506704	967	-0.5373
BEAUX_p_TCGA_b109_SNP_2N_GenomeWideSNP_6_F11_772174	11	198510	81498805	49272	-0.061
BEAUX_p_TCGA_b109_SNP_2N_GenomeWideSNP_6_F11_772174	11	81503468	81517158	11	-1.4053
BEAUX_p_TCGA_b109_SNP_2N_GenomeWideSNP_6_F11_772174	11	81522632	81757636	184	0.2004
BEAUX_p_TCGA_b109_SNP_2N_GenomeWideSNP_6_F11_772174	11	81760105	82681268	610	0.5433
BEAUX_p_TCGA_b109_SNP_2N_GenomeWideSNP_6_F11_772174	11	82683599	85887957	2072	0.1787
BEAUX_p_TCGA_b109_SNP_2N_GenomeWideSNP_6_F11_772174	11	85889658	85898821	16	-1.651
BEAUX_p_TCGA_b109_SNP_2N_GenomeWideSNP_6_F11_772174	11	85899812	107775456	15328	0.1796
BEAUX_p_TCGA_b109_SNP_2N_GenomeWideSNP_6_F11_772174	11	107777712	107781379	3	2.4897
BEAUX_p_TCGA_b109_SNP_2N_GenomeWideSNP_6_F11_772174	11	107784507	128990241	15101	0.0448
BEAUX_p_TCGA_b109_SNP_2N_GenomeWideSNP_6_F11_772174	11	128990573	128993072	2	2.5778
BEAUX_p_TCGA_b109_SNP_2N_GenomeWideSNP_6_F11_772174	11	128994334	134944770	4435	-0.0659
BEAUX_p_TCGA_b109_SNP_2N_GenomeWideSNP_6_F11_772174	12	150442	865970	418	0.5669
BEAUX_p_TCGA_b109_SNP_2N_GenomeWideSNP_6_F11_772174	12	869109	874029	18	-1.4497
BEAUX_p_TCGA_b109_SNP_2N_GenomeWideSNP_6_F11_772174	12	875354	8105083	4989	0.4365
BEAUX_p_TCGA_b109_SNP_2N_GenomeWideSNP_6_F11_772174	12	8115941	8116021	2	1.8648
BEAUX_p_TCGA_b109_SNP_2N_GenomeWideSNP_6_F11_772174	12	8116896	9633870	777	0.2864
BEAUX_p_TCGA_b109_SNP_2N_GenomeWideSNP_6_F11_772174	12	9637909	9713674	21	-1.2317
BEAUX_p_TCGA_b109_SNP_2N_GenomeWideSNP_6_F11_772174	12	9714954	11512531	1195	0.2481
BEAUX_p_TCGA_b109_SNP_2N_GenomeWideSNP_6_F11_772174	12	11512571	11543406	27	-1.0153
BEAUX_p_TCGA_b109_SNP_2N_GenomeWideSNP_6_F11_772174	12	11552192	12035664	516	0.2045
BEAUX_p_TCGA_b109_SNP_2N_GenomeWideSNP_6_F11_772174	12	12039518	12136908	77	0.8588
BEAUX_p_TCGA_b109_SNP_2N_GenomeWideSNP_6_F11_772174	12	12136930	40572032	16998	0.1002
BEAUX_p_TCGA_b109_SNP_2N_GenomeWideSNP_6_F11_772174	12	40572147	61693491	12588	-0.4462
BEAUX_p_TCGA_b109_SNP_2N_GenomeWideSNP_6_F11_772174	12	61694636	61712606	18	-1.2163
BEAUX_p_TCGA_b109_SNP_2N_GenomeWideSNP_6_F11_772174	12	61716472	97877411	23165	-0.4344
BEAUX_p_TCGA_b109_SNP_2N_GenomeWideSNP_6_F11_772174	12	97877593	97877688	2	2.1035
BEAUX_p_TCGA_b109_SNP_2N_GenomeWideSNP_6_F11_772174	12	97878411	99791771	1305	-0.0404
BEAUX_p_TCGA_b109_SNP_2N_GenomeWideSNP_6_F11_772174	12	99791792	99798720	32	-0.6856
BEAUX_p_TCGA_b109_SNP_2N_GenomeWideSNP_6_F11_772174	12	99798734	126144309	16866	-0.0772
BEAUX_p_TCGA_b109_SNP_2N_GenomeWideSNP_6_F11_772174	12	126146095	126146259	2	-1.6579
BEAUX_p_TCGA_b109_SNP_2N_GenomeWideSNP_6_F11_772174	12	126146314	132120715	5281	0.0975
BEAUX_p_TCGA_b109_SNP_2N_GenomeWideSNP_6_F11_772174	12	132132584	132133269	9	-2.0112
BEAUX_p_TCGA_b109_SNP_2N_GenomeWideSNP_6_F11_772174	12	132133298	133778189	576	0.127
BEAUX_p_TCGA_b109_SNP_2N_GenomeWideSNP_6_F11_772174	13	19026949	23962743	3157	-0.1536
BEAUX_p_TCGA_b109_SNP_2N_GenomeWideSNP_6_F11_772174	13	23965434	32778502	6656	0.2932
BEAUX_p_TCGA_b109_SNP_2N_GenomeWideSNP_6_F11_772174	13	32778842	32782505	3	2.1295
BEAUX_p_TCGA_b109_SNP_2N_GenomeWideSNP_6_F11_772174	13	32784009	34261344	1114	0.3527
BEAUX_p_TCGA_b109_SNP_2N_GenomeWideSNP_6_F11_772174	13	34266109	74057915	25261	-0.4666
BEAUX_p_TCGA_b109_SNP_2N_GenomeWideSNP_6_F11_772174	13	74062258	74373288	221	0.1488
BEAUX_p_TCGA_b109_SNP_2N_GenomeWideSNP_6_F11_772174	13	74377445	91370460	10767	-0.294
BEAUX_p_TCGA_b109_SNP_2N_GenomeWideSNP_6_F11_772174	13	91374565	97018274	3815	0.808
BEAUX_p_TCGA_b109_SNP_2N_GenomeWideSNP_6_F11_772174	13	97019647	97020409	2	-1.2664
BEAUX_p_TCGA_b109_SNP_2N_GenomeWideSNP_6_F11_772174	13	97020705	115108397	13134	0.8035
BEAUX_p_TCGA_b109_SNP_2N_GenomeWideSNP_6_F11_772174	14	19002124	34780274	9633	-0.1261
BEAUX_p_TCGA_b109_SNP_2N_GenomeWideSNP_6_F11_772174	14	34782286	35426774	344	0.3511
BEAUX_p_TCGA_b109_SNP_2N_GenomeWideSNP_6_F11_772174	14	35428995	35429746	3	-1.4064
BEAUX_p_TCGA_b109_SNP_2N_GenomeWideSNP_6_F11_772174	14	35434418	41608358	3830	0.3656
BEAUX_p_TCGA_b109_SNP_2N_GenomeWideSNP_6_F11_772174	14	41610496	41657349	14	-1.3371
BEAUX_p_TCGA_b109_SNP_2N_GenomeWideSNP_6_F11_772174	14	41670102	53128917	7001	0.3792
BEAUX_p_TCGA_b109_SNP_2N_GenomeWideSNP_6_F11_772174	14	53129468	70018368	10832	-0.1048
BEAUX_p_TCGA_b109_SNP_2N_GenomeWideSNP_6_F11_772174	14	70018678	70022467	7	-1.631
BEAUX_p_TCGA_b109_SNP_2N_GenomeWideSNP_6_F11_772174	14	70022713	107285437	23815	-0.1796
BEAUX_p_TCGA_b109_SNP_2N_GenomeWideSNP_6_F11_772174	15	20016328	20269773	57	0.5339
BEAUX_p_TCGA_b109_SNP_2N_GenomeWideSNP_6_F11_772174	15	20284066	22761003	381	-0.0888
BEAUX_p_TCGA_b109_SNP_2N_GenomeWideSNP_6_F11_772174	15	22764588	23644045	305	0.3898
BEAUX_p_TCGA_b109_SNP_2N_GenomeWideSNP_6_F11_772174	15	23645364	24403381	567	0.721
BEAUX_p_TCGA_b109_SNP_2N_GenomeWideSNP_6_F11_772174	15	24404261	76878362	33002	-0.0631
BEAUX_p_TCGA_b109_SNP_2N_GenomeWideSNP_6_F11_772174	15	76891241	76902470	30	1.0633
BEAUX_p_TCGA_b109_SNP_2N_GenomeWideSNP_6_F11_772174	15	76902638	101387029	16857	0.0697
BEAUX_p_TCGA_b109_SNP_2N_GenomeWideSNP_6_F11_772174	15	101387486	102429125	793	0.7631
BEAUX_p_TCGA_b109_SNP_2N_GenomeWideSNP_6_F11_772174	15	102435009	102469040	5	0.119
BEAUX_p_TCGA_b109_SNP_2N_GenomeWideSNP_6_F11_772174	16	60777	22909376	15051	-0.1373
BEAUX_p_TCGA_b109_SNP_2N_GenomeWideSNP_6_F11_772174	16	22912870	23634026	433	0.3427
BEAUX_p_TCGA_b109_SNP_2N_GenomeWideSNP_6_F11_772174	16	23634101	27163291	2605	-0.1339
BEAUX_p_TCGA_b109_SNP_2N_GenomeWideSNP_6_F11_772174	16	27163474	27163841	2	-3.4313
BEAUX_p_TCGA_b109_SNP_2N_GenomeWideSNP_6_F11_772174	16	27163976	78934399	24361	-0.1146
BEAUX_p_TCGA_b109_SNP_2N_GenomeWideSNP_6_F11_772174	16	78934460	79011984	102	-0.625
BEAUX_p_TCGA_b109_SNP_2N_GenomeWideSNP_6_F11_772174	16	79012824	81195617	2391	-0.105
BEAUX_p_TCGA_b109_SNP_2N_GenomeWideSNP_6_F11_772174	16	81196495	81197227	2	3.0306
BEAUX_p_TCGA_b109_SNP_2N_GenomeWideSNP_6_F11_772174	16	81198147	90287535	7379	-0.1443
BEAUX_p_TCGA_b109_SNP_2N_GenomeWideSNP_6_F11_772174	17	526	41432265	22057	-0.1151
BEAUX_p_TCGA_b109_SNP_2N_GenomeWideSNP_6_F11_772174	17	41438590	41439921	3	-1.9906
BEAUX_p_TCGA_b109_SNP_2N_GenomeWideSNP_6_F11_772174	17	41443704	81049726	23164	0.0191
BEAUX_p_TCGA_b109_SNP_2N_GenomeWideSNP_6_F11_772174	18	11543	6438002	4567	0.6248
BEAUX_p_TCGA_b109_SNP_2N_GenomeWideSNP_6_F11_772174	18	6440339	26183922	10519	0.1239
BEAUX_p_TCGA_b109_SNP_2N_GenomeWideSNP_6_F11_772174	18	26186195	26186295	4	2.3769
BEAUX_p_TCGA_b109_SNP_2N_GenomeWideSNP_6_F11_772174	18	26186662	35531232	5959	0.3888
BEAUX_p_TCGA_b109_SNP_2N_GenomeWideSNP_6_F11_772174	18	35533637	35537135	9	-1.4356
BEAUX_p_TCGA_b109_SNP_2N_GenomeWideSNP_6_F11_772174	18	35539316	44317699	5789	0.1401
BEAUX_p_TCGA_b109_SNP_2N_GenomeWideSNP_6_F11_772174	18	44318254	48565771	3011	-0.443
BEAUX_p_TCGA_b109_SNP_2N_GenomeWideSNP_6_F11_772174	18	48565914	48565929	2	3.3657
BEAUX_p_TCGA_b109_SNP_2N_GenomeWideSNP_6_F11_772174	18	48566026	58489018	6789	-0.4734
BEAUX_p_TCGA_b109_SNP_2N_GenomeWideSNP_6_F11_772174	18	58489791	58494607	2	3.0254
BEAUX_p_TCGA_b109_SNP_2N_GenomeWideSNP_6_F11_772174	18	58494679	78015057	14058	-0.3241
BEAUX_p_TCGA_b109_SNP_2N_GenomeWideSNP_6_F11_772174	19	90910	10728713	4063	-0.3001
BEAUX_p_TCGA_b109_SNP_2N_GenomeWideSNP_6_F11_772174	19	10729553	10738574	2	1.6615
BEAUX_p_TCGA_b109_SNP_2N_GenomeWideSNP_6_F11_772174	19	10739341	16141295	2807	-0.352
BEAUX_p_TCGA_b109_SNP_2N_GenomeWideSNP_6_F11_772174	19	16141989	28414634	4546	0.1493
BEAUX_p_TCGA_b109_SNP_2N_GenomeWideSNP_6_F11_772174	19	28418686	29979504	1291	0.6829
BEAUX_p_TCGA_b109_SNP_2N_GenomeWideSNP_6_F11_772174	19	29980602	56273057	14733	0.0522
BEAUX_p_TCGA_b109_SNP_2N_GenomeWideSNP_6_F11_772174	19	56278050	56283067	6	-1.6686
BEAUX_p_TCGA_b109_SNP_2N_GenomeWideSNP_6_F11_772174	19	56286293	59097854	1847	-0.1731
BEAUX_p_TCGA_b109_SNP_2N_GenomeWideSNP_6_F11_772174	20	61305	4037528	2931	-0.1141
BEAUX_p_TCGA_b109_SNP_2N_GenomeWideSNP_6_F11_772174	20	4037627	4038372	2	-7.0399
BEAUX_p_TCGA_b109_SNP_2N_GenomeWideSNP_6_F11_772174	20	4038666	52644868	31960	-0.2168
BEAUX_p_TCGA_b109_SNP_2N_GenomeWideSNP_6_F11_772174	20	52647808	52658651	37	-1.1928
BEAUX_p_TCGA_b109_SNP_2N_GenomeWideSNP_6_F11_772174	20	52662574	62956153	7439	-0.128
BEAUX_p_TCGA_b109_SNP_2N_GenomeWideSNP_6_F11_772174	21	10736871	25111053	7590	-0.0439
BEAUX_p_TCGA_b109_SNP_2N_GenomeWideSNP_6_F11_772174	21	25111644	25111803	2	3.8538
BEAUX_p_TCGA_b109_SNP_2N_GenomeWideSNP_6_F11_772174	21	25112038	48096957	16778	-0.0919
BEAUX_p_TCGA_b109_SNP_2N_GenomeWideSNP_6_F11_772174	22	16052528	28393718	8142	-0.0571
BEAUX_p_TCGA_b109_SNP_2N_GenomeWideSNP_6_F11_772174	22	28398580	28399716	2	2.6247
BEAUX_p_TCGA_b109_SNP_2N_GenomeWideSNP_6_F11_772174	22	28400529	39944744	7623	-0.0782
BEAUX_p_TCGA_b109_SNP_2N_GenomeWideSNP_6_F11_772174	22	39944789	41354720	695	-0.495
BEAUX_p_TCGA_b109_SNP_2N_GenomeWideSNP_6_F11_772174	22	41356226	43865679	1545	-0.1186
BEAUX_p_TCGA_b109_SNP_2N_GenomeWideSNP_6_F11_772174	22	43866131	51200532	5472	-0.5252
BEAUX_p_TCGA_b109_SNP_2N_GenomeWideSNP_6_F11_772174	22	51204444	51234455	9	-0.0212
BEAUX_p_TCGA_b109_SNP_2N_GenomeWideSNP_6_F11_772174	X	168477	62443462	33808	0.2376
BEAUX_p_TCGA_b109_SNP_2N_GenomeWideSNP_6_F11_772174	X	62450445	62505868	23	1.5695
BEAUX_p_TCGA_b109_SNP_2N_GenomeWideSNP_6_F11_772174	X	62517002	65113338	1039	0.3385
BEAUX_p_TCGA_b109_SNP_2N_GenomeWideSNP_6_F11_772174	X	65120561	66287785	634	0.7398
BEAUX_p_TCGA_b109_SNP_2N_GenomeWideSNP_6_F11_772174	X	66287877	66944988	293	0.1308
BEAUX_p_TCGA_b109_SNP_2N_GenomeWideSNP_6_F11_772174	X	66945740	67130648	97	0.7797
BEAUX_p_TCGA_b109_SNP_2N_GenomeWideSNP_6_F11_772174	X	67138922	72774773	2557	0.034
BEAUX_p_TCGA_b109_SNP_2N_GenomeWideSNP_6_F11_772174	X	72779080	73126976	144	0.5571
BEAUX_p_TCGA_b109_SNP_2N_GenomeWideSNP_6_F11_772174	X	73130111	74170114	437	-0.1597
BEAUX_p_TCGA_b109_SNP_2N_GenomeWideSNP_6_F11_772174	X	74171272	75199678	485	0.2601
BEAUX_p_TCGA_b109_SNP_2N_GenomeWideSNP_6_F11_772174	X	75200196	75786777	265	-0.2241
BEAUX_p_TCGA_b109_SNP_2N_GenomeWideSNP_6_F11_772174	X	75790681	75975074	106	0.7394
BEAUX_p_TCGA_b109_SNP_2N_GenomeWideSNP_6_F11_772174	X	75978839	76473278	253	0.3881
BEAUX_p_TCGA_b109_SNP_2N_GenomeWideSNP_6_F11_772174	X	76476301	77331038	126	0.9289
BEAUX_p_TCGA_b109_SNP_2N_GenomeWideSNP_6_F11_772174	X	77331162	77538042	81	0.4456
BEAUX_p_TCGA_b109_SNP_2N_GenomeWideSNP_6_F11_772174	X	77539117	139952627	34761	-0.2324
BEAUX_p_TCGA_b109_SNP_2N_GenomeWideSNP_6_F11_772174	X	139952896	139953428	2	4.0556
BEAUX_p_TCGA_b109_SNP_2N_GenomeWideSNP_6_F11_772174	X	139955658	155182354	9278	-0.2768
BEAUX_p_TCGA_b109_SNP_2N_GenomeWideSNP_6_F11_772174	Y	2650438	59018259	8432	-0.9324
