Sample	Chromosome	Start	End	Num_Probes	Segment_Mean
BEAUX_p_TCGA_b109_SNP_2N_GenomeWideSNP_6_E07_772228	1	61735	72776	8	0.1668
BEAUX_p_TCGA_b109_SNP_2N_GenomeWideSNP_6_E07_772228	1	82170	98588	8	0.7398
BEAUX_p_TCGA_b109_SNP_2N_GenomeWideSNP_6_E07_772228	1	98602	12873385	6537	0.0044
BEAUX_p_TCGA_b109_SNP_2N_GenomeWideSNP_6_E07_772228	1	12877057	13181534	17	0.5855
BEAUX_p_TCGA_b109_SNP_2N_GenomeWideSNP_6_E07_772228	1	13182599	13444682	22	0.0141
BEAUX_p_TCGA_b109_SNP_2N_GenomeWideSNP_6_E07_772228	1	13444908	13468022	4	-0.9393
BEAUX_p_TCGA_b109_SNP_2N_GenomeWideSNP_6_E07_772228	1	13471704	16954295	2155	0.0105
BEAUX_p_TCGA_b109_SNP_2N_GenomeWideSNP_6_E07_772228	1	16963269	16970456	18	-0.517
BEAUX_p_TCGA_b109_SNP_2N_GenomeWideSNP_6_E07_772228	1	17005734	17005978	3	-0.0054
BEAUX_p_TCGA_b109_SNP_2N_GenomeWideSNP_6_E07_772228	1	17011450	17262247	121	0.2521
BEAUX_p_TCGA_b109_SNP_2N_GenomeWideSNP_6_E07_772228	1	17276241	72768916	34164	0.007
BEAUX_p_TCGA_b109_SNP_2N_GenomeWideSNP_6_E07_772228	1	72768936	72811148	45	-1.1147
BEAUX_p_TCGA_b109_SNP_2N_GenomeWideSNP_6_E07_772228	1	72811904	104163787	20096	0.0055
BEAUX_p_TCGA_b109_SNP_2N_GenomeWideSNP_6_E07_772228	1	104178038	104268222	25	1.9436
BEAUX_p_TCGA_b109_SNP_2N_GenomeWideSNP_6_E07_772228	1	104303403	110227500	3604	0.0032
BEAUX_p_TCGA_b109_SNP_2N_GenomeWideSNP_6_E07_772228	1	110227515	110240178	18	-0.8457
BEAUX_p_TCGA_b109_SNP_2N_GenomeWideSNP_6_E07_772228	1	110242953	144842558	7228	0.005
BEAUX_p_TCGA_b109_SNP_2N_GenomeWideSNP_6_E07_772228	1	144849539	144868360	5	-0.843
BEAUX_p_TCGA_b109_SNP_2N_GenomeWideSNP_6_E07_772228	1	144869084	146687913	524	0.0263
BEAUX_p_TCGA_b109_SNP_2N_GenomeWideSNP_6_E07_772228	1	146688436	146690635	3	1.5347
BEAUX_p_TCGA_b109_SNP_2N_GenomeWideSNP_6_E07_772228	1	146691358	149387593	762	0.0224
BEAUX_p_TCGA_b109_SNP_2N_GenomeWideSNP_6_E07_772228	1	149415966	149664041	21	0.5027
BEAUX_p_TCGA_b109_SNP_2N_GenomeWideSNP_6_E07_772228	1	149676317	152555706	1484	0.0163
BEAUX_p_TCGA_b109_SNP_2N_GenomeWideSNP_6_E07_772228	1	152555767	152586594	34	1.2583
BEAUX_p_TCGA_b109_SNP_2N_GenomeWideSNP_6_E07_772228	1	152590494	169214667	11554	0.006
BEAUX_p_TCGA_b109_SNP_2N_GenomeWideSNP_6_E07_772228	1	169215068	169254877	12	0.5154
BEAUX_p_TCGA_b109_SNP_2N_GenomeWideSNP_6_E07_772228	1	169255402	192894544	15594	0.007
BEAUX_p_TCGA_b109_SNP_2N_GenomeWideSNP_6_E07_772228	1	192896434	192919045	12	-1.0173
BEAUX_p_TCGA_b109_SNP_2N_GenomeWideSNP_6_E07_772228	1	192919179	196731035	2602	0.0027
BEAUX_p_TCGA_b109_SNP_2N_GenomeWideSNP_6_E07_772228	1	196731610	196812530	93	0.2115
BEAUX_p_TCGA_b109_SNP_2N_GenomeWideSNP_6_E07_772228	1	196815791	229811169	21886	0.0053
BEAUX_p_TCGA_b109_SNP_2N_GenomeWideSNP_6_E07_772228	1	229816856	229820196	3	-2.8415
BEAUX_p_TCGA_b109_SNP_2N_GenomeWideSNP_6_E07_772228	1	229820456	249224388	14060	0.0076
BEAUX_p_TCGA_b109_SNP_2N_GenomeWideSNP_6_E07_772228	2	12784	18173675	13554	0.0037
BEAUX_p_TCGA_b109_SNP_2N_GenomeWideSNP_6_E07_772228	2	18173841	18193256	48	0.5761
BEAUX_p_TCGA_b109_SNP_2N_GenomeWideSNP_6_E07_772228	2	18193264	31553987	8558	0.002
BEAUX_p_TCGA_b109_SNP_2N_GenomeWideSNP_6_E07_772228	2	31554747	31556986	2	-1.3261
BEAUX_p_TCGA_b109_SNP_2N_GenomeWideSNP_6_E07_772228	2	31557426	34701394	1952	-0.0026
BEAUX_p_TCGA_b109_SNP_2N_GenomeWideSNP_6_E07_772228	2	34701583	34737057	44	0.3823
BEAUX_p_TCGA_b109_SNP_2N_GenomeWideSNP_6_E07_772228	2	34737163	36335606	1163	-0.0071
BEAUX_p_TCGA_b109_SNP_2N_GenomeWideSNP_6_E07_772228	2	36336619	36339554	13	-0.8493
BEAUX_p_TCGA_b109_SNP_2N_GenomeWideSNP_6_E07_772228	2	36351103	77976713	28226	0.001
BEAUX_p_TCGA_b109_SNP_2N_GenomeWideSNP_6_E07_772228	2	77976748	77977226	5	-1.068
BEAUX_p_TCGA_b109_SNP_2N_GenomeWideSNP_6_E07_772228	2	77986678	146864443	37313	2e-04
BEAUX_p_TCGA_b109_SNP_2N_GenomeWideSNP_6_E07_772228	2	146864457	146866934	21	-1.5506
BEAUX_p_TCGA_b109_SNP_2N_GenomeWideSNP_6_E07_772228	2	146877806	159958620	7796	0
BEAUX_p_TCGA_b109_SNP_2N_GenomeWideSNP_6_E07_772228	2	159960343	159960973	2	1.4183
BEAUX_p_TCGA_b109_SNP_2N_GenomeWideSNP_6_E07_772228	2	159963287	168098062	4791	0.0056
BEAUX_p_TCGA_b109_SNP_2N_GenomeWideSNP_6_E07_772228	2	168099738	168099775	2	-1.5105
BEAUX_p_TCGA_b109_SNP_2N_GenomeWideSNP_6_E07_772228	2	168103701	173555401	3509	0.0086
BEAUX_p_TCGA_b109_SNP_2N_GenomeWideSNP_6_E07_772228	2	173555880	173556036	2	-1.3819
BEAUX_p_TCGA_b109_SNP_2N_GenomeWideSNP_6_E07_772228	2	173559068	243089456	43054	0.0032
BEAUX_p_TCGA_b109_SNP_2N_GenomeWideSNP_6_E07_772228	3	60345	1929666	1703	0.0085
BEAUX_p_TCGA_b109_SNP_2N_GenomeWideSNP_6_E07_772228	3	1931005	1951001	28	-1.1563
BEAUX_p_TCGA_b109_SNP_2N_GenomeWideSNP_6_E07_772228	3	1952460	5277162	2903	0.0055
BEAUX_p_TCGA_b109_SNP_2N_GenomeWideSNP_6_E07_772228	3	5280271	5280287	2	-1.5554
BEAUX_p_TCGA_b109_SNP_2N_GenomeWideSNP_6_E07_772228	3	5282534	16239063	8312	0.0046
BEAUX_p_TCGA_b109_SNP_2N_GenomeWideSNP_6_E07_772228	3	16240556	16241179	6	-0.7871
BEAUX_p_TCGA_b109_SNP_2N_GenomeWideSNP_6_E07_772228	3	16241325	26571880	7090	0.0028
BEAUX_p_TCGA_b109_SNP_2N_GenomeWideSNP_6_E07_772228	3	26577040	27071022	372	0.5529
BEAUX_p_TCGA_b109_SNP_2N_GenomeWideSNP_6_E07_772228	3	27081763	42375887	10202	0.0093
BEAUX_p_TCGA_b109_SNP_2N_GenomeWideSNP_6_E07_772228	3	42376118	42376244	4	0.958
BEAUX_p_TCGA_b109_SNP_2N_GenomeWideSNP_6_E07_772228	3	42377856	61021337	11225	0.0031
BEAUX_p_TCGA_b109_SNP_2N_GenomeWideSNP_6_E07_772228	3	61021500	61021526	2	-1.3855
BEAUX_p_TCGA_b109_SNP_2N_GenomeWideSNP_6_E07_772228	3	61025966	62948166	1631	0.0107
BEAUX_p_TCGA_b109_SNP_2N_GenomeWideSNP_6_E07_772228	3	62948246	62950479	4	-1.1193
BEAUX_p_TCGA_b109_SNP_2N_GenomeWideSNP_6_E07_772228	3	62951478	68746164	4384	0.0104
BEAUX_p_TCGA_b109_SNP_2N_GenomeWideSNP_6_E07_772228	3	68746259	68747413	14	-0.961
BEAUX_p_TCGA_b109_SNP_2N_GenomeWideSNP_6_E07_772228	3	68748758	75568549	4935	0.0035
BEAUX_p_TCGA_b109_SNP_2N_GenomeWideSNP_6_E07_772228	3	75572549	75586805	6	0.7535
BEAUX_p_TCGA_b109_SNP_2N_GenomeWideSNP_6_E07_772228	3	75595181	84698990	4999	0.0078
BEAUX_p_TCGA_b109_SNP_2N_GenomeWideSNP_6_E07_772228	3	84699184	84702136	16	-0.3912
BEAUX_p_TCGA_b109_SNP_2N_GenomeWideSNP_6_E07_772228	3	84702161	99202542	6205	0.0017
BEAUX_p_TCGA_b109_SNP_2N_GenomeWideSNP_6_E07_772228	3	99207467	99208461	11	1.1548
BEAUX_p_TCGA_b109_SNP_2N_GenomeWideSNP_6_E07_772228	3	99218509	106128977	4088	3e-04
BEAUX_p_TCGA_b109_SNP_2N_GenomeWideSNP_6_E07_772228	3	106129955	106142880	8	-0.8909
BEAUX_p_TCGA_b109_SNP_2N_GenomeWideSNP_6_E07_772228	3	106143051	129786374	14481	0.0028
BEAUX_p_TCGA_b109_SNP_2N_GenomeWideSNP_6_E07_772228	3	129786739	129806236	43	0.4941
BEAUX_p_TCGA_b109_SNP_2N_GenomeWideSNP_6_E07_772228	3	129806924	136019099	4039	0.0016
BEAUX_p_TCGA_b109_SNP_2N_GenomeWideSNP_6_E07_772228	3	136022951	136025426	2	-2.6349
BEAUX_p_TCGA_b109_SNP_2N_GenomeWideSNP_6_E07_772228	3	136038541	162513092	16256	0.0027
BEAUX_p_TCGA_b109_SNP_2N_GenomeWideSNP_6_E07_772228	3	162513149	162625995	67	-1.3841
BEAUX_p_TCGA_b109_SNP_2N_GenomeWideSNP_6_E07_772228	3	162626572	189360754	16689	0.0035
BEAUX_p_TCGA_b109_SNP_2N_GenomeWideSNP_6_E07_772228	3	189363678	189364638	11	-2.4983
BEAUX_p_TCGA_b109_SNP_2N_GenomeWideSNP_6_E07_772228	3	189370988	192878045	2500	0.0041
BEAUX_p_TCGA_b109_SNP_2N_GenomeWideSNP_6_E07_772228	3	192878195	192882903	17	0.9812
BEAUX_p_TCGA_b109_SNP_2N_GenomeWideSNP_6_E07_772228	3	192886435	197896118	2707	-0.0012
BEAUX_p_TCGA_b109_SNP_2N_GenomeWideSNP_6_E07_772228	4	12281	12271278	7569	0.0125
BEAUX_p_TCGA_b109_SNP_2N_GenomeWideSNP_6_E07_772228	4	12272032	12272412	3	-1.5871
BEAUX_p_TCGA_b109_SNP_2N_GenomeWideSNP_6_E07_772228	4	12295857	125641328	68886	0.0033
BEAUX_p_TCGA_b109_SNP_2N_GenomeWideSNP_6_E07_772228	4	125644196	125645969	14	-0.7421
BEAUX_p_TCGA_b109_SNP_2N_GenomeWideSNP_6_E07_772228	4	125646104	138092239	7010	-1e-04
BEAUX_p_TCGA_b109_SNP_2N_GenomeWideSNP_6_E07_772228	4	138092420	138093414	14	-0.6944
BEAUX_p_TCGA_b109_SNP_2N_GenomeWideSNP_6_E07_772228	4	138094958	155300169	10525	0.0068
BEAUX_p_TCGA_b109_SNP_2N_GenomeWideSNP_6_E07_772228	4	155300448	155300639	3	-1.0922
BEAUX_p_TCGA_b109_SNP_2N_GenomeWideSNP_6_E07_772228	4	155300694	161880124	4244	-0.0026
BEAUX_p_TCGA_b109_SNP_2N_GenomeWideSNP_6_E07_772228	4	161880141	161884908	19	-0.5646
BEAUX_p_TCGA_b109_SNP_2N_GenomeWideSNP_6_E07_772228	4	161884919	189221258	18034	0.0088
BEAUX_p_TCGA_b109_SNP_2N_GenomeWideSNP_6_E07_772228	4	189221360	189221439	4	2.4414
BEAUX_p_TCGA_b109_SNP_2N_GenomeWideSNP_6_E07_772228	4	189222813	191027923	1175	0.0157
BEAUX_p_TCGA_b109_SNP_2N_GenomeWideSNP_6_E07_772228	5	15532	685748	307	0.0179
BEAUX_p_TCGA_b109_SNP_2N_GenomeWideSNP_6_E07_772228	5	698371	833628	58	0.5227
BEAUX_p_TCGA_b109_SNP_2N_GenomeWideSNP_6_E07_772228	5	852566	12800889	9860	0.0098
BEAUX_p_TCGA_b109_SNP_2N_GenomeWideSNP_6_E07_772228	5	12815780	12826650	11	0.559
BEAUX_p_TCGA_b109_SNP_2N_GenomeWideSNP_6_E07_772228	5	12833857	21376844	5497	0.0069
BEAUX_p_TCGA_b109_SNP_2N_GenomeWideSNP_6_E07_772228	5	21377839	21377853	2	-1.3218
BEAUX_p_TCGA_b109_SNP_2N_GenomeWideSNP_6_E07_772228	5	21386066	21451277	47	-0.0228
BEAUX_p_TCGA_b109_SNP_2N_GenomeWideSNP_6_E07_772228	5	21451964	21451998	2	-2.7628
BEAUX_p_TCGA_b109_SNP_2N_GenomeWideSNP_6_E07_772228	5	21452438	29078099	4472	0.0078
BEAUX_p_TCGA_b109_SNP_2N_GenomeWideSNP_6_E07_772228	5	29078634	29082580	2	1.5962
BEAUX_p_TCGA_b109_SNP_2N_GenomeWideSNP_6_E07_772228	5	29082654	103851221	42546	0.0067
BEAUX_p_TCGA_b109_SNP_2N_GenomeWideSNP_6_E07_772228	5	103860373	103860604	4	-1.0241
BEAUX_p_TCGA_b109_SNP_2N_GenomeWideSNP_6_E07_772228	5	103861049	146390765	27247	0.0059
BEAUX_p_TCGA_b109_SNP_2N_GenomeWideSNP_6_E07_772228	5	146395146	146397258	4	-1.21
BEAUX_p_TCGA_b109_SNP_2N_GenomeWideSNP_6_E07_772228	5	146398383	177198449	21078	0.004
BEAUX_p_TCGA_b109_SNP_2N_GenomeWideSNP_6_E07_772228	5	177227551	177228579	2	1.5821
BEAUX_p_TCGA_b109_SNP_2N_GenomeWideSNP_6_E07_772228	5	177232605	178107822	449	0.004
BEAUX_p_TCGA_b109_SNP_2N_GenomeWideSNP_6_E07_772228	5	178109975	178113163	3	-1.9101
BEAUX_p_TCGA_b109_SNP_2N_GenomeWideSNP_6_E07_772228	5	178118855	180378888	1365	0.0111
BEAUX_p_TCGA_b109_SNP_2N_GenomeWideSNP_6_E07_772228	5	180380203	180433225	18	0.5344
BEAUX_p_TCGA_b109_SNP_2N_GenomeWideSNP_6_E07_772228	5	180433264	180790320	170	0.0052
BEAUX_p_TCGA_b109_SNP_2N_GenomeWideSNP_6_E07_772228	6	149661	229559	69	0.0548
BEAUX_p_TCGA_b109_SNP_2N_GenomeWideSNP_6_E07_772228	6	229752	229834	3	1.14
BEAUX_p_TCGA_b109_SNP_2N_GenomeWideSNP_6_E07_772228	6	231934	302306	53	-0.0166
BEAUX_p_TCGA_b109_SNP_2N_GenomeWideSNP_6_E07_772228	6	303017	381149	76	-0.3722
BEAUX_p_TCGA_b109_SNP_2N_GenomeWideSNP_6_E07_772228	6	382559	23743017	18042	0.0049
BEAUX_p_TCGA_b109_SNP_2N_GenomeWideSNP_6_E07_772228	6	23744672	23745430	2	-2.8005
BEAUX_p_TCGA_b109_SNP_2N_GenomeWideSNP_6_E07_772228	6	23747732	26737032	2045	0.0063
BEAUX_p_TCGA_b109_SNP_2N_GenomeWideSNP_6_E07_772228	6	26737438	26765068	22	-0.4203
BEAUX_p_TCGA_b109_SNP_2N_GenomeWideSNP_6_E07_772228	6	26766440	29871636	1461	-0.0032
BEAUX_p_TCGA_b109_SNP_2N_GenomeWideSNP_6_E07_772228	6	29874642	29898897	11	-0.9835
BEAUX_p_TCGA_b109_SNP_2N_GenomeWideSNP_6_E07_772228	6	29899677	31280823	658	0.0127
BEAUX_p_TCGA_b109_SNP_2N_GenomeWideSNP_6_E07_772228	6	31286276	31295406	7	-1.2966
BEAUX_p_TCGA_b109_SNP_2N_GenomeWideSNP_6_E07_772228	6	31295953	32452929	513	0.0141
BEAUX_p_TCGA_b109_SNP_2N_GenomeWideSNP_6_E07_772228	6	32454275	32561295	30	0.8306
BEAUX_p_TCGA_b109_SNP_2N_GenomeWideSNP_6_E07_772228	6	32570046	32625888	35	0.2471
BEAUX_p_TCGA_b109_SNP_2N_GenomeWideSNP_6_E07_772228	6	32625937	32626618	2	1.5086
BEAUX_p_TCGA_b109_SNP_2N_GenomeWideSNP_6_E07_772228	6	32650612	58336997	16133	0.0078
BEAUX_p_TCGA_b109_SNP_2N_GenomeWideSNP_6_E07_772228	6	58337439	58344756	4	-1.6968
BEAUX_p_TCGA_b109_SNP_2N_GenomeWideSNP_6_E07_772228	6	58348169	74592225	8140	0.0076
BEAUX_p_TCGA_b109_SNP_2N_GenomeWideSNP_6_E07_772228	6	74592457	74597341	8	-2.488
BEAUX_p_TCGA_b109_SNP_2N_GenomeWideSNP_6_E07_772228	6	74601410	76246999	1052	0.0014
BEAUX_p_TCGA_b109_SNP_2N_GenomeWideSNP_6_E07_772228	6	76252792	76252896	2	-1.7252
BEAUX_p_TCGA_b109_SNP_2N_GenomeWideSNP_6_E07_772228	6	76270279	77436532	714	0.0128
BEAUX_p_TCGA_b109_SNP_2N_GenomeWideSNP_6_E07_772228	6	77439868	77467931	23	0.406
BEAUX_p_TCGA_b109_SNP_2N_GenomeWideSNP_6_E07_772228	6	77468466	78962889	978	0.0023
BEAUX_p_TCGA_b109_SNP_2N_GenomeWideSNP_6_E07_772228	6	78969065	79041773	117	0.235
BEAUX_p_TCGA_b109_SNP_2N_GenomeWideSNP_6_E07_772228	6	79041809	103459802	15311	0.0042
BEAUX_p_TCGA_b109_SNP_2N_GenomeWideSNP_6_E07_772228	6	103468182	103666547	131	-0.9789
BEAUX_p_TCGA_b109_SNP_2N_GenomeWideSNP_6_E07_772228	6	103666604	151047937	30208	0.0048
BEAUX_p_TCGA_b109_SNP_2N_GenomeWideSNP_6_E07_772228	6	151051754	151053352	5	-1.4279
BEAUX_p_TCGA_b109_SNP_2N_GenomeWideSNP_6_E07_772228	6	151056473	171051005	14142	0.0067
BEAUX_p_TCGA_b109_SNP_2N_GenomeWideSNP_6_E07_772228	7	43355	148300	91	0.0077
BEAUX_p_TCGA_b109_SNP_2N_GenomeWideSNP_6_E07_772228	7	155066	158626	10	-0.8483
BEAUX_p_TCGA_b109_SNP_2N_GenomeWideSNP_6_E07_772228	7	161442	57007841	40112	0.0065
BEAUX_p_TCGA_b109_SNP_2N_GenomeWideSNP_6_E07_772228	7	57065360	57084132	4	1.2869
BEAUX_p_TCGA_b109_SNP_2N_GenomeWideSNP_6_E07_772228	7	57116468	63054741	802	0.0423
BEAUX_p_TCGA_b109_SNP_2N_GenomeWideSNP_6_E07_772228	7	63059358	63083340	2	-1.3217
BEAUX_p_TCGA_b109_SNP_2N_GenomeWideSNP_6_E07_772228	7	63084553	64568852	701	0.007
BEAUX_p_TCGA_b109_SNP_2N_GenomeWideSNP_6_E07_772228	7	64594065	64595118	5	-0.9294
BEAUX_p_TCGA_b109_SNP_2N_GenomeWideSNP_6_E07_772228	7	64595698	75430589	5067	0.004
BEAUX_p_TCGA_b109_SNP_2N_GenomeWideSNP_6_E07_772228	7	75432999	75437685	5	-1.0922
BEAUX_p_TCGA_b109_SNP_2N_GenomeWideSNP_6_E07_772228	7	75438763	97401932	13954	0.0048
BEAUX_p_TCGA_b109_SNP_2N_GenomeWideSNP_6_E07_772228	7	97401959	97402475	7	-0.7362
BEAUX_p_TCGA_b109_SNP_2N_GenomeWideSNP_6_E07_772228	7	97404240	109441212	6662	0.0054
BEAUX_p_TCGA_b109_SNP_2N_GenomeWideSNP_6_E07_772228	7	109441244	109454271	14	-0.5166
BEAUX_p_TCGA_b109_SNP_2N_GenomeWideSNP_6_E07_772228	7	109458390	111033420	1056	0.0165
BEAUX_p_TCGA_b109_SNP_2N_GenomeWideSNP_6_E07_772228	7	111037425	111266144	140	-0.9128
BEAUX_p_TCGA_b109_SNP_2N_GenomeWideSNP_6_E07_772228	7	111275737	141763124	18797	0.0066
BEAUX_p_TCGA_b109_SNP_2N_GenomeWideSNP_6_E07_772228	7	141769643	141792107	42	0.3015
BEAUX_p_TCGA_b109_SNP_2N_GenomeWideSNP_6_E07_772228	7	141795281	142476719	452	-0.0018
BEAUX_p_TCGA_b109_SNP_2N_GenomeWideSNP_6_E07_772228	7	142476764	142486045	26	-2.1038
BEAUX_p_TCGA_b109_SNP_2N_GenomeWideSNP_6_E07_772228	7	142486115	143917601	843	-0.0055
BEAUX_p_TCGA_b109_SNP_2N_GenomeWideSNP_6_E07_772228	7	143927807	143992829	19	0.5596
BEAUX_p_TCGA_b109_SNP_2N_GenomeWideSNP_6_E07_772228	7	144002397	154389895	6467	0.0107
BEAUX_p_TCGA_b109_SNP_2N_GenomeWideSNP_6_E07_772228	7	154393171	154399613	4	-1.7388
BEAUX_p_TCGA_b109_SNP_2N_GenomeWideSNP_6_E07_772228	7	154400830	159127004	3243	0.0111
BEAUX_p_TCGA_b109_SNP_2N_GenomeWideSNP_6_E07_772228	8	31254	1360130	868	0.0162
BEAUX_p_TCGA_b109_SNP_2N_GenomeWideSNP_6_E07_772228	8	1360322	1360702	9	-1.4041
BEAUX_p_TCGA_b109_SNP_2N_GenomeWideSNP_6_E07_772228	8	1360734	2701934	1245	4e-04
BEAUX_p_TCGA_b109_SNP_2N_GenomeWideSNP_6_E07_772228	8	2703533	2703899	7	-1.6218
BEAUX_p_TCGA_b109_SNP_2N_GenomeWideSNP_6_E07_772228	8	2707171	4003305	1673	0.0024
BEAUX_p_TCGA_b109_SNP_2N_GenomeWideSNP_6_E07_772228	8	4003463	4003478	2	-2.4276
BEAUX_p_TCGA_b109_SNP_2N_GenomeWideSNP_6_E07_772228	8	4003561	6840297	3928	0.0154
BEAUX_p_TCGA_b109_SNP_2N_GenomeWideSNP_6_E07_772228	8	6858815	6859662	3	1.3596
BEAUX_p_TCGA_b109_SNP_2N_GenomeWideSNP_6_E07_772228	8	6876142	6988926	74	0.1366
BEAUX_p_TCGA_b109_SNP_2N_GenomeWideSNP_6_E07_772228	8	6995117	7216031	31	-0.1764
BEAUX_p_TCGA_b109_SNP_2N_GenomeWideSNP_6_E07_772228	8	7216862	7798851	161	-0.6079
BEAUX_p_TCGA_b109_SNP_2N_GenomeWideSNP_6_E07_772228	8	7799390	11949551	3290	-4e-04
BEAUX_p_TCGA_b109_SNP_2N_GenomeWideSNP_6_E07_772228	8	11987726	12001123	6	-0.7913
BEAUX_p_TCGA_b109_SNP_2N_GenomeWideSNP_6_E07_772228	8	12034307	12240162	21	0.094
BEAUX_p_TCGA_b109_SNP_2N_GenomeWideSNP_6_E07_772228	8	12240182	12420300	87	-0.262
BEAUX_p_TCGA_b109_SNP_2N_GenomeWideSNP_6_E07_772228	8	12422571	20798027	7590	0.004
BEAUX_p_TCGA_b109_SNP_2N_GenomeWideSNP_6_E07_772228	8	20800067	20803341	6	-1.3114
BEAUX_p_TCGA_b109_SNP_2N_GenomeWideSNP_6_E07_772228	8	20804805	23402308	1680	-0.0022
BEAUX_p_TCGA_b109_SNP_2N_GenomeWideSNP_6_E07_772228	8	23407740	23407811	4	-0.841
BEAUX_p_TCGA_b109_SNP_2N_GenomeWideSNP_6_E07_772228	8	23407871	24145008	488	0.0062
BEAUX_p_TCGA_b109_SNP_2N_GenomeWideSNP_6_E07_772228	8	24145430	24151066	4	-0.6624
BEAUX_p_TCGA_b109_SNP_2N_GenomeWideSNP_6_E07_772228	8	24151508	24972187	648	0.0116
BEAUX_p_TCGA_b109_SNP_2N_GenomeWideSNP_6_E07_772228	8	24974443	24991104	28	0.7367
BEAUX_p_TCGA_b109_SNP_2N_GenomeWideSNP_6_E07_772228	8	24991127	39230325	9037	0.0017
BEAUX_p_TCGA_b109_SNP_2N_GenomeWideSNP_6_E07_772228	8	39230659	39352622	41	0.3826
BEAUX_p_TCGA_b109_SNP_2N_GenomeWideSNP_6_E07_772228	8	39352687	95557312	31779	0.0086
BEAUX_p_TCGA_b109_SNP_2N_GenomeWideSNP_6_E07_772228	8	95557552	95557992	7	1.3006
BEAUX_p_TCGA_b109_SNP_2N_GenomeWideSNP_6_E07_772228	8	95558115	112291494	10289	0.003
BEAUX_p_TCGA_b109_SNP_2N_GenomeWideSNP_6_E07_772228	8	112294279	112295260	10	0.9665
BEAUX_p_TCGA_b109_SNP_2N_GenomeWideSNP_6_E07_772228	8	112300281	144699157	22423	0.0065
BEAUX_p_TCGA_b109_SNP_2N_GenomeWideSNP_6_E07_772228	8	144705157	144705197	2	-1.2541
BEAUX_p_TCGA_b109_SNP_2N_GenomeWideSNP_6_E07_772228	8	144705275	144707808	7	-0.3188
BEAUX_p_TCGA_b109_SNP_2N_GenomeWideSNP_6_E07_772228	8	144718989	146298155	504	0.0077
BEAUX_p_TCGA_b109_SNP_2N_GenomeWideSNP_6_E07_772228	9	46587	115901	15	-0.4399
BEAUX_p_TCGA_b109_SNP_2N_GenomeWideSNP_6_E07_772228	9	125900	15568230	14162	0.0091
BEAUX_p_TCGA_b109_SNP_2N_GenomeWideSNP_6_E07_772228	9	15570861	15587181	11	0.5439
BEAUX_p_TCGA_b109_SNP_2N_GenomeWideSNP_6_E07_772228	9	15589178	23361805	6274	0.003
BEAUX_p_TCGA_b109_SNP_2N_GenomeWideSNP_6_E07_772228	9	23363115	23373484	8	-2.4541
BEAUX_p_TCGA_b109_SNP_2N_GenomeWideSNP_6_E07_772228	9	23378488	44251228	10997	0.0059
BEAUX_p_TCGA_b109_SNP_2N_GenomeWideSNP_6_E07_772228	9	44255487	44855737	53	0.5586
BEAUX_p_TCGA_b109_SNP_2N_GenomeWideSNP_6_E07_772228	9	44866028	141091394	48422	0.0073
BEAUX_p_TCGA_b109_SNP_2N_GenomeWideSNP_6_E07_772228	10	72759	8933437	7716	0.0062
BEAUX_p_TCGA_b109_SNP_2N_GenomeWideSNP_6_E07_772228	10	8937593	8942165	3	-1.1298
BEAUX_p_TCGA_b109_SNP_2N_GenomeWideSNP_6_E07_772228	10	8946508	17927554	7165	0.004
BEAUX_p_TCGA_b109_SNP_2N_GenomeWideSNP_6_E07_772228	10	17938208	17949857	2	1.6658
BEAUX_p_TCGA_b109_SNP_2N_GenomeWideSNP_6_E07_772228	10	17971816	43612872	14883	0.0079
BEAUX_p_TCGA_b109_SNP_2N_GenomeWideSNP_6_E07_772228	10	43612965	43614186	13	-0.5021
BEAUX_p_TCGA_b109_SNP_2N_GenomeWideSNP_6_E07_772228	10	43614207	81994177	24488	0.0055
BEAUX_p_TCGA_b109_SNP_2N_GenomeWideSNP_6_E07_772228	10	81994318	81997078	2	-2.6052
BEAUX_p_TCGA_b109_SNP_2N_GenomeWideSNP_6_E07_772228	10	81997448	135506704	36822	0.0069
BEAUX_p_TCGA_b109_SNP_2N_GenomeWideSNP_6_E07_772228	11	198510	4250013	1793	0.0085
BEAUX_p_TCGA_b109_SNP_2N_GenomeWideSNP_6_E07_772228	11	4256129	4336529	27	0.5242
BEAUX_p_TCGA_b109_SNP_2N_GenomeWideSNP_6_E07_772228	11	4346809	4967650	659	0.0057
BEAUX_p_TCGA_b109_SNP_2N_GenomeWideSNP_6_E07_772228	11	4968117	4976272	31	0.4716
BEAUX_p_TCGA_b109_SNP_2N_GenomeWideSNP_6_E07_772228	11	4976334	5788092	799	0.0031
BEAUX_p_TCGA_b109_SNP_2N_GenomeWideSNP_6_E07_772228	11	5789601	5809338	31	-0.7093
BEAUX_p_TCGA_b109_SNP_2N_GenomeWideSNP_6_E07_772228	11	5809461	6107790	240	0.0166
BEAUX_p_TCGA_b109_SNP_2N_GenomeWideSNP_6_E07_772228	11	6108269	6122094	8	-0.7149
BEAUX_p_TCGA_b109_SNP_2N_GenomeWideSNP_6_E07_772228	11	6122503	21723483	11741	0.0037
BEAUX_p_TCGA_b109_SNP_2N_GenomeWideSNP_6_E07_772228	11	21734095	21742767	13	0.6532
BEAUX_p_TCGA_b109_SNP_2N_GenomeWideSNP_6_E07_772228	11	21745758	42813151	14692	0.0064
BEAUX_p_TCGA_b109_SNP_2N_GenomeWideSNP_6_E07_772228	11	42816486	42818039	2	1.257
BEAUX_p_TCGA_b109_SNP_2N_GenomeWideSNP_6_E07_772228	11	42820603	46739146	2596	-0.0011
BEAUX_p_TCGA_b109_SNP_2N_GenomeWideSNP_6_E07_772228	11	46743045	46743232	3	1.193
BEAUX_p_TCGA_b109_SNP_2N_GenomeWideSNP_6_E07_772228	11	46744925	48598422	811	0.0093
BEAUX_p_TCGA_b109_SNP_2N_GenomeWideSNP_6_E07_772228	11	48601434	48602676	2	-1.7991
BEAUX_p_TCGA_b109_SNP_2N_GenomeWideSNP_6_E07_772228	11	48606318	54965608	1016	0.0108
BEAUX_p_TCGA_b109_SNP_2N_GenomeWideSNP_6_E07_772228	11	54969861	54982211	5	-0.7809
BEAUX_p_TCGA_b109_SNP_2N_GenomeWideSNP_6_E07_772228	11	55009475	55363340	203	-0.0103
BEAUX_p_TCGA_b109_SNP_2N_GenomeWideSNP_6_E07_772228	11	55374032	55460683	61	0.2213
BEAUX_p_TCGA_b109_SNP_2N_GenomeWideSNP_6_E07_772228	11	55460788	58809997	2074	0.0049
BEAUX_p_TCGA_b109_SNP_2N_GenomeWideSNP_6_E07_772228	11	58811241	58853765	22	0.5729
BEAUX_p_TCGA_b109_SNP_2N_GenomeWideSNP_6_E07_772228	11	58855019	86305813	15706	0.007
BEAUX_p_TCGA_b109_SNP_2N_GenomeWideSNP_6_E07_772228	11	86305817	86315174	5	-0.9229
BEAUX_p_TCGA_b109_SNP_2N_GenomeWideSNP_6_E07_772228	11	86316076	104774335	13035	0.0069
BEAUX_p_TCGA_b109_SNP_2N_GenomeWideSNP_6_E07_772228	11	104776001	104776065	2	-1.438
BEAUX_p_TCGA_b109_SNP_2N_GenomeWideSNP_6_E07_772228	11	104776081	114932960	6729	0.009
BEAUX_p_TCGA_b109_SNP_2N_GenomeWideSNP_6_E07_772228	11	114933309	114933604	2	-1.2371
BEAUX_p_TCGA_b109_SNP_2N_GenomeWideSNP_6_E07_772228	11	114937371	134840586	14766	0.0047
BEAUX_p_TCGA_b109_SNP_2N_GenomeWideSNP_6_E07_772228	11	134840623	134842212	2	-1.27
BEAUX_p_TCGA_b109_SNP_2N_GenomeWideSNP_6_E07_772228	11	134842214	134944770	71	0.0244
BEAUX_p_TCGA_b109_SNP_2N_GenomeWideSNP_6_E07_772228	12	150442	8357507	5554	0.0099
BEAUX_p_TCGA_b109_SNP_2N_GenomeWideSNP_6_E07_772228	12	8362050	8378251	11	0.66
BEAUX_p_TCGA_b109_SNP_2N_GenomeWideSNP_6_E07_772228	12	8393828	9633870	642	0.0296
BEAUX_p_TCGA_b109_SNP_2N_GenomeWideSNP_6_E07_772228	12	9637909	9728292	24	-1.5169
BEAUX_p_TCGA_b109_SNP_2N_GenomeWideSNP_6_E07_772228	12	9734969	10571475	633	0.0025
BEAUX_p_TCGA_b109_SNP_2N_GenomeWideSNP_6_E07_772228	12	10573000	10587320	6	-0.744
BEAUX_p_TCGA_b109_SNP_2N_GenomeWideSNP_6_E07_772228	12	10588525	11219423	405	-0.006
BEAUX_p_TCGA_b109_SNP_2N_GenomeWideSNP_6_E07_772228	12	11220724	11251874	13	0.6281
BEAUX_p_TCGA_b109_SNP_2N_GenomeWideSNP_6_E07_772228	12	11256829	14670569	2606	-9e-04
BEAUX_p_TCGA_b109_SNP_2N_GenomeWideSNP_6_E07_772228	12	14677643	14685519	7	-0.894
BEAUX_p_TCGA_b109_SNP_2N_GenomeWideSNP_6_E07_772228	12	14686073	33386757	13049	0.0036
BEAUX_p_TCGA_b109_SNP_2N_GenomeWideSNP_6_E07_772228	12	33388829	33395142	4	-1.9854
BEAUX_p_TCGA_b109_SNP_2N_GenomeWideSNP_6_E07_772228	12	33395418	38656079	979	0.007
BEAUX_p_TCGA_b109_SNP_2N_GenomeWideSNP_6_E07_772228	12	38660915	38668897	7	-1.0271
BEAUX_p_TCGA_b109_SNP_2N_GenomeWideSNP_6_E07_772228	12	38671949	45904438	4592	0.0017
BEAUX_p_TCGA_b109_SNP_2N_GenomeWideSNP_6_E07_772228	12	45905840	45909537	3	1.2278
BEAUX_p_TCGA_b109_SNP_2N_GenomeWideSNP_6_E07_772228	12	45913292	90483350	27294	0.0072
BEAUX_p_TCGA_b109_SNP_2N_GenomeWideSNP_6_E07_772228	12	90491669	90492074	7	-0.8752
BEAUX_p_TCGA_b109_SNP_2N_GenomeWideSNP_6_E07_772228	12	90493557	133778189	29254	0.0039
BEAUX_p_TCGA_b109_SNP_2N_GenomeWideSNP_6_E07_772228	13	19026949	30472965	8067	0.0088
BEAUX_p_TCGA_b109_SNP_2N_GenomeWideSNP_6_E07_772228	13	30473674	30475559	2	-1.8409
BEAUX_p_TCGA_b109_SNP_2N_GenomeWideSNP_6_E07_772228	13	30475850	32532121	1572	0.011
BEAUX_p_TCGA_b109_SNP_2N_GenomeWideSNP_6_E07_772228	13	32532622	32538423	18	-0.9356
BEAUX_p_TCGA_b109_SNP_2N_GenomeWideSNP_6_E07_772228	13	32540047	38071135	3902	0.007
BEAUX_p_TCGA_b109_SNP_2N_GenomeWideSNP_6_E07_772228	13	38072036	38084757	16	0.6824
BEAUX_p_TCGA_b109_SNP_2N_GenomeWideSNP_6_E07_772228	13	38088330	110672102	48071	0.0047
BEAUX_p_TCGA_b109_SNP_2N_GenomeWideSNP_6_E07_772228	13	110672968	110673648	3	-1.2491
BEAUX_p_TCGA_b109_SNP_2N_GenomeWideSNP_6_E07_772228	13	110674779	115108397	2664	0.0056
BEAUX_p_TCGA_b109_SNP_2N_GenomeWideSNP_6_E07_772228	14	19002124	44802148	15750	0.0042
BEAUX_p_TCGA_b109_SNP_2N_GenomeWideSNP_6_E07_772228	14	44804377	44808288	7	-0.9005
BEAUX_p_TCGA_b109_SNP_2N_GenomeWideSNP_6_E07_772228	14	44813859	74006707	18572	0.0058
BEAUX_p_TCGA_b109_SNP_2N_GenomeWideSNP_6_E07_772228	14	74006851	74029900	8	-1.3443
BEAUX_p_TCGA_b109_SNP_2N_GenomeWideSNP_6_E07_772228	14	74029915	106460902	20794	0.004
BEAUX_p_TCGA_b109_SNP_2N_GenomeWideSNP_6_E07_772228	14	106479675	106479941	2	-1.8724
BEAUX_p_TCGA_b109_SNP_2N_GenomeWideSNP_6_E07_772228	14	106482128	107285437	455	0.0014
BEAUX_p_TCGA_b109_SNP_2N_GenomeWideSNP_6_E07_772228	15	20016328	20532617	79	0.0142
BEAUX_p_TCGA_b109_SNP_2N_GenomeWideSNP_6_E07_772228	15	20541980	20585988	27	0.2191
BEAUX_p_TCGA_b109_SNP_2N_GenomeWideSNP_6_E07_772228	15	20586090	20586483	4	1.0256
BEAUX_p_TCGA_b109_SNP_2N_GenomeWideSNP_6_E07_772228	15	20586659	21173886	157	0.2206
BEAUX_p_TCGA_b109_SNP_2N_GenomeWideSNP_6_E07_772228	15	21186400	21905757	26	-0.1454
BEAUX_p_TCGA_b109_SNP_2N_GenomeWideSNP_6_E07_772228	15	21909018	22673399	130	0.2481
BEAUX_p_TCGA_b109_SNP_2N_GenomeWideSNP_6_E07_772228	15	22681076	23282811	307	0.0367
BEAUX_p_TCGA_b109_SNP_2N_GenomeWideSNP_6_E07_772228	15	23288349	23296600	3	-1.2591
BEAUX_p_TCGA_b109_SNP_2N_GenomeWideSNP_6_E07_772228	15	23300773	48206220	15334	0.0055
BEAUX_p_TCGA_b109_SNP_2N_GenomeWideSNP_6_E07_772228	15	48208243	48214703	10	-1.064
BEAUX_p_TCGA_b109_SNP_2N_GenomeWideSNP_6_E07_772228	15	48218005	56790855	5502	0.004
BEAUX_p_TCGA_b109_SNP_2N_GenomeWideSNP_6_E07_772228	15	56790880	56800977	21	-0.7144
BEAUX_p_TCGA_b109_SNP_2N_GenomeWideSNP_6_E07_772228	15	56801623	69200227	8444	0.0059
BEAUX_p_TCGA_b109_SNP_2N_GenomeWideSNP_6_E07_772228	15	69201614	69351589	76	-0.8478
BEAUX_p_TCGA_b109_SNP_2N_GenomeWideSNP_6_E07_772228	15	69355365	84540717	8696	0.0082
BEAUX_p_TCGA_b109_SNP_2N_GenomeWideSNP_6_E07_772228	15	84540738	84547547	8	-0.7233
BEAUX_p_TCGA_b109_SNP_2N_GenomeWideSNP_6_E07_772228	15	84547867	87146148	1640	0.0119
BEAUX_p_TCGA_b109_SNP_2N_GenomeWideSNP_6_E07_772228	15	87146368	87146490	4	-0.9136
BEAUX_p_TCGA_b109_SNP_2N_GenomeWideSNP_6_E07_772228	15	87146526	102469040	11601	0.0092
BEAUX_p_TCGA_b109_SNP_2N_GenomeWideSNP_6_E07_772228	16	60777	17916410	12588	0.0123
BEAUX_p_TCGA_b109_SNP_2N_GenomeWideSNP_6_E07_772228	16	17919457	17920303	3	-1.3102
BEAUX_p_TCGA_b109_SNP_2N_GenomeWideSNP_6_E07_772228	16	17920503	32875396	7626	0.0103
BEAUX_p_TCGA_b109_SNP_2N_GenomeWideSNP_6_E07_772228	16	32875797	32951302	16	0.4225
BEAUX_p_TCGA_b109_SNP_2N_GenomeWideSNP_6_E07_772228	16	32954725	55796389	7089	0.0027
BEAUX_p_TCGA_b109_SNP_2N_GenomeWideSNP_6_E07_772228	16	55796510	55810021	14	0.9977
BEAUX_p_TCGA_b109_SNP_2N_GenomeWideSNP_6_E07_772228	16	55810207	78371608	14442	0.0043
BEAUX_p_TCGA_b109_SNP_2N_GenomeWideSNP_6_E07_772228	16	78372440	78384765	17	1.042
BEAUX_p_TCGA_b109_SNP_2N_GenomeWideSNP_6_E07_772228	16	78385001	90287535	10643	0.0161
BEAUX_p_TCGA_b109_SNP_2N_GenomeWideSNP_6_E07_772228	17	526	15038113	9707	0.0082
BEAUX_p_TCGA_b109_SNP_2N_GenomeWideSNP_6_E07_772228	17	15043926	15054502	30	-0.8216
BEAUX_p_TCGA_b109_SNP_2N_GenomeWideSNP_6_E07_772228	17	15058991	16663051	777	0.0088
BEAUX_p_TCGA_b109_SNP_2N_GenomeWideSNP_6_E07_772228	17	16689869	16722801	7	-1.1046
BEAUX_p_TCGA_b109_SNP_2N_GenomeWideSNP_6_E07_772228	17	16735532	18319862	924	0.0023
BEAUX_p_TCGA_b109_SNP_2N_GenomeWideSNP_6_E07_772228	17	18355392	18443622	23	0.7596
BEAUX_p_TCGA_b109_SNP_2N_GenomeWideSNP_6_E07_772228	17	18443677	36167174	7904	0.0082
BEAUX_p_TCGA_b109_SNP_2N_GenomeWideSNP_6_E07_772228	17	36168519	36169244	4	-1.3121
BEAUX_p_TCGA_b109_SNP_2N_GenomeWideSNP_6_E07_772228	17	36169409	39430157	1619	-0.0027
BEAUX_p_TCGA_b109_SNP_2N_GenomeWideSNP_6_E07_772228	17	39430173	39430450	3	-1.3219
BEAUX_p_TCGA_b109_SNP_2N_GenomeWideSNP_6_E07_772228	17	39430531	44151786	2504	0.0052
BEAUX_p_TCGA_b109_SNP_2N_GenomeWideSNP_6_E07_772228	17	44153522	44752300	182	0.3029
BEAUX_p_TCGA_b109_SNP_2N_GenomeWideSNP_6_E07_772228	17	44764994	81049726	21622	0.0067
BEAUX_p_TCGA_b109_SNP_2N_GenomeWideSNP_6_E07_772228	18	11543	24701822	14187	0.0064
BEAUX_p_TCGA_b109_SNP_2N_GenomeWideSNP_6_E07_772228	18	24702388	24702554	2	-1.4621
BEAUX_p_TCGA_b109_SNP_2N_GenomeWideSNP_6_E07_772228	18	24702917	78015057	36632	0.0052
BEAUX_p_TCGA_b109_SNP_2N_GenomeWideSNP_6_E07_772228	19	90910	8334939	2933	0.0125
BEAUX_p_TCGA_b109_SNP_2N_GenomeWideSNP_6_E07_772228	19	8350197	8352027	8	0.8495
BEAUX_p_TCGA_b109_SNP_2N_GenomeWideSNP_6_E07_772228	19	8365042	20594676	6044	0.0087
BEAUX_p_TCGA_b109_SNP_2N_GenomeWideSNP_6_E07_772228	19	20596206	20721234	72	-0.7501
BEAUX_p_TCGA_b109_SNP_2N_GenomeWideSNP_6_E07_772228	19	20721462	43321137	11529	0.0044
BEAUX_p_TCGA_b109_SNP_2N_GenomeWideSNP_6_E07_772228	19	43323314	43326279	6	-1.1495
BEAUX_p_TCGA_b109_SNP_2N_GenomeWideSNP_6_E07_772228	19	43328006	43713377	180	0.0546
BEAUX_p_TCGA_b109_SNP_2N_GenomeWideSNP_6_E07_772228	19	43713734	43756237	16	-0.7202
BEAUX_p_TCGA_b109_SNP_2N_GenomeWideSNP_6_E07_772228	19	43766659	52131813	4170	0.0047
BEAUX_p_TCGA_b109_SNP_2N_GenomeWideSNP_6_E07_772228	19	52142352	52148197	11	-2.4179
BEAUX_p_TCGA_b109_SNP_2N_GenomeWideSNP_6_E07_772228	19	52154905	54797848	1788	0.0193
BEAUX_p_TCGA_b109_SNP_2N_GenomeWideSNP_6_E07_772228	19	54805530	54806221	2	-1.4388
BEAUX_p_TCGA_b109_SNP_2N_GenomeWideSNP_6_E07_772228	19	54806683	56273057	740	0.0068
BEAUX_p_TCGA_b109_SNP_2N_GenomeWideSNP_6_E07_772228	19	56278050	56283067	6	1.0521
BEAUX_p_TCGA_b109_SNP_2N_GenomeWideSNP_6_E07_772228	19	56286293	59097854	1850	0.0164
BEAUX_p_TCGA_b109_SNP_2N_GenomeWideSNP_6_E07_772228	20	61305	1567454	1208	0.0035
BEAUX_p_TCGA_b109_SNP_2N_GenomeWideSNP_6_E07_772228	20	1567653	1599061	43	-0.3286
BEAUX_p_TCGA_b109_SNP_2N_GenomeWideSNP_6_E07_772228	20	1599078	62956153	41257	0.0075
BEAUX_p_TCGA_b109_SNP_2N_GenomeWideSNP_6_E07_772228	21	10736871	10956144	40	0.4145
BEAUX_p_TCGA_b109_SNP_2N_GenomeWideSNP_6_E07_772228	21	10956147	14532383	103	-0.0405
BEAUX_p_TCGA_b109_SNP_2N_GenomeWideSNP_6_E07_772228	21	14532550	14538478	2	-1.743
BEAUX_p_TCGA_b109_SNP_2N_GenomeWideSNP_6_E07_772228	21	14538557	23646523	6321	6e-04
BEAUX_p_TCGA_b109_SNP_2N_GenomeWideSNP_6_E07_772228	21	23651134	23664658	10	-0.7278
BEAUX_p_TCGA_b109_SNP_2N_GenomeWideSNP_6_E07_772228	21	23666999	48096957	17937	0.0036
BEAUX_p_TCGA_b109_SNP_2N_GenomeWideSNP_6_E07_772228	22	16052528	18673357	1214	0.0094
BEAUX_p_TCGA_b109_SNP_2N_GenomeWideSNP_6_E07_772228	22	18732919	18748454	3	1.2544
BEAUX_p_TCGA_b109_SNP_2N_GenomeWideSNP_6_E07_772228	22	18770421	20491884	934	0.02
BEAUX_p_TCGA_b109_SNP_2N_GenomeWideSNP_6_E07_772228	22	20499111	20662706	2	1.4423
BEAUX_p_TCGA_b109_SNP_2N_GenomeWideSNP_6_E07_772228	22	20705775	21572214	701	8e-04
BEAUX_p_TCGA_b109_SNP_2N_GenomeWideSNP_6_E07_772228	22	21595029	21726510	11	0.6818
BEAUX_p_TCGA_b109_SNP_2N_GenomeWideSNP_6_E07_772228	22	21728120	22486268	462	0.0256
BEAUX_p_TCGA_b109_SNP_2N_GenomeWideSNP_6_E07_772228	22	22486552	22486790	3	-1.7376
BEAUX_p_TCGA_b109_SNP_2N_GenomeWideSNP_6_E07_772228	22	22487417	22750128	309	0.0013
BEAUX_p_TCGA_b109_SNP_2N_GenomeWideSNP_6_E07_772228	22	22750383	22752880	10	0.6123
BEAUX_p_TCGA_b109_SNP_2N_GenomeWideSNP_6_E07_772228	22	22757321	24344422	972	0.0274
BEAUX_p_TCGA_b109_SNP_2N_GenomeWideSNP_6_E07_772228	22	24350529	24396814	19	-1.5827
BEAUX_p_TCGA_b109_SNP_2N_GenomeWideSNP_6_E07_772228	22	24401529	39363619	10874	0.0049
BEAUX_p_TCGA_b109_SNP_2N_GenomeWideSNP_6_E07_772228	22	39363684	39375307	23	-0.6887
BEAUX_p_TCGA_b109_SNP_2N_GenomeWideSNP_6_E07_772228	22	39389628	51234455	8028	0.0094
BEAUX_p_TCGA_b109_SNP_2N_GenomeWideSNP_6_E07_772228	X	168477	140038760	75355	0.0069
BEAUX_p_TCGA_b109_SNP_2N_GenomeWideSNP_6_E07_772228	X	140038839	140080525	27	0.4104
BEAUX_p_TCGA_b109_SNP_2N_GenomeWideSNP_6_E07_772228	X	140122467	140673423	234	-0.0249
BEAUX_p_TCGA_b109_SNP_2N_GenomeWideSNP_6_E07_772228	X	140673732	140681794	3	-1.7452
BEAUX_p_TCGA_b109_SNP_2N_GenomeWideSNP_6_E07_772228	X	140683977	155182354	8990	0.0041
BEAUX_p_TCGA_b109_SNP_2N_GenomeWideSNP_6_E07_772228	Y	2650438	59018259	8634	-0.9991
