Sample	Chromosome	Start	End	Num_Probes	Segment_Mean
BONZE_p_TCGAb56_SNP_1N_GenomeWideSNP_6_B09_666980	1	61735	404171	30	-0.133
BONZE_p_TCGAb56_SNP_1N_GenomeWideSNP_6_B09_666980	1	534551	3474719	840	-0.7427
BONZE_p_TCGAb56_SNP_1N_GenomeWideSNP_6_B09_666980	1	3474777	3475201	3	-3.9781
BONZE_p_TCGAb56_SNP_1N_GenomeWideSNP_6_B09_666980	1	3480149	9116743	3686	-0.6714
BONZE_p_TCGAb56_SNP_1N_GenomeWideSNP_6_B09_666980	1	9116899	9119028	3	-3.1714
BONZE_p_TCGAb56_SNP_1N_GenomeWideSNP_6_B09_666980	1	9119897	16869363	4132	-0.6612
BONZE_p_TCGAb56_SNP_1N_GenomeWideSNP_6_B09_666980	1	16871278	16970311	39	-1.1522
BONZE_p_TCGAb56_SNP_1N_GenomeWideSNP_6_B09_666980	1	16970359	17017078	24	-0.3601
BONZE_p_TCGAb56_SNP_1N_GenomeWideSNP_6_B09_666980	1	17017530	17087292	22	-1.8075
BONZE_p_TCGAb56_SNP_1N_GenomeWideSNP_6_B09_666980	1	17089349	23703118	4277	-0.6588
BONZE_p_TCGAb56_SNP_1N_GenomeWideSNP_6_B09_666980	1	23706653	23707401	2	-3.5294
BONZE_p_TCGAb56_SNP_1N_GenomeWideSNP_6_B09_666980	1	23708841	25595947	1050	-0.6752
BONZE_p_TCGAb56_SNP_1N_GenomeWideSNP_6_B09_666980	1	25596405	25611452	11	-2.1339
BONZE_p_TCGAb56_SNP_1N_GenomeWideSNP_6_B09_666980	1	25616296	25628377	4	-0.3913
BONZE_p_TCGAb56_SNP_1N_GenomeWideSNP_6_B09_666980	1	25628465	25645658	5	-1.7949
BONZE_p_TCGAb56_SNP_1N_GenomeWideSNP_6_B09_666980	1	25646184	27644604	842	-0.6798
BONZE_p_TCGAb56_SNP_1N_GenomeWideSNP_6_B09_666980	1	27650366	30731522	1554	0.7921
BONZE_p_TCGAb56_SNP_1N_GenomeWideSNP_6_B09_666980	1	30731577	30739796	12	-0.4335
BONZE_p_TCGAb56_SNP_1N_GenomeWideSNP_6_B09_666980	1	30741496	35619422	2832	0.7972
BONZE_p_TCGAb56_SNP_1N_GenomeWideSNP_6_B09_666980	1	35625746	35756515	66	0.3875
BONZE_p_TCGAb56_SNP_1N_GenomeWideSNP_6_B09_666980	1	35771308	36520076	318	0.0386
BONZE_p_TCGAb56_SNP_1N_GenomeWideSNP_6_B09_666980	1	36525875	72768916	23239	0.747
BONZE_p_TCGAb56_SNP_1N_GenomeWideSNP_6_B09_666980	1	72768936	72779080	9	-1.9619
BONZE_p_TCGAb56_SNP_1N_GenomeWideSNP_6_B09_666980	1	72779091	72811148	36	-0.7352
BONZE_p_TCGAb56_SNP_1N_GenomeWideSNP_6_B09_666980	1	72811904	76050844	1932	0.6998
BONZE_p_TCGAb56_SNP_1N_GenomeWideSNP_6_B09_666980	1	76054763	76054854	2	-1.7689
BONZE_p_TCGAb56_SNP_1N_GenomeWideSNP_6_B09_666980	1	76059509	80830420	3132	0.7053
BONZE_p_TCGAb56_SNP_1N_GenomeWideSNP_6_B09_666980	1	80833313	80900100	43	-0.7668
BONZE_p_TCGAb56_SNP_1N_GenomeWideSNP_6_B09_666980	1	80903574	93272725	8202	0.7403
BONZE_p_TCGAb56_SNP_1N_GenomeWideSNP_6_B09_666980	1	93277926	106013376	7728	-0.0169
BONZE_p_TCGAb56_SNP_1N_GenomeWideSNP_6_B09_666980	1	106019205	106022360	16	0.7824
BONZE_p_TCGAb56_SNP_1N_GenomeWideSNP_6_B09_666980	1	106022375	110227515	2669	0.0067
BONZE_p_TCGAb56_SNP_1N_GenomeWideSNP_6_B09_666980	1	110232974	110240178	17	0.9722
BONZE_p_TCGAb56_SNP_1N_GenomeWideSNP_6_B09_666980	1	110242953	112690326	1956	0.0178
BONZE_p_TCGAb56_SNP_1N_GenomeWideSNP_6_B09_666980	1	112695965	112706140	32	0.4459
BONZE_p_TCGAb56_SNP_1N_GenomeWideSNP_6_B09_666980	1	112706149	120668364	5071	0.0356
BONZE_p_TCGAb56_SNP_1N_GenomeWideSNP_6_B09_666980	1	120671582	120673020	2	-2.0037
BONZE_p_TCGAb56_SNP_1N_GenomeWideSNP_6_B09_666980	1	120673167	144593253	161	0.1193
BONZE_p_TCGAb56_SNP_1N_GenomeWideSNP_6_B09_666980	1	144842558	152555176	2800	0.7163
BONZE_p_TCGAb56_SNP_1N_GenomeWideSNP_6_B09_666980	1	152555527	152586594	36	1.8929
BONZE_p_TCGAb56_SNP_1N_GenomeWideSNP_6_B09_666980	1	152590494	158866573	3830	0.7533
BONZE_p_TCGAb56_SNP_1N_GenomeWideSNP_6_B09_666980	1	158868501	158869759	2	-0.931
BONZE_p_TCGAb56_SNP_1N_GenomeWideSNP_6_B09_666980	1	158874818	158959575	62	0.6552
BONZE_p_TCGAb56_SNP_1N_GenomeWideSNP_6_B09_666980	1	158962039	158962796	2	-1.2589
BONZE_p_TCGAb56_SNP_1N_GenomeWideSNP_6_B09_666980	1	158966864	189648157	21126	0.7419
BONZE_p_TCGAb56_SNP_1N_GenomeWideSNP_6_B09_666980	1	189648483	189648527	2	-2.662
BONZE_p_TCGAb56_SNP_1N_GenomeWideSNP_6_B09_666980	1	189652047	196812507	4839	0.6895
BONZE_p_TCGAb56_SNP_1N_GenomeWideSNP_6_B09_666980	1	196812530	196815791	2	3.4049
BONZE_p_TCGAb56_SNP_1N_GenomeWideSNP_6_B09_666980	1	196816730	207256917	6597	0.7916
BONZE_p_TCGAb56_SNP_1N_GenomeWideSNP_6_B09_666980	1	207256969	207257303	2	-1.4419
BONZE_p_TCGAb56_SNP_1N_GenomeWideSNP_6_B09_666980	1	207260606	210071062	2219	0.7249
BONZE_p_TCGAb56_SNP_1N_GenomeWideSNP_6_B09_666980	1	210081613	210083984	3	-1.9443
BONZE_p_TCGAb56_SNP_1N_GenomeWideSNP_6_B09_666980	1	210086552	214410021	2889	0.7385
BONZE_p_TCGAb56_SNP_1N_GenomeWideSNP_6_B09_666980	1	214411226	215491496	848	0.4598
BONZE_p_TCGAb56_SNP_1N_GenomeWideSNP_6_B09_666980	1	215493469	215499104	7	-1.8665
BONZE_p_TCGAb56_SNP_1N_GenomeWideSNP_6_B09_666980	1	215501031	218008788	1809	0.4404
BONZE_p_TCGAb56_SNP_1N_GenomeWideSNP_6_B09_666980	1	218009473	218009496	2	-1.0353
BONZE_p_TCGAb56_SNP_1N_GenomeWideSNP_6_B09_666980	1	218010172	223020504	3407	0.4095
BONZE_p_TCGAb56_SNP_1N_GenomeWideSNP_6_B09_666980	1	223022923	223023769	3	-1.8993
BONZE_p_TCGAb56_SNP_1N_GenomeWideSNP_6_B09_666980	1	223026717	227425301	2722	0.4395
BONZE_p_TCGAb56_SNP_1N_GenomeWideSNP_6_B09_666980	1	227426205	227426406	2	-3.8148
BONZE_p_TCGAb56_SNP_1N_GenomeWideSNP_6_B09_666980	1	227429178	248737447	15270	0.7807
BONZE_p_TCGAb56_SNP_1N_GenomeWideSNP_6_B09_666980	1	248749194	248797213	33	-2.2567
BONZE_p_TCGAb56_SNP_1N_GenomeWideSNP_6_B09_666980	1	248805339	248818483	6	1.5377
BONZE_p_TCGAb56_SNP_1N_GenomeWideSNP_6_B09_666980	1	248825137	249224388	139	0.7003
BONZE_p_TCGAb56_SNP_1N_GenomeWideSNP_6_B09_666980	2	12784	2006274	1316	-0.0204
BONZE_p_TCGAb56_SNP_1N_GenomeWideSNP_6_B09_666980	2	2009887	2009915	2	-1.5736
BONZE_p_TCGAb56_SNP_1N_GenomeWideSNP_6_B09_666980	2	2014133	3197347	913	0.0304
BONZE_p_TCGAb56_SNP_1N_GenomeWideSNP_6_B09_666980	2	3197362	3201417	18	-0.4407
BONZE_p_TCGAb56_SNP_1N_GenomeWideSNP_6_B09_666980	2	3202997	12304045	7054	0.0392
BONZE_p_TCGAb56_SNP_1N_GenomeWideSNP_6_B09_666980	2	12304073	12304315	5	-0.9351
BONZE_p_TCGAb56_SNP_1N_GenomeWideSNP_6_B09_666980	2	12304371	36332258	16007	0.0328
BONZE_p_TCGAb56_SNP_1N_GenomeWideSNP_6_B09_666980	2	36335595	36335606	8	0.8811
BONZE_p_TCGAb56_SNP_1N_GenomeWideSNP_6_B09_666980	2	36336619	38012033	1331	0.0332
BONZE_p_TCGAb56_SNP_1N_GenomeWideSNP_6_B09_666980	2	38012196	38013650	5	0.9352
BONZE_p_TCGAb56_SNP_1N_GenomeWideSNP_6_B09_666980	2	38014191	41242759	2341	0.0155
BONZE_p_TCGAb56_SNP_1N_GenomeWideSNP_6_B09_666980	2	41242830	41251265	11	-0.5623
BONZE_p_TCGAb56_SNP_1N_GenomeWideSNP_6_B09_666980	2	41251278	52741737	8186	0.0194
BONZE_p_TCGAb56_SNP_1N_GenomeWideSNP_6_B09_666980	2	52743925	52781542	41	-1.8178
BONZE_p_TCGAb56_SNP_1N_GenomeWideSNP_6_B09_666980	2	52787949	87513287	22130	0.0063
BONZE_p_TCGAb56_SNP_1N_GenomeWideSNP_6_B09_666980	2	87514379	87520356	3	-2.0325
BONZE_p_TCGAb56_SNP_1N_GenomeWideSNP_6_B09_666980	2	87521205	87627854	25	0.0517
BONZE_p_TCGAb56_SNP_1N_GenomeWideSNP_6_B09_666980	2	87738406	87996372	62	-0.3784
BONZE_p_TCGAb56_SNP_1N_GenomeWideSNP_6_B09_666980	2	88024667	98154265	1875	-0.0045
BONZE_p_TCGAb56_SNP_1N_GenomeWideSNP_6_B09_666980	2	98157272	98161710	3	-1.8934
BONZE_p_TCGAb56_SNP_1N_GenomeWideSNP_6_B09_666980	2	98162189	106874006	5573	0.0188
BONZE_p_TCGAb56_SNP_1N_GenomeWideSNP_6_B09_666980	2	106874497	106887255	16	0.5692
BONZE_p_TCGAb56_SNP_1N_GenomeWideSNP_6_B09_666980	2	106887408	111037146	2195	0.0217
BONZE_p_TCGAb56_SNP_1N_GenomeWideSNP_6_B09_666980	2	111037308	111051532	5	-0.9619
BONZE_p_TCGAb56_SNP_1N_GenomeWideSNP_6_B09_666980	2	111051550	117476453	3533	0.0057
BONZE_p_TCGAb56_SNP_1N_GenomeWideSNP_6_B09_666980	2	117476586	117604380	63	-0.269
BONZE_p_TCGAb56_SNP_1N_GenomeWideSNP_6_B09_666980	2	117606521	127842642	6620	0.0269
BONZE_p_TCGAb56_SNP_1N_GenomeWideSNP_6_B09_666980	2	127843193	127843489	2	-1.514
BONZE_p_TCGAb56_SNP_1N_GenomeWideSNP_6_B09_666980	2	127848872	133061959	2665	0.0218
BONZE_p_TCGAb56_SNP_1N_GenomeWideSNP_6_B09_666980	2	133064390	133114536	19	-0.62
BONZE_p_TCGAb56_SNP_1N_GenomeWideSNP_6_B09_666980	2	133114639	146864404	8850	-0.0248
BONZE_p_TCGAb56_SNP_1N_GenomeWideSNP_6_B09_666980	2	146864429	146866934	23	0.7324
BONZE_p_TCGAb56_SNP_1N_GenomeWideSNP_6_B09_666980	2	146877806	150519958	1870	-0.0285
BONZE_p_TCGAb56_SNP_1N_GenomeWideSNP_6_B09_666980	2	150520231	150549489	18	-0.6741
BONZE_p_TCGAb56_SNP_1N_GenomeWideSNP_6_B09_666980	2	150552390	152787401	1632	-0.0136
BONZE_p_TCGAb56_SNP_1N_GenomeWideSNP_6_B09_666980	2	152787697	152793864	2	-1.6622
BONZE_p_TCGAb56_SNP_1N_GenomeWideSNP_6_B09_666980	2	152794904	155692796	1851	-0.0022
BONZE_p_TCGAb56_SNP_1N_GenomeWideSNP_6_B09_666980	2	155694839	155695054	2	-3.2688
BONZE_p_TCGAb56_SNP_1N_GenomeWideSNP_6_B09_666980	2	155695054	209656143	32474	-0.0147
BONZE_p_TCGAb56_SNP_1N_GenomeWideSNP_6_B09_666980	2	209656270	209657770	2	-2.4149
BONZE_p_TCGAb56_SNP_1N_GenomeWideSNP_6_B09_666980	2	209660563	232432270	14684	0.0072
BONZE_p_TCGAb56_SNP_1N_GenomeWideSNP_6_B09_666980	2	232432298	232437178	6	0.7445
BONZE_p_TCGAb56_SNP_1N_GenomeWideSNP_6_B09_666980	2	232437359	232511514	31	0.0015
BONZE_p_TCGAb56_SNP_1N_GenomeWideSNP_6_B09_666980	2	232527611	243089456	6572	-0.7145
BONZE_p_TCGAb56_SNP_1N_GenomeWideSNP_6_B09_666980	3	60345	11412604	9556	-0.7769
BONZE_p_TCGAb56_SNP_1N_GenomeWideSNP_6_B09_666980	3	11412823	11413400	3	-3.6887
BONZE_p_TCGAb56_SNP_1N_GenomeWideSNP_6_B09_666980	3	11417265	31503397	13978	-0.7687
BONZE_p_TCGAb56_SNP_1N_GenomeWideSNP_6_B09_666980	3	31503419	31509235	4	0.7061
BONZE_p_TCGAb56_SNP_1N_GenomeWideSNP_6_B09_666980	3	31509996	40753307	5854	-0.7261
BONZE_p_TCGAb56_SNP_1N_GenomeWideSNP_6_B09_666980	3	40753960	40754437	2	-3.3072
BONZE_p_TCGAb56_SNP_1N_GenomeWideSNP_6_B09_666980	3	40755241	65199702	15906	-0.717
BONZE_p_TCGAb56_SNP_1N_GenomeWideSNP_6_B09_666980	3	65199867	65207346	15	0.2178
BONZE_p_TCGAb56_SNP_1N_GenomeWideSNP_6_B09_666980	3	65207713	69990849	3486	-0.7451
BONZE_p_TCGAb56_SNP_1N_GenomeWideSNP_6_B09_666980	3	69992360	75674368	3901	0.0357
BONZE_p_TCGAb56_SNP_1N_GenomeWideSNP_6_B09_666980	3	75674613	75823571	47	-0.3309
BONZE_p_TCGAb56_SNP_1N_GenomeWideSNP_6_B09_666980	3	75826186	98937784	10950	-0.0284
BONZE_p_TCGAb56_SNP_1N_GenomeWideSNP_6_B09_666980	3	98944458	98952392	42	-0.5029
BONZE_p_TCGAb56_SNP_1N_GenomeWideSNP_6_B09_666980	3	98952443	125432406	16268	0.4278
BONZE_p_TCGAb56_SNP_1N_GenomeWideSNP_6_B09_666980	3	125435263	125458762	13	-0.0296
BONZE_p_TCGAb56_SNP_1N_GenomeWideSNP_6_B09_666980	3	125462329	129798735	2518	0.5088
BONZE_p_TCGAb56_SNP_1N_GenomeWideSNP_6_B09_666980	3	129798781	129856746	30	0.139
BONZE_p_TCGAb56_SNP_1N_GenomeWideSNP_6_B09_666980	3	129860625	131732709	1169	0.4458
BONZE_p_TCGAb56_SNP_1N_GenomeWideSNP_6_B09_666980	3	131734429	131762110	32	-0.8424
BONZE_p_TCGAb56_SNP_1N_GenomeWideSNP_6_B09_666980	3	131764644	162123366	18793	0.4486
BONZE_p_TCGAb56_SNP_1N_GenomeWideSNP_6_B09_666980	3	162137600	162142705	14	-0.7813
BONZE_p_TCGAb56_SNP_1N_GenomeWideSNP_6_B09_666980	3	162144248	162512657	262	0.4553
BONZE_p_TCGAb56_SNP_1N_GenomeWideSNP_6_B09_666980	3	162512739	162626572	70	0.9456
BONZE_p_TCGAb56_SNP_1N_GenomeWideSNP_6_B09_666980	3	162626603	165040863	1315	0.4176
BONZE_p_TCGAb56_SNP_1N_GenomeWideSNP_6_B09_666980	3	165041548	165085429	66	-0.1821
BONZE_p_TCGAb56_SNP_1N_GenomeWideSNP_6_B09_666980	3	165088522	173229160	4983	0.4272
BONZE_p_TCGAb56_SNP_1N_GenomeWideSNP_6_B09_666980	3	173229379	173240635	5	-0.5829
BONZE_p_TCGAb56_SNP_1N_GenomeWideSNP_6_B09_666980	3	173247479	174946993	1168	0.4434
BONZE_p_TCGAb56_SNP_1N_GenomeWideSNP_6_B09_666980	3	174952260	175261005	288	-0.015
BONZE_p_TCGAb56_SNP_1N_GenomeWideSNP_6_B09_666980	3	175262419	192873704	11368	0.4415
BONZE_p_TCGAb56_SNP_1N_GenomeWideSNP_6_B09_666980	3	192873807	192882903	22	1.3037
BONZE_p_TCGAb56_SNP_1N_GenomeWideSNP_6_B09_666980	3	192886435	194634588	1161	0.4764
BONZE_p_TCGAb56_SNP_1N_GenomeWideSNP_6_B09_666980	3	194641316	194641845	5	-1.2574
BONZE_p_TCGAb56_SNP_1N_GenomeWideSNP_6_B09_666980	3	194642480	195455861	350	0.471
BONZE_p_TCGAb56_SNP_1N_GenomeWideSNP_6_B09_666980	3	195455876	195456889	7	-0.3527
BONZE_p_TCGAb56_SNP_1N_GenomeWideSNP_6_B09_666980	3	195460696	197835885	1160	0.4934
BONZE_p_TCGAb56_SNP_1N_GenomeWideSNP_6_B09_666980	3	197838213	197896118	24	0.0471
BONZE_p_TCGAb56_SNP_1N_GenomeWideSNP_6_B09_666980	4	12281	10210294	5783	-0.6952
BONZE_p_TCGAb56_SNP_1N_GenomeWideSNP_6_B09_666980	4	10210390	10234608	33	0.5613
BONZE_p_TCGAb56_SNP_1N_GenomeWideSNP_6_B09_666980	4	10235007	10272093	46	-0.709
BONZE_p_TCGAb56_SNP_1N_GenomeWideSNP_6_B09_666980	4	10272788	10274626	9	-4.3876
BONZE_p_TCGAb56_SNP_1N_GenomeWideSNP_6_B09_666980	4	10274934	14771349	3622	-0.7568
BONZE_p_TCGAb56_SNP_1N_GenomeWideSNP_6_B09_666980	4	14771746	14772224	2	-3.2566
BONZE_p_TCGAb56_SNP_1N_GenomeWideSNP_6_B09_666980	4	14775050	16037406	928	-0.8027
BONZE_p_TCGAb56_SNP_1N_GenomeWideSNP_6_B09_666980	4	16038752	16863266	595	-2.367
BONZE_p_TCGAb56_SNP_1N_GenomeWideSNP_6_B09_666980	4	16863659	25557047	5989	-0.755
BONZE_p_TCGAb56_SNP_1N_GenomeWideSNP_6_B09_666980	4	25557557	25586206	19	0.168
BONZE_p_TCGAb56_SNP_1N_GenomeWideSNP_6_B09_666980	4	25590119	34779054	5759	-0.7772
BONZE_p_TCGAb56_SNP_1N_GenomeWideSNP_6_B09_666980	4	34786500	34819211	35	-1.8998
BONZE_p_TCGAb56_SNP_1N_GenomeWideSNP_6_B09_666980	4	34821340	40151656	3528	-0.7683
BONZE_p_TCGAb56_SNP_1N_GenomeWideSNP_6_B09_666980	4	40151675	40152161	2	1.248
BONZE_p_TCGAb56_SNP_1N_GenomeWideSNP_6_B09_666980	4	40156612	43524048	2229	-0.7452
BONZE_p_TCGAb56_SNP_1N_GenomeWideSNP_6_B09_666980	4	43528395	69244434	13698	-0.0186
BONZE_p_TCGAb56_SNP_1N_GenomeWideSNP_6_B09_666980	4	69255070	69485840	92	-0.3868
BONZE_p_TCGAb56_SNP_1N_GenomeWideSNP_6_B09_666980	4	69485979	72934539	1975	-0.0269
BONZE_p_TCGAb56_SNP_1N_GenomeWideSNP_6_B09_666980	4	72934632	78172228	3329	0.4515
BONZE_p_TCGAb56_SNP_1N_GenomeWideSNP_6_B09_666980	4	78172733	86110530	4896	-0.0177
BONZE_p_TCGAb56_SNP_1N_GenomeWideSNP_6_B09_666980	4	86110874	86114858	2	1.4311
BONZE_p_TCGAb56_SNP_1N_GenomeWideSNP_6_B09_666980	4	86116288	86643742	386	-0.0204
BONZE_p_TCGAb56_SNP_1N_GenomeWideSNP_6_B09_666980	4	86643857	86644102	3	0.7629
BONZE_p_TCGAb56_SNP_1N_GenomeWideSNP_6_B09_666980	4	86644130	86975062	245	0.0057
BONZE_p_TCGAb56_SNP_1N_GenomeWideSNP_6_B09_666980	4	86975223	86980089	22	-0.51
BONZE_p_TCGAb56_SNP_1N_GenomeWideSNP_6_B09_666980	4	86982428	100224840	7823	-0.0193
BONZE_p_TCGAb56_SNP_1N_GenomeWideSNP_6_B09_666980	4	100226324	115179352	9084	0.4368
BONZE_p_TCGAb56_SNP_1N_GenomeWideSNP_6_B09_666980	4	115179428	115184380	18	-0.1537
BONZE_p_TCGAb56_SNP_1N_GenomeWideSNP_6_B09_666980	4	115184390	123370525	4936	0.4138
BONZE_p_TCGAb56_SNP_1N_GenomeWideSNP_6_B09_666980	4	123372315	152164579	16893	-0.0105
BONZE_p_TCGAb56_SNP_1N_GenomeWideSNP_6_B09_666980	4	152169499	152189532	11	-0.6728
BONZE_p_TCGAb56_SNP_1N_GenomeWideSNP_6_B09_666980	4	152192808	161946759	6282	0.008
BONZE_p_TCGAb56_SNP_1N_GenomeWideSNP_6_B09_666980	4	161952228	162003219	42	0.3745
BONZE_p_TCGAb56_SNP_1N_GenomeWideSNP_6_B09_666980	4	162003266	191015201	19125	0.0018
BONZE_p_TCGAb56_SNP_1N_GenomeWideSNP_6_B09_666980	4	191016164	191027923	3	-0.5735
BONZE_p_TCGAb56_SNP_1N_GenomeWideSNP_6_B09_666980	5	15532	742384	324	-0.7444
BONZE_p_TCGAb56_SNP_1N_GenomeWideSNP_6_B09_666980	5	742689	833628	39	-2.0744
BONZE_p_TCGAb56_SNP_1N_GenomeWideSNP_6_B09_666980	5	852566	15719350	11817	-0.7612
BONZE_p_TCGAb56_SNP_1N_GenomeWideSNP_6_B09_666980	5	15720075	15720597	9	-4.9831
BONZE_p_TCGAb56_SNP_1N_GenomeWideSNP_6_B09_666980	5	15723346	24203269	5107	-0.7632
BONZE_p_TCGAb56_SNP_1N_GenomeWideSNP_6_B09_666980	5	24206379	46191884	13447	-0.002
BONZE_p_TCGAb56_SNP_1N_GenomeWideSNP_6_B09_666980	5	46195883	46199435	4	-1.2984
BONZE_p_TCGAb56_SNP_1N_GenomeWideSNP_6_B09_666980	5	46209299	46246660	12	0.1642
BONZE_p_TCGAb56_SNP_1N_GenomeWideSNP_6_B09_666980	5	46251306	46278212	10	1.0041
BONZE_p_TCGAb56_SNP_1N_GenomeWideSNP_6_B09_666980	5	46313347	49597497	64	0.1364
BONZE_p_TCGAb56_SNP_1N_GenomeWideSNP_6_B09_666980	5	49597505	49623598	12	-0.8506
BONZE_p_TCGAb56_SNP_1N_GenomeWideSNP_6_B09_666980	5	49623821	49706790	25	0.0109
BONZE_p_TCGAb56_SNP_1N_GenomeWideSNP_6_B09_666980	5	49708445	49708458	2	-1.7331
BONZE_p_TCGAb56_SNP_1N_GenomeWideSNP_6_B09_666980	5	49710255	52675353	1838	-0.045
BONZE_p_TCGAb56_SNP_1N_GenomeWideSNP_6_B09_666980	5	52680041	55275152	1663	-0.7479
BONZE_p_TCGAb56_SNP_1N_GenomeWideSNP_6_B09_666980	5	55275566	55559998	163	-3.4555
BONZE_p_TCGAb56_SNP_1N_GenomeWideSNP_6_B09_666980	5	55562115	57321646	1301	-0.7547
BONZE_p_TCGAb56_SNP_1N_GenomeWideSNP_6_B09_666980	5	57326027	57340073	34	0.1096
BONZE_p_TCGAb56_SNP_1N_GenomeWideSNP_6_B09_666980	5	57341014	68825001	7284	-0.7608
BONZE_p_TCGAb56_SNP_1N_GenomeWideSNP_6_B09_666980	5	68829033	70654072	30	-0.1153
BONZE_p_TCGAb56_SNP_1N_GenomeWideSNP_6_B09_666980	5	70660751	81419278	6874	-0.7556
BONZE_p_TCGAb56_SNP_1N_GenomeWideSNP_6_B09_666980	5	81419290	81427482	2	-3.6266
BONZE_p_TCGAb56_SNP_1N_GenomeWideSNP_6_B09_666980	5	81428038	86677220	3037	-0.7856
BONZE_p_TCGAb56_SNP_1N_GenomeWideSNP_6_B09_666980	5	86678102	97485129	5924	-0.0357
BONZE_p_TCGAb56_SNP_1N_GenomeWideSNP_6_B09_666980	5	97487008	97487225	4	1.2003
BONZE_p_TCGAb56_SNP_1N_GenomeWideSNP_6_B09_666980	5	97492056	125352201	18377	-0.0196
BONZE_p_TCGAb56_SNP_1N_GenomeWideSNP_6_B09_666980	5	125352377	125352752	2	-1.3503
BONZE_p_TCGAb56_SNP_1N_GenomeWideSNP_6_B09_666980	5	125354701	157320276	20046	0.0176
BONZE_p_TCGAb56_SNP_1N_GenomeWideSNP_6_B09_666980	5	157321188	157474613	100	0.4821
BONZE_p_TCGAb56_SNP_1N_GenomeWideSNP_6_B09_666980	5	157476833	159016266	1079	-0.0371
BONZE_p_TCGAb56_SNP_1N_GenomeWideSNP_6_B09_666980	5	159024765	160187441	804	-0.7643
BONZE_p_TCGAb56_SNP_1N_GenomeWideSNP_6_B09_666980	5	160188914	164512911	2738	-0.0378
BONZE_p_TCGAb56_SNP_1N_GenomeWideSNP_6_B09_666980	5	164519170	164525657	4	-1.0759
BONZE_p_TCGAb56_SNP_1N_GenomeWideSNP_6_B09_666980	5	164526703	178370093	9486	0.0328
BONZE_p_TCGAb56_SNP_1N_GenomeWideSNP_6_B09_666980	5	178378514	178592302	121	-0.7588
BONZE_p_TCGAb56_SNP_1N_GenomeWideSNP_6_B09_666980	5	178595870	180715109	1262	0.0676
BONZE_p_TCGAb56_SNP_1N_GenomeWideSNP_6_B09_666980	5	180719802	180790320	2	-0.6807
BONZE_p_TCGAb56_SNP_1N_GenomeWideSNP_6_B09_666980	6	149661	22467601	17273	0.4625
BONZE_p_TCGAb56_SNP_1N_GenomeWideSNP_6_B09_666980	6	22469283	22469959	2	1.7453
BONZE_p_TCGAb56_SNP_1N_GenomeWideSNP_6_B09_666980	6	22470251	23009315	427	0.4716
BONZE_p_TCGAb56_SNP_1N_GenomeWideSNP_6_B09_666980	6	23014878	29837072	4050	-0.015
BONZE_p_TCGAb56_SNP_1N_GenomeWideSNP_6_B09_666980	6	29837187	29849267	16	-1.0712
BONZE_p_TCGAb56_SNP_1N_GenomeWideSNP_6_B09_666980	6	29850196	32508476	1209	0.0174
BONZE_p_TCGAb56_SNP_1N_GenomeWideSNP_6_B09_666980	6	32509283	32540477	10	-0.9357
BONZE_p_TCGAb56_SNP_1N_GenomeWideSNP_6_B09_666980	6	32540611	32581838	15	0.0069
BONZE_p_TCGAb56_SNP_1N_GenomeWideSNP_6_B09_666980	6	32581889	32601317	10	1.0582
BONZE_p_TCGAb56_SNP_1N_GenomeWideSNP_6_B09_666980	6	32602107	53931419	13770	0.0225
BONZE_p_TCGAb56_SNP_1N_GenomeWideSNP_6_B09_666980	6	53931803	53931855	2	-1.9054
BONZE_p_TCGAb56_SNP_1N_GenomeWideSNP_6_B09_666980	6	53935348	78962889	13295	-0.0263
BONZE_p_TCGAb56_SNP_1N_GenomeWideSNP_6_B09_666980	6	78969065	79035185	113	0.3731
BONZE_p_TCGAb56_SNP_1N_GenomeWideSNP_6_B09_666980	6	79039234	94743025	10079	-0.0109
BONZE_p_TCGAb56_SNP_1N_GenomeWideSNP_6_B09_666980	6	94743229	94768079	20	-0.8907
BONZE_p_TCGAb56_SNP_1N_GenomeWideSNP_6_B09_666980	6	94768659	94998843	139	-0.0115
BONZE_p_TCGAb56_SNP_1N_GenomeWideSNP_6_B09_666980	6	95001254	95005206	5	0.8477
BONZE_p_TCGAb56_SNP_1N_GenomeWideSNP_6_B09_666980	6	95008054	113231479	11287	-0.0074
BONZE_p_TCGAb56_SNP_1N_GenomeWideSNP_6_B09_666980	6	113232989	154603498	26801	0.4223
BONZE_p_TCGAb56_SNP_1N_GenomeWideSNP_6_B09_666980	6	154608346	170982534	11423	-0.7685
BONZE_p_TCGAb56_SNP_1N_GenomeWideSNP_6_B09_666980	6	171050379	171051005	2	0.3038
BONZE_p_TCGAb56_SNP_1N_GenomeWideSNP_6_B09_666980	7	43355	3389090	1427	0.0868
BONZE_p_TCGAb56_SNP_1N_GenomeWideSNP_6_B09_666980	7	3395079	3395326	5	-1.3681
BONZE_p_TCGAb56_SNP_1N_GenomeWideSNP_6_B09_666980	7	3398760	29668591	20041	0.0019
BONZE_p_TCGAb56_SNP_1N_GenomeWideSNP_6_B09_666980	7	29670718	29785930	57	0.5069
BONZE_p_TCGAb56_SNP_1N_GenomeWideSNP_6_B09_666980	7	29786382	29908405	89	0.0846
BONZE_p_TCGAb56_SNP_1N_GenomeWideSNP_6_B09_666980	7	29908512	29909574	3	-0.8807
BONZE_p_TCGAb56_SNP_1N_GenomeWideSNP_6_B09_666980	7	29910199	43248626	9218	0.0214
BONZE_p_TCGAb56_SNP_1N_GenomeWideSNP_6_B09_666980	7	43251767	43273287	18	0.4426
BONZE_p_TCGAb56_SNP_1N_GenomeWideSNP_6_B09_666980	7	43273722	45549254	1241	0.0529
BONZE_p_TCGAb56_SNP_1N_GenomeWideSNP_6_B09_666980	7	45551861	45552381	2	-1.3026
BONZE_p_TCGAb56_SNP_1N_GenomeWideSNP_6_B09_666980	7	45553146	76432688	15076	0.025
BONZE_p_TCGAb56_SNP_1N_GenomeWideSNP_6_B09_666980	7	76432717	76513904	102	0.3429
BONZE_p_TCGAb56_SNP_1N_GenomeWideSNP_6_B09_666980	7	76513930	88163278	7489	-0.0355
BONZE_p_TCGAb56_SNP_1N_GenomeWideSNP_6_B09_666980	7	88163568	88168700	2	-1.79
BONZE_p_TCGAb56_SNP_1N_GenomeWideSNP_6_B09_666980	7	88171379	97385970	5953	-0.0042
BONZE_p_TCGAb56_SNP_1N_GenomeWideSNP_6_B09_666980	7	97395460	97402288	15	0.6348
BONZE_p_TCGAb56_SNP_1N_GenomeWideSNP_6_B09_666980	7	97402475	105158056	3814	0.046
BONZE_p_TCGAb56_SNP_1N_GenomeWideSNP_6_B09_666980	7	105160424	105166520	3	-2.0813
BONZE_p_TCGAb56_SNP_1N_GenomeWideSNP_6_B09_666980	7	105166776	109437092	2823	0.0012
BONZE_p_TCGAb56_SNP_1N_GenomeWideSNP_6_B09_666980	7	109437093	109437101	7	0.8618
BONZE_p_TCGAb56_SNP_1N_GenomeWideSNP_6_B09_666980	7	109437669	109441244	17	-0.0597
BONZE_p_TCGAb56_SNP_1N_GenomeWideSNP_6_B09_666980	7	109441629	109453910	10	-2.1676
BONZE_p_TCGAb56_SNP_1N_GenomeWideSNP_6_B09_666980	7	109453982	115609848	3659	-0.0257
BONZE_p_TCGAb56_SNP_1N_GenomeWideSNP_6_B09_666980	7	115610027	115629618	19	-0.9788
BONZE_p_TCGAb56_SNP_1N_GenomeWideSNP_6_B09_666980	7	115637132	126044974	6357	-0.0377
BONZE_p_TCGAb56_SNP_1N_GenomeWideSNP_6_B09_666980	7	126045482	126046878	15	0.7171
BONZE_p_TCGAb56_SNP_1N_GenomeWideSNP_6_B09_666980	7	126046879	133785195	4707	0.0267
BONZE_p_TCGAb56_SNP_1N_GenomeWideSNP_6_B09_666980	7	133785211	133790443	24	-1.4547
BONZE_p_TCGAb56_SNP_1N_GenomeWideSNP_6_B09_666980	7	133795634	141759994	5204	0.0161
BONZE_p_TCGAb56_SNP_1N_GenomeWideSNP_6_B09_666980	7	141760830	141791908	45	-0.5285
BONZE_p_TCGAb56_SNP_1N_GenomeWideSNP_6_B09_666980	7	141792107	143911624	1323	0.0493
BONZE_p_TCGAb56_SNP_1N_GenomeWideSNP_6_B09_666980	7	143917601	144066947	38	-0.7005
BONZE_p_TCGAb56_SNP_1N_GenomeWideSNP_6_B09_666980	7	144074929	159127004	9698	0.0274
BONZE_p_TCGAb56_SNP_1N_GenomeWideSNP_6_B09_666980	8	31254	162832	8	-0.0425
BONZE_p_TCGAb56_SNP_1N_GenomeWideSNP_6_B09_666980	8	163414	7226436	7821	-0.7644
BONZE_p_TCGAb56_SNP_1N_GenomeWideSNP_6_B09_666980	8	7237903	7798851	150	-1.3836
BONZE_p_TCGAb56_SNP_1N_GenomeWideSNP_6_B09_666980	8	7799390	8108906	79	-0.3859
BONZE_p_TCGAb56_SNP_1N_GenomeWideSNP_6_B09_666980	8	8109936	9056862	882	-0.7271
BONZE_p_TCGAb56_SNP_1N_GenomeWideSNP_6_B09_666980	8	9056893	9082495	56	-0.3679
BONZE_p_TCGAb56_SNP_1N_GenomeWideSNP_6_B09_666980	8	9082973	11843758	2248	-0.7535
BONZE_p_TCGAb56_SNP_1N_GenomeWideSNP_6_B09_666980	8	11845123	12000309	22	-0.27
BONZE_p_TCGAb56_SNP_1N_GenomeWideSNP_6_B09_666980	8	12001123	12327522	77	-1.393
BONZE_p_TCGAb56_SNP_1N_GenomeWideSNP_6_B09_666980	8	12327833	12644497	132	-0.6908
BONZE_p_TCGAb56_SNP_1N_GenomeWideSNP_6_B09_666980	8	12644857	12757783	121	0.0463
BONZE_p_TCGAb56_SNP_1N_GenomeWideSNP_6_B09_666980	8	12761984	13868720	1136	-0.7851
BONZE_p_TCGAb56_SNP_1N_GenomeWideSNP_6_B09_666980	8	13869319	15921301	1899	-0.0236
BONZE_p_TCGAb56_SNP_1N_GenomeWideSNP_6_B09_666980	8	15921400	15968430	39	-0.3946
BONZE_p_TCGAb56_SNP_1N_GenomeWideSNP_6_B09_666980	8	15968866	18265154	2040	0.0203
BONZE_p_TCGAb56_SNP_1N_GenomeWideSNP_6_B09_666980	8	18266157	18271185	4	-1.9521
BONZE_p_TCGAb56_SNP_1N_GenomeWideSNP_6_B09_666980	8	18271387	51032011	18819	0.0255
BONZE_p_TCGAb56_SNP_1N_GenomeWideSNP_6_B09_666980	8	51032024	51032387	7	-1.7576
BONZE_p_TCGAb56_SNP_1N_GenomeWideSNP_6_B09_666980	8	51033423	58933452	5190	-0.0144
BONZE_p_TCGAb56_SNP_1N_GenomeWideSNP_6_B09_666980	8	58936071	68547669	5764	0.4347
BONZE_p_TCGAb56_SNP_1N_GenomeWideSNP_6_B09_666980	8	68548132	68548400	6	-0.9106
BONZE_p_TCGAb56_SNP_1N_GenomeWideSNP_6_B09_666980	8	68548491	101556265	19859	0.4399
BONZE_p_TCGAb56_SNP_1N_GenomeWideSNP_6_B09_666980	8	101556737	103057852	1109	1.1801
BONZE_p_TCGAb56_SNP_1N_GenomeWideSNP_6_B09_666980	8	103058037	103059259	11	0.5708
BONZE_p_TCGAb56_SNP_1N_GenomeWideSNP_6_B09_666980	8	103061479	103984508	519	1.1646
BONZE_p_TCGAb56_SNP_1N_GenomeWideSNP_6_B09_666980	8	103987934	103992564	2	2.7791
BONZE_p_TCGAb56_SNP_1N_GenomeWideSNP_6_B09_666980	8	103992590	103995823	3	0.4382
BONZE_p_TCGAb56_SNP_1N_GenomeWideSNP_6_B09_666980	8	103997435	107222735	1917	1.1876
BONZE_p_TCGAb56_SNP_1N_GenomeWideSNP_6_B09_666980	8	107227494	107390326	112	-0.0361
BONZE_p_TCGAb56_SNP_1N_GenomeWideSNP_6_B09_666980	8	107390341	107397659	12	0.8434
BONZE_p_TCGAb56_SNP_1N_GenomeWideSNP_6_B09_666980	8	107397866	112291494	2956	1.1355
BONZE_p_TCGAb56_SNP_1N_GenomeWideSNP_6_B09_666980	8	112294279	112295245	9	-1.183
BONZE_p_TCGAb56_SNP_1N_GenomeWideSNP_6_B09_666980	8	112295260	115634907	1837	1.0081
BONZE_p_TCGAb56_SNP_1N_GenomeWideSNP_6_B09_666980	8	115635080	115641731	29	0.1275
BONZE_p_TCGAb56_SNP_1N_GenomeWideSNP_6_B09_666980	8	115650697	133057112	12097	0.8085
BONZE_p_TCGAb56_SNP_1N_GenomeWideSNP_6_B09_666980	8	133059034	133781528	589	0.4402
BONZE_p_TCGAb56_SNP_1N_GenomeWideSNP_6_B09_666980	8	133782186	133783470	4	-1.0764
BONZE_p_TCGAb56_SNP_1N_GenomeWideSNP_6_B09_666980	8	133795620	137116446	2814	0.4364
BONZE_p_TCGAb56_SNP_1N_GenomeWideSNP_6_B09_666980	8	137118517	137324859	150	-0.0244
BONZE_p_TCGAb56_SNP_1N_GenomeWideSNP_6_B09_666980	8	137326610	137893470	445	0.3957
BONZE_p_TCGAb56_SNP_1N_GenomeWideSNP_6_B09_666980	8	137894500	137894514	2	-2.1418
BONZE_p_TCGAb56_SNP_1N_GenomeWideSNP_6_B09_666980	8	137900733	141887730	3098	0.4415
BONZE_p_TCGAb56_SNP_1N_GenomeWideSNP_6_B09_666980	8	141889045	144299369	1236	0.7267
BONZE_p_TCGAb56_SNP_1N_GenomeWideSNP_6_B09_666980	8	144299405	144310617	12	-0.3904
BONZE_p_TCGAb56_SNP_1N_GenomeWideSNP_6_B09_666980	8	144314377	144699157	119	0.8144
BONZE_p_TCGAb56_SNP_1N_GenomeWideSNP_6_B09_666980	8	144705157	144707808	9	-1.3536
BONZE_p_TCGAb56_SNP_1N_GenomeWideSNP_6_B09_666980	8	144718989	144915171	63	0.674
BONZE_p_TCGAb56_SNP_1N_GenomeWideSNP_6_B09_666980	8	144920691	146298155	442	0.969
BONZE_p_TCGAb56_SNP_1N_GenomeWideSNP_6_B09_666980	9	46587	149481	17	0.0189
BONZE_p_TCGAb56_SNP_1N_GenomeWideSNP_6_B09_666980	9	149727	5081528	5239	0.4752
BONZE_p_TCGAb56_SNP_1N_GenomeWideSNP_6_B09_666980	9	5081541	5081766	6	-0.587
BONZE_p_TCGAb56_SNP_1N_GenomeWideSNP_6_B09_666980	9	5081852	6695986	1132	0.4537
BONZE_p_TCGAb56_SNP_1N_GenomeWideSNP_6_B09_666980	9	6701145	6708357	7	-1.2137
BONZE_p_TCGAb56_SNP_1N_GenomeWideSNP_6_B09_666980	9	6712314	12566834	5332	0.454
BONZE_p_TCGAb56_SNP_1N_GenomeWideSNP_6_B09_666980	9	12567168	12570076	3	1.4793
BONZE_p_TCGAb56_SNP_1N_GenomeWideSNP_6_B09_666980	9	12570366	23361805	8731	0.4725
BONZE_p_TCGAb56_SNP_1N_GenomeWideSNP_6_B09_666980	9	23363115	23373484	8	-2.1114
BONZE_p_TCGAb56_SNP_1N_GenomeWideSNP_6_B09_666980	9	23378488	26424759	2192	0.423
BONZE_p_TCGAb56_SNP_1N_GenomeWideSNP_6_B09_666980	9	26425844	38994130	8548	0.0071
BONZE_p_TCGAb56_SNP_1N_GenomeWideSNP_6_B09_666980	9	38996103	39053792	6	-1.837
BONZE_p_TCGAb56_SNP_1N_GenomeWideSNP_6_B09_666980	9	39057364	44243434	244	0.0671
BONZE_p_TCGAb56_SNP_1N_GenomeWideSNP_6_B09_666980	9	44244880	44827045	51	0.6163
BONZE_p_TCGAb56_SNP_1N_GenomeWideSNP_6_B09_666980	9	44830239	68713492	222	-0.0029
BONZE_p_TCGAb56_SNP_1N_GenomeWideSNP_6_B09_666980	9	68724321	69098228	42	-0.388
BONZE_p_TCGAb56_SNP_1N_GenomeWideSNP_6_B09_666980	9	69113576	69827521	60	-0.0305
BONZE_p_TCGAb56_SNP_1N_GenomeWideSNP_6_B09_666980	9	69827539	69831357	4	-1.0657
BONZE_p_TCGAb56_SNP_1N_GenomeWideSNP_6_B09_666980	9	69831983	99303270	20136	0.0438
BONZE_p_TCGAb56_SNP_1N_GenomeWideSNP_6_B09_666980	9	99303994	141091394	27889	-0.6953
BONZE_p_TCGAb56_SNP_1N_GenomeWideSNP_6_B09_666980	10	72759	2987086	2387	0.1273
BONZE_p_TCGAb56_SNP_1N_GenomeWideSNP_6_B09_666980	10	2987403	24377678	16861	0.4493
BONZE_p_TCGAb56_SNP_1N_GenomeWideSNP_6_B09_666980	10	24377679	24380683	13	-0.228
BONZE_p_TCGAb56_SNP_1N_GenomeWideSNP_6_B09_666980	10	24380698	27228350	1995	0.4506
BONZE_p_TCGAb56_SNP_1N_GenomeWideSNP_6_B09_666980	10	27228421	27228473	4	-0.5814
BONZE_p_TCGAb56_SNP_1N_GenomeWideSNP_6_B09_666980	10	27229993	27960822	478	0.4209
BONZE_p_TCGAb56_SNP_1N_GenomeWideSNP_6_B09_666980	10	27961562	47055711	9928	0.0222
BONZE_p_TCGAb56_SNP_1N_GenomeWideSNP_6_B09_666980	10	47058792	47059821	22	0.7886
BONZE_p_TCGAb56_SNP_1N_GenomeWideSNP_6_B09_666980	10	47062311	48902376	562	-0.0305
BONZE_p_TCGAb56_SNP_1N_GenomeWideSNP_6_B09_666980	10	48928791	49031252	7	-0.9929
BONZE_p_TCGAb56_SNP_1N_GenomeWideSNP_6_B09_666980	10	49045681	58516403	6337	0.0033
BONZE_p_TCGAb56_SNP_1N_GenomeWideSNP_6_B09_666980	10	58516521	58532989	42	-0.4975
BONZE_p_TCGAb56_SNP_1N_GenomeWideSNP_6_B09_666980	10	58536052	67308709	6120	-0.0016
BONZE_p_TCGAb56_SNP_1N_GenomeWideSNP_6_B09_666980	10	67308737	67314446	21	-1.8365
BONZE_p_TCGAb56_SNP_1N_GenomeWideSNP_6_B09_666980	10	67322795	67359396	47	0.0406
BONZE_p_TCGAb56_SNP_1N_GenomeWideSNP_6_B09_666980	10	67361914	67362269	3	-1.249
BONZE_p_TCGAb56_SNP_1N_GenomeWideSNP_6_B09_666980	10	67362320	68339162	747	0.0247
BONZE_p_TCGAb56_SNP_1N_GenomeWideSNP_6_B09_666980	10	68339620	68347663	6	-1.2069
BONZE_p_TCGAb56_SNP_1N_GenomeWideSNP_6_B09_666980	10	68348941	83884660	10038	0.0578
BONZE_p_TCGAb56_SNP_1N_GenomeWideSNP_6_B09_666980	10	83886535	83888667	4	-1.2863
BONZE_p_TCGAb56_SNP_1N_GenomeWideSNP_6_B09_666980	10	83889620	85918257	1630	0.0246
BONZE_p_TCGAb56_SNP_1N_GenomeWideSNP_6_B09_666980	10	85918620	85918896	2	-1.6622
BONZE_p_TCGAb56_SNP_1N_GenomeWideSNP_6_B09_666980	10	85920085	88899365	1972	0.0498
BONZE_p_TCGAb56_SNP_1N_GenomeWideSNP_6_B09_666980	10	88902004	89131190	46	-0.3301
BONZE_p_TCGAb56_SNP_1N_GenomeWideSNP_6_B09_666980	10	89133936	89793185	547	0.0128
BONZE_p_TCGAb56_SNP_1N_GenomeWideSNP_6_B09_666980	10	89799809	91275066	1118	0.4171
BONZE_p_TCGAb56_SNP_1N_GenomeWideSNP_6_B09_666980	10	91275580	91797716	361	-0.0081
BONZE_p_TCGAb56_SNP_1N_GenomeWideSNP_6_B09_666980	10	91801843	91804054	2	-1.2217
BONZE_p_TCGAb56_SNP_1N_GenomeWideSNP_6_B09_666980	10	91804734	109856031	11347	0.0283
BONZE_p_TCGAb56_SNP_1N_GenomeWideSNP_6_B09_666980	10	109856276	109856510	3	-1.362
BONZE_p_TCGAb56_SNP_1N_GenomeWideSNP_6_B09_666980	10	109856750	131190623	15604	0.0499
BONZE_p_TCGAb56_SNP_1N_GenomeWideSNP_6_B09_666980	10	131190761	131191509	3	-1.28
BONZE_p_TCGAb56_SNP_1N_GenomeWideSNP_6_B09_666980	10	131192152	132123340	712	0.0746
BONZE_p_TCGAb56_SNP_1N_GenomeWideSNP_6_B09_666980	10	132124523	135506704	2116	-0.7824
BONZE_p_TCGAb56_SNP_1N_GenomeWideSNP_6_B09_666980	11	198510	733639	175	-0.0161
BONZE_p_TCGAb56_SNP_1N_GenomeWideSNP_6_B09_666980	11	733813	742375	3	-1.2536
BONZE_p_TCGAb56_SNP_1N_GenomeWideSNP_6_B09_666980	11	742508	2479195	642	0.1009
BONZE_p_TCGAb56_SNP_1N_GenomeWideSNP_6_B09_666980	11	2479945	2489923	6	-0.659
BONZE_p_TCGAb56_SNP_1N_GenomeWideSNP_6_B09_666980	11	2490410	2677682	96	-0.0401
BONZE_p_TCGAb56_SNP_1N_GenomeWideSNP_6_B09_666980	11	2683412	2684991	2	-0.8175
BONZE_p_TCGAb56_SNP_1N_GenomeWideSNP_6_B09_666980	11	2685864	6116105	2657	0.011
BONZE_p_TCGAb56_SNP_1N_GenomeWideSNP_6_B09_666980	11	6116843	6122094	5	-1.4753
BONZE_p_TCGAb56_SNP_1N_GenomeWideSNP_6_B09_666980	11	6122503	55509368	31178	0.0228
BONZE_p_TCGAb56_SNP_1N_GenomeWideSNP_6_B09_666980	11	55520756	55520760	2	1.5352
BONZE_p_TCGAb56_SNP_1N_GenomeWideSNP_6_B09_666980	11	55523571	61983656	3857	0.0245
BONZE_p_TCGAb56_SNP_1N_GenomeWideSNP_6_B09_666980	11	61991756	62016765	33	-0.6614
BONZE_p_TCGAb56_SNP_1N_GenomeWideSNP_6_B09_666980	11	62016894	79967504	9362	0.0599
BONZE_p_TCGAb56_SNP_1N_GenomeWideSNP_6_B09_666980	11	79967513	79967548	2	-2.3012
BONZE_p_TCGAb56_SNP_1N_GenomeWideSNP_6_B09_666980	11	79967564	95756811	10931	-0.0085
BONZE_p_TCGAb56_SNP_1N_GenomeWideSNP_6_B09_666980	11	95756889	96039740	283	0.4253
BONZE_p_TCGAb56_SNP_1N_GenomeWideSNP_6_B09_666980	11	96041245	124686863	20080	0.0166
BONZE_p_TCGAb56_SNP_1N_GenomeWideSNP_6_B09_666980	11	124687015	124688189	2	-1.423
BONZE_p_TCGAb56_SNP_1N_GenomeWideSNP_6_B09_666980	11	124688317	126549014	1307	0.0607
BONZE_p_TCGAb56_SNP_1N_GenomeWideSNP_6_B09_666980	11	126549245	126549257	2	1.3233
BONZE_p_TCGAb56_SNP_1N_GenomeWideSNP_6_B09_666980	11	126549503	127788904	982	0.0493
BONZE_p_TCGAb56_SNP_1N_GenomeWideSNP_6_B09_666980	11	127790755	127790962	3	-2.2253
BONZE_p_TCGAb56_SNP_1N_GenomeWideSNP_6_B09_666980	11	127792290	134944770	5537	0.0155
BONZE_p_TCGAb56_SNP_1N_GenomeWideSNP_6_B09_666980	12	150442	8556693	5618	0.0454
BONZE_p_TCGAb56_SNP_1N_GenomeWideSNP_6_B09_666980	12	8558488	8584672	22	0.9272
BONZE_p_TCGAb56_SNP_1N_GenomeWideSNP_6_B09_666980	12	8594894	9633870	562	-0.0304
BONZE_p_TCGAb56_SNP_1N_GenomeWideSNP_6_B09_666980	12	9637909	9715565	23	-1.2578
BONZE_p_TCGAb56_SNP_1N_GenomeWideSNP_6_B09_666980	12	9728292	11526289	1210	-0.003
BONZE_p_TCGAb56_SNP_1N_GenomeWideSNP_6_B09_666980	12	11536113	11541029	8	0.8592
BONZE_p_TCGAb56_SNP_1N_GenomeWideSNP_6_B09_666980	12	11543386	12530697	826	0.0222
BONZE_p_TCGAb56_SNP_1N_GenomeWideSNP_6_B09_666980	12	12536219	12540467	16	-0.5996
BONZE_p_TCGAb56_SNP_1N_GenomeWideSNP_6_B09_666980	12	12541869	25250775	8608	-0.0021
BONZE_p_TCGAb56_SNP_1N_GenomeWideSNP_6_B09_666980	12	25250856	25251027	6	1.1966
BONZE_p_TCGAb56_SNP_1N_GenomeWideSNP_6_B09_666980	12	25252178	31265057	4579	-0.0087
BONZE_p_TCGAb56_SNP_1N_GenomeWideSNP_6_B09_666980	12	31269298	31407123	91	0.4625
BONZE_p_TCGAb56_SNP_1N_GenomeWideSNP_6_B09_666980	12	31409879	31890933	267	0.0063
BONZE_p_TCGAb56_SNP_1N_GenomeWideSNP_6_B09_666980	12	31891056	31894350	2	1.373
BONZE_p_TCGAb56_SNP_1N_GenomeWideSNP_6_B09_666980	12	31895011	33301520	1036	0.0116
BONZE_p_TCGAb56_SNP_1N_GenomeWideSNP_6_B09_666980	12	33301534	33307374	24	-1.9628
BONZE_p_TCGAb56_SNP_1N_GenomeWideSNP_6_B09_666980	12	33308360	48579665	7254	0.0019
BONZE_p_TCGAb56_SNP_1N_GenomeWideSNP_6_B09_666980	12	48580510	50281414	786	0.4425
BONZE_p_TCGAb56_SNP_1N_GenomeWideSNP_6_B09_666980	12	50285475	52757924	1385	0.0394
BONZE_p_TCGAb56_SNP_1N_GenomeWideSNP_6_B09_666980	12	52759912	52761959	3	-1.1834
BONZE_p_TCGAb56_SNP_1N_GenomeWideSNP_6_B09_666980	12	52762070	69458157	10455	-3e-04
BONZE_p_TCGAb56_SNP_1N_GenomeWideSNP_6_B09_666980	12	69460797	90491669	13033	0.4055
BONZE_p_TCGAb56_SNP_1N_GenomeWideSNP_6_B09_666980	12	90491687	90492074	6	-2.1573
BONZE_p_TCGAb56_SNP_1N_GenomeWideSNP_6_B09_666980	12	90493557	95416423	3409	0.3989
BONZE_p_TCGAb56_SNP_1N_GenomeWideSNP_6_B09_666980	12	95418160	128675907	22226	0.0371
BONZE_p_TCGAb56_SNP_1N_GenomeWideSNP_6_B09_666980	12	128676995	128677567	3	-1.7105
BONZE_p_TCGAb56_SNP_1N_GenomeWideSNP_6_B09_666980	12	128678380	133778189	3621	0.0315
BONZE_p_TCGAb56_SNP_1N_GenomeWideSNP_6_B09_666980	13	19026949	20403506	696	0.0603
BONZE_p_TCGAb56_SNP_1N_GenomeWideSNP_6_B09_666980	13	20409931	20529442	64	0.5147
BONZE_p_TCGAb56_SNP_1N_GenomeWideSNP_6_B09_666980	13	20535071	32476675	8840	0.0228
BONZE_p_TCGAb56_SNP_1N_GenomeWideSNP_6_B09_666980	13	32477206	32880626	299	-0.8153
BONZE_p_TCGAb56_SNP_1N_GenomeWideSNP_6_B09_666980	13	32883583	33069005	243	-2.635
BONZE_p_TCGAb56_SNP_1N_GenomeWideSNP_6_B09_666980	13	33071127	38070370	3412	-0.7584
BONZE_p_TCGAb56_SNP_1N_GenomeWideSNP_6_B09_666980	13	38071135	38088374	19	0.0109
BONZE_p_TCGAb56_SNP_1N_GenomeWideSNP_6_B09_666980	13	38088387	48845005	7413	-0.7516
BONZE_p_TCGAb56_SNP_1N_GenomeWideSNP_6_B09_666980	13	48849803	48886829	38	-2.1332
BONZE_p_TCGAb56_SNP_1N_GenomeWideSNP_6_B09_666980	13	48888473	48898171	9	-0.5297
BONZE_p_TCGAb56_SNP_1N_GenomeWideSNP_6_B09_666980	13	48898306	48906495	12	-1.2953
BONZE_p_TCGAb56_SNP_1N_GenomeWideSNP_6_B09_666980	13	48906957	48944810	66	-2.1706
BONZE_p_TCGAb56_SNP_1N_GenomeWideSNP_6_B09_666980	13	48945148	48946280	3	-7.2412
BONZE_p_TCGAb56_SNP_1N_GenomeWideSNP_6_B09_666980	13	48946350	49022635	98	-1.8417
BONZE_p_TCGAb56_SNP_1N_GenomeWideSNP_6_B09_666980	13	49022724	49059721	17	-2.7719
BONZE_p_TCGAb56_SNP_1N_GenomeWideSNP_6_B09_666980	13	49060838	49081538	14	-6.1306
BONZE_p_TCGAb56_SNP_1N_GenomeWideSNP_6_B09_666980	13	49083291	50619006	839	-3.2489
BONZE_p_TCGAb56_SNP_1N_GenomeWideSNP_6_B09_666980	13	50627610	71999962	12749	-0.7679
BONZE_p_TCGAb56_SNP_1N_GenomeWideSNP_6_B09_666980	13	72006588	72479547	268	-0.0195
BONZE_p_TCGAb56_SNP_1N_GenomeWideSNP_6_B09_666980	13	72480449	72480556	2	1.393
BONZE_p_TCGAb56_SNP_1N_GenomeWideSNP_6_B09_666980	13	72480605	72808482	282	-0.0409
BONZE_p_TCGAb56_SNP_1N_GenomeWideSNP_6_B09_666980	13	72809428	72810336	2	-3.1607
BONZE_p_TCGAb56_SNP_1N_GenomeWideSNP_6_B09_666980	13	72813062	75073441	1671	-0.0034
BONZE_p_TCGAb56_SNP_1N_GenomeWideSNP_6_B09_666980	13	75074609	75078999	2	-1.5553
BONZE_p_TCGAb56_SNP_1N_GenomeWideSNP_6_B09_666980	13	75080508	96172460	13667	-0.05
BONZE_p_TCGAb56_SNP_1N_GenomeWideSNP_6_B09_666980	13	96176681	97182569	505	0.4489
BONZE_p_TCGAb56_SNP_1N_GenomeWideSNP_6_B09_666980	13	97188409	113653846	12444	0.9855
BONZE_p_TCGAb56_SNP_1N_GenomeWideSNP_6_B09_666980	13	113671364	113704385	26	0.5246
BONZE_p_TCGAb56_SNP_1N_GenomeWideSNP_6_B09_666980	13	113707613	115108397	554	1.024
BONZE_p_TCGAb56_SNP_1N_GenomeWideSNP_6_B09_666980	14	19002124	19557041	40	0.1109
BONZE_p_TCGAb56_SNP_1N_GenomeWideSNP_6_B09_666980	14	19562139	20481577	184	-0.229
BONZE_p_TCGAb56_SNP_1N_GenomeWideSNP_6_B09_666980	14	20482919	24484459	2723	0.1001
BONZE_p_TCGAb56_SNP_1N_GenomeWideSNP_6_B09_666980	14	24488143	24489012	7	0.8108
BONZE_p_TCGAb56_SNP_1N_GenomeWideSNP_6_B09_666980	14	24489019	26783903	1602	0.0359
BONZE_p_TCGAb56_SNP_1N_GenomeWideSNP_6_B09_666980	14	26783911	26784913	8	0.804
BONZE_p_TCGAb56_SNP_1N_GenomeWideSNP_6_B09_666980	14	26795104	55241130	17705	-0.0035
BONZE_p_TCGAb56_SNP_1N_GenomeWideSNP_6_B09_666980	14	55243365	77058936	13878	-0.7167
BONZE_p_TCGAb56_SNP_1N_GenomeWideSNP_6_B09_666980	14	77059013	77061899	7	-4.5213
BONZE_p_TCGAb56_SNP_1N_GenomeWideSNP_6_B09_666980	14	77064717	99280484	15341	-0.732
BONZE_p_TCGAb56_SNP_1N_GenomeWideSNP_6_B09_666980	14	99280648	99284630	10	-1.953
BONZE_p_TCGAb56_SNP_1N_GenomeWideSNP_6_B09_666980	14	99285098	99401383	113	-0.9467
BONZE_p_TCGAb56_SNP_1N_GenomeWideSNP_6_B09_666980	14	99403644	106279388	3351	-0.6759
BONZE_p_TCGAb56_SNP_1N_GenomeWideSNP_6_B09_666980	14	106279444	106290762	7	-1.2331
BONZE_p_TCGAb56_SNP_1N_GenomeWideSNP_6_B09_666980	14	106290842	106914600	289	-0.4546
BONZE_p_TCGAb56_SNP_1N_GenomeWideSNP_6_B09_666980	14	106914651	107285437	229	-0.8258
BONZE_p_TCGAb56_SNP_1N_GenomeWideSNP_6_B09_666980	15	20016328	20578421	98	-0.6832
BONZE_p_TCGAb56_SNP_1N_GenomeWideSNP_6_B09_666980	15	20581451	20581564	7	0.6045
BONZE_p_TCGAb56_SNP_1N_GenomeWideSNP_6_B09_666980	15	20585988	24571349	1281	-0.7086
BONZE_p_TCGAb56_SNP_1N_GenomeWideSNP_6_B09_666980	15	24574757	24778891	101	-0.0382
BONZE_p_TCGAb56_SNP_1N_GenomeWideSNP_6_B09_666980	15	24782267	26560192	1311	-0.7278
BONZE_p_TCGAb56_SNP_1N_GenomeWideSNP_6_B09_666980	15	26562152	26563156	2	-4.1266
BONZE_p_TCGAb56_SNP_1N_GenomeWideSNP_6_B09_666980	15	26563588	64690772	24452	-0.717
BONZE_p_TCGAb56_SNP_1N_GenomeWideSNP_6_B09_666980	15	64692397	65816942	483	0.05
BONZE_p_TCGAb56_SNP_1N_GenomeWideSNP_6_B09_666980	15	65817524	65818387	2	-1.9404
BONZE_p_TCGAb56_SNP_1N_GenomeWideSNP_6_B09_666980	15	65822534	70462665	3075	0.0355
BONZE_p_TCGAb56_SNP_1N_GenomeWideSNP_6_B09_666980	15	70462952	70471263	2	-1.9611
BONZE_p_TCGAb56_SNP_1N_GenomeWideSNP_6_B09_666980	15	70471277	76878362	3469	0.0527
BONZE_p_TCGAb56_SNP_1N_GenomeWideSNP_6_B09_666980	15	76891241	76895198	14	0.8737
BONZE_p_TCGAb56_SNP_1N_GenomeWideSNP_6_B09_666980	15	76895344	81996813	3278	0.0492
BONZE_p_TCGAb56_SNP_1N_GenomeWideSNP_6_B09_666980	15	82001095	82001375	2	-1.5191
BONZE_p_TCGAb56_SNP_1N_GenomeWideSNP_6_B09_666980	15	82001614	82038620	28	0.2091
BONZE_p_TCGAb56_SNP_1N_GenomeWideSNP_6_B09_666980	15	82039195	82057290	13	-0.3705
BONZE_p_TCGAb56_SNP_1N_GenomeWideSNP_6_B09_666980	15	82058707	82695702	342	0.0381
BONZE_p_TCGAb56_SNP_1N_GenomeWideSNP_6_B09_666980	15	82895028	83108839	12	-1.1307
BONZE_p_TCGAb56_SNP_1N_GenomeWideSNP_6_B09_666980	15	83169549	85849846	1394	0.0454
BONZE_p_TCGAb56_SNP_1N_GenomeWideSNP_6_B09_666980	15	85850040	85863602	2	-1.9077
BONZE_p_TCGAb56_SNP_1N_GenomeWideSNP_6_B09_666980	15	85863982	88908670	2498	0.042
BONZE_p_TCGAb56_SNP_1N_GenomeWideSNP_6_B09_666980	15	88912489	88912754	3	1.0914
BONZE_p_TCGAb56_SNP_1N_GenomeWideSNP_6_B09_666980	15	88915914	101939918	9768	0.0245
BONZE_p_TCGAb56_SNP_1N_GenomeWideSNP_6_B09_666980	15	101941597	101948365	8	-0.9935
BONZE_p_TCGAb56_SNP_1N_GenomeWideSNP_6_B09_666980	15	101950933	102469040	334	-0.0188
BONZE_p_TCGAb56_SNP_1N_GenomeWideSNP_6_B09_666980	16	60777	12648266	9425	0.0592
BONZE_p_TCGAb56_SNP_1N_GenomeWideSNP_6_B09_666980	16	12648802	12648995	5	1.6705
BONZE_p_TCGAb56_SNP_1N_GenomeWideSNP_6_B09_666980	16	12650247	16628062	2366	0.0664
BONZE_p_TCGAb56_SNP_1N_GenomeWideSNP_6_B09_666980	16	16633361	16635048	3	-1.6445
BONZE_p_TCGAb56_SNP_1N_GenomeWideSNP_6_B09_666980	16	16635615	34471464	8750	0.0474
BONZE_p_TCGAb56_SNP_1N_GenomeWideSNP_6_B09_666980	16	34471492	34757071	165	0.4022
BONZE_p_TCGAb56_SNP_1N_GenomeWideSNP_6_B09_666980	16	34760967	55796594	6609	0.0519
BONZE_p_TCGAb56_SNP_1N_GenomeWideSNP_6_B09_666980	16	55798222	55822444	18	0.6966
BONZE_p_TCGAb56_SNP_1N_GenomeWideSNP_6_B09_666980	16	55829557	56761208	592	0.069
BONZE_p_TCGAb56_SNP_1N_GenomeWideSNP_6_B09_666980	16	56761271	56765226	2	1.3307
BONZE_p_TCGAb56_SNP_1N_GenomeWideSNP_6_B09_666980	16	56765686	62963225	3890	0.0299
BONZE_p_TCGAb56_SNP_1N_GenomeWideSNP_6_B09_666980	16	62969902	64095494	771	-0.7634
BONZE_p_TCGAb56_SNP_1N_GenomeWideSNP_6_B09_666980	16	64095813	64096727	2	1.2139
BONZE_p_TCGAb56_SNP_1N_GenomeWideSNP_6_B09_666980	16	64097042	66050918	1511	-0.7174
BONZE_p_TCGAb56_SNP_1N_GenomeWideSNP_6_B09_666980	16	66053230	66054207	3	-2.2975
BONZE_p_TCGAb56_SNP_1N_GenomeWideSNP_6_B09_666980	16	66054709	69440074	1668	-0.6541
BONZE_p_TCGAb56_SNP_1N_GenomeWideSNP_6_B09_666980	16	69440953	70870256	611	0.0757
BONZE_p_TCGAb56_SNP_1N_GenomeWideSNP_6_B09_666980	16	70873101	71202489	133	0.4351
BONZE_p_TCGAb56_SNP_1N_GenomeWideSNP_6_B09_666980	16	71202797	78371608	5241	0.053
BONZE_p_TCGAb56_SNP_1N_GenomeWideSNP_6_B09_666980	16	78372440	78385001	17	0.8429
BONZE_p_TCGAb56_SNP_1N_GenomeWideSNP_6_B09_666980	16	78385437	81264597	3317	0.0391
BONZE_p_TCGAb56_SNP_1N_GenomeWideSNP_6_B09_666980	16	81264851	81266767	2	-1.8171
BONZE_p_TCGAb56_SNP_1N_GenomeWideSNP_6_B09_666980	16	81266853	86275856	4871	0.063
BONZE_p_TCGAb56_SNP_1N_GenomeWideSNP_6_B09_666980	16	86276519	86277962	15	-0.4444
BONZE_p_TCGAb56_SNP_1N_GenomeWideSNP_6_B09_666980	16	86279301	90287535	2430	0.0718
BONZE_p_TCGAb56_SNP_1N_GenomeWideSNP_6_B09_666980	17	526	10245685	6001	-0.6803
BONZE_p_TCGAb56_SNP_1N_GenomeWideSNP_6_B09_666980	17	10245864	10266995	15	-1.6939
BONZE_p_TCGAb56_SNP_1N_GenomeWideSNP_6_B09_666980	17	10267204	21550712	6733	-0.7019
BONZE_p_TCGAb56_SNP_1N_GenomeWideSNP_6_B09_666980	17	21552172	44428681	10849	0.0453
BONZE_p_TCGAb56_SNP_1N_GenomeWideSNP_6_B09_666980	17	44429320	44505241	6	1.2615
BONZE_p_TCGAb56_SNP_1N_GenomeWideSNP_6_B09_666980	17	44523711	44523726	2	2.9742
BONZE_p_TCGAb56_SNP_1N_GenomeWideSNP_6_B09_666980	17	44546329	46762507	1056	0.4962
BONZE_p_TCGAb56_SNP_1N_GenomeWideSNP_6_B09_666980	17	46763389	46767470	5	1.3444
BONZE_p_TCGAb56_SNP_1N_GenomeWideSNP_6_B09_666980	17	46770896	47165236	194	0.462
BONZE_p_TCGAb56_SNP_1N_GenomeWideSNP_6_B09_666980	17	47165328	47170123	3	-0.7899
BONZE_p_TCGAb56_SNP_1N_GenomeWideSNP_6_B09_666980	17	47175362	77241410	18632	0.484
BONZE_p_TCGAb56_SNP_1N_GenomeWideSNP_6_B09_666980	17	77241567	77247212	17	0.0469
BONZE_p_TCGAb56_SNP_1N_GenomeWideSNP_6_B09_666980	17	77247259	78253871	562	0.5687
BONZE_p_TCGAb56_SNP_1N_GenomeWideSNP_6_B09_666980	17	78254067	78285193	15	-0.0015
BONZE_p_TCGAb56_SNP_1N_GenomeWideSNP_6_B09_666980	17	78285436	81049726	1170	0.5336
BONZE_p_TCGAb56_SNP_1N_GenomeWideSNP_6_B09_666980	18	11543	24365844	13915	0.0325
BONZE_p_TCGAb56_SNP_1N_GenomeWideSNP_6_B09_666980	18	24365863	24366145	4	-0.8574
BONZE_p_TCGAb56_SNP_1N_GenomeWideSNP_6_B09_666980	18	24366379	40056883	10166	0.014
BONZE_p_TCGAb56_SNP_1N_GenomeWideSNP_6_B09_666980	18	40056902	40057401	14	-0.6939
BONZE_p_TCGAb56_SNP_1N_GenomeWideSNP_6_B09_666980	18	40057434	41012844	595	-0.028
BONZE_p_TCGAb56_SNP_1N_GenomeWideSNP_6_B09_666980	18	41012939	41022983	11	-0.5522
BONZE_p_TCGAb56_SNP_1N_GenomeWideSNP_6_B09_666980	18	41023238	63721579	15675	0.0231
BONZE_p_TCGAb56_SNP_1N_GenomeWideSNP_6_B09_666980	18	63727492	63732763	14	0.598
BONZE_p_TCGAb56_SNP_1N_GenomeWideSNP_6_B09_666980	18	63732807	78015057	10430	-0.0174
BONZE_p_TCGAb56_SNP_1N_GenomeWideSNP_6_B09_666980	19	90910	21042060	9236	0.0705
BONZE_p_TCGAb56_SNP_1N_GenomeWideSNP_6_B09_666980	19	21042459	21146596	51	-0.4159
BONZE_p_TCGAb56_SNP_1N_GenomeWideSNP_6_B09_666980	19	21148312	47282856	13330	0.0573
BONZE_p_TCGAb56_SNP_1N_GenomeWideSNP_6_B09_666980	19	47287507	47382317	35	0.4047
BONZE_p_TCGAb56_SNP_1N_GenomeWideSNP_6_B09_666980	19	47384191	49480999	1002	0.0597
BONZE_p_TCGAb56_SNP_1N_GenomeWideSNP_6_B09_666980	19	49488848	49496494	3	-1.731
BONZE_p_TCGAb56_SNP_1N_GenomeWideSNP_6_B09_666980	19	49496786	53139287	1979	0.0604
BONZE_p_TCGAb56_SNP_1N_GenomeWideSNP_6_B09_666980	19	53143616	53150142	10	-0.7351
BONZE_p_TCGAb56_SNP_1N_GenomeWideSNP_6_B09_666980	19	53153862	54797848	1107	0.0211
BONZE_p_TCGAb56_SNP_1N_GenomeWideSNP_6_B09_666980	19	54805530	54812675	5	-1.3084
BONZE_p_TCGAb56_SNP_1N_GenomeWideSNP_6_B09_666980	19	54814579	55505208	375	0.0684
BONZE_p_TCGAb56_SNP_1N_GenomeWideSNP_6_B09_666980	19	55508705	55509688	3	-1.0001
BONZE_p_TCGAb56_SNP_1N_GenomeWideSNP_6_B09_666980	19	55509865	56282070	361	0.0862
BONZE_p_TCGAb56_SNP_1N_GenomeWideSNP_6_B09_666980	19	56282369	56283067	4	-1.8621
BONZE_p_TCGAb56_SNP_1N_GenomeWideSNP_6_B09_666980	19	56286293	56352138	83	0.0408
BONZE_p_TCGAb56_SNP_1N_GenomeWideSNP_6_B09_666980	19	56352167	59097854	1761	-0.6891
BONZE_p_TCGAb56_SNP_1N_GenomeWideSNP_6_B09_666980	20	61305	1590455	1244	0.0407
BONZE_p_TCGAb56_SNP_1N_GenomeWideSNP_6_B09_666980	20	1590534	1593893	3	-1.525
BONZE_p_TCGAb56_SNP_1N_GenomeWideSNP_6_B09_666980	20	1597946	12889747	8718	0.0346
BONZE_p_TCGAb56_SNP_1N_GenomeWideSNP_6_B09_666980	20	12889863	12889864	2	1.4993
BONZE_p_TCGAb56_SNP_1N_GenomeWideSNP_6_B09_666980	20	12890043	23447108	8323	0.0521
BONZE_p_TCGAb56_SNP_1N_GenomeWideSNP_6_B09_666980	20	23447276	23504304	52	-0.2363
BONZE_p_TCGAb56_SNP_1N_GenomeWideSNP_6_B09_666980	20	23504555	43908694	10387	0.0505
BONZE_p_TCGAb56_SNP_1N_GenomeWideSNP_6_B09_666980	20	43912027	45371266	989	0.4912
BONZE_p_TCGAb56_SNP_1N_GenomeWideSNP_6_B09_666980	20	45371391	57285033	9126	0.7883
BONZE_p_TCGAb56_SNP_1N_GenomeWideSNP_6_B09_666980	20	57294153	58301511	734	0.0521
BONZE_p_TCGAb56_SNP_1N_GenomeWideSNP_6_B09_666980	20	58308215	58311016	4	-7.0012
BONZE_p_TCGAb56_SNP_1N_GenomeWideSNP_6_B09_666980	20	58311368	58315614	4	-1.61
BONZE_p_TCGAb56_SNP_1N_GenomeWideSNP_6_B09_666980	20	58316178	62956153	2906	0.0525
BONZE_p_TCGAb56_SNP_1N_GenomeWideSNP_6_B09_666980	21	10736871	10934086	31	0.163
BONZE_p_TCGAb56_SNP_1N_GenomeWideSNP_6_B09_666980	21	10935910	11069440	62	0.5201
BONZE_p_TCGAb56_SNP_1N_GenomeWideSNP_6_B09_666980	21	11084681	48027084	24257	0.0149
BONZE_p_TCGAb56_SNP_1N_GenomeWideSNP_6_B09_666980	21	48027177	48096957	59	-0.2349
BONZE_p_TCGAb56_SNP_1N_GenomeWideSNP_6_B09_666980	22	16052528	16239968	31	-0.4734
BONZE_p_TCGAb56_SNP_1N_GenomeWideSNP_6_B09_666980	22	16240345	24337949	4590	0.052
BONZE_p_TCGAb56_SNP_1N_GenomeWideSNP_6_B09_666980	22	24344422	24396814	20	-1.7944
BONZE_p_TCGAb56_SNP_1N_GenomeWideSNP_6_B09_666980	22	24401529	51234455	18918	0.0747
BONZE_p_TCGAb56_SNP_1N_GenomeWideSNP_6_B09_666980	X	168477	387744	13	0.3766
BONZE_p_TCGAb56_SNP_1N_GenomeWideSNP_6_B09_666980	X	387761	5012179	1749	-0.012
BONZE_p_TCGAb56_SNP_1N_GenomeWideSNP_6_B09_666980	X	5012803	5020674	14	0.6398
BONZE_p_TCGAb56_SNP_1N_GenomeWideSNP_6_B09_666980	X	5020813	6448524	1229	-0.0232
BONZE_p_TCGAb56_SNP_1N_GenomeWideSNP_6_B09_666980	X	6449766	6460683	18	-0.6202
BONZE_p_TCGAb56_SNP_1N_GenomeWideSNP_6_B09_666980	X	6460867	7236135	544	-0.0642
BONZE_p_TCGAb56_SNP_1N_GenomeWideSNP_6_B09_666980	X	7238299	7276984	22	-0.5166
BONZE_p_TCGAb56_SNP_1N_GenomeWideSNP_6_B09_666980	X	7277081	8978999	1263	-0.0108
BONZE_p_TCGAb56_SNP_1N_GenomeWideSNP_6_B09_666980	X	8984401	9375009	289	-0.7561
BONZE_p_TCGAb56_SNP_1N_GenomeWideSNP_6_B09_666980	X	9375872	58496485	28518	-0.0058
BONZE_p_TCGAb56_SNP_1N_GenomeWideSNP_6_B09_666980	X	58503957	61932764	19	0.4801
BONZE_p_TCGAb56_SNP_1N_GenomeWideSNP_6_B09_666980	X	61948051	62457637	147	0.0196
BONZE_p_TCGAb56_SNP_1N_GenomeWideSNP_6_B09_666980	X	62470452	62478259	9	0.7572
BONZE_p_TCGAb56_SNP_1N_GenomeWideSNP_6_B09_666980	X	62480899	141690328	42583	-0.0269
BONZE_p_TCGAb56_SNP_1N_GenomeWideSNP_6_B09_666980	X	141690336	141930883	170	0.4594
BONZE_p_TCGAb56_SNP_1N_GenomeWideSNP_6_B09_666980	X	141932867	141932975	2	-1.0506
BONZE_p_TCGAb56_SNP_1N_GenomeWideSNP_6_B09_666980	X	141933076	143626060	1076	0.4307
BONZE_p_TCGAb56_SNP_1N_GenomeWideSNP_6_B09_666980	X	143631490	143637684	4	-0.9535
BONZE_p_TCGAb56_SNP_1N_GenomeWideSNP_6_B09_666980	X	143638124	145827718	1579	0.4234
BONZE_p_TCGAb56_SNP_1N_GenomeWideSNP_6_B09_666980	X	145829895	145830491	2	-0.8569
BONZE_p_TCGAb56_SNP_1N_GenomeWideSNP_6_B09_666980	X	145830727	147578469	1255	0.3969
BONZE_p_TCGAb56_SNP_1N_GenomeWideSNP_6_B09_666980	X	147579505	147579887	4	-1.0164
BONZE_p_TCGAb56_SNP_1N_GenomeWideSNP_6_B09_666980	X	147581070	151062468	2221	0.4504
BONZE_p_TCGAb56_SNP_1N_GenomeWideSNP_6_B09_666980	X	151068214	151410331	229	0.0148
BONZE_p_TCGAb56_SNP_1N_GenomeWideSNP_6_B09_666980	X	151415719	155182354	1644	0.4327
BONZE_p_TCGAb56_SNP_1N_GenomeWideSNP_6_B09_666980	Y	2650438	6048434	836	-2.1173
BONZE_p_TCGAb56_SNP_1N_GenomeWideSNP_6_B09_666980	Y	6050272	26427083	7123	-2.4557
BONZE_p_TCGAb56_SNP_1N_GenomeWideSNP_6_B09_666980	Y	26427522	26506863	26	-0.9208
BONZE_p_TCGAb56_SNP_1N_GenomeWideSNP_6_B09_666980	Y	26508486	59018259	620	-2.1923
