Sample	Chromosome	Start	End	Num_Probes	Segment_Mean
BONZE_p_TCGAb56_SNP_1N_GenomeWideSNP_6_E07_666882	1	61735	752566	45	0.2672
BONZE_p_TCGAb56_SNP_1N_GenomeWideSNP_6_E07_666882	1	757469	901111	36	-0.3524
BONZE_p_TCGAb56_SNP_1N_GenomeWideSNP_6_E07_666882	1	904038	16820619	8636	0.0268
BONZE_p_TCGAb56_SNP_1N_GenomeWideSNP_6_E07_666882	1	16828502	17262247	174	-0.2704
BONZE_p_TCGAb56_SNP_1N_GenomeWideSNP_6_E07_666882	1	17276241	25418699	5151	0.0286
BONZE_p_TCGAb56_SNP_1N_GenomeWideSNP_6_E07_666882	1	25423401	25424322	2	-1.7539
BONZE_p_TCGAb56_SNP_1N_GenomeWideSNP_6_E07_666882	1	25424889	25583341	117	0.0377
BONZE_p_TCGAb56_SNP_1N_GenomeWideSNP_6_E07_666882	1	25593128	25646946	27	0.541
BONZE_p_TCGAb56_SNP_1N_GenomeWideSNP_6_E07_666882	1	25646986	30479770	2179	0.0276
BONZE_p_TCGAb56_SNP_1N_GenomeWideSNP_6_E07_666882	1	30485510	30488561	5	-0.8682
BONZE_p_TCGAb56_SNP_1N_GenomeWideSNP_6_E07_666882	1	30490594	72763370	26667	0.0127
BONZE_p_TCGAb56_SNP_1N_GenomeWideSNP_6_E07_666882	1	72768418	72809431	43	0.3443
BONZE_p_TCGAb56_SNP_1N_GenomeWideSNP_6_E07_666882	1	72809842	73768780	573	-0.005
BONZE_p_TCGAb56_SNP_1N_GenomeWideSNP_6_E07_666882	1	73769173	73769215	3	-0.9288
BONZE_p_TCGAb56_SNP_1N_GenomeWideSNP_6_E07_666882	1	73775929	74883527	641	-0.0121
BONZE_p_TCGAb56_SNP_1N_GenomeWideSNP_6_E07_666882	1	74887499	74887511	2	-1.2798
BONZE_p_TCGAb56_SNP_1N_GenomeWideSNP_6_E07_666882	1	74892445	81888602	4575	-0.0058
BONZE_p_TCGAb56_SNP_1N_GenomeWideSNP_6_E07_666882	1	81888605	81888724	5	-0.7703
BONZE_p_TCGAb56_SNP_1N_GenomeWideSNP_6_E07_666882	1	81888868	84125284	1509	0.0073
BONZE_p_TCGAb56_SNP_1N_GenomeWideSNP_6_E07_666882	1	84126330	84127092	3	-1.045
BONZE_p_TCGAb56_SNP_1N_GenomeWideSNP_6_E07_666882	1	84132014	92193264	5454	0.0071
BONZE_p_TCGAb56_SNP_1N_GenomeWideSNP_6_E07_666882	1	92193662	92195652	2	-1.6211
BONZE_p_TCGAb56_SNP_1N_GenomeWideSNP_6_E07_666882	1	92196053	95674710	2144	0.0109
BONZE_p_TCGAb56_SNP_1N_GenomeWideSNP_6_E07_666882	1	95676511	95676518	2	-1.429
BONZE_p_TCGAb56_SNP_1N_GenomeWideSNP_6_E07_666882	1	95680124	106000943	6122	4e-04
BONZE_p_TCGAb56_SNP_1N_GenomeWideSNP_6_E07_666882	1	106001360	106024070	26	-0.3444
BONZE_p_TCGAb56_SNP_1N_GenomeWideSNP_6_E07_666882	1	106024090	110227515	2665	-9e-04
BONZE_p_TCGAb56_SNP_1N_GenomeWideSNP_6_E07_666882	1	110232974	110240178	17	-1.1586
BONZE_p_TCGAb56_SNP_1N_GenomeWideSNP_6_E07_666882	1	110242953	112688311	1951	0.0208
BONZE_p_TCGAb56_SNP_1N_GenomeWideSNP_6_E07_666882	1	112690211	112706128	34	0.3858
BONZE_p_TCGAb56_SNP_1N_GenomeWideSNP_6_E07_666882	1	112706140	114831965	1322	0.0064
BONZE_p_TCGAb56_SNP_1N_GenomeWideSNP_6_E07_666882	1	114833626	114833710	2	-1.5053
BONZE_p_TCGAb56_SNP_1N_GenomeWideSNP_6_E07_666882	1	114833802	149159445	5112	0.0115
BONZE_p_TCGAb56_SNP_1N_GenomeWideSNP_6_E07_666882	1	149167912	149168798	2	-1.3256
BONZE_p_TCGAb56_SNP_1N_GenomeWideSNP_6_E07_666882	1	149169888	152555527	1592	0.013
BONZE_p_TCGAb56_SNP_1N_GenomeWideSNP_6_E07_666882	1	152555706	152585718	29	0.6783
BONZE_p_TCGAb56_SNP_1N_GenomeWideSNP_6_E07_666882	1	152586117	152759678	177	0.0419
BONZE_p_TCGAb56_SNP_1N_GenomeWideSNP_6_E07_666882	1	152761923	152767923	29	0.5415
BONZE_p_TCGAb56_SNP_1N_GenomeWideSNP_6_E07_666882	1	152767947	196727850	29556	0.0065
BONZE_p_TCGAb56_SNP_1N_GenomeWideSNP_6_E07_666882	1	196731035	196801850	89	-0.3908
BONZE_p_TCGAb56_SNP_1N_GenomeWideSNP_6_E07_666882	1	196801987	204158228	4741	0.0053
BONZE_p_TCGAb56_SNP_1N_GenomeWideSNP_6_E07_666882	1	204160938	204161026	2	-1.9141
BONZE_p_TCGAb56_SNP_1N_GenomeWideSNP_6_E07_666882	1	204161097	210071062	4077	0.0113
BONZE_p_TCGAb56_SNP_1N_GenomeWideSNP_6_E07_666882	1	210081613	210083984	3	-1.9933
BONZE_p_TCGAb56_SNP_1N_GenomeWideSNP_6_E07_666882	1	210086552	221811055	8163	0.0014
BONZE_p_TCGAb56_SNP_1N_GenomeWideSNP_6_E07_666882	1	221813628	221813760	2	-1.2356
BONZE_p_TCGAb56_SNP_1N_GenomeWideSNP_6_E07_666882	1	221815327	224696628	1768	-0.0014
BONZE_p_TCGAb56_SNP_1N_GenomeWideSNP_6_E07_666882	1	224702699	224835372	118	0.5295
BONZE_p_TCGAb56_SNP_1N_GenomeWideSNP_6_E07_666882	1	224836514	228699971	2280	0.0117
BONZE_p_TCGAb56_SNP_1N_GenomeWideSNP_6_E07_666882	1	228702618	228703440	3	-2.1036
BONZE_p_TCGAb56_SNP_1N_GenomeWideSNP_6_E07_666882	1	228703444	228802765	18	-0.039
BONZE_p_TCGAb56_SNP_1N_GenomeWideSNP_6_E07_666882	1	228807528	228807542	2	-1.1035
BONZE_p_TCGAb56_SNP_1N_GenomeWideSNP_6_E07_666882	1	228808366	229811169	707	0.0118
BONZE_p_TCGAb56_SNP_1N_GenomeWideSNP_6_E07_666882	1	229816856	229820196	3	-3.1252
BONZE_p_TCGAb56_SNP_1N_GenomeWideSNP_6_E07_666882	1	229820456	249224388	14060	0.0093
BONZE_p_TCGAb56_SNP_1N_GenomeWideSNP_6_E07_666882	2	12784	13272135	10048	2e-04
BONZE_p_TCGAb56_SNP_1N_GenomeWideSNP_6_E07_666882	2	13273749	13275879	3	1.4674
BONZE_p_TCGAb56_SNP_1N_GenomeWideSNP_6_E07_666882	2	13279280	34691069	14062	0.0034
BONZE_p_TCGAb56_SNP_1N_GenomeWideSNP_6_E07_666882	2	34699315	34737057	46	-1.9119
BONZE_p_TCGAb56_SNP_1N_GenomeWideSNP_6_E07_666882	2	34737163	46120390	8427	0.0055
BONZE_p_TCGAb56_SNP_1N_GenomeWideSNP_6_E07_666882	2	46120944	46121086	2	-1.2671
BONZE_p_TCGAb56_SNP_1N_GenomeWideSNP_6_E07_666882	2	46121703	52741737	4605	1e-04
BONZE_p_TCGAb56_SNP_1N_GenomeWideSNP_6_E07_666882	2	52743925	52781542	41	0.6882
BONZE_p_TCGAb56_SNP_1N_GenomeWideSNP_6_E07_666882	2	52787949	79318246	17213	0.0043
BONZE_p_TCGAb56_SNP_1N_GenomeWideSNP_6_E07_666882	2	79318560	79320733	2	1.7512
BONZE_p_TCGAb56_SNP_1N_GenomeWideSNP_6_E07_666882	2	79321944	89999062	5686	3e-04
BONZE_p_TCGAb56_SNP_1N_GenomeWideSNP_6_E07_666882	2	90001943	90129361	66	-0.7653
BONZE_p_TCGAb56_SNP_1N_GenomeWideSNP_6_E07_666882	2	90129375	90134115	17	-0.188
BONZE_p_TCGAb56_SNP_1N_GenomeWideSNP_6_E07_666882	2	90134279	90274766	67	-0.753
BONZE_p_TCGAb56_SNP_1N_GenomeWideSNP_6_E07_666882	2	90301264	164636852	41207	0.0055
BONZE_p_TCGAb56_SNP_1N_GenomeWideSNP_6_E07_666882	2	164643488	164645126	5	-1.1719
BONZE_p_TCGAb56_SNP_1N_GenomeWideSNP_6_E07_666882	2	164646642	191989356	16781	-0.0057
BONZE_p_TCGAb56_SNP_1N_GenomeWideSNP_6_E07_666882	2	191996006	191998552	3	-1.1603
BONZE_p_TCGAb56_SNP_1N_GenomeWideSNP_6_E07_666882	2	191998743	192526366	376	-0.0137
BONZE_p_TCGAb56_SNP_1N_GenomeWideSNP_6_E07_666882	2	192527803	192527911	2	-2.1283
BONZE_p_TCGAb56_SNP_1N_GenomeWideSNP_6_E07_666882	2	192529395	220266799	16815	0.0022
BONZE_p_TCGAb56_SNP_1N_GenomeWideSNP_6_E07_666882	2	220267327	220267737	2	-1.5618
BONZE_p_TCGAb56_SNP_1N_GenomeWideSNP_6_E07_666882	2	220275225	242783396	14436	0.007
BONZE_p_TCGAb56_SNP_1N_GenomeWideSNP_6_E07_666882	2	242915466	243034686	113	-0.8924
BONZE_p_TCGAb56_SNP_1N_GenomeWideSNP_6_E07_666882	2	243037253	243089456	29	-0.1208
BONZE_p_TCGAb56_SNP_1N_GenomeWideSNP_6_E07_666882	3	60345	16240556	12946	0.0091
BONZE_p_TCGAb56_SNP_1N_GenomeWideSNP_6_E07_666882	3	16240629	16241179	5	-2.1718
BONZE_p_TCGAb56_SNP_1N_GenomeWideSNP_6_E07_666882	3	16241325	22342039	3942	-0.0057
BONZE_p_TCGAb56_SNP_1N_GenomeWideSNP_6_E07_666882	3	22343571	22345946	9	-0.7893
BONZE_p_TCGAb56_SNP_1N_GenomeWideSNP_6_E07_666882	3	22348377	26612110	3169	-0.0076
BONZE_p_TCGAb56_SNP_1N_GenomeWideSNP_6_E07_666882	3	26612164	26612166	3	1.9819
BONZE_p_TCGAb56_SNP_1N_GenomeWideSNP_6_E07_666882	3	26613201	59966769	20592	0.0073
BONZE_p_TCGAb56_SNP_1N_GenomeWideSNP_6_E07_666882	3	59969666	59970765	6	-0.9769
BONZE_p_TCGAb56_SNP_1N_GenomeWideSNP_6_E07_666882	3	59970958	60777932	937	-0.0037
BONZE_p_TCGAb56_SNP_1N_GenomeWideSNP_6_E07_666882	3	60780640	60780879	3	-1.2035
BONZE_p_TCGAb56_SNP_1N_GenomeWideSNP_6_E07_666882	3	60781027	89387046	18916	0.0029
BONZE_p_TCGAb56_SNP_1N_GenomeWideSNP_6_E07_666882	3	89387101	89419381	52	-0.5524
BONZE_p_TCGAb56_SNP_1N_GenomeWideSNP_6_E07_666882	3	89419921	95456106	1384	-0.0078
BONZE_p_TCGAb56_SNP_1N_GenomeWideSNP_6_E07_666882	3	95466880	95468110	2	1.1099
BONZE_p_TCGAb56_SNP_1N_GenomeWideSNP_6_E07_666882	3	95468680	96280534	402	-0.0076
BONZE_p_TCGAb56_SNP_1N_GenomeWideSNP_6_E07_666882	3	96285083	96287812	3	-0.9407
BONZE_p_TCGAb56_SNP_1N_GenomeWideSNP_6_E07_666882	3	96288407	96303888	7	0.0573
BONZE_p_TCGAb56_SNP_1N_GenomeWideSNP_6_E07_666882	3	96307658	96318924	10	-0.8594
BONZE_p_TCGAb56_SNP_1N_GenomeWideSNP_6_E07_666882	3	96326007	98944547	1435	-0.0036
BONZE_p_TCGAb56_SNP_1N_GenomeWideSNP_6_E07_666882	3	98944598	98949056	23	-0.657
BONZE_p_TCGAb56_SNP_1N_GenomeWideSNP_6_E07_666882	3	98949069	122939157	14671	-0.0048
BONZE_p_TCGAb56_SNP_1N_GenomeWideSNP_6_E07_666882	3	122940377	122940955	2	-1.7106
BONZE_p_TCGAb56_SNP_1N_GenomeWideSNP_6_E07_666882	3	122944359	129761124	4088	0.0179
BONZE_p_TCGAb56_SNP_1N_GenomeWideSNP_6_E07_666882	3	129762859	129806236	53	0.5742
BONZE_p_TCGAb56_SNP_1N_GenomeWideSNP_6_E07_666882	3	129806924	162512739	20290	-0.001
BONZE_p_TCGAb56_SNP_1N_GenomeWideSNP_6_E07_666882	3	162513092	162615915	62	-1.5923
BONZE_p_TCGAb56_SNP_1N_GenomeWideSNP_6_E07_666882	3	162623842	192878045	19198	-0.0017
BONZE_p_TCGAb56_SNP_1N_GenomeWideSNP_6_E07_666882	3	192878195	192882903	17	-1.1983
BONZE_p_TCGAb56_SNP_1N_GenomeWideSNP_6_E07_666882	3	192886435	194710263	1225	-0.0108
BONZE_p_TCGAb56_SNP_1N_GenomeWideSNP_6_E07_666882	3	194710567	194715431	5	-0.7693
BONZE_p_TCGAb56_SNP_1N_GenomeWideSNP_6_E07_666882	3	194716087	195285664	255	-0.0126
BONZE_p_TCGAb56_SNP_1N_GenomeWideSNP_6_E07_666882	3	195285898	195422289	9	-1.0495
BONZE_p_TCGAb56_SNP_1N_GenomeWideSNP_6_E07_666882	3	195422291	197896118	1212	0.0118
BONZE_p_TCGAb56_SNP_1N_GenomeWideSNP_6_E07_666882	4	12281	10210294	5799	0.0164
BONZE_p_TCGAb56_SNP_1N_GenomeWideSNP_6_E07_666882	4	10210390	10234214	31	0.3803
BONZE_p_TCGAb56_SNP_1N_GenomeWideSNP_6_E07_666882	4	10234266	10544666	292	0.002
BONZE_p_TCGAb56_SNP_1N_GenomeWideSNP_6_E07_666882	4	10546552	10551560	6	-1.127
BONZE_p_TCGAb56_SNP_1N_GenomeWideSNP_6_E07_666882	4	10554322	34779054	16707	2e-04
BONZE_p_TCGAb56_SNP_1N_GenomeWideSNP_6_E07_666882	4	34786500	34824725	38	-1.9955
BONZE_p_TCGAb56_SNP_1N_GenomeWideSNP_6_E07_666882	4	34829872	49267848	8987	0.0036
BONZE_p_TCGAb56_SNP_1N_GenomeWideSNP_6_E07_666882	4	49291192	49291355	2	-2.274
BONZE_p_TCGAb56_SNP_1N_GenomeWideSNP_6_E07_666882	4	49297220	63667834	7039	0.0049
BONZE_p_TCGAb56_SNP_1N_GenomeWideSNP_6_E07_666882	4	63669936	63671662	8	-0.6179
BONZE_p_TCGAb56_SNP_1N_GenomeWideSNP_6_E07_666882	4	63679630	64707581	577	-0.0153
BONZE_p_TCGAb56_SNP_1N_GenomeWideSNP_6_E07_666882	4	64707605	64708258	7	-0.8379
BONZE_p_TCGAb56_SNP_1N_GenomeWideSNP_6_E07_666882	4	64716431	69372003	2883	-0.0015
BONZE_p_TCGAb56_SNP_1N_GenomeWideSNP_6_E07_666882	4	69374941	69485979	65	-1.7571
BONZE_p_TCGAb56_SNP_1N_GenomeWideSNP_6_E07_666882	4	69489335	70127652	329	-0.0447
BONZE_p_TCGAb56_SNP_1N_GenomeWideSNP_6_E07_666882	4	70128412	70231799	52	-0.6263
BONZE_p_TCGAb56_SNP_1N_GenomeWideSNP_6_E07_666882	4	70232022	172989373	62550	-0.0071
BONZE_p_TCGAb56_SNP_1N_GenomeWideSNP_6_E07_666882	4	172989408	172989519	6	-1.6122
BONZE_p_TCGAb56_SNP_1N_GenomeWideSNP_6_E07_666882	4	172989533	182280621	6041	-0.0078
BONZE_p_TCGAb56_SNP_1N_GenomeWideSNP_6_E07_666882	4	182281741	182284571	6	-0.9788
BONZE_p_TCGAb56_SNP_1N_GenomeWideSNP_6_E07_666882	4	182287004	185748806	2529	0.0017
BONZE_p_TCGAb56_SNP_1N_GenomeWideSNP_6_E07_666882	4	185748970	185759930	10	-0.8734
BONZE_p_TCGAb56_SNP_1N_GenomeWideSNP_6_E07_666882	4	185763293	188815814	2121	0.0084
BONZE_p_TCGAb56_SNP_1N_GenomeWideSNP_6_E07_666882	4	188818860	188856843	21	0.4719
BONZE_p_TCGAb56_SNP_1N_GenomeWideSNP_6_E07_666882	4	188866985	189221258	220	0.023
BONZE_p_TCGAb56_SNP_1N_GenomeWideSNP_6_E07_666882	4	189221360	189221424	3	2.4679
BONZE_p_TCGAb56_SNP_1N_GenomeWideSNP_6_E07_666882	4	189221439	191027923	1177	0.0117
BONZE_p_TCGAb56_SNP_1N_GenomeWideSNP_6_E07_666882	5	15532	685748	307	-0.0375
BONZE_p_TCGAb56_SNP_1N_GenomeWideSNP_6_E07_666882	5	698371	817850	44	0.8739
BONZE_p_TCGAb56_SNP_1N_GenomeWideSNP_6_E07_666882	5	817992	8766520	6681	0.0068
BONZE_p_TCGAb56_SNP_1N_GenomeWideSNP_6_E07_666882	5	8767977	8768044	2	-1.616
BONZE_p_TCGAb56_SNP_1N_GenomeWideSNP_6_E07_666882	5	8768529	46271108	23780	-0.0017
BONZE_p_TCGAb56_SNP_1N_GenomeWideSNP_6_E07_666882	5	46271930	46273502	6	-2.2423
BONZE_p_TCGAb56_SNP_1N_GenomeWideSNP_6_E07_666882	5	46278212	68846303	12411	0.0029
BONZE_p_TCGAb56_SNP_1N_GenomeWideSNP_6_E07_666882	5	68867294	69313688	9	0.7773
BONZE_p_TCGAb56_SNP_1N_GenomeWideSNP_6_E07_666882	5	70178835	103851221	19557	-0.0027
BONZE_p_TCGAb56_SNP_1N_GenomeWideSNP_6_E07_666882	5	103860373	103860604	4	-1.8173
BONZE_p_TCGAb56_SNP_1N_GenomeWideSNP_6_E07_666882	5	103861049	177198449	48330	2e-04
BONZE_p_TCGAb56_SNP_1N_GenomeWideSNP_6_E07_666882	5	177227551	177232605	3	2.8837
BONZE_p_TCGAb56_SNP_1N_GenomeWideSNP_6_E07_666882	5	177254965	180790320	2003	0.0033
BONZE_p_TCGAb56_SNP_1N_GenomeWideSNP_6_E07_666882	6	149661	254283	101	-0.0355
BONZE_p_TCGAb56_SNP_1N_GenomeWideSNP_6_E07_666882	6	257353	294725	22	-1.0579
BONZE_p_TCGAb56_SNP_1N_GenomeWideSNP_6_E07_666882	6	294837	2436364	1757	0.0098
BONZE_p_TCGAb56_SNP_1N_GenomeWideSNP_6_E07_666882	6	2436998	2437545	2	-1.6541
BONZE_p_TCGAb56_SNP_1N_GenomeWideSNP_6_E07_666882	6	2441087	29850274	19879	0.0069
BONZE_p_TCGAb56_SNP_1N_GenomeWideSNP_6_E07_666882	6	29850366	29901576	19	-0.848
BONZE_p_TCGAb56_SNP_1N_GenomeWideSNP_6_E07_666882	6	29908469	31286305	654	-0.0127
BONZE_p_TCGAb56_SNP_1N_GenomeWideSNP_6_E07_666882	6	31286531	31295406	5	-1.9362
BONZE_p_TCGAb56_SNP_1N_GenomeWideSNP_6_E07_666882	6	31295953	32492845	525	0.002
BONZE_p_TCGAb56_SNP_1N_GenomeWideSNP_6_E07_666882	6	32493368	32570365	20	-0.7805
BONZE_p_TCGAb56_SNP_1N_GenomeWideSNP_6_E07_666882	6	32573771	32622194	29	-0.0526
BONZE_p_TCGAb56_SNP_1N_GenomeWideSNP_6_E07_666882	6	32624304	32626618	6	-1.3515
BONZE_p_TCGAb56_SNP_1N_GenomeWideSNP_6_E07_666882	6	32650612	78971712	27050	0.0014
BONZE_p_TCGAb56_SNP_1N_GenomeWideSNP_6_E07_666882	6	78971781	79032592	105	0.3456
BONZE_p_TCGAb56_SNP_1N_GenomeWideSNP_6_E07_666882	6	79034940	81284759	1443	-0.01
BONZE_p_TCGAb56_SNP_1N_GenomeWideSNP_6_E07_666882	6	81284958	81289534	27	-0.8636
BONZE_p_TCGAb56_SNP_1N_GenomeWideSNP_6_E07_666882	6	81294341	103734829	14026	-0.002
BONZE_p_TCGAb56_SNP_1N_GenomeWideSNP_6_E07_666882	6	103737976	103762061	46	-0.9553
BONZE_p_TCGAb56_SNP_1N_GenomeWideSNP_6_E07_666882	6	103765470	132728085	17968	-0.004
BONZE_p_TCGAb56_SNP_1N_GenomeWideSNP_6_E07_666882	6	132730162	132730794	3	-1.1827
BONZE_p_TCGAb56_SNP_1N_GenomeWideSNP_6_E07_666882	6	132731358	134266268	1120	-0.0011
BONZE_p_TCGAb56_SNP_1N_GenomeWideSNP_6_E07_666882	6	134269071	134269632	2	1.2976
BONZE_p_TCGAb56_SNP_1N_GenomeWideSNP_6_E07_666882	6	134272072	134697015	280	0.0061
BONZE_p_TCGAb56_SNP_1N_GenomeWideSNP_6_E07_666882	6	134697377	134697440	2	-1.369
BONZE_p_TCGAb56_SNP_1N_GenomeWideSNP_6_E07_666882	6	134697996	135343238	443	-0.0034
BONZE_p_TCGAb56_SNP_1N_GenomeWideSNP_6_E07_666882	6	135349570	135531639	178	-0.3328
BONZE_p_TCGAb56_SNP_1N_GenomeWideSNP_6_E07_666882	6	135532169	135532804	2	-1.6031
BONZE_p_TCGAb56_SNP_1N_GenomeWideSNP_6_E07_666882	6	135533284	135927526	252	-0.3707
BONZE_p_TCGAb56_SNP_1N_GenomeWideSNP_6_E07_666882	6	135927720	164421002	19397	0.0033
BONZE_p_TCGAb56_SNP_1N_GenomeWideSNP_6_E07_666882	6	164422743	164424294	3	-1.4454
BONZE_p_TCGAb56_SNP_1N_GenomeWideSNP_6_E07_666882	6	164424588	171051005	4602	-0.0197
BONZE_p_TCGAb56_SNP_1N_GenomeWideSNP_6_E07_666882	7	43355	3468412	1514	-0.0083
BONZE_p_TCGAb56_SNP_1N_GenomeWideSNP_6_E07_666882	7	3468491	3469551	3	-1.6592
BONZE_p_TCGAb56_SNP_1N_GenomeWideSNP_6_E07_666882	7	3470010	54380373	37047	0.0033
BONZE_p_TCGAb56_SNP_1N_GenomeWideSNP_6_E07_666882	7	54386505	54386517	6	-1.4946
BONZE_p_TCGAb56_SNP_1N_GenomeWideSNP_6_E07_666882	7	54393488	65608556	3529	0.019
BONZE_p_TCGAb56_SNP_1N_GenomeWideSNP_6_E07_666882	7	65608838	65609165	2	-1.434
BONZE_p_TCGAb56_SNP_1N_GenomeWideSNP_6_E07_666882	7	65609201	70315873	2698	0.0077
BONZE_p_TCGAb56_SNP_1N_GenomeWideSNP_6_E07_666882	7	70321339	70365452	35	0.553
BONZE_p_TCGAb56_SNP_1N_GenomeWideSNP_6_E07_666882	7	70365589	70420438	30	-0.0131
BONZE_p_TCGAb56_SNP_1N_GenomeWideSNP_6_E07_666882	7	70423250	70426141	2	-2.428
BONZE_p_TCGAb56_SNP_1N_GenomeWideSNP_6_E07_666882	7	70428243	109433798	22515	0.0016
BONZE_p_TCGAb56_SNP_1N_GenomeWideSNP_6_E07_666882	7	109437092	109453910	35	0.503
BONZE_p_TCGAb56_SNP_1N_GenomeWideSNP_6_E07_666882	7	109453982	125719132	9818	-0.0073
BONZE_p_TCGAb56_SNP_1N_GenomeWideSNP_6_E07_666882	7	125719450	125719456	2	-1.5782
BONZE_p_TCGAb56_SNP_1N_GenomeWideSNP_6_E07_666882	7	125721818	133785177	4941	0.0089
BONZE_p_TCGAb56_SNP_1N_GenomeWideSNP_6_E07_666882	7	133785195	133790443	25	0.5935
BONZE_p_TCGAb56_SNP_1N_GenomeWideSNP_6_E07_666882	7	133795634	141769643	5209	0.0084
BONZE_p_TCGAb56_SNP_1N_GenomeWideSNP_6_E07_666882	7	141769680	141784184	19	0.3828
BONZE_p_TCGAb56_SNP_1N_GenomeWideSNP_6_E07_666882	7	141784376	141863005	66	-0.0359
BONZE_p_TCGAb56_SNP_1N_GenomeWideSNP_6_E07_666882	7	141864170	141864499	2	-1.3148
BONZE_p_TCGAb56_SNP_1N_GenomeWideSNP_6_E07_666882	7	141866502	142275710	312	0.034
BONZE_p_TCGAb56_SNP_1N_GenomeWideSNP_6_E07_666882	7	142275836	142474939	92	0.2953
BONZE_p_TCGAb56_SNP_1N_GenomeWideSNP_6_E07_666882	7	142476719	142486495	30	0.8404
BONZE_p_TCGAb56_SNP_1N_GenomeWideSNP_6_E07_666882	7	142486560	158949365	10462	0.0054
BONZE_p_TCGAb56_SNP_1N_GenomeWideSNP_6_E07_666882	7	158954514	158957934	3	-1.4559
BONZE_p_TCGAb56_SNP_1N_GenomeWideSNP_6_E07_666882	7	158959370	159127004	110	-0.0026
BONZE_p_TCGAb56_SNP_1N_GenomeWideSNP_6_E07_666882	8	31254	46398	2	0.3814
BONZE_p_TCGAb56_SNP_1N_GenomeWideSNP_6_E07_666882	8	112796	593041	325	-0.3793
BONZE_p_TCGAb56_SNP_1N_GenomeWideSNP_6_E07_666882	8	594944	595908	10	0.9163
BONZE_p_TCGAb56_SNP_1N_GenomeWideSNP_6_E07_666882	8	601043	2105379	1190	-0.374
BONZE_p_TCGAb56_SNP_1N_GenomeWideSNP_6_E07_666882	8	2105621	2105833	4	-1.5697
BONZE_p_TCGAb56_SNP_1N_GenomeWideSNP_6_E07_666882	8	2107550	2204639	94	-0.4498
BONZE_p_TCGAb56_SNP_1N_GenomeWideSNP_6_E07_666882	8	2205102	2205950	2	-1.7308
BONZE_p_TCGAb56_SNP_1N_GenomeWideSNP_6_E07_666882	8	2206486	2703565	497	-0.3774
BONZE_p_TCGAb56_SNP_1N_GenomeWideSNP_6_E07_666882	8	2703623	2703899	5	-1.4587
BONZE_p_TCGAb56_SNP_1N_GenomeWideSNP_6_E07_666882	8	2707171	2729296	25	-0.3949
BONZE_p_TCGAb56_SNP_1N_GenomeWideSNP_6_E07_666882	8	2730043	2730069	2	-2.0121
BONZE_p_TCGAb56_SNP_1N_GenomeWideSNP_6_E07_666882	8	2731605	3614229	1057	-0.3822
BONZE_p_TCGAb56_SNP_1N_GenomeWideSNP_6_E07_666882	8	3614288	3614305	2	-2.3898
BONZE_p_TCGAb56_SNP_1N_GenomeWideSNP_6_E07_666882	8	3617936	12189243	8084	-0.3771
BONZE_p_TCGAb56_SNP_1N_GenomeWideSNP_6_E07_666882	8	12198121	12552851	136	-0.0573
BONZE_p_TCGAb56_SNP_1N_GenomeWideSNP_6_E07_666882	8	12554743	13673447	1124	-0.3681
BONZE_p_TCGAb56_SNP_1N_GenomeWideSNP_6_E07_666882	8	13673869	13673943	2	-1.9603
BONZE_p_TCGAb56_SNP_1N_GenomeWideSNP_6_E07_666882	8	13674318	21358059	6964	-0.3742
BONZE_p_TCGAb56_SNP_1N_GenomeWideSNP_6_E07_666882	8	21360695	21362633	2	-2.3479
BONZE_p_TCGAb56_SNP_1N_GenomeWideSNP_6_E07_666882	8	21363963	36947533	10161	-0.3699
BONZE_p_TCGAb56_SNP_1N_GenomeWideSNP_6_E07_666882	8	36948617	38072320	577	0.529
BONZE_p_TCGAb56_SNP_1N_GenomeWideSNP_6_E07_666882	8	38075817	38106535	26	0.2241
BONZE_p_TCGAb56_SNP_1N_GenomeWideSNP_6_E07_666882	8	38106549	38288463	91	0.532
BONZE_p_TCGAb56_SNP_1N_GenomeWideSNP_6_E07_666882	8	38290359	38290509	3	-0.6125
BONZE_p_TCGAb56_SNP_1N_GenomeWideSNP_6_E07_666882	8	38291087	40182117	1158	0.5207
BONZE_p_TCGAb56_SNP_1N_GenomeWideSNP_6_E07_666882	8	40183797	40189511	34	-0.9257
BONZE_p_TCGAb56_SNP_1N_GenomeWideSNP_6_E07_666882	8	40192910	60040788	9994	0.5199
BONZE_p_TCGAb56_SNP_1N_GenomeWideSNP_6_E07_666882	8	60041346	60042411	6	-0.2907
BONZE_p_TCGAb56_SNP_1N_GenomeWideSNP_6_E07_666882	8	60043130	62011683	1238	0.512
BONZE_p_TCGAb56_SNP_1N_GenomeWideSNP_6_E07_666882	8	62013049	62013395	2	-0.7623
BONZE_p_TCGAb56_SNP_1N_GenomeWideSNP_6_E07_666882	8	62013626	70952739	5358	0.5135
BONZE_p_TCGAb56_SNP_1N_GenomeWideSNP_6_E07_666882	8	70953927	70954834	7	-0.4103
BONZE_p_TCGAb56_SNP_1N_GenomeWideSNP_6_E07_666882	8	70961161	112291494	24833	0.5132
BONZE_p_TCGAb56_SNP_1N_GenomeWideSNP_6_E07_666882	8	112294279	112295245	9	-1.2003
BONZE_p_TCGAb56_SNP_1N_GenomeWideSNP_6_E07_666882	8	112295260	115695710	1893	0.5221
BONZE_p_TCGAb56_SNP_1N_GenomeWideSNP_6_E07_666882	8	115699642	115739217	25	0.942
BONZE_p_TCGAb56_SNP_1N_GenomeWideSNP_6_E07_666882	8	115741564	137677896	15846	0.5134
BONZE_p_TCGAb56_SNP_1N_GenomeWideSNP_6_E07_666882	8	137681619	137862435	176	-0.8402
BONZE_p_TCGAb56_SNP_1N_GenomeWideSNP_6_E07_666882	8	137863407	141192043	2779	0.5316
BONZE_p_TCGAb56_SNP_1N_GenomeWideSNP_6_E07_666882	8	141195260	141195274	2	-1.0314
BONZE_p_TCGAb56_SNP_1N_GenomeWideSNP_6_E07_666882	8	141202137	146298155	2222	0.4962
BONZE_p_TCGAb56_SNP_1N_GenomeWideSNP_6_E07_666882	9	46587	24503816	21270	0.0077
BONZE_p_TCGAb56_SNP_1N_GenomeWideSNP_6_E07_666882	9	24504125	24517682	19	-1.0374
BONZE_p_TCGAb56_SNP_1N_GenomeWideSNP_6_E07_666882	9	24519684	44243434	10169	0.0143
BONZE_p_TCGAb56_SNP_1N_GenomeWideSNP_6_E07_666882	9	44244880	44446136	18	-0.434
BONZE_p_TCGAb56_SNP_1N_GenomeWideSNP_6_E07_666882	9	44469328	44855737	38	0.5909
BONZE_p_TCGAb56_SNP_1N_GenomeWideSNP_6_E07_666882	9	44866028	134258779	44759	0.0127
BONZE_p_TCGAb56_SNP_1N_GenomeWideSNP_6_E07_666882	9	134260926	134265704	5	-1.1639
BONZE_p_TCGAb56_SNP_1N_GenomeWideSNP_6_E07_666882	9	134272015	141091394	3650	0.02
BONZE_p_TCGAb56_SNP_1N_GenomeWideSNP_6_E07_666882	10	72759	24377674	19242	0.0107
BONZE_p_TCGAb56_SNP_1N_GenomeWideSNP_6_E07_666882	10	24377675	24378054	10	-1.7727
BONZE_p_TCGAb56_SNP_1N_GenomeWideSNP_6_E07_666882	10	24378908	31246510	5044	0.0121
BONZE_p_TCGAb56_SNP_1N_GenomeWideSNP_6_E07_666882	10	31251334	31251779	11	-2.3888
BONZE_p_TCGAb56_SNP_1N_GenomeWideSNP_6_E07_666882	10	31251822	46140631	7233	0.0166
BONZE_p_TCGAb56_SNP_1N_GenomeWideSNP_6_E07_666882	10	46141205	46141795	2	-1.3803
BONZE_p_TCGAb56_SNP_1N_GenomeWideSNP_6_E07_666882	10	46141837	46312487	30	0.0157
BONZE_p_TCGAb56_SNP_1N_GenomeWideSNP_6_E07_666882	10	46485761	46511281	4	1.0667
BONZE_p_TCGAb56_SNP_1N_GenomeWideSNP_6_E07_666882	10	46527677	47055711	87	-0.0803
BONZE_p_TCGAb56_SNP_1N_GenomeWideSNP_6_E07_666882	10	47058792	47059226	11	0.5267
BONZE_p_TCGAb56_SNP_1N_GenomeWideSNP_6_E07_666882	10	47059388	48694134	562	-0.0639
BONZE_p_TCGAb56_SNP_1N_GenomeWideSNP_6_E07_666882	10	48695090	48695371	2	-1.4453
BONZE_p_TCGAb56_SNP_1N_GenomeWideSNP_6_E07_666882	10	48698626	52089619	1566	0.0083
BONZE_p_TCGAb56_SNP_1N_GenomeWideSNP_6_E07_666882	10	52090613	52120789	21	0.417
BONZE_p_TCGAb56_SNP_1N_GenomeWideSNP_6_E07_666882	10	52121170	81385449	20201	0.0109
BONZE_p_TCGAb56_SNP_1N_GenomeWideSNP_6_E07_666882	10	81409226	81423240	2	-1.803
BONZE_p_TCGAb56_SNP_1N_GenomeWideSNP_6_E07_666882	10	81423379	82878159	886	0.015
BONZE_p_TCGAb56_SNP_1N_GenomeWideSNP_6_E07_666882	10	82881330	82889783	10	-1.1243
BONZE_p_TCGAb56_SNP_1N_GenomeWideSNP_6_E07_666882	10	82894469	84431317	1140	-0.0115
BONZE_p_TCGAb56_SNP_1N_GenomeWideSNP_6_E07_666882	10	84431840	84433391	3	1.3892
BONZE_p_TCGAb56_SNP_1N_GenomeWideSNP_6_E07_666882	10	84435455	106090906	13709	0.0083
BONZE_p_TCGAb56_SNP_1N_GenomeWideSNP_6_E07_666882	10	106091095	106093483	2	-1.4653
BONZE_p_TCGAb56_SNP_1N_GenomeWideSNP_6_E07_666882	10	106094708	135506704	21315	0.0138
BONZE_p_TCGAb56_SNP_1N_GenomeWideSNP_6_E07_666882	11	198510	4970367	2487	0.0159
BONZE_p_TCGAb56_SNP_1N_GenomeWideSNP_6_E07_666882	11	4972005	4976907	35	0.4225
BONZE_p_TCGAb56_SNP_1N_GenomeWideSNP_6_E07_666882	11	4977011	5783923	784	0.0027
BONZE_p_TCGAb56_SNP_1N_GenomeWideSNP_6_E07_666882	11	5787405	5809139	33	0.5118
BONZE_p_TCGAb56_SNP_1N_GenomeWideSNP_6_E07_666882	11	5809338	18949737	9433	0.0099
BONZE_p_TCGAb56_SNP_1N_GenomeWideSNP_6_E07_666882	11	18949873	18960750	29	-0.4095
BONZE_p_TCGAb56_SNP_1N_GenomeWideSNP_6_E07_666882	11	18961065	55376511	21875	0.005
BONZE_p_TCGAb56_SNP_1N_GenomeWideSNP_6_E07_666882	11	55376634	55442318	38	-0.4703
BONZE_p_TCGAb56_SNP_1N_GenomeWideSNP_6_E07_666882	11	55444211	91830097	21390	0.008
BONZE_p_TCGAb56_SNP_1N_GenomeWideSNP_6_E07_666882	11	91830489	91831043	3	1.1976
BONZE_p_TCGAb56_SNP_1N_GenomeWideSNP_6_E07_666882	11	91832704	95544420	2712	-0.0035
BONZE_p_TCGAb56_SNP_1N_GenomeWideSNP_6_E07_666882	11	95545280	95545340	2	-1.2667
BONZE_p_TCGAb56_SNP_1N_GenomeWideSNP_6_E07_666882	11	95547144	101594384	4547	-0.0027
BONZE_p_TCGAb56_SNP_1N_GenomeWideSNP_6_E07_666882	11	101597860	101597964	4	1.12
BONZE_p_TCGAb56_SNP_1N_GenomeWideSNP_6_E07_666882	11	101598212	134601791	23488	0.0097
BONZE_p_TCGAb56_SNP_1N_GenomeWideSNP_6_E07_666882	11	134602280	134603992	3	-3.9611
BONZE_p_TCGAb56_SNP_1N_GenomeWideSNP_6_E07_666882	11	134607871	134944770	282	-0.0626
BONZE_p_TCGAb56_SNP_1N_GenomeWideSNP_6_E07_666882	12	150442	9630556	6202	0.0134
BONZE_p_TCGAb56_SNP_1N_GenomeWideSNP_6_E07_666882	12	9633870	9713674	22	0.4886
BONZE_p_TCGAb56_SNP_1N_GenomeWideSNP_6_E07_666882	12	9714954	31999705	15691	0.0049
BONZE_p_TCGAb56_SNP_1N_GenomeWideSNP_6_E07_666882	12	32002296	32063002	60	0.5402
BONZE_p_TCGAb56_SNP_1N_GenomeWideSNP_6_E07_666882	12	32067902	103237160	42446	0.0014
BONZE_p_TCGAb56_SNP_1N_GenomeWideSNP_6_E07_666882	12	103237468	103237793	3	1.1393
BONZE_p_TCGAb56_SNP_1N_GenomeWideSNP_6_E07_666882	12	103238017	127125380	15673	0.0175
BONZE_p_TCGAb56_SNP_1N_GenomeWideSNP_6_E07_666882	12	127125744	127130492	2	2.0277
BONZE_p_TCGAb56_SNP_1N_GenomeWideSNP_6_E07_666882	12	127131040	133778189	4974	0.0089
BONZE_p_TCGAb56_SNP_1N_GenomeWideSNP_6_E07_666882	13	19026949	21896035	1610	0.0291
BONZE_p_TCGAb56_SNP_1N_GenomeWideSNP_6_E07_666882	13	21896319	21896499	2	1.5987
BONZE_p_TCGAb56_SNP_1N_GenomeWideSNP_6_E07_666882	13	21896756	26207240	3244	0.0072
BONZE_p_TCGAb56_SNP_1N_GenomeWideSNP_6_E07_666882	13	26209703	26226911	8	-0.8441
BONZE_p_TCGAb56_SNP_1N_GenomeWideSNP_6_E07_666882	13	26227201	72476988	30310	-9e-04
BONZE_p_TCGAb56_SNP_1N_GenomeWideSNP_6_E07_666882	13	72477555	72480556	4	-2.1467
BONZE_p_TCGAb56_SNP_1N_GenomeWideSNP_6_E07_666882	13	72480605	113628840	28559	-2e-04
BONZE_p_TCGAb56_SNP_1N_GenomeWideSNP_6_E07_666882	13	113631143	113703404	35	-0.307
BONZE_p_TCGAb56_SNP_1N_GenomeWideSNP_6_E07_666882	13	113704385	113707613	2	1.37
BONZE_p_TCGAb56_SNP_1N_GenomeWideSNP_6_E07_666882	13	113707658	115108397	553	0.0303
BONZE_p_TCGAb56_SNP_1N_GenomeWideSNP_6_E07_666882	14	19002124	19469520	38	0.0754
BONZE_p_TCGAb56_SNP_1N_GenomeWideSNP_6_E07_666882	14	19541714	20418957	145	-0.321
BONZE_p_TCGAb56_SNP_1N_GenomeWideSNP_6_E07_666882	14	20419259	22394325	1371	0.0382
BONZE_p_TCGAb56_SNP_1N_GenomeWideSNP_6_E07_666882	14	22394384	22970327	501	0.2898
BONZE_p_TCGAb56_SNP_1N_GenomeWideSNP_6_E07_666882	14	22970447	23029512	64	-0.0071
BONZE_p_TCGAb56_SNP_1N_GenomeWideSNP_6_E07_666882	14	23029661	23029875	6	-0.7108
BONZE_p_TCGAb56_SNP_1N_GenomeWideSNP_6_E07_666882	14	23032070	24115433	570	0.0347
BONZE_p_TCGAb56_SNP_1N_GenomeWideSNP_6_E07_666882	14	24115473	24115724	2	-1.602
BONZE_p_TCGAb56_SNP_1N_GenomeWideSNP_6_E07_666882	14	24116109	73995774	31627	0.0053
BONZE_p_TCGAb56_SNP_1N_GenomeWideSNP_6_E07_666882	14	74001123	74029900	10	0.9018
BONZE_p_TCGAb56_SNP_1N_GenomeWideSNP_6_E07_666882	14	74029915	106715489	20887	0.0144
BONZE_p_TCGAb56_SNP_1N_GenomeWideSNP_6_E07_666882	14	106717356	106727469	8	-0.7551
BONZE_p_TCGAb56_SNP_1N_GenomeWideSNP_6_E07_666882	14	106728162	106751284	10	0.0122
BONZE_p_TCGAb56_SNP_1N_GenomeWideSNP_6_E07_666882	14	106753859	106753867	3	1.1697
BONZE_p_TCGAb56_SNP_1N_GenomeWideSNP_6_E07_666882	14	106754003	106796025	16	0.0874
BONZE_p_TCGAb56_SNP_1N_GenomeWideSNP_6_E07_666882	14	106796228	106802053	6	-0.7795
BONZE_p_TCGAb56_SNP_1N_GenomeWideSNP_6_E07_666882	14	106815943	107177994	234	-0.0314
BONZE_p_TCGAb56_SNP_1N_GenomeWideSNP_6_E07_666882	14	107178457	107184483	9	-0.7702
BONZE_p_TCGAb56_SNP_1N_GenomeWideSNP_6_E07_666882	14	107184751	107285437	65	-0.0237
BONZE_p_TCGAb56_SNP_1N_GenomeWideSNP_6_E07_666882	15	20016328	20203961	47	0.0203
BONZE_p_TCGAb56_SNP_1N_GenomeWideSNP_6_E07_666882	15	20206939	22673399	375	-0.5116
BONZE_p_TCGAb56_SNP_1N_GenomeWideSNP_6_E07_666882	15	22681076	24669745	1005	0.0031
BONZE_p_TCGAb56_SNP_1N_GenomeWideSNP_6_E07_666882	15	24674751	24714839	35	-0.5976
BONZE_p_TCGAb56_SNP_1N_GenomeWideSNP_6_E07_666882	15	24714858	30780663	3741	0.0249
BONZE_p_TCGAb56_SNP_1N_GenomeWideSNP_6_E07_666882	15	30792569	30925605	10	0.9039
BONZE_p_TCGAb56_SNP_1N_GenomeWideSNP_6_E07_666882	15	30930500	32566511	1074	0.0056
BONZE_p_TCGAb56_SNP_1N_GenomeWideSNP_6_E07_666882	15	32575842	32599802	5	0.977
BONZE_p_TCGAb56_SNP_1N_GenomeWideSNP_6_E07_666882	15	32615301	40848351	5818	0.0153
BONZE_p_TCGAb56_SNP_1N_GenomeWideSNP_6_E07_666882	15	40849698	40849828	2	1.4975
BONZE_p_TCGAb56_SNP_1N_GenomeWideSNP_6_E07_666882	15	40851755	56791094	9469	0.0171
BONZE_p_TCGAb56_SNP_1N_GenomeWideSNP_6_E07_666882	15	56791175	56800977	15	-0.7268
BONZE_p_TCGAb56_SNP_1N_GenomeWideSNP_6_E07_666882	15	56801623	57759372	525	0.0343
BONZE_p_TCGAb56_SNP_1N_GenomeWideSNP_6_E07_666882	15	57762740	57770091	11	0.5143
BONZE_p_TCGAb56_SNP_1N_GenomeWideSNP_6_E07_666882	15	57771044	70447859	8743	0.0295
BONZE_p_TCGAb56_SNP_1N_GenomeWideSNP_6_E07_666882	15	70447979	70462952	9	-0.8843
BONZE_p_TCGAb56_SNP_1N_GenomeWideSNP_6_E07_666882	15	70471263	101685552	20622	0.0241
BONZE_p_TCGAb56_SNP_1N_GenomeWideSNP_6_E07_666882	15	101689056	101690319	3	-1.4656
BONZE_p_TCGAb56_SNP_1N_GenomeWideSNP_6_E07_666882	15	101691448	102469040	551	0.0231
BONZE_p_TCGAb56_SNP_1N_GenomeWideSNP_6_E07_666882	16	60777	85827	4	-0.3416
BONZE_p_TCGAb56_SNP_1N_GenomeWideSNP_6_E07_666882	16	86125	5607890	2624	0.5131
BONZE_p_TCGAb56_SNP_1N_GenomeWideSNP_6_E07_666882	16	5608089	5608151	2	-1.4852
BONZE_p_TCGAb56_SNP_1N_GenomeWideSNP_6_E07_666882	16	5608337	15048768	8505	0.5328
BONZE_p_TCGAb56_SNP_1N_GenomeWideSNP_6_E07_666882	16	15048844	15116257	62	0.0661
BONZE_p_TCGAb56_SNP_1N_GenomeWideSNP_6_E07_666882	16	15125441	23803884	4427	0.5269
BONZE_p_TCGAb56_SNP_1N_GenomeWideSNP_6_E07_666882	16	23804462	23809693	4	-0.4634
BONZE_p_TCGAb56_SNP_1N_GenomeWideSNP_6_E07_666882	16	23810368	23883315	56	0.4877
BONZE_p_TCGAb56_SNP_1N_GenomeWideSNP_6_E07_666882	16	23888183	23888975	2	-0.4523
BONZE_p_TCGAb56_SNP_1N_GenomeWideSNP_6_E07_666882	16	23889708	25538847	1104	0.5332
BONZE_p_TCGAb56_SNP_1N_GenomeWideSNP_6_E07_666882	16	25540482	25540657	2	-1.1414
BONZE_p_TCGAb56_SNP_1N_GenomeWideSNP_6_E07_666882	16	25544372	26570649	844	0.5372
BONZE_p_TCGAb56_SNP_1N_GenomeWideSNP_6_E07_666882	16	26574506	26575661	2	-1.192
BONZE_p_TCGAb56_SNP_1N_GenomeWideSNP_6_E07_666882	16	26576256	26618838	42	0.4598
BONZE_p_TCGAb56_SNP_1N_GenomeWideSNP_6_E07_666882	16	26621916	26623977	6	-1.0463
BONZE_p_TCGAb56_SNP_1N_GenomeWideSNP_6_E07_666882	16	26626758	32013278	2389	0.5002
BONZE_p_TCGAb56_SNP_1N_GenomeWideSNP_6_E07_666882	16	32024412	32588622	90	0.1436
BONZE_p_TCGAb56_SNP_1N_GenomeWideSNP_6_E07_666882	16	32588901	32588906	4	-3.3348
BONZE_p_TCGAb56_SNP_1N_GenomeWideSNP_6_E07_666882	16	32588909	33241953	78	0.1842
BONZE_p_TCGAb56_SNP_1N_GenomeWideSNP_6_E07_666882	16	33300894	33631830	89	-0.0703
BONZE_p_TCGAb56_SNP_1N_GenomeWideSNP_6_E07_666882	16	33643399	34202742	67	0.3437
BONZE_p_TCGAb56_SNP_1N_GenomeWideSNP_6_E07_666882	16	34203954	34728505	295	-0.3765
BONZE_p_TCGAb56_SNP_1N_GenomeWideSNP_6_E07_666882	16	34729034	34746193	15	0.5678
BONZE_p_TCGAb56_SNP_1N_GenomeWideSNP_6_E07_666882	16	34748704	34754728	3	-0.0526
BONZE_p_TCGAb56_SNP_1N_GenomeWideSNP_6_E07_666882	16	34755566	34817876	35	0.5185
BONZE_p_TCGAb56_SNP_1N_GenomeWideSNP_6_E07_666882	16	34819825	34835095	3	-0.428
BONZE_p_TCGAb56_SNP_1N_GenomeWideSNP_6_E07_666882	16	34835799	46503206	104	0.5422
BONZE_p_TCGAb56_SNP_1N_GenomeWideSNP_6_E07_666882	16	46504414	55795048	6462	-0.3501
BONZE_p_TCGAb56_SNP_1N_GenomeWideSNP_6_E07_666882	16	55795214	55808680	13	-1.6612
BONZE_p_TCGAb56_SNP_1N_GenomeWideSNP_6_E07_666882	16	55809224	58942985	1904	-0.3309
BONZE_p_TCGAb56_SNP_1N_GenomeWideSNP_6_E07_666882	16	58947475	58948231	3	-1.7133
BONZE_p_TCGAb56_SNP_1N_GenomeWideSNP_6_E07_666882	16	58955655	70151527	6863	-0.3562
BONZE_p_TCGAb56_SNP_1N_GenomeWideSNP_6_E07_666882	16	70151560	70187092	10	-1.2866
BONZE_p_TCGAb56_SNP_1N_GenomeWideSNP_6_E07_666882	16	70187194	90287535	16293	-0.3639
BONZE_p_TCGAb56_SNP_1N_GenomeWideSNP_6_E07_666882	17	526	19497890	11850	0.0204
BONZE_p_TCGAb56_SNP_1N_GenomeWideSNP_6_E07_666882	17	19499736	19538447	30	-0.7192
BONZE_p_TCGAb56_SNP_1N_GenomeWideSNP_6_E07_666882	17	19538758	34436532	6512	0.0164
BONZE_p_TCGAb56_SNP_1N_GenomeWideSNP_6_E07_666882	17	34436708	34477386	35	0.4375
BONZE_p_TCGAb56_SNP_1N_GenomeWideSNP_6_E07_666882	17	34477480	34853779	54	-0.0194
BONZE_p_TCGAb56_SNP_1N_GenomeWideSNP_6_E07_666882	17	34853794	34865131	17	-0.3477
BONZE_p_TCGAb56_SNP_1N_GenomeWideSNP_6_E07_666882	17	34865288	36133100	850	0.0257
BONZE_p_TCGAb56_SNP_1N_GenomeWideSNP_6_E07_666882	17	36135450	36135543	2	-1.3969
BONZE_p_TCGAb56_SNP_1N_GenomeWideSNP_6_E07_666882	17	36135824	39418372	1620	0.0273
BONZE_p_TCGAb56_SNP_1N_GenomeWideSNP_6_E07_666882	17	39421685	39429949	21	-0.5117
BONZE_p_TCGAb56_SNP_1N_GenomeWideSNP_6_E07_666882	17	39430157	39430450	4	-1.874
BONZE_p_TCGAb56_SNP_1N_GenomeWideSNP_6_E07_666882	17	39430531	44163098	2513	0.0139
BONZE_p_TCGAb56_SNP_1N_GenomeWideSNP_6_E07_666882	17	44165803	44280188	96	0.306
BONZE_p_TCGAb56_SNP_1N_GenomeWideSNP_6_E07_666882	17	44280676	78628863	20726	0.0144
BONZE_p_TCGAb56_SNP_1N_GenomeWideSNP_6_E07_666882	17	78629793	78634179	2	3.288
BONZE_p_TCGAb56_SNP_1N_GenomeWideSNP_6_E07_666882	17	78634300	81049726	962	0.0067
BONZE_p_TCGAb56_SNP_1N_GenomeWideSNP_6_E07_666882	18	11543	478887	311	0.0124
BONZE_p_TCGAb56_SNP_1N_GenomeWideSNP_6_E07_666882	18	479816	481341	2	-1.7356
BONZE_p_TCGAb56_SNP_1N_GenomeWideSNP_6_E07_666882	18	483753	685447	177	0.0265
BONZE_p_TCGAb56_SNP_1N_GenomeWideSNP_6_E07_666882	18	685574	685887	3	-1.3096
BONZE_p_TCGAb56_SNP_1N_GenomeWideSNP_6_E07_666882	18	689242	24300022	13370	0.012
BONZE_p_TCGAb56_SNP_1N_GenomeWideSNP_6_E07_666882	18	24301841	24301991	3	-1.7037
BONZE_p_TCGAb56_SNP_1N_GenomeWideSNP_6_E07_666882	18	24303795	78015057	36949	0.0018
BONZE_p_TCGAb56_SNP_1N_GenomeWideSNP_6_E07_666882	19	90910	35849322	16818	0.0291
BONZE_p_TCGAb56_SNP_1N_GenomeWideSNP_6_E07_666882	19	35849493	35861848	22	-0.518
BONZE_p_TCGAb56_SNP_1N_GenomeWideSNP_6_E07_666882	19	35866744	53332039	8921	0.0328
BONZE_p_TCGAb56_SNP_1N_GenomeWideSNP_6_E07_666882	19	53332928	53332936	2	-1.6944
BONZE_p_TCGAb56_SNP_1N_GenomeWideSNP_6_E07_666882	19	53333888	53525262	145	0.0489
BONZE_p_TCGAb56_SNP_1N_GenomeWideSNP_6_E07_666882	19	53525535	53547361	16	0.6158
BONZE_p_TCGAb56_SNP_1N_GenomeWideSNP_6_E07_666882	19	53552229	59097854	3416	0.0222
BONZE_p_TCGAb56_SNP_1N_GenomeWideSNP_6_E07_666882	20	61305	1560951	1205	0.0117
BONZE_p_TCGAb56_SNP_1N_GenomeWideSNP_6_E07_666882	20	1560999	1561580	2	-1.487
BONZE_p_TCGAb56_SNP_1N_GenomeWideSNP_6_E07_666882	20	1561667	1582207	35	-0.2715
BONZE_p_TCGAb56_SNP_1N_GenomeWideSNP_6_E07_666882	20	1590257	1593893	5	-1.2607
BONZE_p_TCGAb56_SNP_1N_GenomeWideSNP_6_E07_666882	20	1597946	62956153	41244	0.0157
BONZE_p_TCGAb56_SNP_1N_GenomeWideSNP_6_E07_666882	21	10736871	10953424	36	0.4015
BONZE_p_TCGAb56_SNP_1N_GenomeWideSNP_6_E07_666882	21	10954126	48096957	24380	0.0045
BONZE_p_TCGAb56_SNP_1N_GenomeWideSNP_6_E07_666882	22	16052528	51234455	23544	-0.3553
BONZE_p_TCGAb56_SNP_1N_GenomeWideSNP_6_E07_666882	X	168477	17184975	10568	0.0116
BONZE_p_TCGAb56_SNP_1N_GenomeWideSNP_6_E07_666882	X	17185594	17186843	7	-0.8267
BONZE_p_TCGAb56_SNP_1N_GenomeWideSNP_6_E07_666882	X	17186913	42612545	15754	0.0123
BONZE_p_TCGAb56_SNP_1N_GenomeWideSNP_6_E07_666882	X	42612638	42614288	2	1.3838
BONZE_p_TCGAb56_SNP_1N_GenomeWideSNP_6_E07_666882	X	42614602	66970458	9496	0.0211
BONZE_p_TCGAb56_SNP_1N_GenomeWideSNP_6_E07_666882	X	66974524	66981802	9	0.8872
BONZE_p_TCGAb56_SNP_1N_GenomeWideSNP_6_E07_666882	X	66983518	72814743	2653	0.0189
BONZE_p_TCGAb56_SNP_1N_GenomeWideSNP_6_E07_666882	X	72815445	72891330	22	0.5072
BONZE_p_TCGAb56_SNP_1N_GenomeWideSNP_6_E07_666882	X	72896545	74616410	752	0.0338
BONZE_p_TCGAb56_SNP_1N_GenomeWideSNP_6_E07_666882	X	74616812	74625714	5	0.8615
BONZE_p_TCGAb56_SNP_1N_GenomeWideSNP_6_E07_666882	X	74635196	106222718	16623	0.0156
BONZE_p_TCGAb56_SNP_1N_GenomeWideSNP_6_E07_666882	X	106222998	106223185	4	-0.9008
BONZE_p_TCGAb56_SNP_1N_GenomeWideSNP_6_E07_666882	X	106228540	115133681	4918	0.0133
BONZE_p_TCGAb56_SNP_1N_GenomeWideSNP_6_E07_666882	X	115137955	115150638	7	-1.2086
BONZE_p_TCGAb56_SNP_1N_GenomeWideSNP_6_E07_666882	X	115156419	121491985	3824	0.0217
BONZE_p_TCGAb56_SNP_1N_GenomeWideSNP_6_E07_666882	X	121497279	121532885	18	-0.7643
BONZE_p_TCGAb56_SNP_1N_GenomeWideSNP_6_E07_666882	X	121533475	150292898	17513	0.0121
BONZE_p_TCGAb56_SNP_1N_GenomeWideSNP_6_E07_666882	X	150293934	150295459	2	-2.0948
BONZE_p_TCGAb56_SNP_1N_GenomeWideSNP_6_E07_666882	X	150296555	155182354	2431	0.0207
BONZE_p_TCGAb56_SNP_1N_GenomeWideSNP_6_E07_666882	Y	2650438	6113957	870	-2.2285
BONZE_p_TCGAb56_SNP_1N_GenomeWideSNP_6_E07_666882	Y	6117910	15595049	2692	-2.6033
BONZE_p_TCGAb56_SNP_1N_GenomeWideSNP_6_E07_666882	Y	15600886	16133498	230	-2.0758
BONZE_p_TCGAb56_SNP_1N_GenomeWideSNP_6_E07_666882	Y	16136055	26297241	4118	-2.6527
BONZE_p_TCGAb56_SNP_1N_GenomeWideSNP_6_E07_666882	Y	26305563	26432667	45	-2.2854
BONZE_p_TCGAb56_SNP_1N_GenomeWideSNP_6_E07_666882	Y	26433358	26508486	23	-0.5549
BONZE_p_TCGAb56_SNP_1N_GenomeWideSNP_6_E07_666882	Y	26510575	27788004	207	-2.2709
BONZE_p_TCGAb56_SNP_1N_GenomeWideSNP_6_E07_666882	Y	27789040	27792173	3	-6.3465
BONZE_p_TCGAb56_SNP_1N_GenomeWideSNP_6_E07_666882	Y	27792751	28704263	361	-2.2278
BONZE_p_TCGAb56_SNP_1N_GenomeWideSNP_6_E07_666882	Y	28704985	28709033	2	-8.0883
BONZE_p_TCGAb56_SNP_1N_GenomeWideSNP_6_E07_666882	Y	28709283	59018259	45	-2.2128
