Sample	Chromosome	Start	End	Num_Probes	Segment_Mean
BONZE_p_TCGAb56_SNP_1N_GenomeWideSNP_6_G09_666924	1	61735	98588	16	-0.8691
BONZE_p_TCGAb56_SNP_1N_GenomeWideSNP_6_G09_666924	1	98602	235728	10	0.1031
BONZE_p_TCGAb56_SNP_1N_GenomeWideSNP_6_G09_666924	1	235938	603590	7	-0.861
BONZE_p_TCGAb56_SNP_1N_GenomeWideSNP_6_G09_666924	1	625470	17203497	8801	0.0179
BONZE_p_TCGAb56_SNP_1N_GenomeWideSNP_6_G09_666924	1	17209603	17262247	59	0.4708
BONZE_p_TCGAb56_SNP_1N_GenomeWideSNP_6_G09_666924	1	17276241	25582843	5267	0.0154
BONZE_p_TCGAb56_SNP_1N_GenomeWideSNP_6_G09_666924	1	25583291	25646986	30	0.4899
BONZE_p_TCGAb56_SNP_1N_GenomeWideSNP_6_G09_666924	1	25661501	58834609	19114	0.017
BONZE_p_TCGAb56_SNP_1N_GenomeWideSNP_6_G09_666924	1	58834962	58838050	3	-2.693
BONZE_p_TCGAb56_SNP_1N_GenomeWideSNP_6_G09_666924	1	58838171	62436943	2597	0.0259
BONZE_p_TCGAb56_SNP_1N_GenomeWideSNP_6_G09_666924	1	62439231	62450535	37	-0.6484
BONZE_p_TCGAb56_SNP_1N_GenomeWideSNP_6_G09_666924	1	62454672	104103230	27214	0.0164
BONZE_p_TCGAb56_SNP_1N_GenomeWideSNP_6_G09_666924	1	104109238	104159384	27	0.5982
BONZE_p_TCGAb56_SNP_1N_GenomeWideSNP_6_G09_666924	1	104163499	106013376	947	-0.0064
BONZE_p_TCGAb56_SNP_1N_GenomeWideSNP_6_G09_666924	1	106019205	106022375	17	-1.4757
BONZE_p_TCGAb56_SNP_1N_GenomeWideSNP_6_G09_666924	1	106024055	110227515	2670	0.0141
BONZE_p_TCGAb56_SNP_1N_GenomeWideSNP_6_G09_666924	1	110232974	110242953	18	0.6435
BONZE_p_TCGAb56_SNP_1N_GenomeWideSNP_6_G09_666924	1	110244998	111354502	818	0.0013
BONZE_p_TCGAb56_SNP_1N_GenomeWideSNP_6_G09_666924	1	111359735	111359935	5	-0.8838
BONZE_p_TCGAb56_SNP_1N_GenomeWideSNP_6_G09_666924	1	111360545	111374093	12	0.1023
BONZE_p_TCGAb56_SNP_1N_GenomeWideSNP_6_G09_666924	1	111375566	111388184	41	-0.7011
BONZE_p_TCGAb56_SNP_1N_GenomeWideSNP_6_G09_666924	1	111388226	112690326	1078	0.0093
BONZE_p_TCGAb56_SNP_1N_GenomeWideSNP_6_G09_666924	1	112695965	112697390	25	0.5257
BONZE_p_TCGAb56_SNP_1N_GenomeWideSNP_6_G09_666924	1	112705956	144081043	5228	0.0194
BONZE_p_TCGAb56_SNP_1N_GenomeWideSNP_6_G09_666924	1	144471986	144472001	2	2.0528
BONZE_p_TCGAb56_SNP_1N_GenomeWideSNP_6_G09_666924	1	144527147	152555527	2812	0.0154
BONZE_p_TCGAb56_SNP_1N_GenomeWideSNP_6_G09_666924	1	152555706	152586594	35	-1.5981
BONZE_p_TCGAb56_SNP_1N_GenomeWideSNP_6_G09_666924	1	152590494	152759678	171	-0.0016
BONZE_p_TCGAb56_SNP_1N_GenomeWideSNP_6_G09_666924	1	152761923	152768700	37	0.4594
BONZE_p_TCGAb56_SNP_1N_GenomeWideSNP_6_G09_666924	1	152773905	248709670	65421	0.0165
BONZE_p_TCGAb56_SNP_1N_GenomeWideSNP_6_G09_666924	1	248713868	248805339	39	-0.7013
BONZE_p_TCGAb56_SNP_1N_GenomeWideSNP_6_G09_666924	1	248808557	249224388	144	-0.0056
BONZE_p_TCGAb56_SNP_1N_GenomeWideSNP_6_G09_666924	2	12784	24599249	17942	0.0159
BONZE_p_TCGAb56_SNP_1N_GenomeWideSNP_6_G09_666924	2	24601511	24611128	20	-0.5569
BONZE_p_TCGAb56_SNP_1N_GenomeWideSNP_6_G09_666924	2	24611727	34701394	6149	0.0167
BONZE_p_TCGAb56_SNP_1N_GenomeWideSNP_6_G09_666924	2	34701583	34737057	44	0.6684
BONZE_p_TCGAb56_SNP_1N_GenomeWideSNP_6_G09_666924	2	34737163	35975973	878	-0.0041
BONZE_p_TCGAb56_SNP_1N_GenomeWideSNP_6_G09_666924	2	35977790	35986908	5	-1.3972
BONZE_p_TCGAb56_SNP_1N_GenomeWideSNP_6_G09_666924	2	35987916	39978333	2913	0.0133
BONZE_p_TCGAb56_SNP_1N_GenomeWideSNP_6_G09_666924	2	39979581	39983870	5	-1.5179
BONZE_p_TCGAb56_SNP_1N_GenomeWideSNP_6_G09_666924	2	39984154	41238235	1029	0.0106
BONZE_p_TCGAb56_SNP_1N_GenomeWideSNP_6_G09_666924	2	41238443	41251278	26	-0.5877
BONZE_p_TCGAb56_SNP_1N_GenomeWideSNP_6_G09_666924	2	41251724	41380605	92	0.0132
BONZE_p_TCGAb56_SNP_1N_GenomeWideSNP_6_G09_666924	2	41381179	41381322	2	1.1955
BONZE_p_TCGAb56_SNP_1N_GenomeWideSNP_6_G09_666924	2	41381376	42129211	670	-0.0057
BONZE_p_TCGAb56_SNP_1N_GenomeWideSNP_6_G09_666924	2	42129595	42130740	2	-1.3211
BONZE_p_TCGAb56_SNP_1N_GenomeWideSNP_6_G09_666924	2	42131211	52754881	7426	0.0106
BONZE_p_TCGAb56_SNP_1N_GenomeWideSNP_6_G09_666924	2	52758753	52781542	33	0.6872
BONZE_p_TCGAb56_SNP_1N_GenomeWideSNP_6_G09_666924	2	52787949	77976748	16325	0.0187
BONZE_p_TCGAb56_SNP_1N_GenomeWideSNP_6_G09_666924	2	77977178	77977226	4	-1.3758
BONZE_p_TCGAb56_SNP_1N_GenomeWideSNP_6_G09_666924	2	77986678	80088940	1513	0.0094
BONZE_p_TCGAb56_SNP_1N_GenomeWideSNP_6_G09_666924	2	80089224	80089819	6	-3.1639
BONZE_p_TCGAb56_SNP_1N_GenomeWideSNP_6_G09_666924	2	80091474	88798668	4688	0.0157
BONZE_p_TCGAb56_SNP_1N_GenomeWideSNP_6_G09_666924	2	88803885	88803921	2	-1.9867
BONZE_p_TCGAb56_SNP_1N_GenomeWideSNP_6_G09_666924	2	88804413	89343987	288	-0.0138
BONZE_p_TCGAb56_SNP_1N_GenomeWideSNP_6_G09_666924	2	89355435	89355446	2	-2.3994
BONZE_p_TCGAb56_SNP_1N_GenomeWideSNP_6_G09_666924	2	89358038	97854159	1227	0.0082
BONZE_p_TCGAb56_SNP_1N_GenomeWideSNP_6_G09_666924	2	97857927	97877173	16	-0.7834
BONZE_p_TCGAb56_SNP_1N_GenomeWideSNP_6_G09_666924	2	97886334	98151043	27	-0.0377
BONZE_p_TCGAb56_SNP_1N_GenomeWideSNP_6_G09_666924	2	98151534	98162189	6	0.8779
BONZE_p_TCGAb56_SNP_1N_GenomeWideSNP_6_G09_666924	2	98166878	98674859	228	0.0174
BONZE_p_TCGAb56_SNP_1N_GenomeWideSNP_6_G09_666924	2	98676108	98676276	2	-1.3589
BONZE_p_TCGAb56_SNP_1N_GenomeWideSNP_6_G09_666924	2	98677330	106874722	5344	0.0158
BONZE_p_TCGAb56_SNP_1N_GenomeWideSNP_6_G09_666924	2	106880095	106901931	25	0.4471
BONZE_p_TCGAb56_SNP_1N_GenomeWideSNP_6_G09_666924	2	106909238	110477250	2100	0.012
BONZE_p_TCGAb56_SNP_1N_GenomeWideSNP_6_G09_666924	2	110501512	110816590	9	0.8877
BONZE_p_TCGAb56_SNP_1N_GenomeWideSNP_6_G09_666924	2	110826254	111099633	88	0.0362
BONZE_p_TCGAb56_SNP_1N_GenomeWideSNP_6_G09_666924	2	111107783	111169128	4	-1.6365
BONZE_p_TCGAb56_SNP_1N_GenomeWideSNP_6_G09_666924	2	111388632	116579367	3000	0.0052
BONZE_p_TCGAb56_SNP_1N_GenomeWideSNP_6_G09_666924	2	116581772	116582387	2	-1.5827
BONZE_p_TCGAb56_SNP_1N_GenomeWideSNP_6_G09_666924	2	116583565	125648783	5862	0.012
BONZE_p_TCGAb56_SNP_1N_GenomeWideSNP_6_G09_666924	2	125651932	125658362	6	-1.0783
BONZE_p_TCGAb56_SNP_1N_GenomeWideSNP_6_G09_666924	2	125659692	130793856	3266	0.0107
BONZE_p_TCGAb56_SNP_1N_GenomeWideSNP_6_G09_666924	2	130793883	130817339	3	-1.6089
BONZE_p_TCGAb56_SNP_1N_GenomeWideSNP_6_G09_666924	2	130817360	132083849	368	0.0054
BONZE_p_TCGAb56_SNP_1N_GenomeWideSNP_6_G09_666924	2	132093032	132099308	10	-1.0026
BONZE_p_TCGAb56_SNP_1N_GenomeWideSNP_6_G09_666924	2	132107247	132719550	269	-0.0028
BONZE_p_TCGAb56_SNP_1N_GenomeWideSNP_6_G09_666924	2	132719715	132873989	45	-0.3487
BONZE_p_TCGAb56_SNP_1N_GenomeWideSNP_6_G09_666924	2	132876665	146864429	8914	0.015
BONZE_p_TCGAb56_SNP_1N_GenomeWideSNP_6_G09_666924	2	146864443	146866934	22	0.6413
BONZE_p_TCGAb56_SNP_1N_GenomeWideSNP_6_G09_666924	2	146877806	243089456	59163	0.0141
BONZE_p_TCGAb56_SNP_1N_GenomeWideSNP_6_G09_666924	3	60345	14384894	11715	0.0067
BONZE_p_TCGAb56_SNP_1N_GenomeWideSNP_6_G09_666924	3	14386965	14391120	7	-0.995
BONZE_p_TCGAb56_SNP_1N_GenomeWideSNP_6_G09_666924	3	14393669	46775383	21520	0.0128
BONZE_p_TCGAb56_SNP_1N_GenomeWideSNP_6_G09_666924	3	46775816	46847616	46	-0.5983
BONZE_p_TCGAb56_SNP_1N_GenomeWideSNP_6_G09_666924	3	46849179	68746164	14570	0.0126
BONZE_p_TCGAb56_SNP_1N_GenomeWideSNP_6_G09_666924	3	68746259	68747413	14	1.0454
BONZE_p_TCGAb56_SNP_1N_GenomeWideSNP_6_G09_666924	3	68748758	72344701	2763	0.0213
BONZE_p_TCGAb56_SNP_1N_GenomeWideSNP_6_G09_666924	3	72347479	72352444	3	-1.467
BONZE_p_TCGAb56_SNP_1N_GenomeWideSNP_6_G09_666924	3	72352906	75568549	2169	0.0145
BONZE_p_TCGAb56_SNP_1N_GenomeWideSNP_6_G09_666924	3	75572549	75586805	6	-2.5135
BONZE_p_TCGAb56_SNP_1N_GenomeWideSNP_6_G09_666924	3	75595181	150528702	42714	0.0082
BONZE_p_TCGAb56_SNP_1N_GenomeWideSNP_6_G09_666924	3	150529952	150531019	4	-1.838
BONZE_p_TCGAb56_SNP_1N_GenomeWideSNP_6_G09_666924	3	150534309	162512739	7421	0.0094
BONZE_p_TCGAb56_SNP_1N_GenomeWideSNP_6_G09_666924	3	162513092	162615915	62	-1.4407
BONZE_p_TCGAb56_SNP_1N_GenomeWideSNP_6_G09_666924	3	162623842	174945569	7528	0.0064
BONZE_p_TCGAb56_SNP_1N_GenomeWideSNP_6_G09_666924	3	174945912	174945927	2	-1.9532
BONZE_p_TCGAb56_SNP_1N_GenomeWideSNP_6_G09_666924	3	174945947	192880473	11675	0.0156
BONZE_p_TCGAb56_SNP_1N_GenomeWideSNP_6_G09_666924	3	192880587	192882903	12	-1.5957
BONZE_p_TCGAb56_SNP_1N_GenomeWideSNP_6_G09_666924	3	192886435	197896118	2707	0.0138
BONZE_p_TCGAb56_SNP_1N_GenomeWideSNP_6_G09_666924	4	12281	9456977	5249	0.0181
BONZE_p_TCGAb56_SNP_1N_GenomeWideSNP_6_G09_666924	4	9461230	9464972	3	1.6725
BONZE_p_TCGAb56_SNP_1N_GenomeWideSNP_6_G09_666924	4	9470734	34779054	17581	0.0137
BONZE_p_TCGAb56_SNP_1N_GenomeWideSNP_6_G09_666924	4	34786500	34824725	38	0.6849
BONZE_p_TCGAb56_SNP_1N_GenomeWideSNP_6_G09_666924	4	34829872	69360489	19505	0.007
BONZE_p_TCGAb56_SNP_1N_GenomeWideSNP_6_G09_666924	4	69367142	69591612	79	-0.3556
BONZE_p_TCGAb56_SNP_1N_GenomeWideSNP_6_G09_666924	4	69591782	73551863	2341	0.0082
BONZE_p_TCGAb56_SNP_1N_GenomeWideSNP_6_G09_666924	4	73552244	73555438	2	-1.3596
BONZE_p_TCGAb56_SNP_1N_GenomeWideSNP_6_G09_666924	4	73558815	83277761	6132	0.0209
BONZE_p_TCGAb56_SNP_1N_GenomeWideSNP_6_G09_666924	4	83278793	83279403	2	-1.8289
BONZE_p_TCGAb56_SNP_1N_GenomeWideSNP_6_G09_666924	4	83284160	112296987	17394	0.0121
BONZE_p_TCGAb56_SNP_1N_GenomeWideSNP_6_G09_666924	4	112297415	112309614	25	-0.6481
BONZE_p_TCGAb56_SNP_1N_GenomeWideSNP_6_G09_666924	4	112309634	112674582	241	0.0113
BONZE_p_TCGAb56_SNP_1N_GenomeWideSNP_6_G09_666924	4	112676788	112680595	13	-0.8594
BONZE_p_TCGAb56_SNP_1N_GenomeWideSNP_6_G09_666924	4	112684751	115173700	1587	0.0062
BONZE_p_TCGAb56_SNP_1N_GenomeWideSNP_6_G09_666924	4	115175323	115182175	23	0.5184
BONZE_p_TCGAb56_SNP_1N_GenomeWideSNP_6_G09_666924	4	115184229	125641328	6242	0.0087
BONZE_p_TCGAb56_SNP_1N_GenomeWideSNP_6_G09_666924	4	125644196	125645969	14	-0.5745
BONZE_p_TCGAb56_SNP_1N_GenomeWideSNP_6_G09_666924	4	125646104	151879664	15437	0.0118
BONZE_p_TCGAb56_SNP_1N_GenomeWideSNP_6_G09_666924	4	151879925	151886127	19	-0.7061
BONZE_p_TCGAb56_SNP_1N_GenomeWideSNP_6_G09_666924	4	151886142	152789786	452	0.0393
BONZE_p_TCGAb56_SNP_1N_GenomeWideSNP_6_G09_666924	4	152791533	152792891	13	-0.6921
BONZE_p_TCGAb56_SNP_1N_GenomeWideSNP_6_G09_666924	4	152794796	152794859	3	1.3998
BONZE_p_TCGAb56_SNP_1N_GenomeWideSNP_6_G09_666924	4	152795388	161880141	5874	0.0158
BONZE_p_TCGAb56_SNP_1N_GenomeWideSNP_6_G09_666924	4	161880197	161884584	16	-0.9657
BONZE_p_TCGAb56_SNP_1N_GenomeWideSNP_6_G09_666924	4	161884600	172369346	6682	0.0052
BONZE_p_TCGAb56_SNP_1N_GenomeWideSNP_6_G09_666924	4	172374884	172377776	12	0.8908
BONZE_p_TCGAb56_SNP_1N_GenomeWideSNP_6_G09_666924	4	172380371	172987928	397	-0.0071
BONZE_p_TCGAb56_SNP_1N_GenomeWideSNP_6_G09_666924	4	172989148	172989533	12	0.7526
BONZE_p_TCGAb56_SNP_1N_GenomeWideSNP_6_G09_666924	4	172995979	189221258	10943	0.0145
BONZE_p_TCGAb56_SNP_1N_GenomeWideSNP_6_G09_666924	4	189221360	189221424	3	2.2781
BONZE_p_TCGAb56_SNP_1N_GenomeWideSNP_6_G09_666924	4	189221439	191027923	1176	0.0159
BONZE_p_TCGAb56_SNP_1N_GenomeWideSNP_6_G09_666924	5	15532	11161625	9134	0.0191
BONZE_p_TCGAb56_SNP_1N_GenomeWideSNP_6_G09_666924	5	11162636	11162771	3	-2.5547
BONZE_p_TCGAb56_SNP_1N_GenomeWideSNP_6_G09_666924	5	11167277	15718492	3080	0.0132
BONZE_p_TCGAb56_SNP_1N_GenomeWideSNP_6_G09_666924	5	15719222	15720597	11	-0.7605
BONZE_p_TCGAb56_SNP_1N_GenomeWideSNP_6_G09_666924	5	15723346	17490753	1176	0.0122
BONZE_p_TCGAb56_SNP_1N_GenomeWideSNP_6_G09_666924	5	17491212	17515801	19	-1.0572
BONZE_p_TCGAb56_SNP_1N_GenomeWideSNP_6_G09_666924	5	17601553	103851221	49385	0.0106
BONZE_p_TCGAb56_SNP_1N_GenomeWideSNP_6_G09_666924	5	103860373	103860604	4	-1.4261
BONZE_p_TCGAb56_SNP_1N_GenomeWideSNP_6_G09_666924	5	103861049	106085500	1314	-0.0121
BONZE_p_TCGAb56_SNP_1N_GenomeWideSNP_6_G09_666924	5	106087238	106089702	4	-1.0309
BONZE_p_TCGAb56_SNP_1N_GenomeWideSNP_6_G09_666924	5	106090828	120385308	10021	0.0125
BONZE_p_TCGAb56_SNP_1N_GenomeWideSNP_6_G09_666924	5	120388440	120389173	5	-1.3436
BONZE_p_TCGAb56_SNP_1N_GenomeWideSNP_6_G09_666924	5	120389313	155576586	22211	0.0153
BONZE_p_TCGAb56_SNP_1N_GenomeWideSNP_6_G09_666924	5	155577341	155590284	9	-0.8608
BONZE_p_TCGAb56_SNP_1N_GenomeWideSNP_6_G09_666924	5	155597454	177198449	14769	0.0194
BONZE_p_TCGAb56_SNP_1N_GenomeWideSNP_6_G09_666924	5	177227551	177232605	3	2.047
BONZE_p_TCGAb56_SNP_1N_GenomeWideSNP_6_G09_666924	5	177254965	180193184	1709	0.0462
BONZE_p_TCGAb56_SNP_1N_GenomeWideSNP_6_G09_666924	5	180193199	180194609	4	-1.2116
BONZE_p_TCGAb56_SNP_1N_GenomeWideSNP_6_G09_666924	5	180195522	180374523	101	0.0048
BONZE_p_TCGAb56_SNP_1N_GenomeWideSNP_6_G09_666924	5	180378710	180418103	19	0.6561
BONZE_p_TCGAb56_SNP_1N_GenomeWideSNP_6_G09_666924	5	180433225	180790320	170	0.0529
BONZE_p_TCGAb56_SNP_1N_GenomeWideSNP_6_G09_666924	6	149661	29874808	21773	0.0189
BONZE_p_TCGAb56_SNP_1N_GenomeWideSNP_6_G09_666924	6	29876959	29901576	13	-1.1803
BONZE_p_TCGAb56_SNP_1N_GenomeWideSNP_6_G09_666924	6	29908469	30285121	188	-0.0059
BONZE_p_TCGAb56_SNP_1N_GenomeWideSNP_6_G09_666924	6	30285405	30306307	6	-0.6285
BONZE_p_TCGAb56_SNP_1N_GenomeWideSNP_6_G09_666924	6	30309105	30343251	23	-0.0208
BONZE_p_TCGAb56_SNP_1N_GenomeWideSNP_6_G09_666924	6	30346918	30348247	6	-0.7886
BONZE_p_TCGAb56_SNP_1N_GenomeWideSNP_6_G09_666924	6	30348832	32586908	993	0.0135
BONZE_p_TCGAb56_SNP_1N_GenomeWideSNP_6_G09_666924	6	32587457	32602107	8	-1.0112
BONZE_p_TCGAb56_SNP_1N_GenomeWideSNP_6_G09_666924	6	32602269	33937719	821	0.0043
BONZE_p_TCGAb56_SNP_1N_GenomeWideSNP_6_G09_666924	6	33937806	33942705	9	-0.9497
BONZE_p_TCGAb56_SNP_1N_GenomeWideSNP_6_G09_666924	6	33944586	74592225	23454	0.008
BONZE_p_TCGAb56_SNP_1N_GenomeWideSNP_6_G09_666924	6	74592457	74597341	8	-2.6918
BONZE_p_TCGAb56_SNP_1N_GenomeWideSNP_6_G09_666924	6	74601410	78962889	2769	0.0083
BONZE_p_TCGAb56_SNP_1N_GenomeWideSNP_6_G09_666924	6	78969065	79045766	119	0.3147
BONZE_p_TCGAb56_SNP_1N_GenomeWideSNP_6_G09_666924	6	79045902	93574342	9236	0.0086
BONZE_p_TCGAb56_SNP_1N_GenomeWideSNP_6_G09_666924	6	93575866	93578630	31	-0.6312
BONZE_p_TCGAb56_SNP_1N_GenomeWideSNP_6_G09_666924	6	93582923	103734829	6222	5e-04
BONZE_p_TCGAb56_SNP_1N_GenomeWideSNP_6_G09_666924	6	103737976	103762061	46	0.5698
BONZE_p_TCGAb56_SNP_1N_GenomeWideSNP_6_G09_666924	6	103765470	115368895	7322	0.0077
BONZE_p_TCGAb56_SNP_1N_GenomeWideSNP_6_G09_666924	6	115379075	115407973	4	-1.4901
BONZE_p_TCGAb56_SNP_1N_GenomeWideSNP_6_G09_666924	6	115408571	153957370	24968	0.0111
BONZE_p_TCGAb56_SNP_1N_GenomeWideSNP_6_G09_666924	6	153960786	153961419	2	-2.4177
BONZE_p_TCGAb56_SNP_1N_GenomeWideSNP_6_G09_666924	6	153961899	171051005	11969	0.0177
BONZE_p_TCGAb56_SNP_1N_GenomeWideSNP_6_G09_666924	7	43355	108388023	66720	0.0103
BONZE_p_TCGAb56_SNP_1N_GenomeWideSNP_6_G09_666924	7	108390750	108391064	3	-1.8972
BONZE_p_TCGAb56_SNP_1N_GenomeWideSNP_6_G09_666924	7	108394903	109437675	672	0.0023
BONZE_p_TCGAb56_SNP_1N_GenomeWideSNP_6_G09_666924	7	109437677	109453910	24	0.4032
BONZE_p_TCGAb56_SNP_1N_GenomeWideSNP_6_G09_666924	7	109453982	109795715	207	0.0225
BONZE_p_TCGAb56_SNP_1N_GenomeWideSNP_6_G09_666924	7	109798592	109799082	6	-1.26
BONZE_p_TCGAb56_SNP_1N_GenomeWideSNP_6_G09_666924	7	109799199	124930722	9063	0.0111
BONZE_p_TCGAb56_SNP_1N_GenomeWideSNP_6_G09_666924	7	124933223	124933877	2	-2.1778
BONZE_p_TCGAb56_SNP_1N_GenomeWideSNP_6_G09_666924	7	124935779	126044974	761	0.0137
BONZE_p_TCGAb56_SNP_1N_GenomeWideSNP_6_G09_666924	7	126045482	126046615	12	-1.141
BONZE_p_TCGAb56_SNP_1N_GenomeWideSNP_6_G09_666924	7	126046876	133758802	4686	0.0168
BONZE_p_TCGAb56_SNP_1N_GenomeWideSNP_6_G09_666924	7	133760551	133799197	59	0.3178
BONZE_p_TCGAb56_SNP_1N_GenomeWideSNP_6_G09_666924	7	133806244	140192165	4104	0.0166
BONZE_p_TCGAb56_SNP_1N_GenomeWideSNP_6_G09_666924	7	140192342	140193013	3	1.1927
BONZE_p_TCGAb56_SNP_1N_GenomeWideSNP_6_G09_666924	7	140193035	142474653	1582	0.0273
BONZE_p_TCGAb56_SNP_1N_GenomeWideSNP_6_G09_666924	7	142474939	142486495	31	0.755
BONZE_p_TCGAb56_SNP_1N_GenomeWideSNP_6_G09_666924	7	142486560	143218408	465	0.0397
BONZE_p_TCGAb56_SNP_1N_GenomeWideSNP_6_G09_666924	7	143218858	143408430	34	-0.512
BONZE_p_TCGAb56_SNP_1N_GenomeWideSNP_6_G09_666924	7	143425378	143427066	9	0.2096
BONZE_p_TCGAb56_SNP_1N_GenomeWideSNP_6_G09_666924	7	143427155	143568059	59	-0.3777
BONZE_p_TCGAb56_SNP_1N_GenomeWideSNP_6_G09_666924	7	143572166	159127004	10013	0.0225
BONZE_p_TCGAb56_SNP_1N_GenomeWideSNP_6_G09_666924	8	31254	2247827	1651	0.0212
BONZE_p_TCGAb56_SNP_1N_GenomeWideSNP_6_G09_666924	8	2254638	2259358	12	-0.8361
BONZE_p_TCGAb56_SNP_1N_GenomeWideSNP_6_G09_666924	8	2270328	4066913	2277	0.0085
BONZE_p_TCGAb56_SNP_1N_GenomeWideSNP_6_G09_666924	8	4067673	4067902	4	-1.9567
BONZE_p_TCGAb56_SNP_1N_GenomeWideSNP_6_G09_666924	8	4068320	13291944	8200	0.0139
BONZE_p_TCGAb56_SNP_1N_GenomeWideSNP_6_G09_666924	8	13294635	13295355	3	-1.0068
BONZE_p_TCGAb56_SNP_1N_GenomeWideSNP_6_G09_666924	8	13301282	14506242	1215	-0.0023
BONZE_p_TCGAb56_SNP_1N_GenomeWideSNP_6_G09_666924	8	14506345	14515208	40	-0.63
BONZE_p_TCGAb56_SNP_1N_GenomeWideSNP_6_G09_666924	8	14517219	16197191	1488	0.0066
BONZE_p_TCGAb56_SNP_1N_GenomeWideSNP_6_G09_666924	8	16206954	16207123	8	-1.2273
BONZE_p_TCGAb56_SNP_1N_GenomeWideSNP_6_G09_666924	8	16212084	23402308	5802	0.0143
BONZE_p_TCGAb56_SNP_1N_GenomeWideSNP_6_G09_666924	8	23407740	23410325	7	-0.8028
BONZE_p_TCGAb56_SNP_1N_GenomeWideSNP_6_G09_666924	8	23410435	24974476	1138	0.0255
BONZE_p_TCGAb56_SNP_1N_GenomeWideSNP_6_G09_666924	8	24974522	24984333	25	0.8493
BONZE_p_TCGAb56_SNP_1N_GenomeWideSNP_6_G09_666924	8	24991104	29815830	3480	0.0093
BONZE_p_TCGAb56_SNP_1N_GenomeWideSNP_6_G09_666924	8	29816442	29818679	2	-2.0437
BONZE_p_TCGAb56_SNP_1N_GenomeWideSNP_6_G09_666924	8	29819395	112295081	47691	0.0172
BONZE_p_TCGAb56_SNP_1N_GenomeWideSNP_6_G09_666924	8	112295202	112295245	2	-2.5189
BONZE_p_TCGAb56_SNP_1N_GenomeWideSNP_6_G09_666924	8	112295260	146298155	22943	0.0213
BONZE_p_TCGAb56_SNP_1N_GenomeWideSNP_6_G09_666924	9	46587	15156132	13827	0.0073
BONZE_p_TCGAb56_SNP_1N_GenomeWideSNP_6_G09_666924	9	15158903	15159421	4	-1.2846
BONZE_p_TCGAb56_SNP_1N_GenomeWideSNP_6_G09_666924	9	15159849	44244880	17630	0.0095
BONZE_p_TCGAb56_SNP_1N_GenomeWideSNP_6_G09_666924	9	44250853	44820541	48	0.5085
BONZE_p_TCGAb56_SNP_1N_GenomeWideSNP_6_G09_666924	9	44824263	65616971	103	0.0548
BONZE_p_TCGAb56_SNP_1N_GenomeWideSNP_6_G09_666924	9	65617146	65630946	2	-2.6139
BONZE_p_TCGAb56_SNP_1N_GenomeWideSNP_6_G09_666924	9	65672607	68183981	57	-0.0022
BONZE_p_TCGAb56_SNP_1N_GenomeWideSNP_6_G09_666924	9	68186051	68186057	4	2.3828
BONZE_p_TCGAb56_SNP_1N_GenomeWideSNP_6_G09_666924	9	68186059	69522825	136	-0.0103
BONZE_p_TCGAb56_SNP_1N_GenomeWideSNP_6_G09_666924	9	69533038	69810430	18	0.5942
BONZE_p_TCGAb56_SNP_1N_GenomeWideSNP_6_G09_666924	9	69811751	74256736	2635	0.0155
BONZE_p_TCGAb56_SNP_1N_GenomeWideSNP_6_G09_666924	9	74256853	74258824	18	-3.5885
BONZE_p_TCGAb56_SNP_1N_GenomeWideSNP_6_G09_666924	9	74262200	109274388	24303	0.014
BONZE_p_TCGAb56_SNP_1N_GenomeWideSNP_6_G09_666924	9	109276530	109277052	3	-1.3316
BONZE_p_TCGAb56_SNP_1N_GenomeWideSNP_6_G09_666924	9	109277184	141071527	21144	0.0192
BONZE_p_TCGAb56_SNP_1N_GenomeWideSNP_6_G09_666924	9	141071940	141091394	6	0.9819
BONZE_p_TCGAb56_SNP_1N_GenomeWideSNP_6_G09_666924	10	72759	18121033	14895	0.0242
BONZE_p_TCGAb56_SNP_1N_GenomeWideSNP_6_G09_666924	10	18128247	18136748	2	-2.3833
BONZE_p_TCGAb56_SNP_1N_GenomeWideSNP_6_G09_666924	10	18150761	24375263	4345	0.0106
BONZE_p_TCGAb56_SNP_1N_GenomeWideSNP_6_G09_666924	10	24377674	24378908	12	0.8156
BONZE_p_TCGAb56_SNP_1N_GenomeWideSNP_6_G09_666924	10	24378951	43707762	10608	0.0172
BONZE_p_TCGAb56_SNP_1N_GenomeWideSNP_6_G09_666924	10	43708752	43718326	3	-2.0089
BONZE_p_TCGAb56_SNP_1N_GenomeWideSNP_6_G09_666924	10	43721155	46256781	1708	0.0142
BONZE_p_TCGAb56_SNP_1N_GenomeWideSNP_6_G09_666924	10	46293619	46312487	2	-2.0118
BONZE_p_TCGAb56_SNP_1N_GenomeWideSNP_6_G09_666924	10	46485761	46590231	8	-0.0797
BONZE_p_TCGAb56_SNP_1N_GenomeWideSNP_6_G09_666924	10	46674180	46917315	4	0.4961
BONZE_p_TCGAb56_SNP_1N_GenomeWideSNP_6_G09_666924	10	46918184	48947027	668	0.0314
BONZE_p_TCGAb56_SNP_1N_GenomeWideSNP_6_G09_666924	10	48958519	49381611	24	0.4767
BONZE_p_TCGAb56_SNP_1N_GenomeWideSNP_6_G09_666924	10	49387614	56378236	4889	0.0021
BONZE_p_TCGAb56_SNP_1N_GenomeWideSNP_6_G09_666924	10	56378410	56383646	2	-1.5148
BONZE_p_TCGAb56_SNP_1N_GenomeWideSNP_6_G09_666924	10	56392089	58511925	1416	-0.0174
BONZE_p_TCGAb56_SNP_1N_GenomeWideSNP_6_G09_666924	10	58511952	58526837	45	-0.5669
BONZE_p_TCGAb56_SNP_1N_GenomeWideSNP_6_G09_666924	10	58532752	67308030	6121	0.016
BONZE_p_TCGAb56_SNP_1N_GenomeWideSNP_6_G09_666924	10	67308591	67314446	23	0.477
BONZE_p_TCGAb56_SNP_1N_GenomeWideSNP_6_G09_666924	10	67322795	107056279	25730	0.0141
BONZE_p_TCGAb56_SNP_1N_GenomeWideSNP_6_G09_666924	10	107057038	107059170	3	-2.2542
BONZE_p_TCGAb56_SNP_1N_GenomeWideSNP_6_G09_666924	10	107062476	135506704	20592	0.0152
BONZE_p_TCGAb56_SNP_1N_GenomeWideSNP_6_G09_666924	11	198510	4593517	2070	0.0099
BONZE_p_TCGAb56_SNP_1N_GenomeWideSNP_6_G09_666924	11	4593589	4596150	3	-1.5311
BONZE_p_TCGAb56_SNP_1N_GenomeWideSNP_6_G09_666924	11	4596449	5790812	1238	0.017
BONZE_p_TCGAb56_SNP_1N_GenomeWideSNP_6_G09_666924	11	5790963	5809461	27	0.5044
BONZE_p_TCGAb56_SNP_1N_GenomeWideSNP_6_G09_666924	11	5812360	30778185	18224	0.0114
BONZE_p_TCGAb56_SNP_1N_GenomeWideSNP_6_G09_666924	11	30780931	30781062	2	1.9531
BONZE_p_TCGAb56_SNP_1N_GenomeWideSNP_6_G09_666924	11	30787606	51176743	12719	0.0135
BONZE_p_TCGAb56_SNP_1N_GenomeWideSNP_6_G09_666924	11	51183575	51183906	3	-1.9319
BONZE_p_TCGAb56_SNP_1N_GenomeWideSNP_6_G09_666924	11	51192870	107238656	32898	0.0159
BONZE_p_TCGAb56_SNP_1N_GenomeWideSNP_6_G09_666924	11	107238671	107239128	6	-2.2486
BONZE_p_TCGAb56_SNP_1N_GenomeWideSNP_6_G09_666924	11	107252362	134944770	19961	0.0166
BONZE_p_TCGAb56_SNP_1N_GenomeWideSNP_6_G09_666924	12	150442	8558636	5621	0.0209
BONZE_p_TCGAb56_SNP_1N_GenomeWideSNP_6_G09_666924	12	8558792	8559122	4	1.3354
BONZE_p_TCGAb56_SNP_1N_GenomeWideSNP_6_G09_666924	12	8559516	9630556	578	0.0197
BONZE_p_TCGAb56_SNP_1N_GenomeWideSNP_6_G09_666924	12	9633870	9728292	25	1.0864
BONZE_p_TCGAb56_SNP_1N_GenomeWideSNP_6_G09_666924	12	9734969	10928179	861	0.0222
BONZE_p_TCGAb56_SNP_1N_GenomeWideSNP_6_G09_666924	12	10930262	10930264	2	-2.7049
BONZE_p_TCGAb56_SNP_1N_GenomeWideSNP_6_G09_666924	12	10930395	11504091	325	0.0084
BONZE_p_TCGAb56_SNP_1N_GenomeWideSNP_6_G09_666924	12	11511577	11543406	32	-0.7162
BONZE_p_TCGAb56_SNP_1N_GenomeWideSNP_6_G09_666924	12	11552192	27645992	11223	0.0063
BONZE_p_TCGAb56_SNP_1N_GenomeWideSNP_6_G09_666924	12	27647741	27651362	28	-0.8095
BONZE_p_TCGAb56_SNP_1N_GenomeWideSNP_6_G09_666924	12	27657161	33386757	4248	0.0167
BONZE_p_TCGAb56_SNP_1N_GenomeWideSNP_6_G09_666924	12	33388829	33395142	4	-2.7224
BONZE_p_TCGAb56_SNP_1N_GenomeWideSNP_6_G09_666924	12	33395418	34199953	509	-0.0079
BONZE_p_TCGAb56_SNP_1N_GenomeWideSNP_6_G09_666924	12	34200015	34216305	13	-0.7189
BONZE_p_TCGAb56_SNP_1N_GenomeWideSNP_6_G09_666924	12	34217500	95805406	36039	0.0113
BONZE_p_TCGAb56_SNP_1N_GenomeWideSNP_6_G09_666924	12	95806820	95807002	4	-1.2591
BONZE_p_TCGAb56_SNP_1N_GenomeWideSNP_6_G09_666924	12	95807361	96284254	328	0.0084
BONZE_p_TCGAb56_SNP_1N_GenomeWideSNP_6_G09_666924	12	96288397	96288585	2	-1.3337
BONZE_p_TCGAb56_SNP_1N_GenomeWideSNP_6_G09_666924	12	96288860	99791652	2431	0.0243
BONZE_p_TCGAb56_SNP_1N_GenomeWideSNP_6_G09_666924	12	99791771	99803188	38	-0.3692
BONZE_p_TCGAb56_SNP_1N_GenomeWideSNP_6_G09_666924	12	99803227	108841863	6217	0.021
BONZE_p_TCGAb56_SNP_1N_GenomeWideSNP_6_G09_666924	12	108845177	108845574	4	-1.1068
BONZE_p_TCGAb56_SNP_1N_GenomeWideSNP_6_G09_666924	12	108846827	133778189	16548	0.0233
BONZE_p_TCGAb56_SNP_1N_GenomeWideSNP_6_G09_666924	13	19026949	32532121	9650	0.0226
BONZE_p_TCGAb56_SNP_1N_GenomeWideSNP_6_G09_666924	13	32532622	32538423	18	-0.9688
BONZE_p_TCGAb56_SNP_1N_GenomeWideSNP_6_G09_666924	13	32540047	38071135	3901	0.0124
BONZE_p_TCGAb56_SNP_1N_GenomeWideSNP_6_G09_666924	13	38072036	38084757	16	0.564
BONZE_p_TCGAb56_SNP_1N_GenomeWideSNP_6_G09_666924	13	38088330	57758389	12555	0.0157
BONZE_p_TCGAb56_SNP_1N_GenomeWideSNP_6_G09_666924	13	57758626	57778380	30	-0.7046
BONZE_p_TCGAb56_SNP_1N_GenomeWideSNP_6_G09_666924	13	57789714	72476988	9006	0.0024
BONZE_p_TCGAb56_SNP_1N_GenomeWideSNP_6_G09_666924	13	72477555	72480556	4	1.2804
BONZE_p_TCGAb56_SNP_1N_GenomeWideSNP_6_G09_666924	13	72480605	98053944	16660	0.0097
BONZE_p_TCGAb56_SNP_1N_GenomeWideSNP_6_G09_666924	13	98054592	98055117	2	-2.6407
BONZE_p_TCGAb56_SNP_1N_GenomeWideSNP_6_G09_666924	13	98058165	112662903	11300	0.014
BONZE_p_TCGAb56_SNP_1N_GenomeWideSNP_6_G09_666924	13	112663742	112664982	2	-1.5653
BONZE_p_TCGAb56_SNP_1N_GenomeWideSNP_6_G09_666924	13	112666404	115108397	1186	0.0288
BONZE_p_TCGAb56_SNP_1N_GenomeWideSNP_6_G09_666924	14	19002124	19469520	38	-0.1707
BONZE_p_TCGAb56_SNP_1N_GenomeWideSNP_6_G09_666924	14	19541714	20203885	49	0.3743
BONZE_p_TCGAb56_SNP_1N_GenomeWideSNP_6_G09_666924	14	20203898	58133798	24209	0.0132
BONZE_p_TCGAb56_SNP_1N_GenomeWideSNP_6_G09_666924	14	58138959	58152955	13	-0.6753
BONZE_p_TCGAb56_SNP_1N_GenomeWideSNP_6_G09_666924	14	58153239	106715489	30926	0.0141
BONZE_p_TCGAb56_SNP_1N_GenomeWideSNP_6_G09_666924	14	106717356	106727469	8	-0.9199
BONZE_p_TCGAb56_SNP_1N_GenomeWideSNP_6_G09_666924	14	106728162	106777343	27	-0.0261
BONZE_p_TCGAb56_SNP_1N_GenomeWideSNP_6_G09_666924	14	106783044	106802053	8	-1.709
BONZE_p_TCGAb56_SNP_1N_GenomeWideSNP_6_G09_666924	14	106815943	107285437	308	0.004
BONZE_p_TCGAb56_SNP_1N_GenomeWideSNP_6_G09_666924	15	20016328	21169904	265	0.1425
BONZE_p_TCGAb56_SNP_1N_GenomeWideSNP_6_G09_666924	15	21173853	21192326	7	-0.731
BONZE_p_TCGAb56_SNP_1N_GenomeWideSNP_6_G09_666924	15	21193676	22042753	34	-0.0902
BONZE_p_TCGAb56_SNP_1N_GenomeWideSNP_6_G09_666924	15	22263557	22587474	116	0.6059
BONZE_p_TCGAb56_SNP_1N_GenomeWideSNP_6_G09_666924	15	22673399	26560192	2383	0.0158
BONZE_p_TCGAb56_SNP_1N_GenomeWideSNP_6_G09_666924	15	26562152	26563156	2	-3.6887
BONZE_p_TCGAb56_SNP_1N_GenomeWideSNP_6_G09_666924	15	26563588	27571731	738	0.0193
BONZE_p_TCGAb56_SNP_1N_GenomeWideSNP_6_G09_666924	15	27571843	27572329	3	-2.9421
BONZE_p_TCGAb56_SNP_1N_GenomeWideSNP_6_G09_666924	15	27574027	28604613	685	0.0373
BONZE_p_TCGAb56_SNP_1N_GenomeWideSNP_6_G09_666924	15	28659924	28705281	2	-1.9674
BONZE_p_TCGAb56_SNP_1N_GenomeWideSNP_6_G09_666924	15	28706002	30573310	914	0.0401
BONZE_p_TCGAb56_SNP_1N_GenomeWideSNP_6_G09_666924	15	30573324	30887956	61	-0.3904
BONZE_p_TCGAb56_SNP_1N_GenomeWideSNP_6_G09_666924	15	30900878	32512220	1071	0.0223
BONZE_p_TCGAb56_SNP_1N_GenomeWideSNP_6_G09_666924	15	32531316	32674394	25	-0.7629
BONZE_p_TCGAb56_SNP_1N_GenomeWideSNP_6_G09_666924	15	32674531	34723576	1517	0.0303
BONZE_p_TCGAb56_SNP_1N_GenomeWideSNP_6_G09_666924	15	34727172	34727189	2	-1.7436
BONZE_p_TCGAb56_SNP_1N_GenomeWideSNP_6_G09_666924	15	34727622	76891511	26529	0.0142
BONZE_p_TCGAb56_SNP_1N_GenomeWideSNP_6_G09_666924	15	76891627	76892225	9	-2.6099
BONZE_p_TCGAb56_SNP_1N_GenomeWideSNP_6_G09_666924	15	76895064	76895775	11	-0.9602
BONZE_p_TCGAb56_SNP_1N_GenomeWideSNP_6_G09_666924	15	76902179	92052114	9586	0.0171
BONZE_p_TCGAb56_SNP_1N_GenomeWideSNP_6_G09_666924	15	92054139	92055192	3	-1.3431
BONZE_p_TCGAb56_SNP_1N_GenomeWideSNP_6_G09_666924	15	92058729	94421658	2114	0.0174
BONZE_p_TCGAb56_SNP_1N_GenomeWideSNP_6_G09_666924	15	94423488	94424523	2	-2.493
BONZE_p_TCGAb56_SNP_1N_GenomeWideSNP_6_G09_666924	15	94425301	102405136	5969	0.0182
BONZE_p_TCGAb56_SNP_1N_GenomeWideSNP_6_G09_666924	15	102420602	102469040	12	-0.7727
BONZE_p_TCGAb56_SNP_1N_GenomeWideSNP_6_G09_666924	16	60777	7923423	5502	0.0174
BONZE_p_TCGAb56_SNP_1N_GenomeWideSNP_6_G09_666924	16	7923903	7924239	3	1.4896
BONZE_p_TCGAb56_SNP_1N_GenomeWideSNP_6_G09_666924	16	7929572	10322037	2241	0.0104
BONZE_p_TCGAb56_SNP_1N_GenomeWideSNP_6_G09_666924	16	10325134	10325245	2	-2.1625
BONZE_p_TCGAb56_SNP_1N_GenomeWideSNP_6_G09_666924	16	10325957	78372440	34022	0.0233
BONZE_p_TCGAb56_SNP_1N_GenomeWideSNP_6_G09_666924	16	78372611	78384738	14	0.7436
BONZE_p_TCGAb56_SNP_1N_GenomeWideSNP_6_G09_666924	16	78384765	81000132	3067	0.0236
BONZE_p_TCGAb56_SNP_1N_GenomeWideSNP_6_G09_666924	16	81000571	81005402	6	-0.9933
BONZE_p_TCGAb56_SNP_1N_GenomeWideSNP_6_G09_666924	16	81006758	83793995	3049	0.0207
BONZE_p_TCGAb56_SNP_1N_GenomeWideSNP_6_G09_666924	16	83793997	83794006	2	-1.6959
BONZE_p_TCGAb56_SNP_1N_GenomeWideSNP_6_G09_666924	16	83794024	90287535	4514	0.0321
BONZE_p_TCGAb56_SNP_1N_GenomeWideSNP_6_G09_666924	17	526	18319862	11443	0.0276
BONZE_p_TCGAb56_SNP_1N_GenomeWideSNP_6_G09_666924	17	18355392	18453437	26	0.9215
BONZE_p_TCGAb56_SNP_1N_GenomeWideSNP_6_G09_666924	17	18459272	34430413	6919	0.0238
BONZE_p_TCGAb56_SNP_1N_GenomeWideSNP_6_G09_666924	17	34430450	34535651	44	0.4548
BONZE_p_TCGAb56_SNP_1N_GenomeWideSNP_6_G09_666924	17	34543343	36171106	947	0.0272
BONZE_p_TCGAb56_SNP_1N_GenomeWideSNP_6_G09_666924	17	36173729	36300607	44	0.6352
BONZE_p_TCGAb56_SNP_1N_GenomeWideSNP_6_G09_666924	17	36410383	39414647	1547	0.011
BONZE_p_TCGAb56_SNP_1N_GenomeWideSNP_6_G09_666924	17	39418372	39430450	26	0.4649
BONZE_p_TCGAb56_SNP_1N_GenomeWideSNP_6_G09_666924	17	39430531	44177050	2523	0.0252
BONZE_p_TCGAb56_SNP_1N_GenomeWideSNP_6_G09_666924	17	44177107	44364170	115	-0.2951
BONZE_p_TCGAb56_SNP_1N_GenomeWideSNP_6_G09_666924	17	44394412	67291063	13410	0.0195
BONZE_p_TCGAb56_SNP_1N_GenomeWideSNP_6_G09_666924	17	67294518	67295276	2	-1.6503
BONZE_p_TCGAb56_SNP_1N_GenomeWideSNP_6_G09_666924	17	67296059	75854830	5719	0.0224
BONZE_p_TCGAb56_SNP_1N_GenomeWideSNP_6_G09_666924	17	75860669	75868626	4	-1.1221
BONZE_p_TCGAb56_SNP_1N_GenomeWideSNP_6_G09_666924	17	75869976	77991228	1179	0.0104
BONZE_p_TCGAb56_SNP_1N_GenomeWideSNP_6_G09_666924	17	77993096	77996780	3	-1.3816
BONZE_p_TCGAb56_SNP_1N_GenomeWideSNP_6_G09_666924	17	78004093	79392392	719	0.0222
BONZE_p_TCGAb56_SNP_1N_GenomeWideSNP_6_G09_666924	17	79392423	79392640	5	1.4785
BONZE_p_TCGAb56_SNP_1N_GenomeWideSNP_6_G09_666924	17	79392672	81049726	629	0.0121
BONZE_p_TCGAb56_SNP_1N_GenomeWideSNP_6_G09_666924	18	11543	298100	120	-0.0951
BONZE_p_TCGAb56_SNP_1N_GenomeWideSNP_6_G09_666924	18	298508	302224	12	-0.8695
BONZE_p_TCGAb56_SNP_1N_GenomeWideSNP_6_G09_666924	18	303389	9723763	6913	0.016
BONZE_p_TCGAb56_SNP_1N_GenomeWideSNP_6_G09_666924	18	9723899	9724549	2	-1.7839
BONZE_p_TCGAb56_SNP_1N_GenomeWideSNP_6_G09_666924	18	9725787	69088692	37201	0.0093
BONZE_p_TCGAb56_SNP_1N_GenomeWideSNP_6_G09_666924	18	69091327	69092295	2	-2.2366
BONZE_p_TCGAb56_SNP_1N_GenomeWideSNP_6_G09_666924	18	69092633	78015057	6568	0.0102
BONZE_p_TCGAb56_SNP_1N_GenomeWideSNP_6_G09_666924	19	90910	21710955	9610	0.0175
BONZE_p_TCGAb56_SNP_1N_GenomeWideSNP_6_G09_666924	19	21717303	21721674	2	-1.7748
BONZE_p_TCGAb56_SNP_1N_GenomeWideSNP_6_G09_666924	19	21722305	55330654	17427	0.0154
BONZE_p_TCGAb56_SNP_1N_GenomeWideSNP_6_G09_666924	19	55333827	55368203	18	-0.5485
BONZE_p_TCGAb56_SNP_1N_GenomeWideSNP_6_G09_666924	19	55368363	59097854	2293	0.0383
BONZE_p_TCGAb56_SNP_1N_GenomeWideSNP_6_G09_666924	20	61305	61312	7	0.4044
BONZE_p_TCGAb56_SNP_1N_GenomeWideSNP_6_G09_666924	20	61548	256107	151	0.0177
BONZE_p_TCGAb56_SNP_1N_GenomeWideSNP_6_G09_666924	20	256727	257032	4	0.5828
BONZE_p_TCGAb56_SNP_1N_GenomeWideSNP_6_G09_666924	20	257320	267325	3	-1.6008
BONZE_p_TCGAb56_SNP_1N_GenomeWideSNP_6_G09_666924	20	269006	1567454	1044	0.0283
BONZE_p_TCGAb56_SNP_1N_GenomeWideSNP_6_G09_666924	20	1567653	1593893	38	-0.469
BONZE_p_TCGAb56_SNP_1N_GenomeWideSNP_6_G09_666924	20	1597946	24781653	18091	0.0179
BONZE_p_TCGAb56_SNP_1N_GenomeWideSNP_6_G09_666924	20	24783876	24786822	3	-1.1748
BONZE_p_TCGAb56_SNP_1N_GenomeWideSNP_6_G09_666924	20	24793464	31630724	1680	0.0127
BONZE_p_TCGAb56_SNP_1N_GenomeWideSNP_6_G09_666924	20	31634428	31635553	3	-2.9868
BONZE_p_TCGAb56_SNP_1N_GenomeWideSNP_6_G09_666924	20	31635586	60548170	20497	0.0222
BONZE_p_TCGAb56_SNP_1N_GenomeWideSNP_6_G09_666924	20	60559028	60559084	3	1.1612
BONZE_p_TCGAb56_SNP_1N_GenomeWideSNP_6_G09_666924	20	60567750	62653454	826	0.0502
BONZE_p_TCGAb56_SNP_1N_GenomeWideSNP_6_G09_666924	20	62656930	62657038	2	-1.1424
BONZE_p_TCGAb56_SNP_1N_GenomeWideSNP_6_G09_666924	20	62657948	62916068	145	0.0832
BONZE_p_TCGAb56_SNP_1N_GenomeWideSNP_6_G09_666924	20	62954695	62956153	5	-0.9552
BONZE_p_TCGAb56_SNP_1N_GenomeWideSNP_6_G09_666924	21	10736871	48096957	24412	0.0143
BONZE_p_TCGAb56_SNP_1N_GenomeWideSNP_6_G09_666924	22	16052528	22752462	3647	0.0538
BONZE_p_TCGAb56_SNP_1N_GenomeWideSNP_6_G09_666924	22	22752680	22752880	4	-1.4926
BONZE_p_TCGAb56_SNP_1N_GenomeWideSNP_6_G09_666924	22	22757321	46294589	16262	0.0172
BONZE_p_TCGAb56_SNP_1N_GenomeWideSNP_6_G09_666924	22	46295667	46296530	2	-2.9438
BONZE_p_TCGAb56_SNP_1N_GenomeWideSNP_6_G09_666924	22	46300769	51234455	3649	0.0249
BONZE_p_TCGAb56_SNP_1N_GenomeWideSNP_6_G09_666924	X	168477	8391719	4441	0.0288
BONZE_p_TCGAb56_SNP_1N_GenomeWideSNP_6_G09_666924	X	8393388	8393904	3	-1.6869
BONZE_p_TCGAb56_SNP_1N_GenomeWideSNP_6_G09_666924	X	8394253	88276637	42249	0.0173
BONZE_p_TCGAb56_SNP_1N_GenomeWideSNP_6_G09_666924	X	88277932	88482687	123	-0.8853
BONZE_p_TCGAb56_SNP_1N_GenomeWideSNP_6_G09_666924	X	88491482	90970506	942	-0.0159
BONZE_p_TCGAb56_SNP_1N_GenomeWideSNP_6_G09_666924	X	90970618	90971740	6	-1.2924
BONZE_p_TCGAb56_SNP_1N_GenomeWideSNP_6_G09_666924	X	90971771	105522232	7802	0.0169
BONZE_p_TCGAb56_SNP_1N_GenomeWideSNP_6_G09_666924	X	105524843	105557778	17	-0.8287
BONZE_p_TCGAb56_SNP_1N_GenomeWideSNP_6_G09_666924	X	105559256	140673423	20030	0.0179
BONZE_p_TCGAb56_SNP_1N_GenomeWideSNP_6_G09_666924	X	140673732	140673745	2	-2.8514
BONZE_p_TCGAb56_SNP_1N_GenomeWideSNP_6_G09_666924	X	140681794	155182354	8992	0.0141
BONZE_p_TCGAb56_SNP_1N_GenomeWideSNP_6_G09_666924	Y	2650438	6156653	893	-2.2486
BONZE_p_TCGAb56_SNP_1N_GenomeWideSNP_6_G09_666924	Y	6164925	23960781	6518	-2.6276
BONZE_p_TCGAb56_SNP_1N_GenomeWideSNP_6_G09_666924	Y	23965023	23990980	11	-5.0541
BONZE_p_TCGAb56_SNP_1N_GenomeWideSNP_6_G09_666924	Y	23991004	26427083	526	-2.6921
BONZE_p_TCGAb56_SNP_1N_GenomeWideSNP_6_G09_666924	Y	26427522	59018259	645	-2.279
