Sample	Chromosome	Start	End	Num_Probes	Segment_Mean
BONZE_p_TCGAb56_SNP_1N_GenomeWideSNP_6_D09_666894	1	61735	98588	16	-1.0799
BONZE_p_TCGAb56_SNP_1N_GenomeWideSNP_6_D09_666894	1	98602	13214448	6563	0.0073
BONZE_p_TCGAb56_SNP_1N_GenomeWideSNP_6_D09_666894	1	13375345	13384473	14	-0.601
BONZE_p_TCGAb56_SNP_1N_GenomeWideSNP_6_D09_666894	1	13384632	30734036	10003	0.0125
BONZE_p_TCGAb56_SNP_1N_GenomeWideSNP_6_D09_666894	1	30737373	30739796	8	-0.7876
BONZE_p_TCGAb56_SNP_1N_GenomeWideSNP_6_D09_666894	1	30741496	34656384	2223	0.0086
BONZE_p_TCGAb56_SNP_1N_GenomeWideSNP_6_D09_666894	1	34656812	34657303	2	-1.0881
BONZE_p_TCGAb56_SNP_1N_GenomeWideSNP_6_D09_666894	1	34661652	35091674	335	-0.0029
BONZE_p_TCGAb56_SNP_1N_GenomeWideSNP_6_D09_666894	1	35102654	35104491	20	-0.4736
BONZE_p_TCGAb56_SNP_1N_GenomeWideSNP_6_D09_666894	1	35114268	38582858	1815	0.0098
BONZE_p_TCGAb56_SNP_1N_GenomeWideSNP_6_D09_666894	1	38584032	38587146	4	-0.9987
BONZE_p_TCGAb56_SNP_1N_GenomeWideSNP_6_D09_666894	1	38587171	58719909	12224	0.0122
BONZE_p_TCGAb56_SNP_1N_GenomeWideSNP_6_D09_666894	1	58723558	58733326	13	0.5359
BONZE_p_TCGAb56_SNP_1N_GenomeWideSNP_6_D09_666894	1	58742470	63127573	3137	0.0079
BONZE_p_TCGAb56_SNP_1N_GenomeWideSNP_6_D09_666894	1	63128090	63135011	2	-1.4703
BONZE_p_TCGAb56_SNP_1N_GenomeWideSNP_6_D09_666894	1	63135127	72763370	6674	0.0087
BONZE_p_TCGAb56_SNP_1N_GenomeWideSNP_6_D09_666894	1	72768418	72812440	50	0.2982
BONZE_p_TCGAb56_SNP_1N_GenomeWideSNP_6_D09_666894	1	72816755	76050844	1928	0.0267
BONZE_p_TCGAb56_SNP_1N_GenomeWideSNP_6_D09_666894	1	76054763	76054854	2	-2.1642
BONZE_p_TCGAb56_SNP_1N_GenomeWideSNP_6_D09_666894	1	76059509	101468317	16531	0.0141
BONZE_p_TCGAb56_SNP_1N_GenomeWideSNP_6_D09_666894	1	101468558	101471277	2	-1.5642
BONZE_p_TCGAb56_SNP_1N_GenomeWideSNP_6_D09_666894	1	101479712	104163787	1628	0.0267
BONZE_p_TCGAb56_SNP_1N_GenomeWideSNP_6_D09_666894	1	104178038	104261206	24	0.6695
BONZE_p_TCGAb56_SNP_1N_GenomeWideSNP_6_D09_666894	1	104268222	110221727	3591	0.0154
BONZE_p_TCGAb56_SNP_1N_GenomeWideSNP_6_D09_666894	1	110224384	110226378	8	-0.599
BONZE_p_TCGAb56_SNP_1N_GenomeWideSNP_6_D09_666894	1	110226487	110227317	4	0.1045
BONZE_p_TCGAb56_SNP_1N_GenomeWideSNP_6_D09_666894	1	110227396	110236947	17	-0.8806
BONZE_p_TCGAb56_SNP_1N_GenomeWideSNP_6_D09_666894	1	110239522	152555527	10025	-4e-04
BONZE_p_TCGAb56_SNP_1N_GenomeWideSNP_6_D09_666894	1	152555706	152586594	35	1.3513
BONZE_p_TCGAb56_SNP_1N_GenomeWideSNP_6_D09_666894	1	152590494	193155792	27360	0.0163
BONZE_p_TCGAb56_SNP_1N_GenomeWideSNP_6_D09_666894	1	193156279	193156348	4	1.029
BONZE_p_TCGAb56_SNP_1N_GenomeWideSNP_6_D09_666894	1	193159723	196732086	2404	0.0253
BONZE_p_TCGAb56_SNP_1N_GenomeWideSNP_6_D09_666894	1	196738623	196815791	92	-0.3382
BONZE_p_TCGAb56_SNP_1N_GenomeWideSNP_6_D09_666894	1	196816730	199111363	1381	0.0223
BONZE_p_TCGAb56_SNP_1N_GenomeWideSNP_6_D09_666894	1	199111426	199113011	7	-0.7332
BONZE_p_TCGAb56_SNP_1N_GenomeWideSNP_6_D09_666894	1	199113840	217709890	12829	0.0137
BONZE_p_TCGAb56_SNP_1N_GenomeWideSNP_6_D09_666894	1	217710533	217710560	2	-2.0651
BONZE_p_TCGAb56_SNP_1N_GenomeWideSNP_6_D09_666894	1	217719563	226723982	5805	0.012
BONZE_p_TCGAb56_SNP_1N_GenomeWideSNP_6_D09_666894	1	226727904	226730436	2	-2.0037
BONZE_p_TCGAb56_SNP_1N_GenomeWideSNP_6_D09_666894	1	226732679	249224388	15933	0.0137
BONZE_p_TCGAb56_SNP_1N_GenomeWideSNP_6_D09_666894	2	12784	52754468	37202	0.0117
BONZE_p_TCGAb56_SNP_1N_GenomeWideSNP_6_D09_666894	2	52754480	52781542	39	0.7513
BONZE_p_TCGAb56_SNP_1N_GenomeWideSNP_6_D09_666894	2	52787949	52975226	163	0.0435
BONZE_p_TCGAb56_SNP_1N_GenomeWideSNP_6_D09_666894	2	52978194	52999337	20	-0.821
BONZE_p_TCGAb56_SNP_1N_GenomeWideSNP_6_D09_666894	2	53000765	87513287	21954	0.0099
BONZE_p_TCGAb56_SNP_1N_GenomeWideSNP_6_D09_666894	2	87514379	87514390	2	-2.3925
BONZE_p_TCGAb56_SNP_1N_GenomeWideSNP_6_D09_666894	2	87520356	89972681	766	-0.003
BONZE_p_TCGAb56_SNP_1N_GenomeWideSNP_6_D09_666894	2	89975620	90274766	153	0.4396
BONZE_p_TCGAb56_SNP_1N_GenomeWideSNP_6_D09_666894	2	90301264	98118212	1039	-7e-04
BONZE_p_TCGAb56_SNP_1N_GenomeWideSNP_6_D09_666894	2	98140747	98161710	8	-1.0707
BONZE_p_TCGAb56_SNP_1N_GenomeWideSNP_6_D09_666894	2	98162189	106880095	5578	0.0099
BONZE_p_TCGAb56_SNP_1N_GenomeWideSNP_6_D09_666894	2	106880713	106885013	10	0.6943
BONZE_p_TCGAb56_SNP_1N_GenomeWideSNP_6_D09_666894	2	106885357	129638078	13463	0.0113
BONZE_p_TCGAb56_SNP_1N_GenomeWideSNP_6_D09_666894	2	129638478	129646448	17	-0.5948
BONZE_p_TCGAb56_SNP_1N_GenomeWideSNP_6_D09_666894	2	129646503	243089456	69678	0.0111
BONZE_p_TCGAb56_SNP_1N_GenomeWideSNP_6_D09_666894	3	60345	75568549	52815	0.0147
BONZE_p_TCGAb56_SNP_1N_GenomeWideSNP_6_D09_666894	3	75572549	75586805	5	-2.0885
BONZE_p_TCGAb56_SNP_1N_GenomeWideSNP_6_D09_666894	3	75595181	86790381	6217	0.0136
BONZE_p_TCGAb56_SNP_1N_GenomeWideSNP_6_D09_666894	3	86794501	86800044	4	-1.0903
BONZE_p_TCGAb56_SNP_1N_GenomeWideSNP_6_D09_666894	3	86800085	129786753	23597	0.014
BONZE_p_TCGAb56_SNP_1N_GenomeWideSNP_6_D09_666894	3	129787021	129798735	35	0.4627
BONZE_p_TCGAb56_SNP_1N_GenomeWideSNP_6_D09_666894	3	129798781	147679289	11107	0.0156
BONZE_p_TCGAb56_SNP_1N_GenomeWideSNP_6_D09_666894	3	147679296	147683310	3	-1.2309
BONZE_p_TCGAb56_SNP_1N_GenomeWideSNP_6_D09_666894	3	147687110	154599600	4374	0.0212
BONZE_p_TCGAb56_SNP_1N_GenomeWideSNP_6_D09_666894	3	154621684	154628378	4	-0.9942
BONZE_p_TCGAb56_SNP_1N_GenomeWideSNP_6_D09_666894	3	154640543	162495621	4804	0.0138
BONZE_p_TCGAb56_SNP_1N_GenomeWideSNP_6_D09_666894	3	162495909	162648179	101	0.3073
BONZE_p_TCGAb56_SNP_1N_GenomeWideSNP_6_D09_666894	3	162648911	197896118	21894	0.0109
BONZE_p_TCGAb56_SNP_1N_GenomeWideSNP_6_D09_666894	4	12281	10210390	5803	0.0049
BONZE_p_TCGAb56_SNP_1N_GenomeWideSNP_6_D09_666894	4	10214160	10231498	29	-1.6206
BONZE_p_TCGAb56_SNP_1N_GenomeWideSNP_6_D09_666894	4	10234214	49267848	26032	0.0118
BONZE_p_TCGAb56_SNP_1N_GenomeWideSNP_6_D09_666894	4	49291192	49291355	2	-1.8327
BONZE_p_TCGAb56_SNP_1N_GenomeWideSNP_6_D09_666894	4	49297220	64705654	7624	0.012
BONZE_p_TCGAb56_SNP_1N_GenomeWideSNP_6_D09_666894	4	64705751	64708258	10	-0.7154
BONZE_p_TCGAb56_SNP_1N_GenomeWideSNP_6_D09_666894	4	64716431	69372003	2882	0.013
BONZE_p_TCGAb56_SNP_1N_GenomeWideSNP_6_D09_666894	4	69374941	69395924	10	0.5807
BONZE_p_TCGAb56_SNP_1N_GenomeWideSNP_6_D09_666894	4	69396462	92069904	14052	0.0154
BONZE_p_TCGAb56_SNP_1N_GenomeWideSNP_6_D09_666894	4	92074042	92080617	7	-0.7318
BONZE_p_TCGAb56_SNP_1N_GenomeWideSNP_6_D09_666894	4	92081565	92696668	370	0.0175
BONZE_p_TCGAb56_SNP_1N_GenomeWideSNP_6_D09_666894	4	92698408	92698799	2	-1.747
BONZE_p_TCGAb56_SNP_1N_GenomeWideSNP_6_D09_666894	4	92699553	112014175	11345	0.0114
BONZE_p_TCGAb56_SNP_1N_GenomeWideSNP_6_D09_666894	4	112021933	112061261	21	0.6593
BONZE_p_TCGAb56_SNP_1N_GenomeWideSNP_6_D09_666894	4	112064956	112077701	12	0.0555
BONZE_p_TCGAb56_SNP_1N_GenomeWideSNP_6_D09_666894	4	112092012	112196862	64	0.5007
BONZE_p_TCGAb56_SNP_1N_GenomeWideSNP_6_D09_666894	4	112200934	116173042	2583	0.0225
BONZE_p_TCGAb56_SNP_1N_GenomeWideSNP_6_D09_666894	4	116173117	116180370	21	-0.4326
BONZE_p_TCGAb56_SNP_1N_GenomeWideSNP_6_D09_666894	4	116180555	161880141	27419	0.0149
BONZE_p_TCGAb56_SNP_1N_GenomeWideSNP_6_D09_666894	4	161880197	161884600	17	-0.7077
BONZE_p_TCGAb56_SNP_1N_GenomeWideSNP_6_D09_666894	4	161884908	172369346	6680	0.0191
BONZE_p_TCGAb56_SNP_1N_GenomeWideSNP_6_D09_666894	4	172374884	172377710	10	1.2853
BONZE_p_TCGAb56_SNP_1N_GenomeWideSNP_6_D09_666894	4	172377724	172989373	404	0.036
BONZE_p_TCGAb56_SNP_1N_GenomeWideSNP_6_D09_666894	4	172989408	172989533	7	-1.207
BONZE_p_TCGAb56_SNP_1N_GenomeWideSNP_6_D09_666894	4	172995979	191027923	12129	0.0143
BONZE_p_TCGAb56_SNP_1N_GenomeWideSNP_6_D09_666894	5	15532	27524452	19344	0.0094
BONZE_p_TCGAb56_SNP_1N_GenomeWideSNP_6_D09_666894	5	27525390	27526020	10	-1.5544
BONZE_p_TCGAb56_SNP_1N_GenomeWideSNP_6_D09_666894	5	27527479	32102731	3023	0.0169
BONZE_p_TCGAb56_SNP_1N_GenomeWideSNP_6_D09_666894	5	32107084	32153093	35	0.5652
BONZE_p_TCGAb56_SNP_1N_GenomeWideSNP_6_D09_666894	5	32155553	46196114	8390	0.0142
BONZE_p_TCGAb56_SNP_1N_GenomeWideSNP_6_D09_666894	5	46199434	46199435	2	-2.3277
BONZE_p_TCGAb56_SNP_1N_GenomeWideSNP_6_D09_666894	5	46209299	46251306	13	0.1102
BONZE_p_TCGAb56_SNP_1N_GenomeWideSNP_6_D09_666894	5	46271008	46313502	11	0.9698
BONZE_p_TCGAb56_SNP_1N_GenomeWideSNP_6_D09_666894	5	46313520	61573012	7947	0.0114
BONZE_p_TCGAb56_SNP_1N_GenomeWideSNP_6_D09_666894	5	61573372	61576273	4	-0.9455
BONZE_p_TCGAb56_SNP_1N_GenomeWideSNP_6_D09_666894	5	61582192	68846303	4462	0.0206
BONZE_p_TCGAb56_SNP_1N_GenomeWideSNP_6_D09_666894	5	68867294	69074977	2	2.1312
BONZE_p_TCGAb56_SNP_1N_GenomeWideSNP_6_D09_666894	5	69074991	103851221	19563	0.0176
BONZE_p_TCGAb56_SNP_1N_GenomeWideSNP_6_D09_666894	5	103860373	103860604	4	-1.3693
BONZE_p_TCGAb56_SNP_1N_GenomeWideSNP_6_D09_666894	5	103861049	180790320	50351	0.0104
BONZE_p_TCGAb56_SNP_1N_GenomeWideSNP_6_D09_666894	6	149661	271856	111	-0.0652
BONZE_p_TCGAb56_SNP_1N_GenomeWideSNP_6_D09_666894	6	277360	381149	91	-0.4723
BONZE_p_TCGAb56_SNP_1N_GenomeWideSNP_6_D09_666894	6	382559	31280823	22237	0.0103
BONZE_p_TCGAb56_SNP_1N_GenomeWideSNP_6_D09_666894	6	31286276	31295406	7	-1.2956
BONZE_p_TCGAb56_SNP_1N_GenomeWideSNP_6_D09_666894	6	31295953	32492845	524	-0.0237
BONZE_p_TCGAb56_SNP_1N_GenomeWideSNP_6_D09_666894	6	32493368	32602107	41	-0.4978
BONZE_p_TCGAb56_SNP_1N_GenomeWideSNP_6_D09_666894	6	32602269	48930865	10436	0.0082
BONZE_p_TCGAb56_SNP_1N_GenomeWideSNP_6_D09_666894	6	48931729	48935200	3	-1.4564
BONZE_p_TCGAb56_SNP_1N_GenomeWideSNP_6_D09_666894	6	48946563	49426393	258	0.0052
BONZE_p_TCGAb56_SNP_1N_GenomeWideSNP_6_D09_666894	6	49431569	49447295	14	0.6529
BONZE_p_TCGAb56_SNP_1N_GenomeWideSNP_6_D09_666894	6	49457835	78962050	16347	0.0131
BONZE_p_TCGAb56_SNP_1N_GenomeWideSNP_6_D09_666894	6	78962064	79035185	121	0.3876
BONZE_p_TCGAb56_SNP_1N_GenomeWideSNP_6_D09_666894	6	79039234	79371211	232	0.0131
BONZE_p_TCGAb56_SNP_1N_GenomeWideSNP_6_D09_666894	6	79374055	79374725	2	-1.0978
BONZE_p_TCGAb56_SNP_1N_GenomeWideSNP_6_D09_666894	6	79375176	81277986	1198	0.0078
BONZE_p_TCGAb56_SNP_1N_GenomeWideSNP_6_D09_666894	6	81277987	81289534	34	-0.7081
BONZE_p_TCGAb56_SNP_1N_GenomeWideSNP_6_D09_666894	6	81294341	134266268	33171	0.0126
BONZE_p_TCGAb56_SNP_1N_GenomeWideSNP_6_D09_666894	6	134269071	134269632	2	-1.6266
BONZE_p_TCGAb56_SNP_1N_GenomeWideSNP_6_D09_666894	6	134272072	171051005	25167	0.0118
BONZE_p_TCGAb56_SNP_1N_GenomeWideSNP_6_D09_666894	7	43355	53204000	37695	0.014
BONZE_p_TCGAb56_SNP_1N_GenomeWideSNP_6_D09_666894	7	53204211	53204653	4	-1.3534
BONZE_p_TCGAb56_SNP_1N_GenomeWideSNP_6_D09_666894	7	53205041	71659178	8014	0.0087
BONZE_p_TCGAb56_SNP_1N_GenomeWideSNP_6_D09_666894	7	71665417	71688863	16	-0.8749
BONZE_p_TCGAb56_SNP_1N_GenomeWideSNP_6_D09_666894	7	71693433	133729210	36416	0.012
BONZE_p_TCGAb56_SNP_1N_GenomeWideSNP_6_D09_666894	7	133737030	133775462	33	-0.8444
BONZE_p_TCGAb56_SNP_1N_GenomeWideSNP_6_D09_666894	7	133778429	133798846	41	-0.1735
BONZE_p_TCGAb56_SNP_1N_GenomeWideSNP_6_D09_666894	7	133799154	133852714	38	-0.9456
BONZE_p_TCGAb56_SNP_1N_GenomeWideSNP_6_D09_666894	7	133856678	139965297	3936	0.0186
BONZE_p_TCGAb56_SNP_1N_GenomeWideSNP_6_D09_666894	7	139968955	139979655	9	-0.9207
BONZE_p_TCGAb56_SNP_1N_GenomeWideSNP_6_D09_666894	7	139980527	150300735	6477	0.0138
BONZE_p_TCGAb56_SNP_1N_GenomeWideSNP_6_D09_666894	7	150300867	150312916	8	-1.4224
BONZE_p_TCGAb56_SNP_1N_GenomeWideSNP_6_D09_666894	7	150313184	156391790	4196	0.0046
BONZE_p_TCGAb56_SNP_1N_GenomeWideSNP_6_D09_666894	7	156393168	156394179	3	-3.0526
BONZE_p_TCGAb56_SNP_1N_GenomeWideSNP_6_D09_666894	7	156394908	159127004	1632	-0.012
BONZE_p_TCGAb56_SNP_1N_GenomeWideSNP_6_D09_666894	8	31254	2701934	2122	0.0098
BONZE_p_TCGAb56_SNP_1N_GenomeWideSNP_6_D09_666894	8	2703533	2703899	7	-1.1825
BONZE_p_TCGAb56_SNP_1N_GenomeWideSNP_6_D09_666894	8	2707171	3773935	1308	0.0229
BONZE_p_TCGAb56_SNP_1N_GenomeWideSNP_6_D09_666894	8	3776864	3790106	26	-0.7956
BONZE_p_TCGAb56_SNP_1N_GenomeWideSNP_6_D09_666894	8	3791218	3935806	223	0.0035
BONZE_p_TCGAb56_SNP_1N_GenomeWideSNP_6_D09_666894	8	3936859	3936947	3	1.614
BONZE_p_TCGAb56_SNP_1N_GenomeWideSNP_6_D09_666894	8	3938612	5594267	2406	0.0174
BONZE_p_TCGAb56_SNP_1N_GenomeWideSNP_6_D09_666894	8	5598726	5607088	28	-0.6995
BONZE_p_TCGAb56_SNP_1N_GenomeWideSNP_6_D09_666894	8	5607156	7171097	1706	0.0223
BONZE_p_TCGAb56_SNP_1N_GenomeWideSNP_6_D09_666894	8	7186632	7787962	173	0.3182
BONZE_p_TCGAb56_SNP_1N_GenomeWideSNP_6_D09_666894	8	7798758	18265154	8752	0.0095
BONZE_p_TCGAb56_SNP_1N_GenomeWideSNP_6_D09_666894	8	18266157	18271185	4	-2.2219
BONZE_p_TCGAb56_SNP_1N_GenomeWideSNP_6_D09_666894	8	18271387	24972187	5091	0.0149
BONZE_p_TCGAb56_SNP_1N_GenomeWideSNP_6_D09_666894	8	24974443	24984333	27	0.6463
BONZE_p_TCGAb56_SNP_1N_GenomeWideSNP_6_D09_666894	8	24991104	115632043	52999	0.0163
BONZE_p_TCGAb56_SNP_1N_GenomeWideSNP_6_D09_666894	8	115634487	115641731	35	-0.3974
BONZE_p_TCGAb56_SNP_1N_GenomeWideSNP_6_D09_666894	8	115650697	144706745	20568	0.01
BONZE_p_TCGAb56_SNP_1N_GenomeWideSNP_6_D09_666894	8	144706809	144707808	5	-1.1216
BONZE_p_TCGAb56_SNP_1N_GenomeWideSNP_6_D09_666894	8	144718989	146298155	505	-0.0664
BONZE_p_TCGAb56_SNP_1N_GenomeWideSNP_6_D09_666894	9	46587	602903	511	-0.021
BONZE_p_TCGAb56_SNP_1N_GenomeWideSNP_6_D09_666894	9	606699	606961	4	-1.7084
BONZE_p_TCGAb56_SNP_1N_GenomeWideSNP_6_D09_666894	9	607307	138211368	78318	0.0162
BONZE_p_TCGAb56_SNP_1N_GenomeWideSNP_6_D09_666894	9	138214105	138215622	2	-2.6619
BONZE_p_TCGAb56_SNP_1N_GenomeWideSNP_6_D09_666894	9	138216412	141091394	1116	-0.0053
BONZE_p_TCGAb56_SNP_1N_GenomeWideSNP_6_D09_666894	10	72759	6875787	5903	0.0076
BONZE_p_TCGAb56_SNP_1N_GenomeWideSNP_6_D09_666894	10	6879875	6880046	2	-1.9991
BONZE_p_TCGAb56_SNP_1N_GenomeWideSNP_6_D09_666894	10	6882255	13050005	5037	0.0163
BONZE_p_TCGAb56_SNP_1N_GenomeWideSNP_6_D09_666894	10	13050023	13050170	4	-1.4968
BONZE_p_TCGAb56_SNP_1N_GenomeWideSNP_6_D09_666894	10	13050428	17927554	3944	0.0223
BONZE_p_TCGAb56_SNP_1N_GenomeWideSNP_6_D09_666894	10	17938208	17949857	2	-1.5129
BONZE_p_TCGAb56_SNP_1N_GenomeWideSNP_6_D09_666894	10	17971816	58517060	23717	0.0168
BONZE_p_TCGAb56_SNP_1N_GenomeWideSNP_6_D09_666894	10	58517126	58517313	7	0.7272
BONZE_p_TCGAb56_SNP_1N_GenomeWideSNP_6_D09_666894	10	58517317	67308591	6150	0.0195
BONZE_p_TCGAb56_SNP_1N_GenomeWideSNP_6_D09_666894	10	67308709	67322795	23	-0.475
BONZE_p_TCGAb56_SNP_1N_GenomeWideSNP_6_D09_666894	10	67322926	81994177	9501	0.0119
BONZE_p_TCGAb56_SNP_1N_GenomeWideSNP_6_D09_666894	10	81994318	81997078	2	-2.8196
BONZE_p_TCGAb56_SNP_1N_GenomeWideSNP_6_D09_666894	10	81997448	88976597	4973	0.0051
BONZE_p_TCGAb56_SNP_1N_GenomeWideSNP_6_D09_666894	10	89018962	89112893	20	0.4084
BONZE_p_TCGAb56_SNP_1N_GenomeWideSNP_6_D09_666894	10	89117300	124334013	23899	0.0112
BONZE_p_TCGAb56_SNP_1N_GenomeWideSNP_6_D09_666894	10	124341534	124357726	10	-1.0879
BONZE_p_TCGAb56_SNP_1N_GenomeWideSNP_6_D09_666894	10	124383013	132634422	6255	0.0112
BONZE_p_TCGAb56_SNP_1N_GenomeWideSNP_6_D09_666894	10	132634509	132635031	2	-1.9362
BONZE_p_TCGAb56_SNP_1N_GenomeWideSNP_6_D09_666894	10	132635258	135506704	1663	-0.006
BONZE_p_TCGAb56_SNP_1N_GenomeWideSNP_6_D09_666894	11	198510	4968117	2480	-0.0065
BONZE_p_TCGAb56_SNP_1N_GenomeWideSNP_6_D09_666894	11	4968510	4976272	30	0.641
BONZE_p_TCGAb56_SNP_1N_GenomeWideSNP_6_D09_666894	11	4976334	134944770	84646	0.0137
BONZE_p_TCGAb56_SNP_1N_GenomeWideSNP_6_D09_666894	12	150442	9633870	6205	0.0115
BONZE_p_TCGAb56_SNP_1N_GenomeWideSNP_6_D09_666894	12	9637909	9713674	21	-1.2476
BONZE_p_TCGAb56_SNP_1N_GenomeWideSNP_6_D09_666894	12	9714954	11511578	1193	0.0251
BONZE_p_TCGAb56_SNP_1N_GenomeWideSNP_6_D09_666894	12	11512492	11543406	30	-0.6627
BONZE_p_TCGAb56_SNP_1N_GenomeWideSNP_6_D09_666894	12	11552192	13722313	1829	0.0129
BONZE_p_TCGAb56_SNP_1N_GenomeWideSNP_6_D09_666894	12	13724306	13725098	2	-1.4168
BONZE_p_TCGAb56_SNP_1N_GenomeWideSNP_6_D09_666894	12	13729310	31378914	12256	0.0122
BONZE_p_TCGAb56_SNP_1N_GenomeWideSNP_6_D09_666894	12	31379396	31379649	3	-1.2779
BONZE_p_TCGAb56_SNP_1N_GenomeWideSNP_6_D09_666894	12	31380626	33294660	1333	0.0215
BONZE_p_TCGAb56_SNP_1N_GenomeWideSNP_6_D09_666894	12	33301406	33307374	27	-0.4591
BONZE_p_TCGAb56_SNP_1N_GenomeWideSNP_6_D09_666894	12	33308360	39477327	1514	0.024
BONZE_p_TCGAb56_SNP_1N_GenomeWideSNP_6_D09_666894	12	39481561	39483113	5	-0.8845
BONZE_p_TCGAb56_SNP_1N_GenomeWideSNP_6_D09_666894	12	39488048	48725042	5830	0.014
BONZE_p_TCGAb56_SNP_1N_GenomeWideSNP_6_D09_666894	12	48725239	48725415	3	-2.2798
BONZE_p_TCGAb56_SNP_1N_GenomeWideSNP_6_D09_666894	12	48730036	58721231	5496	0.0053
BONZE_p_TCGAb56_SNP_1N_GenomeWideSNP_6_D09_666894	12	58730151	58730162	2	-1.5688
BONZE_p_TCGAb56_SNP_1N_GenomeWideSNP_6_D09_666894	12	58730848	70388004	7693	0.0149
BONZE_p_TCGAb56_SNP_1N_GenomeWideSNP_6_D09_666894	12	70391927	70392420	3	-2.4136
BONZE_p_TCGAb56_SNP_1N_GenomeWideSNP_6_D09_666894	12	70392585	70872675	286	0.0263
BONZE_p_TCGAb56_SNP_1N_GenomeWideSNP_6_D09_666894	12	70876314	70878027	8	-1.6866
BONZE_p_TCGAb56_SNP_1N_GenomeWideSNP_6_D09_666894	12	70879385	131103914	39929	0.0121
BONZE_p_TCGAb56_SNP_1N_GenomeWideSNP_6_D09_666894	12	131104082	131104157	2	-1.7276
BONZE_p_TCGAb56_SNP_1N_GenomeWideSNP_6_D09_666894	12	131104455	133778189	1415	-0.0113
BONZE_p_TCGAb56_SNP_1N_GenomeWideSNP_6_D09_666894	13	19026949	20121459	566	0.0113
BONZE_p_TCGAb56_SNP_1N_GenomeWideSNP_6_D09_666894	13	20123895	20123910	2	-2.1733
BONZE_p_TCGAb56_SNP_1N_GenomeWideSNP_6_D09_666894	13	20124501	20820781	339	-4e-04
BONZE_p_TCGAb56_SNP_1N_GenomeWideSNP_6_D09_666894	13	20827251	20827940	2	-4.7221
BONZE_p_TCGAb56_SNP_1N_GenomeWideSNP_6_D09_666894	13	20832547	20892398	41	0.0493
BONZE_p_TCGAb56_SNP_1N_GenomeWideSNP_6_D09_666894	13	20892604	20893431	3	-1.2262
BONZE_p_TCGAb56_SNP_1N_GenomeWideSNP_6_D09_666894	13	20894352	23629210	1944	0.0166
BONZE_p_TCGAb56_SNP_1N_GenomeWideSNP_6_D09_666894	13	23632678	23633515	12	-0.531
BONZE_p_TCGAb56_SNP_1N_GenomeWideSNP_6_D09_666894	13	23638195	28496771	3682	0.0211
BONZE_p_TCGAb56_SNP_1N_GenomeWideSNP_6_D09_666894	13	28512082	28529273	16	0.6149
BONZE_p_TCGAb56_SNP_1N_GenomeWideSNP_6_D09_666894	13	28541762	38071135	6961	0.0187
BONZE_p_TCGAb56_SNP_1N_GenomeWideSNP_6_D09_666894	13	38072036	38084757	16	0.6687
BONZE_p_TCGAb56_SNP_1N_GenomeWideSNP_6_D09_666894	13	38088330	41639808	2553	0.0068
BONZE_p_TCGAb56_SNP_1N_GenomeWideSNP_6_D09_666894	13	41640879	41642427	2	-1.983
BONZE_p_TCGAb56_SNP_1N_GenomeWideSNP_6_D09_666894	13	41644722	115108397	48197	0.0166
BONZE_p_TCGAb56_SNP_1N_GenomeWideSNP_6_D09_666894	14	19002124	19604114	44	-0.295
BONZE_p_TCGAb56_SNP_1N_GenomeWideSNP_6_D09_666894	14	19607007	20292191	75	0.4608
BONZE_p_TCGAb56_SNP_1N_GenomeWideSNP_6_D09_666894	14	20292405	20367408	38	0.8541
BONZE_p_TCGAb56_SNP_1N_GenomeWideSNP_6_D09_666894	14	20369482	20423372	32	0.5012
BONZE_p_TCGAb56_SNP_1N_GenomeWideSNP_6_D09_666894	14	20424926	24426649	2733	0.0572
BONZE_p_TCGAb56_SNP_1N_GenomeWideSNP_6_D09_666894	14	24426724	24488143	29	-0.6271
BONZE_p_TCGAb56_SNP_1N_GenomeWideSNP_6_D09_666894	14	24488396	28158833	2436	0.0137
BONZE_p_TCGAb56_SNP_1N_GenomeWideSNP_6_D09_666894	14	28159023	28163948	3	-1.5755
BONZE_p_TCGAb56_SNP_1N_GenomeWideSNP_6_D09_666894	14	28164382	38643902	6573	0.0147
BONZE_p_TCGAb56_SNP_1N_GenomeWideSNP_6_D09_666894	14	38643916	38644034	2	-1.7534
BONZE_p_TCGAb56_SNP_1N_GenomeWideSNP_6_D09_666894	14	38644503	106547314	43195	0.0131
BONZE_p_TCGAb56_SNP_1N_GenomeWideSNP_6_D09_666894	14	106547507	106567100	10	0.8893
BONZE_p_TCGAb56_SNP_1N_GenomeWideSNP_6_D09_666894	14	106569463	106872062	141	0.0603
BONZE_p_TCGAb56_SNP_1N_GenomeWideSNP_6_D09_666894	14	106874361	106918108	52	-1.8516
BONZE_p_TCGAb56_SNP_1N_GenomeWideSNP_6_D09_666894	14	106918649	107285437	224	-0.0609
BONZE_p_TCGAb56_SNP_1N_GenomeWideSNP_6_D09_666894	15	20016328	20203961	47	-0.1181
BONZE_p_TCGAb56_SNP_1N_GenomeWideSNP_6_D09_666894	15	20206939	20216955	2	-2.0029
BONZE_p_TCGAb56_SNP_1N_GenomeWideSNP_6_D09_666894	15	20231906	52869581	18791	0.0107
BONZE_p_TCGAb56_SNP_1N_GenomeWideSNP_6_D09_666894	15	52869660	52874468	3	2.1548
BONZE_p_TCGAb56_SNP_1N_GenomeWideSNP_6_D09_666894	15	52876980	54194989	1017	0.0187
BONZE_p_TCGAb56_SNP_1N_GenomeWideSNP_6_D09_666894	15	54200350	54201360	2	-1.7407
BONZE_p_TCGAb56_SNP_1N_GenomeWideSNP_6_D09_666894	15	54204228	76878362	14501	0.017
BONZE_p_TCGAb56_SNP_1N_GenomeWideSNP_6_D09_666894	15	76891241	76895775	22	-1.5668
BONZE_p_TCGAb56_SNP_1N_GenomeWideSNP_6_D09_666894	15	76902179	86036648	5164	0.0169
BONZE_p_TCGAb56_SNP_1N_GenomeWideSNP_6_D09_666894	15	86037457	86039564	7	-1.2198
BONZE_p_TCGAb56_SNP_1N_GenomeWideSNP_6_D09_666894	15	86039906	102469040	12514	0.01
BONZE_p_TCGAb56_SNP_1N_GenomeWideSNP_6_D09_666894	16	60777	11509430	8620	0.0069
BONZE_p_TCGAb56_SNP_1N_GenomeWideSNP_6_D09_666894	16	11511725	11514066	3	-1.9805
BONZE_p_TCGAb56_SNP_1N_GenomeWideSNP_6_D09_666894	16	11515221	12425016	580	-0.0013
BONZE_p_TCGAb56_SNP_1N_GenomeWideSNP_6_D09_666894	16	12426480	12426645	2	-1.5136
BONZE_p_TCGAb56_SNP_1N_GenomeWideSNP_6_D09_666894	16	12426669	21389970	5259	0.0144
BONZE_p_TCGAb56_SNP_1N_GenomeWideSNP_6_D09_666894	16	21412403	21593634	25	-0.4773
BONZE_p_TCGAb56_SNP_1N_GenomeWideSNP_6_D09_666894	16	21596313	22442020	364	0.0318
BONZE_p_TCGAb56_SNP_1N_GenomeWideSNP_6_D09_666894	16	22557932	22704520	72	-0.4083
BONZE_p_TCGAb56_SNP_1N_GenomeWideSNP_6_D09_666894	16	22710742	34466571	5624	0.0023
BONZE_p_TCGAb56_SNP_1N_GenomeWideSNP_6_D09_666894	16	34470704	34757071	168	0.4063
BONZE_p_TCGAb56_SNP_1N_GenomeWideSNP_6_D09_666894	16	34760967	55795214	6606	0.0127
BONZE_p_TCGAb56_SNP_1N_GenomeWideSNP_6_D09_666894	16	55796389	55822444	22	-0.8486
BONZE_p_TCGAb56_SNP_1N_GenomeWideSNP_6_D09_666894	16	55829557	74384258	11214	0.0165
BONZE_p_TCGAb56_SNP_1N_GenomeWideSNP_6_D09_666894	16	74397058	74466566	12	-0.5203
BONZE_p_TCGAb56_SNP_1N_GenomeWideSNP_6_D09_666894	16	74466810	78371608	3209	0.0229
BONZE_p_TCGAb56_SNP_1N_GenomeWideSNP_6_D09_666894	16	78372440	78385001	17	1.0267
BONZE_p_TCGAb56_SNP_1N_GenomeWideSNP_6_D09_666894	16	78385437	80251756	2296	0.0134
BONZE_p_TCGAb56_SNP_1N_GenomeWideSNP_6_D09_666894	16	80252459	80253076	6	-0.838
BONZE_p_TCGAb56_SNP_1N_GenomeWideSNP_6_D09_666894	16	80253474	82784825	2520	0.0091
BONZE_p_TCGAb56_SNP_1N_GenomeWideSNP_6_D09_666894	16	82784943	82785119	2	-1.5381
BONZE_p_TCGAb56_SNP_1N_GenomeWideSNP_6_D09_666894	16	82785902	90287535	5818	0.0042
BONZE_p_TCGAb56_SNP_1N_GenomeWideSNP_6_D09_666894	17	526	34436708	18394	0.0063
BONZE_p_TCGAb56_SNP_1N_GenomeWideSNP_6_D09_666894	17	34437128	34535651	39	0.4156
BONZE_p_TCGAb56_SNP_1N_GenomeWideSNP_6_D09_666894	17	34543343	37848545	1632	0.0155
BONZE_p_TCGAb56_SNP_1N_GenomeWideSNP_6_D09_666894	17	37848603	37851870	10	-0.7562
BONZE_p_TCGAb56_SNP_1N_GenomeWideSNP_6_D09_666894	17	37851919	39423014	898	0.0015
BONZE_p_TCGAb56_SNP_1N_GenomeWideSNP_6_D09_666894	17	39423026	39430531	23	0.9031
BONZE_p_TCGAb56_SNP_1N_GenomeWideSNP_6_D09_666894	17	39432724	81049726	24306	0.0104
BONZE_p_TCGAb56_SNP_1N_GenomeWideSNP_6_D09_666894	18	11543	78015057	50830	0.0146
BONZE_p_TCGAb56_SNP_1N_GenomeWideSNP_6_D09_666894	19	90910	5506659	1598	0.0034
BONZE_p_TCGAb56_SNP_1N_GenomeWideSNP_6_D09_666894	19	5510239	5510653	3	-2.4377
BONZE_p_TCGAb56_SNP_1N_GenomeWideSNP_6_D09_666894	19	5510700	35849061	15216	0.0149
BONZE_p_TCGAb56_SNP_1N_GenomeWideSNP_6_D09_666894	19	35849171	35870348	32	-0.3957
BONZE_p_TCGAb56_SNP_1N_GenomeWideSNP_6_D09_666894	19	35870436	52131813	8106	0.0054
BONZE_p_TCGAb56_SNP_1N_GenomeWideSNP_6_D09_666894	19	52142352	52148197	11	-0.6761
BONZE_p_TCGAb56_SNP_1N_GenomeWideSNP_6_D09_666894	19	52154905	59097854	4384	0.0101
BONZE_p_TCGAb56_SNP_1N_GenomeWideSNP_6_D09_666894	20	61305	1552430	1183	0.002
BONZE_p_TCGAb56_SNP_1N_GenomeWideSNP_6_D09_666894	20	1552457	1561580	24	-0.7565
BONZE_p_TCGAb56_SNP_1N_GenomeWideSNP_6_D09_666894	20	1561667	62956153	41292	0.013
BONZE_p_TCGAb56_SNP_1N_GenomeWideSNP_6_D09_666894	21	10736871	10953424	36	0.4641
BONZE_p_TCGAb56_SNP_1N_GenomeWideSNP_6_D09_666894	21	10954126	21305521	4655	0.01
BONZE_p_TCGAb56_SNP_1N_GenomeWideSNP_6_D09_666894	21	21305769	21344569	20	-0.7578
BONZE_p_TCGAb56_SNP_1N_GenomeWideSNP_6_D09_666894	21	21345779	48096957	19707	0.0168
BONZE_p_TCGAb56_SNP_1N_GenomeWideSNP_6_D09_666894	22	16052528	16239487	30	0.3657
BONZE_p_TCGAb56_SNP_1N_GenomeWideSNP_6_D09_666894	22	16239968	18624771	1160	0.0104
BONZE_p_TCGAb56_SNP_1N_GenomeWideSNP_6_D09_666894	22	18626129	18630060	9	-1.1533
BONZE_p_TCGAb56_SNP_1N_GenomeWideSNP_6_D09_666894	22	18631365	23262981	2722	-0.0499
BONZE_p_TCGAb56_SNP_1N_GenomeWideSNP_6_D09_666894	22	23263242	23263257	2	-2.4306
BONZE_p_TCGAb56_SNP_1N_GenomeWideSNP_6_D09_666894	22	23263274	23275367	11	-0.2563
BONZE_p_TCGAb56_SNP_1N_GenomeWideSNP_6_D09_666894	22	23278515	24271661	654	-0.0181
BONZE_p_TCGAb56_SNP_1N_GenomeWideSNP_6_D09_666894	22	24271679	24329711	28	-0.4659
BONZE_p_TCGAb56_SNP_1N_GenomeWideSNP_6_D09_666894	22	24330218	24332933	5	-2.0589
BONZE_p_TCGAb56_SNP_1N_GenomeWideSNP_6_D09_666894	22	24337307	24394015	21	0.6064
BONZE_p_TCGAb56_SNP_1N_GenomeWideSNP_6_D09_666894	22	24396814	29869190	4348	0.0109
BONZE_p_TCGAb56_SNP_1N_GenomeWideSNP_6_D09_666894	22	29870258	29870375	4	1.0545
BONZE_p_TCGAb56_SNP_1N_GenomeWideSNP_6_D09_666894	22	29881701	34173406	2918	0.0228
BONZE_p_TCGAb56_SNP_1N_GenomeWideSNP_6_D09_666894	22	34174947	34174985	4	-2.7776
BONZE_p_TCGAb56_SNP_1N_GenomeWideSNP_6_D09_666894	22	34181422	39290920	3555	0.0024
BONZE_p_TCGAb56_SNP_1N_GenomeWideSNP_6_D09_666894	22	39295255	39296904	3	-2.7946
BONZE_p_TCGAb56_SNP_1N_GenomeWideSNP_6_D09_666894	22	39299114	51234455	8094	-0.0038
BONZE_p_TCGAb56_SNP_1N_GenomeWideSNP_6_D09_666894	X	168477	134848927	72161	0.0168
BONZE_p_TCGAb56_SNP_1N_GenomeWideSNP_6_D09_666894	X	134854929	134892494	10	-0.86
BONZE_p_TCGAb56_SNP_1N_GenomeWideSNP_6_D09_666894	X	134893599	150292898	10022	0.0039
BONZE_p_TCGAb56_SNP_1N_GenomeWideSNP_6_D09_666894	X	150293934	150295459	2	-1.8448
BONZE_p_TCGAb56_SNP_1N_GenomeWideSNP_6_D09_666894	X	150296555	151505909	837	0.023
BONZE_p_TCGAb56_SNP_1N_GenomeWideSNP_6_D09_666894	X	151510998	151516625	3	-2.6942
BONZE_p_TCGAb56_SNP_1N_GenomeWideSNP_6_D09_666894	X	151517317	155182354	1591	-0.0117
BONZE_p_TCGAb56_SNP_1N_GenomeWideSNP_6_D09_666894	Y	2650438	6183457	904	-2.2121
BONZE_p_TCGAb56_SNP_1N_GenomeWideSNP_6_D09_666894	Y	6184083	15595049	2655	-2.5476
BONZE_p_TCGAb56_SNP_1N_GenomeWideSNP_6_D09_666894	Y	15600886	16133498	230	-2.0433
BONZE_p_TCGAb56_SNP_1N_GenomeWideSNP_6_D09_666894	Y	16136055	23960781	3624	-2.5389
BONZE_p_TCGAb56_SNP_1N_GenomeWideSNP_6_D09_666894	Y	23965023	23994788	15	-4.4127
BONZE_p_TCGAb56_SNP_1N_GenomeWideSNP_6_D09_666894	Y	23995393	26427083	523	-2.615
BONZE_p_TCGAb56_SNP_1N_GenomeWideSNP_6_D09_666894	Y	26427522	26510799	29	-1.0881
BONZE_p_TCGAb56_SNP_1N_GenomeWideSNP_6_D09_666894	Y	26513715	27788004	205	-2.3111
BONZE_p_TCGAb56_SNP_1N_GenomeWideSNP_6_D09_666894	Y	27789040	27792173	3	-5.9672
BONZE_p_TCGAb56_SNP_1N_GenomeWideSNP_6_D09_666894	Y	27792751	28704263	361	-2.2118
BONZE_p_TCGAb56_SNP_1N_GenomeWideSNP_6_D09_666894	Y	28704985	28709033	2	-8.8048
BONZE_p_TCGAb56_SNP_1N_GenomeWideSNP_6_D09_666894	Y	28709283	59018259	45	-2.3271
