Sample	Chromosome	Start	End	Num_Probes	Segment_Mean
BONZE_p_TCGAb56_SNP_1N_GenomeWideSNP_6_G02_666960	1	61735	1647494	232	0.0061
BONZE_p_TCGAb56_SNP_1N_GenomeWideSNP_6_G02_666960	1	1647890	1650062	2	-1.7667
BONZE_p_TCGAb56_SNP_1N_GenomeWideSNP_6_G02_666960	1	1650927	25583341	13932	-0.0695
BONZE_p_TCGAb56_SNP_1N_GenomeWideSNP_6_G02_666960	1	25593128	25646946	27	0.5854
BONZE_p_TCGAb56_SNP_1N_GenomeWideSNP_6_G02_666960	1	25646986	35091674	4970	-0.0906
BONZE_p_TCGAb56_SNP_1N_GenomeWideSNP_6_G02_666960	1	35102654	35103036	6	-0.8763
BONZE_p_TCGAb56_SNP_1N_GenomeWideSNP_6_G02_666960	1	35103142	35103510	4	0.1202
BONZE_p_TCGAb56_SNP_1N_GenomeWideSNP_6_G02_666960	1	35103827	35104491	10	-1.0882
BONZE_p_TCGAb56_SNP_1N_GenomeWideSNP_6_G02_666960	1	35114268	49177150	7986	-0.1067
BONZE_p_TCGAb56_SNP_1N_GenomeWideSNP_6_G02_666960	1	49179718	49640365	301	0.7733
BONZE_p_TCGAb56_SNP_1N_GenomeWideSNP_6_G02_666960	1	49642698	50432462	304	-0.1951
BONZE_p_TCGAb56_SNP_1N_GenomeWideSNP_6_G02_666960	1	50436910	51149883	380	0.8387
BONZE_p_TCGAb56_SNP_1N_GenomeWideSNP_6_G02_666960	1	51150288	51178516	9	0.5041
BONZE_p_TCGAb56_SNP_1N_GenomeWideSNP_6_G02_666960	1	51185615	51784587	238	-0.0691
BONZE_p_TCGAb56_SNP_1N_GenomeWideSNP_6_G02_666960	1	51791542	53388731	715	0.2273
BONZE_p_TCGAb56_SNP_1N_GenomeWideSNP_6_G02_666960	1	53391428	55090200	1115	0.828
BONZE_p_TCGAb56_SNP_1N_GenomeWideSNP_6_G02_666960	1	55093291	55094389	2	-0.8453
BONZE_p_TCGAb56_SNP_1N_GenomeWideSNP_6_G02_666960	1	55096450	56767172	1321	0.9111
BONZE_p_TCGAb56_SNP_1N_GenomeWideSNP_6_G02_666960	1	56767304	57103965	258	0.628
BONZE_p_TCGAb56_SNP_1N_GenomeWideSNP_6_G02_666960	1	57109951	57208422	64	1.1395
BONZE_p_TCGAb56_SNP_1N_GenomeWideSNP_6_G02_666960	1	57208709	57606509	382	0.6856
BONZE_p_TCGAb56_SNP_1N_GenomeWideSNP_6_G02_666960	1	57606746	57733378	119	1.0067
BONZE_p_TCGAb56_SNP_1N_GenomeWideSNP_6_G02_666960	1	57739069	59363619	1345	0.4667
BONZE_p_TCGAb56_SNP_1N_GenomeWideSNP_6_G02_666960	1	59366052	59453334	64	1.0791
BONZE_p_TCGAb56_SNP_1N_GenomeWideSNP_6_G02_666960	1	59455115	59486551	40	0.6693
BONZE_p_TCGAb56_SNP_1N_GenomeWideSNP_6_G02_666960	1	59486763	60276914	542	1.0027
BONZE_p_TCGAb56_SNP_1N_GenomeWideSNP_6_G02_666960	1	60277202	60386800	68	1.485
BONZE_p_TCGAb56_SNP_1N_GenomeWideSNP_6_G02_666960	1	60388674	61754795	936	1.2041
BONZE_p_TCGAb56_SNP_1N_GenomeWideSNP_6_G02_666960	1	61756434	62539479	648	0.7221
BONZE_p_TCGAb56_SNP_1N_GenomeWideSNP_6_G02_666960	1	62545859	65258537	1880	0.3777
BONZE_p_TCGAb56_SNP_1N_GenomeWideSNP_6_G02_666960	1	65263697	65452671	292	-0.2239
BONZE_p_TCGAb56_SNP_1N_GenomeWideSNP_6_G02_666960	1	65455275	67845844	1711	0.4413
BONZE_p_TCGAb56_SNP_1N_GenomeWideSNP_6_G02_666960	1	67849409	70302201	1589	-0.0345
BONZE_p_TCGAb56_SNP_1N_GenomeWideSNP_6_G02_666960	1	70302769	70532375	127	0.2847
BONZE_p_TCGAb56_SNP_1N_GenomeWideSNP_6_G02_666960	1	70537943	71402706	627	0.0453
BONZE_p_TCGAb56_SNP_1N_GenomeWideSNP_6_G02_666960	1	71406061	71485299	62	0.3634
BONZE_p_TCGAb56_SNP_1N_GenomeWideSNP_6_G02_666960	1	71493154	72099161	351	-0.0358
BONZE_p_TCGAb56_SNP_1N_GenomeWideSNP_6_G02_666960	1	72103456	72632274	310	0.2993
BONZE_p_TCGAb56_SNP_1N_GenomeWideSNP_6_G02_666960	1	72633303	72768936	90	-0.0429
BONZE_p_TCGAb56_SNP_1N_GenomeWideSNP_6_G02_666960	1	72771143	72811148	44	-1.368
BONZE_p_TCGAb56_SNP_1N_GenomeWideSNP_6_G02_666960	1	72811904	74617553	1073	-0.1019
BONZE_p_TCGAb56_SNP_1N_GenomeWideSNP_6_G02_666960	1	74619104	76455001	1137	0.1832
BONZE_p_TCGAb56_SNP_1N_GenomeWideSNP_6_G02_666960	1	76455355	76497033	40	0.5115
BONZE_p_TCGAb56_SNP_1N_GenomeWideSNP_6_G02_666960	1	76497711	77515179	812	0.039
BONZE_p_TCGAb56_SNP_1N_GenomeWideSNP_6_G02_666960	1	77516048	77517009	2	-1.916
BONZE_p_TCGAb56_SNP_1N_GenomeWideSNP_6_G02_666960	1	77517688	77798945	183	0.2702
BONZE_p_TCGAb56_SNP_1N_GenomeWideSNP_6_G02_666960	1	77802930	89568053	7813	-0.2048
BONZE_p_TCGAb56_SNP_1N_GenomeWideSNP_6_G02_666960	1	89573452	89992850	225	0.902
BONZE_p_TCGAb56_SNP_1N_GenomeWideSNP_6_G02_666960	1	89998356	96578814	4222	-0.2233
BONZE_p_TCGAb56_SNP_1N_GenomeWideSNP_6_G02_666960	1	96582418	96582704	2	-2.8288
BONZE_p_TCGAb56_SNP_1N_GenomeWideSNP_6_G02_666960	1	96583498	104221531	4583	-0.2086
BONZE_p_TCGAb56_SNP_1N_GenomeWideSNP_6_G02_666960	1	104221631	104225568	10	-1.5858
BONZE_p_TCGAb56_SNP_1N_GenomeWideSNP_6_G02_666960	1	104239689	104303403	14	0.1576
BONZE_p_TCGAb56_SNP_1N_GenomeWideSNP_6_G02_666960	1	104303501	110227515	3602	-0.2038
BONZE_p_TCGAb56_SNP_1N_GenomeWideSNP_6_G02_666960	1	110232974	110236947	14	-1.2464
BONZE_p_TCGAb56_SNP_1N_GenomeWideSNP_6_G02_666960	1	110239522	145180842	7404	-0.2065
BONZE_p_TCGAb56_SNP_1N_GenomeWideSNP_6_G02_666960	1	145181734	145290304	34	0.3701
BONZE_p_TCGAb56_SNP_1N_GenomeWideSNP_6_G02_666960	1	145311536	145792064	171	0.0053
BONZE_p_TCGAb56_SNP_1N_GenomeWideSNP_6_G02_666960	1	145932468	146984027	363	0.4671
BONZE_p_TCGAb56_SNP_1N_GenomeWideSNP_6_G02_666960	1	146984386	147420754	266	0.7669
BONZE_p_TCGAb56_SNP_1N_GenomeWideSNP_6_G02_666960	1	147478446	149732625	314	0.1175
BONZE_p_TCGAb56_SNP_1N_GenomeWideSNP_6_G02_666960	1	149732729	149987641	110	0.8447
BONZE_p_TCGAb56_SNP_1N_GenomeWideSNP_6_G02_666960	1	149989434	150238095	111	0.5651
BONZE_p_TCGAb56_SNP_1N_GenomeWideSNP_6_G02_666960	1	150250176	150366489	54	0.2059
BONZE_p_TCGAb56_SNP_1N_GenomeWideSNP_6_G02_666960	1	150372866	150420271	25	0.6284
BONZE_p_TCGAb56_SNP_1N_GenomeWideSNP_6_G02_666960	1	150420439	150859142	222	1.0401
BONZE_p_TCGAb56_SNP_1N_GenomeWideSNP_6_G02_666960	1	150862023	151511268	311	0.6023
BONZE_p_TCGAb56_SNP_1N_GenomeWideSNP_6_G02_666960	1	151515125	151567959	39	0.8126
BONZE_p_TCGAb56_SNP_1N_GenomeWideSNP_6_G02_666960	1	151568604	151577221	6	1.355
BONZE_p_TCGAb56_SNP_1N_GenomeWideSNP_6_G02_666960	1	151583801	152555527	592	0.8914
BONZE_p_TCGAb56_SNP_1N_GenomeWideSNP_6_G02_666960	1	152555706	152586594	35	-1.4749
BONZE_p_TCGAb56_SNP_1N_GenomeWideSNP_6_G02_666960	1	152590494	153688056	839	1.0163
BONZE_p_TCGAb56_SNP_1N_GenomeWideSNP_6_G02_666960	1	153691490	157424157	1837	0.2095
BONZE_p_TCGAb56_SNP_1N_GenomeWideSNP_6_G02_666960	1	157430142	157531215	85	0.9202
BONZE_p_TCGAb56_SNP_1N_GenomeWideSNP_6_G02_666960	1	157531532	157583052	43	0.4092
BONZE_p_TCGAb56_SNP_1N_GenomeWideSNP_6_G02_666960	1	157584094	159064818	1165	0.6992
BONZE_p_TCGAb56_SNP_1N_GenomeWideSNP_6_G02_666960	1	159074575	169649126	7871	0.2854
BONZE_p_TCGAb56_SNP_1N_GenomeWideSNP_6_G02_666960	1	169661299	172717140	2118	0.9275
BONZE_p_TCGAb56_SNP_1N_GenomeWideSNP_6_G02_666960	1	172726619	173385261	425	0.6543
BONZE_p_TCGAb56_SNP_1N_GenomeWideSNP_6_G02_666960	1	173385473	176214570	1685	0.1493
BONZE_p_TCGAb56_SNP_1N_GenomeWideSNP_6_G02_666960	1	176220213	176220257	2	-1.3234
BONZE_p_TCGAb56_SNP_1N_GenomeWideSNP_6_G02_666960	1	176232997	179323738	2112	0.1886
BONZE_p_TCGAb56_SNP_1N_GenomeWideSNP_6_G02_666960	1	179330528	179333315	4	-1.3491
BONZE_p_TCGAb56_SNP_1N_GenomeWideSNP_6_G02_666960	1	179339206	194448234	10128	0.1859
BONZE_p_TCGAb56_SNP_1N_GenomeWideSNP_6_G02_666960	1	194451411	194455018	2	2.3125
BONZE_p_TCGAb56_SNP_1N_GenomeWideSNP_6_G02_666960	1	194457016	196714873	1453	0.1938
BONZE_p_TCGAb56_SNP_1N_GenomeWideSNP_6_G02_666960	1	196727850	196732086	4	1.17
BONZE_p_TCGAb56_SNP_1N_GenomeWideSNP_6_G02_666960	1	196738623	223016406	17874	0.1455
BONZE_p_TCGAb56_SNP_1N_GenomeWideSNP_6_G02_666960	1	223017325	223023769	6	-1.5174
BONZE_p_TCGAb56_SNP_1N_GenomeWideSNP_6_G02_666960	1	223026717	225990372	1825	0.1085
BONZE_p_TCGAb56_SNP_1N_GenomeWideSNP_6_G02_666960	1	225990463	226652838	366	0.5053
BONZE_p_TCGAb56_SNP_1N_GenomeWideSNP_6_G02_666960	1	226653323	228176817	962	0.1204
BONZE_p_TCGAb56_SNP_1N_GenomeWideSNP_6_G02_666960	1	228181194	230402624	1406	0.5214
BONZE_p_TCGAb56_SNP_1N_GenomeWideSNP_6_G02_666960	1	230402702	231651391	900	0.9646
BONZE_p_TCGAb56_SNP_1N_GenomeWideSNP_6_G02_666960	1	231656418	235743992	3116	0.1417
BONZE_p_TCGAb56_SNP_1N_GenomeWideSNP_6_G02_666960	1	235746016	235746078	2	-1.2666
BONZE_p_TCGAb56_SNP_1N_GenomeWideSNP_6_G02_666960	1	235746120	249224388	9595	0.3105
BONZE_p_TCGAb56_SNP_1N_GenomeWideSNP_6_G02_666960	2	12784	35975973	25038	0.1024
BONZE_p_TCGAb56_SNP_1N_GenomeWideSNP_6_G02_666960	2	35977790	35986908	5	-1.3406
BONZE_p_TCGAb56_SNP_1N_GenomeWideSNP_6_G02_666960	2	35987916	106866500	41867	0.0716
BONZE_p_TCGAb56_SNP_1N_GenomeWideSNP_6_G02_666960	2	106866623	106887408	25	0.4148
BONZE_p_TCGAb56_SNP_1N_GenomeWideSNP_6_G02_666960	2	106887870	113577957	3344	-0.016
BONZE_p_TCGAb56_SNP_1N_GenomeWideSNP_6_G02_666960	2	113580993	114711069	682	0.4952
BONZE_p_TCGAb56_SNP_1N_GenomeWideSNP_6_G02_666960	2	114711110	115074013	246	0.2249
BONZE_p_TCGAb56_SNP_1N_GenomeWideSNP_6_G02_666960	2	115079789	136736606	13262	-0.077
BONZE_p_TCGAb56_SNP_1N_GenomeWideSNP_6_G02_666960	2	136742363	136744898	2	-2.4815
BONZE_p_TCGAb56_SNP_1N_GenomeWideSNP_6_G02_666960	2	136750154	146865183	6420	-0.0759
BONZE_p_TCGAb56_SNP_1N_GenomeWideSNP_6_G02_666960	2	146865243	146866934	16	-0.6342
BONZE_p_TCGAb56_SNP_1N_GenomeWideSNP_6_G02_666960	2	146877806	180419654	20531	-0.0634
BONZE_p_TCGAb56_SNP_1N_GenomeWideSNP_6_G02_666960	2	180419753	180421854	14	-0.5049
BONZE_p_TCGAb56_SNP_1N_GenomeWideSNP_6_G02_666960	2	180421869	184573947	2623	0.0198
BONZE_p_TCGAb56_SNP_1N_GenomeWideSNP_6_G02_666960	2	184577193	184577324	3	-1.4442
BONZE_p_TCGAb56_SNP_1N_GenomeWideSNP_6_G02_666960	2	184580895	184603324	37	-0.0093
BONZE_p_TCGAb56_SNP_1N_GenomeWideSNP_6_G02_666960	2	184603375	184603603	3	-0.5871
BONZE_p_TCGAb56_SNP_1N_GenomeWideSNP_6_G02_666960	2	184603704	184793851	99	0.0113
BONZE_p_TCGAb56_SNP_1N_GenomeWideSNP_6_G02_666960	2	184794400	184826648	30	-0.5536
BONZE_p_TCGAb56_SNP_1N_GenomeWideSNP_6_G02_666960	2	184828307	229757006	27580	0.0078
BONZE_p_TCGAb56_SNP_1N_GenomeWideSNP_6_G02_666960	2	229759479	229759913	8	-1.1397
BONZE_p_TCGAb56_SNP_1N_GenomeWideSNP_6_G02_666960	2	229760083	243089456	8247	-0.0349
BONZE_p_TCGAb56_SNP_1N_GenomeWideSNP_6_G02_666960	3	60345	8821804	7757	0.2803
BONZE_p_TCGAb56_SNP_1N_GenomeWideSNP_6_G02_666960	3	8825367	8858201	28	0.577
BONZE_p_TCGAb56_SNP_1N_GenomeWideSNP_6_G02_666960	3	8866808	23919042	10122	0.0368
BONZE_p_TCGAb56_SNP_1N_GenomeWideSNP_6_G02_666960	3	23919442	23926453	2	-1.5879
BONZE_p_TCGAb56_SNP_1N_GenomeWideSNP_6_G02_666960	3	23926978	23979303	18	-0.0155
BONZE_p_TCGAb56_SNP_1N_GenomeWideSNP_6_G02_666960	3	23981429	23982328	2	-3.462
BONZE_p_TCGAb56_SNP_1N_GenomeWideSNP_6_G02_666960	3	23982330	33996862	7109	-0.062
BONZE_p_TCGAb56_SNP_1N_GenomeWideSNP_6_G02_666960	3	34000033	34001131	2	-2.1077
BONZE_p_TCGAb56_SNP_1N_GenomeWideSNP_6_G02_666960	3	34001134	68746446	22833	-0.1124
BONZE_p_TCGAb56_SNP_1N_GenomeWideSNP_6_G02_666960	3	68746708	68747413	11	0.386
BONZE_p_TCGAb56_SNP_1N_GenomeWideSNP_6_G02_666960	3	68748758	75561141	4933	-0.3085
BONZE_p_TCGAb56_SNP_1N_GenomeWideSNP_6_G02_666960	3	75568549	75596246	9	0.4841
BONZE_p_TCGAb56_SNP_1N_GenomeWideSNP_6_G02_666960	3	75608639	93526657	8144	-0.2805
BONZE_p_TCGAb56_SNP_1N_GenomeWideSNP_6_G02_666960	3	93527459	129762859	21649	0.1191
BONZE_p_TCGAb56_SNP_1N_GenomeWideSNP_6_G02_666960	3	129763698	129806236	52	0.6371
BONZE_p_TCGAb56_SNP_1N_GenomeWideSNP_6_G02_666960	3	129806924	140278881	6545	0.1161
BONZE_p_TCGAb56_SNP_1N_GenomeWideSNP_6_G02_666960	3	140278895	140279002	2	-1.388
BONZE_p_TCGAb56_SNP_1N_GenomeWideSNP_6_G02_666960	3	140282084	144283642	2459	0.1206
BONZE_p_TCGAb56_SNP_1N_GenomeWideSNP_6_G02_666960	3	144283750	144283800	3	-1.3572
BONZE_p_TCGAb56_SNP_1N_GenomeWideSNP_6_G02_666960	3	144283861	154349810	6339	0.1099
BONZE_p_TCGAb56_SNP_1N_GenomeWideSNP_6_G02_666960	3	154350221	154355686	3	-1.7316
BONZE_p_TCGAb56_SNP_1N_GenomeWideSNP_6_G02_666960	3	154357066	162513092	4943	0.1103
BONZE_p_TCGAb56_SNP_1N_GenomeWideSNP_6_G02_666960	3	162513149	162626603	69	0.5116
BONZE_p_TCGAb56_SNP_1N_GenomeWideSNP_6_G02_666960	3	162628614	192879006	19201	0.1112
BONZE_p_TCGAb56_SNP_1N_GenomeWideSNP_6_G02_666960	3	192880473	192882903	13	-1.3104
BONZE_p_TCGAb56_SNP_1N_GenomeWideSNP_6_G02_666960	3	192886435	194641316	1161	0.1008
BONZE_p_TCGAb56_SNP_1N_GenomeWideSNP_6_G02_666960	3	194641346	194641845	4	-1.2748
BONZE_p_TCGAb56_SNP_1N_GenomeWideSNP_6_G02_666960	3	194642480	197896118	1541	0.0911
BONZE_p_TCGAb56_SNP_1N_GenomeWideSNP_6_G02_666960	4	12281	10228802	5807	-0.2438
BONZE_p_TCGAb56_SNP_1N_GenomeWideSNP_6_G02_666960	4	10228817	10235268	30	0.1757
BONZE_p_TCGAb56_SNP_1N_GenomeWideSNP_6_G02_666960	4	10236142	10390715	171	-0.2439
BONZE_p_TCGAb56_SNP_1N_GenomeWideSNP_6_G02_666960	4	10392354	10402718	17	-0.7877
BONZE_p_TCGAb56_SNP_1N_GenomeWideSNP_6_G02_666960	4	10402746	44294178	23026	-0.3116
BONZE_p_TCGAb56_SNP_1N_GenomeWideSNP_6_G02_666960	4	44294339	54651242	4000	0.0159
BONZE_p_TCGAb56_SNP_1N_GenomeWideSNP_6_G02_666960	4	54652071	54652550	2	-1.7764
BONZE_p_TCGAb56_SNP_1N_GenomeWideSNP_6_G02_666960	4	54654731	64707605	6429	-0.0793
BONZE_p_TCGAb56_SNP_1N_GenomeWideSNP_6_G02_666960	4	64707754	64708258	6	-0.9494
BONZE_p_TCGAb56_SNP_1N_GenomeWideSNP_6_G02_666960	4	64716431	69372003	2882	-0.0834
BONZE_p_TCGAb56_SNP_1N_GenomeWideSNP_6_G02_666960	4	69374941	69485979	65	-0.5944
BONZE_p_TCGAb56_SNP_1N_GenomeWideSNP_6_G02_666960	4	69489335	104736320	21418	-0.0893
BONZE_p_TCGAb56_SNP_1N_GenomeWideSNP_6_G02_666960	4	104737742	104742390	5	-1.2128
BONZE_p_TCGAb56_SNP_1N_GenomeWideSNP_6_G02_666960	4	104742518	115175344	6328	-0.0892
BONZE_p_TCGAb56_SNP_1N_GenomeWideSNP_6_G02_666960	4	115175358	115179541	15	-0.7038
BONZE_p_TCGAb56_SNP_1N_GenomeWideSNP_6_G02_666960	4	115179638	115182175	6	-2.0005
BONZE_p_TCGAb56_SNP_1N_GenomeWideSNP_6_G02_666960	4	115184229	130062751	8744	-0.0519
BONZE_p_TCGAb56_SNP_1N_GenomeWideSNP_6_G02_666960	4	130067546	130068160	2	-1.9091
BONZE_p_TCGAb56_SNP_1N_GenomeWideSNP_6_G02_666960	4	130072563	172989373	26418	-0.0864
BONZE_p_TCGAb56_SNP_1N_GenomeWideSNP_6_G02_666960	4	172989408	172989505	5	-1.6102
BONZE_p_TCGAb56_SNP_1N_GenomeWideSNP_6_G02_666960	4	172989519	191015201	12129	-0.1045
BONZE_p_TCGAb56_SNP_1N_GenomeWideSNP_6_G02_666960	4	191016164	191027923	3	-0.8276
BONZE_p_TCGAb56_SNP_1N_GenomeWideSNP_6_G02_666960	5	15532	29339	7	0.6312
BONZE_p_TCGAb56_SNP_1N_GenomeWideSNP_6_G02_666960	5	30497	698505	303	1.0526
BONZE_p_TCGAb56_SNP_1N_GenomeWideSNP_6_G02_666960	5	717379	779860	27	0.7039
BONZE_p_TCGAb56_SNP_1N_GenomeWideSNP_6_G02_666960	5	779881	788060	4	-0.3475
BONZE_p_TCGAb56_SNP_1N_GenomeWideSNP_6_G02_666960	5	800686	1642117	429	1.0202
BONZE_p_TCGAb56_SNP_1N_GenomeWideSNP_6_G02_666960	5	1642155	1671278	13	1.5838
BONZE_p_TCGAb56_SNP_1N_GenomeWideSNP_6_G02_666960	5	1673605	2368474	574	0.775
BONZE_p_TCGAb56_SNP_1N_GenomeWideSNP_6_G02_666960	5	2368539	4284151	1814	0.3723
BONZE_p_TCGAb56_SNP_1N_GenomeWideSNP_6_G02_666960	5	4289113	4292876	2	-1.7165
BONZE_p_TCGAb56_SNP_1N_GenomeWideSNP_6_G02_666960	5	4293345	6873270	2329	0.2442
BONZE_p_TCGAb56_SNP_1N_GenomeWideSNP_6_G02_666960	5	6873930	6875377	3	-0.3501
BONZE_p_TCGAb56_SNP_1N_GenomeWideSNP_6_G02_666960	5	6878322	7538237	525	0.0995
BONZE_p_TCGAb56_SNP_1N_GenomeWideSNP_6_G02_666960	5	7538255	7695845	125	0.4089
BONZE_p_TCGAb56_SNP_1N_GenomeWideSNP_6_G02_666960	5	7698443	8115833	327	0.1093
BONZE_p_TCGAb56_SNP_1N_GenomeWideSNP_6_G02_666960	5	8117789	8117846	2	-1.2404
BONZE_p_TCGAb56_SNP_1N_GenomeWideSNP_6_G02_666960	5	8121325	9387137	1114	-0.0021
BONZE_p_TCGAb56_SNP_1N_GenomeWideSNP_6_G02_666960	5	9390217	9484169	96	1.1257
BONZE_p_TCGAb56_SNP_1N_GenomeWideSNP_6_G02_666960	5	9484935	9655247	143	1.6699
BONZE_p_TCGAb56_SNP_1N_GenomeWideSNP_6_G02_666960	5	9658661	9668866	12	1.3939
BONZE_p_TCGAb56_SNP_1N_GenomeWideSNP_6_G02_666960	5	9672416	9677246	4	0.786
BONZE_p_TCGAb56_SNP_1N_GenomeWideSNP_6_G02_666960	5	9677587	9786277	77	1.1648
BONZE_p_TCGAb56_SNP_1N_GenomeWideSNP_6_G02_666960	5	9787908	9828136	41	1.4465
BONZE_p_TCGAb56_SNP_1N_GenomeWideSNP_6_G02_666960	5	9828689	10000817	188	1.7923
BONZE_p_TCGAb56_SNP_1N_GenomeWideSNP_6_G02_666960	5	10008506	10697364	530	1.4768
BONZE_p_TCGAb56_SNP_1N_GenomeWideSNP_6_G02_666960	5	10697388	10749783	54	0.9849
BONZE_p_TCGAb56_SNP_1N_GenomeWideSNP_6_G02_666960	5	10750304	10941988	196	0.3631
BONZE_p_TCGAb56_SNP_1N_GenomeWideSNP_6_G02_666960	5	10946240	11176088	223	0.7221
BONZE_p_TCGAb56_SNP_1N_GenomeWideSNP_6_G02_666960	5	11181613	11227646	42	1.0004
BONZE_p_TCGAb56_SNP_1N_GenomeWideSNP_6_G02_666960	5	11229246	11492236	228	1.4672
BONZE_p_TCGAb56_SNP_1N_GenomeWideSNP_6_G02_666960	5	11496344	11743571	184	1.2162
BONZE_p_TCGAb56_SNP_1N_GenomeWideSNP_6_G02_666960	5	11745512	11778040	28	0.9319
BONZE_p_TCGAb56_SNP_1N_GenomeWideSNP_6_G02_666960	5	11780889	12997810	651	0.0393
BONZE_p_TCGAb56_SNP_1N_GenomeWideSNP_6_G02_666960	5	12997970	13870582	577	0.5279
BONZE_p_TCGAb56_SNP_1N_GenomeWideSNP_6_G02_666960	5	13872769	14486297	606	1.2644
BONZE_p_TCGAb56_SNP_1N_GenomeWideSNP_6_G02_666960	5	14491969	14544374	37	0.2761
BONZE_p_TCGAb56_SNP_1N_GenomeWideSNP_6_G02_666960	5	14545898	14562049	10	1.4822
BONZE_p_TCGAb56_SNP_1N_GenomeWideSNP_6_G02_666960	5	14562785	14718239	98	0.2506
BONZE_p_TCGAb56_SNP_1N_GenomeWideSNP_6_G02_666960	5	14722441	15260977	328	-0.0498
BONZE_p_TCGAb56_SNP_1N_GenomeWideSNP_6_G02_666960	5	15261054	15278890	8	0.2406
BONZE_p_TCGAb56_SNP_1N_GenomeWideSNP_6_G02_666960	5	15280771	15313691	14	0.7796
BONZE_p_TCGAb56_SNP_1N_GenomeWideSNP_6_G02_666960	5	15314407	15314423	4	0.2057
BONZE_p_TCGAb56_SNP_1N_GenomeWideSNP_6_G02_666960	5	15314430	15331400	16	0.7314
BONZE_p_TCGAb56_SNP_1N_GenomeWideSNP_6_G02_666960	5	15332569	15332706	6	0.0456
BONZE_p_TCGAb56_SNP_1N_GenomeWideSNP_6_G02_666960	5	15333012	15730060	239	0.7229
BONZE_p_TCGAb56_SNP_1N_GenomeWideSNP_6_G02_666960	5	15732283	16103315	221	1.2099
BONZE_p_TCGAb56_SNP_1N_GenomeWideSNP_6_G02_666960	5	16108127	16687263	457	-0.0456
BONZE_p_TCGAb56_SNP_1N_GenomeWideSNP_6_G02_666960	5	16687560	17025067	192	0.6668
BONZE_p_TCGAb56_SNP_1N_GenomeWideSNP_6_G02_666960	5	17030640	19508294	1569	-0.0443
BONZE_p_TCGAb56_SNP_1N_GenomeWideSNP_6_G02_666960	5	19521355	19531541	9	0.4665
BONZE_p_TCGAb56_SNP_1N_GenomeWideSNP_6_G02_666960	5	19533119	19708513	94	0.7458
BONZE_p_TCGAb56_SNP_1N_GenomeWideSNP_6_G02_666960	5	19708652	20367500	359	0.4282
BONZE_p_TCGAb56_SNP_1N_GenomeWideSNP_6_G02_666960	5	20368138	22145296	1045	0.0257
BONZE_p_TCGAb56_SNP_1N_GenomeWideSNP_6_G02_666960	5	22151589	22465618	135	0.3894
BONZE_p_TCGAb56_SNP_1N_GenomeWideSNP_6_G02_666960	5	22467515	26888748	2705	0.1347
BONZE_p_TCGAb56_SNP_1N_GenomeWideSNP_6_G02_666960	5	26893692	26901474	10	0.8346
BONZE_p_TCGAb56_SNP_1N_GenomeWideSNP_6_G02_666960	5	26904191	27146918	113	1.3976
BONZE_p_TCGAb56_SNP_1N_GenomeWideSNP_6_G02_666960	5	27150615	27746177	315	1.013
BONZE_p_TCGAb56_SNP_1N_GenomeWideSNP_6_G02_666960	5	27748053	28965918	702	-0.0157
BONZE_p_TCGAb56_SNP_1N_GenomeWideSNP_6_G02_666960	5	28970557	28987771	12	0.6964
BONZE_p_TCGAb56_SNP_1N_GenomeWideSNP_6_G02_666960	5	28989328	29251933	201	-0.0865
BONZE_p_TCGAb56_SNP_1N_GenomeWideSNP_6_G02_666960	5	29260319	29628962	223	1.2993
BONZE_p_TCGAb56_SNP_1N_GenomeWideSNP_6_G02_666960	5	29631922	29650219	8	0.7172
BONZE_p_TCGAb56_SNP_1N_GenomeWideSNP_6_G02_666960	5	29655240	29778255	88	1.2305
BONZE_p_TCGAb56_SNP_1N_GenomeWideSNP_6_G02_666960	5	29783428	103851221	42115	0.1076
BONZE_p_TCGAb56_SNP_1N_GenomeWideSNP_6_G02_666960	5	103860373	103860604	4	-1.7193
BONZE_p_TCGAb56_SNP_1N_GenomeWideSNP_6_G02_666960	5	103861049	155476998	33498	0.1633
BONZE_p_TCGAb56_SNP_1N_GenomeWideSNP_6_G02_666960	5	155478762	155495259	15	-0.6068
BONZE_p_TCGAb56_SNP_1N_GenomeWideSNP_6_G02_666960	5	155500992	173205500	12421	0.1981
BONZE_p_TCGAb56_SNP_1N_GenomeWideSNP_6_G02_666960	5	173205607	173206216	3	1.2449
BONZE_p_TCGAb56_SNP_1N_GenomeWideSNP_6_G02_666960	5	173206371	173953424	613	0.2991
BONZE_p_TCGAb56_SNP_1N_GenomeWideSNP_6_G02_666960	5	173953905	173954563	2	-1.4051
BONZE_p_TCGAb56_SNP_1N_GenomeWideSNP_6_G02_666960	5	173954569	177198449	1794	0.3115
BONZE_p_TCGAb56_SNP_1N_GenomeWideSNP_6_G02_666960	5	177227551	177232605	3	2.2999
BONZE_p_TCGAb56_SNP_1N_GenomeWideSNP_6_G02_666960	5	177254965	180361838	1811	0.3101
BONZE_p_TCGAb56_SNP_1N_GenomeWideSNP_6_G02_666960	5	180372168	180433225	23	-0.0527
BONZE_p_TCGAb56_SNP_1N_GenomeWideSNP_6_G02_666960	5	180433264	180790320	170	0.3602
BONZE_p_TCGAb56_SNP_1N_GenomeWideSNP_6_G02_666960	6	149661	280399	115	-0.1279
BONZE_p_TCGAb56_SNP_1N_GenomeWideSNP_6_G02_666960	6	285695	376937	82	-0.4875
BONZE_p_TCGAb56_SNP_1N_GenomeWideSNP_6_G02_666960	6	378703	29836741	21554	-0.0518
BONZE_p_TCGAb56_SNP_1N_GenomeWideSNP_6_G02_666960	6	29837072	29850380	21	-1.0464
BONZE_p_TCGAb56_SNP_1N_GenomeWideSNP_6_G02_666960	6	29871636	31337850	703	-0.0234
BONZE_p_TCGAb56_SNP_1N_GenomeWideSNP_6_G02_666960	6	31337872	31340807	7	-0.9145
BONZE_p_TCGAb56_SNP_1N_GenomeWideSNP_6_G02_666960	6	31343604	32448129	474	-0.0203
BONZE_p_TCGAb56_SNP_1N_GenomeWideSNP_6_G02_666960	6	32449050	32454523	6	-1.0398
BONZE_p_TCGAb56_SNP_1N_GenomeWideSNP_6_G02_666960	6	32456683	33937999	875	-0.0636
BONZE_p_TCGAb56_SNP_1N_GenomeWideSNP_6_G02_666960	6	33938743	33942705	7	-0.9806
BONZE_p_TCGAb56_SNP_1N_GenomeWideSNP_6_G02_666960	6	33944586	54926875	13575	-0.109
BONZE_p_TCGAb56_SNP_1N_GenomeWideSNP_6_G02_666960	6	54927246	54936810	2	-1.7804
BONZE_p_TCGAb56_SNP_1N_GenomeWideSNP_6_G02_666960	6	54942395	66388951	4405	-0.0745
BONZE_p_TCGAb56_SNP_1N_GenomeWideSNP_6_G02_666960	6	66389091	66408920	32	-0.6202
BONZE_p_TCGAb56_SNP_1N_GenomeWideSNP_6_G02_666960	6	66409350	74591858	5438	0.1244
BONZE_p_TCGAb56_SNP_1N_GenomeWideSNP_6_G02_666960	6	74592225	74597289	8	-0.6501
BONZE_p_TCGAb56_SNP_1N_GenomeWideSNP_6_G02_666960	6	74597341	78971712	2775	0.119
BONZE_p_TCGAb56_SNP_1N_GenomeWideSNP_6_G02_666960	6	78971781	79026701	96	0.3984
BONZE_p_TCGAb56_SNP_1N_GenomeWideSNP_6_G02_666960	6	79026972	82967175	2596	0.1504
BONZE_p_TCGAb56_SNP_1N_GenomeWideSNP_6_G02_666960	6	82967602	83267952	161	0.4795
BONZE_p_TCGAb56_SNP_1N_GenomeWideSNP_6_G02_666960	6	83275316	83806621	324	0.2047
BONZE_p_TCGAb56_SNP_1N_GenomeWideSNP_6_G02_666960	6	83807341	84344540	311	1.3507
BONZE_p_TCGAb56_SNP_1N_GenomeWideSNP_6_G02_666960	6	84349538	84387683	24	0.8693
BONZE_p_TCGAb56_SNP_1N_GenomeWideSNP_6_G02_666960	6	84390379	85247567	555	0.2196
BONZE_p_TCGAb56_SNP_1N_GenomeWideSNP_6_G02_666960	6	85255809	85405387	115	0.4547
BONZE_p_TCGAb56_SNP_1N_GenomeWideSNP_6_G02_666960	6	85417467	85576490	90	0.7768
BONZE_p_TCGAb56_SNP_1N_GenomeWideSNP_6_G02_666960	6	85580216	85622440	25	1.2762
BONZE_p_TCGAb56_SNP_1N_GenomeWideSNP_6_G02_666960	6	85623383	85643348	20	0.8555
BONZE_p_TCGAb56_SNP_1N_GenomeWideSNP_6_G02_666960	6	85647593	88670034	1810	0.3288
BONZE_p_TCGAb56_SNP_1N_GenomeWideSNP_6_G02_666960	6	88671201	89139596	298	1.0528
BONZE_p_TCGAb56_SNP_1N_GenomeWideSNP_6_G02_666960	6	89139690	90485887	834	0.5701
BONZE_p_TCGAb56_SNP_1N_GenomeWideSNP_6_G02_666960	6	90486325	90523752	23	-0.3182
BONZE_p_TCGAb56_SNP_1N_GenomeWideSNP_6_G02_666960	6	90540008	90546179	5	0.9272
BONZE_p_TCGAb56_SNP_1N_GenomeWideSNP_6_G02_666960	6	90552941	90601066	17	-0.219
BONZE_p_TCGAb56_SNP_1N_GenomeWideSNP_6_G02_666960	6	90606331	93095682	1745	0.2662
BONZE_p_TCGAb56_SNP_1N_GenomeWideSNP_6_G02_666960	6	93095874	93096198	3	1.7753
BONZE_p_TCGAb56_SNP_1N_GenomeWideSNP_6_G02_666960	6	93101515	93476681	208	0.1547
BONZE_p_TCGAb56_SNP_1N_GenomeWideSNP_6_G02_666960	6	93476724	93561510	67	1.0787
BONZE_p_TCGAb56_SNP_1N_GenomeWideSNP_6_G02_666960	6	93563154	93596338	72	1.3684
BONZE_p_TCGAb56_SNP_1N_GenomeWideSNP_6_G02_666960	6	93598211	94652407	728	0.106
BONZE_p_TCGAb56_SNP_1N_GenomeWideSNP_6_G02_666960	6	94652540	94657564	2	-1.3297
BONZE_p_TCGAb56_SNP_1N_GenomeWideSNP_6_G02_666960	6	94659532	96082712	822	0.1589
BONZE_p_TCGAb56_SNP_1N_GenomeWideSNP_6_G02_666960	6	96083854	96800075	439	0.7115
BONZE_p_TCGAb56_SNP_1N_GenomeWideSNP_6_G02_666960	6	96800584	96884579	43	1.0202
BONZE_p_TCGAb56_SNP_1N_GenomeWideSNP_6_G02_666960	6	96884886	97211800	220	0.7318
BONZE_p_TCGAb56_SNP_1N_GenomeWideSNP_6_G02_666960	6	97212059	98181585	538	0.403
BONZE_p_TCGAb56_SNP_1N_GenomeWideSNP_6_G02_666960	6	98181740	98199741	10	1.1061
BONZE_p_TCGAb56_SNP_1N_GenomeWideSNP_6_G02_666960	6	98200131	98254219	31	0.4295
BONZE_p_TCGAb56_SNP_1N_GenomeWideSNP_6_G02_666960	6	98256764	98311541	34	0.7811
BONZE_p_TCGAb56_SNP_1N_GenomeWideSNP_6_G02_666960	6	98313223	98403903	52	0.3695
BONZE_p_TCGAb56_SNP_1N_GenomeWideSNP_6_G02_666960	6	98403999	98889078	266	1.0008
BONZE_p_TCGAb56_SNP_1N_GenomeWideSNP_6_G02_666960	6	98897671	100182447	921	-0.0265
BONZE_p_TCGAb56_SNP_1N_GenomeWideSNP_6_G02_666960	6	100187640	100250951	49	0.6272
BONZE_p_TCGAb56_SNP_1N_GenomeWideSNP_6_G02_666960	6	100251198	100303744	51	1.3962
BONZE_p_TCGAb56_SNP_1N_GenomeWideSNP_6_G02_666960	6	100314426	100597974	150	0.5923
BONZE_p_TCGAb56_SNP_1N_GenomeWideSNP_6_G02_666960	6	100600097	100611160	8	-0.0704
BONZE_p_TCGAb56_SNP_1N_GenomeWideSNP_6_G02_666960	6	100613551	100813188	134	0.679
BONZE_p_TCGAb56_SNP_1N_GenomeWideSNP_6_G02_666960	6	100820791	101245591	233	0.0096
BONZE_p_TCGAb56_SNP_1N_GenomeWideSNP_6_G02_666960	6	101250093	101282296	18	0.6274
BONZE_p_TCGAb56_SNP_1N_GenomeWideSNP_6_G02_666960	6	101282877	101433730	84	0.3517
BONZE_p_TCGAb56_SNP_1N_GenomeWideSNP_6_G02_666960	6	101434608	101701598	129	0.6095
BONZE_p_TCGAb56_SNP_1N_GenomeWideSNP_6_G02_666960	6	101707957	101761705	47	1.0215
BONZE_p_TCGAb56_SNP_1N_GenomeWideSNP_6_G02_666960	6	101768139	101784974	9	0.6364
BONZE_p_TCGAb56_SNP_1N_GenomeWideSNP_6_G02_666960	6	101785533	102017666	177	0.9103
BONZE_p_TCGAb56_SNP_1N_GenomeWideSNP_6_G02_666960	6	102017851	102520162	312	1.1528
BONZE_p_TCGAb56_SNP_1N_GenomeWideSNP_6_G02_666960	6	102521594	103730553	694	0.5999
BONZE_p_TCGAb56_SNP_1N_GenomeWideSNP_6_G02_666960	6	103734174	104773956	695	0.1803
BONZE_p_TCGAb56_SNP_1N_GenomeWideSNP_6_G02_666960	6	104774047	105142578	258	-0.3392
BONZE_p_TCGAb56_SNP_1N_GenomeWideSNP_6_G02_666960	6	105145114	105256223	56	0.7969
BONZE_p_TCGAb56_SNP_1N_GenomeWideSNP_6_G02_666960	6	105257635	106425101	731	1.3405
BONZE_p_TCGAb56_SNP_1N_GenomeWideSNP_6_G02_666960	6	106430085	106798362	248	0.999
BONZE_p_TCGAb56_SNP_1N_GenomeWideSNP_6_G02_666960	6	106803325	106804746	3	0.2018
BONZE_p_TCGAb56_SNP_1N_GenomeWideSNP_6_G02_666960	6	106814275	108073370	876	1.0544
BONZE_p_TCGAb56_SNP_1N_GenomeWideSNP_6_G02_666960	6	108078809	108100020	23	0.4008
BONZE_p_TCGAb56_SNP_1N_GenomeWideSNP_6_G02_666960	6	108100720	108584525	298	-0.3409
BONZE_p_TCGAb56_SNP_1N_GenomeWideSNP_6_G02_666960	6	108587403	108723969	66	0.0791
BONZE_p_TCGAb56_SNP_1N_GenomeWideSNP_6_G02_666960	6	108724328	109797171	631	-0.3696
BONZE_p_TCGAb56_SNP_1N_GenomeWideSNP_6_G02_666960	6	109797589	109818456	14	0.8085
BONZE_p_TCGAb56_SNP_1N_GenomeWideSNP_6_G02_666960	6	109822453	110809809	673	-0.3104
BONZE_p_TCGAb56_SNP_1N_GenomeWideSNP_6_G02_666960	6	110813928	111738016	490	0.9617
BONZE_p_TCGAb56_SNP_1N_GenomeWideSNP_6_G02_666960	6	111744911	112292565	348	0.283
BONZE_p_TCGAb56_SNP_1N_GenomeWideSNP_6_G02_666960	6	112293448	113203454	611	-0.3229
BONZE_p_TCGAb56_SNP_1N_GenomeWideSNP_6_G02_666960	6	113206982	113492374	182	0.2252
BONZE_p_TCGAb56_SNP_1N_GenomeWideSNP_6_G02_666960	6	113493445	118115005	2728	-0.3228
BONZE_p_TCGAb56_SNP_1N_GenomeWideSNP_6_G02_666960	6	118115781	120777944	1572	-0.0656
BONZE_p_TCGAb56_SNP_1N_GenomeWideSNP_6_G02_666960	6	120778766	120779363	2	-1.6379
BONZE_p_TCGAb56_SNP_1N_GenomeWideSNP_6_G02_666960	6	120781596	121500150	472	-0.0557
BONZE_p_TCGAb56_SNP_1N_GenomeWideSNP_6_G02_666960	6	121512238	122259154	404	0.668
BONZE_p_TCGAb56_SNP_1N_GenomeWideSNP_6_G02_666960	6	122262359	122395647	91	0.0276
BONZE_p_TCGAb56_SNP_1N_GenomeWideSNP_6_G02_666960	6	122400511	122519541	58	0.3815
BONZE_p_TCGAb56_SNP_1N_GenomeWideSNP_6_G02_666960	6	122524353	123475863	559	0.1149
BONZE_p_TCGAb56_SNP_1N_GenomeWideSNP_6_G02_666960	6	123478924	123799339	179	0.724
BONZE_p_TCGAb56_SNP_1N_GenomeWideSNP_6_G02_666960	6	123799489	123815191	17	1.164
BONZE_p_TCGAb56_SNP_1N_GenomeWideSNP_6_G02_666960	6	123823835	124255378	314	0.5752
BONZE_p_TCGAb56_SNP_1N_GenomeWideSNP_6_G02_666960	6	124256465	124642256	291	0.9366
BONZE_p_TCGAb56_SNP_1N_GenomeWideSNP_6_G02_666960	6	124644830	126118676	1014	0.6599
BONZE_p_TCGAb56_SNP_1N_GenomeWideSNP_6_G02_666960	6	126118814	126118894	2	2.2007
BONZE_p_TCGAb56_SNP_1N_GenomeWideSNP_6_G02_666960	6	126120990	126542308	237	0.7184
BONZE_p_TCGAb56_SNP_1N_GenomeWideSNP_6_G02_666960	6	126547505	130603118	2485	0.0698
BONZE_p_TCGAb56_SNP_1N_GenomeWideSNP_6_G02_666960	6	130603224	130612188	10	0.7828
BONZE_p_TCGAb56_SNP_1N_GenomeWideSNP_6_G02_666960	6	130613384	130714339	67	0.1819
BONZE_p_TCGAb56_SNP_1N_GenomeWideSNP_6_G02_666960	6	130718366	132506642	1167	-0.1271
BONZE_p_TCGAb56_SNP_1N_GenomeWideSNP_6_G02_666960	6	132508963	132651711	104	0.2295
BONZE_p_TCGAb56_SNP_1N_GenomeWideSNP_6_G02_666960	6	132653228	133069713	345	0.51
BONZE_p_TCGAb56_SNP_1N_GenomeWideSNP_6_G02_666960	6	133070310	134266268	823	0.2222
BONZE_p_TCGAb56_SNP_1N_GenomeWideSNP_6_G02_666960	6	134269071	134269632	2	-1.6648
BONZE_p_TCGAb56_SNP_1N_GenomeWideSNP_6_G02_666960	6	134272072	138367560	2856	0.3072
BONZE_p_TCGAb56_SNP_1N_GenomeWideSNP_6_G02_666960	6	138370054	139151784	548	0.8998
BONZE_p_TCGAb56_SNP_1N_GenomeWideSNP_6_G02_666960	6	139152658	139185899	24	1.3304
BONZE_p_TCGAb56_SNP_1N_GenomeWideSNP_6_G02_666960	6	139186961	139325227	83	0.783
BONZE_p_TCGAb56_SNP_1N_GenomeWideSNP_6_G02_666960	6	139326435	139494033	122	1.0773
BONZE_p_TCGAb56_SNP_1N_GenomeWideSNP_6_G02_666960	6	139496782	140240324	480	0.7836
BONZE_p_TCGAb56_SNP_1N_GenomeWideSNP_6_G02_666960	6	140241946	140891489	288	1.1392
BONZE_p_TCGAb56_SNP_1N_GenomeWideSNP_6_G02_666960	6	140892472	141421326	266	1.3735
BONZE_p_TCGAb56_SNP_1N_GenomeWideSNP_6_G02_666960	6	141426157	141614289	110	1.0214
BONZE_p_TCGAb56_SNP_1N_GenomeWideSNP_6_G02_666960	6	141615651	142503385	478	0.4063
BONZE_p_TCGAb56_SNP_1N_GenomeWideSNP_6_G02_666960	6	142508308	142991940	280	1.155
BONZE_p_TCGAb56_SNP_1N_GenomeWideSNP_6_G02_666960	6	142993151	143780344	528	0.7604
BONZE_p_TCGAb56_SNP_1N_GenomeWideSNP_6_G02_666960	6	143798448	144450765	530	1.4747
BONZE_p_TCGAb56_SNP_1N_GenomeWideSNP_6_G02_666960	6	144451554	144662230	128	0.8135
BONZE_p_TCGAb56_SNP_1N_GenomeWideSNP_6_G02_666960	6	144664274	144983121	190	1.1871
BONZE_p_TCGAb56_SNP_1N_GenomeWideSNP_6_G02_666960	6	144987163	147657324	1669	0.5459
BONZE_p_TCGAb56_SNP_1N_GenomeWideSNP_6_G02_666960	6	147658188	147664683	5	1.6271
BONZE_p_TCGAb56_SNP_1N_GenomeWideSNP_6_G02_666960	6	147670019	147826913	98	0.7476
BONZE_p_TCGAb56_SNP_1N_GenomeWideSNP_6_G02_666960	6	147834827	148462599	527	-0.0165
BONZE_p_TCGAb56_SNP_1N_GenomeWideSNP_6_G02_666960	6	148464521	151933175	2410	0.6715
BONZE_p_TCGAb56_SNP_1N_GenomeWideSNP_6_G02_666960	6	151933472	152786327	714	1.3098
BONZE_p_TCGAb56_SNP_1N_GenomeWideSNP_6_G02_666960	6	152788563	153610094	629	-0.2038
BONZE_p_TCGAb56_SNP_1N_GenomeWideSNP_6_G02_666960	6	153615497	154088260	324	1.4619
BONZE_p_TCGAb56_SNP_1N_GenomeWideSNP_6_G02_666960	6	154093266	161032565	4604	-0.2955
BONZE_p_TCGAb56_SNP_1N_GenomeWideSNP_6_G02_666960	6	161032719	161033283	5	0.7392
BONZE_p_TCGAb56_SNP_1N_GenomeWideSNP_6_G02_666960	6	161068042	171051005	7269	-0.2837
BONZE_p_TCGAb56_SNP_1N_GenomeWideSNP_6_G02_666960	7	43355	8945240	5206	0.1037
BONZE_p_TCGAb56_SNP_1N_GenomeWideSNP_6_G02_666960	7	8945368	8946010	2	-1.8274
BONZE_p_TCGAb56_SNP_1N_GenomeWideSNP_6_G02_666960	7	8946150	9542533	488	0.0986
BONZE_p_TCGAb56_SNP_1N_GenomeWideSNP_6_G02_666960	7	9546277	9575717	18	-0.8992
BONZE_p_TCGAb56_SNP_1N_GenomeWideSNP_6_G02_666960	7	9579469	54380373	32861	0.1214
BONZE_p_TCGAb56_SNP_1N_GenomeWideSNP_6_G02_666960	7	54386505	54386517	6	-1.4499
BONZE_p_TCGAb56_SNP_1N_GenomeWideSNP_6_G02_666960	7	54393488	57621660	1967	0.1278
BONZE_p_TCGAb56_SNP_1N_GenomeWideSNP_6_G02_666960	7	57623579	57636170	2	-1.5434
BONZE_p_TCGAb56_SNP_1N_GenomeWideSNP_6_G02_666960	7	57642390	72421523	5530	-0.1722
BONZE_p_TCGAb56_SNP_1N_GenomeWideSNP_6_G02_666960	7	72422000	72455743	13	-0.8572
BONZE_p_TCGAb56_SNP_1N_GenomeWideSNP_6_G02_666960	7	72456519	109441212	21322	-0.2108
BONZE_p_TCGAb56_SNP_1N_GenomeWideSNP_6_G02_666960	7	109441244	109453910	11	-1.9561
BONZE_p_TCGAb56_SNP_1N_GenomeWideSNP_6_G02_666960	7	109453982	142474939	20484	-0.211
BONZE_p_TCGAb56_SNP_1N_GenomeWideSNP_6_G02_666960	7	142476719	142479807	9	-2.0848
BONZE_p_TCGAb56_SNP_1N_GenomeWideSNP_6_G02_666960	7	142483351	142485771	14	-0.9821
BONZE_p_TCGAb56_SNP_1N_GenomeWideSNP_6_G02_666960	7	142485785	142486045	4	-2.8737
BONZE_p_TCGAb56_SNP_1N_GenomeWideSNP_6_G02_666960	7	142486115	143909445	843	-0.2348
BONZE_p_TCGAb56_SNP_1N_GenomeWideSNP_6_G02_666960	7	143911624	144066947	39	0.371
BONZE_p_TCGAb56_SNP_1N_GenomeWideSNP_6_G02_666960	7	144074929	155576940	7448	-0.2253
BONZE_p_TCGAb56_SNP_1N_GenomeWideSNP_6_G02_666960	7	155577275	155586100	2	-2.0248
BONZE_p_TCGAb56_SNP_1N_GenomeWideSNP_6_G02_666960	7	155586125	159118778	2243	-0.2226
BONZE_p_TCGAb56_SNP_1N_GenomeWideSNP_6_G02_666960	7	159119165	159127004	6	0.2866
BONZE_p_TCGAb56_SNP_1N_GenomeWideSNP_6_G02_666960	8	31254	161222	6	0.244
BONZE_p_TCGAb56_SNP_1N_GenomeWideSNP_6_G02_666960	8	162672	2703565	2118	-0.3452
BONZE_p_TCGAb56_SNP_1N_GenomeWideSNP_6_G02_666960	8	2703623	2703899	5	-2.1023
BONZE_p_TCGAb56_SNP_1N_GenomeWideSNP_6_G02_666960	8	2707171	7238019	5724	-0.3582
BONZE_p_TCGAb56_SNP_1N_GenomeWideSNP_6_G02_666960	8	7250380	8087144	218	-0.077
BONZE_p_TCGAb56_SNP_1N_GenomeWideSNP_6_G02_666960	8	8092025	12240318	3247	-0.3451
BONZE_p_TCGAb56_SNP_1N_GenomeWideSNP_6_G02_666960	8	12240577	12550768	112	-0.0891
BONZE_p_TCGAb56_SNP_1N_GenomeWideSNP_6_G02_666960	8	12551135	13301600	714	-0.33
BONZE_p_TCGAb56_SNP_1N_GenomeWideSNP_6_G02_666960	8	13302699	13304484	2	-4.241
BONZE_p_TCGAb56_SNP_1N_GenomeWideSNP_6_G02_666960	8	13307223	24974577	9695	-0.3412
BONZE_p_TCGAb56_SNP_1N_GenomeWideSNP_6_G02_666960	8	24975500	24984250	22	-1.1696
BONZE_p_TCGAb56_SNP_1N_GenomeWideSNP_6_G02_666960	8	24984333	39230659	9043	-0.3285
BONZE_p_TCGAb56_SNP_1N_GenomeWideSNP_6_G02_666960	8	39235603	39389015	62	-0.8135
BONZE_p_TCGAb56_SNP_1N_GenomeWideSNP_6_G02_666960	8	39389029	40771996	1071	-0.3256
BONZE_p_TCGAb56_SNP_1N_GenomeWideSNP_6_G02_666960	8	40777852	40778471	2	-1.7692
BONZE_p_TCGAb56_SNP_1N_GenomeWideSNP_6_G02_666960	8	40783680	43108925	1335	-0.309
BONZE_p_TCGAb56_SNP_1N_GenomeWideSNP_6_G02_666960	8	43109685	43301941	74	-0.6213
BONZE_p_TCGAb56_SNP_1N_GenomeWideSNP_6_G02_666960	8	43303232	72212365	15435	0.0686
BONZE_p_TCGAb56_SNP_1N_GenomeWideSNP_6_G02_666960	8	72215311	72216026	4	-1.5974
BONZE_p_TCGAb56_SNP_1N_GenomeWideSNP_6_G02_666960	8	72216138	92330134	11930	0.0789
BONZE_p_TCGAb56_SNP_1N_GenomeWideSNP_6_G02_666960	8	92332953	92333386	2	-3.0923
BONZE_p_TCGAb56_SNP_1N_GenomeWideSNP_6_G02_666960	8	92334925	129364785	23597	0.0773
BONZE_p_TCGAb56_SNP_1N_GenomeWideSNP_6_G02_666960	8	129368882	129375154	2	-2.1125
BONZE_p_TCGAb56_SNP_1N_GenomeWideSNP_6_G02_666960	8	129376519	146298155	11553	0.0772
BONZE_p_TCGAb56_SNP_1N_GenomeWideSNP_6_G02_666960	9	46587	29090446	24818	-0.1433
BONZE_p_TCGAb56_SNP_1N_GenomeWideSNP_6_G02_666960	9	29091097	29097680	4	-1.8263
BONZE_p_TCGAb56_SNP_1N_GenomeWideSNP_6_G02_666960	9	29100799	87440768	19015	-0.2212
BONZE_p_TCGAb56_SNP_1N_GenomeWideSNP_6_G02_666960	9	87441475	87597827	133	0.0514
BONZE_p_TCGAb56_SNP_1N_GenomeWideSNP_6_G02_666960	9	87600797	90384928	2065	-0.2575
BONZE_p_TCGAb56_SNP_1N_GenomeWideSNP_6_G02_666960	9	90385539	90385710	2	-2.2242
BONZE_p_TCGAb56_SNP_1N_GenomeWideSNP_6_G02_666960	9	90386482	108452889	12246	-0.2747
BONZE_p_TCGAb56_SNP_1N_GenomeWideSNP_6_G02_666960	9	108457806	109653221	775	0.211
BONZE_p_TCGAb56_SNP_1N_GenomeWideSNP_6_G02_666960	9	109654524	110465596	610	-0.2061
BONZE_p_TCGAb56_SNP_1N_GenomeWideSNP_6_G02_666960	9	110467498	110772645	276	0.0888
BONZE_p_TCGAb56_SNP_1N_GenomeWideSNP_6_G02_666960	9	110772665	111162896	377	0.3587
BONZE_p_TCGAb56_SNP_1N_GenomeWideSNP_6_G02_666960	9	111162983	111318495	145	1.029
BONZE_p_TCGAb56_SNP_1N_GenomeWideSNP_6_G02_666960	9	111320361	111321025	2	-0.0665
BONZE_p_TCGAb56_SNP_1N_GenomeWideSNP_6_G02_666960	9	111326182	112408209	885	0.9216
BONZE_p_TCGAb56_SNP_1N_GenomeWideSNP_6_G02_666960	9	112408543	112539661	130	1.2142
BONZE_p_TCGAb56_SNP_1N_GenomeWideSNP_6_G02_666960	9	112541909	136321166	16234	-0.2411
BONZE_p_TCGAb56_SNP_1N_GenomeWideSNP_6_G02_666960	9	136323023	136909309	369	-0.5871
BONZE_p_TCGAb56_SNP_1N_GenomeWideSNP_6_G02_666960	9	136909856	141091394	1851	-0.3057
BONZE_p_TCGAb56_SNP_1N_GenomeWideSNP_6_G02_666960	10	72759	1919683	1334	0.0857
BONZE_p_TCGAb56_SNP_1N_GenomeWideSNP_6_G02_666960	10	1921040	1922296	4	-1.2395
BONZE_p_TCGAb56_SNP_1N_GenomeWideSNP_6_G02_666960	10	1923115	47401341	30425	0.0354
BONZE_p_TCGAb56_SNP_1N_GenomeWideSNP_6_G02_666960	10	47414281	47960476	199	0.4012
BONZE_p_TCGAb56_SNP_1N_GenomeWideSNP_6_G02_666960	10	47964192	67308709	12799	-0.1298
BONZE_p_TCGAb56_SNP_1N_GenomeWideSNP_6_G02_666960	10	67308737	67314446	21	-1.9854
BONZE_p_TCGAb56_SNP_1N_GenomeWideSNP_6_G02_666960	10	67322795	69825979	1676	-0.1286
BONZE_p_TCGAb56_SNP_1N_GenomeWideSNP_6_G02_666960	10	69836401	69846796	9	0.9998
BONZE_p_TCGAb56_SNP_1N_GenomeWideSNP_6_G02_666960	10	69852503	71282472	868	-0.126
BONZE_p_TCGAb56_SNP_1N_GenomeWideSNP_6_G02_666960	10	71282486	71282842	4	-1.7724
BONZE_p_TCGAb56_SNP_1N_GenomeWideSNP_6_G02_666960	10	71291614	78252851	4245	-0.1456
BONZE_p_TCGAb56_SNP_1N_GenomeWideSNP_6_G02_666960	10	78257061	78257610	2	1.3528
BONZE_p_TCGAb56_SNP_1N_GenomeWideSNP_6_G02_666960	10	78261267	80468900	1785	-0.1286
BONZE_p_TCGAb56_SNP_1N_GenomeWideSNP_6_G02_666960	10	80469452	80670447	189	0.7285
BONZE_p_TCGAb56_SNP_1N_GenomeWideSNP_6_G02_666960	10	80671989	81251331	463	0.9969
BONZE_p_TCGAb56_SNP_1N_GenomeWideSNP_6_G02_666960	10	81283267	81685024	66	0.6593
BONZE_p_TCGAb56_SNP_1N_GenomeWideSNP_6_G02_666960	10	81685062	82250193	354	1.1856
BONZE_p_TCGAb56_SNP_1N_GenomeWideSNP_6_G02_666960	10	82253178	82469670	191	0.7177
BONZE_p_TCGAb56_SNP_1N_GenomeWideSNP_6_G02_666960	10	82471832	82710004	186	1.0383
BONZE_p_TCGAb56_SNP_1N_GenomeWideSNP_6_G02_666960	10	82710197	82986860	156	1.4787
BONZE_p_TCGAb56_SNP_1N_GenomeWideSNP_6_G02_666960	10	82987329	83389315	261	1.7985
BONZE_p_TCGAb56_SNP_1N_GenomeWideSNP_6_G02_666960	10	83391817	83423314	21	1.2855
BONZE_p_TCGAb56_SNP_1N_GenomeWideSNP_6_G02_666960	10	83423350	84045145	500	1.4903
BONZE_p_TCGAb56_SNP_1N_GenomeWideSNP_6_G02_666960	10	84045471	84047668	2	0.2161
BONZE_p_TCGAb56_SNP_1N_GenomeWideSNP_6_G02_666960	10	84047746	84121782	92	1.3121
BONZE_p_TCGAb56_SNP_1N_GenomeWideSNP_6_G02_666960	10	84122893	84124325	2	0.4318
BONZE_p_TCGAb56_SNP_1N_GenomeWideSNP_6_G02_666960	10	84129655	84837238	573	1.8426
BONZE_p_TCGAb56_SNP_1N_GenomeWideSNP_6_G02_666960	10	84840549	87845799	2236	1.3647
BONZE_p_TCGAb56_SNP_1N_GenomeWideSNP_6_G02_666960	10	87846611	87846959	2	-0.1223
BONZE_p_TCGAb56_SNP_1N_GenomeWideSNP_6_G02_666960	10	87857522	88194980	238	1.3461
BONZE_p_TCGAb56_SNP_1N_GenomeWideSNP_6_G02_666960	10	88197749	88976597	354	0.1359
BONZE_p_TCGAb56_SNP_1N_GenomeWideSNP_6_G02_666960	10	89018962	89029243	3	1.34
BONZE_p_TCGAb56_SNP_1N_GenomeWideSNP_6_G02_666960	10	89029243	89061261	5	0.4417
BONZE_p_TCGAb56_SNP_1N_GenomeWideSNP_6_G02_666960	10	89069796	89117300	13	-0.1218
BONZE_p_TCGAb56_SNP_1N_GenomeWideSNP_6_G02_666960	10	89131190	89342394	87	0.3435
BONZE_p_TCGAb56_SNP_1N_GenomeWideSNP_6_G02_666960	10	89342610	89791794	457	-0.0512
BONZE_p_TCGAb56_SNP_1N_GenomeWideSNP_6_G02_666960	10	89791978	89854115	58	0.8312
BONZE_p_TCGAb56_SNP_1N_GenomeWideSNP_6_G02_666960	10	89854306	89855456	2	-0.0141
BONZE_p_TCGAb56_SNP_1N_GenomeWideSNP_6_G02_666960	10	89855562	90943339	774	-0.3503
BONZE_p_TCGAb56_SNP_1N_GenomeWideSNP_6_G02_666960	10	90943609	91675675	568	-0.048
BONZE_p_TCGAb56_SNP_1N_GenomeWideSNP_6_G02_666960	10	91680365	91755297	59	1.1646
BONZE_p_TCGAb56_SNP_1N_GenomeWideSNP_6_G02_666960	10	91760056	113428915	13842	-0.286
BONZE_p_TCGAb56_SNP_1N_GenomeWideSNP_6_G02_666960	10	113430924	113458220	15	2.6512
BONZE_p_TCGAb56_SNP_1N_GenomeWideSNP_6_G02_666960	10	113467206	113506527	25	2.1117
BONZE_p_TCGAb56_SNP_1N_GenomeWideSNP_6_G02_666960	10	113507257	113524715	13	0.9637
BONZE_p_TCGAb56_SNP_1N_GenomeWideSNP_6_G02_666960	10	113529767	113546692	16	1.9915
BONZE_p_TCGAb56_SNP_1N_GenomeWideSNP_6_G02_666960	10	113549313	114000731	331	-0.0335
BONZE_p_TCGAb56_SNP_1N_GenomeWideSNP_6_G02_666960	10	114005705	114305438	204	1.6235
BONZE_p_TCGAb56_SNP_1N_GenomeWideSNP_6_G02_666960	10	114306834	114532614	191	1.3109
BONZE_p_TCGAb56_SNP_1N_GenomeWideSNP_6_G02_666960	10	114539779	120278944	4023	-0.3173
BONZE_p_TCGAb56_SNP_1N_GenomeWideSNP_6_G02_666960	10	120287011	120287418	2	-1.8469
BONZE_p_TCGAb56_SNP_1N_GenomeWideSNP_6_G02_666960	10	120288156	123120202	2170	-0.3127
BONZE_p_TCGAb56_SNP_1N_GenomeWideSNP_6_G02_666960	10	123130770	127063668	2941	0.0959
BONZE_p_TCGAb56_SNP_1N_GenomeWideSNP_6_G02_666960	10	127067490	127072943	3	-1.4252
BONZE_p_TCGAb56_SNP_1N_GenomeWideSNP_6_G02_666960	10	127074060	127142706	44	0.5432
BONZE_p_TCGAb56_SNP_1N_GenomeWideSNP_6_G02_666960	10	127148511	128584997	1149	0.1392
BONZE_p_TCGAb56_SNP_1N_GenomeWideSNP_6_G02_666960	10	128587398	133727647	4023	-0.3108
BONZE_p_TCGAb56_SNP_1N_GenomeWideSNP_6_G02_666960	10	133727734	133852794	84	-0.0539
BONZE_p_TCGAb56_SNP_1N_GenomeWideSNP_6_G02_666960	10	133852936	134096205	142	0.2492
BONZE_p_TCGAb56_SNP_1N_GenomeWideSNP_6_G02_666960	10	134108692	134149997	19	0.6531
BONZE_p_TCGAb56_SNP_1N_GenomeWideSNP_6_G02_666960	10	134153832	134269882	56	1.4768
BONZE_p_TCGAb56_SNP_1N_GenomeWideSNP_6_G02_666960	10	134277154	135506704	525	-0.3399
BONZE_p_TCGAb56_SNP_1N_GenomeWideSNP_6_G02_666960	11	198510	5787405	3305	-0.1624
BONZE_p_TCGAb56_SNP_1N_GenomeWideSNP_6_G02_666960	11	5788080	5809139	32	-2.0315
BONZE_p_TCGAb56_SNP_1N_GenomeWideSNP_6_G02_666960	11	5809338	18940856	9425	-0.1586
BONZE_p_TCGAb56_SNP_1N_GenomeWideSNP_6_G02_666960	11	18940870	18962363	61	0.3744
BONZE_p_TCGAb56_SNP_1N_GenomeWideSNP_6_G02_666960	11	18970705	24444249	4375	-0.1447
BONZE_p_TCGAb56_SNP_1N_GenomeWideSNP_6_G02_666960	11	24446368	24455176	6	-1.4184
BONZE_p_TCGAb56_SNP_1N_GenomeWideSNP_6_G02_666960	11	24458306	31185912	4624	-0.136
BONZE_p_TCGAb56_SNP_1N_GenomeWideSNP_6_G02_666960	11	31191098	32472550	885	0.338
BONZE_p_TCGAb56_SNP_1N_GenomeWideSNP_6_G02_666960	11	32475234	32529640	39	0.7229
BONZE_p_TCGAb56_SNP_1N_GenomeWideSNP_6_G02_666960	11	32531922	32541784	7	0.4079
BONZE_p_TCGAb56_SNP_1N_GenomeWideSNP_6_G02_666960	11	32541842	36055097	2658	0.1479
BONZE_p_TCGAb56_SNP_1N_GenomeWideSNP_6_G02_666960	11	36055261	37127350	840	-0.1255
BONZE_p_TCGAb56_SNP_1N_GenomeWideSNP_6_G02_666960	11	37127435	37134068	22	-0.5643
BONZE_p_TCGAb56_SNP_1N_GenomeWideSNP_6_G02_666960	11	37134158	49710861	7603	0.0298
BONZE_p_TCGAb56_SNP_1N_GenomeWideSNP_6_G02_666960	11	49713707	49757591	17	-0.6922
BONZE_p_TCGAb56_SNP_1N_GenomeWideSNP_6_G02_666960	11	49757671	55374032	764	0.0197
BONZE_p_TCGAb56_SNP_1N_GenomeWideSNP_6_G02_666960	11	55374048	55453576	59	0.2607
BONZE_p_TCGAb56_SNP_1N_GenomeWideSNP_6_G02_666960	11	55460683	65336961	5398	8e-04
BONZE_p_TCGAb56_SNP_1N_GenomeWideSNP_6_G02_666960	11	65338659	65347355	3	-1.7449
BONZE_p_TCGAb56_SNP_1N_GenomeWideSNP_6_G02_666960	11	65349231	101594384	23240	-0.0569
BONZE_p_TCGAb56_SNP_1N_GenomeWideSNP_6_G02_666960	11	101597860	101597964	4	1.1141
BONZE_p_TCGAb56_SNP_1N_GenomeWideSNP_6_G02_666960	11	101598212	134944770	23775	-0.1651
BONZE_p_TCGAb56_SNP_1N_GenomeWideSNP_6_G02_666960	12	150442	2002362	1105	1.6446
BONZE_p_TCGAb56_SNP_1N_GenomeWideSNP_6_G02_666960	12	2007123	2026808	14	0.4114
BONZE_p_TCGAb56_SNP_1N_GenomeWideSNP_6_G02_666960	12	2032113	2101658	52	1.4981
BONZE_p_TCGAb56_SNP_1N_GenomeWideSNP_6_G02_666960	12	2101808	2109458	9	0.7835
BONZE_p_TCGAb56_SNP_1N_GenomeWideSNP_6_G02_666960	12	2120558	3191902	756	0.4663
BONZE_p_TCGAb56_SNP_1N_GenomeWideSNP_6_G02_666960	12	3193027	9633870	4270	0.0628
BONZE_p_TCGAb56_SNP_1N_GenomeWideSNP_6_G02_666960	12	9637909	9715565	23	-1.2029
BONZE_p_TCGAb56_SNP_1N_GenomeWideSNP_6_G02_666960	12	9728292	10993298	912	0.0964
BONZE_p_TCGAb56_SNP_1N_GenomeWideSNP_6_G02_666960	12	10993605	10996540	3	-0.9011
BONZE_p_TCGAb56_SNP_1N_GenomeWideSNP_6_G02_666960	12	10997125	13714181	2120	0.0166
BONZE_p_TCGAb56_SNP_1N_GenomeWideSNP_6_G02_666960	12	13714363	13948270	210	0.4031
BONZE_p_TCGAb56_SNP_1N_GenomeWideSNP_6_G02_666960	12	13951767	13992654	36	1.42
BONZE_p_TCGAb56_SNP_1N_GenomeWideSNP_6_G02_666960	12	13994867	14221197	158	0.448
BONZE_p_TCGAb56_SNP_1N_GenomeWideSNP_6_G02_666960	12	14224693	27249924	8739	-0.0491
BONZE_p_TCGAb56_SNP_1N_GenomeWideSNP_6_G02_666960	12	27252740	27253508	2	-2.4333
BONZE_p_TCGAb56_SNP_1N_GenomeWideSNP_6_G02_666960	12	27257766	31414317	3172	0.0657
BONZE_p_TCGAb56_SNP_1N_GenomeWideSNP_6_G02_666960	12	31414473	31417194	2	-1.6305
BONZE_p_TCGAb56_SNP_1N_GenomeWideSNP_6_G02_666960	12	31417391	33385830	1363	0.1067
BONZE_p_TCGAb56_SNP_1N_GenomeWideSNP_6_G02_666960	12	33386757	33395418	6	-0.9102
BONZE_p_TCGAb56_SNP_1N_GenomeWideSNP_6_G02_666960	12	33399053	55314829	10926	-0.0513
BONZE_p_TCGAb56_SNP_1N_GenomeWideSNP_6_G02_666960	12	55318485	55322767	8	1.6148
BONZE_p_TCGAb56_SNP_1N_GenomeWideSNP_6_G02_666960	12	55323236	55463657	122	2.0685
BONZE_p_TCGAb56_SNP_1N_GenomeWideSNP_6_G02_666960	12	55466677	55760376	211	1.5247
BONZE_p_TCGAb56_SNP_1N_GenomeWideSNP_6_G02_666960	12	55762519	57992968	1101	0.0284
BONZE_p_TCGAb56_SNP_1N_GenomeWideSNP_6_G02_666960	12	57993490	58158558	73	2.0122
BONZE_p_TCGAb56_SNP_1N_GenomeWideSNP_6_G02_666960	12	58162739	59356276	898	-0.0415
BONZE_p_TCGAb56_SNP_1N_GenomeWideSNP_6_G02_666960	12	59359200	59440071	64	0.5721
BONZE_p_TCGAb56_SNP_1N_GenomeWideSNP_6_G02_666960	12	59440232	59466426	24	1.6325
BONZE_p_TCGAb56_SNP_1N_GenomeWideSNP_6_G02_666960	12	59469237	59472245	8	0.6397
BONZE_p_TCGAb56_SNP_1N_GenomeWideSNP_6_G02_666960	12	59472767	59474494	5	1.6593
BONZE_p_TCGAb56_SNP_1N_GenomeWideSNP_6_G02_666960	12	59481786	59534132	40	0.774
BONZE_p_TCGAb56_SNP_1N_GenomeWideSNP_6_G02_666960	12	59536465	62520955	1801	0.0438
BONZE_p_TCGAb56_SNP_1N_GenomeWideSNP_6_G02_666960	12	62522051	62601355	65	-0.2737
BONZE_p_TCGAb56_SNP_1N_GenomeWideSNP_6_G02_666960	12	62603140	62783967	71	1.017
BONZE_p_TCGAb56_SNP_1N_GenomeWideSNP_6_G02_666960	12	62790084	64263327	949	-0.3213
BONZE_p_TCGAb56_SNP_1N_GenomeWideSNP_6_G02_666960	12	64265724	64315157	31	1.6437
BONZE_p_TCGAb56_SNP_1N_GenomeWideSNP_6_G02_666960	12	64322133	64554670	142	-0.3332
BONZE_p_TCGAb56_SNP_1N_GenomeWideSNP_6_G02_666960	12	64557437	64633672	40	0.2232
BONZE_p_TCGAb56_SNP_1N_GenomeWideSNP_6_G02_666960	12	64634601	64642883	6	1.1876
BONZE_p_TCGAb56_SNP_1N_GenomeWideSNP_6_G02_666960	12	64649312	64753417	59	1.9219
BONZE_p_TCGAb56_SNP_1N_GenomeWideSNP_6_G02_666960	12	64756736	64817686	30	0.9944
BONZE_p_TCGAb56_SNP_1N_GenomeWideSNP_6_G02_666960	12	64822764	64867338	15	2.2251
BONZE_p_TCGAb56_SNP_1N_GenomeWideSNP_6_G02_666960	12	64873825	65224711	208	1.1876
BONZE_p_TCGAb56_SNP_1N_GenomeWideSNP_6_G02_666960	12	65227637	65621669	237	1.7874
BONZE_p_TCGAb56_SNP_1N_GenomeWideSNP_6_G02_666960	12	65635664	65679806	22	1.25
BONZE_p_TCGAb56_SNP_1N_GenomeWideSNP_6_G02_666960	12	65680026	65843614	78	0.7973
BONZE_p_TCGAb56_SNP_1N_GenomeWideSNP_6_G02_666960	12	65846128	66065136	134	0.0426
BONZE_p_TCGAb56_SNP_1N_GenomeWideSNP_6_G02_666960	12	66070300	66107384	29	0.4539
BONZE_p_TCGAb56_SNP_1N_GenomeWideSNP_6_G02_666960	12	66108963	66642476	327	0.0056
BONZE_p_TCGAb56_SNP_1N_GenomeWideSNP_6_G02_666960	12	66648328	66692070	50	-0.3128
BONZE_p_TCGAb56_SNP_1N_GenomeWideSNP_6_G02_666960	12	66698144	66888808	116	1.3314
BONZE_p_TCGAb56_SNP_1N_GenomeWideSNP_6_G02_666960	12	66897442	66978564	75	2.1058
BONZE_p_TCGAb56_SNP_1N_GenomeWideSNP_6_G02_666960	12	66978580	67008267	32	1.6619
BONZE_p_TCGAb56_SNP_1N_GenomeWideSNP_6_G02_666960	12	67011570	67045472	20	2.1262
BONZE_p_TCGAb56_SNP_1N_GenomeWideSNP_6_G02_666960	12	67045677	67254171	175	2.4779
BONZE_p_TCGAb56_SNP_1N_GenomeWideSNP_6_G02_666960	12	67254205	67375017	107	1.3491
BONZE_p_TCGAb56_SNP_1N_GenomeWideSNP_6_G02_666960	12	67377647	67665420	215	2.5377
BONZE_p_TCGAb56_SNP_1N_GenomeWideSNP_6_G02_666960	12	67665456	67929800	195	2.2598
BONZE_p_TCGAb56_SNP_1N_GenomeWideSNP_6_G02_666960	12	67930050	68049075	106	2.6528
BONZE_p_TCGAb56_SNP_1N_GenomeWideSNP_6_G02_666960	12	68050338	68082789	16	3.4104
BONZE_p_TCGAb56_SNP_1N_GenomeWideSNP_6_G02_666960	12	68087809	68101751	7	2.4269
BONZE_p_TCGAb56_SNP_1N_GenomeWideSNP_6_G02_666960	12	68104481	68205604	63	1.8572
BONZE_p_TCGAb56_SNP_1N_GenomeWideSNP_6_G02_666960	12	68206187	68959387	613	2.3422
BONZE_p_TCGAb56_SNP_1N_GenomeWideSNP_6_G02_666960	12	68964662	69162501	108	2.0208
BONZE_p_TCGAb56_SNP_1N_GenomeWideSNP_6_G02_666960	12	69164646	69244388	78	2.6845
BONZE_p_TCGAb56_SNP_1N_GenomeWideSNP_6_G02_666960	12	69249087	69834201	392	2.3537
BONZE_p_TCGAb56_SNP_1N_GenomeWideSNP_6_G02_666960	12	69846317	70177073	238	1.3253
BONZE_p_TCGAb56_SNP_1N_GenomeWideSNP_6_G02_666960	12	70180039	70191029	10	0.3268
BONZE_p_TCGAb56_SNP_1N_GenomeWideSNP_6_G02_666960	12	70194025	70245248	26	0.9154
BONZE_p_TCGAb56_SNP_1N_GenomeWideSNP_6_G02_666960	12	70248469	70647482	282	0.3453
BONZE_p_TCGAb56_SNP_1N_GenomeWideSNP_6_G02_666960	12	70650483	70687630	22	1.191
BONZE_p_TCGAb56_SNP_1N_GenomeWideSNP_6_G02_666960	12	70691305	70752968	32	0.7704
BONZE_p_TCGAb56_SNP_1N_GenomeWideSNP_6_G02_666960	12	70753020	70774378	6	0.3052
BONZE_p_TCGAb56_SNP_1N_GenomeWideSNP_6_G02_666960	12	70775129	70809817	33	0.6374
BONZE_p_TCGAb56_SNP_1N_GenomeWideSNP_6_G02_666960	12	70811227	71282714	369	0.3719
BONZE_p_TCGAb56_SNP_1N_GenomeWideSNP_6_G02_666960	12	71285778	71320774	19	0.8012
BONZE_p_TCGAb56_SNP_1N_GenomeWideSNP_6_G02_666960	12	71325019	71342270	6	0.1433
BONZE_p_TCGAb56_SNP_1N_GenomeWideSNP_6_G02_666960	12	71342841	71425081	80	0.8226
BONZE_p_TCGAb56_SNP_1N_GenomeWideSNP_6_G02_666960	12	71426527	71532099	64	-0.1586
BONZE_p_TCGAb56_SNP_1N_GenomeWideSNP_6_G02_666960	12	71533210	71871879	206	0.3152
BONZE_p_TCGAb56_SNP_1N_GenomeWideSNP_6_G02_666960	12	71878049	72349231	295	1.3052
BONZE_p_TCGAb56_SNP_1N_GenomeWideSNP_6_G02_666960	12	72349290	72368571	15	2.1436
BONZE_p_TCGAb56_SNP_1N_GenomeWideSNP_6_G02_666960	12	72370229	72435642	53	1.2244
BONZE_p_TCGAb56_SNP_1N_GenomeWideSNP_6_G02_666960	12	72444346	72622080	91	0.7159
BONZE_p_TCGAb56_SNP_1N_GenomeWideSNP_6_G02_666960	12	72627503	72705073	49	1.4436
BONZE_p_TCGAb56_SNP_1N_GenomeWideSNP_6_G02_666960	12	72705175	72945673	144	1.175
BONZE_p_TCGAb56_SNP_1N_GenomeWideSNP_6_G02_666960	12	72948462	72979069	12	0.3572
BONZE_p_TCGAb56_SNP_1N_GenomeWideSNP_6_G02_666960	12	72979099	73101115	95	1.5686
BONZE_p_TCGAb56_SNP_1N_GenomeWideSNP_6_G02_666960	12	73103872	73275400	84	0.2104
BONZE_p_TCGAb56_SNP_1N_GenomeWideSNP_6_G02_666960	12	73275470	73412486	116	-0.3137
BONZE_p_TCGAb56_SNP_1N_GenomeWideSNP_6_G02_666960	12	73416039	73613458	122	0.2027
BONZE_p_TCGAb56_SNP_1N_GenomeWideSNP_6_G02_666960	12	73617101	73833281	115	1.6042
BONZE_p_TCGAb56_SNP_1N_GenomeWideSNP_6_G02_666960	12	73835249	73853776	10	2.6044
BONZE_p_TCGAb56_SNP_1N_GenomeWideSNP_6_G02_666960	12	73866407	74557893	362	0.3462
BONZE_p_TCGAb56_SNP_1N_GenomeWideSNP_6_G02_666960	12	74558002	76520972	1278	-0.3092
BONZE_p_TCGAb56_SNP_1N_GenomeWideSNP_6_G02_666960	12	76523774	76891785	219	0.4763
BONZE_p_TCGAb56_SNP_1N_GenomeWideSNP_6_G02_666960	12	76894758	77106188	112	0.8636
BONZE_p_TCGAb56_SNP_1N_GenomeWideSNP_6_G02_666960	12	77107258	77277931	101	0.0665
BONZE_p_TCGAb56_SNP_1N_GenomeWideSNP_6_G02_666960	12	77280127	80188841	1988	-0.2357
BONZE_p_TCGAb56_SNP_1N_GenomeWideSNP_6_G02_666960	12	80189549	80216999	7	2.0469
BONZE_p_TCGAb56_SNP_1N_GenomeWideSNP_6_G02_666960	12	80218317	88543327	4972	-0.2999
BONZE_p_TCGAb56_SNP_1N_GenomeWideSNP_6_G02_666960	12	88550107	88553003	4	1.3179
BONZE_p_TCGAb56_SNP_1N_GenomeWideSNP_6_G02_666960	12	88553365	89365305	469	-0.2639
BONZE_p_TCGAb56_SNP_1N_GenomeWideSNP_6_G02_666960	12	89366763	89860995	301	0.6975
BONZE_p_TCGAb56_SNP_1N_GenomeWideSNP_6_G02_666960	12	89870284	94220297	2819	-0.3154
BONZE_p_TCGAb56_SNP_1N_GenomeWideSNP_6_G02_666960	12	94224637	94416430	153	0.5858
BONZE_p_TCGAb56_SNP_1N_GenomeWideSNP_6_G02_666960	12	94417690	94475435	48	0.8994
BONZE_p_TCGAb56_SNP_1N_GenomeWideSNP_6_G02_666960	12	94481350	94516038	38	-0.3255
BONZE_p_TCGAb56_SNP_1N_GenomeWideSNP_6_G02_666960	12	94516100	94598087	112	1.2054
BONZE_p_TCGAb56_SNP_1N_GenomeWideSNP_6_G02_666960	12	94602549	96427915	1328	-0.3172
BONZE_p_TCGAb56_SNP_1N_GenomeWideSNP_6_G02_666960	12	96433422	96434241	3	-2.347
BONZE_p_TCGAb56_SNP_1N_GenomeWideSNP_6_G02_666960	12	96434746	102030113	3735	-0.229
BONZE_p_TCGAb56_SNP_1N_GenomeWideSNP_6_G02_666960	12	102030158	102031761	3	-1.7347
BONZE_p_TCGAb56_SNP_1N_GenomeWideSNP_6_G02_666960	12	102031905	115087271	8591	-0.1443
BONZE_p_TCGAb56_SNP_1N_GenomeWideSNP_6_G02_666960	12	115088212	115090409	2	-3.1954
BONZE_p_TCGAb56_SNP_1N_GenomeWideSNP_6_G02_666960	12	115090533	122124617	4816	-0.1306
BONZE_p_TCGAb56_SNP_1N_GenomeWideSNP_6_G02_666960	12	122129281	122234191	44	0.6173
BONZE_p_TCGAb56_SNP_1N_GenomeWideSNP_6_G02_666960	12	122247282	123383816	455	-0.1761
BONZE_p_TCGAb56_SNP_1N_GenomeWideSNP_6_G02_666960	12	123384285	123569640	65	1.1326
BONZE_p_TCGAb56_SNP_1N_GenomeWideSNP_6_G02_666960	12	123572508	123723460	53	-0.1867
BONZE_p_TCGAb56_SNP_1N_GenomeWideSNP_6_G02_666960	12	123726427	124149181	176	0.985
BONZE_p_TCGAb56_SNP_1N_GenomeWideSNP_6_G02_666960	12	124152889	124357835	113	0.554
BONZE_p_TCGAb56_SNP_1N_GenomeWideSNP_6_G02_666960	12	124357857	124395232	28	0.2825
BONZE_p_TCGAb56_SNP_1N_GenomeWideSNP_6_G02_666960	12	124402255	124429513	17	0.534
BONZE_p_TCGAb56_SNP_1N_GenomeWideSNP_6_G02_666960	12	124440110	124558409	81	-0.1626
BONZE_p_TCGAb56_SNP_1N_GenomeWideSNP_6_G02_666960	12	124558791	124832606	197	0.4837
BONZE_p_TCGAb56_SNP_1N_GenomeWideSNP_6_G02_666960	12	124833303	124833398	2	1.4921
BONZE_p_TCGAb56_SNP_1N_GenomeWideSNP_6_G02_666960	12	124834922	125151503	176	0.485
BONZE_p_TCGAb56_SNP_1N_GenomeWideSNP_6_G02_666960	12	125152350	125158762	10	1.9339
BONZE_p_TCGAb56_SNP_1N_GenomeWideSNP_6_G02_666960	12	125159653	125204225	37	-0.1501
BONZE_p_TCGAb56_SNP_1N_GenomeWideSNP_6_G02_666960	12	125208116	125254442	37	1.0568
BONZE_p_TCGAb56_SNP_1N_GenomeWideSNP_6_G02_666960	12	125259989	126825665	1256	-0.1269
BONZE_p_TCGAb56_SNP_1N_GenomeWideSNP_6_G02_666960	12	126825796	126825812	2	-2.0204
BONZE_p_TCGAb56_SNP_1N_GenomeWideSNP_6_G02_666960	12	126825836	133778189	5234	-0.1075
BONZE_p_TCGAb56_SNP_1N_GenomeWideSNP_6_G02_666960	13	19026949	19096936	7	0.214
BONZE_p_TCGAb56_SNP_1N_GenomeWideSNP_6_G02_666960	13	19102179	39052811	14274	-0.0459
BONZE_p_TCGAb56_SNP_1N_GenomeWideSNP_6_G02_666960	13	39057572	39058056	2	-2.0101
BONZE_p_TCGAb56_SNP_1N_GenomeWideSNP_6_G02_666960	13	39065057	52839504	9143	-0.0829
BONZE_p_TCGAb56_SNP_1N_GenomeWideSNP_6_G02_666960	13	52840198	52912670	13	0.4601
BONZE_p_TCGAb56_SNP_1N_GenomeWideSNP_6_G02_666960	13	52912896	53059216	53	-0.0267
BONZE_p_TCGAb56_SNP_1N_GenomeWideSNP_6_G02_666960	13	53071152	53173313	20	-0.5697
BONZE_p_TCGAb56_SNP_1N_GenomeWideSNP_6_G02_666960	13	53177137	57929513	2754	-0.0815
BONZE_p_TCGAb56_SNP_1N_GenomeWideSNP_6_G02_666960	13	57934536	57977448	28	-0.4986
BONZE_p_TCGAb56_SNP_1N_GenomeWideSNP_6_G02_666960	13	57977974	86920369	18503	-0.1333
BONZE_p_TCGAb56_SNP_1N_GenomeWideSNP_6_G02_666960	13	86920767	89796668	1612	0.1745
BONZE_p_TCGAb56_SNP_1N_GenomeWideSNP_6_G02_666960	13	89796852	89839415	23	-0.8957
BONZE_p_TCGAb56_SNP_1N_GenomeWideSNP_6_G02_666960	13	89845955	103684072	9488	0.1555
BONZE_p_TCGAb56_SNP_1N_GenomeWideSNP_6_G02_666960	13	103685066	103697728	13	0.7315
BONZE_p_TCGAb56_SNP_1N_GenomeWideSNP_6_G02_666960	13	103700866	115108397	8390	0.1243
BONZE_p_TCGAb56_SNP_1N_GenomeWideSNP_6_G02_666960	14	19002124	20143509	80	0.0408
BONZE_p_TCGAb56_SNP_1N_GenomeWideSNP_6_G02_666960	14	20157843	20423372	109	0.6433
BONZE_p_TCGAb56_SNP_1N_GenomeWideSNP_6_G02_666960	14	20424926	63213611	27324	0.136
BONZE_p_TCGAb56_SNP_1N_GenomeWideSNP_6_G02_666960	14	63213675	63283296	44	0.5969
BONZE_p_TCGAb56_SNP_1N_GenomeWideSNP_6_G02_666960	14	63283780	65742436	1659	0.2597
BONZE_p_TCGAb56_SNP_1N_GenomeWideSNP_6_G02_666960	14	65749130	74472112	5363	-0.0591
BONZE_p_TCGAb56_SNP_1N_GenomeWideSNP_6_G02_666960	14	74476279	75466871	559	0.2049
BONZE_p_TCGAb56_SNP_1N_GenomeWideSNP_6_G02_666960	14	75467193	76129287	440	-0.0747
BONZE_p_TCGAb56_SNP_1N_GenomeWideSNP_6_G02_666960	14	76135546	76358183	132	0.2821
BONZE_p_TCGAb56_SNP_1N_GenomeWideSNP_6_G02_666960	14	76359009	100156771	16580	-0.0449
BONZE_p_TCGAb56_SNP_1N_GenomeWideSNP_6_G02_666960	14	100157791	100160380	2	-2.372
BONZE_p_TCGAb56_SNP_1N_GenomeWideSNP_6_G02_666960	14	100162377	103895909	1971	-0.0644
BONZE_p_TCGAb56_SNP_1N_GenomeWideSNP_6_G02_666960	14	103896984	103900608	2	-1.6813
BONZE_p_TCGAb56_SNP_1N_GenomeWideSNP_6_G02_666960	14	103900609	106897391	1067	-0.0492
BONZE_p_TCGAb56_SNP_1N_GenomeWideSNP_6_G02_666960	14	106899497	106903043	14	0.516
BONZE_p_TCGAb56_SNP_1N_GenomeWideSNP_6_G02_666960	14	106903068	107144459	152	-0.1091
BONZE_p_TCGAb56_SNP_1N_GenomeWideSNP_6_G02_666960	14	107145272	107179847	30	0.2246
BONZE_p_TCGAb56_SNP_1N_GenomeWideSNP_6_G02_666960	14	107184184	107285437	69	-0.1062
BONZE_p_TCGAb56_SNP_1N_GenomeWideSNP_6_G02_666960	15	20016328	21173886	267	0.1604
BONZE_p_TCGAb56_SNP_1N_GenomeWideSNP_6_G02_666960	15	21186400	21193676	6	1.3274
BONZE_p_TCGAb56_SNP_1N_GenomeWideSNP_6_G02_666960	15	21197360	22363231	61	0.2114
BONZE_p_TCGAb56_SNP_1N_GenomeWideSNP_6_G02_666960	15	22373070	22381411	6	-2.1628
BONZE_p_TCGAb56_SNP_1N_GenomeWideSNP_6_G02_666960	15	22383201	22582902	79	0.4075
BONZE_p_TCGAb56_SNP_1N_GenomeWideSNP_6_G02_666960	15	22584431	63995423	26548	-0.0629
BONZE_p_TCGAb56_SNP_1N_GenomeWideSNP_6_G02_666960	15	63996768	63997729	2	-1.3315
BONZE_p_TCGAb56_SNP_1N_GenomeWideSNP_6_G02_666960	15	64003210	68507272	2567	-0.1044
BONZE_p_TCGAb56_SNP_1N_GenomeWideSNP_6_G02_666960	15	68508836	69012722	396	0.1933
BONZE_p_TCGAb56_SNP_1N_GenomeWideSNP_6_G02_666960	15	69018959	75315375	3750	-0.0913
BONZE_p_TCGAb56_SNP_1N_GenomeWideSNP_6_G02_666960	15	75318482	75641583	100	-0.4087
BONZE_p_TCGAb56_SNP_1N_GenomeWideSNP_6_G02_666960	15	75642115	75888432	82	-0.1189
BONZE_p_TCGAb56_SNP_1N_GenomeWideSNP_6_G02_666960	15	75888847	91664327	9791	0.2707
BONZE_p_TCGAb56_SNP_1N_GenomeWideSNP_6_G02_666960	15	91664657	93967864	2047	0.6267
BONZE_p_TCGAb56_SNP_1N_GenomeWideSNP_6_G02_666960	15	93968288	94162242	179	0.3158
BONZE_p_TCGAb56_SNP_1N_GenomeWideSNP_6_G02_666960	15	94163349	94163373	2	-0.9448
BONZE_p_TCGAb56_SNP_1N_GenomeWideSNP_6_G02_666960	15	94163700	94414512	193	0.3692
BONZE_p_TCGAb56_SNP_1N_GenomeWideSNP_6_G02_666960	15	94418637	94424523	6	1.8873
BONZE_p_TCGAb56_SNP_1N_GenomeWideSNP_6_G02_666960	15	94425301	94462205	20	1.5091
BONZE_p_TCGAb56_SNP_1N_GenomeWideSNP_6_G02_666960	15	94464480	94485844	12	0.5489
BONZE_p_TCGAb56_SNP_1N_GenomeWideSNP_6_G02_666960	15	94486047	95024344	429	1.4702
BONZE_p_TCGAb56_SNP_1N_GenomeWideSNP_6_G02_666960	15	95024591	95397282	309	1.8923
BONZE_p_TCGAb56_SNP_1N_GenomeWideSNP_6_G02_666960	15	95400769	95593611	138	2.2173
BONZE_p_TCGAb56_SNP_1N_GenomeWideSNP_6_G02_666960	15	95594012	95652531	49	1.7348
BONZE_p_TCGAb56_SNP_1N_GenomeWideSNP_6_G02_666960	15	95653009	95744499	78	2.2061
BONZE_p_TCGAb56_SNP_1N_GenomeWideSNP_6_G02_666960	15	95753284	97757796	1477	0.7939
BONZE_p_TCGAb56_SNP_1N_GenomeWideSNP_6_G02_666960	15	97763089	98214303	300	0.3743
BONZE_p_TCGAb56_SNP_1N_GenomeWideSNP_6_G02_666960	15	98218903	98229809	14	2.8366
BONZE_p_TCGAb56_SNP_1N_GenomeWideSNP_6_G02_666960	15	98231080	98255127	27	0.406
BONZE_p_TCGAb56_SNP_1N_GenomeWideSNP_6_G02_666960	15	98255916	98259616	8	1.9185
BONZE_p_TCGAb56_SNP_1N_GenomeWideSNP_6_G02_666960	15	98260478	98850492	463	0.4118
BONZE_p_TCGAb56_SNP_1N_GenomeWideSNP_6_G02_666960	15	98854993	99082004	183	0.9881
BONZE_p_TCGAb56_SNP_1N_GenomeWideSNP_6_G02_666960	15	99085513	99554059	328	2.7167
BONZE_p_TCGAb56_SNP_1N_GenomeWideSNP_6_G02_666960	15	99559206	102469040	2148	0.8442
BONZE_p_TCGAb56_SNP_1N_GenomeWideSNP_6_G02_666960	16	60777	8155494	5722	0.3366
BONZE_p_TCGAb56_SNP_1N_GenomeWideSNP_6_G02_666960	16	8159660	8160023	2	-1.6672
BONZE_p_TCGAb56_SNP_1N_GenomeWideSNP_6_G02_666960	16	8160367	14975292	5409	0.3455
BONZE_p_TCGAb56_SNP_1N_GenomeWideSNP_6_G02_666960	16	14978969	15129905	70	0.718
BONZE_p_TCGAb56_SNP_1N_GenomeWideSNP_6_G02_666960	16	15129940	21360314	3254	0.3613
BONZE_p_TCGAb56_SNP_1N_GenomeWideSNP_6_G02_666960	16	21360430	21593634	32	-0.1029
BONZE_p_TCGAb56_SNP_1N_GenomeWideSNP_6_G02_666960	16	21596313	22442020	364	0.3693
BONZE_p_TCGAb56_SNP_1N_GenomeWideSNP_6_G02_666960	16	22557932	22704520	72	-0.113
BONZE_p_TCGAb56_SNP_1N_GenomeWideSNP_6_G02_666960	16	22710742	32564749	5229	0.3298
BONZE_p_TCGAb56_SNP_1N_GenomeWideSNP_6_G02_666960	16	32565129	70136868	15958	-0.0374
BONZE_p_TCGAb56_SNP_1N_GenomeWideSNP_6_G02_666960	16	70139542	70198330	15	0.3905
BONZE_p_TCGAb56_SNP_1N_GenomeWideSNP_6_G02_666960	16	70198356	90287535	16310	0.0081
BONZE_p_TCGAb56_SNP_1N_GenomeWideSNP_6_G02_666960	17	526	847724	435	-0.2502
BONZE_p_TCGAb56_SNP_1N_GenomeWideSNP_6_G02_666960	17	853632	1165486	122	0.1015
BONZE_p_TCGAb56_SNP_1N_GenomeWideSNP_6_G02_666960	17	1180023	1235317	23	1.8201
BONZE_p_TCGAb56_SNP_1N_GenomeWideSNP_6_G02_666960	17	1238861	1483221	113	0.0061
BONZE_p_TCGAb56_SNP_1N_GenomeWideSNP_6_G02_666960	17	1483808	1739852	129	0.9834
BONZE_p_TCGAb56_SNP_1N_GenomeWideSNP_6_G02_666960	17	1744473	1975116	85	-0.1689
BONZE_p_TCGAb56_SNP_1N_GenomeWideSNP_6_G02_666960	17	1979321	2085598	59	0.7847
BONZE_p_TCGAb56_SNP_1N_GenomeWideSNP_6_G02_666960	17	2086060	2146409	47	-0.022
BONZE_p_TCGAb56_SNP_1N_GenomeWideSNP_6_G02_666960	17	2146422	2148321	2	-1.354
BONZE_p_TCGAb56_SNP_1N_GenomeWideSNP_6_G02_666960	17	2149258	2344770	170	0.1631
BONZE_p_TCGAb56_SNP_1N_GenomeWideSNP_6_G02_666960	17	2353309	3737353	827	-0.1484
BONZE_p_TCGAb56_SNP_1N_GenomeWideSNP_6_G02_666960	17	3747660	3752915	7	1.1127
BONZE_p_TCGAb56_SNP_1N_GenomeWideSNP_6_G02_666960	17	3754000	4658971	482	-0.3356
BONZE_p_TCGAb56_SNP_1N_GenomeWideSNP_6_G02_666960	17	4660508	4663429	4	0.4536
BONZE_p_TCGAb56_SNP_1N_GenomeWideSNP_6_G02_666960	17	4666701	4817602	55	0.1519
BONZE_p_TCGAb56_SNP_1N_GenomeWideSNP_6_G02_666960	17	4824625	5133807	135	0.4921
BONZE_p_TCGAb56_SNP_1N_GenomeWideSNP_6_G02_666960	17	5138513	5142748	3	1.4582
BONZE_p_TCGAb56_SNP_1N_GenomeWideSNP_6_G02_666960	17	5147504	5188249	23	0.4051
BONZE_p_TCGAb56_SNP_1N_GenomeWideSNP_6_G02_666960	17	5189091	5313871	59	-0.0691
BONZE_p_TCGAb56_SNP_1N_GenomeWideSNP_6_G02_666960	17	5317008	5323269	7	0.8784
BONZE_p_TCGAb56_SNP_1N_GenomeWideSNP_6_G02_666960	17	5325788	5850954	393	0.0577
BONZE_p_TCGAb56_SNP_1N_GenomeWideSNP_6_G02_666960	17	5852445	6138931	241	0.8021
BONZE_p_TCGAb56_SNP_1N_GenomeWideSNP_6_G02_666960	17	6143306	10252056	2610	-0.3465
BONZE_p_TCGAb56_SNP_1N_GenomeWideSNP_6_G02_666960	17	10252787	10253288	2	-3.0738
BONZE_p_TCGAb56_SNP_1N_GenomeWideSNP_6_G02_666960	17	10253708	25301016	7005	-0.3099
BONZE_p_TCGAb56_SNP_1N_GenomeWideSNP_6_G02_666960	17	25302310	25887936	304	0.2477
BONZE_p_TCGAb56_SNP_1N_GenomeWideSNP_6_G02_666960	17	25888671	29200589	1489	0.6638
BONZE_p_TCGAb56_SNP_1N_GenomeWideSNP_6_G02_666960	17	29209743	34436708	3563	-0.3303
BONZE_p_TCGAb56_SNP_1N_GenomeWideSNP_6_G02_666960	17	34437128	34485091	37	0.6399
BONZE_p_TCGAb56_SNP_1N_GenomeWideSNP_6_G02_666960	17	34528125	39414647	2540	-0.3491
BONZE_p_TCGAb56_SNP_1N_GenomeWideSNP_6_G02_666960	17	39418372	39430531	27	0.7918
BONZE_p_TCGAb56_SNP_1N_GenomeWideSNP_6_G02_666960	17	39432724	44364170	2636	-0.3267
BONZE_p_TCGAb56_SNP_1N_GenomeWideSNP_6_G02_666960	17	44394412	44752283	47	0.7137
BONZE_p_TCGAb56_SNP_1N_GenomeWideSNP_6_G02_666960	17	44752300	47577348	1484	-0.3642
BONZE_p_TCGAb56_SNP_1N_GenomeWideSNP_6_G02_666960	17	47577484	54628980	4706	0.0981
BONZE_p_TCGAb56_SNP_1N_GenomeWideSNP_6_G02_666960	17	54629032	55303928	521	-0.3591
BONZE_p_TCGAb56_SNP_1N_GenomeWideSNP_6_G02_666960	17	55304176	56339058	737	0.2624
BONZE_p_TCGAb56_SNP_1N_GenomeWideSNP_6_G02_666960	17	56339269	56497767	86	0.6707
BONZE_p_TCGAb56_SNP_1N_GenomeWideSNP_6_G02_666960	17	56498381	60796074	2025	0.3033
BONZE_p_TCGAb56_SNP_1N_GenomeWideSNP_6_G02_666960	17	60796099	68094230	4328	0.6513
BONZE_p_TCGAb56_SNP_1N_GenomeWideSNP_6_G02_666960	17	68098263	68840238	582	1.1504
BONZE_p_TCGAb56_SNP_1N_GenomeWideSNP_6_G02_666960	17	68842041	68881579	35	1.4859
BONZE_p_TCGAb56_SNP_1N_GenomeWideSNP_6_G02_666960	17	68886333	68942215	58	1.1906
BONZE_p_TCGAb56_SNP_1N_GenomeWideSNP_6_G02_666960	17	68950262	69752840	669	2.1975
BONZE_p_TCGAb56_SNP_1N_GenomeWideSNP_6_G02_666960	17	69755079	70505950	606	1.1501
BONZE_p_TCGAb56_SNP_1N_GenomeWideSNP_6_G02_666960	17	70506839	74285611	2263	0.7076
BONZE_p_TCGAb56_SNP_1N_GenomeWideSNP_6_G02_666960	17	74286082	75448158	716	1.0137
BONZE_p_TCGAb56_SNP_1N_GenomeWideSNP_6_G02_666960	17	75458303	76890864	846	1.8815
BONZE_p_TCGAb56_SNP_1N_GenomeWideSNP_6_G02_666960	17	76893671	78060183	633	0.4317
BONZE_p_TCGAb56_SNP_1N_GenomeWideSNP_6_G02_666960	17	78060238	79803101	808	0.8186
BONZE_p_TCGAb56_SNP_1N_GenomeWideSNP_6_G02_666960	17	79805134	80893271	440	0.5018
BONZE_p_TCGAb56_SNP_1N_GenomeWideSNP_6_G02_666960	17	80898378	81006782	69	0.0824
BONZE_p_TCGAb56_SNP_1N_GenomeWideSNP_6_G02_666960	17	81012185	81049726	11	1.8368
BONZE_p_TCGAb56_SNP_1N_GenomeWideSNP_6_G02_666960	18	11543	10085612	7405	-0.2259
BONZE_p_TCGAb56_SNP_1N_GenomeWideSNP_6_G02_666960	18	10085730	11262321	909	0.1095
BONZE_p_TCGAb56_SNP_1N_GenomeWideSNP_6_G02_666960	18	11269748	11541180	189	0.3932
BONZE_p_TCGAb56_SNP_1N_GenomeWideSNP_6_G02_666960	18	11544361	36931801	13514	-0.1457
BONZE_p_TCGAb56_SNP_1N_GenomeWideSNP_6_G02_666960	18	36940245	37069312	68	0.418
BONZE_p_TCGAb56_SNP_1N_GenomeWideSNP_6_G02_666960	18	37070215	43967598	4507	-0.1634
BONZE_p_TCGAb56_SNP_1N_GenomeWideSNP_6_G02_666960	18	43967708	43971109	3	-2.0512
BONZE_p_TCGAb56_SNP_1N_GenomeWideSNP_6_G02_666960	18	43972693	76838966	23661	-0.1713
BONZE_p_TCGAb56_SNP_1N_GenomeWideSNP_6_G02_666960	18	76844609	76844778	2	-1.6096
BONZE_p_TCGAb56_SNP_1N_GenomeWideSNP_6_G02_666960	18	76849992	78015057	565	-0.1878
BONZE_p_TCGAb56_SNP_1N_GenomeWideSNP_6_G02_666960	19	90910	483332	108	0.4527
BONZE_p_TCGAb56_SNP_1N_GenomeWideSNP_6_G02_666960	19	483473	1778039	285	-0.0896
BONZE_p_TCGAb56_SNP_1N_GenomeWideSNP_6_G02_666960	19	1782189	1784211	4	-1.3967
BONZE_p_TCGAb56_SNP_1N_GenomeWideSNP_6_G02_666960	19	1791099	12731462	4690	-0.0688
BONZE_p_TCGAb56_SNP_1N_GenomeWideSNP_6_G02_666960	19	12737762	13144248	146	0.3866
BONZE_p_TCGAb56_SNP_1N_GenomeWideSNP_6_G02_666960	19	13145023	13391313	88	0.7938
BONZE_p_TCGAb56_SNP_1N_GenomeWideSNP_6_G02_666960	19	13391787	15820338	1340	0.3274
BONZE_p_TCGAb56_SNP_1N_GenomeWideSNP_6_G02_666960	19	15823604	56483192	21044	0.0054
BONZE_p_TCGAb56_SNP_1N_GenomeWideSNP_6_G02_666960	19	56483408	56488970	2	-1.8259
BONZE_p_TCGAb56_SNP_1N_GenomeWideSNP_6_G02_666960	19	56489009	59097854	1650	0.1176
BONZE_p_TCGAb56_SNP_1N_GenomeWideSNP_6_G02_666960	20	61305	1481228	1102	0.0856
BONZE_p_TCGAb56_SNP_1N_GenomeWideSNP_6_G02_666960	20	1485337	1560252	96	-0.2935
BONZE_p_TCGAb56_SNP_1N_GenomeWideSNP_6_G02_666960	20	1560288	1582092	43	0.0236
BONZE_p_TCGAb56_SNP_1N_GenomeWideSNP_6_G02_666960	20	1582207	5289481	2695	-0.3366
BONZE_p_TCGAb56_SNP_1N_GenomeWideSNP_6_G02_666960	20	5289603	5290502	4	-0.9062
BONZE_p_TCGAb56_SNP_1N_GenomeWideSNP_6_G02_666960	20	5293877	6865247	1211	-0.0969
BONZE_p_TCGAb56_SNP_1N_GenomeWideSNP_6_G02_666960	20	6868699	6902996	29	0.9413
BONZE_p_TCGAb56_SNP_1N_GenomeWideSNP_6_G02_666960	20	6905290	9272914	1913	-0.1718
BONZE_p_TCGAb56_SNP_1N_GenomeWideSNP_6_G02_666960	20	9277392	9319662	38	1.3943
BONZE_p_TCGAb56_SNP_1N_GenomeWideSNP_6_G02_666960	20	9322924	15301374	4517	-0.2952
BONZE_p_TCGAb56_SNP_1N_GenomeWideSNP_6_G02_666960	20	15301902	15302374	3	-1.6826
BONZE_p_TCGAb56_SNP_1N_GenomeWideSNP_6_G02_666960	20	15305258	15961689	651	-0.1458
BONZE_p_TCGAb56_SNP_1N_GenomeWideSNP_6_G02_666960	20	15965919	15968880	3	-3.7607
BONZE_p_TCGAb56_SNP_1N_GenomeWideSNP_6_G02_666960	20	15968990	33273403	9481	-0.3107
BONZE_p_TCGAb56_SNP_1N_GenomeWideSNP_6_G02_666960	20	33275186	33294353	12	1.4612
BONZE_p_TCGAb56_SNP_1N_GenomeWideSNP_6_G02_666960	20	33294454	33311582	8	2.0765
BONZE_p_TCGAb56_SNP_1N_GenomeWideSNP_6_G02_666960	20	33313042	34501151	579	1.2889
BONZE_p_TCGAb56_SNP_1N_GenomeWideSNP_6_G02_666960	20	34506147	35046949	214	-0.2706
BONZE_p_TCGAb56_SNP_1N_GenomeWideSNP_6_G02_666960	20	35048367	35055072	9	0.159
BONZE_p_TCGAb56_SNP_1N_GenomeWideSNP_6_G02_666960	20	35055212	35073343	12	-0.2765
BONZE_p_TCGAb56_SNP_1N_GenomeWideSNP_6_G02_666960	20	35076129	35087560	4	0.6547
BONZE_p_TCGAb56_SNP_1N_GenomeWideSNP_6_G02_666960	20	35093343	35149710	28	1.5366
BONZE_p_TCGAb56_SNP_1N_GenomeWideSNP_6_G02_666960	20	35151484	35217392	27	0.5352
BONZE_p_TCGAb56_SNP_1N_GenomeWideSNP_6_G02_666960	20	35219331	35762614	340	-0.1807
BONZE_p_TCGAb56_SNP_1N_GenomeWideSNP_6_G02_666960	20	35773080	36738541	605	0.692
BONZE_p_TCGAb56_SNP_1N_GenomeWideSNP_6_G02_666960	20	36738990	36745965	4	0.2902
BONZE_p_TCGAb56_SNP_1N_GenomeWideSNP_6_G02_666960	20	36750098	36813506	41	-0.2515
BONZE_p_TCGAb56_SNP_1N_GenomeWideSNP_6_G02_666960	20	36814441	37064126	186	0.2011
BONZE_p_TCGAb56_SNP_1N_GenomeWideSNP_6_G02_666960	20	37064636	37144324	51	0.5286
BONZE_p_TCGAb56_SNP_1N_GenomeWideSNP_6_G02_666960	20	37144696	37385919	136	0.8757
BONZE_p_TCGAb56_SNP_1N_GenomeWideSNP_6_G02_666960	20	37386377	37668584	164	0.5686
BONZE_p_TCGAb56_SNP_1N_GenomeWideSNP_6_G02_666960	20	37672209	37845477	104	0.2914
BONZE_p_TCGAb56_SNP_1N_GenomeWideSNP_6_G02_666960	20	37847711	37894710	35	0.6092
BONZE_p_TCGAb56_SNP_1N_GenomeWideSNP_6_G02_666960	20	37902090	38146460	188	1.566
BONZE_p_TCGAb56_SNP_1N_GenomeWideSNP_6_G02_666960	20	38147213	38303043	150	0.6079
BONZE_p_TCGAb56_SNP_1N_GenomeWideSNP_6_G02_666960	20	38303345	38880243	433	-0.195
BONZE_p_TCGAb56_SNP_1N_GenomeWideSNP_6_G02_666960	20	38884169	39117995	160	0.173
BONZE_p_TCGAb56_SNP_1N_GenomeWideSNP_6_G02_666960	20	39122732	39353761	186	0.8632
BONZE_p_TCGAb56_SNP_1N_GenomeWideSNP_6_G02_666960	20	39355477	39393556	46	0.6122
BONZE_p_TCGAb56_SNP_1N_GenomeWideSNP_6_G02_666960	20	39395210	39669668	187	0.192
BONZE_p_TCGAb56_SNP_1N_GenomeWideSNP_6_G02_666960	20	39676199	39913760	99	0.7132
BONZE_p_TCGAb56_SNP_1N_GenomeWideSNP_6_G02_666960	20	39914030	40010149	46	1.1611
BONZE_p_TCGAb56_SNP_1N_GenomeWideSNP_6_G02_666960	20	40016981	40442552	275	-0.1844
BONZE_p_TCGAb56_SNP_1N_GenomeWideSNP_6_G02_666960	20	40446688	42496472	1697	0.3234
BONZE_p_TCGAb56_SNP_1N_GenomeWideSNP_6_G02_666960	20	42513155	42614717	93	0.8634
BONZE_p_TCGAb56_SNP_1N_GenomeWideSNP_6_G02_666960	20	42616171	43289671	440	0.1781
BONZE_p_TCGAb56_SNP_1N_GenomeWideSNP_6_G02_666960	20	43289841	43454185	106	0.5101
BONZE_p_TCGAb56_SNP_1N_GenomeWideSNP_6_G02_666960	20	43456396	43497185	23	1.2839
BONZE_p_TCGAb56_SNP_1N_GenomeWideSNP_6_G02_666960	20	43499316	43535101	18	1.8366
BONZE_p_TCGAb56_SNP_1N_GenomeWideSNP_6_G02_666960	20	43543245	43733015	122	1.3264
BONZE_p_TCGAb56_SNP_1N_GenomeWideSNP_6_G02_666960	20	43741269	44628514	590	0.9092
BONZE_p_TCGAb56_SNP_1N_GenomeWideSNP_6_G02_666960	20	44632367	45248634	418	0.3377
BONZE_p_TCGAb56_SNP_1N_GenomeWideSNP_6_G02_666960	20	45251646	46484653	945	0.0838
BONZE_p_TCGAb56_SNP_1N_GenomeWideSNP_6_G02_666960	20	46484661	46484728	2	-1.5912
BONZE_p_TCGAb56_SNP_1N_GenomeWideSNP_6_G02_666960	20	46484918	47913026	1047	0.1963
BONZE_p_TCGAb56_SNP_1N_GenomeWideSNP_6_G02_666960	20	47913151	48167203	164	1.5475
BONZE_p_TCGAb56_SNP_1N_GenomeWideSNP_6_G02_666960	20	48170114	48279550	66	0.1694
BONZE_p_TCGAb56_SNP_1N_GenomeWideSNP_6_G02_666960	20	48279932	48382972	59	1.6531
BONZE_p_TCGAb56_SNP_1N_GenomeWideSNP_6_G02_666960	20	48383859	48747966	185	1.0925
BONZE_p_TCGAb56_SNP_1N_GenomeWideSNP_6_G02_666960	20	48748193	49064684	196	1.5706
BONZE_p_TCGAb56_SNP_1N_GenomeWideSNP_6_G02_666960	20	49073646	49479215	336	-0.056
BONZE_p_TCGAb56_SNP_1N_GenomeWideSNP_6_G02_666960	20	49479763	49488215	4	0.4772
BONZE_p_TCGAb56_SNP_1N_GenomeWideSNP_6_G02_666960	20	49488333	50164140	514	1.0483
BONZE_p_TCGAb56_SNP_1N_GenomeWideSNP_6_G02_666960	20	50165634	51412395	896	0.2897
BONZE_p_TCGAb56_SNP_1N_GenomeWideSNP_6_G02_666960	20	51412530	51782686	297	0.5184
BONZE_p_TCGAb56_SNP_1N_GenomeWideSNP_6_G02_666960	20	51784200	51785026	5	1.1229
BONZE_p_TCGAb56_SNP_1N_GenomeWideSNP_6_G02_666960	20	51785686	52542598	551	0.4908
BONZE_p_TCGAb56_SNP_1N_GenomeWideSNP_6_G02_666960	20	52542770	53250421	639	0.2175
BONZE_p_TCGAb56_SNP_1N_GenomeWideSNP_6_G02_666960	20	53251559	53558674	292	-0.1973
BONZE_p_TCGAb56_SNP_1N_GenomeWideSNP_6_G02_666960	20	53559193	53835773	225	0.1618
BONZE_p_TCGAb56_SNP_1N_GenomeWideSNP_6_G02_666960	20	53837285	54895876	877	-0.1881
BONZE_p_TCGAb56_SNP_1N_GenomeWideSNP_6_G02_666960	20	54897125	55280916	264	0.2011
BONZE_p_TCGAb56_SNP_1N_GenomeWideSNP_6_G02_666960	20	55282269	55284826	2	-0.9237
BONZE_p_TCGAb56_SNP_1N_GenomeWideSNP_6_G02_666960	20	55286553	62956153	5307	0.3912
BONZE_p_TCGAb56_SNP_1N_GenomeWideSNP_6_G02_666960	21	10736871	10935910	32	0.4477
BONZE_p_TCGAb56_SNP_1N_GenomeWideSNP_6_G02_666960	21	10940642	23651134	6435	-0.1497
BONZE_p_TCGAb56_SNP_1N_GenomeWideSNP_6_G02_666960	21	23655900	23664658	9	-1.2977
BONZE_p_TCGAb56_SNP_1N_GenomeWideSNP_6_G02_666960	21	23666999	28280351	3543	-0.191
BONZE_p_TCGAb56_SNP_1N_GenomeWideSNP_6_G02_666960	21	28280513	28283604	5	-1.0993
BONZE_p_TCGAb56_SNP_1N_GenomeWideSNP_6_G02_666960	21	28284150	48096957	14388	-0.1038
BONZE_p_TCGAb56_SNP_1N_GenomeWideSNP_6_G02_666960	22	16052528	18055605	782	0.0886
BONZE_p_TCGAb56_SNP_1N_GenomeWideSNP_6_G02_666960	22	18058748	18058885	2	2.0189
BONZE_p_TCGAb56_SNP_1N_GenomeWideSNP_6_G02_666960	22	18062891	24330218	3833	0.0902
BONZE_p_TCGAb56_SNP_1N_GenomeWideSNP_6_G02_666960	22	24330269	24331967	2	-3.0893
BONZE_p_TCGAb56_SNP_1N_GenomeWideSNP_6_G02_666960	22	24332625	24337949	4	-0.4051
BONZE_p_TCGAb56_SNP_1N_GenomeWideSNP_6_G02_666960	22	24344422	24402442	23	0.7817
BONZE_p_TCGAb56_SNP_1N_GenomeWideSNP_6_G02_666960	22	24402461	25661698	818	0.0492
BONZE_p_TCGAb56_SNP_1N_GenomeWideSNP_6_G02_666960	22	25663985	25922342	294	-0.7188
BONZE_p_TCGAb56_SNP_1N_GenomeWideSNP_6_G02_666960	22	25922347	39625068	9879	0.049
BONZE_p_TCGAb56_SNP_1N_GenomeWideSNP_6_G02_666960	22	39629096	39651966	2	-1.851
BONZE_p_TCGAb56_SNP_1N_GenomeWideSNP_6_G02_666960	22	39657567	51234455	7921	0.0992
BONZE_p_TCGAb56_SNP_1N_GenomeWideSNP_6_G02_666960	X	168477	1226875	83	0.9331
BONZE_p_TCGAb56_SNP_1N_GenomeWideSNP_6_G02_666960	X	1878446	2744996	50	-0.0988
BONZE_p_TCGAb56_SNP_1N_GenomeWideSNP_6_G02_666960	X	2748253	2751700	4	0.4229
BONZE_p_TCGAb56_SNP_1N_GenomeWideSNP_6_G02_666960	X	2751904	2885822	94	2.3519
BONZE_p_TCGAb56_SNP_1N_GenomeWideSNP_6_G02_666960	X	2893204	10734465	5957	-0.1453
BONZE_p_TCGAb56_SNP_1N_GenomeWideSNP_6_G02_666960	X	10736515	10797593	7	1.5035
BONZE_p_TCGAb56_SNP_1N_GenomeWideSNP_6_G02_666960	X	10799244	10873223	38	2.4167
BONZE_p_TCGAb56_SNP_1N_GenomeWideSNP_6_G02_666960	X	10874945	10958152	45	2.8034
BONZE_p_TCGAb56_SNP_1N_GenomeWideSNP_6_G02_666960	X	10958355	11260365	151	2.4061
BONZE_p_TCGAb56_SNP_1N_GenomeWideSNP_6_G02_666960	X	11260526	11387599	76	2.0777
BONZE_p_TCGAb56_SNP_1N_GenomeWideSNP_6_G02_666960	X	11388752	13702705	1853	-0.1676
BONZE_p_TCGAb56_SNP_1N_GenomeWideSNP_6_G02_666960	X	13702998	13974492	194	1.6621
BONZE_p_TCGAb56_SNP_1N_GenomeWideSNP_6_G02_666960	X	13975089	14065082	64	2.3774
BONZE_p_TCGAb56_SNP_1N_GenomeWideSNP_6_G02_666960	X	14068513	14261127	124	1.8388
BONZE_p_TCGAb56_SNP_1N_GenomeWideSNP_6_G02_666960	X	14265278	14965893	435	2.219
BONZE_p_TCGAb56_SNP_1N_GenomeWideSNP_6_G02_666960	X	14969926	14976159	7	1.4846
BONZE_p_TCGAb56_SNP_1N_GenomeWideSNP_6_G02_666960	X	14976431	15073462	60	0.3838
BONZE_p_TCGAb56_SNP_1N_GenomeWideSNP_6_G02_666960	X	15074185	15123566	36	1.08
BONZE_p_TCGAb56_SNP_1N_GenomeWideSNP_6_G02_666960	X	15126358	15172998	25	0.467
BONZE_p_TCGAb56_SNP_1N_GenomeWideSNP_6_G02_666960	X	15176710	15177204	3	-0.3183
BONZE_p_TCGAb56_SNP_1N_GenomeWideSNP_6_G02_666960	X	15180610	15283580	70	0.5218
BONZE_p_TCGAb56_SNP_1N_GenomeWideSNP_6_G02_666960	X	15288814	15504450	181	2.3106
BONZE_p_TCGAb56_SNP_1N_GenomeWideSNP_6_G02_666960	X	15505070	15510676	8	1.3782
BONZE_p_TCGAb56_SNP_1N_GenomeWideSNP_6_G02_666960	X	15510726	15540642	31	2.3005
BONZE_p_TCGAb56_SNP_1N_GenomeWideSNP_6_G02_666960	X	15541115	15874829	201	-0.1421
BONZE_p_TCGAb56_SNP_1N_GenomeWideSNP_6_G02_666960	X	15881251	15937218	33	1.9333
BONZE_p_TCGAb56_SNP_1N_GenomeWideSNP_6_G02_666960	X	15937975	16046023	61	2.478
BONZE_p_TCGAb56_SNP_1N_GenomeWideSNP_6_G02_666960	X	16049807	16579244	348	0.919
BONZE_p_TCGAb56_SNP_1N_GenomeWideSNP_6_G02_666960	X	16586647	16596445	9	1.4181
BONZE_p_TCGAb56_SNP_1N_GenomeWideSNP_6_G02_666960	X	16604662	17496200	517	0.7197
BONZE_p_TCGAb56_SNP_1N_GenomeWideSNP_6_G02_666960	X	17499039	17561567	43	1.0049
BONZE_p_TCGAb56_SNP_1N_GenomeWideSNP_6_G02_666960	X	17564982	17741486	102	0.6113
BONZE_p_TCGAb56_SNP_1N_GenomeWideSNP_6_G02_666960	X	17749011	17784656	16	1.3885
BONZE_p_TCGAb56_SNP_1N_GenomeWideSNP_6_G02_666960	X	17785363	18184477	210	0.5396
BONZE_p_TCGAb56_SNP_1N_GenomeWideSNP_6_G02_666960	X	18185508	18217539	18	1.1495
BONZE_p_TCGAb56_SNP_1N_GenomeWideSNP_6_G02_666960	X	18218713	20357355	1068	0.2885
BONZE_p_TCGAb56_SNP_1N_GenomeWideSNP_6_G02_666960	X	20357552	20942438	335	-0.0879
BONZE_p_TCGAb56_SNP_1N_GenomeWideSNP_6_G02_666960	X	20943747	21536794	231	0.215
BONZE_p_TCGAb56_SNP_1N_GenomeWideSNP_6_G02_666960	X	21539714	21683547	58	0.7038
BONZE_p_TCGAb56_SNP_1N_GenomeWideSNP_6_G02_666960	X	21691203	22093306	252	1.2406
BONZE_p_TCGAb56_SNP_1N_GenomeWideSNP_6_G02_666960	X	22094881	22619222	501	0.3079
BONZE_p_TCGAb56_SNP_1N_GenomeWideSNP_6_G02_666960	X	22623759	22626065	4	1.0805
BONZE_p_TCGAb56_SNP_1N_GenomeWideSNP_6_G02_666960	X	22633753	22661059	33	1.9183
BONZE_p_TCGAb56_SNP_1N_GenomeWideSNP_6_G02_666960	X	22667173	22943674	241	1.3038
BONZE_p_TCGAb56_SNP_1N_GenomeWideSNP_6_G02_666960	X	22946437	22982459	33	1.8741
BONZE_p_TCGAb56_SNP_1N_GenomeWideSNP_6_G02_666960	X	22983765	23167163	151	1.1491
BONZE_p_TCGAb56_SNP_1N_GenomeWideSNP_6_G02_666960	X	23167210	23214048	51	1.888
BONZE_p_TCGAb56_SNP_1N_GenomeWideSNP_6_G02_666960	X	23218718	23428360	192	1.209
BONZE_p_TCGAb56_SNP_1N_GenomeWideSNP_6_G02_666960	X	23431452	23594111	93	2.3963
BONZE_p_TCGAb56_SNP_1N_GenomeWideSNP_6_G02_666960	X	23594450	24234497	408	0.5069
BONZE_p_TCGAb56_SNP_1N_GenomeWideSNP_6_G02_666960	X	24234646	24314503	63	1.1864
BONZE_p_TCGAb56_SNP_1N_GenomeWideSNP_6_G02_666960	X	24315358	24571258	173	1.5736
BONZE_p_TCGAb56_SNP_1N_GenomeWideSNP_6_G02_666960	X	24571470	24737066	88	0.9761
BONZE_p_TCGAb56_SNP_1N_GenomeWideSNP_6_G02_666960	X	24743174	26763797	1230	0.1538
BONZE_p_TCGAb56_SNP_1N_GenomeWideSNP_6_G02_666960	X	26768241	35598591	5947	-0.2066
BONZE_p_TCGAb56_SNP_1N_GenomeWideSNP_6_G02_666960	X	35605128	35763165	99	1.1426
BONZE_p_TCGAb56_SNP_1N_GenomeWideSNP_6_G02_666960	X	35765240	36059741	196	-0.2076
BONZE_p_TCGAb56_SNP_1N_GenomeWideSNP_6_G02_666960	X	36061797	36130213	40	1.0512
BONZE_p_TCGAb56_SNP_1N_GenomeWideSNP_6_G02_666960	X	36130380	36920204	469	-0.2079
BONZE_p_TCGAb56_SNP_1N_GenomeWideSNP_6_G02_666960	X	36923762	37152073	51	0.1191
BONZE_p_TCGAb56_SNP_1N_GenomeWideSNP_6_G02_666960	X	37158047	37606746	217	-0.2259
BONZE_p_TCGAb56_SNP_1N_GenomeWideSNP_6_G02_666960	X	37609402	38102992	351	0.373
BONZE_p_TCGAb56_SNP_1N_GenomeWideSNP_6_G02_666960	X	38105242	38141794	36	0.6889
BONZE_p_TCGAb56_SNP_1N_GenomeWideSNP_6_G02_666960	X	38142105	41860562	2181	-0.2311
BONZE_p_TCGAb56_SNP_1N_GenomeWideSNP_6_G02_666960	X	41870866	42284073	226	1.0144
BONZE_p_TCGAb56_SNP_1N_GenomeWideSNP_6_G02_666960	X	42293614	42424592	55	0.5836
BONZE_p_TCGAb56_SNP_1N_GenomeWideSNP_6_G02_666960	X	42427290	42494952	25	-0.2066
BONZE_p_TCGAb56_SNP_1N_GenomeWideSNP_6_G02_666960	X	42495269	42704455	156	0.3464
BONZE_p_TCGAb56_SNP_1N_GenomeWideSNP_6_G02_666960	X	42711946	43632944	496	-0.1687
BONZE_p_TCGAb56_SNP_1N_GenomeWideSNP_6_G02_666960	X	43633740	43684396	45	0.5304
BONZE_p_TCGAb56_SNP_1N_GenomeWideSNP_6_G02_666960	X	43687278	44206117	323	1.2039
BONZE_p_TCGAb56_SNP_1N_GenomeWideSNP_6_G02_666960	X	44211012	44288512	51	0.888
BONZE_p_TCGAb56_SNP_1N_GenomeWideSNP_6_G02_666960	X	44290109	44887970	286	-0.2253
BONZE_p_TCGAb56_SNP_1N_GenomeWideSNP_6_G02_666960	X	44890582	44977417	32	1.0001
BONZE_p_TCGAb56_SNP_1N_GenomeWideSNP_6_G02_666960	X	44981151	45794489	441	0.5125
BONZE_p_TCGAb56_SNP_1N_GenomeWideSNP_6_G02_666960	X	45794827	45813458	12	-0.1179
BONZE_p_TCGAb56_SNP_1N_GenomeWideSNP_6_G02_666960	X	45813512	46057263	110	0.3429
BONZE_p_TCGAb56_SNP_1N_GenomeWideSNP_6_G02_666960	X	46060706	46205242	89	1.0005
BONZE_p_TCGAb56_SNP_1N_GenomeWideSNP_6_G02_666960	X	46209518	46427555	113	0.3529
BONZE_p_TCGAb56_SNP_1N_GenomeWideSNP_6_G02_666960	X	46435368	46558231	63	1.1135
BONZE_p_TCGAb56_SNP_1N_GenomeWideSNP_6_G02_666960	X	46558807	47653415	555	0.774
BONZE_p_TCGAb56_SNP_1N_GenomeWideSNP_6_G02_666960	X	47653738	47900219	156	0.2996
BONZE_p_TCGAb56_SNP_1N_GenomeWideSNP_6_G02_666960	X	47903304	48034527	78	0.576
BONZE_p_TCGAb56_SNP_1N_GenomeWideSNP_6_G02_666960	X	48039350	57413442	4014	-0.088
BONZE_p_TCGAb56_SNP_1N_GenomeWideSNP_6_G02_666960	X	57416465	57438546	14	0.5544
BONZE_p_TCGAb56_SNP_1N_GenomeWideSNP_6_G02_666960	X	57443907	62410541	541	-0.0839
BONZE_p_TCGAb56_SNP_1N_GenomeWideSNP_6_G02_666960	X	62433552	62505868	28	0.2871
BONZE_p_TCGAb56_SNP_1N_GenomeWideSNP_6_G02_666960	X	62517002	126568461	33865	-0.07
BONZE_p_TCGAb56_SNP_1N_GenomeWideSNP_6_G02_666960	X	126573294	127514093	523	0.3453
BONZE_p_TCGAb56_SNP_1N_GenomeWideSNP_6_G02_666960	X	127517415	132015484	2480	-0.2062
BONZE_p_TCGAb56_SNP_1N_GenomeWideSNP_6_G02_666960	X	132021853	132436373	205	0.5119
BONZE_p_TCGAb56_SNP_1N_GenomeWideSNP_6_G02_666960	X	132439774	132454249	14	-0.1145
BONZE_p_TCGAb56_SNP_1N_GenomeWideSNP_6_G02_666960	X	132455572	132456143	3	0.5119
BONZE_p_TCGAb56_SNP_1N_GenomeWideSNP_6_G02_666960	X	132458832	132471757	19	1.0698
BONZE_p_TCGAb56_SNP_1N_GenomeWideSNP_6_G02_666960	X	132472605	132596189	60	0.5064
BONZE_p_TCGAb56_SNP_1N_GenomeWideSNP_6_G02_666960	X	132598333	134759451	1069	-0.2
BONZE_p_TCGAb56_SNP_1N_GenomeWideSNP_6_G02_666960	X	134764518	134868137	65	0.3846
BONZE_p_TCGAb56_SNP_1N_GenomeWideSNP_6_G02_666960	X	134874379	134976528	46	-0.1838
BONZE_p_TCGAb56_SNP_1N_GenomeWideSNP_6_G02_666960	X	134976545	136084543	642	0.5048
BONZE_p_TCGAb56_SNP_1N_GenomeWideSNP_6_G02_666960	X	136090160	142685362	4278	-0.2033
BONZE_p_TCGAb56_SNP_1N_GenomeWideSNP_6_G02_666960	X	142695446	143217769	349	0.3527
BONZE_p_TCGAb56_SNP_1N_GenomeWideSNP_6_G02_666960	X	143227581	143626060	206	-0.2339
BONZE_p_TCGAb56_SNP_1N_GenomeWideSNP_6_G02_666960	X	143631490	143637684	4	-1.1302
BONZE_p_TCGAb56_SNP_1N_GenomeWideSNP_6_G02_666960	X	143638124	145133362	1040	-0.2115
BONZE_p_TCGAb56_SNP_1N_GenomeWideSNP_6_G02_666960	X	145136044	145620510	414	0.6872
BONZE_p_TCGAb56_SNP_1N_GenomeWideSNP_6_G02_666960	X	145620672	146143159	332	0.1328
BONZE_p_TCGAb56_SNP_1N_GenomeWideSNP_6_G02_666960	X	146147683	155182354	5149	-0.2138
BONZE_p_TCGAb56_SNP_1N_GenomeWideSNP_6_G02_666960	Y	2650438	6113957	867	-2.2002
BONZE_p_TCGAb56_SNP_1N_GenomeWideSNP_6_G02_666960	Y	6117910	15595049	2690	-2.5564
BONZE_p_TCGAb56_SNP_1N_GenomeWideSNP_6_G02_666960	Y	15600886	16133498	231	-2.041
BONZE_p_TCGAb56_SNP_1N_GenomeWideSNP_6_G02_666960	Y	16136055	16944936	456	-2.7222
BONZE_p_TCGAb56_SNP_1N_GenomeWideSNP_6_G02_666960	Y	16946636	16954110	8	-5.2066
BONZE_p_TCGAb56_SNP_1N_GenomeWideSNP_6_G02_666960	Y	16954336	23960781	3157	-2.5446
BONZE_p_TCGAb56_SNP_1N_GenomeWideSNP_6_G02_666960	Y	23965023	23994788	15	-4.5655
BONZE_p_TCGAb56_SNP_1N_GenomeWideSNP_6_G02_666960	Y	23995393	26427083	522	-2.6022
BONZE_p_TCGAb56_SNP_1N_GenomeWideSNP_6_G02_666960	Y	26427522	26510575	28	-0.6957
BONZE_p_TCGAb56_SNP_1N_GenomeWideSNP_6_G02_666960	Y	26510799	59018259	617	-2.2289
