Sample	Chromosome	Start	End	Num_Probes	Segment_Mean
BONZE_p_TCGAb56_SNP_1N_GenomeWideSNP_6_C12_666880	1	61735	16830583	8725	0.0095
BONZE_p_TCGAb56_SNP_1N_GenomeWideSNP_6_C12_666880	1	16830820	16970178	44	-0.4171
BONZE_p_TCGAb56_SNP_1N_GenomeWideSNP_6_C12_666880	1	16970311	17109281	56	-0.0555
BONZE_p_TCGAb56_SNP_1N_GenomeWideSNP_6_C12_666880	1	17111296	17114634	5	-1.3153
BONZE_p_TCGAb56_SNP_1N_GenomeWideSNP_6_C12_666880	1	17114712	25583341	5335	9e-04
BONZE_p_TCGAb56_SNP_1N_GenomeWideSNP_6_C12_666880	1	25593128	25646184	24	-1.6044
BONZE_p_TCGAb56_SNP_1N_GenomeWideSNP_6_C12_666880	1	25646689	35102654	4971	0.0023
BONZE_p_TCGAb56_SNP_1N_GenomeWideSNP_6_C12_666880	1	35102670	35104491	19	-0.5834
BONZE_p_TCGAb56_SNP_1N_GenomeWideSNP_6_C12_666880	1	35114268	48881591	7768	-0.0126
BONZE_p_TCGAb56_SNP_1N_GenomeWideSNP_6_C12_666880	1	48884819	48885195	2	-2.3557
BONZE_p_TCGAb56_SNP_1N_GenomeWideSNP_6_C12_666880	1	48885662	60977302	7856	0.0064
BONZE_p_TCGAb56_SNP_1N_GenomeWideSNP_6_C12_666880	1	60983201	60983285	2	-2.3018
BONZE_p_TCGAb56_SNP_1N_GenomeWideSNP_6_C12_666880	1	60983620	104157161	28375	0.0022
BONZE_p_TCGAb56_SNP_1N_GenomeWideSNP_6_C12_666880	1	104157317	104303403	33	-0.6699
BONZE_p_TCGAb56_SNP_1N_GenomeWideSNP_6_C12_666880	1	104303501	110227515	3604	-0.0088
BONZE_p_TCGAb56_SNP_1N_GenomeWideSNP_6_C12_666880	1	110232974	110240178	17	0.5955
BONZE_p_TCGAb56_SNP_1N_GenomeWideSNP_6_C12_666880	1	110242953	144045200	7190	-0.003
BONZE_p_TCGAb56_SNP_1N_GenomeWideSNP_6_C12_666880	1	144045248	152555527	2830	0.6566
BONZE_p_TCGAb56_SNP_1N_GenomeWideSNP_6_C12_666880	1	152555706	152586594	35	1.7512
BONZE_p_TCGAb56_SNP_1N_GenomeWideSNP_6_C12_666880	1	152590494	152761923	172	0.688
BONZE_p_TCGAb56_SNP_1N_GenomeWideSNP_6_C12_666880	1	152761939	152768700	36	1.1525
BONZE_p_TCGAb56_SNP_1N_GenomeWideSNP_6_C12_666880	1	152773905	189648157	24812	0.7042
BONZE_p_TCGAb56_SNP_1N_GenomeWideSNP_6_C12_666880	1	189648483	189648527	2	-2.7147
BONZE_p_TCGAb56_SNP_1N_GenomeWideSNP_6_C12_666880	1	189652047	196812507	4839	0.7228
BONZE_p_TCGAb56_SNP_1N_GenomeWideSNP_6_C12_666880	1	196812530	196816730	3	-0.7475
BONZE_p_TCGAb56_SNP_1N_GenomeWideSNP_6_C12_666880	1	196823317	223631609	18152	0.7082
BONZE_p_TCGAb56_SNP_1N_GenomeWideSNP_6_C12_666880	1	223631702	223633353	2	-1.5847
BONZE_p_TCGAb56_SNP_1N_GenomeWideSNP_6_C12_666880	1	223633385	229811169	3737	0.6957
BONZE_p_TCGAb56_SNP_1N_GenomeWideSNP_6_C12_666880	1	229816856	229820196	3	-2.6937
BONZE_p_TCGAb56_SNP_1N_GenomeWideSNP_6_C12_666880	1	229820456	249224388	14065	0.7185
BONZE_p_TCGAb56_SNP_1N_GenomeWideSNP_6_C12_666880	2	12784	18173675	13561	0.0062
BONZE_p_TCGAb56_SNP_1N_GenomeWideSNP_6_C12_666880	2	18173841	18206194	54	0.4925
BONZE_p_TCGAb56_SNP_1N_GenomeWideSNP_6_C12_666880	2	18206219	34691069	10499	0.0037
BONZE_p_TCGAb56_SNP_1N_GenomeWideSNP_6_C12_666880	2	34699315	34737163	47	0.5983
BONZE_p_TCGAb56_SNP_1N_GenomeWideSNP_6_C12_666880	2	34737556	87128201	35095	-0.0051
BONZE_p_TCGAb56_SNP_1N_GenomeWideSNP_6_C12_666880	2	87129203	87137385	2	-2.0965
BONZE_p_TCGAb56_SNP_1N_GenomeWideSNP_6_C12_666880	2	87161853	97876200	2048	0.0028
BONZE_p_TCGAb56_SNP_1N_GenomeWideSNP_6_C12_666880	2	97876273	97876806	2	-2.1355
BONZE_p_TCGAb56_SNP_1N_GenomeWideSNP_6_C12_666880	2	97877001	106146307	4964	-0.0122
BONZE_p_TCGAb56_SNP_1N_GenomeWideSNP_6_C12_666880	2	106146375	106152104	2	-2.0949
BONZE_p_TCGAb56_SNP_1N_GenomeWideSNP_6_C12_666880	2	106152252	199861714	56518	-0.0073
BONZE_p_TCGAb56_SNP_1N_GenomeWideSNP_6_C12_666880	2	199862392	199864173	2	-2.747
BONZE_p_TCGAb56_SNP_1N_GenomeWideSNP_6_C12_666880	2	199866136	243089456	27281	5e-04
BONZE_p_TCGAb56_SNP_1N_GenomeWideSNP_6_C12_666880	3	60345	47057868	33397	-0.003
BONZE_p_TCGAb56_SNP_1N_GenomeWideSNP_6_C12_666880	3	47058424	50092239	1133	-0.6601
BONZE_p_TCGAb56_SNP_1N_GenomeWideSNP_6_C12_666880	3	50093323	68747012	13340	0.0146
BONZE_p_TCGAb56_SNP_1N_GenomeWideSNP_6_C12_666880	3	68747243	68747413	5	-1.2326
BONZE_p_TCGAb56_SNP_1N_GenomeWideSNP_6_C12_666880	3	68748758	75568549	4935	0.0083
BONZE_p_TCGAb56_SNP_1N_GenomeWideSNP_6_C12_666880	3	75572549	75586805	5	-2.2235
BONZE_p_TCGAb56_SNP_1N_GenomeWideSNP_6_C12_666880	3	75595181	98937784	11009	-0.003
BONZE_p_TCGAb56_SNP_1N_GenomeWideSNP_6_C12_666880	3	98944458	98949301	35	-0.5869
BONZE_p_TCGAb56_SNP_1N_GenomeWideSNP_6_C12_666880	3	98949308	131706617	19981	-0.0025
BONZE_p_TCGAb56_SNP_1N_GenomeWideSNP_6_C12_666880	3	131706696	131708471	3	-1.8132
BONZE_p_TCGAb56_SNP_1N_GenomeWideSNP_6_C12_666880	3	131714999	142554789	6600	0.0118
BONZE_p_TCGAb56_SNP_1N_GenomeWideSNP_6_C12_666880	3	142554993	142563368	6	-1.0353
BONZE_p_TCGAb56_SNP_1N_GenomeWideSNP_6_C12_666880	3	142564507	148962976	4139	-0.0148
BONZE_p_TCGAb56_SNP_1N_GenomeWideSNP_6_C12_666880	3	148963395	148963993	10	-1.2163
BONZE_p_TCGAb56_SNP_1N_GenomeWideSNP_6_C12_666880	3	148964014	162513149	8366	-0.013
BONZE_p_TCGAb56_SNP_1N_GenomeWideSNP_6_C12_666880	3	162513459	162546229	20	-0.6872
BONZE_p_TCGAb56_SNP_1N_GenomeWideSNP_6_C12_666880	3	162547509	191912870	18530	-0.0089
BONZE_p_TCGAb56_SNP_1N_GenomeWideSNP_6_C12_666880	3	191913076	191914808	2	-2.6767
BONZE_p_TCGAb56_SNP_1N_GenomeWideSNP_6_C12_666880	3	191917368	192880587	716	-0.0319
BONZE_p_TCGAb56_SNP_1N_GenomeWideSNP_6_C12_666880	3	192880726	192886435	12	-1.153
BONZE_p_TCGAb56_SNP_1N_GenomeWideSNP_6_C12_666880	3	192886458	197896118	2705	0.0027
BONZE_p_TCGAb56_SNP_1N_GenomeWideSNP_6_C12_666880	4	12281	10214160	5804	0
BONZE_p_TCGAb56_SNP_1N_GenomeWideSNP_6_C12_666880	4	10223416	10234608	31	0.615
BONZE_p_TCGAb56_SNP_1N_GenomeWideSNP_6_C12_666880	4	10235007	64693940	33636	-4e-04
BONZE_p_TCGAb56_SNP_1N_GenomeWideSNP_6_C12_666880	4	64697469	64704293	7	-1.539
BONZE_p_TCGAb56_SNP_1N_GenomeWideSNP_6_C12_666880	4	64705156	64707581	15	-0.4549
BONZE_p_TCGAb56_SNP_1N_GenomeWideSNP_6_C12_666880	4	64707605	64708258	7	-2.8916
BONZE_p_TCGAb56_SNP_1N_GenomeWideSNP_6_C12_666880	4	64716431	69375160	2886	-0.0151
BONZE_p_TCGAb56_SNP_1N_GenomeWideSNP_6_C12_666880	4	69375348	69484109	60	-0.5033
BONZE_p_TCGAb56_SNP_1N_GenomeWideSNP_6_C12_666880	4	69485840	70123510	330	-0.0818
BONZE_p_TCGAb56_SNP_1N_GenomeWideSNP_6_C12_666880	4	70127644	70231799	54	-0.6708
BONZE_p_TCGAb56_SNP_1N_GenomeWideSNP_6_C12_666880	4	70232022	108051500	22923	-0.0031
BONZE_p_TCGAb56_SNP_1N_GenomeWideSNP_6_C12_666880	4	108065751	108066842	12	-1.0021
BONZE_p_TCGAb56_SNP_1N_GenomeWideSNP_6_C12_666880	4	108068235	172369346	39210	-0.0039
BONZE_p_TCGAb56_SNP_1N_GenomeWideSNP_6_C12_666880	4	172374884	172377458	9	1.5809
BONZE_p_TCGAb56_SNP_1N_GenomeWideSNP_6_C12_666880	4	172377710	191027923	12540	-0.0035
BONZE_p_TCGAb56_SNP_1N_GenomeWideSNP_6_C12_666880	5	15532	180790320	113154	-0.0037
BONZE_p_TCGAb56_SNP_1N_GenomeWideSNP_6_C12_666880	6	149661	23743017	18237	0.0018
BONZE_p_TCGAb56_SNP_1N_GenomeWideSNP_6_C12_666880	6	23744672	23745430	2	-2.8055
BONZE_p_TCGAb56_SNP_1N_GenomeWideSNP_6_C12_666880	6	23747732	31280823	4195	-0.0109
BONZE_p_TCGAb56_SNP_1N_GenomeWideSNP_6_C12_666880	6	31286276	31295406	7	-1.8186
BONZE_p_TCGAb56_SNP_1N_GenomeWideSNP_6_C12_666880	6	31295953	32454523	515	0.0408
BONZE_p_TCGAb56_SNP_1N_GenomeWideSNP_6_C12_666880	6	32456683	32605576	54	0.6062
BONZE_p_TCGAb56_SNP_1N_GenomeWideSNP_6_C12_666880	6	32605884	57414509	15830	-0.0051
BONZE_p_TCGAb56_SNP_1N_GenomeWideSNP_6_C12_666880	6	57418636	57418848	2	-2.36
BONZE_p_TCGAb56_SNP_1N_GenomeWideSNP_6_C12_666880	6	57418923	77428589	10229	-0.0148
BONZE_p_TCGAb56_SNP_1N_GenomeWideSNP_6_C12_666880	6	77429199	77452673	25	-0.597
BONZE_p_TCGAb56_SNP_1N_GenomeWideSNP_6_C12_666880	6	77452689	94652407	11111	4e-04
BONZE_p_TCGAb56_SNP_1N_GenomeWideSNP_6_C12_666880	6	94652540	94657564	2	-2.0989
BONZE_p_TCGAb56_SNP_1N_GenomeWideSNP_6_C12_666880	6	94659532	103734803	5472	-0.0112
BONZE_p_TCGAb56_SNP_1N_GenomeWideSNP_6_C12_666880	6	103734816	103751564	23	-0.3601
BONZE_p_TCGAb56_SNP_1N_GenomeWideSNP_6_C12_666880	6	103751877	103762061	26	-1.1569
BONZE_p_TCGAb56_SNP_1N_GenomeWideSNP_6_C12_666880	6	103765470	124431774	12703	-0.0052
BONZE_p_TCGAb56_SNP_1N_GenomeWideSNP_6_C12_666880	6	124435941	124471533	22	0.4877
BONZE_p_TCGAb56_SNP_1N_GenomeWideSNP_6_C12_666880	6	124473999	171051005	31534	-0.0063
BONZE_p_TCGAb56_SNP_1N_GenomeWideSNP_6_C12_666880	7	43355	54380373	38571	0.0021
BONZE_p_TCGAb56_SNP_1N_GenomeWideSNP_6_C12_666880	7	54386505	54386517	6	-1.6273
BONZE_p_TCGAb56_SNP_1N_GenomeWideSNP_6_C12_666880	7	54393488	66629240	3891	-0.0041
BONZE_p_TCGAb56_SNP_1N_GenomeWideSNP_6_C12_666880	7	66629329	66645232	8	-1.3857
BONZE_p_TCGAb56_SNP_1N_GenomeWideSNP_6_C12_666880	7	66647639	66665886	5	0.2975
BONZE_p_TCGAb56_SNP_1N_GenomeWideSNP_6_C12_666880	7	66668228	66672116	4	-1.4883
BONZE_p_TCGAb56_SNP_1N_GenomeWideSNP_6_C12_666880	7	66676262	70419818	2385	0.0162
BONZE_p_TCGAb56_SNP_1N_GenomeWideSNP_6_C12_666880	7	70420438	70426141	3	-1.8365
BONZE_p_TCGAb56_SNP_1N_GenomeWideSNP_6_C12_666880	7	70428243	84164108	7648	-0.0047
BONZE_p_TCGAb56_SNP_1N_GenomeWideSNP_6_C12_666880	7	84164755	84165788	4	-2.6297
BONZE_p_TCGAb56_SNP_1N_GenomeWideSNP_6_C12_666880	7	84166793	126044487	24939	-0.005
BONZE_p_TCGAb56_SNP_1N_GenomeWideSNP_6_C12_666880	7	126044513	126046878	19	0.939
BONZE_p_TCGAb56_SNP_1N_GenomeWideSNP_6_C12_666880	7	126046879	142275144	10338	1e-04
BONZE_p_TCGAb56_SNP_1N_GenomeWideSNP_6_C12_666880	7	142275596	142464572	83	0.3558
BONZE_p_TCGAb56_SNP_1N_GenomeWideSNP_6_C12_666880	7	142465295	159127004	10620	-0.0019
BONZE_p_TCGAb56_SNP_1N_GenomeWideSNP_6_C12_666880	8	31254	2701934	2123	0.0213
BONZE_p_TCGAb56_SNP_1N_GenomeWideSNP_6_C12_666880	8	2703533	2703899	7	-1.0739
BONZE_p_TCGAb56_SNP_1N_GenomeWideSNP_6_C12_666880	8	2707171	4003305	1676	-0.0106
BONZE_p_TCGAb56_SNP_1N_GenomeWideSNP_6_C12_666880	8	4003463	4003478	2	-2.5287
BONZE_p_TCGAb56_SNP_1N_GenomeWideSNP_6_C12_666880	8	4003561	7238019	4049	0.0038
BONZE_p_TCGAb56_SNP_1N_GenomeWideSNP_6_C12_666880	8	7250380	7809906	151	0.4471
BONZE_p_TCGAb56_SNP_1N_GenomeWideSNP_6_C12_666880	8	7826922	12198254	3304	0.012
BONZE_p_TCGAb56_SNP_1N_GenomeWideSNP_6_C12_666880	8	12216009	12420090	95	0.3088
BONZE_p_TCGAb56_SNP_1N_GenomeWideSNP_6_C12_666880	8	12420155	13046212	499	0.0021
BONZE_p_TCGAb56_SNP_1N_GenomeWideSNP_6_C12_666880	8	13046662	13047011	3	-1.4304
BONZE_p_TCGAb56_SNP_1N_GenomeWideSNP_6_C12_666880	8	13048016	13705819	699	-0.0141
BONZE_p_TCGAb56_SNP_1N_GenomeWideSNP_6_C12_666880	8	13707766	13709974	2	-1.8997
BONZE_p_TCGAb56_SNP_1N_GenomeWideSNP_6_C12_666880	8	13710927	15833227	1987	1e-04
BONZE_p_TCGAb56_SNP_1N_GenomeWideSNP_6_C12_666880	8	15835240	15835293	2	-2.3216
BONZE_p_TCGAb56_SNP_1N_GenomeWideSNP_6_C12_666880	8	15836084	18265154	2154	-0.0084
BONZE_p_TCGAb56_SNP_1N_GenomeWideSNP_6_C12_666880	8	18266157	18271185	4	-2.2839
BONZE_p_TCGAb56_SNP_1N_GenomeWideSNP_6_C12_666880	8	18271387	24974476	5093	0.0106
BONZE_p_TCGAb56_SNP_1N_GenomeWideSNP_6_C12_666880	8	24974522	24984250	24	-1.9675
BONZE_p_TCGAb56_SNP_1N_GenomeWideSNP_6_C12_666880	8	24984333	31722302	4644	0.0021
BONZE_p_TCGAb56_SNP_1N_GenomeWideSNP_6_C12_666880	8	31724648	31773564	42	0.4301
BONZE_p_TCGAb56_SNP_1N_GenomeWideSNP_6_C12_666880	8	31778017	39230325	4359	0.0089
BONZE_p_TCGAb56_SNP_1N_GenomeWideSNP_6_C12_666880	8	39230659	39386965	60	0.6191
BONZE_p_TCGAb56_SNP_1N_GenomeWideSNP_6_C12_666880	8	39388299	112295081	42069	-0.0034
BONZE_p_TCGAb56_SNP_1N_GenomeWideSNP_6_C12_666880	8	112295202	112295260	3	-2.7402
BONZE_p_TCGAb56_SNP_1N_GenomeWideSNP_6_C12_666880	8	112300281	136767239	17062	-0.004
BONZE_p_TCGAb56_SNP_1N_GenomeWideSNP_6_C12_666880	8	136767285	136775719	5	1.1121
BONZE_p_TCGAb56_SNP_1N_GenomeWideSNP_6_C12_666880	8	136778215	137677896	693	0.0129
BONZE_p_TCGAb56_SNP_1N_GenomeWideSNP_6_C12_666880	8	137681619	137862435	176	-0.8707
BONZE_p_TCGAb56_SNP_1N_GenomeWideSNP_6_C12_666880	8	137863407	142584957	3563	0.0148
BONZE_p_TCGAb56_SNP_1N_GenomeWideSNP_6_C12_666880	8	142586110	142590596	2	1.9894
BONZE_p_TCGAb56_SNP_1N_GenomeWideSNP_6_C12_666880	8	142595796	146298155	1440	0.0271
BONZE_p_TCGAb56_SNP_1N_GenomeWideSNP_6_C12_666880	9	46587	141091394	79944	9e-04
BONZE_p_TCGAb56_SNP_1N_GenomeWideSNP_6_C12_666880	10	72759	17894976	14890	0.0044
BONZE_p_TCGAb56_SNP_1N_GenomeWideSNP_6_C12_666880	10	17927554	17949857	3	-1.946
BONZE_p_TCGAb56_SNP_1N_GenomeWideSNP_6_C12_666880	10	17971816	21132859	2420	0.0104
BONZE_p_TCGAb56_SNP_1N_GenomeWideSNP_6_C12_666880	10	21133105	21136860	6	-0.9493
BONZE_p_TCGAb56_SNP_1N_GenomeWideSNP_6_C12_666880	10	21137746	27223903	3933	0.0026
BONZE_p_TCGAb56_SNP_1N_GenomeWideSNP_6_C12_666880	10	27225904	27229993	14	0.6617
BONZE_p_TCGAb56_SNP_1N_GenomeWideSNP_6_C12_666880	10	27230675	46511281	10320	0.0057
BONZE_p_TCGAb56_SNP_1N_GenomeWideSNP_6_C12_666880	10	46527677	47548138	185	-0.4477
BONZE_p_TCGAb56_SNP_1N_GenomeWideSNP_6_C12_666880	10	47550096	51830360	1955	0.0065
BONZE_p_TCGAb56_SNP_1N_GenomeWideSNP_6_C12_666880	10	51840984	51891920	4	-2.1396
BONZE_p_TCGAb56_SNP_1N_GenomeWideSNP_6_C12_666880	10	51903768	131852305	55043	0.0053
BONZE_p_TCGAb56_SNP_1N_GenomeWideSNP_6_C12_666880	10	131856385	131901158	30	-0.7371
BONZE_p_TCGAb56_SNP_1N_GenomeWideSNP_6_C12_666880	10	131904842	135506704	2301	0.0393
BONZE_p_TCGAb56_SNP_1N_GenomeWideSNP_6_C12_666880	11	198510	2248562	726	0.0305
BONZE_p_TCGAb56_SNP_1N_GenomeWideSNP_6_C12_666880	11	2255541	2255563	2	1.7942
BONZE_p_TCGAb56_SNP_1N_GenomeWideSNP_6_C12_666880	11	2256281	4301368	1080	-0.0047
BONZE_p_TCGAb56_SNP_1N_GenomeWideSNP_6_C12_666880	11	4301376	4359288	16	-0.6697
BONZE_p_TCGAb56_SNP_1N_GenomeWideSNP_6_C12_666880	11	4384797	4970367	662	0
BONZE_p_TCGAb56_SNP_1N_GenomeWideSNP_6_C12_666880	11	4972005	4976272	23	-1.4086
BONZE_p_TCGAb56_SNP_1N_GenomeWideSNP_6_C12_666880	11	4976334	5522410	556	-0.0021
BONZE_p_TCGAb56_SNP_1N_GenomeWideSNP_6_C12_666880	11	5522528	5523593	3	-1.9879
BONZE_p_TCGAb56_SNP_1N_GenomeWideSNP_6_C12_666880	11	5524464	5787405	238	0.0241
BONZE_p_TCGAb56_SNP_1N_GenomeWideSNP_6_C12_666880	11	5788080	5812360	35	-0.4967
BONZE_p_TCGAb56_SNP_1N_GenomeWideSNP_6_C12_666880	11	5816186	9592452	2637	0.0089
BONZE_p_TCGAb56_SNP_1N_GenomeWideSNP_6_C12_666880	11	9606295	10436036	567	-0.6647
BONZE_p_TCGAb56_SNP_1N_GenomeWideSNP_6_C12_666880	11	10437339	10437501	2	-2.5959
BONZE_p_TCGAb56_SNP_1N_GenomeWideSNP_6_C12_666880	11	10438353	12119682	1523	-0.6759
BONZE_p_TCGAb56_SNP_1N_GenomeWideSNP_6_C12_666880	11	12119767	18929815	4681	0.015
BONZE_p_TCGAb56_SNP_1N_GenomeWideSNP_6_C12_666880	11	18931328	18961935	68	0.4958
BONZE_p_TCGAb56_SNP_1N_GenomeWideSNP_6_C12_666880	11	18961988	134944770	74336	0.0024
BONZE_p_TCGAb56_SNP_1N_GenomeWideSNP_6_C12_666880	12	150442	2248181	1273	0.0312
BONZE_p_TCGAb56_SNP_1N_GenomeWideSNP_6_C12_666880	12	2250068	2257920	36	-0.6838
BONZE_p_TCGAb56_SNP_1N_GenomeWideSNP_6_C12_666880	12	2258023	9630556	4894	0.0054
BONZE_p_TCGAb56_SNP_1N_GenomeWideSNP_6_C12_666880	12	9633870	9728292	25	-1.166
BONZE_p_TCGAb56_SNP_1N_GenomeWideSNP_6_C12_666880	12	9734969	11504091	1187	-0.0514
BONZE_p_TCGAb56_SNP_1N_GenomeWideSNP_6_C12_666880	12	11511577	11536114	24	-0.7722
BONZE_p_TCGAb56_SNP_1N_GenomeWideSNP_6_C12_666880	12	11536115	34256892	16053	0.0064
BONZE_p_TCGAb56_SNP_1N_GenomeWideSNP_6_C12_666880	12	34256972	34264089	8	-1.1507
BONZE_p_TCGAb56_SNP_1N_GenomeWideSNP_6_C12_666880	12	34275382	45904438	5026	4e-04
BONZE_p_TCGAb56_SNP_1N_GenomeWideSNP_6_C12_666880	12	45905840	45909537	3	-1.8065
BONZE_p_TCGAb56_SNP_1N_GenomeWideSNP_6_C12_666880	12	45913292	58721056	7211	-0.0162
BONZE_p_TCGAb56_SNP_1N_GenomeWideSNP_6_C12_666880	12	58721080	58730162	7	-1.1801
BONZE_p_TCGAb56_SNP_1N_GenomeWideSNP_6_C12_666880	12	58730848	133778189	49336	0.0041
BONZE_p_TCGAb56_SNP_1N_GenomeWideSNP_6_C12_666880	13	19026949	30232477	7934	0.0022
BONZE_p_TCGAb56_SNP_1N_GenomeWideSNP_6_C12_666880	13	30236233	36524650	4547	-0.6842
BONZE_p_TCGAb56_SNP_1N_GenomeWideSNP_6_C12_666880	13	36535494	38076287	1089	-0.003
BONZE_p_TCGAb56_SNP_1N_GenomeWideSNP_6_C12_666880	13	38076300	38088374	12	0.6406
BONZE_p_TCGAb56_SNP_1N_GenomeWideSNP_6_C12_666880	13	38088387	46901183	6106	-0.0049
BONZE_p_TCGAb56_SNP_1N_GenomeWideSNP_6_C12_666880	13	46905274	48612947	1188	-0.6785
BONZE_p_TCGAb56_SNP_1N_GenomeWideSNP_6_C12_666880	13	48617200	48986473	310	-0.0137
BONZE_p_TCGAb56_SNP_1N_GenomeWideSNP_6_C12_666880	13	48987032	49346417	292	-0.7083
BONZE_p_TCGAb56_SNP_1N_GenomeWideSNP_6_C12_666880	13	49349211	50697380	652	-2.2421
BONZE_p_TCGAb56_SNP_1N_GenomeWideSNP_6_C12_666880	13	50708085	50798328	57	-3.8123
BONZE_p_TCGAb56_SNP_1N_GenomeWideSNP_6_C12_666880	13	50798613	51938708	772	-2.46
BONZE_p_TCGAb56_SNP_1N_GenomeWideSNP_6_C12_666880	13	51938876	53277672	587	-0.6743
BONZE_p_TCGAb56_SNP_1N_GenomeWideSNP_6_C12_666880	13	53278444	68074843	8857	-0.0049
BONZE_p_TCGAb56_SNP_1N_GenomeWideSNP_6_C12_666880	13	68076885	69705563	1025	-0.6955
BONZE_p_TCGAb56_SNP_1N_GenomeWideSNP_6_C12_666880	13	69707843	70716620	598	-0.012
BONZE_p_TCGAb56_SNP_1N_GenomeWideSNP_6_C12_666880	13	70721507	72808482	1415	-0.6955
BONZE_p_TCGAb56_SNP_1N_GenomeWideSNP_6_C12_666880	13	72809428	72816361	8	-1.9107
BONZE_p_TCGAb56_SNP_1N_GenomeWideSNP_6_C12_666880	13	72816920	73958109	800	-0.6424
BONZE_p_TCGAb56_SNP_1N_GenomeWideSNP_6_C12_666880	13	73961080	87713434	8982	-0.0042
BONZE_p_TCGAb56_SNP_1N_GenomeWideSNP_6_C12_666880	13	87713948	92440327	2841	-0.6972
BONZE_p_TCGAb56_SNP_1N_GenomeWideSNP_6_C12_666880	13	92442626	96441866	2836	0.0136
BONZE_p_TCGAb56_SNP_1N_GenomeWideSNP_6_C12_666880	13	96451701	97838270	748	-0.6584
BONZE_p_TCGAb56_SNP_1N_GenomeWideSNP_6_C12_666880	13	97841157	115108397	12649	0.0034
BONZE_p_TCGAb56_SNP_1N_GenomeWideSNP_6_C12_666880	14	19002124	24284692	2826	0.0749
BONZE_p_TCGAb56_SNP_1N_GenomeWideSNP_6_C12_666880	14	24286075	24289479	2	-2.4233
BONZE_p_TCGAb56_SNP_1N_GenomeWideSNP_6_C12_666880	14	24290047	24445024	100	0.0245
BONZE_p_TCGAb56_SNP_1N_GenomeWideSNP_6_C12_666880	14	24445634	24479387	18	-0.8819
BONZE_p_TCGAb56_SNP_1N_GenomeWideSNP_6_C12_666880	14	24479394	26708020	1537	-0.0073
BONZE_p_TCGAb56_SNP_1N_GenomeWideSNP_6_C12_666880	14	26714220	26717884	4	-1.5466
BONZE_p_TCGAb56_SNP_1N_GenomeWideSNP_6_C12_666880	14	26721993	73995774	29842	-3e-04
BONZE_p_TCGAb56_SNP_1N_GenomeWideSNP_6_C12_666880	14	74001123	74029900	10	1.1174
BONZE_p_TCGAb56_SNP_1N_GenomeWideSNP_6_C12_666880	14	74029915	106879831	20970	0.0032
BONZE_p_TCGAb56_SNP_1N_GenomeWideSNP_6_C12_666880	14	106881352	106918108	50	-0.7518
BONZE_p_TCGAb56_SNP_1N_GenomeWideSNP_6_C12_666880	14	106918649	107285437	224	-0.099
BONZE_p_TCGAb56_SNP_1N_GenomeWideSNP_6_C12_666880	15	20016328	76891511	34360	7e-04
BONZE_p_TCGAb56_SNP_1N_GenomeWideSNP_6_C12_666880	15	76891627	76892225	9	-2.2425
BONZE_p_TCGAb56_SNP_1N_GenomeWideSNP_6_C12_666880	15	76895064	76895775	11	-0.8858
BONZE_p_TCGAb56_SNP_1N_GenomeWideSNP_6_C12_666880	15	76902179	102388492	17660	0.0085
BONZE_p_TCGAb56_SNP_1N_GenomeWideSNP_6_C12_666880	15	102388641	102469040	23	-0.3707
BONZE_p_TCGAb56_SNP_1N_GenomeWideSNP_6_C12_666880	16	60777	19944363	13529	0.4329
BONZE_p_TCGAb56_SNP_1N_GenomeWideSNP_6_C12_666880	16	19945650	19965875	28	-0.0882
BONZE_p_TCGAb56_SNP_1N_GenomeWideSNP_6_C12_666880	16	19967362	35283226	7296	0.4137
BONZE_p_TCGAb56_SNP_1N_GenomeWideSNP_6_C12_666880	16	46463782	70842097	15535	-0.654
BONZE_p_TCGAb56_SNP_1N_GenomeWideSNP_6_C12_666880	16	70854381	70974609	53	0.0548
BONZE_p_TCGAb56_SNP_1N_GenomeWideSNP_6_C12_666880	16	70978087	70979717	3	-1.4723
BONZE_p_TCGAb56_SNP_1N_GenomeWideSNP_6_C12_666880	16	70983782	71202489	84	0.0609
BONZE_p_TCGAb56_SNP_1N_GenomeWideSNP_6_C12_666880	16	71202797	78371608	5232	-0.6603
BONZE_p_TCGAb56_SNP_1N_GenomeWideSNP_6_C12_666880	16	78372440	78384765	16	0.2833
BONZE_p_TCGAb56_SNP_1N_GenomeWideSNP_6_C12_666880	16	78385001	90287535	10618	-0.6522
BONZE_p_TCGAb56_SNP_1N_GenomeWideSNP_6_C12_666880	17	526	39414647	20974	0.0036
BONZE_p_TCGAb56_SNP_1N_GenomeWideSNP_6_C12_666880	17	39418372	39430531	27	0.4649
BONZE_p_TCGAb56_SNP_1N_GenomeWideSNP_6_C12_666880	17	39432724	44177458	2524	-0.0079
BONZE_p_TCGAb56_SNP_1N_GenomeWideSNP_6_C12_666880	17	44180954	44441482	123	0.5183
BONZE_p_TCGAb56_SNP_1N_GenomeWideSNP_6_C12_666880	17	44456008	54158336	5845	-0.0061
BONZE_p_TCGAb56_SNP_1N_GenomeWideSNP_6_C12_666880	17	54158456	54172823	30	-0.8097
BONZE_p_TCGAb56_SNP_1N_GenomeWideSNP_6_C12_666880	17	54173247	81049726	15785	0.001
BONZE_p_TCGAb56_SNP_1N_GenomeWideSNP_6_C12_666880	18	11543	46934646	28673	0.0045
BONZE_p_TCGAb56_SNP_1N_GenomeWideSNP_6_C12_666880	18	46935790	46952654	6	-1.0475
BONZE_p_TCGAb56_SNP_1N_GenomeWideSNP_6_C12_666880	18	46953239	78015057	22150	0.0045
BONZE_p_TCGAb56_SNP_1N_GenomeWideSNP_6_C12_666880	19	90910	4788427	1279	0.0091
BONZE_p_TCGAb56_SNP_1N_GenomeWideSNP_6_C12_666880	19	4789484	4789525	2	-2.6584
BONZE_p_TCGAb56_SNP_1N_GenomeWideSNP_6_C12_666880	19	4795342	43696975	19490	-0.0026
BONZE_p_TCGAb56_SNP_1N_GenomeWideSNP_6_C12_666880	19	43697333	43756237	23	-0.7681
BONZE_p_TCGAb56_SNP_1N_GenomeWideSNP_6_C12_666880	19	43766659	59097854	8563	0.0017
BONZE_p_TCGAb56_SNP_1N_GenomeWideSNP_6_C12_666880	20	61305	1552503	1185	0.0231
BONZE_p_TCGAb56_SNP_1N_GenomeWideSNP_6_C12_666880	20	1557190	1560999	21	-0.7255
BONZE_p_TCGAb56_SNP_1N_GenomeWideSNP_6_C12_666880	20	1561580	5436133	2859	0.0127
BONZE_p_TCGAb56_SNP_1N_GenomeWideSNP_6_C12_666880	20	5438115	5438268	2	2.3829
BONZE_p_TCGAb56_SNP_1N_GenomeWideSNP_6_C12_666880	20	5445558	62956153	38434	0.008
BONZE_p_TCGAb56_SNP_1N_GenomeWideSNP_6_C12_666880	21	10736871	48096957	24420	0.0028
BONZE_p_TCGAb56_SNP_1N_GenomeWideSNP_6_C12_666880	22	16052528	16239968	31	-0.4952
BONZE_p_TCGAb56_SNP_1N_GenomeWideSNP_6_C12_666880	22	16240345	25080112	4959	0.022
BONZE_p_TCGAb56_SNP_1N_GenomeWideSNP_6_C12_666880	22	25080426	25087674	11	-0.9652
BONZE_p_TCGAb56_SNP_1N_GenomeWideSNP_6_C12_666880	22	25087688	39290920	10469	0.0065
BONZE_p_TCGAb56_SNP_1N_GenomeWideSNP_6_C12_666880	22	39295255	39296904	3	-1.4867
BONZE_p_TCGAb56_SNP_1N_GenomeWideSNP_6_C12_666880	22	39299114	51234455	8092	0.0103
BONZE_p_TCGAb56_SNP_1N_GenomeWideSNP_6_C12_666880	X	168477	115133681	60818	0.0152
BONZE_p_TCGAb56_SNP_1N_GenomeWideSNP_6_C12_666880	X	115137955	115150638	7	-1.6163
BONZE_p_TCGAb56_SNP_1N_GenomeWideSNP_6_C12_666880	X	115156419	155182354	23790	0.0109
BONZE_p_TCGAb56_SNP_1N_GenomeWideSNP_6_C12_666880	Y	2650438	26427083	7954	-2.2901
BONZE_p_TCGAb56_SNP_1N_GenomeWideSNP_6_C12_666880	Y	26427522	26506863	26	-0.6196
BONZE_p_TCGAb56_SNP_1N_GenomeWideSNP_6_C12_666880	Y	26508486	59018259	619	-2.0231
