Sample	Chromosome	Start	End	Num_Probes	Segment_Mean
BONZE_p_TCGAb56_SNP_1N_GenomeWideSNP_6_D04_666886	1	61735	16871278	8708	0.0526
BONZE_p_TCGAb56_SNP_1N_GenomeWideSNP_6_D04_666886	1	16886135	17262232	164	0.318
BONZE_p_TCGAb56_SNP_1N_GenomeWideSNP_6_D04_666886	1	17262247	19384246	1537	0.0751
BONZE_p_TCGAb56_SNP_1N_GenomeWideSNP_6_D04_666886	1	19391108	19391132	2	-2.4376
BONZE_p_TCGAb56_SNP_1N_GenomeWideSNP_6_D04_666886	1	19391177	25583341	3720	0.0565
BONZE_p_TCGAb56_SNP_1N_GenomeWideSNP_6_D04_666886	1	25593128	25663310	32	0.5629
BONZE_p_TCGAb56_SNP_1N_GenomeWideSNP_6_D04_666886	1	25663344	26836521	554	-0.0169
BONZE_p_TCGAb56_SNP_1N_GenomeWideSNP_6_D04_666886	1	26842966	27101201	89	-1.3683
BONZE_p_TCGAb56_SNP_1N_GenomeWideSNP_6_D04_666886	1	27106855	72771143	28160	0.042
BONZE_p_TCGAb56_SNP_1N_GenomeWideSNP_6_D04_666886	1	72771367	72817021	47	0.3864
BONZE_p_TCGAb56_SNP_1N_GenomeWideSNP_6_D04_666886	1	72818599	89475255	10965	0.0517
BONZE_p_TCGAb56_SNP_1N_GenomeWideSNP_6_D04_666886	1	89477958	89478205	2	-3.5147
BONZE_p_TCGAb56_SNP_1N_GenomeWideSNP_6_D04_666886	1	89481524	104130168	9085	0.0592
BONZE_p_TCGAb56_SNP_1N_GenomeWideSNP_6_D04_666886	1	104132359	104178038	13	-0.4867
BONZE_p_TCGAb56_SNP_1N_GenomeWideSNP_6_D04_666886	1	104221531	104268222	24	0.5524
BONZE_p_TCGAb56_SNP_1N_GenomeWideSNP_6_D04_666886	1	104303403	108729759	2879	0.0645
BONZE_p_TCGAb56_SNP_1N_GenomeWideSNP_6_D04_666886	1	108734235	108734877	2	-1.4515
BONZE_p_TCGAb56_SNP_1N_GenomeWideSNP_6_D04_666886	1	108737496	152762046	10954	0.063
BONZE_p_TCGAb56_SNP_1N_GenomeWideSNP_6_D04_666886	1	152762257	152768700	32	0.6549
BONZE_p_TCGAb56_SNP_1N_GenomeWideSNP_6_D04_666886	1	152773905	174796556	14868	0.1884
BONZE_p_TCGAb56_SNP_1N_GenomeWideSNP_6_D04_666886	1	174796699	174801854	16	-1.0559
BONZE_p_TCGAb56_SNP_1N_GenomeWideSNP_6_D04_666886	1	174801872	186439536	7826	0.2095
BONZE_p_TCGAb56_SNP_1N_GenomeWideSNP_6_D04_666886	1	186441776	186442072	2	-1.6605
BONZE_p_TCGAb56_SNP_1N_GenomeWideSNP_6_D04_666886	1	186444919	189648157	2084	0.2045
BONZE_p_TCGAb56_SNP_1N_GenomeWideSNP_6_D04_666886	1	189648483	189648527	2	-3.0561
BONZE_p_TCGAb56_SNP_1N_GenomeWideSNP_6_D04_666886	1	189652047	193155792	2339	0.1882
BONZE_p_TCGAb56_SNP_1N_GenomeWideSNP_6_D04_666886	1	193156279	193156348	4	-0.9291
BONZE_p_TCGAb56_SNP_1N_GenomeWideSNP_6_D04_666886	1	193159723	202567272	6181	0.2062
BONZE_p_TCGAb56_SNP_1N_GenomeWideSNP_6_D04_666886	1	202567553	202567786	3	-1.117
BONZE_p_TCGAb56_SNP_1N_GenomeWideSNP_6_D04_666886	1	202568542	240818648	26625	0.2126
BONZE_p_TCGAb56_SNP_1N_GenomeWideSNP_6_D04_666886	1	240820516	240821073	3	-1.1341
BONZE_p_TCGAb56_SNP_1N_GenomeWideSNP_6_D04_666886	1	240825300	245332902	3124	0.2136
BONZE_p_TCGAb56_SNP_1N_GenomeWideSNP_6_D04_666886	1	245334299	245334533	2	-1.174
BONZE_p_TCGAb56_SNP_1N_GenomeWideSNP_6_D04_666886	1	245346971	246272687	764	0.2416
BONZE_p_TCGAb56_SNP_1N_GenomeWideSNP_6_D04_666886	1	246273145	246273515	3	-1.2721
BONZE_p_TCGAb56_SNP_1N_GenomeWideSNP_6_D04_666886	1	246273543	249224388	1685	0.2084
BONZE_p_TCGAb56_SNP_1N_GenomeWideSNP_6_D04_666886	2	12784	33901	11	-0.2644
BONZE_p_TCGAb56_SNP_1N_GenomeWideSNP_6_D04_666886	2	34049	4203580	2969	0.0291
BONZE_p_TCGAb56_SNP_1N_GenomeWideSNP_6_D04_666886	2	4205687	4224019	43	-0.5256
BONZE_p_TCGAb56_SNP_1N_GenomeWideSNP_6_D04_666886	2	4230062	40128877	24985	0.0604
BONZE_p_TCGAb56_SNP_1N_GenomeWideSNP_6_D04_666886	2	40129165	40130032	2	-2.059
BONZE_p_TCGAb56_SNP_1N_GenomeWideSNP_6_D04_666886	2	40130738	52741737	9143	0.0575
BONZE_p_TCGAb56_SNP_1N_GenomeWideSNP_6_D04_666886	2	52743925	52754881	8	-1.3022
BONZE_p_TCGAb56_SNP_1N_GenomeWideSNP_6_D04_666886	2	52758753	52781497	30	-0.5143
BONZE_p_TCGAb56_SNP_1N_GenomeWideSNP_6_D04_666886	2	52781504	54659313	1411	0.0559
BONZE_p_TCGAb56_SNP_1N_GenomeWideSNP_6_D04_666886	2	54659707	54659980	2	-2.4618
BONZE_p_TCGAb56_SNP_1N_GenomeWideSNP_6_D04_666886	2	54660795	98270600	22693	0.0532
BONZE_p_TCGAb56_SNP_1N_GenomeWideSNP_6_D04_666886	2	98270884	98274527	3	-1.3274
BONZE_p_TCGAb56_SNP_1N_GenomeWideSNP_6_D04_666886	2	98277322	106881633	5541	0.053
BONZE_p_TCGAb56_SNP_1N_GenomeWideSNP_6_D04_666886	2	106883229	106885357	8	0.8168
BONZE_p_TCGAb56_SNP_1N_GenomeWideSNP_6_D04_666886	2	106887255	110717090	2110	0.0788
BONZE_p_TCGAb56_SNP_1N_GenomeWideSNP_6_D04_666886	2	110741829	110854735	17	-0.5121
BONZE_p_TCGAb56_SNP_1N_GenomeWideSNP_6_D04_666886	2	110855548	111052343	72	-1.2899
BONZE_p_TCGAb56_SNP_1N_GenomeWideSNP_6_D04_666886	2	111060867	111169128	8	-0.4762
BONZE_p_TCGAb56_SNP_1N_GenomeWideSNP_6_D04_666886	2	111388632	112142905	429	0.0429
BONZE_p_TCGAb56_SNP_1N_GenomeWideSNP_6_D04_666886	2	112143413	112153109	5	-0.9526
BONZE_p_TCGAb56_SNP_1N_GenomeWideSNP_6_D04_666886	2	112158777	129638078	10780	0.0598
BONZE_p_TCGAb56_SNP_1N_GenomeWideSNP_6_D04_666886	2	129638478	129640297	14	-0.6846
BONZE_p_TCGAb56_SNP_1N_GenomeWideSNP_6_D04_666886	2	129640315	146864429	10463	0.0523
BONZE_p_TCGAb56_SNP_1N_GenomeWideSNP_6_D04_666886	2	146864443	146866934	22	0.5917
BONZE_p_TCGAb56_SNP_1N_GenomeWideSNP_6_D04_666886	2	146877806	164737075	10638	0.0506
BONZE_p_TCGAb56_SNP_1N_GenomeWideSNP_6_D04_666886	2	164737372	164737668	2	-2.0575
BONZE_p_TCGAb56_SNP_1N_GenomeWideSNP_6_D04_666886	2	164738679	208354955	26318	-0.0276
BONZE_p_TCGAb56_SNP_1N_GenomeWideSNP_6_D04_666886	2	208355178	208359336	16	-1.6023
BONZE_p_TCGAb56_SNP_1N_GenomeWideSNP_6_D04_666886	2	208359476	220266799	7558	-0.1051
BONZE_p_TCGAb56_SNP_1N_GenomeWideSNP_6_D04_666886	2	220267327	220267737	2	-2.0598
BONZE_p_TCGAb56_SNP_1N_GenomeWideSNP_6_D04_666886	2	220275225	229759479	6317	-0.106
BONZE_p_TCGAb56_SNP_1N_GenomeWideSNP_6_D04_666886	2	229759646	229759913	7	-1.8612
BONZE_p_TCGAb56_SNP_1N_GenomeWideSNP_6_D04_666886	2	229760083	242585616	8023	-0.3005
BONZE_p_TCGAb56_SNP_1N_GenomeWideSNP_6_D04_666886	2	242589861	242593114	2	-2.299
BONZE_p_TCGAb56_SNP_1N_GenomeWideSNP_6_D04_666886	2	242597318	243089456	169	-0.2035
BONZE_p_TCGAb56_SNP_1N_GenomeWideSNP_6_D04_666886	3	60345	224602	157	-0.0511
BONZE_p_TCGAb56_SNP_1N_GenomeWideSNP_6_D04_666886	3	230022	232800	4	-1.2527
BONZE_p_TCGAb56_SNP_1N_GenomeWideSNP_6_D04_666886	3	234877	37977417	27487	0.0542
BONZE_p_TCGAb56_SNP_1N_GenomeWideSNP_6_D04_666886	3	37982108	37986883	17	-1.2061
BONZE_p_TCGAb56_SNP_1N_GenomeWideSNP_6_D04_666886	3	37986928	84102222	29773	0.0565
BONZE_p_TCGAb56_SNP_1N_GenomeWideSNP_6_D04_666886	3	84105433	84106166	2	-2.8579
BONZE_p_TCGAb56_SNP_1N_GenomeWideSNP_6_D04_666886	3	84110967	129785940	25081	-0.0723
BONZE_p_TCGAb56_SNP_1N_GenomeWideSNP_6_D04_666886	3	129786209	129806236	46	-1.2835
BONZE_p_TCGAb56_SNP_1N_GenomeWideSNP_6_D04_666886	3	129806924	162508268	20266	0.0515
BONZE_p_TCGAb56_SNP_1N_GenomeWideSNP_6_D04_666886	3	162512657	162628799	76	0.5134
BONZE_p_TCGAb56_SNP_1N_GenomeWideSNP_6_D04_666886	3	162628912	169348944	3905	0.0502
BONZE_p_TCGAb56_SNP_1N_GenomeWideSNP_6_D04_666886	3	169349862	169350604	2	-1.7574
BONZE_p_TCGAb56_SNP_1N_GenomeWideSNP_6_D04_666886	3	169352458	182721537	8291	0.0468
BONZE_p_TCGAb56_SNP_1N_GenomeWideSNP_6_D04_666886	3	182727000	182824871	52	-0.2364
BONZE_p_TCGAb56_SNP_1N_GenomeWideSNP_6_D04_666886	3	182826316	184998375	1190	0.0643
BONZE_p_TCGAb56_SNP_1N_GenomeWideSNP_6_D04_666886	3	185000959	193573931	6212	0.3342
BONZE_p_TCGAb56_SNP_1N_GenomeWideSNP_6_D04_666886	3	193578961	193580386	4	-1.2342
BONZE_p_TCGAb56_SNP_1N_GenomeWideSNP_6_D04_666886	3	193581259	195285898	1017	0.3423
BONZE_p_TCGAb56_SNP_1N_GenomeWideSNP_6_D04_666886	3	195383142	195456889	37	-0.1447
BONZE_p_TCGAb56_SNP_1N_GenomeWideSNP_6_D04_666886	3	195460696	195661550	90	0.2773
BONZE_p_TCGAb56_SNP_1N_GenomeWideSNP_6_D04_666886	3	195690846	195725304	8	-0.4737
BONZE_p_TCGAb56_SNP_1N_GenomeWideSNP_6_D04_666886	3	195734981	197896118	1086	0.3325
BONZE_p_TCGAb56_SNP_1N_GenomeWideSNP_6_D04_666886	4	12281	59072	50	0.0451
BONZE_p_TCGAb56_SNP_1N_GenomeWideSNP_6_D04_666886	4	61775	4103344	1649	0.3311
BONZE_p_TCGAb56_SNP_1N_GenomeWideSNP_6_D04_666886	4	4110230	4152760	10	-0.2944
BONZE_p_TCGAb56_SNP_1N_GenomeWideSNP_6_D04_666886	4	4160063	6404386	1864	0.3729
BONZE_p_TCGAb56_SNP_1N_GenomeWideSNP_6_D04_666886	4	6404531	6404714	2	-1.9883
BONZE_p_TCGAb56_SNP_1N_GenomeWideSNP_6_D04_666886	4	6404774	6421406	22	0.4012
BONZE_p_TCGAb56_SNP_1N_GenomeWideSNP_6_D04_666886	4	6422351	6423198	6	-0.6899
BONZE_p_TCGAb56_SNP_1N_GenomeWideSNP_6_D04_666886	4	6423552	9451347	1637	0.3666
BONZE_p_TCGAb56_SNP_1N_GenomeWideSNP_6_D04_666886	4	9451923	9479345	11	-0.5807
BONZE_p_TCGAb56_SNP_1N_GenomeWideSNP_6_D04_666886	4	9486087	10390715	751	0.3355
BONZE_p_TCGAb56_SNP_1N_GenomeWideSNP_6_D04_666886	4	10392354	10400668	16	-0.5817
BONZE_p_TCGAb56_SNP_1N_GenomeWideSNP_6_D04_666886	4	10402718	24012390	9886	0.3372
BONZE_p_TCGAb56_SNP_1N_GenomeWideSNP_6_D04_666886	4	24013946	24085984	77	-0.0252
BONZE_p_TCGAb56_SNP_1N_GenomeWideSNP_6_D04_666886	4	24092597	34779054	6845	0.3368
BONZE_p_TCGAb56_SNP_1N_GenomeWideSNP_6_D04_666886	4	34786500	34824725	38	-1.9048
BONZE_p_TCGAb56_SNP_1N_GenomeWideSNP_6_D04_666886	4	34829872	64693940	16582	0.3383
BONZE_p_TCGAb56_SNP_1N_GenomeWideSNP_6_D04_666886	4	64697469	64708258	29	-0.0845
BONZE_p_TCGAb56_SNP_1N_GenomeWideSNP_6_D04_666886	4	64716431	69220383	2852	0.3293
BONZE_p_TCGAb56_SNP_1N_GenomeWideSNP_6_D04_666886	4	69226848	69601939	116	0.5299
BONZE_p_TCGAb56_SNP_1N_GenomeWideSNP_6_D04_666886	4	69602123	72405689	1651	0.3233
BONZE_p_TCGAb56_SNP_1N_GenomeWideSNP_6_D04_666886	4	72406466	72406729	2	-1.4771
BONZE_p_TCGAb56_SNP_1N_GenomeWideSNP_6_D04_666886	4	72410348	80856622	5385	0.3308
BONZE_p_TCGAb56_SNP_1N_GenomeWideSNP_6_D04_666886	4	80865819	80887185	14	1.1078
BONZE_p_TCGAb56_SNP_1N_GenomeWideSNP_6_D04_666886	4	80896309	115175323	20681	0.3293
BONZE_p_TCGAb56_SNP_1N_GenomeWideSNP_6_D04_666886	4	115175344	115182175	22	-1.0164
BONZE_p_TCGAb56_SNP_1N_GenomeWideSNP_6_D04_666886	4	115184229	138089547	13257	0.327
BONZE_p_TCGAb56_SNP_1N_GenomeWideSNP_6_D04_666886	4	138092103	138094972	19	-0.431
BONZE_p_TCGAb56_SNP_1N_GenomeWideSNP_6_D04_666886	4	138095121	161874000	14766	0.3326
BONZE_p_TCGAb56_SNP_1N_GenomeWideSNP_6_D04_666886	4	161880018	161884600	20	-0.2752
BONZE_p_TCGAb56_SNP_1N_GenomeWideSNP_6_D04_666886	4	161884908	162208920	249	0.3447
BONZE_p_TCGAb56_SNP_1N_GenomeWideSNP_6_D04_666886	4	162211737	162212240	3	-0.9444
BONZE_p_TCGAb56_SNP_1N_GenomeWideSNP_6_D04_666886	4	162220123	172369346	6428	0.3367
BONZE_p_TCGAb56_SNP_1N_GenomeWideSNP_6_D04_666886	4	172374884	172377724	11	-0.3569
BONZE_p_TCGAb56_SNP_1N_GenomeWideSNP_6_D04_666886	4	172377776	189221230	11350	0.3394
BONZE_p_TCGAb56_SNP_1N_GenomeWideSNP_6_D04_666886	4	189221258	189221439	5	-0.6604
BONZE_p_TCGAb56_SNP_1N_GenomeWideSNP_6_D04_666886	4	189222813	191027923	1175	0.3366
BONZE_p_TCGAb56_SNP_1N_GenomeWideSNP_6_D04_666886	5	15532	12800889	10201	0.0487
BONZE_p_TCGAb56_SNP_1N_GenomeWideSNP_6_D04_666886	5	12815780	12838533	14	-1.3118
BONZE_p_TCGAb56_SNP_1N_GenomeWideSNP_6_D04_666886	5	12849201	57321586	25629	0.057
BONZE_p_TCGAb56_SNP_1N_GenomeWideSNP_6_D04_666886	5	57321646	57340073	35	-0.3673
BONZE_p_TCGAb56_SNP_1N_GenomeWideSNP_6_D04_666886	5	57341014	59751545	1736	0.0457
BONZE_p_TCGAb56_SNP_1N_GenomeWideSNP_6_D04_666886	5	59751640	59752640	2	-1.8405
BONZE_p_TCGAb56_SNP_1N_GenomeWideSNP_6_D04_666886	5	59753819	69074977	5557	0.0604
BONZE_p_TCGAb56_SNP_1N_GenomeWideSNP_6_D04_666886	5	69074991	69118135	3	-1.1416
BONZE_p_TCGAb56_SNP_1N_GenomeWideSNP_6_D04_666886	5	69233427	75439586	3130	0.0538
BONZE_p_TCGAb56_SNP_1N_GenomeWideSNP_6_D04_666886	5	75439673	75450127	20	-0.4222
BONZE_p_TCGAb56_SNP_1N_GenomeWideSNP_6_D04_666886	5	75450144	103851221	16395	0.0548
BONZE_p_TCGAb56_SNP_1N_GenomeWideSNP_6_D04_666886	5	103860373	103860604	4	-1.4134
BONZE_p_TCGAb56_SNP_1N_GenomeWideSNP_6_D04_666886	5	103861049	121129499	11849	0.0501
BONZE_p_TCGAb56_SNP_1N_GenomeWideSNP_6_D04_666886	5	121132937	121135476	3	-1.4002
BONZE_p_TCGAb56_SNP_1N_GenomeWideSNP_6_D04_666886	5	121136126	151514171	18915	0.0553
BONZE_p_TCGAb56_SNP_1N_GenomeWideSNP_6_D04_666886	5	151515386	151520497	17	-0.5721
BONZE_p_TCGAb56_SNP_1N_GenomeWideSNP_6_D04_666886	5	151521211	164782603	8793	0.0524
BONZE_p_TCGAb56_SNP_1N_GenomeWideSNP_6_D04_666886	5	164788438	164789515	3	-1.1521
BONZE_p_TCGAb56_SNP_1N_GenomeWideSNP_6_D04_666886	5	164790189	165374692	384	0.0327
BONZE_p_TCGAb56_SNP_1N_GenomeWideSNP_6_D04_666886	5	165375007	165375029	2	-2.3655
BONZE_p_TCGAb56_SNP_1N_GenomeWideSNP_6_D04_666886	5	165376220	180387138	10101	0.0566
BONZE_p_TCGAb56_SNP_1N_GenomeWideSNP_6_D04_666886	5	180391302	180414465	10	0.7501
BONZE_p_TCGAb56_SNP_1N_GenomeWideSNP_6_D04_666886	5	180417207	180790320	176	0.0039
BONZE_p_TCGAb56_SNP_1N_GenomeWideSNP_6_D04_666886	6	149661	7916207	6445	-0.3262
BONZE_p_TCGAb56_SNP_1N_GenomeWideSNP_6_D04_666886	6	7916666	7917528	3	-2.9166
BONZE_p_TCGAb56_SNP_1N_GenomeWideSNP_6_D04_666886	6	7918311	14615005	4980	-0.325
BONZE_p_TCGAb56_SNP_1N_GenomeWideSNP_6_D04_666886	6	14615057	14617072	4	-2.4729
BONZE_p_TCGAb56_SNP_1N_GenomeWideSNP_6_D04_666886	6	14617591	74592225	35678	-0.3185
BONZE_p_TCGAb56_SNP_1N_GenomeWideSNP_6_D04_666886	6	74592457	74597341	8	-2.7872
BONZE_p_TCGAb56_SNP_1N_GenomeWideSNP_6_D04_666886	6	74601410	77436532	1765	-0.3139
BONZE_p_TCGAb56_SNP_1N_GenomeWideSNP_6_D04_666886	6	77439868	77443247	11	-1.8708
BONZE_p_TCGAb56_SNP_1N_GenomeWideSNP_6_D04_666886	6	77446199	78962889	986	-0.3026
BONZE_p_TCGAb56_SNP_1N_GenomeWideSNP_6_D04_666886	6	78969065	79026972	101	0.1553
BONZE_p_TCGAb56_SNP_1N_GenomeWideSNP_6_D04_666886	6	79027128	103734829	15473	-0.3161
BONZE_p_TCGAb56_SNP_1N_GenomeWideSNP_6_D04_666886	6	103737976	103765470	47	0.4496
BONZE_p_TCGAb56_SNP_1N_GenomeWideSNP_6_D04_666886	6	103765670	108038656	2768	-0.3179
BONZE_p_TCGAb56_SNP_1N_GenomeWideSNP_6_D04_666886	6	108040154	108040446	2	-2.8079
BONZE_p_TCGAb56_SNP_1N_GenomeWideSNP_6_D04_666886	6	108040733	135531451	17169	-0.3171
BONZE_p_TCGAb56_SNP_1N_GenomeWideSNP_6_D04_666886	6	135531639	135532169	2	-3.2245
BONZE_p_TCGAb56_SNP_1N_GenomeWideSNP_6_D04_666886	6	135532804	171051005	24175	-0.3248
BONZE_p_TCGAb56_SNP_1N_GenomeWideSNP_6_D04_666886	7	43355	3609495	1622	0.0312
BONZE_p_TCGAb56_SNP_1N_GenomeWideSNP_6_D04_666886	7	3609712	3614800	29	-1.3984
BONZE_p_TCGAb56_SNP_1N_GenomeWideSNP_6_D04_666886	7	3618010	41910896	28213	0.0554
BONZE_p_TCGAb56_SNP_1N_GenomeWideSNP_6_D04_666886	7	41913198	41913366	2	-4.7368
BONZE_p_TCGAb56_SNP_1N_GenomeWideSNP_6_D04_666886	7	41914937	57534527	10565	0.0538
BONZE_p_TCGAb56_SNP_1N_GenomeWideSNP_6_D04_666886	7	57536111	57536709	4	-1.4063
BONZE_p_TCGAb56_SNP_1N_GenomeWideSNP_6_D04_666886	7	57536727	64566957	1228	0.0895
BONZE_p_TCGAb56_SNP_1N_GenomeWideSNP_6_D04_666886	7	64568852	64651349	11	-0.8286
BONZE_p_TCGAb56_SNP_1N_GenomeWideSNP_6_D04_666886	7	64651640	70420438	3142	0.0733
BONZE_p_TCGAb56_SNP_1N_GenomeWideSNP_6_D04_666886	7	70423250	70426141	2	-2.2107
BONZE_p_TCGAb56_SNP_1N_GenomeWideSNP_6_D04_666886	7	70428243	109433785	22494	0.0561
BONZE_p_TCGAb56_SNP_1N_GenomeWideSNP_6_D04_666886	7	109433798	109453982	37	0.5721
BONZE_p_TCGAb56_SNP_1N_GenomeWideSNP_6_D04_666886	7	109454229	117468651	4907	0.0438
BONZE_p_TCGAb56_SNP_1N_GenomeWideSNP_6_D04_666886	7	117470693	117470780	2	-1.4451
BONZE_p_TCGAb56_SNP_1N_GenomeWideSNP_6_D04_666886	7	117480235	126044974	5116	0.0468
BONZE_p_TCGAb56_SNP_1N_GenomeWideSNP_6_D04_666886	7	126045482	126046615	12	-0.91
BONZE_p_TCGAb56_SNP_1N_GenomeWideSNP_6_D04_666886	7	126046876	133785734	4709	0.0488
BONZE_p_TCGAb56_SNP_1N_GenomeWideSNP_6_D04_666886	7	133785739	133806244	30	-0.3308
BONZE_p_TCGAb56_SNP_1N_GenomeWideSNP_6_D04_666886	7	133808792	141763124	5187	0.0603
BONZE_p_TCGAb56_SNP_1N_GenomeWideSNP_6_D04_666886	7	141769643	141792107	42	-0.7466
BONZE_p_TCGAb56_SNP_1N_GenomeWideSNP_6_D04_666886	7	141795281	154387125	7800	0.0548
BONZE_p_TCGAb56_SNP_1N_GenomeWideSNP_6_D04_666886	7	154389895	154399613	5	-1.787
BONZE_p_TCGAb56_SNP_1N_GenomeWideSNP_6_D04_666886	7	154400830	154427672	27	0.0511
BONZE_p_TCGAb56_SNP_1N_GenomeWideSNP_6_D04_666886	7	154427998	154428418	3	-1.0593
BONZE_p_TCGAb56_SNP_1N_GenomeWideSNP_6_D04_666886	7	154429560	159127004	3210	0.0436
BONZE_p_TCGAb56_SNP_1N_GenomeWideSNP_6_D04_666886	8	31254	1854917	1279	-0.3573
BONZE_p_TCGAb56_SNP_1N_GenomeWideSNP_6_D04_666886	8	1857904	1859937	4	-1.8988
BONZE_p_TCGAb56_SNP_1N_GenomeWideSNP_6_D04_666886	8	1860175	2701934	826	-0.3569
BONZE_p_TCGAb56_SNP_1N_GenomeWideSNP_6_D04_666886	8	2703533	2703899	7	-1.6429
BONZE_p_TCGAb56_SNP_1N_GenomeWideSNP_6_D04_666886	8	2707171	7029990	5659	-0.3376
BONZE_p_TCGAb56_SNP_1N_GenomeWideSNP_6_D04_666886	8	7033795	7238019	36	0.2088
BONZE_p_TCGAb56_SNP_1N_GenomeWideSNP_6_D04_666886	8	7250380	7787962	146	0.6563
BONZE_p_TCGAb56_SNP_1N_GenomeWideSNP_6_D04_666886	8	7798758	7990035	52	-0.1119
BONZE_p_TCGAb56_SNP_1N_GenomeWideSNP_6_D04_666886	8	7990294	8018038	15	0.8459
BONZE_p_TCGAb56_SNP_1N_GenomeWideSNP_6_D04_666886	8	8054344	9071033	938	-0.3096
BONZE_p_TCGAb56_SNP_1N_GenomeWideSNP_6_D04_666886	8	9071416	9072729	2	-1.9929
BONZE_p_TCGAb56_SNP_1N_GenomeWideSNP_6_D04_666886	8	9072933	9580248	439	-0.3082
BONZE_p_TCGAb56_SNP_1N_GenomeWideSNP_6_D04_666886	8	9593735	12242155	1881	1.0472
BONZE_p_TCGAb56_SNP_1N_GenomeWideSNP_6_D04_666886	8	12242515	12558929	113	0.718
BONZE_p_TCGAb56_SNP_1N_GenomeWideSNP_6_D04_666886	8	12559835	13560319	966	1.0467
BONZE_p_TCGAb56_SNP_1N_GenomeWideSNP_6_D04_666886	8	13562968	24974476	9399	-0.3211
BONZE_p_TCGAb56_SNP_1N_GenomeWideSNP_6_D04_666886	8	24974522	24984250	24	0.4234
BONZE_p_TCGAb56_SNP_1N_GenomeWideSNP_6_D04_666886	8	24984333	36324923	7451	-0.3158
BONZE_p_TCGAb56_SNP_1N_GenomeWideSNP_6_D04_666886	8	36329794	36650302	177	1.0873
BONZE_p_TCGAb56_SNP_1N_GenomeWideSNP_6_D04_666886	8	36654100	37309516	456	0.5705
BONZE_p_TCGAb56_SNP_1N_GenomeWideSNP_6_D04_666886	8	37309527	38057345	307	1.0842
BONZE_p_TCGAb56_SNP_1N_GenomeWideSNP_6_D04_666886	8	38058459	39230325	634	0.5684
BONZE_p_TCGAb56_SNP_1N_GenomeWideSNP_6_D04_666886	8	39230659	39388299	61	1.2656
BONZE_p_TCGAb56_SNP_1N_GenomeWideSNP_6_D04_666886	8	39388779	46994473	2622	0.571
BONZE_p_TCGAb56_SNP_1N_GenomeWideSNP_6_D04_666886	8	46994851	47179314	54	0.2958
BONZE_p_TCGAb56_SNP_1N_GenomeWideSNP_6_D04_666886	8	47183281	58117486	6521	0.5613
BONZE_p_TCGAb56_SNP_1N_GenomeWideSNP_6_D04_666886	8	58118052	58130025	3	-1.7392
BONZE_p_TCGAb56_SNP_1N_GenomeWideSNP_6_D04_666886	8	58132798	70952739	8016	0.5634
BONZE_p_TCGAb56_SNP_1N_GenomeWideSNP_6_D04_666886	8	70953927	70954834	7	-0.436
BONZE_p_TCGAb56_SNP_1N_GenomeWideSNP_6_D04_666886	8	70961161	76481711	3567	0.5666
BONZE_p_TCGAb56_SNP_1N_GenomeWideSNP_6_D04_666886	8	76483856	77918752	817	0.0331
BONZE_p_TCGAb56_SNP_1N_GenomeWideSNP_6_D04_666886	8	77921396	112291494	20436	0.6127
BONZE_p_TCGAb56_SNP_1N_GenomeWideSNP_6_D04_666886	8	112294279	112294466	3	-0.3746
BONZE_p_TCGAb56_SNP_1N_GenomeWideSNP_6_D04_666886	8	112294646	112295245	6	-1.779
BONZE_p_TCGAb56_SNP_1N_GenomeWideSNP_6_D04_666886	8	112295260	115292932	1638	0.7412
BONZE_p_TCGAb56_SNP_1N_GenomeWideSNP_6_D04_666886	8	115297824	115298079	2	-0.324
BONZE_p_TCGAb56_SNP_1N_GenomeWideSNP_6_D04_666886	8	115300542	115634667	194	0.7511
BONZE_p_TCGAb56_SNP_1N_GenomeWideSNP_6_D04_666886	8	115634707	115641731	31	0.3497
BONZE_p_TCGAb56_SNP_1N_GenomeWideSNP_6_D04_666886	8	115650697	144309792	20433	0.756
BONZE_p_TCGAb56_SNP_1N_GenomeWideSNP_6_D04_666886	8	144309825	144310617	8	-0.1671
BONZE_p_TCGAb56_SNP_1N_GenomeWideSNP_6_D04_666886	8	144314377	146298155	632	0.7175
BONZE_p_TCGAb56_SNP_1N_GenomeWideSNP_6_D04_666886	9	46587	19167286	17348	-0.3034
BONZE_p_TCGAb56_SNP_1N_GenomeWideSNP_6_D04_666886	9	19167849	20431056	954	0.0784
BONZE_p_TCGAb56_SNP_1N_GenomeWideSNP_6_D04_666886	9	20443347	20848718	305	0.3338
BONZE_p_TCGAb56_SNP_1N_GenomeWideSNP_6_D04_666886	9	20849577	23361805	1798	0.0535
BONZE_p_TCGAb56_SNP_1N_GenomeWideSNP_6_D04_666886	9	23363115	23373484	8	0.8627
BONZE_p_TCGAb56_SNP_1N_GenomeWideSNP_6_D04_666886	9	23378488	32204658	6547	0.0543
BONZE_p_TCGAb56_SNP_1N_GenomeWideSNP_6_D04_666886	9	32208635	32391784	136	0.3439
BONZE_p_TCGAb56_SNP_1N_GenomeWideSNP_6_D04_666886	9	32392324	32736008	214	0.0723
BONZE_p_TCGAb56_SNP_1N_GenomeWideSNP_6_D04_666886	9	32736715	32738787	4	-0.6928
BONZE_p_TCGAb56_SNP_1N_GenomeWideSNP_6_D04_666886	9	32739937	33539784	586	0.0656
BONZE_p_TCGAb56_SNP_1N_GenomeWideSNP_6_D04_666886	9	33541553	33808783	182	0.3445
BONZE_p_TCGAb56_SNP_1N_GenomeWideSNP_6_D04_666886	9	33808833	33811129	3	-0.2944
BONZE_p_TCGAb56_SNP_1N_GenomeWideSNP_6_D04_666886	9	33811343	35223314	740	0.3514
BONZE_p_TCGAb56_SNP_1N_GenomeWideSNP_6_D04_666886	9	35226704	37354419	1240	0.065
BONZE_p_TCGAb56_SNP_1N_GenomeWideSNP_6_D04_666886	9	37358086	40562022	1167	-0.2958
BONZE_p_TCGAb56_SNP_1N_GenomeWideSNP_6_D04_666886	9	40585775	43315670	83	0.1167
BONZE_p_TCGAb56_SNP_1N_GenomeWideSNP_6_D04_666886	9	43315974	44155888	44	-0.8082
BONZE_p_TCGAb56_SNP_1N_GenomeWideSNP_6_D04_666886	9	44156374	69492991	365	-0.0029
BONZE_p_TCGAb56_SNP_1N_GenomeWideSNP_6_D04_666886	9	69492996	69522825	11	-0.9981
BONZE_p_TCGAb56_SNP_1N_GenomeWideSNP_6_D04_666886	9	69533038	69630339	9	0.3624
BONZE_p_TCGAb56_SNP_1N_GenomeWideSNP_6_D04_666886	9	69637154	69831238	18	-0.4247
BONZE_p_TCGAb56_SNP_1N_GenomeWideSNP_6_D04_666886	9	69831357	71581946	561	0.0552
BONZE_p_TCGAb56_SNP_1N_GenomeWideSNP_6_D04_666886	9	71582913	71583085	2	-1.2753
BONZE_p_TCGAb56_SNP_1N_GenomeWideSNP_6_D04_666886	9	71583098	73016174	1110	0.0663
BONZE_p_TCGAb56_SNP_1N_GenomeWideSNP_6_D04_666886	9	73017053	73191925	147	0.3652
BONZE_p_TCGAb56_SNP_1N_GenomeWideSNP_6_D04_666886	9	73192154	79070461	4137	0.0575
BONZE_p_TCGAb56_SNP_1N_GenomeWideSNP_6_D04_666886	9	79075652	79181279	114	0.3113
BONZE_p_TCGAb56_SNP_1N_GenomeWideSNP_6_D04_666886	9	79182415	79424168	207	0.0442
BONZE_p_TCGAb56_SNP_1N_GenomeWideSNP_6_D04_666886	9	79424845	79497232	60	0.3766
BONZE_p_TCGAb56_SNP_1N_GenomeWideSNP_6_D04_666886	9	79500154	80038555	416	0.0738
BONZE_p_TCGAb56_SNP_1N_GenomeWideSNP_6_D04_666886	9	80039658	80391482	260	0.3412
BONZE_p_TCGAb56_SNP_1N_GenomeWideSNP_6_D04_666886	9	80396472	81947802	1061	0.0719
BONZE_p_TCGAb56_SNP_1N_GenomeWideSNP_6_D04_666886	9	81948385	82749653	595	0.3409
BONZE_p_TCGAb56_SNP_1N_GenomeWideSNP_6_D04_666886	9	82759308	82980562	154	0.0462
BONZE_p_TCGAb56_SNP_1N_GenomeWideSNP_6_D04_666886	9	82982395	82984491	6	-1.1647
BONZE_p_TCGAb56_SNP_1N_GenomeWideSNP_6_D04_666886	9	82985726	84862854	1274	0.0678
BONZE_p_TCGAb56_SNP_1N_GenomeWideSNP_6_D04_666886	9	84863468	85187051	192	0.3273
BONZE_p_TCGAb56_SNP_1N_GenomeWideSNP_6_D04_666886	9	85190764	86747318	1137	0.0623
BONZE_p_TCGAb56_SNP_1N_GenomeWideSNP_6_D04_666886	9	86750762	87027044	247	0.3572
BONZE_p_TCGAb56_SNP_1N_GenomeWideSNP_6_D04_666886	9	87027650	91710806	3347	0.0665
BONZE_p_TCGAb56_SNP_1N_GenomeWideSNP_6_D04_666886	9	91714448	95128149	2402	0.3484
BONZE_p_TCGAb56_SNP_1N_GenomeWideSNP_6_D04_666886	9	95130496	95788623	343	0.0815
BONZE_p_TCGAb56_SNP_1N_GenomeWideSNP_6_D04_666886	9	95790379	96183901	227	-0.3447
BONZE_p_TCGAb56_SNP_1N_GenomeWideSNP_6_D04_666886	9	96186900	98372919	1475	0.0645
BONZE_p_TCGAb56_SNP_1N_GenomeWideSNP_6_D04_666886	9	98376367	98376726	3	-1.3729
BONZE_p_TCGAb56_SNP_1N_GenomeWideSNP_6_D04_666886	9	98377121	100287595	1118	0.0607
BONZE_p_TCGAb56_SNP_1N_GenomeWideSNP_6_D04_666886	9	100288909	102674225	1623	-0.3221
BONZE_p_TCGAb56_SNP_1N_GenomeWideSNP_6_D04_666886	9	102684330	104682012	1335	0.0665
BONZE_p_TCGAb56_SNP_1N_GenomeWideSNP_6_D04_666886	9	104682469	113980518	7205	-0.2997
BONZE_p_TCGAb56_SNP_1N_GenomeWideSNP_6_D04_666886	9	113980690	115120745	776	0.0588
BONZE_p_TCGAb56_SNP_1N_GenomeWideSNP_6_D04_666886	9	115122325	117460150	1666	0.357
BONZE_p_TCGAb56_SNP_1N_GenomeWideSNP_6_D04_666886	9	117462840	117645015	124	0.0494
BONZE_p_TCGAb56_SNP_1N_GenomeWideSNP_6_D04_666886	9	117647599	118456851	679	0.351
BONZE_p_TCGAb56_SNP_1N_GenomeWideSNP_6_D04_666886	9	118457978	120340642	1607	0.0711
BONZE_p_TCGAb56_SNP_1N_GenomeWideSNP_6_D04_666886	9	120341164	120883343	447	0.3394
BONZE_p_TCGAb56_SNP_1N_GenomeWideSNP_6_D04_666886	9	120884656	126357676	3829	0.0712
BONZE_p_TCGAb56_SNP_1N_GenomeWideSNP_6_D04_666886	9	126358237	127399782	676	0.3356
BONZE_p_TCGAb56_SNP_1N_GenomeWideSNP_6_D04_666886	9	127401078	133027116	3051	0.06
BONZE_p_TCGAb56_SNP_1N_GenomeWideSNP_6_D04_666886	9	133035146	138154270	3222	-0.3267
BONZE_p_TCGAb56_SNP_1N_GenomeWideSNP_6_D04_666886	9	138154378	138172097	15	-1.0631
BONZE_p_TCGAb56_SNP_1N_GenomeWideSNP_6_D04_666886	9	138172789	138688371	283	-0.3982
BONZE_p_TCGAb56_SNP_1N_GenomeWideSNP_6_D04_666886	9	138699270	141091394	857	0.0347
BONZE_p_TCGAb56_SNP_1N_GenomeWideSNP_6_D04_666886	10	72759	9844936	8356	-0.3189
BONZE_p_TCGAb56_SNP_1N_GenomeWideSNP_6_D04_666886	10	9844964	9846799	3	-3.0758
BONZE_p_TCGAb56_SNP_1N_GenomeWideSNP_6_D04_666886	10	9850223	24375263	10793	-0.2985
BONZE_p_TCGAb56_SNP_1N_GenomeWideSNP_6_D04_666886	10	24377674	24377921	10	0.5351
BONZE_p_TCGAb56_SNP_1N_GenomeWideSNP_6_D04_666886	10	24378054	45258493	11711	-0.2973
BONZE_p_TCGAb56_SNP_1N_GenomeWideSNP_6_D04_666886	10	45259105	45260417	2	-2.3983
BONZE_p_TCGAb56_SNP_1N_GenomeWideSNP_6_D04_666886	10	45260482	46674180	571	-0.3185
BONZE_p_TCGAb56_SNP_1N_GenomeWideSNP_6_D04_666886	10	46691159	46943377	7	-1.1551
BONZE_p_TCGAb56_SNP_1N_GenomeWideSNP_6_D04_666886	10	46946708	47055711	75	-0.2887
BONZE_p_TCGAb56_SNP_1N_GenomeWideSNP_6_D04_666886	10	47058792	47062311	23	0.217
BONZE_p_TCGAb56_SNP_1N_GenomeWideSNP_6_D04_666886	10	47062414	47401341	68	-0.4569
BONZE_p_TCGAb56_SNP_1N_GenomeWideSNP_6_D04_666886	10	47414281	48311058	211	0.133
BONZE_p_TCGAb56_SNP_1N_GenomeWideSNP_6_D04_666886	10	48312447	48883402	275	-0.3616
BONZE_p_TCGAb56_SNP_1N_GenomeWideSNP_6_D04_666886	10	48902376	49363009	28	-1.3273
BONZE_p_TCGAb56_SNP_1N_GenomeWideSNP_6_D04_666886	10	49381611	124786891	50936	-0.3021
BONZE_p_TCGAb56_SNP_1N_GenomeWideSNP_6_D04_666886	10	124787343	125553255	686	-0.8619
BONZE_p_TCGAb56_SNP_1N_GenomeWideSNP_6_D04_666886	10	125554035	135506704	6911	-0.3358
BONZE_p_TCGAb56_SNP_1N_GenomeWideSNP_6_D04_666886	11	198510	4295756	1797	0.0361
BONZE_p_TCGAb56_SNP_1N_GenomeWideSNP_6_D04_666886	11	4301356	4359288	18	1.5126
BONZE_p_TCGAb56_SNP_1N_GenomeWideSNP_6_D04_666886	11	4384797	5787405	1479	0.0709
BONZE_p_TCGAb56_SNP_1N_GenomeWideSNP_6_D04_666886	11	5788080	5809139	32	-2.2122
BONZE_p_TCGAb56_SNP_1N_GenomeWideSNP_6_D04_666886	11	5809338	18949873	9423	0.0643
BONZE_p_TCGAb56_SNP_1N_GenomeWideSNP_6_D04_666886	11	18950256	18960115	27	-0.4841
BONZE_p_TCGAb56_SNP_1N_GenomeWideSNP_6_D04_666886	11	18960750	19884829	862	0.0572
BONZE_p_TCGAb56_SNP_1N_GenomeWideSNP_6_D04_666886	11	19890923	19891290	2	-1.5868
BONZE_p_TCGAb56_SNP_1N_GenomeWideSNP_6_D04_666886	11	19891456	22469480	2139	0.0137
BONZE_p_TCGAb56_SNP_1N_GenomeWideSNP_6_D04_666886	11	22471601	22472758	4	-1.7911
BONZE_p_TCGAb56_SNP_1N_GenomeWideSNP_6_D04_666886	11	22473142	49758987	18064	-0.0381
BONZE_p_TCGAb56_SNP_1N_GenomeWideSNP_6_D04_666886	11	49759555	49760688	6	-1.0062
BONZE_p_TCGAb56_SNP_1N_GenomeWideSNP_6_D04_666886	11	49766161	55376280	760	0.0897
BONZE_p_TCGAb56_SNP_1N_GenomeWideSNP_6_D04_666886	11	55376498	55453009	51	0.4058
BONZE_p_TCGAb56_SNP_1N_GenomeWideSNP_6_D04_666886	11	55453576	82000134	14961	0.0574
BONZE_p_TCGAb56_SNP_1N_GenomeWideSNP_6_D04_666886	11	82006206	112016935	20307	-0.7992
BONZE_p_TCGAb56_SNP_1N_GenomeWideSNP_6_D04_666886	11	112018525	134944770	16921	0.0577
BONZE_p_TCGAb56_SNP_1N_GenomeWideSNP_6_D04_666886	12	150442	8558636	5618	0.338
BONZE_p_TCGAb56_SNP_1N_GenomeWideSNP_6_D04_666886	12	8558792	8596792	24	-0.0939
BONZE_p_TCGAb56_SNP_1N_GenomeWideSNP_6_D04_666886	12	8600363	9633870	559	0.3201
BONZE_p_TCGAb56_SNP_1N_GenomeWideSNP_6_D04_666886	12	9637909	9715565	23	-1.2345
BONZE_p_TCGAb56_SNP_1N_GenomeWideSNP_6_D04_666886	12	9728292	11220827	1046	0.3205
BONZE_p_TCGAb56_SNP_1N_GenomeWideSNP_6_D04_666886	12	11222368	11241532	10	-1.1734
BONZE_p_TCGAb56_SNP_1N_GenomeWideSNP_6_D04_666886	12	11251874	11504091	132	0.3176
BONZE_p_TCGAb56_SNP_1N_GenomeWideSNP_6_D04_666886	12	11511577	11543386	31	1.3989
BONZE_p_TCGAb56_SNP_1N_GenomeWideSNP_6_D04_666886	12	11543406	66905637	33382	0.3407
BONZE_p_TCGAb56_SNP_1N_GenomeWideSNP_6_D04_666886	12	66905810	90483350	14949	0.0477
BONZE_p_TCGAb56_SNP_1N_GenomeWideSNP_6_D04_666886	12	90491669	90492074	7	-1.8263
BONZE_p_TCGAb56_SNP_1N_GenomeWideSNP_6_D04_666886	12	90493557	128675907	25591	0.0536
BONZE_p_TCGAb56_SNP_1N_GenomeWideSNP_6_D04_666886	12	128676995	128677567	3	-1.9466
BONZE_p_TCGAb56_SNP_1N_GenomeWideSNP_6_D04_666886	12	128678380	132120715	3031	0.0186
BONZE_p_TCGAb56_SNP_1N_GenomeWideSNP_6_D04_666886	12	132132584	132133335	13	-0.7981
BONZE_p_TCGAb56_SNP_1N_GenomeWideSNP_6_D04_666886	12	132142331	133778189	572	0.045
BONZE_p_TCGAb56_SNP_1N_GenomeWideSNP_6_D04_666886	13	19026949	20820781	905	-0.1014
BONZE_p_TCGAb56_SNP_1N_GenomeWideSNP_6_D04_666886	13	20827251	20827940	2	-2.0558
BONZE_p_TCGAb56_SNP_1N_GenomeWideSNP_6_D04_666886	13	20832547	32532121	8709	-0.1274
BONZE_p_TCGAb56_SNP_1N_GenomeWideSNP_6_D04_666886	13	32532622	32538423	18	-1.7139
BONZE_p_TCGAb56_SNP_1N_GenomeWideSNP_6_D04_666886	13	32540047	34641128	1575	-0.1342
BONZE_p_TCGAb56_SNP_1N_GenomeWideSNP_6_D04_666886	13	34641967	34643980	3	-1.9677
BONZE_p_TCGAb56_SNP_1N_GenomeWideSNP_6_D04_666886	13	34645141	38075965	2321	-0.1211
BONZE_p_TCGAb56_SNP_1N_GenomeWideSNP_6_D04_666886	13	38076267	38084757	12	-1.0711
BONZE_p_TCGAb56_SNP_1N_GenomeWideSNP_6_D04_666886	13	38088330	39052811	700	-0.1272
BONZE_p_TCGAb56_SNP_1N_GenomeWideSNP_6_D04_666886	13	39057572	39058056	2	-1.8548
BONZE_p_TCGAb56_SNP_1N_GenomeWideSNP_6_D04_666886	13	39065057	57758389	11821	-0.13
BONZE_p_TCGAb56_SNP_1N_GenomeWideSNP_6_D04_666886	13	57758626	57778380	30	-1.1682
BONZE_p_TCGAb56_SNP_1N_GenomeWideSNP_6_D04_666886	13	57789714	106618085	32178	-0.1338
BONZE_p_TCGAb56_SNP_1N_GenomeWideSNP_6_D04_666886	13	106618677	106619456	3	-4.076
BONZE_p_TCGAb56_SNP_1N_GenomeWideSNP_6_D04_666886	13	106619629	113628840	5311	-0.1404
BONZE_p_TCGAb56_SNP_1N_GenomeWideSNP_6_D04_666886	13	113631143	113717291	46	-0.4685
BONZE_p_TCGAb56_SNP_1N_GenomeWideSNP_6_D04_666886	13	113725059	115108397	543	-0.1597
BONZE_p_TCGAb56_SNP_1N_GenomeWideSNP_6_D04_666886	14	19002124	19620051	46	-0.1499
BONZE_p_TCGAb56_SNP_1N_GenomeWideSNP_6_D04_666886	14	19660853	19790355	11	0.5286
BONZE_p_TCGAb56_SNP_1N_GenomeWideSNP_6_D04_666886	14	19792968	20157843	24	0.0225
BONZE_p_TCGAb56_SNP_1N_GenomeWideSNP_6_D04_666886	14	20200183	20422583	107	0.3904
BONZE_p_TCGAb56_SNP_1N_GenomeWideSNP_6_D04_666886	14	20423372	73995774	34024	-0.2984
BONZE_p_TCGAb56_SNP_1N_GenomeWideSNP_6_D04_666886	14	74001123	74020979	9	1.0662
BONZE_p_TCGAb56_SNP_1N_GenomeWideSNP_6_D04_666886	14	74029900	107285437	21163	-0.3102
BONZE_p_TCGAb56_SNP_1N_GenomeWideSNP_6_D04_666886	15	20016328	20578366	97	0.0939
BONZE_p_TCGAb56_SNP_1N_GenomeWideSNP_6_D04_666886	15	20578421	20586957	20	0.6217
BONZE_p_TCGAb56_SNP_1N_GenomeWideSNP_6_D04_666886	15	20590027	29410662	4321	0.0524
BONZE_p_TCGAb56_SNP_1N_GenomeWideSNP_6_D04_666886	15	29411991	29422682	6	-1.0554
BONZE_p_TCGAb56_SNP_1N_GenomeWideSNP_6_D04_666886	15	29424755	54194989	15387	0.0577
BONZE_p_TCGAb56_SNP_1N_GenomeWideSNP_6_D04_666886	15	54200350	54202499	3	-1.2301
BONZE_p_TCGAb56_SNP_1N_GenomeWideSNP_6_D04_666886	15	54204228	64195886	7195	0.0665
BONZE_p_TCGAb56_SNP_1N_GenomeWideSNP_6_D04_666886	15	64198577	64202652	2	-1.3706
BONZE_p_TCGAb56_SNP_1N_GenomeWideSNP_6_D04_666886	15	64203881	81950383	10532	0.0608
BONZE_p_TCGAb56_SNP_1N_GenomeWideSNP_6_D04_666886	15	81950955	82001375	27	0.7994
BONZE_p_TCGAb56_SNP_1N_GenomeWideSNP_6_D04_666886	15	82001614	82691502	381	0.0634
BONZE_p_TCGAb56_SNP_1N_GenomeWideSNP_6_D04_666886	15	82695702	83083151	10	-0.7144
BONZE_p_TCGAb56_SNP_1N_GenomeWideSNP_6_D04_666886	15	83083432	102154641	13830	0.0527
BONZE_p_TCGAb56_SNP_1N_GenomeWideSNP_6_D04_666886	15	102155682	102162908	6	0.4873
BONZE_p_TCGAb56_SNP_1N_GenomeWideSNP_6_D04_666886	15	102165080	102445241	150	0.0673
BONZE_p_TCGAb56_SNP_1N_GenomeWideSNP_6_D04_666886	15	102459256	102469040	2	1.2963
BONZE_p_TCGAb56_SNP_1N_GenomeWideSNP_6_D04_666886	16	60777	130406	33	0.0323
BONZE_p_TCGAb56_SNP_1N_GenomeWideSNP_6_D04_666886	16	130429	1806447	584	0.3072
BONZE_p_TCGAb56_SNP_1N_GenomeWideSNP_6_D04_666886	16	1807471	1812972	3	-0.6701
BONZE_p_TCGAb56_SNP_1N_GenomeWideSNP_6_D04_666886	16	1817431	3102291	433	0.3404
BONZE_p_TCGAb56_SNP_1N_GenomeWideSNP_6_D04_666886	16	3111203	4351661	725	0.0485
BONZE_p_TCGAb56_SNP_1N_GenomeWideSNP_6_D04_666886	16	4354041	5607890	846	0.3479
BONZE_p_TCGAb56_SNP_1N_GenomeWideSNP_6_D04_666886	16	5608089	5608151	2	-1.9947
BONZE_p_TCGAb56_SNP_1N_GenomeWideSNP_6_D04_666886	16	5608337	5832328	274	0.3799
BONZE_p_TCGAb56_SNP_1N_GenomeWideSNP_6_D04_666886	16	5832946	6414802	668	0.0537
BONZE_p_TCGAb56_SNP_1N_GenomeWideSNP_6_D04_666886	16	6415497	6449365	49	0.3551
BONZE_p_TCGAb56_SNP_1N_GenomeWideSNP_6_D04_666886	16	6449389	8434935	2394	0.0584
BONZE_p_TCGAb56_SNP_1N_GenomeWideSNP_6_D04_666886	16	8435145	8439394	4	-1.0583
BONZE_p_TCGAb56_SNP_1N_GenomeWideSNP_6_D04_666886	16	8439458	11853238	2822	0.0704
BONZE_p_TCGAb56_SNP_1N_GenomeWideSNP_6_D04_666886	16	11856541	14355267	2059	-0.3107
BONZE_p_TCGAb56_SNP_1N_GenomeWideSNP_6_D04_666886	16	14355765	21515074	3549	0.0663
BONZE_p_TCGAb56_SNP_1N_GenomeWideSNP_6_D04_666886	16	21515088	23157587	805	-0.2647
BONZE_p_TCGAb56_SNP_1N_GenomeWideSNP_6_D04_666886	16	23163454	27907206	3336	0.0641
BONZE_p_TCGAb56_SNP_1N_GenomeWideSNP_6_D04_666886	16	27907252	29276794	526	0.3127
BONZE_p_TCGAb56_SNP_1N_GenomeWideSNP_6_D04_666886	16	29279750	29287978	7	-0.9748
BONZE_p_TCGAb56_SNP_1N_GenomeWideSNP_6_D04_666886	16	29288203	34012168	1238	0.2806
BONZE_p_TCGAb56_SNP_1N_GenomeWideSNP_6_D04_666886	16	34197351	34755566	320	-0.3262
BONZE_p_TCGAb56_SNP_1N_GenomeWideSNP_6_D04_666886	16	34757071	46503206	141	0.1086
BONZE_p_TCGAb56_SNP_1N_GenomeWideSNP_6_D04_666886	16	46504414	53092425	4229	-0.2945
BONZE_p_TCGAb56_SNP_1N_GenomeWideSNP_6_D04_666886	16	53098583	54415536	1000	0.0755
BONZE_p_TCGAb56_SNP_1N_GenomeWideSNP_6_D04_666886	16	54415927	54419632	7	-0.3705
BONZE_p_TCGAb56_SNP_1N_GenomeWideSNP_6_D04_666886	16	54420698	54818482	384	0.0936
BONZE_p_TCGAb56_SNP_1N_GenomeWideSNP_6_D04_666886	16	54819501	55104086	178	-0.3092
BONZE_p_TCGAb56_SNP_1N_GenomeWideSNP_6_D04_666886	16	55107319	55181745	81	0.0929
BONZE_p_TCGAb56_SNP_1N_GenomeWideSNP_6_D04_666886	16	55183103	55795214	556	-0.3157
BONZE_p_TCGAb56_SNP_1N_GenomeWideSNP_6_D04_666886	16	55796389	55816243	17	-1.7861
BONZE_p_TCGAb56_SNP_1N_GenomeWideSNP_6_D04_666886	16	55816646	68425493	7898	-0.3013
BONZE_p_TCGAb56_SNP_1N_GenomeWideSNP_6_D04_666886	16	68428089	69298074	461	0.072
BONZE_p_TCGAb56_SNP_1N_GenomeWideSNP_6_D04_666886	16	69301624	70151527	380	-0.2744
BONZE_p_TCGAb56_SNP_1N_GenomeWideSNP_6_D04_666886	16	70151560	70198330	13	-0.9206
BONZE_p_TCGAb56_SNP_1N_GenomeWideSNP_6_D04_666886	16	70198356	71528784	613	-0.245
BONZE_p_TCGAb56_SNP_1N_GenomeWideSNP_6_D04_666886	16	71531928	71966165	212	0.0568
BONZE_p_TCGAb56_SNP_1N_GenomeWideSNP_6_D04_666886	16	71968701	74059758	1395	-0.2849
BONZE_p_TCGAb56_SNP_1N_GenomeWideSNP_6_D04_666886	16	74059771	74369531	195	0.0934
BONZE_p_TCGAb56_SNP_1N_GenomeWideSNP_6_D04_666886	16	74384258	74456601	10	-0.6256
BONZE_p_TCGAb56_SNP_1N_GenomeWideSNP_6_D04_666886	16	74465396	79472219	4641	0.0647
BONZE_p_TCGAb56_SNP_1N_GenomeWideSNP_6_D04_666886	16	79472854	82706126	3302	-0.324
BONZE_p_TCGAb56_SNP_1N_GenomeWideSNP_6_D04_666886	16	82706567	82707348	2	-2.6681
BONZE_p_TCGAb56_SNP_1N_GenomeWideSNP_6_D04_666886	16	82709161	89289714	5400	-0.3529
BONZE_p_TCGAb56_SNP_1N_GenomeWideSNP_6_D04_666886	16	89289912	89289963	2	-3.966
BONZE_p_TCGAb56_SNP_1N_GenomeWideSNP_6_D04_666886	16	89289989	90287535	438	-0.3977
BONZE_p_TCGAb56_SNP_1N_GenomeWideSNP_6_D04_666886	17	526	3751811	2008	-0.3151
BONZE_p_TCGAb56_SNP_1N_GenomeWideSNP_6_D04_666886	17	3751857	3752915	2	-2.5357
BONZE_p_TCGAb56_SNP_1N_GenomeWideSNP_6_D04_666886	17	3754000	11943065	5193	-0.4663
BONZE_p_TCGAb56_SNP_1N_GenomeWideSNP_6_D04_666886	17	11956992	12044247	54	-1.4008
BONZE_p_TCGAb56_SNP_1N_GenomeWideSNP_6_D04_666886	17	12044287	19497890	4514	-0.5265
BONZE_p_TCGAb56_SNP_1N_GenomeWideSNP_6_D04_666886	17	19499736	19513742	10	-1.3488
BONZE_p_TCGAb56_SNP_1N_GenomeWideSNP_6_D04_666886	17	19513750	19537470	19	-2.8576
BONZE_p_TCGAb56_SNP_1N_GenomeWideSNP_6_D04_666886	17	19538447	20732658	528	-0.4877
BONZE_p_TCGAb56_SNP_1N_GenomeWideSNP_6_D04_666886	17	20733364	20733390	2	-2.7535
BONZE_p_TCGAb56_SNP_1N_GenomeWideSNP_6_D04_666886	17	20733502	21527665	370	-0.5164
BONZE_p_TCGAb56_SNP_1N_GenomeWideSNP_6_D04_666886	17	21529902	44163098	10725	0.451
BONZE_p_TCGAb56_SNP_1N_GenomeWideSNP_6_D04_666886	17	44165803	44362363	124	1.1483
BONZE_p_TCGAb56_SNP_1N_GenomeWideSNP_6_D04_666886	17	44364170	44752300	49	0.0588
BONZE_p_TCGAb56_SNP_1N_GenomeWideSNP_6_D04_666886	17	44764994	47371922	1353	0.4721
BONZE_p_TCGAb56_SNP_1N_GenomeWideSNP_6_D04_666886	17	47372673	47397579	19	-0.4815
BONZE_p_TCGAb56_SNP_1N_GenomeWideSNP_6_D04_666886	17	47402476	47438624	24	0.4779
BONZE_p_TCGAb56_SNP_1N_GenomeWideSNP_6_D04_666886	17	47440326	47457481	16	-0.45
BONZE_p_TCGAb56_SNP_1N_GenomeWideSNP_6_D04_666886	17	47459367	47463169	5	0.5877
BONZE_p_TCGAb56_SNP_1N_GenomeWideSNP_6_D04_666886	17	47471552	47491583	17	-0.5065
BONZE_p_TCGAb56_SNP_1N_GenomeWideSNP_6_D04_666886	17	47492366	54497610	4643	0.4635
BONZE_p_TCGAb56_SNP_1N_GenomeWideSNP_6_D04_666886	17	54499497	81049726	15513	0.2146
BONZE_p_TCGAb56_SNP_1N_GenomeWideSNP_6_D04_666886	18	11543	27835741	16016	-0.2993
BONZE_p_TCGAb56_SNP_1N_GenomeWideSNP_6_D04_666886	18	27843083	28380920	345	-0.7868
BONZE_p_TCGAb56_SNP_1N_GenomeWideSNP_6_D04_666886	18	28381745	78015057	34267	-0.307
BONZE_p_TCGAb56_SNP_1N_GenomeWideSNP_6_D04_666886	19	90910	4414594	1164	0.0402
BONZE_p_TCGAb56_SNP_1N_GenomeWideSNP_6_D04_666886	19	4416411	4417840	2	-1.4505
BONZE_p_TCGAb56_SNP_1N_GenomeWideSNP_6_D04_666886	19	4417845	5506659	425	0.0578
BONZE_p_TCGAb56_SNP_1N_GenomeWideSNP_6_D04_666886	19	5510239	5510653	3	-1.6449
BONZE_p_TCGAb56_SNP_1N_GenomeWideSNP_6_D04_666886	19	5510700	21710955	7996	0.0578
BONZE_p_TCGAb56_SNP_1N_GenomeWideSNP_6_D04_666886	19	21717303	21721674	2	-1.6096
BONZE_p_TCGAb56_SNP_1N_GenomeWideSNP_6_D04_666886	19	21722305	21747815	18	0.0671
BONZE_p_TCGAb56_SNP_1N_GenomeWideSNP_6_D04_666886	19	21751790	21755324	7	-0.378
BONZE_p_TCGAb56_SNP_1N_GenomeWideSNP_6_D04_666886	19	21761587	21814919	39	0.0828
BONZE_p_TCGAb56_SNP_1N_GenomeWideSNP_6_D04_666886	19	21815640	21819869	2	-1.7858
BONZE_p_TCGAb56_SNP_1N_GenomeWideSNP_6_D04_666886	19	21820111	35658728	6961	0.069
BONZE_p_TCGAb56_SNP_1N_GenomeWideSNP_6_D04_666886	19	35663774	35664043	6	-0.8969
BONZE_p_TCGAb56_SNP_1N_GenomeWideSNP_6_D04_666886	19	35666047	55505208	10470	0.0559
BONZE_p_TCGAb56_SNP_1N_GenomeWideSNP_6_D04_666886	19	55508705	55509688	3	-1.4973
BONZE_p_TCGAb56_SNP_1N_GenomeWideSNP_6_D04_666886	19	55509865	56282369	361	0.0525
BONZE_p_TCGAb56_SNP_1N_GenomeWideSNP_6_D04_666886	19	56282535	56283067	3	1.0598
BONZE_p_TCGAb56_SNP_1N_GenomeWideSNP_6_D04_666886	19	56286293	58940420	1792	0.0612
BONZE_p_TCGAb56_SNP_1N_GenomeWideSNP_6_D04_666886	19	58940514	58946056	4	-1.2132
BONZE_p_TCGAb56_SNP_1N_GenomeWideSNP_6_D04_666886	19	58946160	59097854	51	-0.0692
BONZE_p_TCGAb56_SNP_1N_GenomeWideSNP_6_D04_666886	20	61305	1560951	1203	0.3185
BONZE_p_TCGAb56_SNP_1N_GenomeWideSNP_6_D04_666886	20	1560999	1590257	38	1.2374
BONZE_p_TCGAb56_SNP_1N_GenomeWideSNP_6_D04_666886	20	1590455	59111045	39015	0.3412
BONZE_p_TCGAb56_SNP_1N_GenomeWideSNP_6_D04_666886	20	59113709	59122693	7	-0.6767
BONZE_p_TCGAb56_SNP_1N_GenomeWideSNP_6_D04_666886	20	59128381	62830802	2124	0.334
BONZE_p_TCGAb56_SNP_1N_GenomeWideSNP_6_D04_666886	20	62831694	62837486	4	-0.775
BONZE_p_TCGAb56_SNP_1N_GenomeWideSNP_6_D04_666886	20	62840781	62956153	61	0.25
BONZE_p_TCGAb56_SNP_1N_GenomeWideSNP_6_D04_666886	21	10736871	14446712	130	0.2763
BONZE_p_TCGAb56_SNP_1N_GenomeWideSNP_6_D04_666886	21	14452862	14538478	15	-0.3988
BONZE_p_TCGAb56_SNP_1N_GenomeWideSNP_6_D04_666886	21	14538557	46022529	23028	0.3434
BONZE_p_TCGAb56_SNP_1N_GenomeWideSNP_6_D04_666886	21	46023573	46023713	4	-0.9443
BONZE_p_TCGAb56_SNP_1N_GenomeWideSNP_6_D04_666886	21	46023726	48096957	1225	0.2937
BONZE_p_TCGAb56_SNP_1N_GenomeWideSNP_6_D04_666886	22	16052528	51234455	23433	-0.3192
BONZE_p_TCGAb56_SNP_1N_GenomeWideSNP_6_D04_666886	X	168477	76353650	40135	0.0198
BONZE_p_TCGAb56_SNP_1N_GenomeWideSNP_6_D04_666886	X	76362292	76378656	2	-2.0728
BONZE_p_TCGAb56_SNP_1N_GenomeWideSNP_6_D04_666886	X	76378658	76545159	16	-0.4302
BONZE_p_TCGAb56_SNP_1N_GenomeWideSNP_6_D04_666886	X	76546512	153567619	43820	0.0162
BONZE_p_TCGAb56_SNP_1N_GenomeWideSNP_6_D04_666886	X	153572573	153577339	16	-0.6057
BONZE_p_TCGAb56_SNP_1N_GenomeWideSNP_6_D04_666886	X	153578508	155182354	598	0.0191
BONZE_p_TCGAb56_SNP_1N_GenomeWideSNP_6_D04_666886	Y	2650438	2939017	140	-2.7701
BONZE_p_TCGAb56_SNP_1N_GenomeWideSNP_6_D04_666886	Y	2944083	6113957	730	-2.0231
BONZE_p_TCGAb56_SNP_1N_GenomeWideSNP_6_D04_666886	Y	6117910	7518527	602	-2.6332
BONZE_p_TCGAb56_SNP_1N_GenomeWideSNP_6_D04_666886	Y	7518866	8647592	761	-2.9828
BONZE_p_TCGAb56_SNP_1N_GenomeWideSNP_6_D04_666886	Y	8652246	23960781	5186	-2.6775
BONZE_p_TCGAb56_SNP_1N_GenomeWideSNP_6_D04_666886	Y	23965023	23994788	15	-4.6891
BONZE_p_TCGAb56_SNP_1N_GenomeWideSNP_6_D04_666886	Y	23995393	26427083	522	-2.8036
BONZE_p_TCGAb56_SNP_1N_GenomeWideSNP_6_D04_666886	Y	26427522	26458483	12	-0.1127
BONZE_p_TCGAb56_SNP_1N_GenomeWideSNP_6_D04_666886	Y	26459155	59018259	634	-2.3594
