Sample	Chromosome	Start	End	Num_Probes	Segment_Mean
BONZE_p_TCGAb56_SNP_1N_GenomeWideSNP_6_D06_667022	1	61735	98588	16	0.4122
BONZE_p_TCGAb56_SNP_1N_GenomeWideSNP_6_D06_667022	1	98602	1647494	216	-0.007
BONZE_p_TCGAb56_SNP_1N_GenomeWideSNP_6_D06_667022	1	1647890	1663396	7	0.9977
BONZE_p_TCGAb56_SNP_1N_GenomeWideSNP_6_D06_667022	1	1663831	16149343	8177	0.0384
BONZE_p_TCGAb56_SNP_1N_GenomeWideSNP_6_D06_667022	1	16149915	16154966	10	0.7477
BONZE_p_TCGAb56_SNP_1N_GenomeWideSNP_6_D06_667022	1	16155010	16953771	324	0.0582
BONZE_p_TCGAb56_SNP_1N_GenomeWideSNP_6_D06_667022	1	16953842	17005734	21	-0.2954
BONZE_p_TCGAb56_SNP_1N_GenomeWideSNP_6_D06_667022	1	17005776	17190004	61	0.0373
BONZE_p_TCGAb56_SNP_1N_GenomeWideSNP_6_D06_667022	1	17190862	17257943	45	0.518
BONZE_p_TCGAb56_SNP_1N_GenomeWideSNP_6_D06_667022	1	17258139	21804457	3057	0.0414
BONZE_p_TCGAb56_SNP_1N_GenomeWideSNP_6_D06_667022	1	21805048	21809752	3	1.0123
BONZE_p_TCGAb56_SNP_1N_GenomeWideSNP_6_D06_667022	1	21810508	22330539	311	0.0567
BONZE_p_TCGAb56_SNP_1N_GenomeWideSNP_6_D06_667022	1	22337243	22338125	2	1.0811
BONZE_p_TCGAb56_SNP_1N_GenomeWideSNP_6_D06_667022	1	22342389	25418699	1795	0.0529
BONZE_p_TCGAb56_SNP_1N_GenomeWideSNP_6_D06_667022	1	25423401	25424889	3	-1.3239
BONZE_p_TCGAb56_SNP_1N_GenomeWideSNP_6_D06_667022	1	25429891	25593128	117	0.0635
BONZE_p_TCGAb56_SNP_1N_GenomeWideSNP_6_D06_667022	1	25595881	25662005	29	0.7151
BONZE_p_TCGAb56_SNP_1N_GenomeWideSNP_6_D06_667022	1	25662212	30738504	2399	0.035
BONZE_p_TCGAb56_SNP_1N_GenomeWideSNP_6_D06_667022	1	30738534	30739796	4	-1.1273
BONZE_p_TCGAb56_SNP_1N_GenomeWideSNP_6_D06_667022	1	30741496	35103510	2572	0.0345
BONZE_p_TCGAb56_SNP_1N_GenomeWideSNP_6_D06_667022	1	35103827	35115542	12	-0.6419
BONZE_p_TCGAb56_SNP_1N_GenomeWideSNP_6_D06_667022	1	35116561	46476587	6316	0.0338
BONZE_p_TCGAb56_SNP_1N_GenomeWideSNP_6_D06_667022	1	46478685	46490472	10	0.6743
BONZE_p_TCGAb56_SNP_1N_GenomeWideSNP_6_D06_667022	1	46492048	58482029	7516	0.0393
BONZE_p_TCGAb56_SNP_1N_GenomeWideSNP_6_D06_667022	1	58482316	58483220	6	-0.9065
BONZE_p_TCGAb56_SNP_1N_GenomeWideSNP_6_D06_667022	1	58484277	72768916	10019	0.0346
BONZE_p_TCGAb56_SNP_1N_GenomeWideSNP_6_D06_667022	1	72768936	72811148	45	1.086
BONZE_p_TCGAb56_SNP_1N_GenomeWideSNP_6_D06_667022	1	72811904	76809270	2535	0.0324
BONZE_p_TCGAb56_SNP_1N_GenomeWideSNP_6_D06_667022	1	76810602	76812062	2	1.3553
BONZE_p_TCGAb56_SNP_1N_GenomeWideSNP_6_D06_667022	1	76814888	87026924	6814	0.0391
BONZE_p_TCGAb56_SNP_1N_GenomeWideSNP_6_D06_667022	1	87028669	87039945	12	-0.7936
BONZE_p_TCGAb56_SNP_1N_GenomeWideSNP_6_D06_667022	1	87040567	104130168	10720	0.0302
BONZE_p_TCGAb56_SNP_1N_GenomeWideSNP_6_D06_667022	1	104132359	104268222	37	0.4137
BONZE_p_TCGAb56_SNP_1N_GenomeWideSNP_6_D06_667022	1	104303403	106013376	920	0.0459
BONZE_p_TCGAb56_SNP_1N_GenomeWideSNP_6_D06_667022	1	106019205	106022375	17	0.633
BONZE_p_TCGAb56_SNP_1N_GenomeWideSNP_6_D06_667022	1	106024055	110227515	2665	0.0337
BONZE_p_TCGAb56_SNP_1N_GenomeWideSNP_6_D06_667022	1	110232974	110236947	14	-0.9292
BONZE_p_TCGAb56_SNP_1N_GenomeWideSNP_6_D06_667022	1	110239522	112690326	1958	0.0214
BONZE_p_TCGAb56_SNP_1N_GenomeWideSNP_6_D06_667022	1	112695965	112697390	25	0.5129
BONZE_p_TCGAb56_SNP_1N_GenomeWideSNP_6_D06_667022	1	112705956	121296991	5168	0.0454
BONZE_p_TCGAb56_SNP_1N_GenomeWideSNP_6_D06_667022	1	121298362	145151728	226	0.2806
BONZE_p_TCGAb56_SNP_1N_GenomeWideSNP_6_D06_667022	1	145151959	145152757	5	1.442
BONZE_p_TCGAb56_SNP_1N_GenomeWideSNP_6_D06_667022	1	145156301	148870937	964	0.3564
BONZE_p_TCGAb56_SNP_1N_GenomeWideSNP_6_D06_667022	1	148893345	149024808	15	-0.3299
BONZE_p_TCGAb56_SNP_1N_GenomeWideSNP_6_D06_667022	1	149036524	149256691	131	-1.7748
BONZE_p_TCGAb56_SNP_1N_GenomeWideSNP_6_D06_667022	1	149259416	149363538	19	-0.3569
BONZE_p_TCGAb56_SNP_1N_GenomeWideSNP_6_D06_667022	1	149373115	149436842	12	-0.9992
BONZE_p_TCGAb56_SNP_1N_GenomeWideSNP_6_D06_667022	1	149521840	149739073	31	-0.0065
BONZE_p_TCGAb56_SNP_1N_GenomeWideSNP_6_D06_667022	1	149748542	152555527	1468	0.3243
BONZE_p_TCGAb56_SNP_1N_GenomeWideSNP_6_D06_667022	1	152555706	152586576	34	-1.2013
BONZE_p_TCGAb56_SNP_1N_GenomeWideSNP_6_D06_667022	1	152586594	189648157	25020	0.3307
BONZE_p_TCGAb56_SNP_1N_GenomeWideSNP_6_D06_667022	1	189648483	189648527	2	-3.1971
BONZE_p_TCGAb56_SNP_1N_GenomeWideSNP_6_D06_667022	1	189652047	194448234	3290	0.328
BONZE_p_TCGAb56_SNP_1N_GenomeWideSNP_6_D06_667022	1	194451411	194455018	2	2.5039
BONZE_p_TCGAb56_SNP_1N_GenomeWideSNP_6_D06_667022	1	194457016	227425301	22058	0.3364
BONZE_p_TCGAb56_SNP_1N_GenomeWideSNP_6_D06_667022	1	227426072	227434376	6	-0.5513
BONZE_p_TCGAb56_SNP_1N_GenomeWideSNP_6_D06_667022	1	227436303	249224388	15445	0.3401
BONZE_p_TCGAb56_SNP_1N_GenomeWideSNP_6_D06_667022	2	12784	29643885	20669	0.0302
BONZE_p_TCGAb56_SNP_1N_GenomeWideSNP_6_D06_667022	2	29644015	29644222	4	-1.0874
BONZE_p_TCGAb56_SNP_1N_GenomeWideSNP_6_D06_667022	2	29644595	52754561	16530	0.0367
BONZE_p_TCGAb56_SNP_1N_GenomeWideSNP_6_D06_667022	2	52754728	52754881	3	-1.5927
BONZE_p_TCGAb56_SNP_1N_GenomeWideSNP_6_D06_667022	2	52758753	87513287	22161	0.0285
BONZE_p_TCGAb56_SNP_1N_GenomeWideSNP_6_D06_667022	2	87514379	87514390	2	-1.6778
BONZE_p_TCGAb56_SNP_1N_GenomeWideSNP_6_D06_667022	2	87520356	87811313	49	0.012
BONZE_p_TCGAb56_SNP_1N_GenomeWideSNP_6_D06_667022	2	87815648	87827978	8	-0.6073
BONZE_p_TCGAb56_SNP_1N_GenomeWideSNP_6_D06_667022	2	87839297	89106591	477	0.0261
BONZE_p_TCGAb56_SNP_1N_GenomeWideSNP_6_D06_667022	2	89107017	89107189	3	0.596
BONZE_p_TCGAb56_SNP_1N_GenomeWideSNP_6_D06_667022	2	89107303	89107369	2	-1.1361
BONZE_p_TCGAb56_SNP_1N_GenomeWideSNP_6_D06_667022	2	89109612	96127903	778	0.096
BONZE_p_TCGAb56_SNP_1N_GenomeWideSNP_6_D06_667022	2	96148805	96151799	4	1.0096
BONZE_p_TCGAb56_SNP_1N_GenomeWideSNP_6_D06_667022	2	96151870	98118212	638	0.0512
BONZE_p_TCGAb56_SNP_1N_GenomeWideSNP_6_D06_667022	2	98140747	98161710	8	-1.0411
BONZE_p_TCGAb56_SNP_1N_GenomeWideSNP_6_D06_667022	2	98162189	242696254	88574	0.034
BONZE_p_TCGAb56_SNP_1N_GenomeWideSNP_6_D06_667022	2	242718444	242719476	2	2.0118
BONZE_p_TCGAb56_SNP_1N_GenomeWideSNP_6_D06_667022	2	242719805	243089456	156	0.115
BONZE_p_TCGAb56_SNP_1N_GenomeWideSNP_6_D06_667022	3	60345	66773595	46507	0.0337
BONZE_p_TCGAb56_SNP_1N_GenomeWideSNP_6_D06_667022	3	66777624	68746164	1356	-0.3736
BONZE_p_TCGAb56_SNP_1N_GenomeWideSNP_6_D06_667022	3	68746259	68747413	14	-0.9328
BONZE_p_TCGAb56_SNP_1N_GenomeWideSNP_6_D06_667022	3	68748758	88419573	12002	-0.355
BONZE_p_TCGAb56_SNP_1N_GenomeWideSNP_6_D06_667022	3	88425671	119351586	16627	0.0475
BONZE_p_TCGAb56_SNP_1N_GenomeWideSNP_6_D06_667022	3	119352504	119353938	3	-1.1576
BONZE_p_TCGAb56_SNP_1N_GenomeWideSNP_6_D06_667022	3	119355411	128377084	5462	0.0518
BONZE_p_TCGAb56_SNP_1N_GenomeWideSNP_6_D06_667022	3	128380252	128412331	17	0.615
BONZE_p_TCGAb56_SNP_1N_GenomeWideSNP_6_D06_667022	3	128414161	129762859	625	0.0583
BONZE_p_TCGAb56_SNP_1N_GenomeWideSNP_6_D06_667022	3	129763698	129806236	52	-1.1577
BONZE_p_TCGAb56_SNP_1N_GenomeWideSNP_6_D06_667022	3	129806924	146474143	10451	0.0469
BONZE_p_TCGAb56_SNP_1N_GenomeWideSNP_6_D06_667022	3	146474323	146476483	3	-1.9933
BONZE_p_TCGAb56_SNP_1N_GenomeWideSNP_6_D06_667022	3	146477052	151510042	3143	0.0598
BONZE_p_TCGAb56_SNP_1N_GenomeWideSNP_6_D06_667022	3	151511085	151543301	29	-1.0704
BONZE_p_TCGAb56_SNP_1N_GenomeWideSNP_6_D06_667022	3	151545879	158858123	4406	0.0562
BONZE_p_TCGAb56_SNP_1N_GenomeWideSNP_6_D06_667022	3	158860550	158871074	6	-0.6149
BONZE_p_TCGAb56_SNP_1N_GenomeWideSNP_6_D06_667022	3	158874382	162512739	2257	0.0593
BONZE_p_TCGAb56_SNP_1N_GenomeWideSNP_6_D06_667022	3	162513092	162524858	10	0.6609
BONZE_p_TCGAb56_SNP_1N_GenomeWideSNP_6_D06_667022	3	162528630	162540490	10	1.2391
BONZE_p_TCGAb56_SNP_1N_GenomeWideSNP_6_D06_667022	3	162545716	162625995	48	0.4242
BONZE_p_TCGAb56_SNP_1N_GenomeWideSNP_6_D06_667022	3	162626572	197896118	21914	0.0542
BONZE_p_TCGAb56_SNP_1N_GenomeWideSNP_6_D06_667022	4	12281	61936	53	-0.3027
BONZE_p_TCGAb56_SNP_1N_GenomeWideSNP_6_D06_667022	4	62126	10228802	5755	0.0421
BONZE_p_TCGAb56_SNP_1N_GenomeWideSNP_6_D06_667022	4	10228817	10230903	19	0.6969
BONZE_p_TCGAb56_SNP_1N_GenomeWideSNP_6_D06_667022	4	10231057	10274202	61	0.0233
BONZE_p_TCGAb56_SNP_1N_GenomeWideSNP_6_D06_667022	4	10274626	10276943	7	-0.5292
BONZE_p_TCGAb56_SNP_1N_GenomeWideSNP_6_D06_667022	4	10277467	10392354	115	0.0487
BONZE_p_TCGAb56_SNP_1N_GenomeWideSNP_6_D06_667022	4	10393154	10400668	15	-0.4476
BONZE_p_TCGAb56_SNP_1N_GenomeWideSNP_6_D06_667022	4	10402718	45005852	23497	0.0426
BONZE_p_TCGAb56_SNP_1N_GenomeWideSNP_6_D06_667022	4	45006192	45006335	3	-3.6642
BONZE_p_TCGAb56_SNP_1N_GenomeWideSNP_6_D06_667022	4	45010969	49081013	2317	0.0456
BONZE_p_TCGAb56_SNP_1N_GenomeWideSNP_6_D06_667022	4	49082283	49206439	18	0.4825
BONZE_p_TCGAb56_SNP_1N_GenomeWideSNP_6_D06_667022	4	49216534	49658223	27	-0.5287
BONZE_p_TCGAb56_SNP_1N_GenomeWideSNP_6_D06_667022	4	49658612	57896558	3420	0.0406
BONZE_p_TCGAb56_SNP_1N_GenomeWideSNP_6_D06_667022	4	57896699	63006443	3227	-0.368
BONZE_p_TCGAb56_SNP_1N_GenomeWideSNP_6_D06_667022	4	63015694	64705785	957	0.0427
BONZE_p_TCGAb56_SNP_1N_GenomeWideSNP_6_D06_667022	4	64707581	64716431	9	0.598
BONZE_p_TCGAb56_SNP_1N_GenomeWideSNP_6_D06_667022	4	64717026	66976624	1493	0.0406
BONZE_p_TCGAb56_SNP_1N_GenomeWideSNP_6_D06_667022	4	66980896	68430350	864	0.9563
BONZE_p_TCGAb56_SNP_1N_GenomeWideSNP_6_D06_667022	4	68433047	68447200	21	0.0671
BONZE_p_TCGAb56_SNP_1N_GenomeWideSNP_6_D06_667022	4	68452873	69043364	371	0.9679
BONZE_p_TCGAb56_SNP_1N_GenomeWideSNP_6_D06_667022	4	69043533	69284591	114	0.5281
BONZE_p_TCGAb56_SNP_1N_GenomeWideSNP_6_D06_667022	4	69288138	69288142	3	-1.6958
BONZE_p_TCGAb56_SNP_1N_GenomeWideSNP_6_D06_667022	4	69294799	69372003	16	0.3127
BONZE_p_TCGAb56_SNP_1N_GenomeWideSNP_6_D06_667022	4	69374941	70032800	351	0.6089
BONZE_p_TCGAb56_SNP_1N_GenomeWideSNP_6_D06_667022	4	70042818	70050553	7	-0.2843
BONZE_p_TCGAb56_SNP_1N_GenomeWideSNP_6_D06_667022	4	70057619	70121263	34	0.6335
BONZE_p_TCGAb56_SNP_1N_GenomeWideSNP_6_D06_667022	4	70123510	70236151	58	0.1832
BONZE_p_TCGAb56_SNP_1N_GenomeWideSNP_6_D06_667022	4	70239096	73551863	1967	0.5925
BONZE_p_TCGAb56_SNP_1N_GenomeWideSNP_6_D06_667022	4	73552244	73558815	3	-0.7487
BONZE_p_TCGAb56_SNP_1N_GenomeWideSNP_6_D06_667022	4	73561425	80317772	4382	0.5724
BONZE_p_TCGAb56_SNP_1N_GenomeWideSNP_6_D06_667022	4	80317977	81744571	776	0.3269
BONZE_p_TCGAb56_SNP_1N_GenomeWideSNP_6_D06_667022	4	81746747	81949462	106	0.0412
BONZE_p_TCGAb56_SNP_1N_GenomeWideSNP_6_D06_667022	4	81954663	96245748	8707	-0.3565
BONZE_p_TCGAb56_SNP_1N_GenomeWideSNP_6_D06_667022	4	96246506	96247242	6	-1.3729
BONZE_p_TCGAb56_SNP_1N_GenomeWideSNP_6_D06_667022	4	96247261	96247478	5	-0.1733
BONZE_p_TCGAb56_SNP_1N_GenomeWideSNP_6_D06_667022	4	96247498	96247596	4	-1.897
BONZE_p_TCGAb56_SNP_1N_GenomeWideSNP_6_D06_667022	4	96248616	104723875	5066	-0.3513
BONZE_p_TCGAb56_SNP_1N_GenomeWideSNP_6_D06_667022	4	104725055	104758503	46	-0.0596
BONZE_p_TCGAb56_SNP_1N_GenomeWideSNP_6_D06_667022	4	104759914	130883324	15641	-0.3528
BONZE_p_TCGAb56_SNP_1N_GenomeWideSNP_6_D06_667022	4	130887271	130887473	2	-2.38
BONZE_p_TCGAb56_SNP_1N_GenomeWideSNP_6_D06_667022	4	130892393	138179445	4033	-0.3341
BONZE_p_TCGAb56_SNP_1N_GenomeWideSNP_6_D06_667022	4	138182433	138190176	47	-0.0345
BONZE_p_TCGAb56_SNP_1N_GenomeWideSNP_6_D06_667022	4	138190394	153555605	9234	-0.3521
BONZE_p_TCGAb56_SNP_1N_GenomeWideSNP_6_D06_667022	4	153558041	153558074	3	-1.6822
BONZE_p_TCGAb56_SNP_1N_GenomeWideSNP_6_D06_667022	4	153562269	161880141	5399	-0.3595
BONZE_p_TCGAb56_SNP_1N_GenomeWideSNP_6_D06_667022	4	161880197	161884600	17	-1.1166
BONZE_p_TCGAb56_SNP_1N_GenomeWideSNP_6_D06_667022	4	161884908	179517646	11089	-0.3627
BONZE_p_TCGAb56_SNP_1N_GenomeWideSNP_6_D06_667022	4	179520402	179541387	17	-0.8893
BONZE_p_TCGAb56_SNP_1N_GenomeWideSNP_6_D06_667022	4	179541851	189431757	7110	-0.3691
BONZE_p_TCGAb56_SNP_1N_GenomeWideSNP_6_D06_667022	4	189431772	189432624	11	0.3873
BONZE_p_TCGAb56_SNP_1N_GenomeWideSNP_6_D06_667022	4	189432682	189942918	394	-0.3538
BONZE_p_TCGAb56_SNP_1N_GenomeWideSNP_6_D06_667022	4	189947862	189949045	5	-1.3999
BONZE_p_TCGAb56_SNP_1N_GenomeWideSNP_6_D06_667022	4	189952642	191027923	589	-0.3091
BONZE_p_TCGAb56_SNP_1N_GenomeWideSNP_6_D06_667022	5	15532	12791720	10229	0.036
BONZE_p_TCGAb56_SNP_1N_GenomeWideSNP_6_D06_667022	5	12800889	12838533	15	0.5985
BONZE_p_TCGAb56_SNP_1N_GenomeWideSNP_6_D06_667022	5	12849201	15718492	1976	0.043
BONZE_p_TCGAb56_SNP_1N_GenomeWideSNP_6_D06_667022	5	15719222	15720597	11	-0.9606
BONZE_p_TCGAb56_SNP_1N_GenomeWideSNP_6_D06_667022	5	15723346	34700704	11835	0.0456
BONZE_p_TCGAb56_SNP_1N_GenomeWideSNP_6_D06_667022	5	34701065	34701189	2	-1.5561
BONZE_p_TCGAb56_SNP_1N_GenomeWideSNP_6_D06_667022	5	34703363	57321646	11840	0.0356
BONZE_p_TCGAb56_SNP_1N_GenomeWideSNP_6_D06_667022	5	57326027	57333533	32	1.4355
BONZE_p_TCGAb56_SNP_1N_GenomeWideSNP_6_D06_667022	5	57338357	173202507	72797	0.0384
BONZE_p_TCGAb56_SNP_1N_GenomeWideSNP_6_D06_667022	5	173205058	173206216	7	-0.8084
BONZE_p_TCGAb56_SNP_1N_GenomeWideSNP_6_D06_667022	5	173206371	177198449	2408	0.0421
BONZE_p_TCGAb56_SNP_1N_GenomeWideSNP_6_D06_667022	5	177227551	177232605	3	1.976
BONZE_p_TCGAb56_SNP_1N_GenomeWideSNP_6_D06_667022	5	177254965	180537126	1904	0.0354
BONZE_p_TCGAb56_SNP_1N_GenomeWideSNP_6_D06_667022	5	180538233	180539725	2	-1.5038
BONZE_p_TCGAb56_SNP_1N_GenomeWideSNP_6_D06_667022	5	180541186	180790320	98	-0.0285
BONZE_p_TCGAb56_SNP_1N_GenomeWideSNP_6_D06_667022	6	149661	351376	169	0.0823
BONZE_p_TCGAb56_SNP_1N_GenomeWideSNP_6_D06_667022	6	354489	361155	16	0.4991
BONZE_p_TCGAb56_SNP_1N_GenomeWideSNP_6_D06_667022	6	364420	6026211	4676	0.0253
BONZE_p_TCGAb56_SNP_1N_GenomeWideSNP_6_D06_667022	6	6033931	6034436	3	-3.6935
BONZE_p_TCGAb56_SNP_1N_GenomeWideSNP_6_D06_667022	6	6037045	32449050	18087	0.0299
BONZE_p_TCGAb56_SNP_1N_GenomeWideSNP_6_D06_667022	6	32449523	32578082	41	0.778
BONZE_p_TCGAb56_SNP_1N_GenomeWideSNP_6_D06_667022	6	32578970	33708776	655	-0.0074
BONZE_p_TCGAb56_SNP_1N_GenomeWideSNP_6_D06_667022	6	33710020	33714983	4	-0.8276
BONZE_p_TCGAb56_SNP_1N_GenomeWideSNP_6_D06_667022	6	33715837	33938743	181	0.0342
BONZE_p_TCGAb56_SNP_1N_GenomeWideSNP_6_D06_667022	6	33942011	33942611	5	-1.3912
BONZE_p_TCGAb56_SNP_1N_GenomeWideSNP_6_D06_667022	6	33942705	53931380	12935	0.0348
BONZE_p_TCGAb56_SNP_1N_GenomeWideSNP_6_D06_667022	6	53931419	53931855	3	-1.2279
BONZE_p_TCGAb56_SNP_1N_GenomeWideSNP_6_D06_667022	6	53935348	67004925	5457	0.0435
BONZE_p_TCGAb56_SNP_1N_GenomeWideSNP_6_D06_667022	6	67004973	67048629	58	-0.5572
BONZE_p_TCGAb56_SNP_1N_GenomeWideSNP_6_D06_667022	6	67049406	77439868	6782	0.0431
BONZE_p_TCGAb56_SNP_1N_GenomeWideSNP_6_D06_667022	6	77440048	77452757	20	0.5354
BONZE_p_TCGAb56_SNP_1N_GenomeWideSNP_6_D06_667022	6	77461073	78911512	928	0.0474
BONZE_p_TCGAb56_SNP_1N_GenomeWideSNP_6_D06_667022	6	78911699	78912262	3	-0.7336
BONZE_p_TCGAb56_SNP_1N_GenomeWideSNP_6_D06_667022	6	78914986	78962889	47	0.0326
BONZE_p_TCGAb56_SNP_1N_GenomeWideSNP_6_D06_667022	6	78969065	79039234	113	-0.2453
BONZE_p_TCGAb56_SNP_1N_GenomeWideSNP_6_D06_667022	6	79041633	79520689	312	0.0609
BONZE_p_TCGAb56_SNP_1N_GenomeWideSNP_6_D06_667022	6	79521062	79521562	2	-1.2218
BONZE_p_TCGAb56_SNP_1N_GenomeWideSNP_6_D06_667022	6	79528574	114221955	21899	0.0382
BONZE_p_TCGAb56_SNP_1N_GenomeWideSNP_6_D06_667022	6	114224841	114225016	2	-1.8827
BONZE_p_TCGAb56_SNP_1N_GenomeWideSNP_6_D06_667022	6	114225811	124431774	6028	0.0308
BONZE_p_TCGAb56_SNP_1N_GenomeWideSNP_6_D06_667022	6	124435941	124470365	20	0.6427
BONZE_p_TCGAb56_SNP_1N_GenomeWideSNP_6_D06_667022	6	124470761	148195343	15320	0.0353
BONZE_p_TCGAb56_SNP_1N_GenomeWideSNP_6_D06_667022	6	148195569	148195899	2	-1.2253
BONZE_p_TCGAb56_SNP_1N_GenomeWideSNP_6_D06_667022	6	148196016	148849429	536	0.0529
BONZE_p_TCGAb56_SNP_1N_GenomeWideSNP_6_D06_667022	6	148849562	148851309	2	-1.3726
BONZE_p_TCGAb56_SNP_1N_GenomeWideSNP_6_D06_667022	6	148851337	153957370	3706	0.0431
BONZE_p_TCGAb56_SNP_1N_GenomeWideSNP_6_D06_667022	6	153960786	153961419	2	-2.1774
BONZE_p_TCGAb56_SNP_1N_GenomeWideSNP_6_D06_667022	6	153961899	164718451	7646	0.0306
BONZE_p_TCGAb56_SNP_1N_GenomeWideSNP_6_D06_667022	6	164718599	164802993	37	0.5648
BONZE_p_TCGAb56_SNP_1N_GenomeWideSNP_6_D06_667022	6	164804388	171051005	4282	0.0238
BONZE_p_TCGAb56_SNP_1N_GenomeWideSNP_6_D06_667022	7	43355	5884758	3051	0.0284
BONZE_p_TCGAb56_SNP_1N_GenomeWideSNP_6_D06_667022	7	5885326	5885732	2	-1.9246
BONZE_p_TCGAb56_SNP_1N_GenomeWideSNP_6_D06_667022	7	5889023	8894200	2112	0.0448
BONZE_p_TCGAb56_SNP_1N_GenomeWideSNP_6_D06_667022	7	8894310	8894728	2	-1.5411
BONZE_p_TCGAb56_SNP_1N_GenomeWideSNP_6_D06_667022	7	8895227	11766612	2298	0.0417
BONZE_p_TCGAb56_SNP_1N_GenomeWideSNP_6_D06_667022	7	11772783	11773517	4	-1.177
BONZE_p_TCGAb56_SNP_1N_GenomeWideSNP_6_D06_667022	7	11774241	29664568	14012	0.0372
BONZE_p_TCGAb56_SNP_1N_GenomeWideSNP_6_D06_667022	7	29667778	29691461	16	-0.4187
BONZE_p_TCGAb56_SNP_1N_GenomeWideSNP_6_D06_667022	7	29693618	34839018	3455	0.035
BONZE_p_TCGAb56_SNP_1N_GenomeWideSNP_6_D06_667022	7	34843099	34847196	2	-1.6653
BONZE_p_TCGAb56_SNP_1N_GenomeWideSNP_6_D06_667022	7	34848504	64594065	16765	0.0407
BONZE_p_TCGAb56_SNP_1N_GenomeWideSNP_6_D06_667022	7	64594341	64663224	11	0.6444
BONZE_p_TCGAb56_SNP_1N_GenomeWideSNP_6_D06_667022	7	64663238	75351138	5028	0.0492
BONZE_p_TCGAb56_SNP_1N_GenomeWideSNP_6_D06_667022	7	75354183	75364238	8	0.7268
BONZE_p_TCGAb56_SNP_1N_GenomeWideSNP_6_D06_667022	7	75374657	97395470	13980	0.0467
BONZE_p_TCGAb56_SNP_1N_GenomeWideSNP_6_D06_667022	7	97395471	97402475	11	-0.5605
BONZE_p_TCGAb56_SNP_1N_GenomeWideSNP_6_D06_667022	7	97404240	97407061	19	0.2363
BONZE_p_TCGAb56_SNP_1N_GenomeWideSNP_6_D06_667022	7	97417607	97420652	5	-0.6256
BONZE_p_TCGAb56_SNP_1N_GenomeWideSNP_6_D06_667022	7	97421090	101080923	1540	0.0525
BONZE_p_TCGAb56_SNP_1N_GenomeWideSNP_6_D06_667022	7	101081798	101081986	2	-1.8355
BONZE_p_TCGAb56_SNP_1N_GenomeWideSNP_6_D06_667022	7	101086258	115935011	9006	0.0468
BONZE_p_TCGAb56_SNP_1N_GenomeWideSNP_6_D06_667022	7	115935065	115941666	6	-1.0757
BONZE_p_TCGAb56_SNP_1N_GenomeWideSNP_6_D06_667022	7	115943514	126044974	6133	0.0438
BONZE_p_TCGAb56_SNP_1N_GenomeWideSNP_6_D06_667022	7	126045482	126046615	12	-1.0543
BONZE_p_TCGAb56_SNP_1N_GenomeWideSNP_6_D06_667022	7	126046876	133785177	4706	0.0378
BONZE_p_TCGAb56_SNP_1N_GenomeWideSNP_6_D06_667022	7	133785195	133795634	25	-1.4703
BONZE_p_TCGAb56_SNP_1N_GenomeWideSNP_6_D06_667022	7	133795665	141763124	5206	0.0311
BONZE_p_TCGAb56_SNP_1N_GenomeWideSNP_6_D06_667022	7	141769643	141792107	42	0.3387
BONZE_p_TCGAb56_SNP_1N_GenomeWideSNP_6_D06_667022	7	141795281	143909445	1320	0.042
BONZE_p_TCGAb56_SNP_1N_GenomeWideSNP_6_D06_667022	7	143911624	144050933	37	0.5966
BONZE_p_TCGAb56_SNP_1N_GenomeWideSNP_6_D06_667022	7	144051231	153779015	6037	0.0397
BONZE_p_TCGAb56_SNP_1N_GenomeWideSNP_6_D06_667022	7	153779024	153797012	7	-1.0113
BONZE_p_TCGAb56_SNP_1N_GenomeWideSNP_6_D06_667022	7	153801386	154422795	438	0.0442
BONZE_p_TCGAb56_SNP_1N_GenomeWideSNP_6_D06_667022	7	154423082	154428418	6	-0.7181
BONZE_p_TCGAb56_SNP_1N_GenomeWideSNP_6_D06_667022	7	154429560	159127004	3215	0.0435
BONZE_p_TCGAb56_SNP_1N_GenomeWideSNP_6_D06_667022	8	31254	112796	3	0.2271
BONZE_p_TCGAb56_SNP_1N_GenomeWideSNP_6_D06_667022	8	113380	1901614	1316	-0.405
BONZE_p_TCGAb56_SNP_1N_GenomeWideSNP_6_D06_667022	8	1901930	1902750	4	-2.0584
BONZE_p_TCGAb56_SNP_1N_GenomeWideSNP_6_D06_667022	8	1909165	2701934	800	-0.3902
BONZE_p_TCGAb56_SNP_1N_GenomeWideSNP_6_D06_667022	8	2703533	2703899	7	-1.6418
BONZE_p_TCGAb56_SNP_1N_GenomeWideSNP_6_D06_667022	8	2707171	4657295	2752	-0.39
BONZE_p_TCGAb56_SNP_1N_GenomeWideSNP_6_D06_667022	8	4660204	4664053	9	-1.3722
BONZE_p_TCGAb56_SNP_1N_GenomeWideSNP_6_D06_667022	8	4664409	6826290	2826	-0.414
BONZE_p_TCGAb56_SNP_1N_GenomeWideSNP_6_D06_667022	8	6826456	6876142	18	0.2432
BONZE_p_TCGAb56_SNP_1N_GenomeWideSNP_6_D06_667022	8	6878188	7186632	90	-0.3823
BONZE_p_TCGAb56_SNP_1N_GenomeWideSNP_6_D06_667022	8	7186646	7254328	29	0.1529
BONZE_p_TCGAb56_SNP_1N_GenomeWideSNP_6_D06_667022	8	7254341	39021035	22949	-0.3711
BONZE_p_TCGAb56_SNP_1N_GenomeWideSNP_6_D06_667022	8	39023927	99103734	34347	0.0395
BONZE_p_TCGAb56_SNP_1N_GenomeWideSNP_6_D06_667022	8	99105726	99185063	58	0.447
BONZE_p_TCGAb56_SNP_1N_GenomeWideSNP_6_D06_667022	8	99189845	112291494	7806	0.0367
BONZE_p_TCGAb56_SNP_1N_GenomeWideSNP_6_D06_667022	8	112294279	112295260	10	1.2662
BONZE_p_TCGAb56_SNP_1N_GenomeWideSNP_6_D06_667022	8	112300281	117673789	3136	0.0503
BONZE_p_TCGAb56_SNP_1N_GenomeWideSNP_6_D06_667022	8	117680319	143114617	18654	0.3371
BONZE_p_TCGAb56_SNP_1N_GenomeWideSNP_6_D06_667022	8	143115093	143130738	20	-0.0971
BONZE_p_TCGAb56_SNP_1N_GenomeWideSNP_6_D06_667022	8	143136640	146298155	1134	0.3378
BONZE_p_TCGAb56_SNP_1N_GenomeWideSNP_6_D06_667022	9	46587	7335136	7058	0.0221
BONZE_p_TCGAb56_SNP_1N_GenomeWideSNP_6_D06_667022	9	7337984	7340993	6	-0.792
BONZE_p_TCGAb56_SNP_1N_GenomeWideSNP_6_D06_667022	9	7345375	11633779	3947	0.0381
BONZE_p_TCGAb56_SNP_1N_GenomeWideSNP_6_D06_667022	9	11645592	11680852	32	-0.982
BONZE_p_TCGAb56_SNP_1N_GenomeWideSNP_6_D06_667022	9	11681147	23363115	9421	0.0322
BONZE_p_TCGAb56_SNP_1N_GenomeWideSNP_6_D06_667022	9	23363933	23373484	7	-1.7863
BONZE_p_TCGAb56_SNP_1N_GenomeWideSNP_6_D06_667022	9	23378488	36894151	9370	0.0407
BONZE_p_TCGAb56_SNP_1N_GenomeWideSNP_6_D06_667022	9	36894587	36894633	2	-1.3293
BONZE_p_TCGAb56_SNP_1N_GenomeWideSNP_6_D06_667022	9	36894837	37033159	145	0.0188
BONZE_p_TCGAb56_SNP_1N_GenomeWideSNP_6_D06_667022	9	37033361	37034669	3	-0.8397
BONZE_p_TCGAb56_SNP_1N_GenomeWideSNP_6_D06_667022	9	37035181	65616971	1621	0.0782
BONZE_p_TCGAb56_SNP_1N_GenomeWideSNP_6_D06_667022	9	65617146	65630946	2	-2.174
BONZE_p_TCGAb56_SNP_1N_GenomeWideSNP_6_D06_667022	9	65672607	117082811	33189	0.0431
BONZE_p_TCGAb56_SNP_1N_GenomeWideSNP_6_D06_667022	9	117087402	117088322	2	1.7812
BONZE_p_TCGAb56_SNP_1N_GenomeWideSNP_6_D06_667022	9	117093029	138211368	14016	0.0408
BONZE_p_TCGAb56_SNP_1N_GenomeWideSNP_6_D06_667022	9	138214105	138215622	2	-2.3211
BONZE_p_TCGAb56_SNP_1N_GenomeWideSNP_6_D06_667022	9	138216412	141091394	1115	0.0487
BONZE_p_TCGAb56_SNP_1N_GenomeWideSNP_6_D06_667022	10	72759	1931476	1349	-0.3693
BONZE_p_TCGAb56_SNP_1N_GenomeWideSNP_6_D06_667022	10	1934387	10238223	7335	0.7572
BONZE_p_TCGAb56_SNP_1N_GenomeWideSNP_6_D06_667022	10	10238316	11110195	764	1.0781
BONZE_p_TCGAb56_SNP_1N_GenomeWideSNP_6_D06_667022	10	11111612	11111700	4	0.2109
BONZE_p_TCGAb56_SNP_1N_GenomeWideSNP_6_D06_667022	10	11111723	11515273	413	1.0563
BONZE_p_TCGAb56_SNP_1N_GenomeWideSNP_6_D06_667022	10	11520906	15030085	2877	1.3892
BONZE_p_TCGAb56_SNP_1N_GenomeWideSNP_6_D06_667022	10	15033110	15036214	3	-0.057
BONZE_p_TCGAb56_SNP_1N_GenomeWideSNP_6_D06_667022	10	15039782	15688011	504	1.2298
BONZE_p_TCGAb56_SNP_1N_GenomeWideSNP_6_D06_667022	10	15693218	15705976	26	0.6176
BONZE_p_TCGAb56_SNP_1N_GenomeWideSNP_6_D06_667022	10	15706921	15717486	3	0.0802
BONZE_p_TCGAb56_SNP_1N_GenomeWideSNP_6_D06_667022	10	15718652	15754920	27	0.6218
BONZE_p_TCGAb56_SNP_1N_GenomeWideSNP_6_D06_667022	10	15761209	16966766	932	0.0358
BONZE_p_TCGAb56_SNP_1N_GenomeWideSNP_6_D06_667022	10	16969293	21078422	3031	0.3647
BONZE_p_TCGAb56_SNP_1N_GenomeWideSNP_6_D06_667022	10	21079754	24375263	1974	-0.3636
BONZE_p_TCGAb56_SNP_1N_GenomeWideSNP_6_D06_667022	10	24377674	24379007	14	0.2627
BONZE_p_TCGAb56_SNP_1N_GenomeWideSNP_6_D06_667022	10	24379039	32922749	6092	-0.3677
BONZE_p_TCGAb56_SNP_1N_GenomeWideSNP_6_D06_667022	10	32932119	44801309	5239	0.042
BONZE_p_TCGAb56_SNP_1N_GenomeWideSNP_6_D06_667022	10	44801673	44810629	11	-0.5268
BONZE_p_TCGAb56_SNP_1N_GenomeWideSNP_6_D06_667022	10	44811095	47593133	1187	0.0401
BONZE_p_TCGAb56_SNP_1N_GenomeWideSNP_6_D06_667022	10	47593951	47594841	2	-1.421
BONZE_p_TCGAb56_SNP_1N_GenomeWideSNP_6_D06_667022	10	47596804	50871716	1717	0.02
BONZE_p_TCGAb56_SNP_1N_GenomeWideSNP_6_D06_667022	10	50872246	50987309	63	0.3586
BONZE_p_TCGAb56_SNP_1N_GenomeWideSNP_6_D06_667022	10	50988759	56666770	3797	0.036
BONZE_p_TCGAb56_SNP_1N_GenomeWideSNP_6_D06_667022	10	56667289	80701996	16214	0.3409
BONZE_p_TCGAb56_SNP_1N_GenomeWideSNP_6_D06_667022	10	80703039	80770508	37	-0.1174
BONZE_p_TCGAb56_SNP_1N_GenomeWideSNP_6_D06_667022	10	80770898	89487272	5855	0.347
BONZE_p_TCGAb56_SNP_1N_GenomeWideSNP_6_D06_667022	10	89492753	93194895	2801	-0.3671
BONZE_p_TCGAb56_SNP_1N_GenomeWideSNP_6_D06_667022	10	93198006	135232654	28674	0.0241
BONZE_p_TCGAb56_SNP_1N_GenomeWideSNP_6_D06_667022	10	135234140	135372597	107	0.5026
BONZE_p_TCGAb56_SNP_1N_GenomeWideSNP_6_D06_667022	10	135373435	135506704	43	-7e-04
BONZE_p_TCGAb56_SNP_1N_GenomeWideSNP_6_D06_667022	11	198510	3486724	1349	-0.3756
BONZE_p_TCGAb56_SNP_1N_GenomeWideSNP_6_D06_667022	11	3487665	3488541	3	-2.0479
BONZE_p_TCGAb56_SNP_1N_GenomeWideSNP_6_D06_667022	11	3506526	4968117	1127	-0.3487
BONZE_p_TCGAb56_SNP_1N_GenomeWideSNP_6_D06_667022	11	4968510	4976272	30	0.562
BONZE_p_TCGAb56_SNP_1N_GenomeWideSNP_6_D06_667022	11	4976334	5778523	787	-0.3673
BONZE_p_TCGAb56_SNP_1N_GenomeWideSNP_6_D06_667022	11	5782925	5809139	41	0.3146
BONZE_p_TCGAb56_SNP_1N_GenomeWideSNP_6_D06_667022	11	5809338	7106526	958	-0.413
BONZE_p_TCGAb56_SNP_1N_GenomeWideSNP_6_D06_667022	11	7114523	12698801	4285	0.041
BONZE_p_TCGAb56_SNP_1N_GenomeWideSNP_6_D06_667022	11	12703561	12753587	25	-0.4115
BONZE_p_TCGAb56_SNP_1N_GenomeWideSNP_6_D06_667022	11	12754648	16535292	2572	0.326
BONZE_p_TCGAb56_SNP_1N_GenomeWideSNP_6_D06_667022	11	16535957	24442174	6020	0.0384
BONZE_p_TCGAb56_SNP_1N_GenomeWideSNP_6_D06_667022	11	24444249	24450257	6	-0.8864
BONZE_p_TCGAb56_SNP_1N_GenomeWideSNP_6_D06_667022	11	24455176	49708375	16682	0.0458
BONZE_p_TCGAb56_SNP_1N_GenomeWideSNP_6_D06_667022	11	49710861	49757671	19	-0.7006
BONZE_p_TCGAb56_SNP_1N_GenomeWideSNP_6_D06_667022	11	49757767	51176743	382	0.088
BONZE_p_TCGAb56_SNP_1N_GenomeWideSNP_6_D06_667022	11	51183575	51195051	5	-1.3759
BONZE_p_TCGAb56_SNP_1N_GenomeWideSNP_6_D06_667022	11	51205141	55374032	377	0.0918
BONZE_p_TCGAb56_SNP_1N_GenomeWideSNP_6_D06_667022	11	55374048	55460683	60	0.4177
BONZE_p_TCGAb56_SNP_1N_GenomeWideSNP_6_D06_667022	11	55460788	56598627	762	0.0742
BONZE_p_TCGAb56_SNP_1N_GenomeWideSNP_6_D06_667022	11	56602605	57399072	505	0.3136
BONZE_p_TCGAb56_SNP_1N_GenomeWideSNP_6_D06_667022	11	57412972	57481018	34	0.0597
BONZE_p_TCGAb56_SNP_1N_GenomeWideSNP_6_D06_667022	11	57485587	57727084	106	0.6208
BONZE_p_TCGAb56_SNP_1N_GenomeWideSNP_6_D06_667022	11	57728770	57784307	26	0.3053
BONZE_p_TCGAb56_SNP_1N_GenomeWideSNP_6_D06_667022	11	57786017	58102518	243	0.0256
BONZE_p_TCGAb56_SNP_1N_GenomeWideSNP_6_D06_667022	11	58104136	58112130	11	-1.0041
BONZE_p_TCGAb56_SNP_1N_GenomeWideSNP_6_D06_667022	11	58115501	58762082	362	0.0416
BONZE_p_TCGAb56_SNP_1N_GenomeWideSNP_6_D06_667022	11	58762129	58906113	81	-0.3668
BONZE_p_TCGAb56_SNP_1N_GenomeWideSNP_6_D06_667022	11	58911452	59248250	199	0.0293
BONZE_p_TCGAb56_SNP_1N_GenomeWideSNP_6_D06_667022	11	59258518	61275550	1199	-0.3544
BONZE_p_TCGAb56_SNP_1N_GenomeWideSNP_6_D06_667022	11	61286500	61875722	291	0.0112
BONZE_p_TCGAb56_SNP_1N_GenomeWideSNP_6_D06_667022	11	61880090	62143852	197	-0.3608
BONZE_p_TCGAb56_SNP_1N_GenomeWideSNP_6_D06_667022	11	62149941	68785803	2780	0.0187
BONZE_p_TCGAb56_SNP_1N_GenomeWideSNP_6_D06_667022	11	68788708	69198289	234	0.9873
BONZE_p_TCGAb56_SNP_1N_GenomeWideSNP_6_D06_667022	11	69198708	70284068	610	1.4657
BONZE_p_TCGAb56_SNP_1N_GenomeWideSNP_6_D06_667022	11	70295897	78471926	4432	-0.0165
BONZE_p_TCGAb56_SNP_1N_GenomeWideSNP_6_D06_667022	11	78474794	78727143	223	0.2976
BONZE_p_TCGAb56_SNP_1N_GenomeWideSNP_6_D06_667022	11	78727548	81690607	2473	0.0126
BONZE_p_TCGAb56_SNP_1N_GenomeWideSNP_6_D06_667022	11	81695789	82029028	239	1.0548
BONZE_p_TCGAb56_SNP_1N_GenomeWideSNP_6_D06_667022	11	82029098	83528480	917	0.0338
BONZE_p_TCGAb56_SNP_1N_GenomeWideSNP_6_D06_667022	11	83529103	83531646	4	-0.9793
BONZE_p_TCGAb56_SNP_1N_GenomeWideSNP_6_D06_667022	11	83532535	84675095	816	0.0359
BONZE_p_TCGAb56_SNP_1N_GenomeWideSNP_6_D06_667022	11	84675317	84781928	75	0.3035
BONZE_p_TCGAb56_SNP_1N_GenomeWideSNP_6_D06_667022	11	84783270	84790980	14	0.712
BONZE_p_TCGAb56_SNP_1N_GenomeWideSNP_6_D06_667022	11	84791038	85214349	243	1.0997
BONZE_p_TCGAb56_SNP_1N_GenomeWideSNP_6_D06_667022	11	85218589	86353990	778	0.0275
BONZE_p_TCGAb56_SNP_1N_GenomeWideSNP_6_D06_667022	11	86367929	86380336	13	0.8893
BONZE_p_TCGAb56_SNP_1N_GenomeWideSNP_6_D06_667022	11	86385293	86431417	37	1.1528
BONZE_p_TCGAb56_SNP_1N_GenomeWideSNP_6_D06_667022	11	86433070	86704096	180	0.7712
BONZE_p_TCGAb56_SNP_1N_GenomeWideSNP_6_D06_667022	11	86708628	86863374	107	-0.9172
BONZE_p_TCGAb56_SNP_1N_GenomeWideSNP_6_D06_667022	11	86864537	89410463	1702	-0.3508
BONZE_p_TCGAb56_SNP_1N_GenomeWideSNP_6_D06_667022	11	89414797	89803644	60	0.7926
BONZE_p_TCGAb56_SNP_1N_GenomeWideSNP_6_D06_667022	11	89807958	90093358	157	0.0421
BONZE_p_TCGAb56_SNP_1N_GenomeWideSNP_6_D06_667022	11	90093648	90203934	86	0.3105
BONZE_p_TCGAb56_SNP_1N_GenomeWideSNP_6_D06_667022	11	90208394	90212300	3	-0.3105
BONZE_p_TCGAb56_SNP_1N_GenomeWideSNP_6_D06_667022	11	90212675	90869728	513	0.3444
BONZE_p_TCGAb56_SNP_1N_GenomeWideSNP_6_D06_667022	11	90875200	91080310	146	0.6025
BONZE_p_TCGAb56_SNP_1N_GenomeWideSNP_6_D06_667022	11	91080353	91298815	143	1.2023
BONZE_p_TCGAb56_SNP_1N_GenomeWideSNP_6_D06_667022	11	91304900	92043279	561	0.7429
BONZE_p_TCGAb56_SNP_1N_GenomeWideSNP_6_D06_667022	11	92044991	92573911	359	0.3527
BONZE_p_TCGAb56_SNP_1N_GenomeWideSNP_6_D06_667022	11	92576466	92790985	180	0.9348
BONZE_p_TCGAb56_SNP_1N_GenomeWideSNP_6_D06_667022	11	92791773	92792884	7	0.3599
BONZE_p_TCGAb56_SNP_1N_GenomeWideSNP_6_D06_667022	11	92793154	93266594	333	1.0495
BONZE_p_TCGAb56_SNP_1N_GenomeWideSNP_6_D06_667022	11	93268453	93472003	147	0.0134
BONZE_p_TCGAb56_SNP_1N_GenomeWideSNP_6_D06_667022	11	93475792	94479428	726	0.5982
BONZE_p_TCGAb56_SNP_1N_GenomeWideSNP_6_D06_667022	11	94480096	94879771	281	0.3326
BONZE_p_TCGAb56_SNP_1N_GenomeWideSNP_6_D06_667022	11	94880247	95368454	377	-0.3917
BONZE_p_TCGAb56_SNP_1N_GenomeWideSNP_6_D06_667022	11	95371352	95544420	122	0.3482
BONZE_p_TCGAb56_SNP_1N_GenomeWideSNP_6_D06_667022	11	95545280	95545340	2	-0.7284
BONZE_p_TCGAb56_SNP_1N_GenomeWideSNP_6_D06_667022	11	95547144	96078341	445	0.3171
BONZE_p_TCGAb56_SNP_1N_GenomeWideSNP_6_D06_667022	11	96083949	96184199	41	-0.3653
BONZE_p_TCGAb56_SNP_1N_GenomeWideSNP_6_D06_667022	11	96184710	96950825	413	0.0383
BONZE_p_TCGAb56_SNP_1N_GenomeWideSNP_6_D06_667022	11	96953183	98273981	998	-0.3614
BONZE_p_TCGAb56_SNP_1N_GenomeWideSNP_6_D06_667022	11	98279169	99534851	947	0.0526
BONZE_p_TCGAb56_SNP_1N_GenomeWideSNP_6_D06_667022	11	99535649	102900224	2561	-0.3572
BONZE_p_TCGAb56_SNP_1N_GenomeWideSNP_6_D06_667022	11	102900428	103117512	123	-0.8937
BONZE_p_TCGAb56_SNP_1N_GenomeWideSNP_6_D06_667022	11	103118156	131426411	20033	-0.3708
BONZE_p_TCGAb56_SNP_1N_GenomeWideSNP_6_D06_667022	11	131426800	131426865	2	1.4684
BONZE_p_TCGAb56_SNP_1N_GenomeWideSNP_6_D06_667022	11	131427037	134944770	2748	-0.4132
BONZE_p_TCGAb56_SNP_1N_GenomeWideSNP_6_D06_667022	12	150442	355842	115	-0.04
BONZE_p_TCGAb56_SNP_1N_GenomeWideSNP_6_D06_667022	12	356439	357311	2	1.9784
BONZE_p_TCGAb56_SNP_1N_GenomeWideSNP_6_D06_667022	12	357319	1734593	807	0.0366
BONZE_p_TCGAb56_SNP_1N_GenomeWideSNP_6_D06_667022	12	1736362	1806096	50	-0.2452
BONZE_p_TCGAb56_SNP_1N_GenomeWideSNP_6_D06_667022	12	1806598	9630556	5230	0.039
BONZE_p_TCGAb56_SNP_1N_GenomeWideSNP_6_D06_667022	12	9633870	9736913	30	0.4
BONZE_p_TCGAb56_SNP_1N_GenomeWideSNP_6_D06_667022	12	9737177	10816579	770	0.0238
BONZE_p_TCGAb56_SNP_1N_GenomeWideSNP_6_D06_667022	12	10817611	10817943	5	0.8599
BONZE_p_TCGAb56_SNP_1N_GenomeWideSNP_6_D06_667022	12	10818085	11328143	305	0.0501
BONZE_p_TCGAb56_SNP_1N_GenomeWideSNP_6_D06_667022	12	11331609	11365144	16	0.4676
BONZE_p_TCGAb56_SNP_1N_GenomeWideSNP_6_D06_667022	12	11368176	18926032	5197	0.0353
BONZE_p_TCGAb56_SNP_1N_GenomeWideSNP_6_D06_667022	12	18935189	18935933	3	-1.8375
BONZE_p_TCGAb56_SNP_1N_GenomeWideSNP_6_D06_667022	12	18944388	27645992	6136	0.0348
BONZE_p_TCGAb56_SNP_1N_GenomeWideSNP_6_D06_667022	12	27647741	27651362	28	-0.6801
BONZE_p_TCGAb56_SNP_1N_GenomeWideSNP_6_D06_667022	12	27657161	133001446	66063	0.0367
BONZE_p_TCGAb56_SNP_1N_GenomeWideSNP_6_D06_667022	12	133002801	133007812	5	-1.0666
BONZE_p_TCGAb56_SNP_1N_GenomeWideSNP_6_D06_667022	12	133011558	133778189	303	0.0823
BONZE_p_TCGAb56_SNP_1N_GenomeWideSNP_6_D06_667022	13	19026949	22416174	1955	0.0455
BONZE_p_TCGAb56_SNP_1N_GenomeWideSNP_6_D06_667022	13	22419282	22420004	3	-1.2606
BONZE_p_TCGAb56_SNP_1N_GenomeWideSNP_6_D06_667022	13	22422301	26256148	2935	0.0398
BONZE_p_TCGAb56_SNP_1N_GenomeWideSNP_6_D06_667022	13	26260390	26262677	6	-0.9545
BONZE_p_TCGAb56_SNP_1N_GenomeWideSNP_6_D06_667022	13	26265129	34192789	5986	0.0332
BONZE_p_TCGAb56_SNP_1N_GenomeWideSNP_6_D06_667022	13	34193118	34193376	3	-1.1835
BONZE_p_TCGAb56_SNP_1N_GenomeWideSNP_6_D06_667022	13	34197304	39052811	3396	0.0388
BONZE_p_TCGAb56_SNP_1N_GenomeWideSNP_6_D06_667022	13	39057572	39058056	2	-1.2533
BONZE_p_TCGAb56_SNP_1N_GenomeWideSNP_6_D06_667022	13	39065057	49531551	7337	0.0228
BONZE_p_TCGAb56_SNP_1N_GenomeWideSNP_6_D06_667022	13	49533715	49536504	2	-2.4876
BONZE_p_TCGAb56_SNP_1N_GenomeWideSNP_6_D06_667022	13	49537705	64317829	8408	0.0453
BONZE_p_TCGAb56_SNP_1N_GenomeWideSNP_6_D06_667022	13	64321552	64388271	42	0.6363
BONZE_p_TCGAb56_SNP_1N_GenomeWideSNP_6_D06_667022	13	64392221	72476988	5097	0.0531
BONZE_p_TCGAb56_SNP_1N_GenomeWideSNP_6_D06_667022	13	72477555	72480556	4	-2.7928
BONZE_p_TCGAb56_SNP_1N_GenomeWideSNP_6_D06_667022	13	72480605	115108397	29149	0.0334
BONZE_p_TCGAb56_SNP_1N_GenomeWideSNP_6_D06_667022	14	19002124	19602674	43	0.0169
BONZE_p_TCGAb56_SNP_1N_GenomeWideSNP_6_D06_667022	14	19604114	19844107	20	1.0661
BONZE_p_TCGAb56_SNP_1N_GenomeWideSNP_6_D06_667022	14	19846877	20137346	16	0.1728
BONZE_p_TCGAb56_SNP_1N_GenomeWideSNP_6_D06_667022	14	20143509	20264019	31	1.0081
BONZE_p_TCGAb56_SNP_1N_GenomeWideSNP_6_D06_667022	14	20267888	20353883	40	1.3854
BONZE_p_TCGAb56_SNP_1N_GenomeWideSNP_6_D06_667022	14	20354102	20423372	39	1.0706
BONZE_p_TCGAb56_SNP_1N_GenomeWideSNP_6_D06_667022	14	20424926	41637429	13650	0.0518
BONZE_p_TCGAb56_SNP_1N_GenomeWideSNP_6_D06_667022	14	41637815	41653977	2	-1.19
BONZE_p_TCGAb56_SNP_1N_GenomeWideSNP_6_D06_667022	14	41657249	44713868	1863	0.0777
BONZE_p_TCGAb56_SNP_1N_GenomeWideSNP_6_D06_667022	14	44716083	44717082	2	-1.2442
BONZE_p_TCGAb56_SNP_1N_GenomeWideSNP_6_D06_667022	14	44721675	45893662	588	0.072
BONZE_p_TCGAb56_SNP_1N_GenomeWideSNP_6_D06_667022	14	45896611	45897411	4	-0.6722
BONZE_p_TCGAb56_SNP_1N_GenomeWideSNP_6_D06_667022	14	45898806	70018047	15394	0.0327
BONZE_p_TCGAb56_SNP_1N_GenomeWideSNP_6_D06_667022	14	70018368	70022467	8	-2.2024
BONZE_p_TCGAb56_SNP_1N_GenomeWideSNP_6_D06_667022	14	70022713	106054897	23297	0.0362
BONZE_p_TCGAb56_SNP_1N_GenomeWideSNP_6_D06_667022	14	106078690	106116861	9	0.6954
BONZE_p_TCGAb56_SNP_1N_GenomeWideSNP_6_D06_667022	14	106119639	106167487	7	0.9318
BONZE_p_TCGAb56_SNP_1N_GenomeWideSNP_6_D06_667022	14	106194477	106547314	137	0.1964
BONZE_p_TCGAb56_SNP_1N_GenomeWideSNP_6_D06_667022	14	106547507	106567100	10	1.042
BONZE_p_TCGAb56_SNP_1N_GenomeWideSNP_6_D06_667022	14	106569463	107285437	417	0.1683
BONZE_p_TCGAb56_SNP_1N_GenomeWideSNP_6_D06_667022	15	20016328	20490387	75	0.0905
BONZE_p_TCGAb56_SNP_1N_GenomeWideSNP_6_D06_667022	15	20494297	20573344	11	-0.4153
BONZE_p_TCGAb56_SNP_1N_GenomeWideSNP_6_D06_667022	15	20574158	20578366	11	0.0521
BONZE_p_TCGAb56_SNP_1N_GenomeWideSNP_6_D06_667022	15	20578421	20581564	8	-0.84
BONZE_p_TCGAb56_SNP_1N_GenomeWideSNP_6_D06_667022	15	20585988	34723576	7722	0.0432
BONZE_p_TCGAb56_SNP_1N_GenomeWideSNP_6_D06_667022	15	34727172	34727189	2	-1.392
BONZE_p_TCGAb56_SNP_1N_GenomeWideSNP_6_D06_667022	15	34727622	76878362	26533	0.0406
BONZE_p_TCGAb56_SNP_1N_GenomeWideSNP_6_D06_667022	15	76891241	76902179	23	0.8017
BONZE_p_TCGAb56_SNP_1N_GenomeWideSNP_6_D06_667022	15	76902194	92765755	10240	0.0371
BONZE_p_TCGAb56_SNP_1N_GenomeWideSNP_6_D06_667022	15	92765874	92766294	3	1.5027
BONZE_p_TCGAb56_SNP_1N_GenomeWideSNP_6_D06_667022	15	92766758	102469040	7439	0.0363
BONZE_p_TCGAb56_SNP_1N_GenomeWideSNP_6_D06_667022	16	60777	6894619	4210	0.0211
BONZE_p_TCGAb56_SNP_1N_GenomeWideSNP_6_D06_667022	16	6895945	6904045	20	-0.4069
BONZE_p_TCGAb56_SNP_1N_GenomeWideSNP_6_D06_667022	16	6905016	12684852	5260	0.0357
BONZE_p_TCGAb56_SNP_1N_GenomeWideSNP_6_D06_667022	16	12684943	12685145	6	1.2408
BONZE_p_TCGAb56_SNP_1N_GenomeWideSNP_6_D06_667022	16	12690859	16377662	2289	0.0528
BONZE_p_TCGAb56_SNP_1N_GenomeWideSNP_6_D06_667022	16	16513091	16513638	3	-1.3743
BONZE_p_TCGAb56_SNP_1N_GenomeWideSNP_6_D06_667022	16	16529591	19944000	1736	0.0371
BONZE_p_TCGAb56_SNP_1N_GenomeWideSNP_6_D06_667022	16	19944363	19967362	30	-0.6515
BONZE_p_TCGAb56_SNP_1N_GenomeWideSNP_6_D06_667022	16	19970254	34011283	6840	0.0533
BONZE_p_TCGAb56_SNP_1N_GenomeWideSNP_6_D06_667022	16	34012168	70855479	15996	-0.3533
BONZE_p_TCGAb56_SNP_1N_GenomeWideSNP_6_D06_667022	16	70855633	71205194	139	0.1164
BONZE_p_TCGAb56_SNP_1N_GenomeWideSNP_6_D06_667022	16	71205908	71355313	95	-0.4028
BONZE_p_TCGAb56_SNP_1N_GenomeWideSNP_6_D06_667022	16	71356135	71359600	4	-1.3871
BONZE_p_TCGAb56_SNP_1N_GenomeWideSNP_6_D06_667022	16	71361461	73074012	934	-0.3627
BONZE_p_TCGAb56_SNP_1N_GenomeWideSNP_6_D06_667022	16	73077574	73077615	2	-2.2785
BONZE_p_TCGAb56_SNP_1N_GenomeWideSNP_6_D06_667022	16	73079212	76019786	1918	-0.357
BONZE_p_TCGAb56_SNP_1N_GenomeWideSNP_6_D06_667022	16	76019929	76021961	23	0.0962
BONZE_p_TCGAb56_SNP_1N_GenomeWideSNP_6_D06_667022	16	76022393	78371608	2261	-0.3628
BONZE_p_TCGAb56_SNP_1N_GenomeWideSNP_6_D06_667022	16	78372440	78385437	18	0.1137
BONZE_p_TCGAb56_SNP_1N_GenomeWideSNP_6_D06_667022	16	78385482	90148449	10623	-0.4042
BONZE_p_TCGAb56_SNP_1N_GenomeWideSNP_6_D06_667022	16	90155525	90287535	10	0.0323
BONZE_p_TCGAb56_SNP_1N_GenomeWideSNP_6_D06_667022	17	526	14211792	8975	-0.3712
BONZE_p_TCGAb56_SNP_1N_GenomeWideSNP_6_D06_667022	17	14213880	14214127	2	-2.5447
BONZE_p_TCGAb56_SNP_1N_GenomeWideSNP_6_D06_667022	17	14216724	18282665	2429	-0.3919
BONZE_p_TCGAb56_SNP_1N_GenomeWideSNP_6_D06_667022	17	18282743	18496306	59	0.0764
BONZE_p_TCGAb56_SNP_1N_GenomeWideSNP_6_D06_667022	17	18497303	36133100	7871	-0.3638
BONZE_p_TCGAb56_SNP_1N_GenomeWideSNP_6_D06_667022	17	36135450	36135543	2	-2.1258
BONZE_p_TCGAb56_SNP_1N_GenomeWideSNP_6_D06_667022	17	36135824	39421708	1621	-0.3449
BONZE_p_TCGAb56_SNP_1N_GenomeWideSNP_6_D06_667022	17	39423014	39433541	39	0.315
BONZE_p_TCGAb56_SNP_1N_GenomeWideSNP_6_D06_667022	17	39438362	43807955	2248	-0.3441
BONZE_p_TCGAb56_SNP_1N_GenomeWideSNP_6_D06_667022	17	43812897	43818222	5	-1.1718
BONZE_p_TCGAb56_SNP_1N_GenomeWideSNP_6_D06_667022	17	43823459	44204373	274	-0.3873
BONZE_p_TCGAb56_SNP_1N_GenomeWideSNP_6_D06_667022	17	44208144	44364170	93	-0.8198
BONZE_p_TCGAb56_SNP_1N_GenomeWideSNP_6_D06_667022	17	44394412	44784652	50	0.3925
BONZE_p_TCGAb56_SNP_1N_GenomeWideSNP_6_D06_667022	17	44784678	55198248	6613	-0.348
BONZE_p_TCGAb56_SNP_1N_GenomeWideSNP_6_D06_667022	17	55198420	65431265	5632	0.1147
BONZE_p_TCGAb56_SNP_1N_GenomeWideSNP_6_D06_667022	17	65440366	65444493	8	-1.5239
BONZE_p_TCGAb56_SNP_1N_GenomeWideSNP_6_D06_667022	17	65444882	69233083	2558	0.0537
BONZE_p_TCGAb56_SNP_1N_GenomeWideSNP_6_D06_667022	17	69234070	69413487	160	0.4571
BONZE_p_TCGAb56_SNP_1N_GenomeWideSNP_6_D06_667022	17	69413819	69505215	80	0.0637
BONZE_p_TCGAb56_SNP_1N_GenomeWideSNP_6_D06_667022	17	69506757	69685290	128	0.4526
BONZE_p_TCGAb56_SNP_1N_GenomeWideSNP_6_D06_667022	17	69689109	69775624	64	0.0851
BONZE_p_TCGAb56_SNP_1N_GenomeWideSNP_6_D06_667022	17	69776606	69977539	159	-0.3448
BONZE_p_TCGAb56_SNP_1N_GenomeWideSNP_6_D06_667022	17	69978088	70221744	199	0.1634
BONZE_p_TCGAb56_SNP_1N_GenomeWideSNP_6_D06_667022	17	70222600	70305900	75	-0.3024
BONZE_p_TCGAb56_SNP_1N_GenomeWideSNP_6_D06_667022	17	70306378	71623173	981	0.0586
BONZE_p_TCGAb56_SNP_1N_GenomeWideSNP_6_D06_667022	17	71623842	72832186	812	-0.3755
BONZE_p_TCGAb56_SNP_1N_GenomeWideSNP_6_D06_667022	17	72834585	72926879	46	0.1369
BONZE_p_TCGAb56_SNP_1N_GenomeWideSNP_6_D06_667022	17	72928469	75026852	1001	-0.3044
BONZE_p_TCGAb56_SNP_1N_GenomeWideSNP_6_D06_667022	17	75029002	75128195	73	0.1883
BONZE_p_TCGAb56_SNP_1N_GenomeWideSNP_6_D06_667022	17	75130477	75177211	32	-0.2944
BONZE_p_TCGAb56_SNP_1N_GenomeWideSNP_6_D06_667022	17	75179795	75351423	112	0.1045
BONZE_p_TCGAb56_SNP_1N_GenomeWideSNP_6_D06_667022	17	75352173	76208517	512	-0.2996
BONZE_p_TCGAb56_SNP_1N_GenomeWideSNP_6_D06_667022	17	76209455	76281368	31	0.0909
BONZE_p_TCGAb56_SNP_1N_GenomeWideSNP_6_D06_667022	17	76282132	76282968	2	-1.7208
BONZE_p_TCGAb56_SNP_1N_GenomeWideSNP_6_D06_667022	17	76286743	81049726	2337	0.0632
BONZE_p_TCGAb56_SNP_1N_GenomeWideSNP_6_D06_667022	18	11543	5961067	4233	0.0329
BONZE_p_TCGAb56_SNP_1N_GenomeWideSNP_6_D06_667022	18	5962014	5969292	15	-0.568
BONZE_p_TCGAb56_SNP_1N_GenomeWideSNP_6_D06_667022	18	5970704	26193536	10870	0.035
BONZE_p_TCGAb56_SNP_1N_GenomeWideSNP_6_D06_667022	18	26195767	26196130	4	-1.0717
BONZE_p_TCGAb56_SNP_1N_GenomeWideSNP_6_D06_667022	18	26196632	51207553	16659	0.0385
BONZE_p_TCGAb56_SNP_1N_GenomeWideSNP_6_D06_667022	18	51208076	51210640	3	-1.1383
BONZE_p_TCGAb56_SNP_1N_GenomeWideSNP_6_D06_667022	18	51212148	78015057	19039	0.0342
BONZE_p_TCGAb56_SNP_1N_GenomeWideSNP_6_D06_667022	19	90910	15782397	6624	0.0422
BONZE_p_TCGAb56_SNP_1N_GenomeWideSNP_6_D06_667022	19	15784116	15784152	2	-1.4387
BONZE_p_TCGAb56_SNP_1N_GenomeWideSNP_6_D06_667022	19	15790085	28070421	4677	0.0652
BONZE_p_TCGAb56_SNP_1N_GenomeWideSNP_6_D06_667022	19	28072042	28087377	9	-0.8499
BONZE_p_TCGAb56_SNP_1N_GenomeWideSNP_6_D06_667022	19	28127288	34730899	4776	0.0318
BONZE_p_TCGAb56_SNP_1N_GenomeWideSNP_6_D06_667022	19	34733980	34734109	5	-1.0411
BONZE_p_TCGAb56_SNP_1N_GenomeWideSNP_6_D06_667022	19	34737136	43262982	4475	0.0319
BONZE_p_TCGAb56_SNP_1N_GenomeWideSNP_6_D06_667022	19	43263506	43362652	39	0.4675
BONZE_p_TCGAb56_SNP_1N_GenomeWideSNP_6_D06_667022	19	43368935	53515323	5307	0.0415
BONZE_p_TCGAb56_SNP_1N_GenomeWideSNP_6_D06_667022	19	53517082	53554240	25	0.5533
BONZE_p_TCGAb56_SNP_1N_GenomeWideSNP_6_D06_667022	19	53554319	59097854	3415	0.0367
BONZE_p_TCGAb56_SNP_1N_GenomeWideSNP_6_D06_667022	20	61305	1552503	1185	0.0243
BONZE_p_TCGAb56_SNP_1N_GenomeWideSNP_6_D06_667022	20	1557190	1560562	16	-2.9581
BONZE_p_TCGAb56_SNP_1N_GenomeWideSNP_6_D06_667022	20	1560787	1582207	41	-0.3254
BONZE_p_TCGAb56_SNP_1N_GenomeWideSNP_6_D06_667022	20	1590257	1593893	5	1.4515
BONZE_p_TCGAb56_SNP_1N_GenomeWideSNP_6_D06_667022	20	1597946	15301374	10404	0.0317
BONZE_p_TCGAb56_SNP_1N_GenomeWideSNP_6_D06_667022	20	15301902	15302049	2	-1.9732
BONZE_p_TCGAb56_SNP_1N_GenomeWideSNP_6_D06_667022	20	15302374	50647593	21848	0.0368
BONZE_p_TCGAb56_SNP_1N_GenomeWideSNP_6_D06_667022	20	50652797	50654576	5	-1.1328
BONZE_p_TCGAb56_SNP_1N_GenomeWideSNP_6_D06_667022	20	50657899	62916068	8990	0.0376
BONZE_p_TCGAb56_SNP_1N_GenomeWideSNP_6_D06_667022	20	62954695	62956153	5	-0.7613
BONZE_p_TCGAb56_SNP_1N_GenomeWideSNP_6_D06_667022	21	10736871	11124090	105	-0.3299
BONZE_p_TCGAb56_SNP_1N_GenomeWideSNP_6_D06_667022	21	11125850	48096957	24311	0.0436
BONZE_p_TCGAb56_SNP_1N_GenomeWideSNP_6_D06_667022	22	16052528	16626797	89	0.2711
BONZE_p_TCGAb56_SNP_1N_GenomeWideSNP_6_D06_667022	22	16632143	18055605	693	-0.3411
BONZE_p_TCGAb56_SNP_1N_GenomeWideSNP_6_D06_667022	22	18058748	18058885	2	1.3855
BONZE_p_TCGAb56_SNP_1N_GenomeWideSNP_6_D06_667022	22	18062891	22468619	2517	-0.3727
BONZE_p_TCGAb56_SNP_1N_GenomeWideSNP_6_D06_667022	22	22473918	22486552	30	0.0283
BONZE_p_TCGAb56_SNP_1N_GenomeWideSNP_6_D06_667022	22	22486735	22502578	38	-0.3029
BONZE_p_TCGAb56_SNP_1N_GenomeWideSNP_6_D06_667022	22	22502621	22513520	31	0.1083
BONZE_p_TCGAb56_SNP_1N_GenomeWideSNP_6_D06_667022	22	22513579	23262981	520	-0.3525
BONZE_p_TCGAb56_SNP_1N_GenomeWideSNP_6_D06_667022	22	23263242	23263257	2	-2.3214
BONZE_p_TCGAb56_SNP_1N_GenomeWideSNP_6_D06_667022	22	23263274	24344422	700	-0.3726
BONZE_p_TCGAb56_SNP_1N_GenomeWideSNP_6_D06_667022	22	24350529	24394015	18	0.2069
BONZE_p_TCGAb56_SNP_1N_GenomeWideSNP_6_D06_667022	22	24396814	29868855	4346	-0.3708
BONZE_p_TCGAb56_SNP_1N_GenomeWideSNP_6_D06_667022	22	29869190	29881701	6	0.6608
BONZE_p_TCGAb56_SNP_1N_GenomeWideSNP_6_D06_667022	22	29881717	34173406	2915	-0.3617
BONZE_p_TCGAb56_SNP_1N_GenomeWideSNP_6_D06_667022	22	34174947	34174985	4	-1.5593
BONZE_p_TCGAb56_SNP_1N_GenomeWideSNP_6_D06_667022	22	34181422	51234455	11648	-0.3775
BONZE_p_TCGAb56_SNP_1N_GenomeWideSNP_6_D06_667022	X	168477	76349873	40160	0.0179
BONZE_p_TCGAb56_SNP_1N_GenomeWideSNP_6_D06_667022	X	76353650	76523952	18	0.6729
BONZE_p_TCGAb56_SNP_1N_GenomeWideSNP_6_D06_667022	X	76545159	95496559	10035	0.0193
BONZE_p_TCGAb56_SNP_1N_GenomeWideSNP_6_D06_667022	X	95496569	95499794	3	1.2174
BONZE_p_TCGAb56_SNP_1N_GenomeWideSNP_6_D06_667022	X	95505361	103259181	4180	0.0222
BONZE_p_TCGAb56_SNP_1N_GenomeWideSNP_6_D06_667022	X	103260007	103305273	55	0.5465
BONZE_p_TCGAb56_SNP_1N_GenomeWideSNP_6_D06_667022	X	103305310	115138403	6373	0.0057
BONZE_p_TCGAb56_SNP_1N_GenomeWideSNP_6_D06_667022	X	115141541	115150638	5	-1.7671
BONZE_p_TCGAb56_SNP_1N_GenomeWideSNP_6_D06_667022	X	115156419	155182354	23794	0.0069
BONZE_p_TCGAb56_SNP_1N_GenomeWideSNP_6_D06_667022	Y	2650438	6183457	905	-2.102
BONZE_p_TCGAb56_SNP_1N_GenomeWideSNP_6_D06_667022	Y	6184083	7462750	553	-2.32
BONZE_p_TCGAb56_SNP_1N_GenomeWideSNP_6_D06_667022	Y	7463263	8586730	751	-2.6465
BONZE_p_TCGAb56_SNP_1N_GenomeWideSNP_6_D06_667022	Y	8590752	15558790	1334	-2.3824
BONZE_p_TCGAb56_SNP_1N_GenomeWideSNP_6_D06_667022	Y	15559160	16095763	238	-1.9289
BONZE_p_TCGAb56_SNP_1N_GenomeWideSNP_6_D06_667022	Y	16098905	26427083	4174	-2.4426
BONZE_p_TCGAb56_SNP_1N_GenomeWideSNP_6_D06_667022	Y	26427522	26506863	26	-0.7451
BONZE_p_TCGAb56_SNP_1N_GenomeWideSNP_6_D06_667022	Y	26508486	59018259	619	-2.1406
