Sample	Chromosome	Start	End	Num_Probes	Segment_Mean
BURSA_p_TCGA_303_304_305_N_GenomeWideSNP_6_A12_1344832	1	61735	229075	20	0.0342
BURSA_p_TCGA_303_304_305_N_GenomeWideSNP_6_A12_1344832	1	229158	229619	3	-1.4315
BURSA_p_TCGA_303_304_305_N_GenomeWideSNP_6_A12_1344832	1	229677	718663	14	0.3476
BURSA_p_TCGA_303_304_305_N_GenomeWideSNP_6_A12_1344832	1	723317	25596405	14001	-0.0986
BURSA_p_TCGA_303_304_305_N_GenomeWideSNP_6_A12_1344832	1	25600305	25663344	29	0.496
BURSA_p_TCGA_303_304_305_N_GenomeWideSNP_6_A12_1344832	1	25673154	36627542	5606	0.0632
BURSA_p_TCGA_303_304_305_N_GenomeWideSNP_6_A12_1344832	1	36627915	36628151	4	-1.6146
BURSA_p_TCGA_303_304_305_N_GenomeWideSNP_6_A12_1344832	1	36628491	72763370	22913	0.0539
BURSA_p_TCGA_303_304_305_N_GenomeWideSNP_6_A12_1344832	1	72768418	72810938	45	0.465
BURSA_p_TCGA_303_304_305_N_GenomeWideSNP_6_A12_1344832	1	72811076	106013376	20796	0.0623
BURSA_p_TCGA_303_304_305_N_GenomeWideSNP_6_A12_1344832	1	106019205	106022375	17	0.8427
BURSA_p_TCGA_303_304_305_N_GenomeWideSNP_6_A12_1344832	1	106024055	109494147	2293	0.058
BURSA_p_TCGA_303_304_305_N_GenomeWideSNP_6_A12_1344832	1	109496854	109504912	17	-0.8517
BURSA_p_TCGA_303_304_305_N_GenomeWideSNP_6_A12_1344832	1	109508888	110232974	340	0.065
BURSA_p_TCGA_303_304_305_N_GenomeWideSNP_6_A12_1344832	1	110233037	110240178	15	0.9852
BURSA_p_TCGA_303_304_305_N_GenomeWideSNP_6_A12_1344832	1	110242953	111377575	829	0.0763
BURSA_p_TCGA_303_304_305_N_GenomeWideSNP_6_A12_1344832	1	111378895	111383381	24	-0.6944
BURSA_p_TCGA_303_304_305_N_GenomeWideSNP_6_A12_1344832	1	111383434	144081043	6273	0.0666
BURSA_p_TCGA_303_304_305_N_GenomeWideSNP_6_A12_1344832	1	144471986	152555795	2785	0.4768
BURSA_p_TCGA_303_304_305_N_GenomeWideSNP_6_A12_1344832	1	152555884	152573086	17	-0.139
BURSA_p_TCGA_303_304_305_N_GenomeWideSNP_6_A12_1344832	1	152573205	155180466	1539	0.3923
BURSA_p_TCGA_303_304_305_N_GenomeWideSNP_6_A12_1344832	1	155189160	155201064	11	1.6085
BURSA_p_TCGA_303_304_305_N_GenomeWideSNP_6_A12_1344832	1	155211667	155656969	202	0.3564
BURSA_p_TCGA_303_304_305_N_GenomeWideSNP_6_A12_1344832	1	155661227	155663357	3	-3.1268
BURSA_p_TCGA_303_304_305_N_GenomeWideSNP_6_A12_1344832	1	155666961	157625919	1074	0.3839
BURSA_p_TCGA_303_304_305_N_GenomeWideSNP_6_A12_1344832	1	157626145	157626153	2	-1.5606
BURSA_p_TCGA_303_304_305_N_GenomeWideSNP_6_A12_1344832	1	157628355	166548373	6544	0.3879
BURSA_p_TCGA_303_304_305_N_GenomeWideSNP_6_A12_1344832	1	166552201	166552760	5	-0.8139
BURSA_p_TCGA_303_304_305_N_GenomeWideSNP_6_A12_1344832	1	166553095	179323738	8585	0.3889
BURSA_p_TCGA_303_304_305_N_GenomeWideSNP_6_A12_1344832	1	179330528	179333315	4	-1.6024
BURSA_p_TCGA_303_304_305_N_GenomeWideSNP_6_A12_1344832	1	179339206	190817544	7576	0.3841
BURSA_p_TCGA_303_304_305_N_GenomeWideSNP_6_A12_1344832	1	190818105	190819820	5	-0.864
BURSA_p_TCGA_303_304_305_N_GenomeWideSNP_6_A12_1344832	1	190819891	196714873	3878	0.3826
BURSA_p_TCGA_303_304_305_N_GenomeWideSNP_6_A12_1344832	1	196727850	196758159	39	-1.5737
BURSA_p_TCGA_303_304_305_N_GenomeWideSNP_6_A12_1344832	1	196759274	196798643	33	-0.5602
BURSA_p_TCGA_303_304_305_N_GenomeWideSNP_6_A12_1344832	1	196798664	196801655	15	-1.311
BURSA_p_TCGA_303_304_305_N_GenomeWideSNP_6_A12_1344832	1	196801784	207840776	6893	0.384
BURSA_p_TCGA_303_304_305_N_GenomeWideSNP_6_A12_1344832	1	207843968	207844342	2	-1.2865
BURSA_p_TCGA_303_304_305_N_GenomeWideSNP_6_A12_1344832	1	207849725	210598837	2174	0.4066
BURSA_p_TCGA_303_304_305_N_GenomeWideSNP_6_A12_1344832	1	210604746	210615292	25	-0.1992
BURSA_p_TCGA_303_304_305_N_GenomeWideSNP_6_A12_1344832	1	210615293	229811169	12564	0.39
BURSA_p_TCGA_303_304_305_N_GenomeWideSNP_6_A12_1344832	1	229816856	229820130	2	-2.4373
BURSA_p_TCGA_303_304_305_N_GenomeWideSNP_6_A12_1344832	1	229820196	236203255	4667	0.3914
BURSA_p_TCGA_303_304_305_N_GenomeWideSNP_6_A12_1344832	1	236203280	236205440	3	-0.9776
BURSA_p_TCGA_303_304_305_N_GenomeWideSNP_6_A12_1344832	1	236206080	248163188	8758	0.3782
BURSA_p_TCGA_303_304_305_N_GenomeWideSNP_6_A12_1344832	1	248165702	248171576	2	-1.2826
BURSA_p_TCGA_303_304_305_N_GenomeWideSNP_6_A12_1344832	1	248173453	248709670	283	0.339
BURSA_p_TCGA_303_304_305_N_GenomeWideSNP_6_A12_1344832	1	248713868	248795289	35	-0.7738
BURSA_p_TCGA_303_304_305_N_GenomeWideSNP_6_A12_1344832	1	248795852	249224388	147	0.3985
BURSA_p_TCGA_303_304_305_N_GenomeWideSNP_6_A12_1344832	2	12784	34346	13	-0.2141
BURSA_p_TCGA_303_304_305_N_GenomeWideSNP_6_A12_1344832	2	36862	737505	503	0.1164
BURSA_p_TCGA_303_304_305_N_GenomeWideSNP_6_A12_1344832	2	742100	747161	2	-1.7981
BURSA_p_TCGA_303_304_305_N_GenomeWideSNP_6_A12_1344832	2	751300	1231315	298	0.1151
BURSA_p_TCGA_303_304_305_N_GenomeWideSNP_6_A12_1344832	2	1231592	1238659	4	-1.456
BURSA_p_TCGA_303_304_305_N_GenomeWideSNP_6_A12_1344832	2	1244964	18163569	12600	0.1375
BURSA_p_TCGA_303_304_305_N_GenomeWideSNP_6_A12_1344832	2	18173675	18193188	47	-0.6414
BURSA_p_TCGA_303_304_305_N_GenomeWideSNP_6_A12_1344832	2	18193198	34685280	10388	0.1421
BURSA_p_TCGA_303_304_305_N_GenomeWideSNP_6_A12_1344832	2	34691069	34737163	48	0.5608
BURSA_p_TCGA_303_304_305_N_GenomeWideSNP_6_A12_1344832	2	34737556	35975973	871	0.1212
BURSA_p_TCGA_303_304_305_N_GenomeWideSNP_6_A12_1344832	2	35977790	35987947	7	-1.4651
BURSA_p_TCGA_303_304_305_N_GenomeWideSNP_6_A12_1344832	2	35997473	36332223	265	0.1615
BURSA_p_TCGA_303_304_305_N_GenomeWideSNP_6_A12_1344832	2	36332258	36336962	14	0.8022
BURSA_p_TCGA_303_304_305_N_GenomeWideSNP_6_A12_1344832	2	36337110	38467279	1700	0.1473
BURSA_p_TCGA_303_304_305_N_GenomeWideSNP_6_A12_1344832	2	38469035	38469133	2	-1.5652
BURSA_p_TCGA_303_304_305_N_GenomeWideSNP_6_A12_1344832	2	38469908	52739180	10017	0.1311
BURSA_p_TCGA_303_304_305_N_GenomeWideSNP_6_A12_1344832	2	52739217	52781542	43	0.6917
BURSA_p_TCGA_303_304_305_N_GenomeWideSNP_6_A12_1344832	2	52787949	67758755	9697	0.1402
BURSA_p_TCGA_303_304_305_N_GenomeWideSNP_6_A12_1344832	2	67760955	67765892	5	-0.9326
BURSA_p_TCGA_303_304_305_N_GenomeWideSNP_6_A12_1344832	2	67768512	71346563	2412	0.1397
BURSA_p_TCGA_303_304_305_N_GenomeWideSNP_6_A12_1344832	2	71346617	71346825	5	-1.1944
BURSA_p_TCGA_303_304_305_N_GenomeWideSNP_6_A12_1344832	2	71347392	98154265	11717	0.1178
BURSA_p_TCGA_303_304_305_N_GenomeWideSNP_6_A12_1344832	2	98157272	98162189	4	-1.59
BURSA_p_TCGA_303_304_305_N_GenomeWideSNP_6_A12_1344832	2	98166878	106881633	5532	-0.0973
BURSA_p_TCGA_303_304_305_N_GenomeWideSNP_6_A12_1344832	2	106883229	106884834	5	-2.4846
BURSA_p_TCGA_303_304_305_N_GenomeWideSNP_6_A12_1344832	2	106884979	127842237	12282	-0.0932
BURSA_p_TCGA_303_304_305_N_GenomeWideSNP_6_A12_1344832	2	127842324	127862269	16	0.4606
BURSA_p_TCGA_303_304_305_N_GenomeWideSNP_6_A12_1344832	2	127865694	132219998	2346	-0.0818
BURSA_p_TCGA_303_304_305_N_GenomeWideSNP_6_A12_1344832	2	132221406	132226368	5	-1.3843
BURSA_p_TCGA_303_304_305_N_GenomeWideSNP_6_A12_1344832	2	132226792	180541743	29519	-0.0881
BURSA_p_TCGA_303_304_305_N_GenomeWideSNP_6_A12_1344832	2	180541782	180542062	2	-2.2168
BURSA_p_TCGA_303_304_305_N_GenomeWideSNP_6_A12_1344832	2	180542288	183281720	1756	-0.0713
BURSA_p_TCGA_303_304_305_N_GenomeWideSNP_6_A12_1344832	2	183283295	183284352	2	-1.8151
BURSA_p_TCGA_303_304_305_N_GenomeWideSNP_6_A12_1344832	2	183292097	203293091	11300	-0.0839
BURSA_p_TCGA_303_304_305_N_GenomeWideSNP_6_A12_1344832	2	203295775	203311713	39	-0.4819
BURSA_p_TCGA_303_304_305_N_GenomeWideSNP_6_A12_1344832	2	203312021	215711631	7739	-0.0786
BURSA_p_TCGA_303_304_305_N_GenomeWideSNP_6_A12_1344832	2	215715707	215716169	2	-2.6525
BURSA_p_TCGA_303_304_305_N_GenomeWideSNP_6_A12_1344832	2	215716232	229075891	8695	-0.0831
BURSA_p_TCGA_303_304_305_N_GenomeWideSNP_6_A12_1344832	2	229076256	229079659	2	-1.9561
BURSA_p_TCGA_303_304_305_N_GenomeWideSNP_6_A12_1344832	2	229081572	243089456	8558	-0.08
BURSA_p_TCGA_303_304_305_N_GenomeWideSNP_6_A12_1344832	3	60345	224602	154	0.0557
BURSA_p_TCGA_303_304_305_N_GenomeWideSNP_6_A12_1344832	3	230022	232800	4	-1.3311
BURSA_p_TCGA_303_304_305_N_GenomeWideSNP_6_A12_1344832	3	234877	2654918	2076	0.0839
BURSA_p_TCGA_303_304_305_N_GenomeWideSNP_6_A12_1344832	3	2655205	2655482	2	-4.3064
BURSA_p_TCGA_303_304_305_N_GenomeWideSNP_6_A12_1344832	3	2655924	6317359	3272	0.1009
BURSA_p_TCGA_303_304_305_N_GenomeWideSNP_6_A12_1344832	3	6319263	6331853	17	1.0807
BURSA_p_TCGA_303_304_305_N_GenomeWideSNP_6_A12_1344832	3	6334437	17529545	8098	0.1252
BURSA_p_TCGA_303_304_305_N_GenomeWideSNP_6_A12_1344832	3	17529948	17544013	5	-1.3142
BURSA_p_TCGA_303_304_305_N_GenomeWideSNP_6_A12_1344832	3	17546438	68725751	33647	0.025
BURSA_p_TCGA_303_304_305_N_GenomeWideSNP_6_A12_1344832	3	68732028	68747364	15	0.7175
BURSA_p_TCGA_303_304_305_N_GenomeWideSNP_6_A12_1344832	3	68747413	75415863	4826	-0.112
BURSA_p_TCGA_303_304_305_N_GenomeWideSNP_6_A12_1344832	3	75421170	75685972	86	-0.4836
BURSA_p_TCGA_303_304_305_N_GenomeWideSNP_6_A12_1344832	3	75688286	76141753	207	-0.1535
BURSA_p_TCGA_303_304_305_N_GenomeWideSNP_6_A12_1344832	3	76142136	76255874	61	0.8976
BURSA_p_TCGA_303_304_305_N_GenomeWideSNP_6_A12_1344832	3	76261724	76974509	468	0.6409
BURSA_p_TCGA_303_304_305_N_GenomeWideSNP_6_A12_1344832	3	76980687	77059840	50	0.2454
BURSA_p_TCGA_303_304_305_N_GenomeWideSNP_6_A12_1344832	3	77067155	82108781	2861	-0.1163
BURSA_p_TCGA_303_304_305_N_GenomeWideSNP_6_A12_1344832	3	82111352	82113189	3	-1.4723
BURSA_p_TCGA_303_304_305_N_GenomeWideSNP_6_A12_1344832	3	82113892	89826456	4225	-0.1204
BURSA_p_TCGA_303_304_305_N_GenomeWideSNP_6_A12_1344832	3	89829804	108396656	8680	0.2998
BURSA_p_TCGA_303_304_305_N_GenomeWideSNP_6_A12_1344832	3	108400650	108404670	4	-0.7186
BURSA_p_TCGA_303_304_305_N_GenomeWideSNP_6_A12_1344832	3	108404694	114655782	3750	0.2912
BURSA_p_TCGA_303_304_305_N_GenomeWideSNP_6_A12_1344832	3	114660592	114668950	7	-0.76
BURSA_p_TCGA_303_304_305_N_GenomeWideSNP_6_A12_1344832	3	114669018	125669048	6792	0.2933
BURSA_p_TCGA_303_304_305_N_GenomeWideSNP_6_A12_1344832	3	125673383	125675963	3	-0.8373
BURSA_p_TCGA_303_304_305_N_GenomeWideSNP_6_A12_1344832	3	125680500	134839671	5701	0.2982
BURSA_p_TCGA_303_304_305_N_GenomeWideSNP_6_A12_1344832	3	134842625	134843584	5	-0.7823
BURSA_p_TCGA_303_304_305_N_GenomeWideSNP_6_A12_1344832	3	134844843	137027963	1150	0.266
BURSA_p_TCGA_303_304_305_N_GenomeWideSNP_6_A12_1344832	3	137030829	137043220	28	-0.5378
BURSA_p_TCGA_303_304_305_N_GenomeWideSNP_6_A12_1344832	3	137047387	148962976	7316	0.2886
BURSA_p_TCGA_303_304_305_N_GenomeWideSNP_6_A12_1344832	3	148963395	148968121	25	-0.4374
BURSA_p_TCGA_303_304_305_N_GenomeWideSNP_6_A12_1344832	3	148971080	158802486	5979	0.2805
BURSA_p_TCGA_303_304_305_N_GenomeWideSNP_6_A12_1344832	3	158808638	158811805	3	-1.1171
BURSA_p_TCGA_303_304_305_N_GenomeWideSNP_6_A12_1344832	3	158822761	162508192	2268	0.2853
BURSA_p_TCGA_303_304_305_N_GenomeWideSNP_6_A12_1344832	3	162508268	162615915	65	-1.1659
BURSA_p_TCGA_303_304_305_N_GenomeWideSNP_6_A12_1344832	3	162623842	197896118	21699	0.2734
BURSA_p_TCGA_303_304_305_N_GenomeWideSNP_6_A12_1344832	4	12281	9456977	5183	-0.3983
BURSA_p_TCGA_303_304_305_N_GenomeWideSNP_6_A12_1344832	4	9461230	9478849	6	0.7705
BURSA_p_TCGA_303_304_305_N_GenomeWideSNP_6_A12_1344832	4	9479035	34786500	17377	-0.3964
BURSA_p_TCGA_303_304_305_N_GenomeWideSNP_6_A12_1344832	4	34786955	34829872	38	0.153
BURSA_p_TCGA_303_304_305_N_GenomeWideSNP_6_A12_1344832	4	34829913	49154769	8871	-0.411
BURSA_p_TCGA_303_304_305_N_GenomeWideSNP_6_A12_1344832	4	49161758	62631219	6411	0.1015
BURSA_p_TCGA_303_304_305_N_GenomeWideSNP_6_A12_1344832	4	62632602	70143806	4408	-0.4026
BURSA_p_TCGA_303_304_305_N_GenomeWideSNP_6_A12_1344832	4	70148877	70177008	18	-1.263
BURSA_p_TCGA_303_304_305_N_GenomeWideSNP_6_A12_1344832	4	70182744	70210994	13	-0.5428
BURSA_p_TCGA_303_304_305_N_GenomeWideSNP_6_A12_1344832	4	70219392	70228624	5	-1.6054
BURSA_p_TCGA_303_304_305_N_GenomeWideSNP_6_A12_1344832	4	70228656	115173656	27059	-0.3911
BURSA_p_TCGA_303_304_305_N_GenomeWideSNP_6_A12_1344832	4	115173700	115184252	26	0.4033
BURSA_p_TCGA_303_304_305_N_GenomeWideSNP_6_A12_1344832	4	115184266	187842708	44715	-0.2739
BURSA_p_TCGA_303_304_305_N_GenomeWideSNP_6_A12_1344832	4	187845588	187848296	3	-2.363
BURSA_p_TCGA_303_304_305_N_GenomeWideSNP_6_A12_1344832	4	187852830	189221360	868	-0.2903
BURSA_p_TCGA_303_304_305_N_GenomeWideSNP_6_A12_1344832	4	189221375	189222813	4	1.1359
BURSA_p_TCGA_303_304_305_N_GenomeWideSNP_6_A12_1344832	4	189223053	191027923	1168	-0.3132
BURSA_p_TCGA_303_304_305_N_GenomeWideSNP_6_A12_1344832	5	15532	49526027	30513	-0.1235
BURSA_p_TCGA_303_304_305_N_GenomeWideSNP_6_A12_1344832	5	49542849	101164586	30064	-0.4105
BURSA_p_TCGA_303_304_305_N_GenomeWideSNP_6_A12_1344832	5	101167292	101191969	39	-1.0275
BURSA_p_TCGA_303_304_305_N_GenomeWideSNP_6_A12_1344832	5	101191985	111888352	6625	-0.403
BURSA_p_TCGA_303_304_305_N_GenomeWideSNP_6_A12_1344832	5	111888665	111889477	2	-2.2719
BURSA_p_TCGA_303_304_305_N_GenomeWideSNP_6_A12_1344832	5	111890072	115586846	2767	-0.4087
BURSA_p_TCGA_303_304_305_N_GenomeWideSNP_6_A12_1344832	5	115596277	115627020	44	-1.666
BURSA_p_TCGA_303_304_305_N_GenomeWideSNP_6_A12_1344832	5	115629523	119470353	2646	-0.3973
BURSA_p_TCGA_303_304_305_N_GenomeWideSNP_6_A12_1344832	5	119470845	119470847	2	-2.2755
BURSA_p_TCGA_303_304_305_N_GenomeWideSNP_6_A12_1344832	5	119470864	120408473	629	-0.4386
BURSA_p_TCGA_303_304_305_N_GenomeWideSNP_6_A12_1344832	5	120409038	120437301	13	-1.0517
BURSA_p_TCGA_303_304_305_N_GenomeWideSNP_6_A12_1344832	5	120441675	136858647	10227	-0.4005
BURSA_p_TCGA_303_304_305_N_GenomeWideSNP_6_A12_1344832	5	136860094	148630741	6998	-0.118
BURSA_p_TCGA_303_304_305_N_GenomeWideSNP_6_A12_1344832	5	148631433	148631472	2	1.527
BURSA_p_TCGA_303_304_305_N_GenomeWideSNP_6_A12_1344832	5	148632503	150202205	1011	-0.1104
BURSA_p_TCGA_303_304_305_N_GenomeWideSNP_6_A12_1344832	5	150205500	150218604	8	-2.7632
BURSA_p_TCGA_303_304_305_N_GenomeWideSNP_6_A12_1344832	5	150223387	155745027	3766	-0.1108
BURSA_p_TCGA_303_304_305_N_GenomeWideSNP_6_A12_1344832	5	155745905	155745939	2	-2.1405
BURSA_p_TCGA_303_304_305_N_GenomeWideSNP_6_A12_1344832	5	155748904	180374523	16325	-0.1098
BURSA_p_TCGA_303_304_305_N_GenomeWideSNP_6_A12_1344832	5	180378710	180442920	24	0.53
BURSA_p_TCGA_303_304_305_N_GenomeWideSNP_6_A12_1344832	5	180445221	180790320	165	-0.0848
BURSA_p_TCGA_303_304_305_N_GenomeWideSNP_6_A12_1344832	6	149661	975261	713	0.095
BURSA_p_TCGA_303_304_305_N_GenomeWideSNP_6_A12_1344832	6	980401	985039	10	-1.3278
BURSA_p_TCGA_303_304_305_N_GenomeWideSNP_6_A12_1344832	6	985077	29850274	20794	0.3305
BURSA_p_TCGA_303_304_305_N_GenomeWideSNP_6_A12_1344832	6	29850366	29898897	14	-0.7051
BURSA_p_TCGA_303_304_305_N_GenomeWideSNP_6_A12_1344832	6	29899677	31286276	643	0.3605
BURSA_p_TCGA_303_304_305_N_GenomeWideSNP_6_A12_1344832	6	31286305	31295953	7	-1.6993
BURSA_p_TCGA_303_304_305_N_GenomeWideSNP_6_A12_1344832	6	31295987	32816663	716	0.3078
BURSA_p_TCGA_303_304_305_N_GenomeWideSNP_6_A12_1344832	6	32816958	32818991	3	1.8523
BURSA_p_TCGA_303_304_305_N_GenomeWideSNP_6_A12_1344832	6	32825507	37933321	2958	0.3308
BURSA_p_TCGA_303_304_305_N_GenomeWideSNP_6_A12_1344832	6	37936974	37950361	6	-0.3184
BURSA_p_TCGA_303_304_305_N_GenomeWideSNP_6_A12_1344832	6	37951794	37956511	7	-0.6308
BURSA_p_TCGA_303_304_305_N_GenomeWideSNP_6_A12_1344832	6	37961490	53931151	10458	0.3485
BURSA_p_TCGA_303_304_305_N_GenomeWideSNP_6_A12_1344832	6	53931230	53931855	6	1.5475
BURSA_p_TCGA_303_304_305_N_GenomeWideSNP_6_A12_1344832	6	53935348	68438854	6507	0.3222
BURSA_p_TCGA_303_304_305_N_GenomeWideSNP_6_A12_1344832	6	68445909	68451003	8	-1.0294
BURSA_p_TCGA_303_304_305_N_GenomeWideSNP_6_A12_1344832	6	68455238	74591801	3896	0.3027
BURSA_p_TCGA_303_304_305_N_GenomeWideSNP_6_A12_1344832	6	74591858	74597341	10	1.0157
BURSA_p_TCGA_303_304_305_N_GenomeWideSNP_6_A12_1344832	6	74601410	102698749	17621	0.3056
BURSA_p_TCGA_303_304_305_N_GenomeWideSNP_6_A12_1344832	6	102698993	102705227	4	-1.7887
BURSA_p_TCGA_303_304_305_N_GenomeWideSNP_6_A12_1344832	6	102706463	103738084	594	0.3012
BURSA_p_TCGA_303_304_305_N_GenomeWideSNP_6_A12_1344832	6	103738188	103747596	11	-0.3737
BURSA_p_TCGA_303_304_305_N_GenomeWideSNP_6_A12_1344832	6	103747610	115324507	7258	0.3011
BURSA_p_TCGA_303_304_305_N_GenomeWideSNP_6_A12_1344832	6	115325688	115326189	3	-1.2958
BURSA_p_TCGA_303_304_305_N_GenomeWideSNP_6_A12_1344832	6	115340202	124431511	5330	0.2968
BURSA_p_TCGA_303_304_305_N_GenomeWideSNP_6_A12_1344832	6	124431774	124470365	21	0.9245
BURSA_p_TCGA_303_304_305_N_GenomeWideSNP_6_A12_1344832	6	124470761	171051005	31132	0.0945
BURSA_p_TCGA_303_304_305_N_GenomeWideSNP_6_A12_1344832	7	43355	22434780	15932	0.0764
BURSA_p_TCGA_303_304_305_N_GenomeWideSNP_6_A12_1344832	7	22435472	22436487	2	-2.5078
BURSA_p_TCGA_303_304_305_N_GenomeWideSNP_6_A12_1344832	7	22438754	34895350	8789	0.078
BURSA_p_TCGA_303_304_305_N_GenomeWideSNP_6_A12_1344832	7	34899573	34903764	5	-1.6357
BURSA_p_TCGA_303_304_305_N_GenomeWideSNP_6_A12_1344832	7	34917263	52255316	11837	0.0774
BURSA_p_TCGA_303_304_305_N_GenomeWideSNP_6_A12_1344832	7	52261580	52261790	5	-1.0701
BURSA_p_TCGA_303_304_305_N_GenomeWideSNP_6_A12_1344832	7	52265138	109437101	30129	0.1004
BURSA_p_TCGA_303_304_305_N_GenomeWideSNP_6_A12_1344832	7	109437669	109441960	21	0.5673
BURSA_p_TCGA_303_304_305_N_GenomeWideSNP_6_A12_1344832	7	109453713	109462699	25	-1.0972
BURSA_p_TCGA_303_304_305_N_GenomeWideSNP_6_A12_1344832	7	109463249	125463717	9542	0.1011
BURSA_p_TCGA_303_304_305_N_GenomeWideSNP_6_A12_1344832	7	125472699	125476043	4	-2.6307
BURSA_p_TCGA_303_304_305_N_GenomeWideSNP_6_A12_1344832	7	125479578	133785211	5058	0.1102
BURSA_p_TCGA_303_304_305_N_GenomeWideSNP_6_A12_1344832	7	133785309	133798558	32	0.5808
BURSA_p_TCGA_303_304_305_N_GenomeWideSNP_6_A12_1344832	7	133798846	143218858	6117	0.0948
BURSA_p_TCGA_303_304_305_N_GenomeWideSNP_6_A12_1344832	7	143218968	143532998	91	0.4516
BURSA_p_TCGA_303_304_305_N_GenomeWideSNP_6_A12_1344832	7	143543851	143709684	130	0.1162
BURSA_p_TCGA_303_304_305_N_GenomeWideSNP_6_A12_1344832	7	143709699	143711151	8	-0.8259
BURSA_p_TCGA_303_304_305_N_GenomeWideSNP_6_A12_1344832	7	143711169	159127004	9782	0.1009
BURSA_p_TCGA_303_304_305_N_GenomeWideSNP_6_A12_1344832	8	31254	2247827	1625	0.0939
BURSA_p_TCGA_303_304_305_N_GenomeWideSNP_6_A12_1344832	8	2254638	2259358	12	-1.7301
BURSA_p_TCGA_303_304_305_N_GenomeWideSNP_6_A12_1344832	8	2270328	2701934	456	0.0662
BURSA_p_TCGA_303_304_305_N_GenomeWideSNP_6_A12_1344832	8	2703533	2703899	7	-1.2521
BURSA_p_TCGA_303_304_305_N_GenomeWideSNP_6_A12_1344832	8	2707171	3996813	1629	0.0954
BURSA_p_TCGA_303_304_305_N_GenomeWideSNP_6_A12_1344832	8	3997063	4004291	35	-1.5489
BURSA_p_TCGA_303_304_305_N_GenomeWideSNP_6_A12_1344832	8	4004498	7226436	3987	0.105
BURSA_p_TCGA_303_304_305_N_GenomeWideSNP_6_A12_1344832	8	7237903	7238019	2	-3.02
BURSA_p_TCGA_303_304_305_N_GenomeWideSNP_6_A12_1344832	8	7250380	7633422	87	-0.271
BURSA_p_TCGA_303_304_305_N_GenomeWideSNP_6_A12_1344832	8	7635591	12232416	3332	0.1158
BURSA_p_TCGA_303_304_305_N_GenomeWideSNP_6_A12_1344832	8	12233640	12241505	16	-1.0897
BURSA_p_TCGA_303_304_305_N_GenomeWideSNP_6_A12_1344832	8	12241813	12304112	36	-0.2083
BURSA_p_TCGA_303_304_305_N_GenomeWideSNP_6_A12_1344832	8	12304542	12322875	8	-0.7997
BURSA_p_TCGA_303_304_305_N_GenomeWideSNP_6_A12_1344832	8	12322928	13612174	1109	0.1
BURSA_p_TCGA_303_304_305_N_GenomeWideSNP_6_A12_1344832	8	13614717	13651706	45	-0.3641
BURSA_p_TCGA_303_304_305_N_GenomeWideSNP_6_A12_1344832	8	13651722	14319355	634	0.108
BURSA_p_TCGA_303_304_305_N_GenomeWideSNP_6_A12_1344832	8	14321649	14323585	2	-1.8705
BURSA_p_TCGA_303_304_305_N_GenomeWideSNP_6_A12_1344832	8	14326339	15899282	1460	0.0193
BURSA_p_TCGA_303_304_305_N_GenomeWideSNP_6_A12_1344832	8	15901155	15944079	38	-0.3998
BURSA_p_TCGA_303_304_305_N_GenomeWideSNP_6_A12_1344832	8	15944307	16197191	201	-0.1708
BURSA_p_TCGA_303_304_305_N_GenomeWideSNP_6_A12_1344832	8	16206954	16207123	8	-1.4394
BURSA_p_TCGA_303_304_305_N_GenomeWideSNP_6_A12_1344832	8	16212084	23402308	5719	-0.126
BURSA_p_TCGA_303_304_305_N_GenomeWideSNP_6_A12_1344832	8	23407740	23407811	4	-3.0671
BURSA_p_TCGA_303_304_305_N_GenomeWideSNP_6_A12_1344832	8	23407871	24974577	1123	-0.1229
BURSA_p_TCGA_303_304_305_N_GenomeWideSNP_6_A12_1344832	8	24975500	24984250	22	0.3947
BURSA_p_TCGA_303_304_305_N_GenomeWideSNP_6_A12_1344832	8	24984333	32678866	5383	-0.1346
BURSA_p_TCGA_303_304_305_N_GenomeWideSNP_6_A12_1344832	8	32683098	32688413	8	1.1531
BURSA_p_TCGA_303_304_305_N_GenomeWideSNP_6_A12_1344832	8	32692106	32875127	119	-0.1497
BURSA_p_TCGA_303_304_305_N_GenomeWideSNP_6_A12_1344832	8	32876592	32883624	3	-1.6853
BURSA_p_TCGA_303_304_305_N_GenomeWideSNP_6_A12_1344832	8	32884331	39226349	3430	-0.1316
BURSA_p_TCGA_303_304_305_N_GenomeWideSNP_6_A12_1344832	8	39230183	39375158	56	0.4522
BURSA_p_TCGA_303_304_305_N_GenomeWideSNP_6_A12_1344832	8	39379667	55208930	7210	0.036
BURSA_p_TCGA_303_304_305_N_GenomeWideSNP_6_A12_1344832	8	55209048	55211118	6	-2.0501
BURSA_p_TCGA_303_304_305_N_GenomeWideSNP_6_A12_1344832	8	55211213	64848636	6332	0.1011
BURSA_p_TCGA_303_304_305_N_GenomeWideSNP_6_A12_1344832	8	64848897	64849510	7	1.0435
BURSA_p_TCGA_303_304_305_N_GenomeWideSNP_6_A12_1344832	8	64849723	140254844	47806	0.1077
BURSA_p_TCGA_303_304_305_N_GenomeWideSNP_6_A12_1344832	8	140258252	140259197	5	-1.0798
BURSA_p_TCGA_303_304_305_N_GenomeWideSNP_6_A12_1344832	8	140259420	142574239	1535	0.1059
BURSA_p_TCGA_303_304_305_N_GenomeWideSNP_6_A12_1344832	8	142574962	142576454	4	1.6968
BURSA_p_TCGA_303_304_305_N_GenomeWideSNP_6_A12_1344832	8	142577073	146298155	1435	0.1288
BURSA_p_TCGA_303_304_305_N_GenomeWideSNP_6_A12_1344832	9	46587	4399491	4496	-0.0802
BURSA_p_TCGA_303_304_305_N_GenomeWideSNP_6_A12_1344832	9	4400070	4400991	4	-1.7107
BURSA_p_TCGA_303_304_305_N_GenomeWideSNP_6_A12_1344832	9	4402216	44629223	26571	-0.0857
BURSA_p_TCGA_303_304_305_N_GenomeWideSNP_6_A12_1344832	9	44727859	44827045	31	0.6741
BURSA_p_TCGA_303_304_305_N_GenomeWideSNP_6_A12_1344832	9	44830239	45368770	33	0.2109
BURSA_p_TCGA_303_304_305_N_GenomeWideSNP_6_A12_1344832	9	45374478	65616971	67	-0.1849
BURSA_p_TCGA_303_304_305_N_GenomeWideSNP_6_A12_1344832	9	65617146	65672607	3	-2.3307
BURSA_p_TCGA_303_304_305_N_GenomeWideSNP_6_A12_1344832	9	66323059	68183981	56	-0.0703
BURSA_p_TCGA_303_304_305_N_GenomeWideSNP_6_A12_1344832	9	68186051	68188547	8	1.1375
BURSA_p_TCGA_303_304_305_N_GenomeWideSNP_6_A12_1344832	9	68209916	141091394	47652	-0.1028
BURSA_p_TCGA_303_304_305_N_GenomeWideSNP_6_A12_1344832	10	72759	72825	3	0.0194
BURSA_p_TCGA_303_304_305_N_GenomeWideSNP_6_A12_1344832	10	91732	4437173	3730	0.652
BURSA_p_TCGA_303_304_305_N_GenomeWideSNP_6_A12_1344832	10	4439129	4439686	6	-0.5336
BURSA_p_TCGA_303_304_305_N_GenomeWideSNP_6_A12_1344832	10	4443829	6393610	1593	0.6222
BURSA_p_TCGA_303_304_305_N_GenomeWideSNP_6_A12_1344832	10	6398978	6398984	5	-0.3438
BURSA_p_TCGA_303_304_305_N_GenomeWideSNP_6_A12_1344832	10	6404210	17894976	9380	0.618
BURSA_p_TCGA_303_304_305_N_GenomeWideSNP_6_A12_1344832	10	17927554	17938208	2	-1.1738
BURSA_p_TCGA_303_304_305_N_GenomeWideSNP_6_A12_1344832	10	17949857	26679781	5938	0.6218
BURSA_p_TCGA_303_304_305_N_GenomeWideSNP_6_A12_1344832	10	26686155	26689767	5	-0.6333
BURSA_p_TCGA_303_304_305_N_GenomeWideSNP_6_A12_1344832	10	26691649	29781883	2212	0.6184
BURSA_p_TCGA_303_304_305_N_GenomeWideSNP_6_A12_1344832	10	29785191	29785454	2	-1.4077
BURSA_p_TCGA_303_304_305_N_GenomeWideSNP_6_A12_1344832	10	29786029	39070670	5990	0.6106
BURSA_p_TCGA_303_304_305_N_GenomeWideSNP_6_A12_1344832	10	39070808	47633077	2651	0.0949
BURSA_p_TCGA_303_304_305_N_GenomeWideSNP_6_A12_1344832	10	47633090	47633378	5	1.1453
BURSA_p_TCGA_303_304_305_N_GenomeWideSNP_6_A12_1344832	10	47633512	48840627	393	0.0977
BURSA_p_TCGA_303_304_305_N_GenomeWideSNP_6_A12_1344832	10	48883402	48958519	7	-0.8536
BURSA_p_TCGA_303_304_305_N_GenomeWideSNP_6_A12_1344832	10	49031175	51840984	1450	0.0896
BURSA_p_TCGA_303_304_305_N_GenomeWideSNP_6_A12_1344832	10	51857219	51891920	3	-1.2868
BURSA_p_TCGA_303_304_305_N_GenomeWideSNP_6_A12_1344832	10	51903768	59772547	5793	0.0794
BURSA_p_TCGA_303_304_305_N_GenomeWideSNP_6_A12_1344832	10	59774764	59775032	3	-1.2864
BURSA_p_TCGA_303_304_305_N_GenomeWideSNP_6_A12_1344832	10	59777576	66398678	4436	0.0921
BURSA_p_TCGA_303_304_305_N_GenomeWideSNP_6_A12_1344832	10	66399409	66399869	2	-1.977
BURSA_p_TCGA_303_304_305_N_GenomeWideSNP_6_A12_1344832	10	66402831	67343454	695	0.1071
BURSA_p_TCGA_303_304_305_N_GenomeWideSNP_6_A12_1344832	10	67343469	67344767	8	-0.908
BURSA_p_TCGA_303_304_305_N_GenomeWideSNP_6_A12_1344832	10	67345248	89649692	14631	0.0497
BURSA_p_TCGA_303_304_305_N_GenomeWideSNP_6_A12_1344832	10	89649706	89693540	74	-0.4885
BURSA_p_TCGA_303_304_305_N_GenomeWideSNP_6_A12_1344832	10	89693558	135506704	31040	-0.1004
BURSA_p_TCGA_303_304_305_N_GenomeWideSNP_6_A12_1344832	11	198510	3513785	1337	0.0862
BURSA_p_TCGA_303_304_305_N_GenomeWideSNP_6_A12_1344832	11	3522500	3528151	4	-1.0833
BURSA_p_TCGA_303_304_305_N_GenomeWideSNP_6_A12_1344832	11	3529938	3612741	24	-0.223
BURSA_p_TCGA_303_304_305_N_GenomeWideSNP_6_A12_1344832	11	3613131	4970294	1088	0.1393
BURSA_p_TCGA_303_304_305_N_GenomeWideSNP_6_A12_1344832	11	4970330	4976907	38	0.5821
BURSA_p_TCGA_303_304_305_N_GenomeWideSNP_6_A12_1344832	11	4977011	5783923	771	0.1279
BURSA_p_TCGA_303_304_305_N_GenomeWideSNP_6_A12_1344832	11	5787405	5808326	29	0.5473
BURSA_p_TCGA_303_304_305_N_GenomeWideSNP_6_A12_1344832	11	5808340	5875867	75	0.0998
BURSA_p_TCGA_303_304_305_N_GenomeWideSNP_6_A12_1344832	11	5877187	5883317	4	-1.0198
BURSA_p_TCGA_303_304_305_N_GenomeWideSNP_6_A12_1344832	11	5885711	14381883	6370	-0.0485
BURSA_p_TCGA_303_304_305_N_GenomeWideSNP_6_A12_1344832	11	14382288	14483274	54	0.3519
BURSA_p_TCGA_303_304_305_N_GenomeWideSNP_6_A12_1344832	11	14487936	18940856	2811	-0.1057
BURSA_p_TCGA_303_304_305_N_GenomeWideSNP_6_A12_1344832	11	18940870	18952192	19	-0.5855
BURSA_p_TCGA_303_304_305_N_GenomeWideSNP_6_A12_1344832	11	18952544	21422283	2280	-0.1147
BURSA_p_TCGA_303_304_305_N_GenomeWideSNP_6_A12_1344832	11	21423146	21424273	3	-1.9172
BURSA_p_TCGA_303_304_305_N_GenomeWideSNP_6_A12_1344832	11	21425763	21714462	218	-0.1526
BURSA_p_TCGA_303_304_305_N_GenomeWideSNP_6_A12_1344832	11	21714552	21723483	5	-1.8089
BURSA_p_TCGA_303_304_305_N_GenomeWideSNP_6_A12_1344832	11	21734095	27919235	4434	-0.1228
BURSA_p_TCGA_303_304_305_N_GenomeWideSNP_6_A12_1344832	11	27925067	29106959	644	0.2942
BURSA_p_TCGA_303_304_305_N_GenomeWideSNP_6_A12_1344832	11	29107010	34207614	3259	-0.1073
BURSA_p_TCGA_303_304_305_N_GenomeWideSNP_6_A12_1344832	11	34209001	36462447	1999	0.3295
BURSA_p_TCGA_303_304_305_N_GenomeWideSNP_6_A12_1344832	11	36467157	124272210	52648	-0.1047
BURSA_p_TCGA_303_304_305_N_GenomeWideSNP_6_A12_1344832	11	124272381	134944770	7979	0.3205
BURSA_p_TCGA_303_304_305_N_GenomeWideSNP_6_A12_1344832	12	150442	6297863	4522	0.1277
BURSA_p_TCGA_303_304_305_N_GenomeWideSNP_6_A12_1344832	12	6300975	6376151	56	0.459
BURSA_p_TCGA_303_304_305_N_GenomeWideSNP_6_A12_1344832	12	6378212	9495893	1483	0.1223
BURSA_p_TCGA_303_304_305_N_GenomeWideSNP_6_A12_1344832	12	9496402	9533883	35	0.4594
BURSA_p_TCGA_303_304_305_N_GenomeWideSNP_6_A12_1344832	12	9534145	10580460	674	0.1251
BURSA_p_TCGA_303_304_305_N_GenomeWideSNP_6_A12_1344832	12	10583367	10595806	5	-1.8617
BURSA_p_TCGA_303_304_305_N_GenomeWideSNP_6_A12_1344832	12	10596720	11511578	543	0.1228
BURSA_p_TCGA_303_304_305_N_GenomeWideSNP_6_A12_1344832	12	11512492	11543406	30	0.765
BURSA_p_TCGA_303_304_305_N_GenomeWideSNP_6_A12_1344832	12	11552192	83509143	43848	-0.0242
BURSA_p_TCGA_303_304_305_N_GenomeWideSNP_6_A12_1344832	12	83509513	84140592	358	0.5132
BURSA_p_TCGA_303_304_305_N_GenomeWideSNP_6_A12_1344832	12	84143314	87407032	1834	0.0867
BURSA_p_TCGA_303_304_305_N_GenomeWideSNP_6_A12_1344832	12	87413383	87426271	7	-0.6494
BURSA_p_TCGA_303_304_305_N_GenomeWideSNP_6_A12_1344832	12	87428020	87763438	201	0.002
BURSA_p_TCGA_303_304_305_N_GenomeWideSNP_6_A12_1344832	12	87763493	87763624	5	-0.9703
BURSA_p_TCGA_303_304_305_N_GenomeWideSNP_6_A12_1344832	12	87763795	91403008	2173	-0.0757
BURSA_p_TCGA_303_304_305_N_GenomeWideSNP_6_A12_1344832	12	91404194	91404512	2	-1.352
BURSA_p_TCGA_303_304_305_N_GenomeWideSNP_6_A12_1344832	12	91409927	91721933	204	-0.1154
BURSA_p_TCGA_303_304_305_N_GenomeWideSNP_6_A12_1344832	12	91722389	91722749	2	-1.9915
BURSA_p_TCGA_303_304_305_N_GenomeWideSNP_6_A12_1344832	12	91723193	99791814	5593	-0.1154
BURSA_p_TCGA_303_304_305_N_GenomeWideSNP_6_A12_1344832	12	99795293	99803093	32	-0.6226
BURSA_p_TCGA_303_304_305_N_GenomeWideSNP_6_A12_1344832	12	99803118	132132611	21937	-0.1067
BURSA_p_TCGA_303_304_305_N_GenomeWideSNP_6_A12_1344832	12	132132668	132133269	7	-0.941
BURSA_p_TCGA_303_304_305_N_GenomeWideSNP_6_A12_1344832	12	132133298	133778189	573	-0.0093
BURSA_p_TCGA_303_304_305_N_GenomeWideSNP_6_A12_1344832	13	19026949	25155126	4120	0.0049
BURSA_p_TCGA_303_304_305_N_GenomeWideSNP_6_A12_1344832	13	25163220	25173506	6	-1.119
BURSA_p_TCGA_303_304_305_N_GenomeWideSNP_6_A12_1344832	13	25177122	39747763	10463	-0.0036
BURSA_p_TCGA_303_304_305_N_GenomeWideSNP_6_A12_1344832	13	39750875	39751136	2	-2.657
BURSA_p_TCGA_303_304_305_N_GenomeWideSNP_6_A12_1344832	13	39754711	48909201	6218	0.0024
BURSA_p_TCGA_303_304_305_N_GenomeWideSNP_6_A12_1344832	13	48911264	48917439	7	-1.0845
BURSA_p_TCGA_303_304_305_N_GenomeWideSNP_6_A12_1344832	13	48917673	57758270	4997	4e-04
BURSA_p_TCGA_303_304_305_N_GenomeWideSNP_6_A12_1344832	13	57758289	57778380	33	-0.8447
BURSA_p_TCGA_303_304_305_N_GenomeWideSNP_6_A12_1344832	13	57789714	75224986	10921	-0.0043
BURSA_p_TCGA_303_304_305_N_GenomeWideSNP_6_A12_1344832	13	75227594	75228273	2	1.9275
BURSA_p_TCGA_303_304_305_N_GenomeWideSNP_6_A12_1344832	13	75230388	111735210	25029	0.181
BURSA_p_TCGA_303_304_305_N_GenomeWideSNP_6_A12_1344832	13	111737287	111737356	3	-2.0728
BURSA_p_TCGA_303_304_305_N_GenomeWideSNP_6_A12_1344832	13	111738220	115007056	1710	0.2021
BURSA_p_TCGA_303_304_305_N_GenomeWideSNP_6_A12_1344832	13	115007089	115010330	2	1.5639
BURSA_p_TCGA_303_304_305_N_GenomeWideSNP_6_A12_1344832	13	115011301	115108397	42	0.1753
BURSA_p_TCGA_303_304_305_N_GenomeWideSNP_6_A12_1344832	14	19002124	20423372	188	-0.5347
BURSA_p_TCGA_303_304_305_N_GenomeWideSNP_6_A12_1344832	14	20424926	106526966	54293	-0.1099
BURSA_p_TCGA_303_304_305_N_GenomeWideSNP_6_A12_1344832	14	106530364	106569463	19	0.5422
BURSA_p_TCGA_303_304_305_N_GenomeWideSNP_6_A12_1344832	14	106574118	107285437	416	-0.2718
BURSA_p_TCGA_303_304_305_N_GenomeWideSNP_6_A12_1344832	15	20016328	20578421	98	-0.364
BURSA_p_TCGA_303_304_305_N_GenomeWideSNP_6_A12_1344832	15	20581451	20581564	7	0.6624
BURSA_p_TCGA_303_304_305_N_GenomeWideSNP_6_A12_1344832	15	20585988	21048795	115	-0.6335
BURSA_p_TCGA_303_304_305_N_GenomeWideSNP_6_A12_1344832	15	21049376	21201534	56	-1.0174
BURSA_p_TCGA_303_304_305_N_GenomeWideSNP_6_A12_1344832	15	21201535	23645364	466	-0.4319
BURSA_p_TCGA_303_304_305_N_GenomeWideSNP_6_A12_1344832	15	23654207	24641397	669	0.0996
BURSA_p_TCGA_303_304_305_N_GenomeWideSNP_6_A12_1344832	15	24641662	24727231	50	-0.5054
BURSA_p_TCGA_303_304_305_N_GenomeWideSNP_6_A12_1344832	15	24730995	26028702	896	0.1251
BURSA_p_TCGA_303_304_305_N_GenomeWideSNP_6_A12_1344832	15	26033764	27383613	990	0.4795
BURSA_p_TCGA_303_304_305_N_GenomeWideSNP_6_A12_1344832	15	27386986	34714123	4386	-0.3409
BURSA_p_TCGA_303_304_305_N_GenomeWideSNP_6_A12_1344832	15	34719795	34813119	64	-1.2774
BURSA_p_TCGA_303_304_305_N_GenomeWideSNP_6_A12_1344832	15	34814360	102469040	43669	-0.2858
BURSA_p_TCGA_303_304_305_N_GenomeWideSNP_6_A12_1344832	16	60777	32573476	19954	-0.1046
BURSA_p_TCGA_303_304_305_N_GenomeWideSNP_6_A12_1344832	16	32588619	32630554	18	0.4271
BURSA_p_TCGA_303_304_305_N_GenomeWideSNP_6_A12_1344832	16	32631268	55796594	7078	-0.1028
BURSA_p_TCGA_303_304_305_N_GenomeWideSNP_6_A12_1344832	16	55798222	55798779	3	2.203
BURSA_p_TCGA_303_304_305_N_GenomeWideSNP_6_A12_1344832	16	55804348	70839157	8980	-0.1066
BURSA_p_TCGA_303_304_305_N_GenomeWideSNP_6_A12_1344832	16	70839337	71202489	142	0.2897
BURSA_p_TCGA_303_304_305_N_GenomeWideSNP_6_A12_1344832	16	71202797	74405191	2001	-0.0979
BURSA_p_TCGA_303_304_305_N_GenomeWideSNP_6_A12_1344832	16	74407012	74456601	5	1.1261
BURSA_p_TCGA_303_304_305_N_GenomeWideSNP_6_A12_1344832	16	74465396	78376377	3186	-0.115
BURSA_p_TCGA_303_304_305_N_GenomeWideSNP_6_A12_1344832	16	78376711	78383140	7	0.9307
BURSA_p_TCGA_303_304_305_N_GenomeWideSNP_6_A12_1344832	16	78384738	80666388	2718	-0.1187
BURSA_p_TCGA_303_304_305_N_GenomeWideSNP_6_A12_1344832	16	80666779	80672429	2	-2.6911
BURSA_p_TCGA_303_304_305_N_GenomeWideSNP_6_A12_1344832	16	80672704	81194094	482	-0.0753
BURSA_p_TCGA_303_304_305_N_GenomeWideSNP_6_A12_1344832	16	81194528	81197227	4	-1.8465
BURSA_p_TCGA_303_304_305_N_GenomeWideSNP_6_A12_1344832	16	81198147	90287535	7273	-0.0985
BURSA_p_TCGA_303_304_305_N_GenomeWideSNP_6_A12_1344832	17	526	55661	26	-0.0527
BURSA_p_TCGA_303_304_305_N_GenomeWideSNP_6_A12_1344832	17	59064	59143	2	-2.3665
BURSA_p_TCGA_303_304_305_N_GenomeWideSNP_6_A12_1344832	17	59164	18355392	11292	-0.106
BURSA_p_TCGA_303_304_305_N_GenomeWideSNP_6_A12_1344832	17	18358946	18453437	25	-1.4337
BURSA_p_TCGA_303_304_305_N_GenomeWideSNP_6_A12_1344832	17	18459272	34436267	6850	-0.1019
BURSA_p_TCGA_303_304_305_N_GenomeWideSNP_6_A12_1344832	17	34436532	34816256	44	0.4197
BURSA_p_TCGA_303_304_305_N_GenomeWideSNP_6_A12_1344832	17	34819191	44163098	5027	-0.1015
BURSA_p_TCGA_303_304_305_N_GenomeWideSNP_6_A12_1344832	17	44165803	44353885	121	-0.4356
BURSA_p_TCGA_303_304_305_N_GenomeWideSNP_6_A12_1344832	17	44362009	75854830	18924	-0.1054
BURSA_p_TCGA_303_304_305_N_GenomeWideSNP_6_A12_1344832	17	75860669	75866929	3	-2.1478
BURSA_p_TCGA_303_304_305_N_GenomeWideSNP_6_A12_1344832	17	75868626	81049726	2510	-0.1012
BURSA_p_TCGA_303_304_305_N_GenomeWideSNP_6_A12_1344832	18	11543	1584082	1076	-0.1153
BURSA_p_TCGA_303_304_305_N_GenomeWideSNP_6_A12_1344832	18	1592251	1624684	32	0.3896
BURSA_p_TCGA_303_304_305_N_GenomeWideSNP_6_A12_1344832	18	1635083	34411076	19049	-0.1051
BURSA_p_TCGA_303_304_305_N_GenomeWideSNP_6_A12_1344832	18	34411237	34411602	5	-1.1544
BURSA_p_TCGA_303_304_305_N_GenomeWideSNP_6_A12_1344832	18	34411683	38260470	2433	-0.0999
BURSA_p_TCGA_303_304_305_N_GenomeWideSNP_6_A12_1344832	18	38260480	38269812	17	-0.7913
BURSA_p_TCGA_303_304_305_N_GenomeWideSNP_6_A12_1344832	18	38270072	40051678	1203	-0.1215
BURSA_p_TCGA_303_304_305_N_GenomeWideSNP_6_A12_1344832	18	40056569	40057455	23	0.2345
BURSA_p_TCGA_303_304_305_N_GenomeWideSNP_6_A12_1344832	18	40057471	40881594	504	-0.1203
BURSA_p_TCGA_303_304_305_N_GenomeWideSNP_6_A12_1344832	18	40881951	40902363	11	-1.2846
BURSA_p_TCGA_303_304_305_N_GenomeWideSNP_6_A12_1344832	18	40902624	78015057	25865	-0.1131
BURSA_p_TCGA_303_304_305_N_GenomeWideSNP_6_A12_1344832	19	90910	6908589	2253	-0.0932
BURSA_p_TCGA_303_304_305_N_GenomeWideSNP_6_A12_1344832	19	6909449	6940189	13	0.5204
BURSA_p_TCGA_303_304_305_N_GenomeWideSNP_6_A12_1344832	19	6940284	15038939	3805	-0.109
BURSA_p_TCGA_303_304_305_N_GenomeWideSNP_6_A12_1344832	19	15045192	15049299	3	-1.8122
BURSA_p_TCGA_303_304_305_N_GenomeWideSNP_6_A12_1344832	19	15051287	43302509	14330	-0.1054
BURSA_p_TCGA_303_304_305_N_GenomeWideSNP_6_A12_1344832	19	43305335	43534906	108	-0.6127
BURSA_p_TCGA_303_304_305_N_GenomeWideSNP_6_A12_1344832	19	43537378	43697333	74	-0.195
BURSA_p_TCGA_303_304_305_N_GenomeWideSNP_6_A12_1344832	19	43703033	43756237	22	-1.1183
BURSA_p_TCGA_303_304_305_N_GenomeWideSNP_6_A12_1344832	19	43766659	45833801	1213	-0.1044
BURSA_p_TCGA_303_304_305_N_GenomeWideSNP_6_A12_1344832	19	45850705	45903474	25	0.4614
BURSA_p_TCGA_303_304_305_N_GenomeWideSNP_6_A12_1344832	19	45910968	52131813	2902	-0.092
BURSA_p_TCGA_303_304_305_N_GenomeWideSNP_6_A12_1344832	19	52142352	52148197	11	-1.469
BURSA_p_TCGA_303_304_305_N_GenomeWideSNP_6_A12_1344832	19	52154905	59097854	4346	-0.1196
BURSA_p_TCGA_303_304_305_N_GenomeWideSNP_6_A12_1344832	20	61305	62012	13	0.2778
BURSA_p_TCGA_303_304_305_N_GenomeWideSNP_6_A12_1344832	20	62173	1552457	1155	-0.1367
BURSA_p_TCGA_303_304_305_N_GenomeWideSNP_6_A12_1344832	20	1552503	1561580	23	-0.5887
BURSA_p_TCGA_303_304_305_N_GenomeWideSNP_6_A12_1344832	20	1561667	14475757	9608	-0.1392
BURSA_p_TCGA_303_304_305_N_GenomeWideSNP_6_A12_1344832	20	14477907	14478523	4	-1.5257
BURSA_p_TCGA_303_304_305_N_GenomeWideSNP_6_A12_1344832	20	14479272	26305491	8996	-0.1517
BURSA_p_TCGA_303_304_305_N_GenomeWideSNP_6_A12_1344832	20	26305579	62956153	22182	0.2975
BURSA_p_TCGA_303_304_305_N_GenomeWideSNP_6_A12_1344832	21	10736871	14954193	332	0.1069
BURSA_p_TCGA_303_304_305_N_GenomeWideSNP_6_A12_1344832	21	14955277	15020269	19	-0.218
BURSA_p_TCGA_303_304_305_N_GenomeWideSNP_6_A12_1344832	21	15023528	15033713	4	0.4838
BURSA_p_TCGA_303_304_305_N_GenomeWideSNP_6_A12_1344832	21	15033724	15063133	11	-0.1181
BURSA_p_TCGA_303_304_305_N_GenomeWideSNP_6_A12_1344832	21	15063578	21800652	4606	0.287
BURSA_p_TCGA_303_304_305_N_GenomeWideSNP_6_A12_1344832	21	21800805	21835622	57	-0.7857
BURSA_p_TCGA_303_304_305_N_GenomeWideSNP_6_A12_1344832	21	21846633	22000912	116	0.3166
BURSA_p_TCGA_303_304_305_N_GenomeWideSNP_6_A12_1344832	21	22005845	22010695	4	-0.8241
BURSA_p_TCGA_303_304_305_N_GenomeWideSNP_6_A12_1344832	21	22010741	28194904	4709	0.2731
BURSA_p_TCGA_303_304_305_N_GenomeWideSNP_6_A12_1344832	21	28200072	28200722	7	-0.5054
BURSA_p_TCGA_303_304_305_N_GenomeWideSNP_6_A12_1344832	21	28204073	34263232	4293	0.2902
BURSA_p_TCGA_303_304_305_N_GenomeWideSNP_6_A12_1344832	21	34263801	34264385	2	1.7322
BURSA_p_TCGA_303_304_305_N_GenomeWideSNP_6_A12_1344832	21	34266735	37557225	2412	0.2834
BURSA_p_TCGA_303_304_305_N_GenomeWideSNP_6_A12_1344832	21	37557607	37557808	3	1.7367
BURSA_p_TCGA_303_304_305_N_GenomeWideSNP_6_A12_1344832	21	37557851	48096957	7566	0.2826
BURSA_p_TCGA_303_304_305_N_GenomeWideSNP_6_A12_1344832	22	16052528	16410795	60	-0.5036
BURSA_p_TCGA_303_304_305_N_GenomeWideSNP_6_A12_1344832	22	16425145	21462623	2765	-0.0767
BURSA_p_TCGA_303_304_305_N_GenomeWideSNP_6_A12_1344832	22	21462651	21917323	58	0.2803
BURSA_p_TCGA_303_304_305_N_GenomeWideSNP_6_A12_1344832	22	21927902	24321137	1693	-0.0692
BURSA_p_TCGA_303_304_305_N_GenomeWideSNP_6_A12_1344832	22	24321273	24332625	7	1.1142
BURSA_p_TCGA_303_304_305_N_GenomeWideSNP_6_A12_1344832	22	24332933	25074801	361	-0.0841
BURSA_p_TCGA_303_304_305_N_GenomeWideSNP_6_A12_1344832	22	25076471	25082534	18	-0.6144
BURSA_p_TCGA_303_304_305_N_GenomeWideSNP_6_A12_1344832	22	25087674	39363619	10389	-0.1009
BURSA_p_TCGA_303_304_305_N_GenomeWideSNP_6_A12_1344832	22	39363684	39375307	23	-0.9634
BURSA_p_TCGA_303_304_305_N_GenomeWideSNP_6_A12_1344832	22	39389628	51234455	7952	-0.0932
BURSA_p_TCGA_303_304_305_N_GenomeWideSNP_6_A12_1344832	X	168477	44786209	27282	0.0722
BURSA_p_TCGA_303_304_305_N_GenomeWideSNP_6_A12_1344832	X	44789661	44877328	41	-0.4404
BURSA_p_TCGA_303_304_305_N_GenomeWideSNP_6_A12_1344832	X	44877731	90968512	19995	-0.0017
BURSA_p_TCGA_303_304_305_N_GenomeWideSNP_6_A12_1344832	X	90970506	90972011	10	-0.769
BURSA_p_TCGA_303_304_305_N_GenomeWideSNP_6_A12_1344832	X	90972031	155182354	36522	-0.0412
BURSA_p_TCGA_303_304_305_N_GenomeWideSNP_6_A12_1344832	Y	2650438	5949434	805	-2.299
BURSA_p_TCGA_303_304_305_N_GenomeWideSNP_6_A12_1344832	Y	5949944	6429434	195	-3.1208
BURSA_p_TCGA_303_304_305_N_GenomeWideSNP_6_A12_1344832	Y	6438630	7399842	422	-2.5386
BURSA_p_TCGA_303_304_305_N_GenomeWideSNP_6_A12_1344832	Y	7400746	7835713	287	-2.8813
BURSA_p_TCGA_303_304_305_N_GenomeWideSNP_6_A12_1344832	Y	7835840	7835847	2	-7.7199
BURSA_p_TCGA_303_304_305_N_GenomeWideSNP_6_A12_1344832	Y	7836378	9823373	929	-2.8964
BURSA_p_TCGA_303_304_305_N_GenomeWideSNP_6_A12_1344832	Y	9826040	15590276	932	-2.6393
BURSA_p_TCGA_303_304_305_N_GenomeWideSNP_6_A12_1344832	Y	15590342	15594523	3	-7.6994
BURSA_p_TCGA_303_304_305_N_GenomeWideSNP_6_A12_1344832	Y	15594889	19574890	2081	-2.7697
BURSA_p_TCGA_303_304_305_N_GenomeWideSNP_6_A12_1344832	Y	19576544	21024613	669	-3.2383
BURSA_p_TCGA_303_304_305_N_GenomeWideSNP_6_A12_1344832	Y	21025062	23859163	1083	-2.7823
BURSA_p_TCGA_303_304_305_N_GenomeWideSNP_6_A12_1344832	Y	23859468	26230511	516	-3.2747
BURSA_p_TCGA_303_304_305_N_GenomeWideSNP_6_A12_1344832	Y	26238656	26513715	79	-2.4992
BURSA_p_TCGA_303_304_305_N_GenomeWideSNP_6_A12_1344832	Y	26517533	27315972	92	-3.7223
BURSA_p_TCGA_303_304_305_N_GenomeWideSNP_6_A12_1344832	Y	27367487	27720551	93	-2.5698
BURSA_p_TCGA_303_304_305_N_GenomeWideSNP_6_A12_1344832	Y	27721084	28452016	258	-3.2784
BURSA_p_TCGA_303_304_305_N_GenomeWideSNP_6_A12_1344832	Y	28457337	59018259	176	-2.4907
