Sample	Chromosome	Start	End	Num_Probes	Segment_Mean
BURSA_p_TCGA_303_304_305_N_GenomeWideSNP_6_E07_1344784	1	61735	17012226	8697	-0.0131
BURSA_p_TCGA_303_304_305_N_GenomeWideSNP_6_E07_1344784	1	17012314	17082412	30	-0.6027
BURSA_p_TCGA_303_304_305_N_GenomeWideSNP_6_E07_1344784	1	17082591	35091674	10240	-0.0056
BURSA_p_TCGA_303_304_305_N_GenomeWideSNP_6_E07_1344784	1	35102654	35104491	20	-0.6328
BURSA_p_TCGA_303_304_305_N_GenomeWideSNP_6_E07_1344784	1	35114268	72759509	23564	-0.0017
BURSA_p_TCGA_303_304_305_N_GenomeWideSNP_6_E07_1344784	1	72759524	72818599	57	0.5152
BURSA_p_TCGA_303_304_305_N_GenomeWideSNP_6_E07_1344784	1	72818779	97176798	15683	0.0015
BURSA_p_TCGA_303_304_305_N_GenomeWideSNP_6_E07_1344784	1	97177087	97177209	3	-1.9925
BURSA_p_TCGA_303_304_305_N_GenomeWideSNP_6_E07_1344784	1	97177244	106013376	5098	-0.003
BURSA_p_TCGA_303_304_305_N_GenomeWideSNP_6_E07_1344784	1	106019205	106022375	17	0.7125
BURSA_p_TCGA_303_304_305_N_GenomeWideSNP_6_E07_1344784	1	106024055	110224384	2631	0.0073
BURSA_p_TCGA_303_304_305_N_GenomeWideSNP_6_E07_1344784	1	110224427	110236947	27	-0.5614
BURSA_p_TCGA_303_304_305_N_GenomeWideSNP_6_E07_1344784	1	110239522	149229843	8368	0.0032
BURSA_p_TCGA_303_304_305_N_GenomeWideSNP_6_E07_1344784	1	149242663	149249447	20	0.6327
BURSA_p_TCGA_303_304_305_N_GenomeWideSNP_6_E07_1344784	1	149254329	152555706	1514	0.0063
BURSA_p_TCGA_303_304_305_N_GenomeWideSNP_6_E07_1344784	1	152555767	152586594	34	-1.279
BURSA_p_TCGA_303_304_305_N_GenomeWideSNP_6_E07_1344784	1	152590494	249224388	65001	0.0031
BURSA_p_TCGA_303_304_305_N_GenomeWideSNP_6_E07_1344784	2	12784	14706269	10929	0.0022
BURSA_p_TCGA_303_304_305_N_GenomeWideSNP_6_E07_1344784	2	14706292	14710021	8	-1.0443
BURSA_p_TCGA_303_304_305_N_GenomeWideSNP_6_E07_1344784	2	14710364	34691069	12883	0.0027
BURSA_p_TCGA_303_304_305_N_GenomeWideSNP_6_E07_1344784	2	34699315	34701735	6	-2.4567
BURSA_p_TCGA_303_304_305_N_GenomeWideSNP_6_E07_1344784	2	34708632	34717908	23	-0.9194
BURSA_p_TCGA_303_304_305_N_GenomeWideSNP_6_E07_1344784	2	34717974	34737057	17	-2.1778
BURSA_p_TCGA_303_304_305_N_GenomeWideSNP_6_E07_1344784	2	34737163	52754468	12874	0.0062
BURSA_p_TCGA_303_304_305_N_GenomeWideSNP_6_E07_1344784	2	52754480	52781542	39	0.8316
BURSA_p_TCGA_303_304_305_N_GenomeWideSNP_6_E07_1344784	2	52787949	98118212	23811	0.0071
BURSA_p_TCGA_303_304_305_N_GenomeWideSNP_6_E07_1344784	2	98140747	98161710	8	-1.1877
BURSA_p_TCGA_303_304_305_N_GenomeWideSNP_6_E07_1344784	2	98162189	137326120	23296	0.0064
BURSA_p_TCGA_303_304_305_N_GenomeWideSNP_6_E07_1344784	2	137327072	137330321	3	-1.7862
BURSA_p_TCGA_303_304_305_N_GenomeWideSNP_6_E07_1344784	2	137330844	180413362	26246	0.0094
BURSA_p_TCGA_303_304_305_N_GenomeWideSNP_6_E07_1344784	2	180413371	180421906	29	-0.806
BURSA_p_TCGA_303_304_305_N_GenomeWideSNP_6_E07_1344784	2	180422121	203378533	13216	0.0137
BURSA_p_TCGA_303_304_305_N_GenomeWideSNP_6_E07_1344784	2	203387703	203390063	2	-2.008
BURSA_p_TCGA_303_304_305_N_GenomeWideSNP_6_E07_1344784	2	203390331	242440475	24722	0.0032
BURSA_p_TCGA_303_304_305_N_GenomeWideSNP_6_E07_1344784	2	242441686	242443826	2	-2.0389
BURSA_p_TCGA_303_304_305_N_GenomeWideSNP_6_E07_1344784	2	242443876	243089456	225	0.0367
BURSA_p_TCGA_303_304_305_N_GenomeWideSNP_6_E07_1344784	3	60345	23979303	17668	0.0116
BURSA_p_TCGA_303_304_305_N_GenomeWideSNP_6_E07_1344784	3	23981429	23982328	2	-3.4307
BURSA_p_TCGA_303_304_305_N_GenomeWideSNP_6_E07_1344784	3	23982330	75568549	34467	0.0034
BURSA_p_TCGA_303_304_305_N_GenomeWideSNP_6_E07_1344784	3	75572549	75596246	8	-1.2296
BURSA_p_TCGA_303_304_305_N_GenomeWideSNP_6_E07_1344784	3	75608639	128394505	28842	4e-04
BURSA_p_TCGA_303_304_305_N_GenomeWideSNP_6_E07_1344784	3	128395490	128414161	11	0.9317
BURSA_p_TCGA_303_304_305_N_GenomeWideSNP_6_E07_1344784	3	128421166	131989330	2090	8e-04
BURSA_p_TCGA_303_304_305_N_GenomeWideSNP_6_E07_1344784	3	131989347	131995684	5	-1.8105
BURSA_p_TCGA_303_304_305_N_GenomeWideSNP_6_E07_1344784	3	132000477	159447914	16742	0.0028
BURSA_p_TCGA_303_304_305_N_GenomeWideSNP_6_E07_1344784	3	159448028	159462885	4	-1.3948
BURSA_p_TCGA_303_304_305_N_GenomeWideSNP_6_E07_1344784	3	159462903	168730180	5361	0.0096
BURSA_p_TCGA_303_304_305_N_GenomeWideSNP_6_E07_1344784	3	168733402	168738628	2	-2.5545
BURSA_p_TCGA_303_304_305_N_GenomeWideSNP_6_E07_1344784	3	168739827	197896118	18256	0.0061
BURSA_p_TCGA_303_304_305_N_GenomeWideSNP_6_E07_1344784	4	12281	64707581	39028	-0.0012
BURSA_p_TCGA_303_304_305_N_GenomeWideSNP_6_E07_1344784	4	64707605	64707754	2	-2.276
BURSA_p_TCGA_303_304_305_N_GenomeWideSNP_6_E07_1344784	4	64707817	69261064	2842	0.0119
BURSA_p_TCGA_303_304_305_N_GenomeWideSNP_6_E07_1344784	4	69282205	69288142	5	-1.1544
BURSA_p_TCGA_303_304_305_N_GenomeWideSNP_6_E07_1344784	4	69294799	69372003	16	-0.0881
BURSA_p_TCGA_303_304_305_N_GenomeWideSNP_6_E07_1344784	4	69374941	69506334	68	0.6693
BURSA_p_TCGA_303_304_305_N_GenomeWideSNP_6_E07_1344784	4	69521409	161041304	54548	8e-04
BURSA_p_TCGA_303_304_305_N_GenomeWideSNP_6_E07_1344784	4	161052774	161070267	35	-0.952
BURSA_p_TCGA_303_304_305_N_GenomeWideSNP_6_E07_1344784	4	161070504	161873846	588	-0.0036
BURSA_p_TCGA_303_304_305_N_GenomeWideSNP_6_E07_1344784	4	161873906	161881337	19	0.5608
BURSA_p_TCGA_303_304_305_N_GenomeWideSNP_6_E07_1344784	4	161884263	172369346	6610	0.0131
BURSA_p_TCGA_303_304_305_N_GenomeWideSNP_6_E07_1344784	4	172374884	172377776	12	0.9935
BURSA_p_TCGA_303_304_305_N_GenomeWideSNP_6_E07_1344784	4	172380371	172987928	392	0.034
BURSA_p_TCGA_303_304_305_N_GenomeWideSNP_6_E07_1344784	4	172989148	172989533	12	0.7465
BURSA_p_TCGA_303_304_305_N_GenomeWideSNP_6_E07_1344784	4	172995979	173422522	227	-0.002
BURSA_p_TCGA_303_304_305_N_GenomeWideSNP_6_E07_1344784	4	173424947	173428643	7	1.2305
BURSA_p_TCGA_303_304_305_N_GenomeWideSNP_6_E07_1344784	4	173441132	191027923	11746	0.0053
BURSA_p_TCGA_303_304_305_N_GenomeWideSNP_6_E07_1344784	5	15532	21451277	15583	-0.0047
BURSA_p_TCGA_303_304_305_N_GenomeWideSNP_6_E07_1344784	5	21451964	21452438	3	-2.0483
BURSA_p_TCGA_303_304_305_N_GenomeWideSNP_6_E07_1344784	5	21452496	77961789	31982	0.0015
BURSA_p_TCGA_303_304_305_N_GenomeWideSNP_6_E07_1344784	5	77962439	77964025	2	-3.2567
BURSA_p_TCGA_303_304_305_N_GenomeWideSNP_6_E07_1344784	5	77965584	81419278	2002	-0.0083
BURSA_p_TCGA_303_304_305_N_GenomeWideSNP_6_E07_1344784	5	81419290	81427482	2	-2.8426
BURSA_p_TCGA_303_304_305_N_GenomeWideSNP_6_E07_1344784	5	81428038	97045121	8632	0.0076
BURSA_p_TCGA_303_304_305_N_GenomeWideSNP_6_E07_1344784	5	97048466	97099320	43	-0.8259
BURSA_p_TCGA_303_304_305_N_GenomeWideSNP_6_E07_1344784	5	97099684	103851221	3840	0.016
BURSA_p_TCGA_303_304_305_N_GenomeWideSNP_6_E07_1344784	5	103860373	103860548	3	2.1001
BURSA_p_TCGA_303_304_305_N_GenomeWideSNP_6_E07_1344784	5	103860604	180790320	49733	-3e-04
BURSA_p_TCGA_303_304_305_N_GenomeWideSNP_6_E07_1344784	6	149661	24946671	18843	0.0021
BURSA_p_TCGA_303_304_305_N_GenomeWideSNP_6_E07_1344784	6	24947772	24947805	2	2.2047
BURSA_p_TCGA_303_304_305_N_GenomeWideSNP_6_E07_1344784	6	24951199	29837188	2634	0.0051
BURSA_p_TCGA_303_304_305_N_GenomeWideSNP_6_E07_1344784	6	29837314	29849267	14	-0.9027
BURSA_p_TCGA_303_304_305_N_GenomeWideSNP_6_E07_1344784	6	29850196	32431147	1158	-0.0477
BURSA_p_TCGA_303_304_305_N_GenomeWideSNP_6_E07_1344784	6	32431292	32605576	63	0.6605
BURSA_p_TCGA_303_304_305_N_GenomeWideSNP_6_E07_1344784	6	32605884	67008286	18977	-0.0036
BURSA_p_TCGA_303_304_305_N_GenomeWideSNP_6_E07_1344784	6	67009023	67048629	55	-0.6563
BURSA_p_TCGA_303_304_305_N_GenomeWideSNP_6_E07_1344784	6	67049599	77436532	6717	0.0033
BURSA_p_TCGA_303_304_305_N_GenomeWideSNP_6_E07_1344784	6	77439868	77452689	20	-0.5448
BURSA_p_TCGA_303_304_305_N_GenomeWideSNP_6_E07_1344784	6	77452757	78971712	978	-0.0124
BURSA_p_TCGA_303_304_305_N_GenomeWideSNP_6_E07_1344784	6	78971781	79051844	116	0.3029
BURSA_p_TCGA_303_304_305_N_GenomeWideSNP_6_E07_1344784	6	79051952	171051005	59046	9e-04
BURSA_p_TCGA_303_304_305_N_GenomeWideSNP_6_E07_1344784	7	43355	54386505	38092	0.0043
BURSA_p_TCGA_303_304_305_N_GenomeWideSNP_6_E07_1344784	7	54386509	54386517	5	-2.3206
BURSA_p_TCGA_303_304_305_N_GenomeWideSNP_6_E07_1344784	7	54393488	143904279	49705	0.004
BURSA_p_TCGA_303_304_305_N_GenomeWideSNP_6_E07_1344784	7	143909235	143909445	3	-2.0309
BURSA_p_TCGA_303_304_305_N_GenomeWideSNP_6_E07_1344784	7	143911624	159127004	9633	-0.0069
BURSA_p_TCGA_303_304_305_N_GenomeWideSNP_6_E07_1344784	8	31254	2701934	2093	-0.0227
BURSA_p_TCGA_303_304_305_N_GenomeWideSNP_6_E07_1344784	8	2703533	2703899	7	-2.3579
BURSA_p_TCGA_303_304_305_N_GenomeWideSNP_6_E07_1344784	8	2707171	7238019	5653	0.013
BURSA_p_TCGA_303_304_305_N_GenomeWideSNP_6_E07_1344784	8	7250380	7799390	149	-0.4177
BURSA_p_TCGA_303_304_305_N_GenomeWideSNP_6_E07_1344784	8	7809891	11893228	3243	-0.0165
BURSA_p_TCGA_303_304_305_N_GenomeWideSNP_6_E07_1344784	8	11895245	12371383	98	-0.3371
BURSA_p_TCGA_303_304_305_N_GenomeWideSNP_6_E07_1344784	8	12377443	16207123	3480	0.0073
BURSA_p_TCGA_303_304_305_N_GenomeWideSNP_6_E07_1344784	8	16212084	16262465	54	-0.8018
BURSA_p_TCGA_303_304_305_N_GenomeWideSNP_6_E07_1344784	8	16269313	112291494	57413	0.0011
BURSA_p_TCGA_303_304_305_N_GenomeWideSNP_6_E07_1344784	8	112294279	112295260	10	1.1199
BURSA_p_TCGA_303_304_305_N_GenomeWideSNP_6_E07_1344784	8	112300281	146298155	22657	-0.0058
BURSA_p_TCGA_303_304_305_N_GenomeWideSNP_6_E07_1344784	9	46587	22492889	19587	0.005
BURSA_p_TCGA_303_304_305_N_GenomeWideSNP_6_E07_1344784	9	22501913	22502699	2	-3.1281
BURSA_p_TCGA_303_304_305_N_GenomeWideSNP_6_E07_1344784	9	22509340	68176152	11636	0.012
BURSA_p_TCGA_303_304_305_N_GenomeWideSNP_6_E07_1344784	9	68176166	68188547	11	-0.6742
BURSA_p_TCGA_303_304_305_N_GenomeWideSNP_6_E07_1344784	9	68209916	105416485	23965	0.002
BURSA_p_TCGA_303_304_305_N_GenomeWideSNP_6_E07_1344784	9	105417792	105419574	2	-2.0762
BURSA_p_TCGA_303_304_305_N_GenomeWideSNP_6_E07_1344784	9	105419999	138218863	22546	0.0019
BURSA_p_TCGA_303_304_305_N_GenomeWideSNP_6_E07_1344784	9	138219333	138219716	2	-2.114
BURSA_p_TCGA_303_304_305_N_GenomeWideSNP_6_E07_1344784	9	138219743	141091394	1095	-0.0355
BURSA_p_TCGA_303_304_305_N_GenomeWideSNP_6_E07_1344784	10	72759	48902376	31887	3e-04
BURSA_p_TCGA_303_304_305_N_GenomeWideSNP_6_E07_1344784	10	48928791	49212828	13	0.8968
BURSA_p_TCGA_303_304_305_N_GenomeWideSNP_6_E07_1344784	10	49241479	135506704	58074	-0.0024
BURSA_p_TCGA_303_304_305_N_GenomeWideSNP_6_E07_1344784	11	198510	5522528	3023	-0.0126
BURSA_p_TCGA_303_304_305_N_GenomeWideSNP_6_E07_1344784	11	5522564	5524464	3	-1.9086
BURSA_p_TCGA_303_304_305_N_GenomeWideSNP_6_E07_1344784	11	5525152	5787405	235	0.0452
BURSA_p_TCGA_303_304_305_N_GenomeWideSNP_6_E07_1344784	11	5788080	5809139	32	-0.5683
BURSA_p_TCGA_303_304_305_N_GenomeWideSNP_6_E07_1344784	11	5809338	18951037	9314	-0.0015
BURSA_p_TCGA_303_304_305_N_GenomeWideSNP_6_E07_1344784	11	18951137	18960750	24	-0.6706
BURSA_p_TCGA_303_304_305_N_GenomeWideSNP_6_E07_1344784	11	18961065	26004590	5532	0.0026
BURSA_p_TCGA_303_304_305_N_GenomeWideSNP_6_E07_1344784	11	26004937	26005992	2	-1.7824
BURSA_p_TCGA_303_304_305_N_GenomeWideSNP_6_E07_1344784	11	26009856	44283297	12496	0.0032
BURSA_p_TCGA_303_304_305_N_GenomeWideSNP_6_E07_1344784	11	44283722	44285887	3	-3.4056
BURSA_p_TCGA_303_304_305_N_GenomeWideSNP_6_E07_1344784	11	44287048	134944770	55354	6e-04
BURSA_p_TCGA_303_304_305_N_GenomeWideSNP_6_E07_1344784	12	150442	9651391	6121	-0.0087
BURSA_p_TCGA_303_304_305_N_GenomeWideSNP_6_E07_1344784	12	9652050	9715565	18	1.0698
BURSA_p_TCGA_303_304_305_N_GenomeWideSNP_6_E07_1344784	12	9728292	33294644	16440	-0.001
BURSA_p_TCGA_303_304_305_N_GenomeWideSNP_6_E07_1344784	12	33294660	33307374	28	-0.5529
BURSA_p_TCGA_303_304_305_N_GenomeWideSNP_6_E07_1344784	12	33308360	133778189	61475	-0.0019
BURSA_p_TCGA_303_304_305_N_GenomeWideSNP_6_E07_1344784	13	19026949	24604741	3608	-0.0017
BURSA_p_TCGA_303_304_305_N_GenomeWideSNP_6_E07_1344784	13	24605800	25166247	510	0.5093
BURSA_p_TCGA_303_304_305_N_GenomeWideSNP_6_E07_1344784	13	25167363	32532622	5399	-0.001
BURSA_p_TCGA_303_304_305_N_GenomeWideSNP_6_E07_1344784	13	32532727	32538423	17	-0.75
BURSA_p_TCGA_303_304_305_N_GenomeWideSNP_6_E07_1344784	13	32540047	57751096	16255	7e-04
BURSA_p_TCGA_303_304_305_N_GenomeWideSNP_6_E07_1344784	13	57758270	57766799	21	-0.6558
BURSA_p_TCGA_303_304_305_N_GenomeWideSNP_6_E07_1344784	13	57766821	115108397	37696	0.0022
BURSA_p_TCGA_303_304_305_N_GenomeWideSNP_6_E07_1344784	14	19002124	19689317	48	0.0255
BURSA_p_TCGA_303_304_305_N_GenomeWideSNP_6_E07_1344784	14	19693231	20425860	143	-0.3654
BURSA_p_TCGA_303_304_305_N_GenomeWideSNP_6_E07_1344784	14	20425911	41608358	13453	0.0043
BURSA_p_TCGA_303_304_305_N_GenomeWideSNP_6_E07_1344784	14	41610496	41657249	14	-0.7412
BURSA_p_TCGA_303_304_305_N_GenomeWideSNP_6_E07_1344784	14	41657349	51144299	5445	0.0187
BURSA_p_TCGA_303_304_305_N_GenomeWideSNP_6_E07_1344784	14	51144660	51144800	3	-1.6022
BURSA_p_TCGA_303_304_305_N_GenomeWideSNP_6_E07_1344784	14	51146660	70013979	12161	0.0017
BURSA_p_TCGA_303_304_305_N_GenomeWideSNP_6_E07_1344784	14	70018047	70022713	10	-0.7829
BURSA_p_TCGA_303_304_305_N_GenomeWideSNP_6_E07_1344784	14	70022726	74006707	2585	0.0028
BURSA_p_TCGA_303_304_305_N_GenomeWideSNP_6_E07_1344784	14	74006851	74020979	7	-1.8125
BURSA_p_TCGA_303_304_305_N_GenomeWideSNP_6_E07_1344784	14	74029900	106526966	20574	0.0019
BURSA_p_TCGA_303_304_305_N_GenomeWideSNP_6_E07_1344784	14	106530364	106567100	18	0.8176
BURSA_p_TCGA_303_304_305_N_GenomeWideSNP_6_E07_1344784	14	106569463	107285437	417	-0.0573
BURSA_p_TCGA_303_304_305_N_GenomeWideSNP_6_E07_1344784	15	20016328	20206939	48	0.0777
BURSA_p_TCGA_303_304_305_N_GenomeWideSNP_6_E07_1344784	15	20216955	20412026	16	-0.5649
BURSA_p_TCGA_303_304_305_N_GenomeWideSNP_6_E07_1344784	15	20412478	20581455	39	-0.193
BURSA_p_TCGA_303_304_305_N_GenomeWideSNP_6_E07_1344784	15	20581562	20586957	14	-0.8683
BURSA_p_TCGA_303_304_305_N_GenomeWideSNP_6_E07_1344784	15	20590027	24054341	917	-0.0442
BURSA_p_TCGA_303_304_305_N_GenomeWideSNP_6_E07_1344784	15	24054787	24059307	21	-0.8831
BURSA_p_TCGA_303_304_305_N_GenomeWideSNP_6_E07_1344784	15	24065693	102469040	50389	0.0023
BURSA_p_TCGA_303_304_305_N_GenomeWideSNP_6_E07_1344784	16	60777	22428645	14666	-0.0174
BURSA_p_TCGA_303_304_305_N_GenomeWideSNP_6_E07_1344784	16	22431370	22704520	75	-0.4325
BURSA_p_TCGA_303_304_305_N_GenomeWideSNP_6_E07_1344784	16	22710742	34459709	5571	-0.0032
BURSA_p_TCGA_303_304_305_N_GenomeWideSNP_6_E07_1344784	16	34466571	34767505	173	0.4791
BURSA_p_TCGA_303_304_305_N_GenomeWideSNP_6_E07_1344784	16	34767996	55796594	6529	0.0023
BURSA_p_TCGA_303_304_305_N_GenomeWideSNP_6_E07_1344784	16	55798222	55798779	3	2.2501
BURSA_p_TCGA_303_304_305_N_GenomeWideSNP_6_E07_1344784	16	55804348	63985280	5126	0.002
BURSA_p_TCGA_303_304_305_N_GenomeWideSNP_6_E07_1344784	16	63989376	63990136	2	-2.1917
BURSA_p_TCGA_303_304_305_N_GenomeWideSNP_6_E07_1344784	16	63990880	78371608	9168	-9e-04
BURSA_p_TCGA_303_304_305_N_GenomeWideSNP_6_E07_1344784	16	78372440	78384765	16	-1.6768
BURSA_p_TCGA_303_304_305_N_GenomeWideSNP_6_E07_1344784	16	78385001	90287535	10467	-0.0129
BURSA_p_TCGA_303_304_305_N_GenomeWideSNP_6_E07_1344784	17	526	4539171	2419	-0.0172
BURSA_p_TCGA_303_304_305_N_GenomeWideSNP_6_E07_1344784	17	4539358	4540277	2	-2.4672
BURSA_p_TCGA_303_304_305_N_GenomeWideSNP_6_E07_1344784	17	4540541	34436532	15756	-0.0074
BURSA_p_TCGA_303_304_305_N_GenomeWideSNP_6_E07_1344784	17	34437128	34629696	42	0.9733
BURSA_p_TCGA_303_304_305_N_GenomeWideSNP_6_E07_1344784	17	34816256	44208333	5062	-0.0176
BURSA_p_TCGA_303_304_305_N_GenomeWideSNP_6_E07_1344784	17	44208674	44364170	91	-0.3346
BURSA_p_TCGA_303_304_305_N_GenomeWideSNP_6_E07_1344784	17	44394412	81049726	21413	-0.0065
BURSA_p_TCGA_303_304_305_N_GenomeWideSNP_6_E07_1344784	18	11543	8867520	6437	6e-04
BURSA_p_TCGA_303_304_305_N_GenomeWideSNP_6_E07_1344784	18	8867754	8869780	3	-2.7379
BURSA_p_TCGA_303_304_305_N_GenomeWideSNP_6_E07_1344784	18	8870955	78015057	43733	0.0038
BURSA_p_TCGA_303_304_305_N_GenomeWideSNP_6_E07_1344784	19	90910	28275482	11250	-0.0055
BURSA_p_TCGA_303_304_305_N_GenomeWideSNP_6_E07_1344784	19	28276933	28277499	2	-2.297
BURSA_p_TCGA_303_304_305_N_GenomeWideSNP_6_E07_1344784	19	28278289	59097854	17833	6e-04
BURSA_p_TCGA_303_304_305_N_GenomeWideSNP_6_E07_1344784	20	61305	62956153	41937	6e-04
BURSA_p_TCGA_303_304_305_N_GenomeWideSNP_6_E07_1344784	21	10736871	48096957	24119	0.0044
BURSA_p_TCGA_303_304_305_N_GenomeWideSNP_6_E07_1344784	22	16052528	39350222	15333	-0.0216
BURSA_p_TCGA_303_304_305_N_GenomeWideSNP_6_E07_1344784	22	39351466	39389628	26	-0.5996
BURSA_p_TCGA_303_304_305_N_GenomeWideSNP_6_E07_1344784	22	39389705	51234455	7948	-0.0143
BURSA_p_TCGA_303_304_305_N_GenomeWideSNP_6_E07_1344784	X	168477	76349873	39771	0.001
BURSA_p_TCGA_303_304_305_N_GenomeWideSNP_6_E07_1344784	X	76353650	76378656	3	-1.9054
BURSA_p_TCGA_303_304_305_N_GenomeWideSNP_6_E07_1344784	X	76378658	125328804	26570	0.0065
BURSA_p_TCGA_303_304_305_N_GenomeWideSNP_6_E07_1344784	X	125330859	125370920	26	0.6605
BURSA_p_TCGA_303_304_305_N_GenomeWideSNP_6_E07_1344784	X	125371164	155182354	17444	-0.0018
BURSA_p_TCGA_303_304_305_N_GenomeWideSNP_6_E07_1344784	Y	2650438	6035471	835	-2.26
BURSA_p_TCGA_303_304_305_N_GenomeWideSNP_6_E07_1344784	Y	6039351	6039663	2	-7.5751
BURSA_p_TCGA_303_304_305_N_GenomeWideSNP_6_E07_1344784	Y	6048274	6101425	33	-2.2093
BURSA_p_TCGA_303_304_305_N_GenomeWideSNP_6_E07_1344784	Y	6107901	6344041	104	-3.5021
BURSA_p_TCGA_303_304_305_N_GenomeWideSNP_6_E07_1344784	Y	6344313	8352852	1095	-2.6512
BURSA_p_TCGA_303_304_305_N_GenomeWideSNP_6_E07_1344784	Y	8353707	9813313	566	-3.0663
BURSA_p_TCGA_303_304_305_N_GenomeWideSNP_6_E07_1344784	Y	9815627	19570632	3021	-2.6943
BURSA_p_TCGA_303_304_305_N_GenomeWideSNP_6_E07_1344784	Y	19571480	21024613	671	-3.1764
BURSA_p_TCGA_303_304_305_N_GenomeWideSNP_6_E07_1344784	Y	21025062	24548177	1294	-2.7597
BURSA_p_TCGA_303_304_305_N_GenomeWideSNP_6_E07_1344784	Y	24560227	28423938	820	-3.1932
BURSA_p_TCGA_303_304_305_N_GenomeWideSNP_6_E07_1344784	Y	28438116	59018259	183	-2.4917
