Sample	Chromosome	Start	End	Num_Probes	Segment_Mean
CENTS_p_TCGASNP_212_216_217_N_GenomeWideSNP_6_E04_1039430	1	61735	229075	20	0.3329
CENTS_p_TCGASNP_212_216_217_N_GenomeWideSNP_6_E04_1039430	1	229158	229619	3	-1.1116
CENTS_p_TCGASNP_212_216_217_N_GenomeWideSNP_6_E04_1039430	1	229677	16869363	8709	3e-04
CENTS_p_TCGASNP_212_216_217_N_GenomeWideSNP_6_E04_1039430	1	16871278	16970456	42	-0.2491
CENTS_p_TCGASNP_212_216_217_N_GenomeWideSNP_6_E04_1039430	1	17005734	22531553	3606	-0.0011
CENTS_p_TCGASNP_212_216_217_N_GenomeWideSNP_6_E04_1039430	1	22535811	22549729	16	-0.3651
CENTS_p_TCGASNP_212_216_217_N_GenomeWideSNP_6_E04_1039430	1	22549764	25583341	1773	0.0029
CENTS_p_TCGASNP_212_216_217_N_GenomeWideSNP_6_E04_1039430	1	25593128	25646689	25	0.3328
CENTS_p_TCGASNP_212_216_217_N_GenomeWideSNP_6_E04_1039430	1	25646744	72750353	28864	-8e-04
CENTS_p_TCGASNP_212_216_217_N_GenomeWideSNP_6_E04_1039430	1	72756113	72763370	9	-0.9362
CENTS_p_TCGASNP_212_216_217_N_GenomeWideSNP_6_E04_1039430	1	72768418	110227515	23778	0.0022
CENTS_p_TCGASNP_212_216_217_N_GenomeWideSNP_6_E04_1039430	1	110232974	110242953	18	-1.1588
CENTS_p_TCGASNP_212_216_217_N_GenomeWideSNP_6_E04_1039430	1	110244998	151336699	9266	0.0027
CENTS_p_TCGASNP_212_216_217_N_GenomeWideSNP_6_E04_1039430	1	151336715	151408736	60	0.5192
CENTS_p_TCGASNP_212_216_217_N_GenomeWideSNP_6_E04_1039430	1	151409502	161508875	6223	0.001
CENTS_p_TCGASNP_212_216_217_N_GenomeWideSNP_6_E04_1039430	1	161517939	161638201	45	-1.0049
CENTS_p_TCGASNP_212_216_217_N_GenomeWideSNP_6_E04_1039430	1	161638480	194448234	22772	-0.005
CENTS_p_TCGASNP_212_216_217_N_GenomeWideSNP_6_E04_1039430	1	194451411	194455018	2	1.4052
CENTS_p_TCGASNP_212_216_217_N_GenomeWideSNP_6_E04_1039430	1	194457016	216856115	15027	0.0036
CENTS_p_TCGASNP_212_216_217_N_GenomeWideSNP_6_E04_1039430	1	216859096	216859631	3	-0.9372
CENTS_p_TCGASNP_212_216_217_N_GenomeWideSNP_6_E04_1039430	1	216859823	225657275	5937	0.0031
CENTS_p_TCGASNP_212_216_217_N_GenomeWideSNP_6_E04_1039430	1	225659217	225690842	39	0.5109
CENTS_p_TCGASNP_212_216_217_N_GenomeWideSNP_6_E04_1039430	1	225691048	248579216	16289	-0.0025
CENTS_p_TCGASNP_212_216_217_N_GenomeWideSNP_6_E04_1039430	1	248583570	248637264	21	0.4165
CENTS_p_TCGASNP_212_216_217_N_GenomeWideSNP_6_E04_1039430	1	248638626	248737447	26	-0.0248
CENTS_p_TCGASNP_212_216_217_N_GenomeWideSNP_6_E04_1039430	1	248749194	248809109	37	-0.6173
CENTS_p_TCGASNP_212_216_217_N_GenomeWideSNP_6_E04_1039430	1	248809369	249224388	141	0.0091
CENTS_p_TCGASNP_212_216_217_N_GenomeWideSNP_6_E04_1039430	2	12784	295255	181	-0.0385
CENTS_p_TCGASNP_212_216_217_N_GenomeWideSNP_6_E04_1039430	2	296789	296852	3	-1.1428
CENTS_p_TCGASNP_212_216_217_N_GenomeWideSNP_6_E04_1039430	2	300879	33413047	22931	-9e-04
CENTS_p_TCGASNP_212_216_217_N_GenomeWideSNP_6_E04_1039430	2	33413193	33418582	2	-1.2203
CENTS_p_TCGASNP_212_216_217_N_GenomeWideSNP_6_E04_1039430	2	33419969	34691069	996	0.0021
CENTS_p_TCGASNP_212_216_217_N_GenomeWideSNP_6_E04_1039430	2	34699315	34737057	46	0.328
CENTS_p_TCGASNP_212_216_217_N_GenomeWideSNP_6_E04_1039430	2	34737163	52754468	13052	-8e-04
CENTS_p_TCGASNP_212_216_217_N_GenomeWideSNP_6_E04_1039430	2	52754480	52781522	38	0.532
CENTS_p_TCGASNP_212_216_217_N_GenomeWideSNP_6_E04_1039430	2	52781542	60481503	5437	0.002
CENTS_p_TCGASNP_212_216_217_N_GenomeWideSNP_6_E04_1039430	2	60484355	60485021	5	-0.754
CENTS_p_TCGASNP_212_216_217_N_GenomeWideSNP_6_E04_1039430	2	60485086	76844466	10126	-0.0041
CENTS_p_TCGASNP_212_216_217_N_GenomeWideSNP_6_E04_1039430	2	76845173	76847586	6	-0.7861
CENTS_p_TCGASNP_212_216_217_N_GenomeWideSNP_6_E04_1039430	2	76847626	77976748	747	-0.0079
CENTS_p_TCGASNP_212_216_217_N_GenomeWideSNP_6_E04_1039430	2	77977178	77977226	4	-0.9726
CENTS_p_TCGASNP_212_216_217_N_GenomeWideSNP_6_E04_1039430	2	77986678	87128201	5688	0.0027
CENTS_p_TCGASNP_212_216_217_N_GenomeWideSNP_6_E04_1039430	2	87129203	87137385	2	-1.3469
CENTS_p_TCGASNP_212_216_217_N_GenomeWideSNP_6_E04_1039430	2	87161853	97854159	2036	-0.019
CENTS_p_TCGASNP_212_216_217_N_GenomeWideSNP_6_E04_1039430	2	97857927	97869140	7	-0.6247
CENTS_p_TCGASNP_212_216_217_N_GenomeWideSNP_6_E04_1039430	2	97872637	98118212	33	-0.0902
CENTS_p_TCGASNP_212_216_217_N_GenomeWideSNP_6_E04_1039430	2	98140747	98161710	8	0.5014
CENTS_p_TCGASNP_212_216_217_N_GenomeWideSNP_6_E04_1039430	2	98162189	106881633	5582	0.0024
CENTS_p_TCGASNP_212_216_217_N_GenomeWideSNP_6_E04_1039430	2	106883229	106885357	8	-0.7658
CENTS_p_TCGASNP_212_216_217_N_GenomeWideSNP_6_E04_1039430	2	106887255	112218839	2668	0.002
CENTS_p_TCGASNP_212_216_217_N_GenomeWideSNP_6_E04_1039430	2	112222341	112231050	2	-1.0047
CENTS_p_TCGASNP_212_216_217_N_GenomeWideSNP_6_E04_1039430	2	112233672	112332686	32	-0.0081
CENTS_p_TCGASNP_212_216_217_N_GenomeWideSNP_6_E04_1039430	2	112333936	112358049	4	-0.8505
CENTS_p_TCGASNP_212_216_217_N_GenomeWideSNP_6_E04_1039430	2	112367825	123477014	6852	-0.0043
CENTS_p_TCGASNP_212_216_217_N_GenomeWideSNP_6_E04_1039430	2	123479899	123482241	9	-0.7242
CENTS_p_TCGASNP_212_216_217_N_GenomeWideSNP_6_E04_1039430	2	123483653	146862085	14391	0.0021
CENTS_p_TCGASNP_212_216_217_N_GenomeWideSNP_6_E04_1039430	2	146864404	146866934	24	-1.9758
CENTS_p_TCGASNP_212_216_217_N_GenomeWideSNP_6_E04_1039430	2	146877806	177320069	18499	-4e-04
CENTS_p_TCGASNP_212_216_217_N_GenomeWideSNP_6_E04_1039430	2	177320527	177321229	2	-1.3187
CENTS_p_TCGASNP_212_216_217_N_GenomeWideSNP_6_E04_1039430	2	177321586	196189028	11237	0.0031
CENTS_p_TCGASNP_212_216_217_N_GenomeWideSNP_6_E04_1039430	2	196189124	196189535	4	-1.4246
CENTS_p_TCGASNP_212_216_217_N_GenomeWideSNP_6_E04_1039430	2	196189872	243089456	29432	-0.0011
CENTS_p_TCGASNP_212_216_217_N_GenomeWideSNP_6_E04_1039430	3	60345	13330721	11017	0.0026
CENTS_p_TCGASNP_212_216_217_N_GenomeWideSNP_6_E04_1039430	3	13330746	13339357	11	-0.9639
CENTS_p_TCGASNP_212_216_217_N_GenomeWideSNP_6_E04_1039430	3	13340010	60777932	30603	-1e-04
CENTS_p_TCGASNP_212_216_217_N_GenomeWideSNP_6_E04_1039430	3	60780640	60781027	4	-1.0678
CENTS_p_TCGASNP_212_216_217_N_GenomeWideSNP_6_E04_1039430	3	60784223	68746164	6244	8e-04
CENTS_p_TCGASNP_212_216_217_N_GenomeWideSNP_6_E04_1039430	3	68746259	68747413	14	-0.8645
CENTS_p_TCGASNP_212_216_217_N_GenomeWideSNP_6_E04_1039430	3	68748758	89387101	12666	-0.0014
CENTS_p_TCGASNP_212_216_217_N_GenomeWideSNP_6_E04_1039430	3	89394592	89417287	48	-0.6943
CENTS_p_TCGASNP_212_216_217_N_GenomeWideSNP_6_E04_1039430	3	89419364	129760622	22037	0.0017
CENTS_p_TCGASNP_212_216_217_N_GenomeWideSNP_6_E04_1039430	3	129761124	129842866	69	-0.3433
CENTS_p_TCGASNP_212_216_217_N_GenomeWideSNP_6_E04_1039430	3	129843172	131706696	1159	0.0084
CENTS_p_TCGASNP_212_216_217_N_GenomeWideSNP_6_E04_1039430	3	131708157	131714999	3	-1.4667
CENTS_p_TCGASNP_212_216_217_N_GenomeWideSNP_6_E04_1039430	3	131717974	140542539	5564	0.0019
CENTS_p_TCGASNP_212_216_217_N_GenomeWideSNP_6_E04_1039430	3	140545701	140546984	2	-2.8942
CENTS_p_TCGASNP_212_216_217_N_GenomeWideSNP_6_E04_1039430	3	140560618	145633406	3156	-0.0012
CENTS_p_TCGASNP_212_216_217_N_GenomeWideSNP_6_E04_1039430	3	145641922	145641934	2	-1.9632
CENTS_p_TCGASNP_212_216_217_N_GenomeWideSNP_6_E04_1039430	3	145642365	160353906	8985	-0.0036
CENTS_p_TCGASNP_212_216_217_N_GenomeWideSNP_6_E04_1039430	3	160356940	160362285	21	-0.7277
CENTS_p_TCGASNP_212_216_217_N_GenomeWideSNP_6_E04_1039430	3	160370907	162512739	1390	0.0094
CENTS_p_TCGASNP_212_216_217_N_GenomeWideSNP_6_E04_1039430	3	162513092	162615915	62	-1.4123
CENTS_p_TCGASNP_212_216_217_N_GenomeWideSNP_6_E04_1039430	3	162623842	162625995	6	-0.6505
CENTS_p_TCGASNP_212_216_217_N_GenomeWideSNP_6_E04_1039430	3	162626572	189360754	16693	-2e-04
CENTS_p_TCGASNP_212_216_217_N_GenomeWideSNP_6_E04_1039430	3	189363678	189364638	11	-0.6535
CENTS_p_TCGASNP_212_216_217_N_GenomeWideSNP_6_E04_1039430	3	189370988	192874747	2499	-0.0022
CENTS_p_TCGASNP_212_216_217_N_GenomeWideSNP_6_E04_1039430	3	192877902	192882903	20	-1.1297
CENTS_p_TCGASNP_212_216_217_N_GenomeWideSNP_6_E04_1039430	3	192886435	197838578	2685	-0.0098
CENTS_p_TCGASNP_212_216_217_N_GenomeWideSNP_6_E04_1039430	3	197845216	197849705	11	-0.7551
CENTS_p_TCGASNP_212_216_217_N_GenomeWideSNP_6_E04_1039430	3	197851225	197896118	9	0.114
CENTS_p_TCGASNP_212_216_217_N_GenomeWideSNP_6_E04_1039430	4	12281	10210390	5803	-0.0034
CENTS_p_TCGASNP_212_216_217_N_GenomeWideSNP_6_E04_1039430	4	10214160	10231498	29	-2.0776
CENTS_p_TCGASNP_212_216_217_N_GenomeWideSNP_6_E04_1039430	4	10234214	10235268	7	-0.7429
CENTS_p_TCGASNP_212_216_217_N_GenomeWideSNP_6_E04_1039430	4	10236142	58249858	29767	3e-04
CENTS_p_TCGASNP_212_216_217_N_GenomeWideSNP_6_E04_1039430	4	58256375	58258354	6	-1.0529
CENTS_p_TCGASNP_212_216_217_N_GenomeWideSNP_6_E04_1039430	4	58263251	63669936	3294	-0.0016
CENTS_p_TCGASNP_212_216_217_N_GenomeWideSNP_6_E04_1039430	4	63670069	63671662	7	-1.8745
CENTS_p_TCGASNP_212_216_217_N_GenomeWideSNP_6_E04_1039430	4	63679630	69261064	3448	-0.0053
CENTS_p_TCGASNP_212_216_217_N_GenomeWideSNP_6_E04_1039430	4	69282205	69288142	5	0.8099
CENTS_p_TCGASNP_212_216_217_N_GenomeWideSNP_6_E04_1039430	4	69294799	69372003	16	-2e-04
CENTS_p_TCGASNP_212_216_217_N_GenomeWideSNP_6_E04_1039430	4	69374941	69485979	65	-1.5349
CENTS_p_TCGASNP_212_216_217_N_GenomeWideSNP_6_E04_1039430	4	69489335	70130909	332	0.037
CENTS_p_TCGASNP_212_216_217_N_GenomeWideSNP_6_E04_1039430	4	70131346	70226899	44	0.2632
CENTS_p_TCGASNP_212_216_217_N_GenomeWideSNP_6_E04_1039430	4	70228624	106937068	22303	4e-04
CENTS_p_TCGASNP_212_216_217_N_GenomeWideSNP_6_E04_1039430	4	106942927	106946435	3	-2.0546
CENTS_p_TCGASNP_212_216_217_N_GenomeWideSNP_6_E04_1039430	4	106946905	115173700	5075	-8e-04
CENTS_p_TCGASNP_212_216_217_N_GenomeWideSNP_6_E04_1039430	4	115175323	115182175	23	0.5968
CENTS_p_TCGASNP_212_216_217_N_GenomeWideSNP_6_E04_1039430	4	115184229	124797614	5722	-0.0022
CENTS_p_TCGASNP_212_216_217_N_GenomeWideSNP_6_E04_1039430	4	124806459	124806479	2	-1.1586
CENTS_p_TCGASNP_212_216_217_N_GenomeWideSNP_6_E04_1039430	4	124807727	132248818	4378	0.0022
CENTS_p_TCGASNP_212_216_217_N_GenomeWideSNP_6_E04_1039430	4	132250203	132285856	20	-0.33
CENTS_p_TCGASNP_212_216_217_N_GenomeWideSNP_6_E04_1039430	4	132290913	138092239	3136	0.0018
CENTS_p_TCGASNP_212_216_217_N_GenomeWideSNP_6_E04_1039430	4	138092420	138093414	14	-2.621
CENTS_p_TCGASNP_212_216_217_N_GenomeWideSNP_6_E04_1039430	4	138094958	149486629	7134	-8e-04
CENTS_p_TCGASNP_212_216_217_N_GenomeWideSNP_6_E04_1039430	4	149493193	149493212	2	-1.6853
CENTS_p_TCGASNP_212_216_217_N_GenomeWideSNP_6_E04_1039430	4	149493502	152789786	1751	-0.0039
CENTS_p_TCGASNP_212_216_217_N_GenomeWideSNP_6_E04_1039430	4	152791533	152792891	13	-0.886
CENTS_p_TCGASNP_212_216_217_N_GenomeWideSNP_6_E04_1039430	4	152794796	152794859	3	0.7832
CENTS_p_TCGASNP_212_216_217_N_GenomeWideSNP_6_E04_1039430	4	152795388	152990286	185	-0.0218
CENTS_p_TCGASNP_212_216_217_N_GenomeWideSNP_6_E04_1039430	4	152990893	152991435	2	-3.5985
CENTS_p_TCGASNP_212_216_217_N_GenomeWideSNP_6_E04_1039430	4	152992741	161880141	5689	8e-04
CENTS_p_TCGASNP_212_216_217_N_GenomeWideSNP_6_E04_1039430	4	161880197	161884919	19	-0.3869
CENTS_p_TCGASNP_212_216_217_N_GenomeWideSNP_6_E04_1039430	4	161884958	165665405	2488	0.0011
CENTS_p_TCGASNP_212_216_217_N_GenomeWideSNP_6_E04_1039430	4	165667039	165672949	3	-0.9282
CENTS_p_TCGASNP_212_216_217_N_GenomeWideSNP_6_E04_1039430	4	165683917	170844144	3214	-0.0029
CENTS_p_TCGASNP_212_216_217_N_GenomeWideSNP_6_E04_1039430	4	170844480	170846553	3	-1.0848
CENTS_p_TCGASNP_212_216_217_N_GenomeWideSNP_6_E04_1039430	4	170847041	172369346	970	0.016
CENTS_p_TCGASNP_212_216_217_N_GenomeWideSNP_6_E04_1039430	4	172374884	172377710	10	-1.2532
CENTS_p_TCGASNP_212_216_217_N_GenomeWideSNP_6_E04_1039430	4	172377724	189221258	11360	0.001
CENTS_p_TCGASNP_212_216_217_N_GenomeWideSNP_6_E04_1039430	4	189221360	189221424	3	1.3704
CENTS_p_TCGASNP_212_216_217_N_GenomeWideSNP_6_E04_1039430	4	189221439	191027923	1177	-0.0012
CENTS_p_TCGASNP_212_216_217_N_GenomeWideSNP_6_E04_1039430	5	15532	103851221	62821	0.0016
CENTS_p_TCGASNP_212_216_217_N_GenomeWideSNP_6_E04_1039430	5	103860373	103860604	4	1.5006
CENTS_p_TCGASNP_212_216_217_N_GenomeWideSNP_6_E04_1039430	5	103861049	143404451	25326	0.0015
CENTS_p_TCGASNP_212_216_217_N_GenomeWideSNP_6_E04_1039430	5	143406683	143410336	5	-0.8257
CENTS_p_TCGASNP_212_216_217_N_GenomeWideSNP_6_E04_1039430	5	143410707	147434056	2644	0.005
CENTS_p_TCGASNP_212_216_217_N_GenomeWideSNP_6_E04_1039430	5	147434308	147434995	2	-0.9845
CENTS_p_TCGASNP_212_216_217_N_GenomeWideSNP_6_E04_1039430	5	147435107	150202205	1866	-0.0041
CENTS_p_TCGASNP_212_216_217_N_GenomeWideSNP_6_E04_1039430	5	150205500	150218604	8	-2.9302
CENTS_p_TCGASNP_212_216_217_N_GenomeWideSNP_6_E04_1039430	5	150223387	164512911	9620	7e-04
CENTS_p_TCGASNP_212_216_217_N_GenomeWideSNP_6_E04_1039430	5	164519170	164525657	4	-1.4369
CENTS_p_TCGASNP_212_216_217_N_GenomeWideSNP_6_E04_1039430	5	164526703	180790320	10872	9e-04
CENTS_p_TCGASNP_212_216_217_N_GenomeWideSNP_6_E04_1039430	6	149661	254283	101	-0.0038
CENTS_p_TCGASNP_212_216_217_N_GenomeWideSNP_6_E04_1039430	6	257353	381149	95	-0.9442
CENTS_p_TCGASNP_212_216_217_N_GenomeWideSNP_6_E04_1039430	6	382559	911832	451	0.0139
CENTS_p_TCGASNP_212_216_217_N_GenomeWideSNP_6_E04_1039430	6	912122	914134	2	-1.167
CENTS_p_TCGASNP_212_216_217_N_GenomeWideSNP_6_E04_1039430	6	915015	26732406	19628	-8e-04
CENTS_p_TCGASNP_212_216_217_N_GenomeWideSNP_6_E04_1039430	6	26737032	26768569	25	-0.546
CENTS_p_TCGASNP_212_216_217_N_GenomeWideSNP_6_E04_1039430	6	26773063	31287222	2132	4e-04
CENTS_p_TCGASNP_212_216_217_N_GenomeWideSNP_6_E04_1039430	6	31287501	31296451	6	0.7793
CENTS_p_TCGASNP_212_216_217_N_GenomeWideSNP_6_E04_1039430	6	31309924	32452929	509	0.0397
CENTS_p_TCGASNP_212_216_217_N_GenomeWideSNP_6_E04_1039430	6	32454275	32497206	15	-0.4413
CENTS_p_TCGASNP_212_216_217_N_GenomeWideSNP_6_E04_1039430	6	32501299	53931151	13798	-0.0017
CENTS_p_TCGASNP_212_216_217_N_GenomeWideSNP_6_E04_1039430	6	53931230	53931855	6	-1.8639
CENTS_p_TCGASNP_212_216_217_N_GenomeWideSNP_6_E04_1039430	6	53935348	66394090	5056	0.0052
CENTS_p_TCGASNP_212_216_217_N_GenomeWideSNP_6_E04_1039430	6	66399482	66403852	24	-2.4087
CENTS_p_TCGASNP_212_216_217_N_GenomeWideSNP_6_E04_1039430	6	66407127	74591858	5441	0.001
CENTS_p_TCGASNP_212_216_217_N_GenomeWideSNP_6_E04_1039430	6	74592225	74597341	9	0.7761
CENTS_p_TCGASNP_212_216_217_N_GenomeWideSNP_6_E04_1039430	6	74601410	78962889	2773	0.0036
CENTS_p_TCGASNP_212_216_217_N_GenomeWideSNP_6_E04_1039430	6	78969065	79035185	113	0.3083
CENTS_p_TCGASNP_212_216_217_N_GenomeWideSNP_6_E04_1039430	6	79039234	89297313	6459	0.0027
CENTS_p_TCGASNP_212_216_217_N_GenomeWideSNP_6_E04_1039430	6	89298590	89299500	2	-1.0369
CENTS_p_TCGASNP_212_216_217_N_GenomeWideSNP_6_E04_1039430	6	89302850	92981212	2385	-0.0046
CENTS_p_TCGASNP_212_216_217_N_GenomeWideSNP_6_E04_1039430	6	92982122	92982344	2	-1.5061
CENTS_p_TCGASNP_212_216_217_N_GenomeWideSNP_6_E04_1039430	6	92982539	102698749	6042	0.0031
CENTS_p_TCGASNP_212_216_217_N_GenomeWideSNP_6_E04_1039430	6	102698993	102705227	4	-0.8838
CENTS_p_TCGASNP_212_216_217_N_GenomeWideSNP_6_E04_1039430	6	102706463	115379075	7962	-0.0034
CENTS_p_TCGASNP_212_216_217_N_GenomeWideSNP_6_E04_1039430	6	115379160	115407973	3	-1.7245
CENTS_p_TCGASNP_212_216_217_N_GenomeWideSNP_6_E04_1039430	6	115408571	121930614	3831	-5e-04
CENTS_p_TCGASNP_212_216_217_N_GenomeWideSNP_6_E04_1039430	6	121934520	121934685	2	-1.0082
CENTS_p_TCGASNP_212_216_217_N_GenomeWideSNP_6_E04_1039430	6	121935602	126182763	2752	0.0041
CENTS_p_TCGASNP_212_216_217_N_GenomeWideSNP_6_E04_1039430	6	126183692	126186776	3	-0.9514
CENTS_p_TCGASNP_212_216_217_N_GenomeWideSNP_6_E04_1039430	6	126188893	135335429	5911	0.0017
CENTS_p_TCGASNP_212_216_217_N_GenomeWideSNP_6_E04_1039430	6	135342254	135343238	2	1.4193
CENTS_p_TCGASNP_212_216_217_N_GenomeWideSNP_6_E04_1039430	6	135349570	137181963	1278	0.0021
CENTS_p_TCGASNP_212_216_217_N_GenomeWideSNP_6_E04_1039430	6	137185164	137185293	2	-1.2959
CENTS_p_TCGASNP_212_216_217_N_GenomeWideSNP_6_E04_1039430	6	137185930	162736500	17259	0.0013
CENTS_p_TCGASNP_212_216_217_N_GenomeWideSNP_6_E04_1039430	6	162738569	162740440	21	-0.8434
CENTS_p_TCGASNP_212_216_217_N_GenomeWideSNP_6_E04_1039430	6	162745580	171051005	5879	0.0064
CENTS_p_TCGASNP_212_216_217_N_GenomeWideSNP_6_E04_1039430	7	43355	6990891	3489	0.0101
CENTS_p_TCGASNP_212_216_217_N_GenomeWideSNP_6_E04_1039430	7	6991241	7001607	3	-1.4372
CENTS_p_TCGASNP_212_216_217_N_GenomeWideSNP_6_E04_1039430	7	7002044	33170188	20349	0.0044
CENTS_p_TCGASNP_212_216_217_N_GenomeWideSNP_6_E04_1039430	7	33178036	33178645	3	-1.643
CENTS_p_TCGASNP_212_216_217_N_GenomeWideSNP_6_E04_1039430	7	33183886	35604496	1582	-0.0069
CENTS_p_TCGASNP_212_216_217_N_GenomeWideSNP_6_E04_1039430	7	35606474	35607233	4	-0.9111
CENTS_p_TCGASNP_212_216_217_N_GenomeWideSNP_6_E04_1039430	7	35608415	54380373	13154	-0.0012
CENTS_p_TCGASNP_212_216_217_N_GenomeWideSNP_6_E04_1039430	7	54386505	54386517	6	1.0051
CENTS_p_TCGASNP_212_216_217_N_GenomeWideSNP_6_E04_1039430	7	54393488	56761500	1572	0.0037
CENTS_p_TCGASNP_212_216_217_N_GenomeWideSNP_6_E04_1039430	7	56762113	56768007	2	-2.1423
CENTS_p_TCGASNP_212_216_217_N_GenomeWideSNP_6_E04_1039430	7	56768814	64568852	1565	-0.0046
CENTS_p_TCGASNP_212_216_217_N_GenomeWideSNP_6_E04_1039430	7	64594065	64638157	8	-0.9289
CENTS_p_TCGASNP_212_216_217_N_GenomeWideSNP_6_E04_1039430	7	64651310	70420438	3153	0.0075
CENTS_p_TCGASNP_212_216_217_N_GenomeWideSNP_6_E04_1039430	7	70423250	70426141	2	-2.67
CENTS_p_TCGASNP_212_216_217_N_GenomeWideSNP_6_E04_1039430	7	70428243	86235088	8820	-0.0025
CENTS_p_TCGASNP_212_216_217_N_GenomeWideSNP_6_E04_1039430	7	86239551	86244483	6	-1.0105
CENTS_p_TCGASNP_212_216_217_N_GenomeWideSNP_6_E04_1039430	7	86245054	91029468	3041	-0.0077
CENTS_p_TCGASNP_212_216_217_N_GenomeWideSNP_6_E04_1039430	7	91031342	91040727	28	-0.8445
CENTS_p_TCGASNP_212_216_217_N_GenomeWideSNP_6_E04_1039430	7	91046993	97385970	3971	0.0022
CENTS_p_TCGASNP_212_216_217_N_GenomeWideSNP_6_E04_1039430	7	97395460	97395509	8	0.6585
CENTS_p_TCGASNP_212_216_217_N_GenomeWideSNP_6_E04_1039430	7	97401932	109441244	6671	0
CENTS_p_TCGASNP_212_216_217_N_GenomeWideSNP_6_E04_1039430	7	109441629	109453982	11	-0.7182
CENTS_p_TCGASNP_212_216_217_N_GenomeWideSNP_6_E04_1039430	7	109454229	112279661	1865	0.0119
CENTS_p_TCGASNP_212_216_217_N_GenomeWideSNP_6_E04_1039430	7	112280417	112293235	5	-0.7264
CENTS_p_TCGASNP_212_216_217_N_GenomeWideSNP_6_E04_1039430	7	112294076	112511305	104	0.0088
CENTS_p_TCGASNP_212_216_217_N_GenomeWideSNP_6_E04_1039430	7	112514122	112518061	6	-0.715
CENTS_p_TCGASNP_212_216_217_N_GenomeWideSNP_6_E04_1039430	7	112520901	126045556	8061	-9e-04
CENTS_p_TCGASNP_212_216_217_N_GenomeWideSNP_6_E04_1039430	7	126045651	126046543	8	-1.113
CENTS_p_TCGASNP_212_216_217_N_GenomeWideSNP_6_E04_1039430	7	126046600	133785309	4713	3e-04
CENTS_p_TCGASNP_212_216_217_N_GenomeWideSNP_6_E04_1039430	7	133785340	133799197	33	0.3745
CENTS_p_TCGASNP_212_216_217_N_GenomeWideSNP_6_E04_1039430	7	133806244	158117595	15656	0.0015
CENTS_p_TCGASNP_212_216_217_N_GenomeWideSNP_6_E04_1039430	7	158128588	158132165	2	1.546
CENTS_p_TCGASNP_212_216_217_N_GenomeWideSNP_6_E04_1039430	7	158136986	159127004	639	-0.0134
CENTS_p_TCGASNP_212_216_217_N_GenomeWideSNP_6_E04_1039430	8	31254	7171097	7830	0.0087
CENTS_p_TCGASNP_212_216_217_N_GenomeWideSNP_6_E04_1039430	8	7186632	7744064	139	-0.2373
CENTS_p_TCGASNP_212_216_217_N_GenomeWideSNP_6_E04_1039430	8	7745979	7747699	4	1.0644
CENTS_p_TCGASNP_212_216_217_N_GenomeWideSNP_6_E04_1039430	8	7752048	9492229	1430	-0.0176
CENTS_p_TCGASNP_212_216_217_N_GenomeWideSNP_6_E04_1039430	8	9501668	9502336	14	-0.4905
CENTS_p_TCGASNP_212_216_217_N_GenomeWideSNP_6_E04_1039430	8	9502463	11949551	1882	0.011
CENTS_p_TCGASNP_212_216_217_N_GenomeWideSNP_6_E04_1039430	8	11987726	12001123	6	-0.921
CENTS_p_TCGASNP_212_216_217_N_GenomeWideSNP_6_E04_1039430	8	12034307	12232281	12	0.1354
CENTS_p_TCGASNP_212_216_217_N_GenomeWideSNP_6_E04_1039430	8	12232416	12241813	18	0.605
CENTS_p_TCGASNP_212_216_217_N_GenomeWideSNP_6_E04_1039430	8	12241976	36072902	17876	0.0019
CENTS_p_TCGASNP_212_216_217_N_GenomeWideSNP_6_E04_1039430	8	36077059	36078341	4	-0.9804
CENTS_p_TCGASNP_212_216_217_N_GenomeWideSNP_6_E04_1039430	8	36079437	39230659	1704	-0.009
CENTS_p_TCGASNP_212_216_217_N_GenomeWideSNP_6_E04_1039430	8	39235603	39388299	60	0.666
CENTS_p_TCGASNP_212_216_217_N_GenomeWideSNP_6_E04_1039430	8	39388779	40771996	1074	-0.002
CENTS_p_TCGASNP_212_216_217_N_GenomeWideSNP_6_E04_1039430	8	40777852	40778471	2	-2.0319
CENTS_p_TCGASNP_212_216_217_N_GenomeWideSNP_6_E04_1039430	8	40783680	72212365	16845	0.0031
CENTS_p_TCGASNP_212_216_217_N_GenomeWideSNP_6_E04_1039430	8	72215311	72216599	9	-2.1447
CENTS_p_TCGASNP_212_216_217_N_GenomeWideSNP_6_E04_1039430	8	72219863	73863745	1209	0.0012
CENTS_p_TCGASNP_212_216_217_N_GenomeWideSNP_6_E04_1039430	8	73867896	73870170	2	-1.3373
CENTS_p_TCGASNP_212_216_217_N_GenomeWideSNP_6_E04_1039430	8	73872063	112291352	22928	1e-04
CENTS_p_TCGASNP_212_216_217_N_GenomeWideSNP_6_E04_1039430	8	112291494	112295260	11	0.4371
CENTS_p_TCGASNP_212_216_217_N_GenomeWideSNP_6_E04_1039430	8	112300281	129756266	11674	0.0038
CENTS_p_TCGASNP_212_216_217_N_GenomeWideSNP_6_E04_1039430	8	129763135	129764085	2	-3.1784
CENTS_p_TCGASNP_212_216_217_N_GenomeWideSNP_6_E04_1039430	8	129777454	144594201	10716	0.0069
CENTS_p_TCGASNP_212_216_217_N_GenomeWideSNP_6_E04_1039430	8	144599009	144599311	3	-1.3295
CENTS_p_TCGASNP_212_216_217_N_GenomeWideSNP_6_E04_1039430	8	144602697	144705157	31	-0.0112
CENTS_p_TCGASNP_212_216_217_N_GenomeWideSNP_6_E04_1039430	8	144705197	144707808	8	-1.6608
CENTS_p_TCGASNP_212_216_217_N_GenomeWideSNP_6_E04_1039430	8	144718989	146298155	506	-3e-04
CENTS_p_TCGASNP_212_216_217_N_GenomeWideSNP_6_E04_1039430	9	46587	3919377	3936	0.0012
CENTS_p_TCGASNP_212_216_217_N_GenomeWideSNP_6_E04_1039430	9	3924375	3924565	2	-1.1725
CENTS_p_TCGASNP_212_216_217_N_GenomeWideSNP_6_E04_1039430	9	3930251	23361805	16533	-0.0011
CENTS_p_TCGASNP_212_216_217_N_GenomeWideSNP_6_E04_1039430	9	23363115	23373484	8	-2.1314
CENTS_p_TCGASNP_212_216_217_N_GenomeWideSNP_6_E04_1039430	9	23378488	27041676	2619	0.012
CENTS_p_TCGASNP_212_216_217_N_GenomeWideSNP_6_E04_1039430	9	27044057	27045539	2	-1.0656
CENTS_p_TCGASNP_212_216_217_N_GenomeWideSNP_6_E04_1039430	9	27047246	28044704	930	0.0036
CENTS_p_TCGASNP_212_216_217_N_GenomeWideSNP_6_E04_1039430	9	28047588	28050691	5	-1.1472
CENTS_p_TCGASNP_212_216_217_N_GenomeWideSNP_6_E04_1039430	9	28055603	43187967	7368	0.005
CENTS_p_TCGASNP_212_216_217_N_GenomeWideSNP_6_E04_1039430	9	43315670	43689899	27	0.3886
CENTS_p_TCGASNP_212_216_217_N_GenomeWideSNP_6_E04_1039430	9	43700878	68183981	254	-0.0188
CENTS_p_TCGASNP_212_216_217_N_GenomeWideSNP_6_E04_1039430	9	68186051	68188547	8	0.7897
CENTS_p_TCGASNP_212_216_217_N_GenomeWideSNP_6_E04_1039430	9	68209916	141091394	48276	0.0015
CENTS_p_TCGASNP_212_216_217_N_GenomeWideSNP_6_E04_1039430	10	72759	1442709	827	0.0077
CENTS_p_TCGASNP_212_216_217_N_GenomeWideSNP_6_E04_1039430	10	1443080	1443096	2	-1.43
CENTS_p_TCGASNP_212_216_217_N_GenomeWideSNP_6_E04_1039430	10	1443161	24375263	18424	0.002
CENTS_p_TCGASNP_212_216_217_N_GenomeWideSNP_6_E04_1039430	10	24377674	24379039	15	0.4186
CENTS_p_TCGASNP_212_216_217_N_GenomeWideSNP_6_E04_1039430	10	24380660	47771030	12696	0.0037
CENTS_p_TCGASNP_212_216_217_N_GenomeWideSNP_6_E04_1039430	10	47897394	47913401	3	-1.4455
CENTS_p_TCGASNP_212_216_217_N_GenomeWideSNP_6_E04_1039430	10	47948060	48736766	291	0.0254
CENTS_p_TCGASNP_212_216_217_N_GenomeWideSNP_6_E04_1039430	10	48771950	49292533	27	-0.3199
CENTS_p_TCGASNP_212_216_217_N_GenomeWideSNP_6_E04_1039430	10	49322868	58461356	6263	0.0038
CENTS_p_TCGASNP_212_216_217_N_GenomeWideSNP_6_E04_1039430	10	58464288	58464426	3	-0.9673
CENTS_p_TCGASNP_212_216_217_N_GenomeWideSNP_6_E04_1039430	10	58465634	59203049	650	0.0137
CENTS_p_TCGASNP_212_216_217_N_GenomeWideSNP_6_E04_1039430	10	59210505	59210773	4	-0.9374
CENTS_p_TCGASNP_212_216_217_N_GenomeWideSNP_6_E04_1039430	10	59218495	67305085	5558	0.0051
CENTS_p_TCGASNP_212_216_217_N_GenomeWideSNP_6_E04_1039430	10	67305111	67314430	31	-0.5303
CENTS_p_TCGASNP_212_216_217_N_GenomeWideSNP_6_E04_1039430	10	67314446	81462017	9266	0.004
CENTS_p_TCGASNP_212_216_217_N_GenomeWideSNP_6_E04_1039430	10	81497471	81597140	22	-0.7421
CENTS_p_TCGASNP_212_216_217_N_GenomeWideSNP_6_E04_1039430	10	81597779	90938673	6586	3e-04
CENTS_p_TCGASNP_212_216_217_N_GenomeWideSNP_6_E04_1039430	10	90942967	90947909	9	-0.961
CENTS_p_TCGASNP_212_216_217_N_GenomeWideSNP_6_E04_1039430	10	90947968	117315484	17132	0.0029
CENTS_p_TCGASNP_212_216_217_N_GenomeWideSNP_6_E04_1039430	10	117319158	117332635	8	-1.1086
CENTS_p_TCGASNP_212_216_217_N_GenomeWideSNP_6_E04_1039430	10	117334120	135506704	13315	0.0052
CENTS_p_TCGASNP_212_216_217_N_GenomeWideSNP_6_E04_1039430	11	198510	4967396	2476	-0.0021
CENTS_p_TCGASNP_212_216_217_N_GenomeWideSNP_6_E04_1039430	11	4967650	4975705	30	-0.3592
CENTS_p_TCGASNP_212_216_217_N_GenomeWideSNP_6_E04_1039430	11	4976257	5789741	804	-0.0112
CENTS_p_TCGASNP_212_216_217_N_GenomeWideSNP_6_E04_1039430	11	5789869	5812360	30	0.5562
CENTS_p_TCGASNP_212_216_217_N_GenomeWideSNP_6_E04_1039430	11	5816186	6104817	236	-0.0073
CENTS_p_TCGASNP_212_216_217_N_GenomeWideSNP_6_E04_1039430	11	6104831	6122094	10	-1.0062
CENTS_p_TCGASNP_212_216_217_N_GenomeWideSNP_6_E04_1039430	11	6122503	18951037	9193	-3e-04
CENTS_p_TCGASNP_212_216_217_N_GenomeWideSNP_6_E04_1039430	11	18951137	18960115	23	-0.2913
CENTS_p_TCGASNP_212_216_217_N_GenomeWideSNP_6_E04_1039430	11	18960750	49758987	21114	0.0027
CENTS_p_TCGASNP_212_216_217_N_GenomeWideSNP_6_E04_1039430	11	49759555	49760688	6	-0.9849
CENTS_p_TCGASNP_212_216_217_N_GenomeWideSNP_6_E04_1039430	11	49766161	55376261	758	0.0062
CENTS_p_TCGASNP_212_216_217_N_GenomeWideSNP_6_E04_1039430	11	55376280	55463007	56	-0.477
CENTS_p_TCGASNP_212_216_217_N_GenomeWideSNP_6_E04_1039430	11	55463154	134626887	52199	0.0036
CENTS_p_TCGASNP_212_216_217_N_GenomeWideSNP_6_E04_1039430	11	134631823	134645357	19	-0.7923
CENTS_p_TCGASNP_212_216_217_N_GenomeWideSNP_6_E04_1039430	11	134650877	134944770	219	0.0417
CENTS_p_TCGASNP_212_216_217_N_GenomeWideSNP_6_E04_1039430	12	150442	423827	162	0.0388
CENTS_p_TCGASNP_212_216_217_N_GenomeWideSNP_6_E04_1039430	12	425192	425502	2	-1.0096
CENTS_p_TCGASNP_212_216_217_N_GenomeWideSNP_6_E04_1039430	12	425541	8357507	5391	-0.0014
CENTS_p_TCGASNP_212_216_217_N_GenomeWideSNP_6_E04_1039430	12	8362050	8393828	12	0.4218
CENTS_p_TCGASNP_212_216_217_N_GenomeWideSNP_6_E04_1039430	12	8394377	11512492	1857	-1e-04
CENTS_p_TCGASNP_212_216_217_N_GenomeWideSNP_6_E04_1039430	12	11512531	11543406	29	0.5599
CENTS_p_TCGASNP_212_216_217_N_GenomeWideSNP_6_E04_1039430	12	11552192	28094763	11579	-0.0019
CENTS_p_TCGASNP_212_216_217_N_GenomeWideSNP_6_E04_1039430	12	28094921	28097644	12	-0.8034
CENTS_p_TCGASNP_212_216_217_N_GenomeWideSNP_6_E04_1039430	12	28103460	33386757	3912	-0.0023
CENTS_p_TCGASNP_212_216_217_N_GenomeWideSNP_6_E04_1039430	12	33388829	33395418	5	-1.9972
CENTS_p_TCGASNP_212_216_217_N_GenomeWideSNP_6_E04_1039430	12	33399053	132120715	61553	0.0013
CENTS_p_TCGASNP_212_216_217_N_GenomeWideSNP_6_E04_1039430	12	132132584	132133335	13	0.4911
CENTS_p_TCGASNP_212_216_217_N_GenomeWideSNP_6_E04_1039430	12	132142331	133778189	572	-0.0038
CENTS_p_TCGASNP_212_216_217_N_GenomeWideSNP_6_E04_1039430	13	19026949	20892398	951	-0.0104
CENTS_p_TCGASNP_212_216_217_N_GenomeWideSNP_6_E04_1039430	13	20892604	20892689	2	-1.3041
CENTS_p_TCGASNP_212_216_217_N_GenomeWideSNP_6_E04_1039430	13	20893431	32532121	8696	7e-04
CENTS_p_TCGASNP_212_216_217_N_GenomeWideSNP_6_E04_1039430	13	32532622	32538423	18	-0.8845
CENTS_p_TCGASNP_212_216_217_N_GenomeWideSNP_6_E04_1039430	13	32540047	57671886	16432	0.0011
CENTS_p_TCGASNP_212_216_217_N_GenomeWideSNP_6_E04_1039430	13	57673811	57673830	2	-1.6761
CENTS_p_TCGASNP_212_216_217_N_GenomeWideSNP_6_E04_1039430	13	57676364	71415698	8448	0.008
CENTS_p_TCGASNP_212_216_217_N_GenomeWideSNP_6_E04_1039430	13	71416511	71430585	6	-0.95
CENTS_p_TCGASNP_212_216_217_N_GenomeWideSNP_6_E04_1039430	13	71432746	115108397	29777	0.0043
CENTS_p_TCGASNP_212_216_217_N_GenomeWideSNP_6_E04_1039430	14	19002124	20157843	81	0.002
CENTS_p_TCGASNP_212_216_217_N_GenomeWideSNP_6_E04_1039430	14	20200183	20418957	104	-0.3286
CENTS_p_TCGASNP_212_216_217_N_GenomeWideSNP_6_E04_1039430	14	20420239	41608358	13652	-0.0031
CENTS_p_TCGASNP_212_216_217_N_GenomeWideSNP_6_E04_1039430	14	41610496	41657349	15	-0.5569
CENTS_p_TCGASNP_212_216_217_N_GenomeWideSNP_6_E04_1039430	14	41670102	73995774	20493	0.0011
CENTS_p_TCGASNP_212_216_217_N_GenomeWideSNP_6_E04_1039430	14	74001123	74020979	9	-0.8557
CENTS_p_TCGASNP_212_216_217_N_GenomeWideSNP_6_E04_1039430	14	74029900	88529064	9641	9e-04
CENTS_p_TCGASNP_212_216_217_N_GenomeWideSNP_6_E04_1039430	14	88529591	88530429	3	0.9831
CENTS_p_TCGASNP_212_216_217_N_GenomeWideSNP_6_E04_1039430	14	88530823	92865255	2716	-9e-04
CENTS_p_TCGASNP_212_216_217_N_GenomeWideSNP_6_E04_1039430	14	92868361	92869643	4	-1.2662
CENTS_p_TCGASNP_212_216_217_N_GenomeWideSNP_6_E04_1039430	14	92870130	106535295	8463	-0.0032
CENTS_p_TCGASNP_212_216_217_N_GenomeWideSNP_6_E04_1039430	14	106538062	106553186	10	0.7185
CENTS_p_TCGASNP_212_216_217_N_GenomeWideSNP_6_E04_1039430	14	106555921	106715489	70	-0.0493
CENTS_p_TCGASNP_212_216_217_N_GenomeWideSNP_6_E04_1039430	14	106717356	106727469	8	1.0302
CENTS_p_TCGASNP_212_216_217_N_GenomeWideSNP_6_E04_1039430	14	106728162	107285437	343	0.0213
CENTS_p_TCGASNP_212_216_217_N_GenomeWideSNP_6_E04_1039430	15	20016328	24669745	1428	0.0129
CENTS_p_TCGASNP_212_216_217_N_GenomeWideSNP_6_E04_1039430	15	24674751	24725293	41	-0.5307
CENTS_p_TCGASNP_212_216_217_N_GenomeWideSNP_6_E04_1039430	15	24727231	30545030	3672	0.0023
CENTS_p_TCGASNP_212_216_217_N_GenomeWideSNP_6_E04_1039430	15	30545493	30561567	6	0.8178
CENTS_p_TCGASNP_212_216_217_N_GenomeWideSNP_6_E04_1039430	15	30562770	32509892	1129	-0.0016
CENTS_p_TCGASNP_212_216_217_N_GenomeWideSNP_6_E04_1039430	15	32510092	32533091	9	-1.1684
CENTS_p_TCGASNP_212_216_217_N_GenomeWideSNP_6_E04_1039430	15	32539537	55827709	14731	0.001
CENTS_p_TCGASNP_212_216_217_N_GenomeWideSNP_6_E04_1039430	15	55828549	55829111	2	-1.9482
CENTS_p_TCGASNP_212_216_217_N_GenomeWideSNP_6_E04_1039430	15	55832430	56789647	567	0.0101
CENTS_p_TCGASNP_212_216_217_N_GenomeWideSNP_6_E04_1039430	15	56790703	56800977	25	-1.744
CENTS_p_TCGASNP_212_216_217_N_GenomeWideSNP_6_E04_1039430	15	56801623	69329815	8510	-0.0038
CENTS_p_TCGASNP_212_216_217_N_GenomeWideSNP_6_E04_1039430	15	69331285	69331360	2	1.5705
CENTS_p_TCGASNP_212_216_217_N_GenomeWideSNP_6_E04_1039430	15	69337675	76878362	4252	-9e-04
CENTS_p_TCGASNP_212_216_217_N_GenomeWideSNP_6_E04_1039430	15	76891241	76895775	22	0.4887
CENTS_p_TCGASNP_212_216_217_N_GenomeWideSNP_6_E04_1039430	15	76902179	102469040	17691	0.0036
CENTS_p_TCGASNP_212_216_217_N_GenomeWideSNP_6_E04_1039430	16	60777	5607890	2629	-0.0062
CENTS_p_TCGASNP_212_216_217_N_GenomeWideSNP_6_E04_1039430	16	5608089	5608151	2	-1.2541
CENTS_p_TCGASNP_212_216_217_N_GenomeWideSNP_6_E04_1039430	16	5608337	7034382	1736	0.004
CENTS_p_TCGASNP_212_216_217_N_GenomeWideSNP_6_E04_1039430	16	7035041	7035162	3	-1.2191
CENTS_p_TCGASNP_212_216_217_N_GenomeWideSNP_6_E04_1039430	16	7036048	14989839	6769	0.0067
CENTS_p_TCGASNP_212_216_217_N_GenomeWideSNP_6_E04_1039430	16	15048768	15116257	63	-0.5169
CENTS_p_TCGASNP_212_216_217_N_GenomeWideSNP_6_E04_1039430	16	15125441	21379451	3264	-0.0053
CENTS_p_TCGASNP_212_216_217_N_GenomeWideSNP_6_E04_1039430	16	21389970	21593634	24	-0.8071
CENTS_p_TCGASNP_212_216_217_N_GenomeWideSNP_6_E04_1039430	16	21596313	22442020	364	-0.0199
CENTS_p_TCGASNP_212_216_217_N_GenomeWideSNP_6_E04_1039430	16	22557932	22710742	73	-0.8768
CENTS_p_TCGASNP_212_216_217_N_GenomeWideSNP_6_E04_1039430	16	22712979	32113692	5169	0.0025
CENTS_p_TCGASNP_212_216_217_N_GenomeWideSNP_6_E04_1039430	16	32124331	32643374	93	-1.0544
CENTS_p_TCGASNP_212_216_217_N_GenomeWideSNP_6_E04_1039430	16	32654953	32875797	31	-0.5782
CENTS_p_TCGASNP_212_216_217_N_GenomeWideSNP_6_E04_1039430	16	32878329	32916105	13	0.2605
CENTS_p_TCGASNP_212_216_217_N_GenomeWideSNP_6_E04_1039430	16	32950253	33730575	118	-0.5567
CENTS_p_TCGASNP_212_216_217_N_GenomeWideSNP_6_E04_1039430	16	33754991	33801983	8	-1.7479
CENTS_p_TCGASNP_212_216_217_N_GenomeWideSNP_6_E04_1039430	16	33811501	34708988	330	-0.0394
CENTS_p_TCGASNP_212_216_217_N_GenomeWideSNP_6_E04_1039430	16	34708990	34718558	7	-0.7691
CENTS_p_TCGASNP_212_216_217_N_GenomeWideSNP_6_E04_1039430	16	34719312	53455742	4603	0.0039
CENTS_p_TCGASNP_212_216_217_N_GenomeWideSNP_6_E04_1039430	16	53458017	53469807	4	0.8059
CENTS_p_TCGASNP_212_216_217_N_GenomeWideSNP_6_E04_1039430	16	53469929	55795214	2026	0.0022
CENTS_p_TCGASNP_212_216_217_N_GenomeWideSNP_6_E04_1039430	16	55796389	55822397	21	-0.5847
CENTS_p_TCGASNP_212_216_217_N_GenomeWideSNP_6_E04_1039430	16	55822444	76798472	12822	-3e-04
CENTS_p_TCGASNP_212_216_217_N_GenomeWideSNP_6_E04_1039430	16	76798509	76806428	3	-1.4808
CENTS_p_TCGASNP_212_216_217_N_GenomeWideSNP_6_E04_1039430	16	76808552	78371608	1611	-0.0069
CENTS_p_TCGASNP_212_216_217_N_GenomeWideSNP_6_E04_1039430	16	78372440	78384765	17	0.7336
CENTS_p_TCGASNP_212_216_217_N_GenomeWideSNP_6_E04_1039430	16	78385001	84855963	7117	0.0064
CENTS_p_TCGASNP_212_216_217_N_GenomeWideSNP_6_E04_1039430	16	84857552	84857679	2	-1.8515
CENTS_p_TCGASNP_212_216_217_N_GenomeWideSNP_6_E04_1039430	16	84864867	90287535	3531	0.0021
CENTS_p_TCGASNP_212_216_217_N_GenomeWideSNP_6_E04_1039430	17	526	11206875	6697	3e-04
CENTS_p_TCGASNP_212_216_217_N_GenomeWideSNP_6_E04_1039430	17	11207072	11207109	2	-1.4382
CENTS_p_TCGASNP_212_216_217_N_GenomeWideSNP_6_E04_1039430	17	11209538	34436708	11697	0.0048
CENTS_p_TCGASNP_212_216_217_N_GenomeWideSNP_6_E04_1039430	17	34437128	34821058	45	-0.3594
CENTS_p_TCGASNP_212_216_217_N_GenomeWideSNP_6_E04_1039430	17	34822416	39421708	2535	-0.0013
CENTS_p_TCGASNP_212_216_217_N_GenomeWideSNP_6_E04_1039430	17	39423014	39430450	23	-0.9152
CENTS_p_TCGASNP_212_216_217_N_GenomeWideSNP_6_E04_1039430	17	39430531	39438362	17	-0.1652
CENTS_p_TCGASNP_212_216_217_N_GenomeWideSNP_6_E04_1039430	17	39440901	44362363	2620	-0.0079
CENTS_p_TCGASNP_212_216_217_N_GenomeWideSNP_6_E04_1039430	17	44364170	44752300	49	-0.5924
CENTS_p_TCGASNP_212_216_217_N_GenomeWideSNP_6_E04_1039430	17	44764994	81049726	21624	0.0028
CENTS_p_TCGASNP_212_216_217_N_GenomeWideSNP_6_E04_1039430	18	11543	14592500	10211	-2e-04
CENTS_p_TCGASNP_212_216_217_N_GenomeWideSNP_6_E04_1039430	18	14593863	14604228	10	-0.7809
CENTS_p_TCGASNP_212_216_217_N_GenomeWideSNP_6_E04_1039430	18	14620707	63762300	30229	0.0016
CENTS_p_TCGASNP_212_216_217_N_GenomeWideSNP_6_E04_1039430	18	63767140	63767922	3	0.9117
CENTS_p_TCGASNP_212_216_217_N_GenomeWideSNP_6_E04_1039430	18	63775595	66444171	1957	-0.0038
CENTS_p_TCGASNP_212_216_217_N_GenomeWideSNP_6_E04_1039430	18	66444361	66444391	2	-1.0315
CENTS_p_TCGASNP_212_216_217_N_GenomeWideSNP_6_E04_1039430	18	66446067	66743345	211	0.0053
CENTS_p_TCGASNP_212_216_217_N_GenomeWideSNP_6_E04_1039430	18	66746106	66753326	38	-0.7474
CENTS_p_TCGASNP_212_216_217_N_GenomeWideSNP_6_E04_1039430	18	66757696	78015057	8179	0.0026
CENTS_p_TCGASNP_212_216_217_N_GenomeWideSNP_6_E04_1039430	19	90910	12160677	4790	3e-04
CENTS_p_TCGASNP_212_216_217_N_GenomeWideSNP_6_E04_1039430	19	12165770	12169258	4	-0.872
CENTS_p_TCGASNP_212_216_217_N_GenomeWideSNP_6_E04_1039430	19	12182249	15038939	1339	-0.0109
CENTS_p_TCGASNP_212_216_217_N_GenomeWideSNP_6_E04_1039430	19	15045192	15049299	3	-1.3051
CENTS_p_TCGASNP_212_216_217_N_GenomeWideSNP_6_E04_1039430	19	15051287	20594676	2850	-3e-04
CENTS_p_TCGASNP_212_216_217_N_GenomeWideSNP_6_E04_1039430	19	20596206	20716389	70	-0.7373
CENTS_p_TCGASNP_212_216_217_N_GenomeWideSNP_6_E04_1039430	19	20720881	21814919	626	-0.0015
CENTS_p_TCGASNP_212_216_217_N_GenomeWideSNP_6_E04_1039430	19	21815640	21819869	2	-1.1883
CENTS_p_TCGASNP_212_216_217_N_GenomeWideSNP_6_E04_1039430	19	21820111	35855449	7147	0.0061
CENTS_p_TCGASNP_212_216_217_N_GenomeWideSNP_6_E04_1039430	19	35856043	35861170	15	-0.5077
CENTS_p_TCGASNP_212_216_217_N_GenomeWideSNP_6_E04_1039430	19	35861649	44905905	4699	0.0053
CENTS_p_TCGASNP_212_216_217_N_GenomeWideSNP_6_E04_1039430	19	44906524	44906547	2	-1.4951
CENTS_p_TCGASNP_212_216_217_N_GenomeWideSNP_6_E04_1039430	19	44906619	52131813	3417	0.0042
CENTS_p_TCGASNP_212_216_217_N_GenomeWideSNP_6_E04_1039430	19	52142352	52142615	2	-1.494
CENTS_p_TCGASNP_212_216_217_N_GenomeWideSNP_6_E04_1039430	19	52142930	53327970	806	-0.0053
CENTS_p_TCGASNP_212_216_217_N_GenomeWideSNP_6_E04_1039430	19	53328026	53353669	44	0.393
CENTS_p_TCGASNP_212_216_217_N_GenomeWideSNP_6_E04_1039430	19	53357185	55617408	1405	0.0035
CENTS_p_TCGASNP_212_216_217_N_GenomeWideSNP_6_E04_1039430	19	55619460	55622741	3	-1.0163
CENTS_p_TCGASNP_212_216_217_N_GenomeWideSNP_6_E04_1039430	19	55622921	59097854	2138	9e-04
CENTS_p_TCGASNP_212_216_217_N_GenomeWideSNP_6_E04_1039430	20	61305	45776986	30145	-4e-04
CENTS_p_TCGASNP_212_216_217_N_GenomeWideSNP_6_E04_1039430	20	45780106	45789953	14	-0.7503
CENTS_p_TCGASNP_212_216_217_N_GenomeWideSNP_6_E04_1039430	20	45790749	48782534	1959	0.0106
CENTS_p_TCGASNP_212_216_217_N_GenomeWideSNP_6_E04_1039430	20	48791719	48792793	2	-1.2969
CENTS_p_TCGASNP_212_216_217_N_GenomeWideSNP_6_E04_1039430	20	48794917	62956153	10384	0.0034
CENTS_p_TCGASNP_212_216_217_N_GenomeWideSNP_6_E04_1039430	21	10736871	10954126	37	0.339
CENTS_p_TCGASNP_212_216_217_N_GenomeWideSNP_6_E04_1039430	21	10954181	46924193	23687	0.0024
CENTS_p_TCGASNP_212_216_217_N_GenomeWideSNP_6_E04_1039430	21	46926551	46931460	4	0.9289
CENTS_p_TCGASNP_212_216_217_N_GenomeWideSNP_6_E04_1039430	21	46933467	48096957	687	0.0071
CENTS_p_TCGASNP_212_216_217_N_GenomeWideSNP_6_E04_1039430	22	16052528	16394605	50	0.0298
CENTS_p_TCGASNP_212_216_217_N_GenomeWideSNP_6_E04_1039430	22	16394617	16395162	2	1.41
CENTS_p_TCGASNP_212_216_217_N_GenomeWideSNP_6_E04_1039430	22	16399132	18748440	1166	0.0107
CENTS_p_TCGASNP_212_216_217_N_GenomeWideSNP_6_E04_1039430	22	18748454	18876428	9	-0.6062
CENTS_p_TCGASNP_212_216_217_N_GenomeWideSNP_6_E04_1039430	22	18876713	21465672	1626	0.0142
CENTS_p_TCGASNP_212_216_217_N_GenomeWideSNP_6_E04_1039430	22	21465835	21611349	8	-0.7863
CENTS_p_TCGASNP_212_216_217_N_GenomeWideSNP_6_E04_1039430	22	21708030	23953966	1530	0.0036
CENTS_p_TCGASNP_212_216_217_N_GenomeWideSNP_6_E04_1039430	22	23953980	23953995	2	1.1194
CENTS_p_TCGASNP_212_216_217_N_GenomeWideSNP_6_E04_1039430	22	23954037	24271745	198	0.018
CENTS_p_TCGASNP_212_216_217_N_GenomeWideSNP_6_E04_1039430	22	24283016	24332933	30	-0.5317
CENTS_p_TCGASNP_212_216_217_N_GenomeWideSNP_6_E04_1039430	22	24337307	24344422	3	-0.1124
CENTS_p_TCGASNP_212_216_217_N_GenomeWideSNP_6_E04_1039430	22	24350529	24396814	19	0.6299
CENTS_p_TCGASNP_212_216_217_N_GenomeWideSNP_6_E04_1039430	22	24401529	25661698	822	-0.0168
CENTS_p_TCGASNP_212_216_217_N_GenomeWideSNP_6_E04_1039430	22	25663985	25706918	22	-0.8062
CENTS_p_TCGASNP_212_216_217_N_GenomeWideSNP_6_E04_1039430	22	25711857	25718640	4	0.2038
CENTS_p_TCGASNP_212_216_217_N_GenomeWideSNP_6_E04_1039430	22	25718830	25918709	267	-0.8195
CENTS_p_TCGASNP_212_216_217_N_GenomeWideSNP_6_E04_1039430	22	25922342	28130130	2255	0.0092
CENTS_p_TCGASNP_212_216_217_N_GenomeWideSNP_6_E04_1039430	22	28130759	28131706	2	-1.1387
CENTS_p_TCGASNP_212_216_217_N_GenomeWideSNP_6_E04_1039430	22	28133974	39363619	7507	0.0048
CENTS_p_TCGASNP_212_216_217_N_GenomeWideSNP_6_E04_1039430	22	39363684	39375307	23	-0.5384
CENTS_p_TCGASNP_212_216_217_N_GenomeWideSNP_6_E04_1039430	22	39389628	51234455	8029	0.0082
CENTS_p_TCGASNP_212_216_217_N_GenomeWideSNP_6_E04_1039430	X	168477	24013320	14696	-0.0034
CENTS_p_TCGASNP_212_216_217_N_GenomeWideSNP_6_E04_1039430	X	24018058	24021714	5	-1.2576
CENTS_p_TCGASNP_212_216_217_N_GenomeWideSNP_6_E04_1039430	X	24027083	155182354	69914	0.0033
CENTS_p_TCGASNP_212_216_217_N_GenomeWideSNP_6_E04_1039430	Y	2650438	6110498	873	-2.5619
CENTS_p_TCGASNP_212_216_217_N_GenomeWideSNP_6_E04_1039430	Y	6112554	6424299	126	-3.6776
CENTS_p_TCGASNP_212_216_217_N_GenomeWideSNP_6_E04_1039430	Y	6426233	7350046	402	-2.8528
CENTS_p_TCGASNP_212_216_217_N_GenomeWideSNP_6_E04_1039430	Y	7350390	9823373	1244	-3.1982
CENTS_p_TCGASNP_212_216_217_N_GenomeWideSNP_6_E04_1039430	Y	9826040	15590276	933	-2.943
CENTS_p_TCGASNP_212_216_217_N_GenomeWideSNP_6_E04_1039430	Y	15590342	15594523	3	-7.4645
CENTS_p_TCGASNP_212_216_217_N_GenomeWideSNP_6_E04_1039430	Y	15594889	19170442	1884	-3.0878
CENTS_p_TCGASNP_212_216_217_N_GenomeWideSNP_6_E04_1039430	Y	19179335	19179540	3	-7.6029
CENTS_p_TCGASNP_212_216_217_N_GenomeWideSNP_6_E04_1039430	Y	19182271	19291359	50	-3.5555
CENTS_p_TCGASNP_212_216_217_N_GenomeWideSNP_6_E04_1039430	Y	19291648	19574890	146	-3.0107
CENTS_p_TCGASNP_212_216_217_N_GenomeWideSNP_6_E04_1039430	Y	19576544	21088297	703	-3.5829
CENTS_p_TCGASNP_212_216_217_N_GenomeWideSNP_6_E04_1039430	Y	21088485	24514859	1244	-3.1232
CENTS_p_TCGASNP_212_216_217_N_GenomeWideSNP_6_E04_1039430	Y	24515802	26218232	322	-3.6005
CENTS_p_TCGASNP_212_216_217_N_GenomeWideSNP_6_E04_1039430	Y	26222820	26630929	90	-2.8757
CENTS_p_TCGASNP_212_216_217_N_GenomeWideSNP_6_E04_1039430	Y	26631228	27436702	86	-3.942
CENTS_p_TCGASNP_212_216_217_N_GenomeWideSNP_6_E04_1039430	Y	27444915	27720551	91	-2.7056
CENTS_p_TCGASNP_212_216_217_N_GenomeWideSNP_6_E04_1039430	Y	27721084	28423938	251	-3.6237
CENTS_p_TCGASNP_212_216_217_N_GenomeWideSNP_6_E04_1039430	Y	28438116	28651301	103	-2.9152
CENTS_p_TCGASNP_212_216_217_N_GenomeWideSNP_6_E04_1039430	Y	28651993	59018259	79	-2.5157
