Sample	Chromosome	Start	End	Num_Probes	Segment_Mean
CENTS_p_TCGASNP_212_216_217_N_GenomeWideSNP_6_C03_1039448	1	61735	86341	15	0.4985
CENTS_p_TCGASNP_212_216_217_N_GenomeWideSNP_6_C03_1039448	1	98588	8192626	4051	-0.2042
CENTS_p_TCGASNP_212_216_217_N_GenomeWideSNP_6_C03_1039448	1	8192925	8244353	27	-0.6138
CENTS_p_TCGASNP_212_216_217_N_GenomeWideSNP_6_C03_1039448	1	8249988	9540324	736	-0.2105
CENTS_p_TCGASNP_212_216_217_N_GenomeWideSNP_6_C03_1039448	1	9546955	12841928	1694	-0.5466
CENTS_p_TCGASNP_212_216_217_N_GenomeWideSNP_6_C03_1039448	1	12845863	13724101	89	-0.1288
CENTS_p_TCGASNP_212_216_217_N_GenomeWideSNP_6_C03_1039448	1	13733412	31385321	10473	-0.5432
CENTS_p_TCGASNP_212_216_217_N_GenomeWideSNP_6_C03_1039448	1	31396170	40963304	5229	0.0731
CENTS_p_TCGASNP_212_216_217_N_GenomeWideSNP_6_C03_1039448	1	40966183	40969664	6	-1.2353
CENTS_p_TCGASNP_212_216_217_N_GenomeWideSNP_6_C03_1039448	1	40974799	63403861	14199	0.0951
CENTS_p_TCGASNP_212_216_217_N_GenomeWideSNP_6_C03_1039448	1	63403913	63404702	2	-1.4497
CENTS_p_TCGASNP_212_216_217_N_GenomeWideSNP_6_C03_1039448	1	63405794	71458973	5743	0.0889
CENTS_p_TCGASNP_212_216_217_N_GenomeWideSNP_6_C03_1039448	1	71468493	71468537	2	-1.038
CENTS_p_TCGASNP_212_216_217_N_GenomeWideSNP_6_C03_1039448	1	71471750	72768498	762	0.1011
CENTS_p_TCGASNP_212_216_217_N_GenomeWideSNP_6_C03_1039448	1	72768916	72811148	46	-1.4009
CENTS_p_TCGASNP_212_216_217_N_GenomeWideSNP_6_C03_1039448	1	72811904	79079566	3942	0.0918
CENTS_p_TCGASNP_212_216_217_N_GenomeWideSNP_6_C03_1039448	1	79079625	81326992	1426	-0.1878
CENTS_p_TCGASNP_212_216_217_N_GenomeWideSNP_6_C03_1039448	1	81329765	81330975	3	-1.8967
CENTS_p_TCGASNP_212_216_217_N_GenomeWideSNP_6_C03_1039448	1	81331397	86773046	3810	-0.1782
CENTS_p_TCGASNP_212_216_217_N_GenomeWideSNP_6_C03_1039448	1	86776822	86778266	2	-1.4236
CENTS_p_TCGASNP_212_216_217_N_GenomeWideSNP_6_C03_1039448	1	86780082	86905563	60	-0.1933
CENTS_p_TCGASNP_212_216_217_N_GenomeWideSNP_6_C03_1039448	1	86905914	87535253	340	0.0776
CENTS_p_TCGASNP_212_216_217_N_GenomeWideSNP_6_C03_1039448	1	87540695	88535237	789	0.6247
CENTS_p_TCGASNP_212_216_217_N_GenomeWideSNP_6_C03_1039448	1	88535860	91856072	2107	0.3426
CENTS_p_TCGASNP_212_216_217_N_GenomeWideSNP_6_C03_1039448	1	91856111	95317344	2183	-0.1774
CENTS_p_TCGASNP_212_216_217_N_GenomeWideSNP_6_C03_1039448	1	95321097	96248530	627	0.1189
CENTS_p_TCGASNP_212_216_217_N_GenomeWideSNP_6_C03_1039448	1	96248941	104113539	4777	-0.1634
CENTS_p_TCGASNP_212_216_217_N_GenomeWideSNP_6_C03_1039448	1	104116349	104268222	48	-0.5787
CENTS_p_TCGASNP_212_216_217_N_GenomeWideSNP_6_C03_1039448	1	104303403	108910745	2954	-0.1425
CENTS_p_TCGASNP_212_216_217_N_GenomeWideSNP_6_C03_1039448	1	108928460	108986197	11	-0.8301
CENTS_p_TCGASNP_212_216_217_N_GenomeWideSNP_6_C03_1039448	1	109013908	110226004	630	-0.1281
CENTS_p_TCGASNP_212_216_217_N_GenomeWideSNP_6_C03_1039448	1	110226140	110240155	25	0.2176
CENTS_p_TCGASNP_212_216_217_N_GenomeWideSNP_6_C03_1039448	1	110240178	111377368	843	-0.1217
CENTS_p_TCGASNP_212_216_217_N_GenomeWideSNP_6_C03_1039448	1	111377565	111383954	35	-0.7531
CENTS_p_TCGASNP_212_216_217_N_GenomeWideSNP_6_C03_1039448	1	111383972	112312154	713	-0.1437
CENTS_p_TCGASNP_212_216_217_N_GenomeWideSNP_6_C03_1039448	1	112312211	112312551	3	0.7986
CENTS_p_TCGASNP_212_216_217_N_GenomeWideSNP_6_C03_1039448	1	112313078	112690326	364	-0.1544
CENTS_p_TCGASNP_212_216_217_N_GenomeWideSNP_6_C03_1039448	1	112695965	112697390	25	-0.8129
CENTS_p_TCGASNP_212_216_217_N_GenomeWideSNP_6_C03_1039448	1	112705956	120102884	4723	-0.1241
CENTS_p_TCGASNP_212_216_217_N_GenomeWideSNP_6_C03_1039448	1	120108137	120150683	57	-0.8778
CENTS_p_TCGASNP_212_216_217_N_GenomeWideSNP_6_C03_1039448	1	120150949	121303958	389	-0.1206
CENTS_p_TCGASNP_212_216_217_N_GenomeWideSNP_6_C03_1039448	1	121304304	149024808	1207	0.0903
CENTS_p_TCGASNP_212_216_217_N_GenomeWideSNP_6_C03_1039448	1	149036524	149422459	160	-0.5316
CENTS_p_TCGASNP_212_216_217_N_GenomeWideSNP_6_C03_1039448	1	149422617	152762008	1711	0.0797
CENTS_p_TCGASNP_212_216_217_N_GenomeWideSNP_6_C03_1039448	1	152762046	152763040	15	0.4701
CENTS_p_TCGASNP_212_216_217_N_GenomeWideSNP_6_C03_1039448	1	152763069	155655348	1575	0.0847
CENTS_p_TCGASNP_212_216_217_N_GenomeWideSNP_6_C03_1039448	1	155656969	155663357	4	-0.8901
CENTS_p_TCGASNP_212_216_217_N_GenomeWideSNP_6_C03_1039448	1	155666961	166552201	7722	0.0925
CENTS_p_TCGASNP_212_216_217_N_GenomeWideSNP_6_C03_1039448	1	166552269	166552760	4	-1.1594
CENTS_p_TCGASNP_212_216_217_N_GenomeWideSNP_6_C03_1039448	1	166553095	169216937	2052	0.089
CENTS_p_TCGASNP_212_216_217_N_GenomeWideSNP_6_C03_1039448	1	169233974	169241766	7	0.7255
CENTS_p_TCGASNP_212_216_217_N_GenomeWideSNP_6_C03_1039448	1	169242401	179323738	6623	0.1047
CENTS_p_TCGASNP_212_216_217_N_GenomeWideSNP_6_C03_1039448	1	179330528	179333315	4	-0.8641
CENTS_p_TCGASNP_212_216_217_N_GenomeWideSNP_6_C03_1039448	1	179339206	196714873	11580	0.11
CENTS_p_TCGASNP_212_216_217_N_GenomeWideSNP_6_C03_1039448	1	196727850	196758159	39	-2.1207
CENTS_p_TCGASNP_212_216_217_N_GenomeWideSNP_6_C03_1039448	1	196759274	196798643	33	-0.7296
CENTS_p_TCGASNP_212_216_217_N_GenomeWideSNP_6_C03_1039448	1	196798664	196801655	15	-1.8819
CENTS_p_TCGASNP_212_216_217_N_GenomeWideSNP_6_C03_1039448	1	196801784	196815791	9	-0.3538
CENTS_p_TCGASNP_212_216_217_N_GenomeWideSNP_6_C03_1039448	1	196816730	198290062	814	0.1064
CENTS_p_TCGASNP_212_216_217_N_GenomeWideSNP_6_C03_1039448	1	198291935	198292201	2	-0.9062
CENTS_p_TCGASNP_212_216_217_N_GenomeWideSNP_6_C03_1039448	1	198297850	199107702	564	0.1015
CENTS_p_TCGASNP_212_216_217_N_GenomeWideSNP_6_C03_1039448	1	199111363	199113011	8	-0.6638
CENTS_p_TCGASNP_212_216_217_N_GenomeWideSNP_6_C03_1039448	1	199113840	210071062	7436	0.1159
CENTS_p_TCGASNP_212_216_217_N_GenomeWideSNP_6_C03_1039448	1	210081613	210086552	4	1.133
CENTS_p_TCGASNP_212_216_217_N_GenomeWideSNP_6_C03_1039448	1	210093494	249224388	27136	0.121
CENTS_p_TCGASNP_212_216_217_N_GenomeWideSNP_6_C03_1039448	2	12784	33413047	23104	-0.2028
CENTS_p_TCGASNP_212_216_217_N_GenomeWideSNP_6_C03_1039448	2	33413193	33418582	2	-1.7743
CENTS_p_TCGASNP_212_216_217_N_GenomeWideSNP_6_C03_1039448	2	33419969	34691069	995	-0.2063
CENTS_p_TCGASNP_212_216_217_N_GenomeWideSNP_6_C03_1039448	2	34699315	34737163	47	-0.9182
CENTS_p_TCGASNP_212_216_217_N_GenomeWideSNP_6_C03_1039448	2	34737556	35001138	189	-0.1811
CENTS_p_TCGASNP_212_216_217_N_GenomeWideSNP_6_C03_1039448	2	35001547	35001641	3	-1.3532
CENTS_p_TCGASNP_212_216_217_N_GenomeWideSNP_6_C03_1039448	2	35007976	35968036	683	-0.1938
CENTS_p_TCGASNP_212_216_217_N_GenomeWideSNP_6_C03_1039448	2	35975973	35987947	8	0.9203
CENTS_p_TCGASNP_212_216_217_N_GenomeWideSNP_6_C03_1039448	2	35997473	38954495	2319	-0.2033
CENTS_p_TCGASNP_212_216_217_N_GenomeWideSNP_6_C03_1039448	2	38955866	38972281	8	0.5224
CENTS_p_TCGASNP_212_216_217_N_GenomeWideSNP_6_C03_1039448	2	38972826	52754881	9840	-0.1974
CENTS_p_TCGASNP_212_216_217_N_GenomeWideSNP_6_C03_1039448	2	52758753	52781542	33	0.2868
CENTS_p_TCGASNP_212_216_217_N_GenomeWideSNP_6_C03_1039448	2	52787949	60427953	5400	-0.1997
CENTS_p_TCGASNP_212_216_217_N_GenomeWideSNP_6_C03_1039448	2	60436966	60510472	71	-0.5889
CENTS_p_TCGASNP_212_216_217_N_GenomeWideSNP_6_C03_1039448	2	60513389	79157621	11576	-0.1987
CENTS_p_TCGASNP_212_216_217_N_GenomeWideSNP_6_C03_1039448	2	79158149	79159222	3	-1.4604
CENTS_p_TCGASNP_212_216_217_N_GenomeWideSNP_6_C03_1039448	2	79160481	82707084	2459	-0.2225
CENTS_p_TCGASNP_212_216_217_N_GenomeWideSNP_6_C03_1039448	2	82708877	90155318	3474	0.0706
CENTS_p_TCGASNP_212_216_217_N_GenomeWideSNP_6_C03_1039448	2	90160166	90182708	5	-0.7805
CENTS_p_TCGASNP_212_216_217_N_GenomeWideSNP_6_C03_1039448	2	90183416	114362015	10533	0.0705
CENTS_p_TCGASNP_212_216_217_N_GenomeWideSNP_6_C03_1039448	2	114362414	114380821	3	-1.3545
CENTS_p_TCGASNP_212_216_217_N_GenomeWideSNP_6_C03_1039448	2	114383552	146862085	20104	0.071
CENTS_p_TCGASNP_212_216_217_N_GenomeWideSNP_6_C03_1039448	2	146864404	146866934	24	0.5324
CENTS_p_TCGASNP_212_216_217_N_GenomeWideSNP_6_C03_1039448	2	146877806	185100535	23491	0.0752
CENTS_p_TCGASNP_212_216_217_N_GenomeWideSNP_6_C03_1039448	2	185104678	185136918	66	-0.8211
CENTS_p_TCGASNP_212_216_217_N_GenomeWideSNP_6_C03_1039448	2	185141033	187816563	1473	0.064
CENTS_p_TCGASNP_212_216_217_N_GenomeWideSNP_6_C03_1039448	2	187819439	187825648	4	-0.7512
CENTS_p_TCGASNP_212_216_217_N_GenomeWideSNP_6_C03_1039448	2	187825763	189118923	709	0.077
CENTS_p_TCGASNP_212_216_217_N_GenomeWideSNP_6_C03_1039448	2	189119928	189126930	4	-1.7201
CENTS_p_TCGASNP_212_216_217_N_GenomeWideSNP_6_C03_1039448	2	189129058	203293012	8078	0.127
CENTS_p_TCGASNP_212_216_217_N_GenomeWideSNP_6_C03_1039448	2	203293091	203312201	42	-0.3126
CENTS_p_TCGASNP_212_216_217_N_GenomeWideSNP_6_C03_1039448	2	203313482	228653239	16330	0.1571
CENTS_p_TCGASNP_212_216_217_N_GenomeWideSNP_6_C03_1039448	2	228654932	228657577	3	-0.8936
CENTS_p_TCGASNP_212_216_217_N_GenomeWideSNP_6_C03_1039448	2	228660521	241159484	8061	0.0664
CENTS_p_TCGASNP_212_216_217_N_GenomeWideSNP_6_C03_1039448	2	241160775	243089456	895	-0.2133
CENTS_p_TCGASNP_212_216_217_N_GenomeWideSNP_6_C03_1039448	3	60345	6646543	5843	-0.1978
CENTS_p_TCGASNP_212_216_217_N_GenomeWideSNP_6_C03_1039448	3	6651128	6653332	23	-1.3264
CENTS_p_TCGASNP_212_216_217_N_GenomeWideSNP_6_C03_1039448	3	6655078	16239063	7078	-0.1936
CENTS_p_TCGASNP_212_216_217_N_GenomeWideSNP_6_C03_1039448	3	16240556	16241179	6	-0.9984
CENTS_p_TCGASNP_212_216_217_N_GenomeWideSNP_6_C03_1039448	3	16241325	16645452	320	-0.2116
CENTS_p_TCGASNP_212_216_217_N_GenomeWideSNP_6_C03_1039448	3	16652897	16657702	3	-1.6603
CENTS_p_TCGASNP_212_216_217_N_GenomeWideSNP_6_C03_1039448	3	16662488	56629905	25206	-0.1968
CENTS_p_TCGASNP_212_216_217_N_GenomeWideSNP_6_C03_1039448	3	56630469	56633892	5	-1.4912
CENTS_p_TCGASNP_212_216_217_N_GenomeWideSNP_6_C03_1039448	3	56645866	59759505	1945	-0.2069
CENTS_p_TCGASNP_212_216_217_N_GenomeWideSNP_6_C03_1039448	3	59759572	59759586	2	-1.6183
CENTS_p_TCGASNP_212_216_217_N_GenomeWideSNP_6_C03_1039448	3	59762008	65189235	4947	-0.1951
CENTS_p_TCGASNP_212_216_217_N_GenomeWideSNP_6_C03_1039448	3	65189319	65199250	26	-0.7045
CENTS_p_TCGASNP_212_216_217_N_GenomeWideSNP_6_C03_1039448	3	65199265	65206944	17	-0.1179
CENTS_p_TCGASNP_212_216_217_N_GenomeWideSNP_6_C03_1039448	3	65207331	65209977	5	-0.8789
CENTS_p_TCGASNP_212_216_217_N_GenomeWideSNP_6_C03_1039448	3	65210154	66767694	1064	-0.1907
CENTS_p_TCGASNP_212_216_217_N_GenomeWideSNP_6_C03_1039448	3	66768059	66768364	3	-1.4769
CENTS_p_TCGASNP_212_216_217_N_GenomeWideSNP_6_C03_1039448	3	66768865	68725751	1358	-0.1813
CENTS_p_TCGASNP_212_216_217_N_GenomeWideSNP_6_C03_1039448	3	68732028	68747413	16	0.8211
CENTS_p_TCGASNP_212_216_217_N_GenomeWideSNP_6_C03_1039448	3	68748758	75545172	4925	-0.1979
CENTS_p_TCGASNP_212_216_217_N_GenomeWideSNP_6_C03_1039448	3	75545822	75596246	18	0.2797
CENTS_p_TCGASNP_212_216_217_N_GenomeWideSNP_6_C03_1039448	3	75608639	86261525	5935	-0.213
CENTS_p_TCGASNP_212_216_217_N_GenomeWideSNP_6_C03_1039448	3	86265202	86265815	2	-1.6898
CENTS_p_TCGASNP_212_216_217_N_GenomeWideSNP_6_C03_1039448	3	86270162	97899419	4472	-0.2023
CENTS_p_TCGASNP_212_216_217_N_GenomeWideSNP_6_C03_1039448	3	97908670	97913425	3	-1.5449
CENTS_p_TCGASNP_212_216_217_N_GenomeWideSNP_6_C03_1039448	3	97914817	125669048	16985	-0.1959
CENTS_p_TCGASNP_212_216_217_N_GenomeWideSNP_6_C03_1039448	3	125673383	125675963	3	-2.2979
CENTS_p_TCGASNP_212_216_217_N_GenomeWideSNP_6_C03_1039448	3	125680500	129737383	2378	-0.1972
CENTS_p_TCGASNP_212_216_217_N_GenomeWideSNP_6_C03_1039448	3	129741366	129811239	72	0.0944
CENTS_p_TCGASNP_212_216_217_N_GenomeWideSNP_6_C03_1039448	3	129811262	140542539	6728	-0.1887
CENTS_p_TCGASNP_212_216_217_N_GenomeWideSNP_6_C03_1039448	3	140545701	140546984	2	-2.5872
CENTS_p_TCGASNP_212_216_217_N_GenomeWideSNP_6_C03_1039448	3	140560618	154493381	8677	-0.1983
CENTS_p_TCGASNP_212_216_217_N_GenomeWideSNP_6_C03_1039448	3	154494952	154495953	5	-1.6727
CENTS_p_TCGASNP_212_216_217_N_GenomeWideSNP_6_C03_1039448	3	154496091	162508268	4864	-0.1841
CENTS_p_TCGASNP_212_216_217_N_GenomeWideSNP_6_C03_1039448	3	162512657	162615915	64	0.5281
CENTS_p_TCGASNP_212_216_217_N_GenomeWideSNP_6_C03_1039448	3	162623842	162714517	78	-0.1474
CENTS_p_TCGASNP_212_216_217_N_GenomeWideSNP_6_C03_1039448	3	162717727	162719562	2	-2.7329
CENTS_p_TCGASNP_212_216_217_N_GenomeWideSNP_6_C03_1039448	3	162726159	189360754	16615	-0.1882
CENTS_p_TCGASNP_212_216_217_N_GenomeWideSNP_6_C03_1039448	3	189363678	189364638	11	-1.22
CENTS_p_TCGASNP_212_216_217_N_GenomeWideSNP_6_C03_1039448	3	189370988	192873704	2494	-0.1813
CENTS_p_TCGASNP_212_216_217_N_GenomeWideSNP_6_C03_1039448	3	192873807	192882903	22	0.8956
CENTS_p_TCGASNP_212_216_217_N_GenomeWideSNP_6_C03_1039448	3	192886435	195285898	1485	-0.1857
CENTS_p_TCGASNP_212_216_217_N_GenomeWideSNP_6_C03_1039448	3	195383142	195474763	47	-0.9047
CENTS_p_TCGASNP_212_216_217_N_GenomeWideSNP_6_C03_1039448	3	195478694	197896118	1173	-0.1874
CENTS_p_TCGASNP_212_216_217_N_GenomeWideSNP_6_C03_1039448	4	12281	43257	33	0.0112
CENTS_p_TCGASNP_212_216_217_N_GenomeWideSNP_6_C03_1039448	4	43629	9456977	5209	-0.1765
CENTS_p_TCGASNP_212_216_217_N_GenomeWideSNP_6_C03_1039448	4	9461230	9479345	9	0.4825
CENTS_p_TCGASNP_212_216_217_N_GenomeWideSNP_6_C03_1039448	4	9486087	10210390	543	-0.1706
CENTS_p_TCGASNP_212_216_217_N_GenomeWideSNP_6_C03_1039448	4	10214160	10231498	29	0.7987
CENTS_p_TCGASNP_212_216_217_N_GenomeWideSNP_6_C03_1039448	4	10234214	14468917	3457	-0.1812
CENTS_p_TCGASNP_212_216_217_N_GenomeWideSNP_6_C03_1039448	4	14470103	14470327	3	-1.2532
CENTS_p_TCGASNP_212_216_217_N_GenomeWideSNP_6_C03_1039448	4	14472634	30066336	10722	-0.167
CENTS_p_TCGASNP_212_216_217_N_GenomeWideSNP_6_C03_1039448	4	30066852	30071016	2	-2.1649
CENTS_p_TCGASNP_212_216_217_N_GenomeWideSNP_6_C03_1039448	4	30071193	39085155	5885	-0.1596
CENTS_p_TCGASNP_212_216_217_N_GenomeWideSNP_6_C03_1039448	4	39088460	48336371	5628	0.0761
CENTS_p_TCGASNP_212_216_217_N_GenomeWideSNP_6_C03_1039448	4	48336693	48336922	3	-0.8236
CENTS_p_TCGASNP_212_216_217_N_GenomeWideSNP_6_C03_1039448	4	48338344	49309854	328	0.1129
CENTS_p_TCGASNP_212_216_217_N_GenomeWideSNP_6_C03_1039448	4	49503166	49658612	19	-0.4558
CENTS_p_TCGASNP_212_216_217_N_GenomeWideSNP_6_C03_1039448	4	52685699	69261064	10473	0.0661
CENTS_p_TCGASNP_212_216_217_N_GenomeWideSNP_6_C03_1039448	4	69282205	69288142	5	0.9221
CENTS_p_TCGASNP_212_216_217_N_GenomeWideSNP_6_C03_1039448	4	69294799	69372003	16	0.1422
CENTS_p_TCGASNP_212_216_217_N_GenomeWideSNP_6_C03_1039448	4	69374941	69485979	65	-1.6007
CENTS_p_TCGASNP_212_216_217_N_GenomeWideSNP_6_C03_1039448	4	69489335	70123510	327	0.0735
CENTS_p_TCGASNP_212_216_217_N_GenomeWideSNP_6_C03_1039448	4	70127644	70231799	54	-2.0078
CENTS_p_TCGASNP_212_216_217_N_GenomeWideSNP_6_C03_1039448	4	70232022	86976094	10451	0.0832
CENTS_p_TCGASNP_212_216_217_N_GenomeWideSNP_6_C03_1039448	4	86976391	86979701	17	-0.7421
CENTS_p_TCGASNP_212_216_217_N_GenomeWideSNP_6_C03_1039448	4	86979764	96247242	5476	0.0874
CENTS_p_TCGASNP_212_216_217_N_GenomeWideSNP_6_C03_1039448	4	96247261	96247346	2	-0.8704
CENTS_p_TCGASNP_212_216_217_N_GenomeWideSNP_6_C03_1039448	4	96247355	100293062	2403	0.0992
CENTS_p_TCGASNP_212_216_217_N_GenomeWideSNP_6_C03_1039448	4	100293197	100296452	3	-1.2539
CENTS_p_TCGASNP_212_216_217_N_GenomeWideSNP_6_C03_1039448	4	100299102	115173700	9010	0.0829
CENTS_p_TCGASNP_212_216_217_N_GenomeWideSNP_6_C03_1039448	4	115175323	115182175	23	-1.3193
CENTS_p_TCGASNP_212_216_217_N_GenomeWideSNP_6_C03_1039448	4	115184229	136062214	12124	0.0784
CENTS_p_TCGASNP_212_216_217_N_GenomeWideSNP_6_C03_1039448	4	136062714	136068899	3	-1.5028
CENTS_p_TCGASNP_212_216_217_N_GenomeWideSNP_6_C03_1039448	4	136069407	140229007	2676	0.0658
CENTS_p_TCGASNP_212_216_217_N_GenomeWideSNP_6_C03_1039448	4	140232546	140237301	5	-1.1297
CENTS_p_TCGASNP_212_216_217_N_GenomeWideSNP_6_C03_1039448	4	140238360	146495355	3782	0.0833
CENTS_p_TCGASNP_212_216_217_N_GenomeWideSNP_6_C03_1039448	4	146501756	146501892	2	-1.0256
CENTS_p_TCGASNP_212_216_217_N_GenomeWideSNP_6_C03_1039448	4	146505728	161880141	9455	0.0782
CENTS_p_TCGASNP_212_216_217_N_GenomeWideSNP_6_C03_1039448	4	161880197	161884584	16	0.4832
CENTS_p_TCGASNP_212_216_217_N_GenomeWideSNP_6_C03_1039448	4	161884600	163954025	1378	0.0701
CENTS_p_TCGASNP_212_216_217_N_GenomeWideSNP_6_C03_1039448	4	163954461	163957430	11	-0.6598
CENTS_p_TCGASNP_212_216_217_N_GenomeWideSNP_6_C03_1039448	4	163961335	172369346	5291	0.0769
CENTS_p_TCGASNP_212_216_217_N_GenomeWideSNP_6_C03_1039448	4	172374884	172377710	10	1.0198
CENTS_p_TCGASNP_212_216_217_N_GenomeWideSNP_6_C03_1039448	4	172377724	173422522	643	0.0942
CENTS_p_TCGASNP_212_216_217_N_GenomeWideSNP_6_C03_1039448	4	173424947	173428643	7	0.9081
CENTS_p_TCGASNP_212_216_217_N_GenomeWideSNP_6_C03_1039448	4	173441132	185951970	8488	0.0743
CENTS_p_TCGASNP_212_216_217_N_GenomeWideSNP_6_C03_1039448	4	185953469	185957039	2	-1.4021
CENTS_p_TCGASNP_212_216_217_N_GenomeWideSNP_6_C03_1039448	4	185957353	191027923	3396	0.0661
CENTS_p_TCGASNP_212_216_217_N_GenomeWideSNP_6_C03_1039448	5	15532	761016	328	0.424
CENTS_p_TCGASNP_212_216_217_N_GenomeWideSNP_6_C03_1039448	5	761030	823770	32	0.8028
CENTS_p_TCGASNP_212_216_217_N_GenomeWideSNP_6_C03_1039448	5	824066	17469751	13033	0.4924
CENTS_p_TCGASNP_212_216_217_N_GenomeWideSNP_6_C03_1039448	5	17469769	17470116	2	-0.7961
CENTS_p_TCGASNP_212_216_217_N_GenomeWideSNP_6_C03_1039448	5	17472903	20121779	1606	0.5507
CENTS_p_TCGASNP_212_216_217_N_GenomeWideSNP_6_C03_1039448	5	20128704	20130129	4	-0.3998
CENTS_p_TCGASNP_212_216_217_N_GenomeWideSNP_6_C03_1039448	5	20136770	20437094	165	0.5734
CENTS_p_TCGASNP_212_216_217_N_GenomeWideSNP_6_C03_1039448	5	20437201	20444302	20	-0.9351
CENTS_p_TCGASNP_212_216_217_N_GenomeWideSNP_6_C03_1039448	5	20448491	21295569	497	0.5598
CENTS_p_TCGASNP_212_216_217_N_GenomeWideSNP_6_C03_1039448	5	21295612	21376844	49	0.3065
CENTS_p_TCGASNP_212_216_217_N_GenomeWideSNP_6_C03_1039448	5	21377839	21377853	2	-1.8846
CENTS_p_TCGASNP_212_216_217_N_GenomeWideSNP_6_C03_1039448	5	21386066	21451200	46	0.573
CENTS_p_TCGASNP_212_216_217_N_GenomeWideSNP_6_C03_1039448	5	21451277	21545025	29	0.2264
CENTS_p_TCGASNP_212_216_217_N_GenomeWideSNP_6_C03_1039448	5	21547156	25821685	2523	0.5307
CENTS_p_TCGASNP_212_216_217_N_GenomeWideSNP_6_C03_1039448	5	25821882	25822027	2	-0.9096
CENTS_p_TCGASNP_212_216_217_N_GenomeWideSNP_6_C03_1039448	5	25824488	46389273	12508	0.657
CENTS_p_TCGASNP_212_216_217_N_GenomeWideSNP_6_C03_1039448	5	49432831	52402048	1699	-0.2055
CENTS_p_TCGASNP_212_216_217_N_GenomeWideSNP_6_C03_1039448	5	52404519	52409439	3	-2.2052
CENTS_p_TCGASNP_212_216_217_N_GenomeWideSNP_6_C03_1039448	5	52411785	52682374	226	-0.2184
CENTS_p_TCGASNP_212_216_217_N_GenomeWideSNP_6_C03_1039448	5	52688918	52688934	2	-2.2949
CENTS_p_TCGASNP_212_216_217_N_GenomeWideSNP_6_C03_1039448	5	52690356	55466978	1757	-0.2113
CENTS_p_TCGASNP_212_216_217_N_GenomeWideSNP_6_C03_1039448	5	55467155	55468468	2	-1.6122
CENTS_p_TCGASNP_212_216_217_N_GenomeWideSNP_6_C03_1039448	5	55469872	55924533	433	-0.1905
CENTS_p_TCGASNP_212_216_217_N_GenomeWideSNP_6_C03_1039448	5	55926494	55930344	5	-1.9093
CENTS_p_TCGASNP_212_216_217_N_GenomeWideSNP_6_C03_1039448	5	55932777	57956826	1411	-0.1976
CENTS_p_TCGASNP_212_216_217_N_GenomeWideSNP_6_C03_1039448	5	57956843	57959132	23	-2.0134
CENTS_p_TCGASNP_212_216_217_N_GenomeWideSNP_6_C03_1039448	5	57959692	90621069	18927	-0.213
CENTS_p_TCGASNP_212_216_217_N_GenomeWideSNP_6_C03_1039448	5	90624527	90625249	2	-2.0886
CENTS_p_TCGASNP_212_216_217_N_GenomeWideSNP_6_C03_1039448	5	90627598	98085215	4138	-0.2141
CENTS_p_TCGASNP_212_216_217_N_GenomeWideSNP_6_C03_1039448	5	98089585	98090982	2	-1.9628
CENTS_p_TCGASNP_212_216_217_N_GenomeWideSNP_6_C03_1039448	5	98095969	98758309	364	-0.2441
CENTS_p_TCGASNP_212_216_217_N_GenomeWideSNP_6_C03_1039448	5	98758447	98759032	2	-2.1702
CENTS_p_TCGASNP_212_216_217_N_GenomeWideSNP_6_C03_1039448	5	98767744	117038149	12121	-0.2237
CENTS_p_TCGASNP_212_216_217_N_GenomeWideSNP_6_C03_1039448	5	117040197	118817670	1175	0.0551
CENTS_p_TCGASNP_212_216_217_N_GenomeWideSNP_6_C03_1039448	5	118821954	119996097	753	-0.2331
CENTS_p_TCGASNP_212_216_217_N_GenomeWideSNP_6_C03_1039448	5	119997409	162858174	27326	-0.0077
CENTS_p_TCGASNP_212_216_217_N_GenomeWideSNP_6_C03_1039448	5	162862184	162862542	2	-1.8612
CENTS_p_TCGASNP_212_216_217_N_GenomeWideSNP_6_C03_1039448	5	162866548	165923647	2042	-0.02
CENTS_p_TCGASNP_212_216_217_N_GenomeWideSNP_6_C03_1039448	5	165928002	177197955	7863	0.2463
CENTS_p_TCGASNP_212_216_217_N_GenomeWideSNP_6_C03_1039448	5	177198449	177228579	3	-0.8888
CENTS_p_TCGASNP_212_216_217_N_GenomeWideSNP_6_C03_1039448	5	177232605	180790320	2003	0.2509
CENTS_p_TCGASNP_212_216_217_N_GenomeWideSNP_6_C03_1039448	6	149661	253861	98	-0.2137
CENTS_p_TCGASNP_212_216_217_N_GenomeWideSNP_6_C03_1039448	6	254267	375759	98	0.0681
CENTS_p_TCGASNP_212_216_217_N_GenomeWideSNP_6_C03_1039448	6	376937	19040119	14601	-0.1947
CENTS_p_TCGASNP_212_216_217_N_GenomeWideSNP_6_C03_1039448	6	19042181	19042818	3	-1.6875
CENTS_p_TCGASNP_212_216_217_N_GenomeWideSNP_6_C03_1039448	6	19044702	29837072	6939	-0.1971
CENTS_p_TCGASNP_212_216_217_N_GenomeWideSNP_6_C03_1039448	6	29837187	29874642	22	0.8573
CENTS_p_TCGASNP_212_216_217_N_GenomeWideSNP_6_C03_1039448	6	29874709	32501299	1196	-0.2215
CENTS_p_TCGASNP_212_216_217_N_GenomeWideSNP_6_C03_1039448	6	32508476	32518769	5	-1.5098
CENTS_p_TCGASNP_212_216_217_N_GenomeWideSNP_6_C03_1039448	6	32527284	34134520	983	-0.1916
CENTS_p_TCGASNP_212_216_217_N_GenomeWideSNP_6_C03_1039448	6	34134717	34134864	2	-1.5597
CENTS_p_TCGASNP_212_216_217_N_GenomeWideSNP_6_C03_1039448	6	34137652	57312892	14823	-0.1945
CENTS_p_TCGASNP_212_216_217_N_GenomeWideSNP_6_C03_1039448	6	57323779	58082951	309	-0.5019
CENTS_p_TCGASNP_212_216_217_N_GenomeWideSNP_6_C03_1039448	6	58140300	61994504	272	-0.2402
CENTS_p_TCGASNP_212_216_217_N_GenomeWideSNP_6_C03_1039448	6	61995411	62123362	64	-0.489
CENTS_p_TCGASNP_212_216_217_N_GenomeWideSNP_6_C03_1039448	6	62206268	62241785	24	-0.0874
CENTS_p_TCGASNP_212_216_217_N_GenomeWideSNP_6_C03_1039448	6	62241902	65336942	1667	-0.561
CENTS_p_TCGASNP_212_216_217_N_GenomeWideSNP_6_C03_1039448	6	65347544	65350776	3	-2.2731
CENTS_p_TCGASNP_212_216_217_N_GenomeWideSNP_6_C03_1039448	6	65350813	70687102	3598	-0.55
CENTS_p_TCGASNP_212_216_217_N_GenomeWideSNP_6_C03_1039448	6	70690529	72044642	898	0.0751
CENTS_p_TCGASNP_212_216_217_N_GenomeWideSNP_6_C03_1039448	6	72047915	72048591	4	-1.31
CENTS_p_TCGASNP_212_216_217_N_GenomeWideSNP_6_C03_1039448	6	72052837	72254691	159	0.0551
CENTS_p_TCGASNP_212_216_217_N_GenomeWideSNP_6_C03_1039448	6	72274731	72276667	2	-1.2301
CENTS_p_TCGASNP_212_216_217_N_GenomeWideSNP_6_C03_1039448	6	72277051	74591858	1498	0.0747
CENTS_p_TCGASNP_212_216_217_N_GenomeWideSNP_6_C03_1039448	6	74592225	74601410	10	0.8114
CENTS_p_TCGASNP_212_216_217_N_GenomeWideSNP_6_C03_1039448	6	74603555	77442636	1780	0.0853
CENTS_p_TCGASNP_212_216_217_N_GenomeWideSNP_6_C03_1039448	6	77443219	77461073	13	-0.7437
CENTS_p_TCGASNP_212_216_217_N_GenomeWideSNP_6_C03_1039448	6	77467931	78962889	979	0.0609
CENTS_p_TCGASNP_212_216_217_N_GenomeWideSNP_6_C03_1039448	6	78969065	79035185	113	-0.9455
CENTS_p_TCGASNP_212_216_217_N_GenomeWideSNP_6_C03_1039448	6	79039234	93574342	9240	0.0635
CENTS_p_TCGASNP_212_216_217_N_GenomeWideSNP_6_C03_1039448	6	93575866	93578630	31	-1.3718
CENTS_p_TCGASNP_212_216_217_N_GenomeWideSNP_6_C03_1039448	6	93582923	101932126	5147	0.0694
CENTS_p_TCGASNP_212_216_217_N_GenomeWideSNP_6_C03_1039448	6	101939038	101939489	5	-0.8005
CENTS_p_TCGASNP_212_216_217_N_GenomeWideSNP_6_C03_1039448	6	101944324	102698749	469	0.1007
CENTS_p_TCGASNP_212_216_217_N_GenomeWideSNP_6_C03_1039448	6	102698993	102705227	4	-1.6371
CENTS_p_TCGASNP_212_216_217_N_GenomeWideSNP_6_C03_1039448	6	102706463	103738084	600	0.0595
CENTS_p_TCGASNP_212_216_217_N_GenomeWideSNP_6_C03_1039448	6	103738188	103762061	43	-0.3291
CENTS_p_TCGASNP_212_216_217_N_GenomeWideSNP_6_C03_1039448	6	103765470	115368895	7317	0.0797
CENTS_p_TCGASNP_212_216_217_N_GenomeWideSNP_6_C03_1039448	6	115379075	115407973	4	-1.3061
CENTS_p_TCGASNP_212_216_217_N_GenomeWideSNP_6_C03_1039448	6	115408571	128308249	7708	0.1631
CENTS_p_TCGASNP_212_216_217_N_GenomeWideSNP_6_C03_1039448	6	128308497	128308503	2	-1.3113
CENTS_p_TCGASNP_212_216_217_N_GenomeWideSNP_6_C03_1039448	6	128311479	137538942	6321	0.0775
CENTS_p_TCGASNP_212_216_217_N_GenomeWideSNP_6_C03_1039448	6	137539469	137539607	2	-1.1416
CENTS_p_TCGASNP_212_216_217_N_GenomeWideSNP_6_C03_1039448	6	137541230	161032565	15634	0.2703
CENTS_p_TCGASNP_212_216_217_N_GenomeWideSNP_6_C03_1039448	6	161032719	161033283	5	1.0933
CENTS_p_TCGASNP_212_216_217_N_GenomeWideSNP_6_C03_1039448	6	161068042	166494253	4251	0.2667
CENTS_p_TCGASNP_212_216_217_N_GenomeWideSNP_6_C03_1039448	6	166497631	166498860	3	-0.7667
CENTS_p_TCGASNP_212_216_217_N_GenomeWideSNP_6_C03_1039448	6	166505384	168714950	1405	0.2689
CENTS_p_TCGASNP_212_216_217_N_GenomeWideSNP_6_C03_1039448	6	168721487	168722025	2	-1.1277
CENTS_p_TCGASNP_212_216_217_N_GenomeWideSNP_6_C03_1039448	6	168723343	170982534	1601	0.2786
CENTS_p_TCGASNP_212_216_217_N_GenomeWideSNP_6_C03_1039448	6	171050379	171051005	2	-0.2924
CENTS_p_TCGASNP_212_216_217_N_GenomeWideSNP_6_C03_1039448	7	43355	3389090	1422	-0.2353
CENTS_p_TCGASNP_212_216_217_N_GenomeWideSNP_6_C03_1039448	7	3395079	3395326	5	-1.8804
CENTS_p_TCGASNP_212_216_217_N_GenomeWideSNP_6_C03_1039448	7	3398760	33950201	22923	-0.2032
CENTS_p_TCGASNP_212_216_217_N_GenomeWideSNP_6_C03_1039448	7	33950441	48119700	9663	0.0823
CENTS_p_TCGASNP_212_216_217_N_GenomeWideSNP_6_C03_1039448	7	48122072	48384585	139	0.3437
CENTS_p_TCGASNP_212_216_217_N_GenomeWideSNP_6_C03_1039448	7	48387922	48935167	384	0.1091
CENTS_p_TCGASNP_212_216_217_N_GenomeWideSNP_6_C03_1039448	7	48935976	50983253	1494	-0.196
CENTS_p_TCGASNP_212_216_217_N_GenomeWideSNP_6_C03_1039448	7	50989366	51732770	528	0.0574
CENTS_p_TCGASNP_212_216_217_N_GenomeWideSNP_6_C03_1039448	7	51736014	52580944	662	-0.2054
CENTS_p_TCGASNP_212_216_217_N_GenomeWideSNP_6_C03_1039448	7	52581186	56957104	2981	0.1422
CENTS_p_TCGASNP_212_216_217_N_GenomeWideSNP_6_C03_1039448	7	56959176	57129672	12	-0.3617
CENTS_p_TCGASNP_212_216_217_N_GenomeWideSNP_6_C03_1039448	7	57142166	66618751	2249	0.1211
CENTS_p_TCGASNP_212_216_217_N_GenomeWideSNP_6_C03_1039448	7	66621246	66647639	13	-0.3658
CENTS_p_TCGASNP_212_216_217_N_GenomeWideSNP_6_C03_1039448	7	66654577	88192839	12321	0.076
CENTS_p_TCGASNP_212_216_217_N_GenomeWideSNP_6_C03_1039448	7	88195589	88195765	2	1.4027
CENTS_p_TCGASNP_212_216_217_N_GenomeWideSNP_6_C03_1039448	7	88196455	91186549	2043	0.1019
CENTS_p_TCGASNP_212_216_217_N_GenomeWideSNP_6_C03_1039448	7	91187426	91189608	4	-0.7455
CENTS_p_TCGASNP_212_216_217_N_GenomeWideSNP_6_C03_1039448	7	91191512	97395460	3891	0.0727
CENTS_p_TCGASNP_212_216_217_N_GenomeWideSNP_6_C03_1039448	7	97395462	97395471	5	0.8992
CENTS_p_TCGASNP_212_216_217_N_GenomeWideSNP_6_C03_1039448	7	97395506	102349185	2087	0.0842
CENTS_p_TCGASNP_212_216_217_N_GenomeWideSNP_6_C03_1039448	7	102355428	102358404	14	-0.8544
CENTS_p_TCGASNP_212_216_217_N_GenomeWideSNP_6_C03_1039448	7	102373011	110427519	5254	0.2562
CENTS_p_TCGASNP_212_216_217_N_GenomeWideSNP_6_C03_1039448	7	110428932	110432494	7	-1.2373
CENTS_p_TCGASNP_212_216_217_N_GenomeWideSNP_6_C03_1039448	7	110432527	119368418	5309	0.2497
CENTS_p_TCGASNP_212_216_217_N_GenomeWideSNP_6_C03_1039448	7	119373442	119386240	5	-0.4649
CENTS_p_TCGASNP_212_216_217_N_GenomeWideSNP_6_C03_1039448	7	119388127	133785340	8771	0.1613
CENTS_p_TCGASNP_212_216_217_N_GenomeWideSNP_6_C03_1039448	7	133785377	133798543	28	0.5333
CENTS_p_TCGASNP_212_216_217_N_GenomeWideSNP_6_C03_1039448	7	133798558	142474939	5697	0.073
CENTS_p_TCGASNP_212_216_217_N_GenomeWideSNP_6_C03_1039448	7	142476719	142486345	29	0.6488
CENTS_p_TCGASNP_212_216_217_N_GenomeWideSNP_6_C03_1039448	7	142486495	154389895	7326	0.0731
CENTS_p_TCGASNP_212_216_217_N_GenomeWideSNP_6_C03_1039448	7	154393171	154399613	4	1.314
CENTS_p_TCGASNP_212_216_217_N_GenomeWideSNP_6_C03_1039448	7	154400830	159127004	3247	0.0666
CENTS_p_TCGASNP_212_216_217_N_GenomeWideSNP_6_C03_1039448	8	31254	46398	2	0.7067
CENTS_p_TCGASNP_212_216_217_N_GenomeWideSNP_6_C03_1039448	8	112796	238574	81	-0.689
CENTS_p_TCGASNP_212_216_217_N_GenomeWideSNP_6_C03_1039448	8	238866	239544	6	-1.9801
CENTS_p_TCGASNP_212_216_217_N_GenomeWideSNP_6_C03_1039448	8	239671	593041	236	-0.6615
CENTS_p_TCGASNP_212_216_217_N_GenomeWideSNP_6_C03_1039448	8	594944	595908	10	0.6995
CENTS_p_TCGASNP_212_216_217_N_GenomeWideSNP_6_C03_1039448	8	601043	2128073	1231	-0.6644
CENTS_p_TCGASNP_212_216_217_N_GenomeWideSNP_6_C03_1039448	8	2129547	2133375	7	-4.5419
CENTS_p_TCGASNP_212_216_217_N_GenomeWideSNP_6_C03_1039448	8	2141462	3997063	2187	-0.6558
CENTS_p_TCGASNP_212_216_217_N_GenomeWideSNP_6_C03_1039448	8	3997080	4004012	33	-3.1452
CENTS_p_TCGASNP_212_216_217_N_GenomeWideSNP_6_C03_1039448	8	4004291	7250380	4029	-0.6254
CENTS_p_TCGASNP_212_216_217_N_GenomeWideSNP_6_C03_1039448	8	7254291	7799390	148	-0.0286
CENTS_p_TCGASNP_212_216_217_N_GenomeWideSNP_6_C03_1039448	8	7809891	7866162	26	-0.6002
CENTS_p_TCGASNP_212_216_217_N_GenomeWideSNP_6_C03_1039448	8	7935855	12198254	3279	0.0504
CENTS_p_TCGASNP_212_216_217_N_GenomeWideSNP_6_C03_1039448	8	12216009	12234251	8	0.7544
CENTS_p_TCGASNP_212_216_217_N_GenomeWideSNP_6_C03_1039448	8	12234298	12275810	44	0.2959
CENTS_p_TCGASNP_212_216_217_N_GenomeWideSNP_6_C03_1039448	8	12277278	17694244	4892	0.0528
CENTS_p_TCGASNP_212_216_217_N_GenomeWideSNP_6_C03_1039448	8	17698094	17937818	217	-0.597
CENTS_p_TCGASNP_212_216_217_N_GenomeWideSNP_6_C03_1039448	8	17938018	23402308	4228	0.0558
CENTS_p_TCGASNP_212_216_217_N_GenomeWideSNP_6_C03_1039448	8	23407740	23407811	4	-3.4656
CENTS_p_TCGASNP_212_216_217_N_GenomeWideSNP_6_C03_1039448	8	23407871	25065929	1223	0.0622
CENTS_p_TCGASNP_212_216_217_N_GenomeWideSNP_6_C03_1039448	8	25066346	39230659	8968	-0.5731
CENTS_p_TCGASNP_212_216_217_N_GenomeWideSNP_6_C03_1039448	8	39235603	39386965	59	0.1502
CENTS_p_TCGASNP_212_216_217_N_GenomeWideSNP_6_C03_1039448	8	39388299	39857359	287	-0.5459
CENTS_p_TCGASNP_212_216_217_N_GenomeWideSNP_6_C03_1039448	8	39861066	39961444	110	0.0256
CENTS_p_TCGASNP_212_216_217_N_GenomeWideSNP_6_C03_1039448	8	39965068	39965213	2	-1.567
CENTS_p_TCGASNP_212_216_217_N_GenomeWideSNP_6_C03_1039448	8	39968700	41648358	1227	0.0543
CENTS_p_TCGASNP_212_216_217_N_GenomeWideSNP_6_C03_1039448	8	41656641	42103039	246	-0.5804
CENTS_p_TCGASNP_212_216_217_N_GenomeWideSNP_6_C03_1039448	8	42103221	42148168	36	0.0393
CENTS_p_TCGASNP_212_216_217_N_GenomeWideSNP_6_C03_1039448	8	42148470	42275427	163	-0.5247
CENTS_p_TCGASNP_212_216_217_N_GenomeWideSNP_6_C03_1039448	8	42281430	42543338	117	0.4031
CENTS_p_TCGASNP_212_216_217_N_GenomeWideSNP_6_C03_1039448	8	42549822	50429850	2043	0.1
CENTS_p_TCGASNP_212_216_217_N_GenomeWideSNP_6_C03_1039448	8	50432013	50445563	10	0.3499
CENTS_p_TCGASNP_212_216_217_N_GenomeWideSNP_6_C03_1039448	8	50449008	52445492	1244	-0.1729
CENTS_p_TCGASNP_212_216_217_N_GenomeWideSNP_6_C03_1039448	8	52448328	57533247	3336	0.1197
CENTS_p_TCGASNP_212_216_217_N_GenomeWideSNP_6_C03_1039448	8	57533324	57616056	55	-0.1388
CENTS_p_TCGASNP_212_216_217_N_GenomeWideSNP_6_C03_1039448	8	57616065	58117486	322	0.1167
CENTS_p_TCGASNP_212_216_217_N_GenomeWideSNP_6_C03_1039448	8	58118052	58132798	4	-0.7171
CENTS_p_TCGASNP_212_216_217_N_GenomeWideSNP_6_C03_1039448	8	58133843	64849008	4468	0.1511
CENTS_p_TCGASNP_212_216_217_N_GenomeWideSNP_6_C03_1039448	8	64849071	64849118	2	1.2315
CENTS_p_TCGASNP_212_216_217_N_GenomeWideSNP_6_C03_1039448	8	64849510	75308318	6442	0.1392
CENTS_p_TCGASNP_212_216_217_N_GenomeWideSNP_6_C03_1039448	8	75319183	75328535	6	-0.7549
CENTS_p_TCGASNP_212_216_217_N_GenomeWideSNP_6_C03_1039448	8	75332085	77884972	1483	0.4397
CENTS_p_TCGASNP_212_216_217_N_GenomeWideSNP_6_C03_1039448	8	77888054	78054156	103	2.5094
CENTS_p_TCGASNP_212_216_217_N_GenomeWideSNP_6_C03_1039448	8	78054203	78055371	4	1.2087
CENTS_p_TCGASNP_212_216_217_N_GenomeWideSNP_6_C03_1039448	8	78055792	79122511	636	2.581
CENTS_p_TCGASNP_212_216_217_N_GenomeWideSNP_6_C03_1039448	8	79129182	81298778	1284	0.8086
CENTS_p_TCGASNP_212_216_217_N_GenomeWideSNP_6_C03_1039448	8	81299085	93228640	6759	0.3987
CENTS_p_TCGASNP_212_216_217_N_GenomeWideSNP_6_C03_1039448	8	93237315	108351425	9416	0.6717
CENTS_p_TCGASNP_212_216_217_N_GenomeWideSNP_6_C03_1039448	8	108352842	108357087	2	-0.6841
CENTS_p_TCGASNP_212_216_217_N_GenomeWideSNP_6_C03_1039448	8	108357493	112291494	2262	0.6487
CENTS_p_TCGASNP_212_216_217_N_GenomeWideSNP_6_C03_1039448	8	112294279	112295245	9	-1.8796
CENTS_p_TCGASNP_212_216_217_N_GenomeWideSNP_6_C03_1039448	8	112295260	120152010	4972	0.6909
CENTS_p_TCGASNP_212_216_217_N_GenomeWideSNP_6_C03_1039448	8	120154784	120159446	4	-0.3687
CENTS_p_TCGASNP_212_216_217_N_GenomeWideSNP_6_C03_1039448	8	120162854	123059831	1889	0.6647
CENTS_p_TCGASNP_212_216_217_N_GenomeWideSNP_6_C03_1039448	8	123059879	123061062	10	-0.0036
CENTS_p_TCGASNP_212_216_217_N_GenomeWideSNP_6_C03_1039448	8	123061104	146298155	16068	0.6563
CENTS_p_TCGASNP_212_216_217_N_GenomeWideSNP_6_C03_1039448	9	46587	290670	151	-0.422
CENTS_p_TCGASNP_212_216_217_N_GenomeWideSNP_6_C03_1039448	9	291881	602903	361	0.5246
CENTS_p_TCGASNP_212_216_217_N_GenomeWideSNP_6_C03_1039448	9	606699	606961	4	-2.0765
CENTS_p_TCGASNP_212_216_217_N_GenomeWideSNP_6_C03_1039448	9	607307	1202371	667	0.4211
CENTS_p_TCGASNP_212_216_217_N_GenomeWideSNP_6_C03_1039448	9	1204264	1553378	484	-0.5401
CENTS_p_TCGASNP_212_216_217_N_GenomeWideSNP_6_C03_1039448	9	1554111	1554534	2	-2.7526
CENTS_p_TCGASNP_212_216_217_N_GenomeWideSNP_6_C03_1039448	9	1554754	1639619	82	-0.536
CENTS_p_TCGASNP_212_216_217_N_GenomeWideSNP_6_C03_1039448	9	1646820	1902868	325	0.5319
CENTS_p_TCGASNP_212_216_217_N_GenomeWideSNP_6_C03_1039448	9	1905973	10214551	7742	-0.5203
CENTS_p_TCGASNP_212_216_217_N_GenomeWideSNP_6_C03_1039448	9	10216836	10217683	4	-2.6883
CENTS_p_TCGASNP_212_216_217_N_GenomeWideSNP_6_C03_1039448	9	10223924	10637778	410	-0.5206
CENTS_p_TCGASNP_212_216_217_N_GenomeWideSNP_6_C03_1039448	9	10639459	10639916	5	-2.8022
CENTS_p_TCGASNP_212_216_217_N_GenomeWideSNP_6_C03_1039448	9	10640572	15158903	3573	-0.4972
CENTS_p_TCGASNP_212_216_217_N_GenomeWideSNP_6_C03_1039448	9	15158992	15159928	4	-3.1503
CENTS_p_TCGASNP_212_216_217_N_GenomeWideSNP_6_C03_1039448	9	15160139	23702689	6900	-0.512
CENTS_p_TCGASNP_212_216_217_N_GenomeWideSNP_6_C03_1039448	9	23703649	30906804	5325	-0.2617
CENTS_p_TCGASNP_212_216_217_N_GenomeWideSNP_6_C03_1039448	9	30908675	30909009	3	-1.9722
CENTS_p_TCGASNP_212_216_217_N_GenomeWideSNP_6_C03_1039448	9	30914028	31068070	114	-0.2363
CENTS_p_TCGASNP_212_216_217_N_GenomeWideSNP_6_C03_1039448	9	31083831	31530658	307	0.2728
CENTS_p_TCGASNP_212_216_217_N_GenomeWideSNP_6_C03_1039448	9	31531692	31615043	56	0.8832
CENTS_p_TCGASNP_212_216_217_N_GenomeWideSNP_6_C03_1039448	9	31619334	33128429	1166	-0.2446
CENTS_p_TCGASNP_212_216_217_N_GenomeWideSNP_6_C03_1039448	9	33130640	36339766	1771	0.8352
CENTS_p_TCGASNP_212_216_217_N_GenomeWideSNP_6_C03_1039448	9	36347531	37387218	659	0.586
CENTS_p_TCGASNP_212_216_217_N_GenomeWideSNP_6_C03_1039448	9	37388871	37589882	143	-0.9734
CENTS_p_TCGASNP_212_216_217_N_GenomeWideSNP_6_C03_1039448	9	37597595	38505855	655	0.4803
CENTS_p_TCGASNP_212_216_217_N_GenomeWideSNP_6_C03_1039448	9	38507665	38513693	2	-0.6503
CENTS_p_TCGASNP_212_216_217_N_GenomeWideSNP_6_C03_1039448	9	38518506	38534722	39	0.4806
CENTS_p_TCGASNP_212_216_217_N_GenomeWideSNP_6_C03_1039448	9	38534965	38771831	206	1.1794
CENTS_p_TCGASNP_212_216_217_N_GenomeWideSNP_6_C03_1039448	9	38787493	38796107	2	2.3137
CENTS_p_TCGASNP_212_216_217_N_GenomeWideSNP_6_C03_1039448	9	38796311	39110886	30	1.1679
CENTS_p_TCGASNP_212_216_217_N_GenomeWideSNP_6_C03_1039448	9	39134926	39342825	65	0.5257
CENTS_p_TCGASNP_212_216_217_N_GenomeWideSNP_6_C03_1039448	9	39743166	40562022	17	-0.289
CENTS_p_TCGASNP_212_216_217_N_GenomeWideSNP_6_C03_1039448	9	40585775	43187967	82	0.6457
CENTS_p_TCGASNP_212_216_217_N_GenomeWideSNP_6_C03_1039448	9	43315670	44136790	43	-0.3364
CENTS_p_TCGASNP_212_216_217_N_GenomeWideSNP_6_C03_1039448	9	44145352	68183981	238	0.2647
CENTS_p_TCGASNP_212_216_217_N_GenomeWideSNP_6_C03_1039448	9	68186051	68186057	4	2.2315
CENTS_p_TCGASNP_212_216_217_N_GenomeWideSNP_6_C03_1039448	9	68186059	138211368	47163	0.2834
CENTS_p_TCGASNP_212_216_217_N_GenomeWideSNP_6_C03_1039448	9	138214105	138215622	2	-1.3961
CENTS_p_TCGASNP_212_216_217_N_GenomeWideSNP_6_C03_1039448	9	138216412	141071527	1110	0.2856
CENTS_p_TCGASNP_212_216_217_N_GenomeWideSNP_6_C03_1039448	9	141071940	141091394	6	0.5925
CENTS_p_TCGASNP_212_216_217_N_GenomeWideSNP_6_C03_1039448	10	72759	2783225	2161	-0.5849
CENTS_p_TCGASNP_212_216_217_N_GenomeWideSNP_6_C03_1039448	10	2784913	2784947	3	-2.1244
CENTS_p_TCGASNP_212_216_217_N_GenomeWideSNP_6_C03_1039448	10	2785500	3818252	956	-0.5717
CENTS_p_TCGASNP_212_216_217_N_GenomeWideSNP_6_C03_1039448	10	3818415	3818477	4	1.1338
CENTS_p_TCGASNP_212_216_217_N_GenomeWideSNP_6_C03_1039448	10	3819040	7510254	3363	-0.5616
CENTS_p_TCGASNP_212_216_217_N_GenomeWideSNP_6_C03_1039448	10	7514583	7605932	82	0.9924
CENTS_p_TCGASNP_212_216_217_N_GenomeWideSNP_6_C03_1039448	10	7609268	8538492	762	-0.5566
CENTS_p_TCGASNP_212_216_217_N_GenomeWideSNP_6_C03_1039448	10	8539005	8946546	373	0.7433
CENTS_p_TCGASNP_212_216_217_N_GenomeWideSNP_6_C03_1039448	10	8947118	10882622	1530	1.3388
CENTS_p_TCGASNP_212_216_217_N_GenomeWideSNP_6_C03_1039448	10	10883019	10887345	2	0.2181
CENTS_p_TCGASNP_212_216_217_N_GenomeWideSNP_6_C03_1039448	10	10887457	14056534	2613	1.4109
CENTS_p_TCGASNP_212_216_217_N_GenomeWideSNP_6_C03_1039448	10	14056663	14060679	2	-0.2352
CENTS_p_TCGASNP_212_216_217_N_GenomeWideSNP_6_C03_1039448	10	14061136	14640579	582	1.4373
CENTS_p_TCGASNP_212_216_217_N_GenomeWideSNP_6_C03_1039448	10	14640713	14640746	2	3.0877
CENTS_p_TCGASNP_212_216_217_N_GenomeWideSNP_6_C03_1039448	10	14641359	14839071	195	1.4726
CENTS_p_TCGASNP_212_216_217_N_GenomeWideSNP_6_C03_1039448	10	14842947	14942232	52	1.2314
CENTS_p_TCGASNP_212_216_217_N_GenomeWideSNP_6_C03_1039448	10	14943289	15930455	716	0.8398
CENTS_p_TCGASNP_212_216_217_N_GenomeWideSNP_6_C03_1039448	10	15930626	15930641	2	-0.5871
CENTS_p_TCGASNP_212_216_217_N_GenomeWideSNP_6_C03_1039448	10	15930668	16928589	787	0.8515
CENTS_p_TCGASNP_212_216_217_N_GenomeWideSNP_6_C03_1039448	10	16928616	17537819	513	1.2718
CENTS_p_TCGASNP_212_216_217_N_GenomeWideSNP_6_C03_1039448	10	17538889	17728180	124	0.7686
CENTS_p_TCGASNP_212_216_217_N_GenomeWideSNP_6_C03_1039448	10	17728306	17779314	38	0.5157
CENTS_p_TCGASNP_212_216_217_N_GenomeWideSNP_6_C03_1039448	10	17795677	17949857	11	-0.4127
CENTS_p_TCGASNP_212_216_217_N_GenomeWideSNP_6_C03_1039448	10	17971816	18546624	282	0.2462
CENTS_p_TCGASNP_212_216_217_N_GenomeWideSNP_6_C03_1039448	10	18548759	18588731	40	0.5061
CENTS_p_TCGASNP_212_216_217_N_GenomeWideSNP_6_C03_1039448	10	18590219	18665683	71	-0.0044
CENTS_p_TCGASNP_212_216_217_N_GenomeWideSNP_6_C03_1039448	10	18668923	18885740	196	0.24
CENTS_p_TCGASNP_212_216_217_N_GenomeWideSNP_6_C03_1039448	10	18885852	18936330	41	-0.0194
CENTS_p_TCGASNP_212_216_217_N_GenomeWideSNP_6_C03_1039448	10	18939258	19179390	182	0.3025
CENTS_p_TCGASNP_212_216_217_N_GenomeWideSNP_6_C03_1039448	10	19184054	19500137	227	0.0261
CENTS_p_TCGASNP_212_216_217_N_GenomeWideSNP_6_C03_1039448	10	19500152	19825182	271	0.2867
CENTS_p_TCGASNP_212_216_217_N_GenomeWideSNP_6_C03_1039448	10	19825372	20394779	481	0.0155
CENTS_p_TCGASNP_212_216_217_N_GenomeWideSNP_6_C03_1039448	10	20395686	21814627	1064	0.3099
CENTS_p_TCGASNP_212_216_217_N_GenomeWideSNP_6_C03_1039448	10	21825409	23700371	1025	0.6625
CENTS_p_TCGASNP_212_216_217_N_GenomeWideSNP_6_C03_1039448	10	23702092	23706861	4	-0.671
CENTS_p_TCGASNP_212_216_217_N_GenomeWideSNP_6_C03_1039448	10	23713862	23869190	98	0.5827
CENTS_p_TCGASNP_212_216_217_N_GenomeWideSNP_6_C03_1039448	10	23869533	24375263	377	0.8378
CENTS_p_TCGASNP_212_216_217_N_GenomeWideSNP_6_C03_1039448	10	24377674	24377682	7	1.6354
CENTS_p_TCGASNP_212_216_217_N_GenomeWideSNP_6_C03_1039448	10	24377918	24899614	414	0.8435
CENTS_p_TCGASNP_212_216_217_N_GenomeWideSNP_6_C03_1039448	10	24901100	25312307	230	0.2794
CENTS_p_TCGASNP_212_216_217_N_GenomeWideSNP_6_C03_1039448	10	25314603	26494218	840	0.0151
CENTS_p_TCGASNP_212_216_217_N_GenomeWideSNP_6_C03_1039448	10	26497419	28535825	1379	-0.5602
CENTS_p_TCGASNP_212_216_217_N_GenomeWideSNP_6_C03_1039448	10	28536136	28643393	123	0.1416
CENTS_p_TCGASNP_212_216_217_N_GenomeWideSNP_6_C03_1039448	10	28646618	29875489	973	-0.5621
CENTS_p_TCGASNP_212_216_217_N_GenomeWideSNP_6_C03_1039448	10	29876629	29876772	2	-2.1363
CENTS_p_TCGASNP_212_216_217_N_GenomeWideSNP_6_C03_1039448	10	29878022	37105602	5006	-0.5538
CENTS_p_TCGASNP_212_216_217_N_GenomeWideSNP_6_C03_1039448	10	37108182	37592990	262	-0.1606
CENTS_p_TCGASNP_212_216_217_N_GenomeWideSNP_6_C03_1039448	10	37594908	47771030	3451	-0.5229
CENTS_p_TCGASNP_212_216_217_N_GenomeWideSNP_6_C03_1039448	10	47897394	48036571	10	0.5775
CENTS_p_TCGASNP_212_216_217_N_GenomeWideSNP_6_C03_1039448	10	48045579	50732280	1432	-0.5511
CENTS_p_TCGASNP_212_216_217_N_GenomeWideSNP_6_C03_1039448	10	50736519	51136387	224	0.9996
CENTS_p_TCGASNP_212_216_217_N_GenomeWideSNP_6_C03_1039448	10	51197138	51659444	67	-0.5626
CENTS_p_TCGASNP_212_216_217_N_GenomeWideSNP_6_C03_1039448	10	51735651	52167941	183	0.8266
CENTS_p_TCGASNP_212_216_217_N_GenomeWideSNP_6_C03_1039448	10	52168805	58922857	5081	0.2825
CENTS_p_TCGASNP_212_216_217_N_GenomeWideSNP_6_C03_1039448	10	58925995	58926473	2	-1.3504
CENTS_p_TCGASNP_212_216_217_N_GenomeWideSNP_6_C03_1039448	10	58926899	59051847	84	0.3069
CENTS_p_TCGASNP_212_216_217_N_GenomeWideSNP_6_C03_1039448	10	59052409	59108617	81	0.0357
CENTS_p_TCGASNP_212_216_217_N_GenomeWideSNP_6_C03_1039448	10	59110818	59772547	489	0.2857
CENTS_p_TCGASNP_212_216_217_N_GenomeWideSNP_6_C03_1039448	10	59774764	59779977	6	-0.4706
CENTS_p_TCGASNP_212_216_217_N_GenomeWideSNP_6_C03_1039448	10	59780146	63424443	2624	0.3729
CENTS_p_TCGASNP_212_216_217_N_GenomeWideSNP_6_C03_1039448	10	63424459	69611088	4134	0.7328
CENTS_p_TCGASNP_212_216_217_N_GenomeWideSNP_6_C03_1039448	10	69615184	77636050	4742	0.2847
CENTS_p_TCGASNP_212_216_217_N_GenomeWideSNP_6_C03_1039448	10	77637866	79846533	1709	-0.1838
CENTS_p_TCGASNP_212_216_217_N_GenomeWideSNP_6_C03_1039448	10	79854310	81383874	1212	0.1071
CENTS_p_TCGASNP_212_216_217_N_GenomeWideSNP_6_C03_1039448	10	81383884	81423240	6	-0.637
CENTS_p_TCGASNP_212_216_217_N_GenomeWideSNP_6_C03_1039448	10	81423379	83019714	964	0.1043
CENTS_p_TCGASNP_212_216_217_N_GenomeWideSNP_6_C03_1039448	10	83020411	84618596	1248	0.6845
CENTS_p_TCGASNP_212_216_217_N_GenomeWideSNP_6_C03_1039448	10	84618609	84835314	177	0.2993
CENTS_p_TCGASNP_212_216_217_N_GenomeWideSNP_6_C03_1039448	10	84837238	85052934	133	0.6382
CENTS_p_TCGASNP_212_216_217_N_GenomeWideSNP_6_C03_1039448	10	85057810	88689402	2610	0.2885
CENTS_p_TCGASNP_212_216_217_N_GenomeWideSNP_6_C03_1039448	10	88692755	114955329	16983	-0.1894
CENTS_p_TCGASNP_212_216_217_N_GenomeWideSNP_6_C03_1039448	10	114968901	121724910	4648	-0.5568
CENTS_p_TCGASNP_212_216_217_N_GenomeWideSNP_6_C03_1039448	10	121726702	122602931	803	-0.1614
CENTS_p_TCGASNP_212_216_217_N_GenomeWideSNP_6_C03_1039448	10	122608804	122690698	58	0.1054
CENTS_p_TCGASNP_212_216_217_N_GenomeWideSNP_6_C03_1039448	10	122698847	125368406	2311	0.8786
CENTS_p_TCGASNP_212_216_217_N_GenomeWideSNP_6_C03_1039448	10	125368606	125703023	257	0.6486
CENTS_p_TCGASNP_212_216_217_N_GenomeWideSNP_6_C03_1039448	10	125710535	126903068	716	-0.1789
CENTS_p_TCGASNP_212_216_217_N_GenomeWideSNP_6_C03_1039448	10	126905510	127050149	88	0.1387
CENTS_p_TCGASNP_212_216_217_N_GenomeWideSNP_6_C03_1039448	10	127053266	127167199	72	-0.5956
CENTS_p_TCGASNP_212_216_217_N_GenomeWideSNP_6_C03_1039448	10	127170394	132270771	3976	-0.2332
CENTS_p_TCGASNP_212_216_217_N_GenomeWideSNP_6_C03_1039448	10	132270842	132270895	2	-2.0329
CENTS_p_TCGASNP_212_216_217_N_GenomeWideSNP_6_C03_1039448	10	132271141	135506704	2000	-0.2563
CENTS_p_TCGASNP_212_216_217_N_GenomeWideSNP_6_C03_1039448	11	198510	4239054	1789	0.0423
CENTS_p_TCGASNP_212_216_217_N_GenomeWideSNP_6_C03_1039448	11	4250013	4319714	24	-0.5454
CENTS_p_TCGASNP_212_216_217_N_GenomeWideSNP_6_C03_1039448	11	4328172	4968117	664	0.0586
CENTS_p_TCGASNP_212_216_217_N_GenomeWideSNP_6_C03_1039448	11	4968510	4974029	25	-0.3105
CENTS_p_TCGASNP_212_216_217_N_GenomeWideSNP_6_C03_1039448	11	4975164	5783923	801	0.0331
CENTS_p_TCGASNP_212_216_217_N_GenomeWideSNP_6_C03_1039448	11	5787405	5812360	36	0.5347
CENTS_p_TCGASNP_212_216_217_N_GenomeWideSNP_6_C03_1039448	11	5816186	6117976	243	0.0754
CENTS_p_TCGASNP_212_216_217_N_GenomeWideSNP_6_C03_1039448	11	6120647	6122094	2	1.1306
CENTS_p_TCGASNP_212_216_217_N_GenomeWideSNP_6_C03_1039448	11	6122503	18936254	9174	0.0386
CENTS_p_TCGASNP_212_216_217_N_GenomeWideSNP_6_C03_1039448	11	18937467	18970705	68	0.3274
CENTS_p_TCGASNP_212_216_217_N_GenomeWideSNP_6_C03_1039448	11	18970748	20843891	1674	0.0401
CENTS_p_TCGASNP_212_216_217_N_GenomeWideSNP_6_C03_1039448	11	20844852	20849497	2	-1.2519
CENTS_p_TCGASNP_212_216_217_N_GenomeWideSNP_6_C03_1039448	11	20849758	21754685	847	0.0467
CENTS_p_TCGASNP_212_216_217_N_GenomeWideSNP_6_C03_1039448	11	21757507	21763092	2	-1.4016
CENTS_p_TCGASNP_212_216_217_N_GenomeWideSNP_6_C03_1039448	11	21763093	24286221	1752	0.0212
CENTS_p_TCGASNP_212_216_217_N_GenomeWideSNP_6_C03_1039448	11	24286299	24287499	3	-1.1397
CENTS_p_TCGASNP_212_216_217_N_GenomeWideSNP_6_C03_1039448	11	24289539	38454421	9994	0.0328
CENTS_p_TCGASNP_212_216_217_N_GenomeWideSNP_6_C03_1039448	11	38457948	38463187	17	-0.7794
CENTS_p_TCGASNP_212_216_217_N_GenomeWideSNP_6_C03_1039448	11	38467336	46837546	5551	0.05
CENTS_p_TCGASNP_212_216_217_N_GenomeWideSNP_6_C03_1039448	11	46837892	46920730	39	0.3073
CENTS_p_TCGASNP_212_216_217_N_GenomeWideSNP_6_C03_1039448	11	46924236	51564427	1721	0.0287
CENTS_p_TCGASNP_212_216_217_N_GenomeWideSNP_6_C03_1039448	11	54701645	54758291	4	1.1437
CENTS_p_TCGASNP_212_216_217_N_GenomeWideSNP_6_C03_1039448	11	54773893	55363340	235	0.0476
CENTS_p_TCGASNP_212_216_217_N_GenomeWideSNP_6_C03_1039448	11	55374032	55453009	59	0.3561
CENTS_p_TCGASNP_212_216_217_N_GenomeWideSNP_6_C03_1039448	11	55453576	58809997	2078	0.0377
CENTS_p_TCGASNP_212_216_217_N_GenomeWideSNP_6_C03_1039448	11	58811241	58855019	23	0.4861
CENTS_p_TCGASNP_212_216_217_N_GenomeWideSNP_6_C03_1039448	11	58855046	60949760	1291	0.0578
CENTS_p_TCGASNP_212_216_217_N_GenomeWideSNP_6_C03_1039448	11	60952428	60952911	6	-1.0899
CENTS_p_TCGASNP_212_216_217_N_GenomeWideSNP_6_C03_1039448	11	60953266	88321898	15842	0.0244
CENTS_p_TCGASNP_212_216_217_N_GenomeWideSNP_6_C03_1039448	11	88322260	89487949	698	-0.2562
CENTS_p_TCGASNP_212_216_217_N_GenomeWideSNP_6_C03_1039448	11	89492878	89535468	6	-1.4098
CENTS_p_TCGASNP_212_216_217_N_GenomeWideSNP_6_C03_1039448	11	89535666	90565044	564	-0.2856
CENTS_p_TCGASNP_212_216_217_N_GenomeWideSNP_6_C03_1039448	11	90566513	90571038	5	-1.2563
CENTS_p_TCGASNP_212_216_217_N_GenomeWideSNP_6_C03_1039448	11	90572164	93331287	1984	-0.2828
CENTS_p_TCGASNP_212_216_217_N_GenomeWideSNP_6_C03_1039448	11	93332181	93332527	4	-1.4608
CENTS_p_TCGASNP_212_216_217_N_GenomeWideSNP_6_C03_1039448	11	93336949	103352646	7294	-0.2773
CENTS_p_TCGASNP_212_216_217_N_GenomeWideSNP_6_C03_1039448	11	103357473	103359977	4	-1.5254
CENTS_p_TCGASNP_212_216_217_N_GenomeWideSNP_6_C03_1039448	11	103360404	104920080	1189	-0.2637
CENTS_p_TCGASNP_212_216_217_N_GenomeWideSNP_6_C03_1039448	11	104923862	104931233	9	-1.3328
CENTS_p_TCGASNP_212_216_217_N_GenomeWideSNP_6_C03_1039448	11	104931756	134944770	21427	-0.2801
CENTS_p_TCGASNP_212_216_217_N_GenomeWideSNP_6_C03_1039448	12	150442	2438810	1439	0.8236
CENTS_p_TCGASNP_212_216_217_N_GenomeWideSNP_6_C03_1039448	12	2440464	8556693	4170	-0.5509
CENTS_p_TCGASNP_212_216_217_N_GenomeWideSNP_6_C03_1039448	12	8558488	8584672	22	0.8495
CENTS_p_TCGASNP_212_216_217_N_GenomeWideSNP_6_C03_1039448	12	8594894	9461228	481	-0.5721
CENTS_p_TCGASNP_212_216_217_N_GenomeWideSNP_6_C03_1039448	12	9467809	9472643	3	-2.248
CENTS_p_TCGASNP_212_216_217_N_GenomeWideSNP_6_C03_1039448	12	9473157	23223112	9293	-0.5464
CENTS_p_TCGASNP_212_216_217_N_GenomeWideSNP_6_C03_1039448	12	23240394	25402069	1633	0.9566
CENTS_p_TCGASNP_212_216_217_N_GenomeWideSNP_6_C03_1039448	12	25402208	25402468	3	-0.0078
CENTS_p_TCGASNP_212_216_217_N_GenomeWideSNP_6_C03_1039448	12	25404604	27897826	1810	0.8688
CENTS_p_TCGASNP_212_216_217_N_GenomeWideSNP_6_C03_1039448	12	27898297	28766116	602	1.2768
CENTS_p_TCGASNP_212_216_217_N_GenomeWideSNP_6_C03_1039448	12	28767620	29786137	770	1.4965
CENTS_p_TCGASNP_212_216_217_N_GenomeWideSNP_6_C03_1039448	12	29786521	30104475	205	1.0528
CENTS_p_TCGASNP_212_216_217_N_GenomeWideSNP_6_C03_1039448	12	30107559	31906672	1390	0.6339
CENTS_p_TCGASNP_212_216_217_N_GenomeWideSNP_6_C03_1039448	12	31907274	31909908	2	-7.2199
CENTS_p_TCGASNP_212_216_217_N_GenomeWideSNP_6_C03_1039448	12	31917220	33379966	1089	0.5991
CENTS_p_TCGASNP_212_216_217_N_GenomeWideSNP_6_C03_1039448	12	33385830	33395418	7	-1.4686
CENTS_p_TCGASNP_212_216_217_N_GenomeWideSNP_6_C03_1039448	12	33399053	34207009	514	0.5988
CENTS_p_TCGASNP_212_216_217_N_GenomeWideSNP_6_C03_1039448	12	34208356	34216305	7	0.0322
CENTS_p_TCGASNP_212_216_217_N_GenomeWideSNP_6_C03_1039448	12	34217500	34316296	61	0.5903
CENTS_p_TCGASNP_212_216_217_N_GenomeWideSNP_6_C03_1039448	12	34317844	45904438	4994	0.1538
CENTS_p_TCGASNP_212_216_217_N_GenomeWideSNP_6_C03_1039448	12	45905840	45909537	3	-1.4329
CENTS_p_TCGASNP_212_216_217_N_GenomeWideSNP_6_C03_1039448	12	45913292	63919989	10654	0.0909
CENTS_p_TCGASNP_212_216_217_N_GenomeWideSNP_6_C03_1039448	12	63920585	63924805	3	-1.2959
CENTS_p_TCGASNP_212_216_217_N_GenomeWideSNP_6_C03_1039448	12	63932963	84157733	12988	0.0826
CENTS_p_TCGASNP_212_216_217_N_GenomeWideSNP_6_C03_1039448	12	84160663	84161185	7	-0.7384
CENTS_p_TCGASNP_212_216_217_N_GenomeWideSNP_6_C03_1039448	12	84162719	86693811	1487	0.0755
CENTS_p_TCGASNP_212_216_217_N_GenomeWideSNP_6_C03_1039448	12	86701082	86712801	6	-0.6082
CENTS_p_TCGASNP_212_216_217_N_GenomeWideSNP_6_C03_1039448	12	86715369	87526622	410	0.1111
CENTS_p_TCGASNP_212_216_217_N_GenomeWideSNP_6_C03_1039448	12	87530913	87533261	3	-1.1159
CENTS_p_TCGASNP_212_216_217_N_GenomeWideSNP_6_C03_1039448	12	87538392	99795851	8201	0.1683
CENTS_p_TCGASNP_212_216_217_N_GenomeWideSNP_6_C03_1039448	12	99796186	99803093	26	0.5452
CENTS_p_TCGASNP_212_216_217_N_GenomeWideSNP_6_C03_1039448	12	99803118	133778189	22766	0.2131
CENTS_p_TCGASNP_212_216_217_N_GenomeWideSNP_6_C03_1039448	13	19026949	22236266	1816	-0.1966
CENTS_p_TCGASNP_212_216_217_N_GenomeWideSNP_6_C03_1039448	13	22238777	22239042	3	-1.5067
CENTS_p_TCGASNP_212_216_217_N_GenomeWideSNP_6_C03_1039448	13	22246327	38075965	11744	-0.2025
CENTS_p_TCGASNP_212_216_217_N_GenomeWideSNP_6_C03_1039448	13	38076267	38084757	12	-1.2162
CENTS_p_TCGASNP_212_216_217_N_GenomeWideSNP_6_C03_1039448	13	38088330	57758389	12545	-0.1944
CENTS_p_TCGASNP_212_216_217_N_GenomeWideSNP_6_C03_1039448	13	57758626	57778380	30	-1.0417
CENTS_p_TCGASNP_212_216_217_N_GenomeWideSNP_6_C03_1039448	13	57789714	72476988	9001	-0.2181
CENTS_p_TCGASNP_212_216_217_N_GenomeWideSNP_6_C03_1039448	13	72477555	72480556	4	-3.2684
CENTS_p_TCGASNP_212_216_217_N_GenomeWideSNP_6_C03_1039448	13	72480605	75982777	2574	-0.1986
CENTS_p_TCGASNP_212_216_217_N_GenomeWideSNP_6_C03_1039448	13	75983538	75983761	2	-2.4561
CENTS_p_TCGASNP_212_216_217_N_GenomeWideSNP_6_C03_1039448	13	75986384	88083061	7672	-0.1885
CENTS_p_TCGASNP_212_216_217_N_GenomeWideSNP_6_C03_1039448	13	88084516	88084758	2	-1.6987
CENTS_p_TCGASNP_212_216_217_N_GenomeWideSNP_6_C03_1039448	13	88092539	98654994	6775	-0.2077
CENTS_p_TCGASNP_212_216_217_N_GenomeWideSNP_6_C03_1039448	13	98660965	98670641	6	-1.004
CENTS_p_TCGASNP_212_216_217_N_GenomeWideSNP_6_C03_1039448	13	98675951	115108397	12110	-0.2193
CENTS_p_TCGASNP_212_216_217_N_GenomeWideSNP_6_C03_1039448	14	19002124	19541714	39	-0.2249
CENTS_p_TCGASNP_212_216_217_N_GenomeWideSNP_6_C03_1039448	14	19557041	20422583	148	0.6628
CENTS_p_TCGASNP_212_216_217_N_GenomeWideSNP_6_C03_1039448	14	20423372	58133798	24106	-0.1914
CENTS_p_TCGASNP_212_216_217_N_GenomeWideSNP_6_C03_1039448	14	58138959	58152955	13	-0.9648
CENTS_p_TCGASNP_212_216_217_N_GenomeWideSNP_6_C03_1039448	14	58153239	74001123	10020	-0.1899
CENTS_p_TCGASNP_212_216_217_N_GenomeWideSNP_6_C03_1039448	14	74006707	74020979	8	0.9105
CENTS_p_TCGASNP_212_216_217_N_GenomeWideSNP_6_C03_1039448	14	74029900	82856284	5794	-0.1938
CENTS_p_TCGASNP_212_216_217_N_GenomeWideSNP_6_C03_1039448	14	82857376	82866582	4	-1.1511
CENTS_p_TCGASNP_212_216_217_N_GenomeWideSNP_6_C03_1039448	14	82867049	106460902	14988	-0.2018
CENTS_p_TCGASNP_212_216_217_N_GenomeWideSNP_6_C03_1039448	14	106479675	106482296	4	1.0532
CENTS_p_TCGASNP_212_216_217_N_GenomeWideSNP_6_C03_1039448	14	106487040	106530364	19	-0.2437
CENTS_p_TCGASNP_212_216_217_N_GenomeWideSNP_6_C03_1039448	14	106530687	106569463	18	0.4505
CENTS_p_TCGASNP_212_216_217_N_GenomeWideSNP_6_C03_1039448	14	106574118	106715489	65	-0.1289
CENTS_p_TCGASNP_212_216_217_N_GenomeWideSNP_6_C03_1039448	14	106717356	106723516	7	-0.7709
CENTS_p_TCGASNP_212_216_217_N_GenomeWideSNP_6_C03_1039448	14	106727469	106796697	32	-0.1889
CENTS_p_TCGASNP_212_216_217_N_GenomeWideSNP_6_C03_1039448	14	106801355	106802053	4	-1.771
CENTS_p_TCGASNP_212_216_217_N_GenomeWideSNP_6_C03_1039448	14	106815943	107160325	219	-0.1997
CENTS_p_TCGASNP_212_216_217_N_GenomeWideSNP_6_C03_1039448	14	107160399	107178457	16	0.4069
CENTS_p_TCGASNP_212_216_217_N_GenomeWideSNP_6_C03_1039448	14	107178572	107285437	73	-0.2821
CENTS_p_TCGASNP_212_216_217_N_GenomeWideSNP_6_C03_1039448	15	20016328	21173853	266	-0.308
CENTS_p_TCGASNP_212_216_217_N_GenomeWideSNP_6_C03_1039448	15	21173886	21284276	24	-1.091
CENTS_p_TCGASNP_212_216_217_N_GenomeWideSNP_6_C03_1039448	15	21290776	22284954	19	-0.4739
CENTS_p_TCGASNP_212_216_217_N_GenomeWideSNP_6_C03_1039448	15	22285769	22681250	116	0.1244
CENTS_p_TCGASNP_212_216_217_N_GenomeWideSNP_6_C03_1039448	15	22751094	27918623	3388	-0.2446
CENTS_p_TCGASNP_212_216_217_N_GenomeWideSNP_6_C03_1039448	15	27919497	27927806	13	-1.4973
CENTS_p_TCGASNP_212_216_217_N_GenomeWideSNP_6_C03_1039448	15	27928794	30370031	1271	-0.2569
CENTS_p_TCGASNP_212_216_217_N_GenomeWideSNP_6_C03_1039448	15	30386411	30900878	111	-0.7027
CENTS_p_TCGASNP_212_216_217_N_GenomeWideSNP_6_C03_1039448	15	30913587	32439311	1048	-0.2548
CENTS_p_TCGASNP_212_216_217_N_GenomeWideSNP_6_C03_1039448	15	32441633	32876984	71	-0.4962
CENTS_p_TCGASNP_212_216_217_N_GenomeWideSNP_6_C03_1039448	15	32902983	34739921	1503	-0.2328
CENTS_p_TCGASNP_212_216_217_N_GenomeWideSNP_6_C03_1039448	15	34745719	34746462	3	-1.3328
CENTS_p_TCGASNP_212_216_217_N_GenomeWideSNP_6_C03_1039448	15	34747343	43990428	5768	-0.1983
CENTS_p_TCGASNP_212_216_217_N_GenomeWideSNP_6_C03_1039448	15	43991014	43995888	4	-1.3207
CENTS_p_TCGASNP_212_216_217_N_GenomeWideSNP_6_C03_1039448	15	44012040	45360094	573	-0.2062
CENTS_p_TCGASNP_212_216_217_N_GenomeWideSNP_6_C03_1039448	15	45367524	45367849	2	-2.1486
CENTS_p_TCGASNP_212_216_217_N_GenomeWideSNP_6_C03_1039448	15	45370524	45737100	218	-0.1695
CENTS_p_TCGASNP_212_216_217_N_GenomeWideSNP_6_C03_1039448	15	45737437	45748752	5	-1.465
CENTS_p_TCGASNP_212_216_217_N_GenomeWideSNP_6_C03_1039448	15	45757083	48259526	1698	-0.1897
CENTS_p_TCGASNP_212_216_217_N_GenomeWideSNP_6_C03_1039448	15	48261419	48264304	2	-1.5062
CENTS_p_TCGASNP_212_216_217_N_GenomeWideSNP_6_C03_1039448	15	48266853	51115547	1672	-0.191
CENTS_p_TCGASNP_212_216_217_N_GenomeWideSNP_6_C03_1039448	15	51118841	51119388	2	-1.3161
CENTS_p_TCGASNP_212_216_217_N_GenomeWideSNP_6_C03_1039448	15	51119481	55135835	2790	-0.1864
CENTS_p_TCGASNP_212_216_217_N_GenomeWideSNP_6_C03_1039448	15	55135962	55136689	4	-1.1246
CENTS_p_TCGASNP_212_216_217_N_GenomeWideSNP_6_C03_1039448	15	55136755	69329815	9528	-0.1951
CENTS_p_TCGASNP_212_216_217_N_GenomeWideSNP_6_C03_1039448	15	69331285	69331360	2	1.169
CENTS_p_TCGASNP_212_216_217_N_GenomeWideSNP_6_C03_1039448	15	69337675	76869929	4251	-0.1945
CENTS_p_TCGASNP_212_216_217_N_GenomeWideSNP_6_C03_1039448	15	76878362	76895775	23	0.6035
CENTS_p_TCGASNP_212_216_217_N_GenomeWideSNP_6_C03_1039448	15	76902179	82695702	3655	-0.1986
CENTS_p_TCGASNP_212_216_217_N_GenomeWideSNP_6_C03_1039448	15	82895028	83108839	12	-0.9031
CENTS_p_TCGASNP_212_216_217_N_GenomeWideSNP_6_C03_1039448	15	83169549	84540717	764	-0.218
CENTS_p_TCGASNP_212_216_217_N_GenomeWideSNP_6_C03_1039448	15	84540738	84547867	9	-1.166
CENTS_p_TCGASNP_212_216_217_N_GenomeWideSNP_6_C03_1039448	15	84547898	92765755	5795	-0.2036
CENTS_p_TCGASNP_212_216_217_N_GenomeWideSNP_6_C03_1039448	15	92765874	92766294	3	2.0845
CENTS_p_TCGASNP_212_216_217_N_GenomeWideSNP_6_C03_1039448	15	92766758	102469040	7440	-0.2095
CENTS_p_TCGASNP_212_216_217_N_GenomeWideSNP_6_C03_1039448	16	60777	34012168	20392	0.0726
CENTS_p_TCGASNP_212_216_217_N_GenomeWideSNP_6_C03_1039448	16	34197351	58942985	8823	-0.5293
CENTS_p_TCGASNP_212_216_217_N_GenomeWideSNP_6_C03_1039448	16	58947475	58948231	3	-3.3291
CENTS_p_TCGASNP_212_216_217_N_GenomeWideSNP_6_C03_1039448	16	58955655	70854381	7146	-0.5318
CENTS_p_TCGASNP_212_216_217_N_GenomeWideSNP_6_C03_1039448	16	70855202	71205194	141	-0.1272
CENTS_p_TCGASNP_212_216_217_N_GenomeWideSNP_6_C03_1039448	16	71205908	75237413	2494	-0.5311
CENTS_p_TCGASNP_212_216_217_N_GenomeWideSNP_6_C03_1039448	16	75238103	75255129	9	-1.4952
CENTS_p_TCGASNP_212_216_217_N_GenomeWideSNP_6_C03_1039448	16	75255217	78371608	2723	-0.5343
CENTS_p_TCGASNP_212_216_217_N_GenomeWideSNP_6_C03_1039448	16	78372440	78384738	16	-1.5793
CENTS_p_TCGASNP_212_216_217_N_GenomeWideSNP_6_C03_1039448	16	78384765	84824107	7062	-0.5419
CENTS_p_TCGASNP_212_216_217_N_GenomeWideSNP_6_C03_1039448	16	84824979	84988221	126	0.0969
CENTS_p_TCGASNP_212_216_217_N_GenomeWideSNP_6_C03_1039448	16	84995443	85656358	425	0.4542
CENTS_p_TCGASNP_212_216_217_N_GenomeWideSNP_6_C03_1039448	16	85663179	85696452	9	-0.0064
CENTS_p_TCGASNP_212_216_217_N_GenomeWideSNP_6_C03_1039448	16	85696618	85892982	141	-0.5977
CENTS_p_TCGASNP_212_216_217_N_GenomeWideSNP_6_C03_1039448	16	85893695	88136668	2029	0.0854
CENTS_p_TCGASNP_212_216_217_N_GenomeWideSNP_6_C03_1039448	16	88149603	90287535	836	0.4433
CENTS_p_TCGASNP_212_216_217_N_GenomeWideSNP_6_C03_1039448	17	526	2222492	1064	-0.551
CENTS_p_TCGASNP_212_216_217_N_GenomeWideSNP_6_C03_1039448	17	2233627	9326486	4181	-1.0436
CENTS_p_TCGASNP_212_216_217_N_GenomeWideSNP_6_C03_1039448	17	9327528	9653493	212	-0.6007
CENTS_p_TCGASNP_212_216_217_N_GenomeWideSNP_6_C03_1039448	17	9653852	9812235	170	-0.1969
CENTS_p_TCGASNP_212_216_217_N_GenomeWideSNP_6_C03_1039448	17	9812729	10554903	536	-0.5647
CENTS_p_TCGASNP_212_216_217_N_GenomeWideSNP_6_C03_1039448	17	10558733	10611429	30	-0.1489
CENTS_p_TCGASNP_212_216_217_N_GenomeWideSNP_6_C03_1039448	17	10613019	10762200	82	-0.5079
CENTS_p_TCGASNP_212_216_217_N_GenomeWideSNP_6_C03_1039448	17	10762852	11573091	706	-0.1797
CENTS_p_TCGASNP_212_216_217_N_GenomeWideSNP_6_C03_1039448	17	11574376	12322194	505	-0.5733
CENTS_p_TCGASNP_212_216_217_N_GenomeWideSNP_6_C03_1039448	17	12326416	13789267	1145	-0.1948
CENTS_p_TCGASNP_212_216_217_N_GenomeWideSNP_6_C03_1039448	17	13791386	18278612	2736	-0.5601
CENTS_p_TCGASNP_212_216_217_N_GenomeWideSNP_6_C03_1039448	17	18278752	18505690	69	-0.2155
CENTS_p_TCGASNP_212_216_217_N_GenomeWideSNP_6_C03_1039448	17	18510158	19513763	378	-0.9531
CENTS_p_TCGASNP_212_216_217_N_GenomeWideSNP_6_C03_1039448	17	19514241	19524733	14	-1.6675
CENTS_p_TCGASNP_212_216_217_N_GenomeWideSNP_6_C03_1039448	17	19524751	19720838	138	-1.0085
CENTS_p_TCGASNP_212_216_217_N_GenomeWideSNP_6_C03_1039448	17	19721151	19881752	79	-0.5427
CENTS_p_TCGASNP_212_216_217_N_GenomeWideSNP_6_C03_1039448	17	19882084	20293091	188	-0.9641
CENTS_p_TCGASNP_212_216_217_N_GenomeWideSNP_6_C03_1039448	17	20307046	21113836	322	-0.418
CENTS_p_TCGASNP_212_216_217_N_GenomeWideSNP_6_C03_1039448	17	21114168	22012771	325	-0.8377
CENTS_p_TCGASNP_212_216_217_N_GenomeWideSNP_6_C03_1039448	17	22019967	22235650	90	-1.3558
CENTS_p_TCGASNP_212_216_217_N_GenomeWideSNP_6_C03_1039448	17	25270411	25271294	4	0.3703
CENTS_p_TCGASNP_212_216_217_N_GenomeWideSNP_6_C03_1039448	17	25274376	25388828	42	0.6969
CENTS_p_TCGASNP_212_216_217_N_GenomeWideSNP_6_C03_1039448	17	25390450	25455929	38	0.9925
CENTS_p_TCGASNP_212_216_217_N_GenomeWideSNP_6_C03_1039448	17	25462408	26954244	770	-0.1992
CENTS_p_TCGASNP_212_216_217_N_GenomeWideSNP_6_C03_1039448	17	26957175	30064826	1354	0.05
CENTS_p_TCGASNP_212_216_217_N_GenomeWideSNP_6_C03_1039448	17	30065088	30066672	3	-0.9034
CENTS_p_TCGASNP_212_216_217_N_GenomeWideSNP_6_C03_1039448	17	30067427	31243026	609	0.0616
CENTS_p_TCGASNP_212_216_217_N_GenomeWideSNP_6_C03_1039448	17	31245332	32123986	856	-0.2121
CENTS_p_TCGASNP_212_216_217_N_GenomeWideSNP_6_C03_1039448	17	32124402	32129991	3	-1.2328
CENTS_p_TCGASNP_212_216_217_N_GenomeWideSNP_6_C03_1039448	17	32130509	32252309	111	-0.2552
CENTS_p_TCGASNP_212_216_217_N_GenomeWideSNP_6_C03_1039448	17	32259440	32426842	136	0.2357
CENTS_p_TCGASNP_212_216_217_N_GenomeWideSNP_6_C03_1039448	17	32427045	32458849	30	0.5573
CENTS_p_TCGASNP_212_216_217_N_GenomeWideSNP_6_C03_1039448	17	32460065	32460166	3	0.2279
CENTS_p_TCGASNP_212_216_217_N_GenomeWideSNP_6_C03_1039448	17	32460717	34436708	1409	0.682
CENTS_p_TCGASNP_212_216_217_N_GenomeWideSNP_6_C03_1039448	17	34437128	34629696	42	1.22
CENTS_p_TCGASNP_212_216_217_N_GenomeWideSNP_6_C03_1039448	17	34816256	35126813	257	0.6838
CENTS_p_TCGASNP_212_216_217_N_GenomeWideSNP_6_C03_1039448	17	35129185	36300607	731	0.4225
CENTS_p_TCGASNP_212_216_217_N_GenomeWideSNP_6_C03_1039448	17	36410383	38070001	813	2.3848
CENTS_p_TCGASNP_212_216_217_N_GenomeWideSNP_6_C03_1039448	17	38077601	39421708	737	0.4075
CENTS_p_TCGASNP_212_216_217_N_GenomeWideSNP_6_C03_1039448	17	39423014	39430531	24	1.5721
CENTS_p_TCGASNP_212_216_217_N_GenomeWideSNP_6_C03_1039448	17	39432724	40301843	546	0.3976
CENTS_p_TCGASNP_212_216_217_N_GenomeWideSNP_6_C03_1039448	17	40304215	43648504	1620	0.6309
CENTS_p_TCGASNP_212_216_217_N_GenomeWideSNP_6_C03_1039448	17	43648540	43657921	5	-0.3037
CENTS_p_TCGASNP_212_216_217_N_GenomeWideSNP_6_C03_1039448	17	43658303	44364170	466	0.5539
CENTS_p_TCGASNP_212_216_217_N_GenomeWideSNP_6_C03_1039448	17	44394412	44752283	47	1.0589
CENTS_p_TCGASNP_212_216_217_N_GenomeWideSNP_6_C03_1039448	17	44752300	45552913	409	0.0562
CENTS_p_TCGASNP_212_216_217_N_GenomeWideSNP_6_C03_1039448	17	45554447	45598618	11	1.0743
CENTS_p_TCGASNP_212_216_217_N_GenomeWideSNP_6_C03_1039448	17	45599705	45671347	19	0.2725
CENTS_p_TCGASNP_212_216_217_N_GenomeWideSNP_6_C03_1039448	17	45673815	46644161	543	0.0476
CENTS_p_TCGASNP_212_216_217_N_GenomeWideSNP_6_C03_1039448	17	46667304	54159044	4832	0.4308
CENTS_p_TCGASNP_212_216_217_N_GenomeWideSNP_6_C03_1039448	17	54160914	54161171	4	-1.4946
CENTS_p_TCGASNP_212_216_217_N_GenomeWideSNP_6_C03_1039448	17	54161214	54172591	23	-3.8978
CENTS_p_TCGASNP_212_216_217_N_GenomeWideSNP_6_C03_1039448	17	54172823	60943605	3794	0.381
CENTS_p_TCGASNP_212_216_217_N_GenomeWideSNP_6_C03_1039448	17	60947260	67911567	4111	0.739
CENTS_p_TCGASNP_212_216_217_N_GenomeWideSNP_6_C03_1039448	17	67912416	68558690	502	0.45
CENTS_p_TCGASNP_212_216_217_N_GenomeWideSNP_6_C03_1039448	17	68563071	68662495	83	0.7812
CENTS_p_TCGASNP_212_216_217_N_GenomeWideSNP_6_C03_1039448	17	68663223	70242497	1286	0.451
CENTS_p_TCGASNP_212_216_217_N_GenomeWideSNP_6_C03_1039448	17	70242928	70866796	529	0.7357
CENTS_p_TCGASNP_212_216_217_N_GenomeWideSNP_6_C03_1039448	17	70867723	71970337	800	0.45
CENTS_p_TCGASNP_212_216_217_N_GenomeWideSNP_6_C03_1039448	17	71972755	81049726	4677	0.9343
CENTS_p_TCGASNP_212_216_217_N_GenomeWideSNP_6_C03_1039448	18	11543	20541792	11449	0.471
CENTS_p_TCGASNP_212_216_217_N_GenomeWideSNP_6_C03_1039448	18	20549442	55605119	23052	-0.5453
CENTS_p_TCGASNP_212_216_217_N_GenomeWideSNP_6_C03_1039448	18	55607858	56279547	513	0.4407
CENTS_p_TCGASNP_212_216_217_N_GenomeWideSNP_6_C03_1039448	18	56285051	57917848	1262	0.9373
CENTS_p_TCGASNP_212_216_217_N_GenomeWideSNP_6_C03_1039448	18	57917941	57918351	8	-0.0548
CENTS_p_TCGASNP_212_216_217_N_GenomeWideSNP_6_C03_1039448	18	57922111	58116442	142	0.9731
CENTS_p_TCGASNP_212_216_217_N_GenomeWideSNP_6_C03_1039448	18	58117122	58121231	15	-0.9548
CENTS_p_TCGASNP_212_216_217_N_GenomeWideSNP_6_C03_1039448	18	58126311	60373827	1489	1.0342
CENTS_p_TCGASNP_212_216_217_N_GenomeWideSNP_6_C03_1039448	18	60374583	63225174	2079	0.485
CENTS_p_TCGASNP_212_216_217_N_GenomeWideSNP_6_C03_1039448	18	63229157	63767140	397	-0.5421
CENTS_p_TCGASNP_212_216_217_N_GenomeWideSNP_6_C03_1039448	18	63767288	63767922	2	-2.4173
CENTS_p_TCGASNP_212_216_217_N_GenomeWideSNP_6_C03_1039448	18	63775595	66406747	1930	-0.5465
CENTS_p_TCGASNP_212_216_217_N_GenomeWideSNP_6_C03_1039448	18	66408427	78015057	8450	0.268
CENTS_p_TCGASNP_212_216_217_N_GenomeWideSNP_6_C03_1039448	19	90910	12098702	4752	-0.5187
CENTS_p_TCGASNP_212_216_217_N_GenomeWideSNP_6_C03_1039448	19	12104769	12272829	85	0.7743
CENTS_p_TCGASNP_212_216_217_N_GenomeWideSNP_6_C03_1039448	19	12281061	12909372	297	-0.4786
CENTS_p_TCGASNP_212_216_217_N_GenomeWideSNP_6_C03_1039448	19	12914285	13576657	287	0.6969
CENTS_p_TCGASNP_212_216_217_N_GenomeWideSNP_6_C03_1039448	19	13581369	14694399	425	1.1786
CENTS_p_TCGASNP_212_216_217_N_GenomeWideSNP_6_C03_1039448	19	14695353	17200158	1606	0.7386
CENTS_p_TCGASNP_212_216_217_N_GenomeWideSNP_6_C03_1039448	19	17205282	17430104	101	0.3908
CENTS_p_TCGASNP_212_216_217_N_GenomeWideSNP_6_C03_1039448	19	17436849	18524386	457	0.6522
CENTS_p_TCGASNP_212_216_217_N_GenomeWideSNP_6_C03_1039448	19	18525701	19022338	160	0.439
CENTS_p_TCGASNP_212_216_217_N_GenomeWideSNP_6_C03_1039448	19	19023253	19494058	212	0.0223
CENTS_p_TCGASNP_212_216_217_N_GenomeWideSNP_6_C03_1039448	19	19501000	19576323	44	-0.5596
CENTS_p_TCGASNP_212_216_217_N_GenomeWideSNP_6_C03_1039448	19	19578382	19955283	184	0.0769
CENTS_p_TCGASNP_212_216_217_N_GenomeWideSNP_6_C03_1039448	19	19957669	20245483	192	-0.4928
CENTS_p_TCGASNP_212_216_217_N_GenomeWideSNP_6_C03_1039448	19	20249466	20420460	85	-0.0778
CENTS_p_TCGASNP_212_216_217_N_GenomeWideSNP_6_C03_1039448	19	20425091	20853971	241	0.1417
CENTS_p_TCGASNP_212_216_217_N_GenomeWideSNP_6_C03_1039448	19	20855439	20870708	16	-0.0383
CENTS_p_TCGASNP_212_216_217_N_GenomeWideSNP_6_C03_1039448	19	20874969	20890298	7	-0.4961
CENTS_p_TCGASNP_212_216_217_N_GenomeWideSNP_6_C03_1039448	19	20892320	20896351	7	0.1471
CENTS_p_TCGASNP_212_216_217_N_GenomeWideSNP_6_C03_1039448	19	20897182	21870570	542	-0.4568
CENTS_p_TCGASNP_212_216_217_N_GenomeWideSNP_6_C03_1039448	19	21883626	22337619	277	1.1006
CENTS_p_TCGASNP_212_216_217_N_GenomeWideSNP_6_C03_1039448	19	22338752	22338757	2	-0.3908
CENTS_p_TCGASNP_212_216_217_N_GenomeWideSNP_6_C03_1039448	19	22338765	23072419	411	0.9425
CENTS_p_TCGASNP_212_216_217_N_GenomeWideSNP_6_C03_1039448	19	23074709	23950499	505	0.0811
CENTS_p_TCGASNP_212_216_217_N_GenomeWideSNP_6_C03_1039448	19	23951054	24507154	348	-0.4905
CENTS_p_TCGASNP_212_216_217_N_GenomeWideSNP_6_C03_1039448	19	24507167	31802941	2801	-0.1488
CENTS_p_TCGASNP_212_216_217_N_GenomeWideSNP_6_C03_1039448	19	31803182	31804101	2	-1.5565
CENTS_p_TCGASNP_212_216_217_N_GenomeWideSNP_6_C03_1039448	19	31804822	43243670	6503	-0.1375
CENTS_p_TCGASNP_212_216_217_N_GenomeWideSNP_6_C03_1039448	19	43247525	43354452	41	0.2915
CENTS_p_TCGASNP_212_216_217_N_GenomeWideSNP_6_C03_1039448	19	43362652	46841294	1821	-0.139
CENTS_p_TCGASNP_212_216_217_N_GenomeWideSNP_6_C03_1039448	19	46844123	49970303	1401	-0.3866
CENTS_p_TCGASNP_212_216_217_N_GenomeWideSNP_6_C03_1039448	19	49985869	53544977	2107	-0.1457
CENTS_p_TCGASNP_212_216_217_N_GenomeWideSNP_6_C03_1039448	19	53546855	53547361	2	-1.7257
CENTS_p_TCGASNP_212_216_217_N_GenomeWideSNP_6_C03_1039448	19	53552229	54718952	781	-0.1333
CENTS_p_TCGASNP_212_216_217_N_GenomeWideSNP_6_C03_1039448	19	54718968	54740935	15	-0.7056
CENTS_p_TCGASNP_212_216_217_N_GenomeWideSNP_6_C03_1039448	19	54740997	56521381	1004	-0.1499
CENTS_p_TCGASNP_212_216_217_N_GenomeWideSNP_6_C03_1039448	19	56521607	56525042	2	-1.356
CENTS_p_TCGASNP_212_216_217_N_GenomeWideSNP_6_C03_1039448	19	56527345	59097854	1615	-0.1441
CENTS_p_TCGASNP_212_216_217_N_GenomeWideSNP_6_C03_1039448	20	61305	1560562	1201	0.0857
CENTS_p_TCGASNP_212_216_217_N_GenomeWideSNP_6_C03_1039448	20	1560787	1593893	46	-0.2268
CENTS_p_TCGASNP_212_216_217_N_GenomeWideSNP_6_C03_1039448	20	1597946	1936292	294	0.0822
CENTS_p_TCGASNP_212_216_217_N_GenomeWideSNP_6_C03_1039448	20	1939857	1940746	4	-0.7518
CENTS_p_TCGASNP_212_216_217_N_GenomeWideSNP_6_C03_1039448	20	1941131	4440065	1744	0.0768
CENTS_p_TCGASNP_212_216_217_N_GenomeWideSNP_6_C03_1039448	20	4446049	4448948	5	-0.8648
CENTS_p_TCGASNP_212_216_217_N_GenomeWideSNP_6_C03_1039448	20	4449666	15301374	8352	0.0747
CENTS_p_TCGASNP_212_216_217_N_GenomeWideSNP_6_C03_1039448	20	15301902	15302374	3	-3.098
CENTS_p_TCGASNP_212_216_217_N_GenomeWideSNP_6_C03_1039448	20	15305258	34260758	10630	0.0796
CENTS_p_TCGASNP_212_216_217_N_GenomeWideSNP_6_C03_1039448	20	34262011	35035835	321	0.6113
CENTS_p_TCGASNP_212_216_217_N_GenomeWideSNP_6_C03_1039448	20	35037865	35044292	2	-0.3726
CENTS_p_TCGASNP_212_216_217_N_GenomeWideSNP_6_C03_1039448	20	35046920	40359519	3455	0.725
CENTS_p_TCGASNP_212_216_217_N_GenomeWideSNP_6_C03_1039448	20	40360023	40360027	5	-0.0156
CENTS_p_TCGASNP_212_216_217_N_GenomeWideSNP_6_C03_1039448	20	40360784	43777506	2581	0.7422
CENTS_p_TCGASNP_212_216_217_N_GenomeWideSNP_6_C03_1039448	20	43777855	47329142	2624	1.1448
CENTS_p_TCGASNP_212_216_217_N_GenomeWideSNP_6_C03_1039448	20	47331463	47457014	86	0.0241
CENTS_p_TCGASNP_212_216_217_N_GenomeWideSNP_6_C03_1039448	20	47460695	47671118	144	0.578
CENTS_p_TCGASNP_212_216_217_N_GenomeWideSNP_6_C03_1039448	20	47671430	51565306	2650	0.841
CENTS_p_TCGASNP_212_216_217_N_GenomeWideSNP_6_C03_1039448	20	51568950	51569095	2	-0.38
CENTS_p_TCGASNP_212_216_217_N_GenomeWideSNP_6_C03_1039448	20	51570473	51920893	302	0.8811
CENTS_p_TCGASNP_212_216_217_N_GenomeWideSNP_6_C03_1039448	20	51922071	51922638	3	-0.3997
CENTS_p_TCGASNP_212_216_217_N_GenomeWideSNP_6_C03_1039448	20	51923039	52363607	319	0.77
CENTS_p_TCGASNP_212_216_217_N_GenomeWideSNP_6_C03_1039448	20	52364760	60164700	6493	0.3258
CENTS_p_TCGASNP_212_216_217_N_GenomeWideSNP_6_C03_1039448	20	60167718	60915349	443	0.6187
CENTS_p_TCGASNP_212_216_217_N_GenomeWideSNP_6_C03_1039448	20	60919960	62956153	791	0.8435
CENTS_p_TCGASNP_212_216_217_N_GenomeWideSNP_6_C03_1039448	21	10736871	18111030	2384	0.0864
CENTS_p_TCGASNP_212_216_217_N_GenomeWideSNP_6_C03_1039448	21	18112962	18114358	5	-1.1044
CENTS_p_TCGASNP_212_216_217_N_GenomeWideSNP_6_C03_1039448	21	18115106	23332626	3855	0.0636
CENTS_p_TCGASNP_212_216_217_N_GenomeWideSNP_6_C03_1039448	21	23335254	23335783	2	-1.8048
CENTS_p_TCGASNP_212_216_217_N_GenomeWideSNP_6_C03_1039448	21	23339389	28194904	3715	0.0408
CENTS_p_TCGASNP_212_216_217_N_GenomeWideSNP_6_C03_1039448	21	28200072	28200722	7	-1.1994
CENTS_p_TCGASNP_212_216_217_N_GenomeWideSNP_6_C03_1039448	21	28204073	28451370	216	0.0447
CENTS_p_TCGASNP_212_216_217_N_GenomeWideSNP_6_C03_1039448	21	28451409	28457935	9	-1.3813
CENTS_p_TCGASNP_212_216_217_N_GenomeWideSNP_6_C03_1039448	21	28459911	35318198	4803	0.0557
CENTS_p_TCGASNP_212_216_217_N_GenomeWideSNP_6_C03_1039448	21	35318454	38460338	2320	-0.5711
CENTS_p_TCGASNP_212_216_217_N_GenomeWideSNP_6_C03_1039448	21	38465913	42290171	3305	0.0766
CENTS_p_TCGASNP_212_216_217_N_GenomeWideSNP_6_C03_1039448	21	42291678	42292213	2	-2.4664
CENTS_p_TCGASNP_212_216_217_N_GenomeWideSNP_6_C03_1039448	21	42293653	44601758	1811	0.0671
CENTS_p_TCGASNP_212_216_217_N_GenomeWideSNP_6_C03_1039448	21	44604712	44604725	2	-1.6345
CENTS_p_TCGASNP_212_216_217_N_GenomeWideSNP_6_C03_1039448	21	44605192	46619482	1113	0.0613
CENTS_p_TCGASNP_212_216_217_N_GenomeWideSNP_6_C03_1039448	21	46619558	46619840	2	-1.1508
CENTS_p_TCGASNP_212_216_217_N_GenomeWideSNP_6_C03_1039448	21	46621106	48096957	856	0.0404
CENTS_p_TCGASNP_212_216_217_N_GenomeWideSNP_6_C03_1039448	22	16052528	16386614	47	0.3622
CENTS_p_TCGASNP_212_216_217_N_GenomeWideSNP_6_C03_1039448	22	16386651	24344422	4577	0.0552
CENTS_p_TCGASNP_212_216_217_N_GenomeWideSNP_6_C03_1039448	22	24350529	24396814	19	-0.481
CENTS_p_TCGASNP_212_216_217_N_GenomeWideSNP_6_C03_1039448	22	24401529	25081338	354	0.0391
CENTS_p_TCGASNP_212_216_217_N_GenomeWideSNP_6_C03_1039448	22	25082115	25087688	5	-0.9141
CENTS_p_TCGASNP_212_216_217_N_GenomeWideSNP_6_C03_1039448	22	25087806	41755048	11826	0.1013
CENTS_p_TCGASNP_212_216_217_N_GenomeWideSNP_6_C03_1039448	22	41759037	41759326	3	-2.0362
CENTS_p_TCGASNP_212_216_217_N_GenomeWideSNP_6_C03_1039448	22	41762451	44025288	1301	0.2532
CENTS_p_TCGASNP_212_216_217_N_GenomeWideSNP_6_C03_1039448	22	44027216	44027405	3	-1.4214
CENTS_p_TCGASNP_212_216_217_N_GenomeWideSNP_6_C03_1039448	22	44034137	51234455	5432	0.2572
CENTS_p_TCGASNP_212_216_217_N_GenomeWideSNP_6_C03_1039448	X	168477	22873915	13822	-0.2937
CENTS_p_TCGASNP_212_216_217_N_GenomeWideSNP_6_C03_1039448	X	22873931	22873945	2	-2.6511
CENTS_p_TCGASNP_212_216_217_N_GenomeWideSNP_6_C03_1039448	X	22880337	26363146	2297	-0.3017
CENTS_p_TCGASNP_212_216_217_N_GenomeWideSNP_6_C03_1039448	X	26364020	26366171	3	-2.4724
CENTS_p_TCGASNP_212_216_217_N_GenomeWideSNP_6_C03_1039448	X	26367233	47871270	13019	-0.3042
CENTS_p_TCGASNP_212_216_217_N_GenomeWideSNP_6_C03_1039448	X	47880157	47980874	78	0.6465
CENTS_p_TCGASNP_212_216_217_N_GenomeWideSNP_6_C03_1039448	X	47988177	55111450	2810	-0.2929
CENTS_p_TCGASNP_212_216_217_N_GenomeWideSNP_6_C03_1039448	X	55112424	55116016	3	-1.4049
CENTS_p_TCGASNP_212_216_217_N_GenomeWideSNP_6_C03_1039448	X	55122783	57636063	1320	-0.2737
CENTS_p_TCGASNP_212_216_217_N_GenomeWideSNP_6_C03_1039448	X	57650413	66664841	2343	0.188
CENTS_p_TCGASNP_212_216_217_N_GenomeWideSNP_6_C03_1039448	X	66664869	66727577	17	0.5444
CENTS_p_TCGASNP_212_216_217_N_GenomeWideSNP_6_C03_1039448	X	66733866	81379638	6777	0.1918
CENTS_p_TCGASNP_212_216_217_N_GenomeWideSNP_6_C03_1039448	X	81396262	81412070	37	-0.5928
CENTS_p_TCGASNP_212_216_217_N_GenomeWideSNP_6_C03_1039448	X	81412144	90193486	4843	0.1849
CENTS_p_TCGASNP_212_216_217_N_GenomeWideSNP_6_C03_1039448	X	90197199	90197232	2	-1.6271
CENTS_p_TCGASNP_212_216_217_N_GenomeWideSNP_6_C03_1039448	X	90197364	90288885	37	0.2329
CENTS_p_TCGASNP_212_216_217_N_GenomeWideSNP_6_C03_1039448	X	90292653	90294229	2	-2.2544
CENTS_p_TCGASNP_212_216_217_N_GenomeWideSNP_6_C03_1039448	X	90297055	90968512	327	0.2182
CENTS_p_TCGASNP_212_216_217_N_GenomeWideSNP_6_C03_1039448	X	90970506	90971771	8	-0.3251
CENTS_p_TCGASNP_212_216_217_N_GenomeWideSNP_6_C03_1039448	X	90971889	92904974	902	0.1917
CENTS_p_TCGASNP_212_216_217_N_GenomeWideSNP_6_C03_1039448	X	92906149	92906577	2	-0.9189
CENTS_p_TCGASNP_212_216_217_N_GenomeWideSNP_6_C03_1039448	X	92907275	115360619	12283	0.1976
CENTS_p_TCGASNP_212_216_217_N_GenomeWideSNP_6_C03_1039448	X	115361042	115362929	8	-0.4916
CENTS_p_TCGASNP_212_216_217_N_GenomeWideSNP_6_C03_1039448	X	115363988	115791465	278	0.2147
CENTS_p_TCGASNP_212_216_217_N_GenomeWideSNP_6_C03_1039448	X	115791495	115794587	4	-0.5922
CENTS_p_TCGASNP_212_216_217_N_GenomeWideSNP_6_C03_1039448	X	115798129	125988906	6155	0.1945
CENTS_p_TCGASNP_212_216_217_N_GenomeWideSNP_6_C03_1039448	X	125990345	125996043	3	-1.0313
CENTS_p_TCGASNP_212_216_217_N_GenomeWideSNP_6_C03_1039448	X	125996955	138120702	6692	0.2022
CENTS_p_TCGASNP_212_216_217_N_GenomeWideSNP_6_C03_1039448	X	138122202	138126653	7	-0.8737
CENTS_p_TCGASNP_212_216_217_N_GenomeWideSNP_6_C03_1039448	X	138134246	140647123	1512	0.2242
CENTS_p_TCGASNP_212_216_217_N_GenomeWideSNP_6_C03_1039448	X	140647163	140666298	2	-1.8824
CENTS_p_TCGASNP_212_216_217_N_GenomeWideSNP_6_C03_1039448	X	140673384	155182354	9003	0.207
CENTS_p_TCGASNP_212_216_217_N_GenomeWideSNP_6_C03_1039448	Y	2650438	2912181	133	-3.0812
CENTS_p_TCGASNP_212_216_217_N_GenomeWideSNP_6_C03_1039448	Y	2915500	6101425	739	-2.387
CENTS_p_TCGASNP_212_216_217_N_GenomeWideSNP_6_C03_1039448	Y	6107901	6281935	78	-4.0441
CENTS_p_TCGASNP_212_216_217_N_GenomeWideSNP_6_C03_1039448	Y	6282097	7350046	452	-2.9735
CENTS_p_TCGASNP_212_216_217_N_GenomeWideSNP_6_C03_1039448	Y	7350390	9787350	1230	-3.311
CENTS_p_TCGASNP_212_216_217_N_GenomeWideSNP_6_C03_1039448	Y	9788342	15590276	947	-3.0328
CENTS_p_TCGASNP_212_216_217_N_GenomeWideSNP_6_C03_1039448	Y	15590342	15594523	3	-7.4645
CENTS_p_TCGASNP_212_216_217_N_GenomeWideSNP_6_C03_1039448	Y	15594889	19033696	1825	-3.1539
CENTS_p_TCGASNP_212_216_217_N_GenomeWideSNP_6_C03_1039448	Y	19034392	21088297	961	-3.5755
CENTS_p_TCGASNP_212_216_217_N_GenomeWideSNP_6_C03_1039448	Y	21088485	23859163	1053	-3.1836
CENTS_p_TCGASNP_212_216_217_N_GenomeWideSNP_6_C03_1039448	Y	23859468	26430674	567	-3.5861
CENTS_p_TCGASNP_212_216_217_N_GenomeWideSNP_6_C03_1039448	Y	26430908	26513715	28	-2.1929
CENTS_p_TCGASNP_212_216_217_N_GenomeWideSNP_6_C03_1039448	Y	26517533	27315972	92	-3.9993
CENTS_p_TCGASNP_212_216_217_N_GenomeWideSNP_6_C03_1039448	Y	27367487	27529084	35	-2.4063
CENTS_p_TCGASNP_212_216_217_N_GenomeWideSNP_6_C03_1039448	Y	27535030	27600323	21	-3.714
CENTS_p_TCGASNP_212_216_217_N_GenomeWideSNP_6_C03_1039448	Y	27601827	27720551	37	-2.5763
CENTS_p_TCGASNP_212_216_217_N_GenomeWideSNP_6_C03_1039448	Y	27721084	28423938	251	-3.7273
CENTS_p_TCGASNP_212_216_217_N_GenomeWideSNP_6_C03_1039448	Y	28438116	59018259	182	-2.7507
