Sample	Chromosome	Start	End	Num_Probes	Segment_Mean
CENTS_p_TCGASNP_212_216_217_N_GenomeWideSNP_6_F06_1039580	1	61735	356443	28	0.3286
CENTS_p_TCGASNP_212_216_217_N_GenomeWideSNP_6_F06_1039580	1	356542	1642103	200	-0.1878
CENTS_p_TCGASNP_212_216_217_N_GenomeWideSNP_6_F06_1039580	1	1647330	1672603	13	-1.2934
CENTS_p_TCGASNP_212_216_217_N_GenomeWideSNP_6_F06_1039580	1	1687587	5900106	2455	-0.1346
CENTS_p_TCGASNP_212_216_217_N_GenomeWideSNP_6_F06_1039580	1	5901288	5902086	3	-1.2005
CENTS_p_TCGASNP_212_216_217_N_GenomeWideSNP_6_F06_1039580	1	5902314	7566701	979	-0.1197
CENTS_p_TCGASNP_212_216_217_N_GenomeWideSNP_6_F06_1039580	1	7566789	7567037	3	-1.9322
CENTS_p_TCGASNP_212_216_217_N_GenomeWideSNP_6_F06_1039580	1	7571598	49041005	23330	-0.1052
CENTS_p_TCGASNP_212_216_217_N_GenomeWideSNP_6_F06_1039580	1	49041094	55721319	3650	-0.4273
CENTS_p_TCGASNP_212_216_217_N_GenomeWideSNP_6_F06_1039580	1	55723441	55724299	7	-1.8401
CENTS_p_TCGASNP_212_216_217_N_GenomeWideSNP_6_F06_1039580	1	55729368	56066503	331	-0.4656
CENTS_p_TCGASNP_212_216_217_N_GenomeWideSNP_6_F06_1039580	1	56066552	56475339	306	-0.7547
CENTS_p_TCGASNP_212_216_217_N_GenomeWideSNP_6_F06_1039580	1	56478564	58385263	1573	-0.4557
CENTS_p_TCGASNP_212_216_217_N_GenomeWideSNP_6_F06_1039580	1	58387094	58387807	2	-2.2687
CENTS_p_TCGASNP_212_216_217_N_GenomeWideSNP_6_F06_1039580	1	58391666	64703426	4547	-0.4445
CENTS_p_TCGASNP_212_216_217_N_GenomeWideSNP_6_F06_1039580	1	64704921	64704928	2	-2.2297
CENTS_p_TCGASNP_212_216_217_N_GenomeWideSNP_6_F06_1039580	1	64707243	68603432	3009	-0.4229
CENTS_p_TCGASNP_212_216_217_N_GenomeWideSNP_6_F06_1039580	1	68603586	68605992	3	-2.1105
CENTS_p_TCGASNP_212_216_217_N_GenomeWideSNP_6_F06_1039580	1	68606893	72750353	2545	-0.3871
CENTS_p_TCGASNP_212_216_217_N_GenomeWideSNP_6_F06_1039580	1	72756113	72763370	9	-1.2346
CENTS_p_TCGASNP_212_216_217_N_GenomeWideSNP_6_F06_1039580	1	72768418	72811148	48	0.6922
CENTS_p_TCGASNP_212_216_217_N_GenomeWideSNP_6_F06_1039580	1	72811904	73605805	486	-0.4149
CENTS_p_TCGASNP_212_216_217_N_GenomeWideSNP_6_F06_1039580	1	73613006	85979932	8130	-0.0632
CENTS_p_TCGASNP_212_216_217_N_GenomeWideSNP_6_F06_1039580	1	85980350	86002735	10	0.5205
CENTS_p_TCGASNP_212_216_217_N_GenomeWideSNP_6_F06_1039580	1	86003166	108769302	14376	-0.0652
CENTS_p_TCGASNP_212_216_217_N_GenomeWideSNP_6_F06_1039580	1	108817179	108896373	47	0.4222
CENTS_p_TCGASNP_212_216_217_N_GenomeWideSNP_6_F06_1039580	1	108900105	108929977	9	0.916
CENTS_p_TCGASNP_212_216_217_N_GenomeWideSNP_6_F06_1039580	1	108935176	108946165	3	-0.2135
CENTS_p_TCGASNP_212_216_217_N_GenomeWideSNP_6_F06_1039580	1	108962371	109164118	94	0.6735
CENTS_p_TCGASNP_212_216_217_N_GenomeWideSNP_6_F06_1039580	1	109164397	110293672	604	0.4223
CENTS_p_TCGASNP_212_216_217_N_GenomeWideSNP_6_F06_1039580	1	110295049	111764987	1093	0.7004
CENTS_p_TCGASNP_212_216_217_N_GenomeWideSNP_6_F06_1039580	1	111766775	144081043	6080	0.4342
CENTS_p_TCGASNP_212_216_217_N_GenomeWideSNP_6_F06_1039580	1	144471986	144472001	2	2.6805
CENTS_p_TCGASNP_212_216_217_N_GenomeWideSNP_6_F06_1039580	1	144527147	149242663	1260	0.4574
CENTS_p_TCGASNP_212_216_217_N_GenomeWideSNP_6_F06_1039580	1	149242725	149246030	9	1.3067
CENTS_p_TCGASNP_212_216_217_N_GenomeWideSNP_6_F06_1039580	1	149246275	149248712	7	0.8324
CENTS_p_TCGASNP_212_216_217_N_GenomeWideSNP_6_F06_1039580	1	149248727	152556414	1543	0.3957
CENTS_p_TCGASNP_212_216_217_N_GenomeWideSNP_6_F06_1039580	1	152560284	152560883	4	-1.2826
CENTS_p_TCGASNP_212_216_217_N_GenomeWideSNP_6_F06_1039580	1	152571169	161479438	5505	0.4086
CENTS_p_TCGASNP_212_216_217_N_GenomeWideSNP_6_F06_1039580	1	161496900	161650621	60	0.7225
CENTS_p_TCGASNP_212_216_217_N_GenomeWideSNP_6_F06_1039580	1	161652302	166184481	3694	0.3839
CENTS_p_TCGASNP_212_216_217_N_GenomeWideSNP_6_F06_1039580	1	166184824	166186753	6	1.0301
CENTS_p_TCGASNP_212_216_217_N_GenomeWideSNP_6_F06_1039580	1	166190241	169216937	2311	0.4241
CENTS_p_TCGASNP_212_216_217_N_GenomeWideSNP_6_F06_1039580	1	169233974	169238731	5	1.3745
CENTS_p_TCGASNP_212_216_217_N_GenomeWideSNP_6_F06_1039580	1	169238745	179323738	6625	0.4398
CENTS_p_TCGASNP_212_216_217_N_GenomeWideSNP_6_F06_1039580	1	179330528	179333315	4	-0.6222
CENTS_p_TCGASNP_212_216_217_N_GenomeWideSNP_6_F06_1039580	1	179339206	196738981	11590	0.4304
CENTS_p_TCGASNP_212_216_217_N_GenomeWideSNP_6_F06_1039580	1	196739972	196740972	3	1.4606
CENTS_p_TCGASNP_212_216_217_N_GenomeWideSNP_6_F06_1039580	1	196741117	196741316	3	-0.118
CENTS_p_TCGASNP_212_216_217_N_GenomeWideSNP_6_F06_1039580	1	196741367	196749181	11	0.9002
CENTS_p_TCGASNP_212_216_217_N_GenomeWideSNP_6_F06_1039580	1	196749217	196757902	9	0.3699
CENTS_p_TCGASNP_212_216_217_N_GenomeWideSNP_6_F06_1039580	1	196758109	196759288	6	0.9189
CENTS_p_TCGASNP_212_216_217_N_GenomeWideSNP_6_F06_1039580	1	196761820	196798643	31	0.3183
CENTS_p_TCGASNP_212_216_217_N_GenomeWideSNP_6_F06_1039580	1	196798664	196801655	15	-0.2185
CENTS_p_TCGASNP_212_216_217_N_GenomeWideSNP_6_F06_1039580	1	196801784	196802072	6	0.4407
CENTS_p_TCGASNP_212_216_217_N_GenomeWideSNP_6_F06_1039580	1	196812507	196901753	67	-0.642
CENTS_p_TCGASNP_212_216_217_N_GenomeWideSNP_6_F06_1039580	1	196905159	199107702	1316	0.452
CENTS_p_TCGASNP_212_216_217_N_GenomeWideSNP_6_F06_1039580	1	199111363	199113840	9	-0.0673
CENTS_p_TCGASNP_212_216_217_N_GenomeWideSNP_6_F06_1039580	1	199114238	202567272	2306	0.4055
CENTS_p_TCGASNP_212_216_217_N_GenomeWideSNP_6_F06_1039580	1	202567553	202567786	3	-0.4258
CENTS_p_TCGASNP_212_216_217_N_GenomeWideSNP_6_F06_1039580	1	202568542	209123453	4336	0.4083
CENTS_p_TCGASNP_212_216_217_N_GenomeWideSNP_6_F06_1039580	1	209123528	209124296	6	-0.265
CENTS_p_TCGASNP_212_216_217_N_GenomeWideSNP_6_F06_1039580	1	209124403	210081613	782	0.4189
CENTS_p_TCGASNP_212_216_217_N_GenomeWideSNP_6_F06_1039580	1	210082065	210083984	2	1.757
CENTS_p_TCGASNP_212_216_217_N_GenomeWideSNP_6_F06_1039580	1	210086552	210389417	185	0.4238
CENTS_p_TCGASNP_212_216_217_N_GenomeWideSNP_6_F06_1039580	1	210389920	210589995	146	0.7487
CENTS_p_TCGASNP_212_216_217_N_GenomeWideSNP_6_F06_1039580	1	210590153	210598837	15	0.3617
CENTS_p_TCGASNP_212_216_217_N_GenomeWideSNP_6_F06_1039580	1	210604746	210612528	24	-0.3715
CENTS_p_TCGASNP_212_216_217_N_GenomeWideSNP_6_F06_1039580	1	210615292	221742928	7754	0.4183
CENTS_p_TCGASNP_212_216_217_N_GenomeWideSNP_6_F06_1039580	1	221746050	221753609	11	-0.428
CENTS_p_TCGASNP_212_216_217_N_GenomeWideSNP_6_F06_1039580	1	221756538	234559425	8670	0.4139
CENTS_p_TCGASNP_212_216_217_N_GenomeWideSNP_6_F06_1039580	1	234563935	235272357	509	0.6508
CENTS_p_TCGASNP_212_216_217_N_GenomeWideSNP_6_F06_1039580	1	235273150	249224388	9828	0.4125
CENTS_p_TCGASNP_212_216_217_N_GenomeWideSNP_6_F06_1039580	2	12784	52754881	37176	-0.0654
CENTS_p_TCGASNP_212_216_217_N_GenomeWideSNP_6_F06_1039580	2	52758753	52781542	33	0.5269
CENTS_p_TCGASNP_212_216_217_N_GenomeWideSNP_6_F06_1039580	2	52787949	55322895	1966	-0.0466
CENTS_p_TCGASNP_212_216_217_N_GenomeWideSNP_6_F06_1039580	2	55324288	55330313	37	-2.121
CENTS_p_TCGASNP_212_216_217_N_GenomeWideSNP_6_F06_1039580	2	55330328	66133944	6599	-0.0449
CENTS_p_TCGASNP_212_216_217_N_GenomeWideSNP_6_F06_1039580	2	66134571	66134586	2	-1.9558
CENTS_p_TCGASNP_212_216_217_N_GenomeWideSNP_6_F06_1039580	2	66134829	89311353	14186	-0.0626
CENTS_p_TCGASNP_212_216_217_N_GenomeWideSNP_6_F06_1039580	2	89311539	89369338	15	-0.756
CENTS_p_TCGASNP_212_216_217_N_GenomeWideSNP_6_F06_1039580	2	89385322	96746009	782	-0.0755
CENTS_p_TCGASNP_212_216_217_N_GenomeWideSNP_6_F06_1039580	2	96747962	100530906	1778	-0.4152
CENTS_p_TCGASNP_212_216_217_N_GenomeWideSNP_6_F06_1039580	2	100540934	100700814	95	0.1835
CENTS_p_TCGASNP_212_216_217_N_GenomeWideSNP_6_F06_1039580	2	100718583	100761473	39	-0.4656
CENTS_p_TCGASNP_212_216_217_N_GenomeWideSNP_6_F06_1039580	2	100763006	100763900	2	-2.069
CENTS_p_TCGASNP_212_216_217_N_GenomeWideSNP_6_F06_1039580	2	100764125	102026929	859	-0.4277
CENTS_p_TCGASNP_212_216_217_N_GenomeWideSNP_6_F06_1039580	2	102029273	104055719	1307	-0.0192
CENTS_p_TCGASNP_212_216_217_N_GenomeWideSNP_6_F06_1039580	2	104059283	106485705	1629	-0.4286
CENTS_p_TCGASNP_212_216_217_N_GenomeWideSNP_6_F06_1039580	2	106488411	106551322	54	0.2156
CENTS_p_TCGASNP_212_216_217_N_GenomeWideSNP_6_F06_1039580	2	106552190	106552861	2	-1.5722
CENTS_p_TCGASNP_212_216_217_N_GenomeWideSNP_6_F06_1039580	2	106558545	106633218	72	0.1762
CENTS_p_TCGASNP_212_216_217_N_GenomeWideSNP_6_F06_1039580	2	106633401	106880095	209	0.414
CENTS_p_TCGASNP_212_216_217_N_GenomeWideSNP_6_F06_1039580	2	106880713	106885357	11	-2.2547
CENTS_p_TCGASNP_212_216_217_N_GenomeWideSNP_6_F06_1039580	2	106887255	108984489	1360	0.3745
CENTS_p_TCGASNP_212_216_217_N_GenomeWideSNP_6_F06_1039580	2	108987534	111099633	849	-0.0195
CENTS_p_TCGASNP_212_216_217_N_GenomeWideSNP_6_F06_1039580	2	111107783	111118721	2	-2.1307
CENTS_p_TCGASNP_212_216_217_N_GenomeWideSNP_6_F06_1039580	2	111144826	112860615	752	-0.0605
CENTS_p_TCGASNP_212_216_217_N_GenomeWideSNP_6_F06_1039580	2	112860934	112879209	13	0.5124
CENTS_p_TCGASNP_212_216_217_N_GenomeWideSNP_6_F06_1039580	2	112886286	113268703	132	0.2034
CENTS_p_TCGASNP_212_216_217_N_GenomeWideSNP_6_F06_1039580	2	113269624	114236536	716	0.5549
CENTS_p_TCGASNP_212_216_217_N_GenomeWideSNP_6_F06_1039580	2	114236550	114331775	14	0.047
CENTS_p_TCGASNP_212_216_217_N_GenomeWideSNP_6_F06_1039580	2	114362015	114362416	3	-0.8994
CENTS_p_TCGASNP_212_216_217_N_GenomeWideSNP_6_F06_1039580	2	114380821	114644407	142	0.2905
CENTS_p_TCGASNP_212_216_217_N_GenomeWideSNP_6_F06_1039580	2	114645296	116014077	872	0.5989
CENTS_p_TCGASNP_212_216_217_N_GenomeWideSNP_6_F06_1039580	2	116016682	131338652	9600	0.1136
CENTS_p_TCGASNP_212_216_217_N_GenomeWideSNP_6_F06_1039580	2	131391745	132166435	282	-0.4205
CENTS_p_TCGASNP_212_216_217_N_GenomeWideSNP_6_F06_1039580	2	132166606	132166816	2	-2.9847
CENTS_p_TCGASNP_212_216_217_N_GenomeWideSNP_6_F06_1039580	2	132169999	132450521	159	-0.4468
CENTS_p_TCGASNP_212_216_217_N_GenomeWideSNP_6_F06_1039580	2	132450585	132503349	29	-0.1404
CENTS_p_TCGASNP_212_216_217_N_GenomeWideSNP_6_F06_1039580	2	132506740	132548521	5	0.2449
CENTS_p_TCGASNP_212_216_217_N_GenomeWideSNP_6_F06_1039580	2	132560272	132719550	50	-0.3903
CENTS_p_TCGASNP_212_216_217_N_GenomeWideSNP_6_F06_1039580	2	132719715	132780518	25	0.024
CENTS_p_TCGASNP_212_216_217_N_GenomeWideSNP_6_F06_1039580	2	132785639	133046772	56	-0.251
CENTS_p_TCGASNP_212_216_217_N_GenomeWideSNP_6_F06_1039580	2	133049047	133122139	30	0.142
CENTS_p_TCGASNP_212_216_217_N_GenomeWideSNP_6_F06_1039580	2	133123699	138709949	3840	-0.4311
CENTS_p_TCGASNP_212_216_217_N_GenomeWideSNP_6_F06_1039580	2	138717227	138718534	2	-2.4928
CENTS_p_TCGASNP_212_216_217_N_GenomeWideSNP_6_F06_1039580	2	138718839	146801287	4961	-0.3948
CENTS_p_TCGASNP_212_216_217_N_GenomeWideSNP_6_F06_1039580	2	146801367	146803274	2	-2.4717
CENTS_p_TCGASNP_212_216_217_N_GenomeWideSNP_6_F06_1039580	2	146803588	146862085	32	-0.4453
CENTS_p_TCGASNP_212_216_217_N_GenomeWideSNP_6_F06_1039580	2	146864404	146866934	24	0.125
CENTS_p_TCGASNP_212_216_217_N_GenomeWideSNP_6_F06_1039580	2	146877806	155624750	5307	-0.4012
CENTS_p_TCGASNP_212_216_217_N_GenomeWideSNP_6_F06_1039580	2	155630047	170572114	8925	-0.6761
CENTS_p_TCGASNP_212_216_217_N_GenomeWideSNP_6_F06_1039580	2	170574097	171126111	333	-0.3127
CENTS_p_TCGASNP_212_216_217_N_GenomeWideSNP_6_F06_1039580	2	171127929	174259913	2003	-0.7058
CENTS_p_TCGASNP_212_216_217_N_GenomeWideSNP_6_F06_1039580	2	174263041	174540880	248	-0.1329
CENTS_p_TCGASNP_212_216_217_N_GenomeWideSNP_6_F06_1039580	2	174541290	174628398	80	-0.4104
CENTS_p_TCGASNP_212_216_217_N_GenomeWideSNP_6_F06_1039580	2	174629801	174891414	159	-0.7206
CENTS_p_TCGASNP_212_216_217_N_GenomeWideSNP_6_F06_1039580	2	174895512	174896510	3	-3.0771
CENTS_p_TCGASNP_212_216_217_N_GenomeWideSNP_6_F06_1039580	2	174896673	175872885	546	-0.6887
CENTS_p_TCGASNP_212_216_217_N_GenomeWideSNP_6_F06_1039580	2	175876576	181509165	3649	-0.2752
CENTS_p_TCGASNP_212_216_217_N_GenomeWideSNP_6_F06_1039580	2	181511500	182493399	602	-0.6674
CENTS_p_TCGASNP_212_216_217_N_GenomeWideSNP_6_F06_1039580	2	182494153	183053644	330	-0.0708
CENTS_p_TCGASNP_212_216_217_N_GenomeWideSNP_6_F06_1039580	2	183053658	187377481	2535	0.2011
CENTS_p_TCGASNP_212_216_217_N_GenomeWideSNP_6_F06_1039580	2	187379038	187466429	49	0.5017
CENTS_p_TCGASNP_212_216_217_N_GenomeWideSNP_6_F06_1039580	2	187467750	187541342	48	0.2295
CENTS_p_TCGASNP_212_216_217_N_GenomeWideSNP_6_F06_1039580	2	187544875	190271256	1453	0.6595
CENTS_p_TCGASNP_212_216_217_N_GenomeWideSNP_6_F06_1039580	2	190280686	190522310	183	0.0365
CENTS_p_TCGASNP_212_216_217_N_GenomeWideSNP_6_F06_1039580	2	190525884	190997597	274	-0.2294
CENTS_p_TCGASNP_212_216_217_N_GenomeWideSNP_6_F06_1039580	2	191000646	191008174	7	-1.0109
CENTS_p_TCGASNP_212_216_217_N_GenomeWideSNP_6_F06_1039580	2	191008301	191035481	18	-0.3913
CENTS_p_TCGASNP_212_216_217_N_GenomeWideSNP_6_F06_1039580	2	191039370	191144421	59	0.0882
CENTS_p_TCGASNP_212_216_217_N_GenomeWideSNP_6_F06_1039580	2	191145737	191331351	108	0.5131
CENTS_p_TCGASNP_212_216_217_N_GenomeWideSNP_6_F06_1039580	2	191334031	191796347	263	0.8018
CENTS_p_TCGASNP_212_216_217_N_GenomeWideSNP_6_F06_1039580	2	191808540	192579892	539	0.3505
CENTS_p_TCGASNP_212_216_217_N_GenomeWideSNP_6_F06_1039580	2	192580929	192581129	2	-1.7761
CENTS_p_TCGASNP_212_216_217_N_GenomeWideSNP_6_F06_1039580	2	192581534	193928987	754	0.3495
CENTS_p_TCGASNP_212_216_217_N_GenomeWideSNP_6_F06_1039580	2	193937060	194652153	321	0.7704
CENTS_p_TCGASNP_212_216_217_N_GenomeWideSNP_6_F06_1039580	2	194652943	194668865	13	0.2823
CENTS_p_TCGASNP_212_216_217_N_GenomeWideSNP_6_F06_1039580	2	194675414	194680967	5	1.0742
CENTS_p_TCGASNP_212_216_217_N_GenomeWideSNP_6_F06_1039580	2	194684927	194947312	127	0.4985
CENTS_p_TCGASNP_212_216_217_N_GenomeWideSNP_6_F06_1039580	2	194947624	194954095	12	0.7724
CENTS_p_TCGASNP_212_216_217_N_GenomeWideSNP_6_F06_1039580	2	194956875	195130372	82	0.0953
CENTS_p_TCGASNP_212_216_217_N_GenomeWideSNP_6_F06_1039580	2	195130947	195131598	2	-1.834
CENTS_p_TCGASNP_212_216_217_N_GenomeWideSNP_6_F06_1039580	2	195134095	197541296	1441	0.0494
CENTS_p_TCGASNP_212_216_217_N_GenomeWideSNP_6_F06_1039580	2	197551047	202431735	2787	0.2993
CENTS_p_TCGASNP_212_216_217_N_GenomeWideSNP_6_F06_1039580	2	202434393	203812346	723	-0.3063
CENTS_p_TCGASNP_212_216_217_N_GenomeWideSNP_6_F06_1039580	2	203816097	204033851	100	0.2112
CENTS_p_TCGASNP_212_216_217_N_GenomeWideSNP_6_F06_1039580	2	204034727	206154000	1405	-0.3007
CENTS_p_TCGASNP_212_216_217_N_GenomeWideSNP_6_F06_1039580	2	206156050	217962150	7688	-0.0515
CENTS_p_TCGASNP_212_216_217_N_GenomeWideSNP_6_F06_1039580	2	217963545	217963677	2	-1.5408
CENTS_p_TCGASNP_212_216_217_N_GenomeWideSNP_6_F06_1039580	2	217963735	222502177	2874	-0.065
CENTS_p_TCGASNP_212_216_217_N_GenomeWideSNP_6_F06_1039580	2	222506264	223194099	449	-0.4387
CENTS_p_TCGASNP_212_216_217_N_GenomeWideSNP_6_F06_1039580	2	223195632	224333139	763	-0.0706
CENTS_p_TCGASNP_212_216_217_N_GenomeWideSNP_6_F06_1039580	2	224335419	224595042	183	0.22
CENTS_p_TCGASNP_212_216_217_N_GenomeWideSNP_6_F06_1039580	2	224600029	242497786	11389	-0.4446
CENTS_p_TCGASNP_212_216_217_N_GenomeWideSNP_6_F06_1039580	2	242502642	242958324	83	-0.7304
CENTS_p_TCGASNP_212_216_217_N_GenomeWideSNP_6_F06_1039580	2	242958423	242972236	16	-0.1106
CENTS_p_TCGASNP_212_216_217_N_GenomeWideSNP_6_F06_1039580	2	242972295	243018079	38	-0.5847
CENTS_p_TCGASNP_212_216_217_N_GenomeWideSNP_6_F06_1039580	2	243021110	243089456	49	-0.2346
CENTS_p_TCGASNP_212_216_217_N_GenomeWideSNP_6_F06_1039580	3	60345	16237008	12943	0.1586
CENTS_p_TCGASNP_212_216_217_N_GenomeWideSNP_6_F06_1039580	3	16239063	16241179	7	-0.4668
CENTS_p_TCGASNP_212_216_217_N_GenomeWideSNP_6_F06_1039580	3	16241325	20313125	2358	0.1696
CENTS_p_TCGASNP_212_216_217_N_GenomeWideSNP_6_F06_1039580	3	20315122	20328081	3	-0.7303
CENTS_p_TCGASNP_212_216_217_N_GenomeWideSNP_6_F06_1039580	3	20335912	21757334	1016	0.1824
CENTS_p_TCGASNP_212_216_217_N_GenomeWideSNP_6_F06_1039580	3	21762610	21762662	2	-0.9379
CENTS_p_TCGASNP_212_216_217_N_GenomeWideSNP_6_F06_1039580	3	21768246	47399911	17210	0.1676
CENTS_p_TCGASNP_212_216_217_N_GenomeWideSNP_6_F06_1039580	3	47400331	47405451	3	-0.9821
CENTS_p_TCGASNP_212_216_217_N_GenomeWideSNP_6_F06_1039580	3	47409212	68746164	14333	0.1599
CENTS_p_TCGASNP_212_216_217_N_GenomeWideSNP_6_F06_1039580	3	68746259	68747413	14	-0.8735
CENTS_p_TCGASNP_212_216_217_N_GenomeWideSNP_6_F06_1039580	3	68748758	78844723	6838	0.1733
CENTS_p_TCGASNP_212_216_217_N_GenomeWideSNP_6_F06_1039580	3	78846190	78979741	73	0.4236
CENTS_p_TCGASNP_212_216_217_N_GenomeWideSNP_6_F06_1039580	3	78980118	162530315	48190	0.172
CENTS_p_TCGASNP_212_216_217_N_GenomeWideSNP_6_F06_1039580	3	162530870	162540490	8	-1.2381
CENTS_p_TCGASNP_212_216_217_N_GenomeWideSNP_6_F06_1039580	3	162545716	189360754	16737	0.18
CENTS_p_TCGASNP_212_216_217_N_GenomeWideSNP_6_F06_1039580	3	189363678	189372538	17	-0.3521
CENTS_p_TCGASNP_212_216_217_N_GenomeWideSNP_6_F06_1039580	3	189372826	189637811	184	0.1884
CENTS_p_TCGASNP_212_216_217_N_GenomeWideSNP_6_F06_1039580	3	189640806	189646651	3	-0.7086
CENTS_p_TCGASNP_212_216_217_N_GenomeWideSNP_6_F06_1039580	3	189646724	192877962	2307	0.1831
CENTS_p_TCGASNP_212_216_217_N_GenomeWideSNP_6_F06_1039580	3	192878045	192879006	5	1.2626
CENTS_p_TCGASNP_212_216_217_N_GenomeWideSNP_6_F06_1039580	3	192880473	195285898	1499	0.1626
CENTS_p_TCGASNP_212_216_217_N_GenomeWideSNP_6_F06_1039580	3	195383142	195446922	28	-0.752
CENTS_p_TCGASNP_212_216_217_N_GenomeWideSNP_6_F06_1039580	3	195455508	197896118	1191	0.1648
CENTS_p_TCGASNP_212_216_217_N_GenomeWideSNP_6_F06_1039580	4	12281	34779025	22827	0.1812
CENTS_p_TCGASNP_212_216_217_N_GenomeWideSNP_6_F06_1039580	4	34779040	34824725	40	0.4843
CENTS_p_TCGASNP_212_216_217_N_GenomeWideSNP_6_F06_1039580	4	34829872	44017141	6049	0.1991
CENTS_p_TCGASNP_212_216_217_N_GenomeWideSNP_6_F06_1039580	4	44021885	44026404	5	-0.8625
CENTS_p_TCGASNP_212_216_217_N_GenomeWideSNP_6_F06_1039580	4	44031399	55219285	4564	0.1843
CENTS_p_TCGASNP_212_216_217_N_GenomeWideSNP_6_F06_1039580	4	55219485	55220355	9	-0.6667
CENTS_p_TCGASNP_212_216_217_N_GenomeWideSNP_6_F06_1039580	4	55221410	69244434	8847	0.2043
CENTS_p_TCGASNP_212_216_217_N_GenomeWideSNP_6_F06_1039580	4	69255070	69282205	8	1.7805
CENTS_p_TCGASNP_212_216_217_N_GenomeWideSNP_6_F06_1039580	4	69284591	69521409	89	0.1294
CENTS_p_TCGASNP_212_216_217_N_GenomeWideSNP_6_F06_1039580	4	69528959	69540025	4	1.0575
CENTS_p_TCGASNP_212_216_217_N_GenomeWideSNP_6_F06_1039580	4	69551744	77166150	4541	0.1993
CENTS_p_TCGASNP_212_216_217_N_GenomeWideSNP_6_F06_1039580	4	77173914	77178676	15	-0.2949
CENTS_p_TCGASNP_212_216_217_N_GenomeWideSNP_6_F06_1039580	4	77182678	151876325	44889	0.1748
CENTS_p_TCGASNP_212_216_217_N_GenomeWideSNP_6_F06_1039580	4	151876351	151884310	25	-0.4688
CENTS_p_TCGASNP_212_216_217_N_GenomeWideSNP_6_F06_1039580	4	151886127	161874000	6342	0.1161
CENTS_p_TCGASNP_212_216_217_N_GenomeWideSNP_6_F06_1039580	4	161880018	161884600	20	-0.2965
CENTS_p_TCGASNP_212_216_217_N_GenomeWideSNP_6_F06_1039580	4	161884908	163398350	1052	0.1282
CENTS_p_TCGASNP_212_216_217_N_GenomeWideSNP_6_F06_1039580	4	163408772	163742756	194	0.3793
CENTS_p_TCGASNP_212_216_217_N_GenomeWideSNP_6_F06_1039580	4	163742804	170450329	4252	0.1219
CENTS_p_TCGASNP_212_216_217_N_GenomeWideSNP_6_F06_1039580	4	170451435	170971282	295	0.3576
CENTS_p_TCGASNP_212_216_217_N_GenomeWideSNP_6_F06_1039580	4	170972901	181130555	6429	0.1124
CENTS_p_TCGASNP_212_216_217_N_GenomeWideSNP_6_F06_1039580	4	181137071	181146155	10	-0.7868
CENTS_p_TCGASNP_212_216_217_N_GenomeWideSNP_6_F06_1039580	4	181146224	191027923	6996	0.0927
CENTS_p_TCGASNP_212_216_217_N_GenomeWideSNP_6_F06_1039580	5	15532	17513410	13417	0.174
CENTS_p_TCGASNP_212_216_217_N_GenomeWideSNP_6_F06_1039580	5	17515801	17637861	20	0.7796
CENTS_p_TCGASNP_212_216_217_N_GenomeWideSNP_6_F06_1039580	5	17640214	45940040	17315	0.1934
CENTS_p_TCGASNP_212_216_217_N_GenomeWideSNP_6_F06_1039580	5	45953700	45962356	3	-1.2975
CENTS_p_TCGASNP_212_216_217_N_GenomeWideSNP_6_F06_1039580	5	45973448	46251306	54	0.2415
CENTS_p_TCGASNP_212_216_217_N_GenomeWideSNP_6_F06_1039580	5	46271008	46272521	4	1.2138
CENTS_p_TCGASNP_212_216_217_N_GenomeWideSNP_6_F06_1039580	5	46273328	57321646	5084	0.2199
CENTS_p_TCGASNP_212_216_217_N_GenomeWideSNP_6_F06_1039580	5	57326027	57333533	32	1.965
CENTS_p_TCGASNP_212_216_217_N_GenomeWideSNP_6_F06_1039580	5	57338357	57956826	446	0.188
CENTS_p_TCGASNP_212_216_217_N_GenomeWideSNP_6_F06_1039580	5	57956843	57959132	23	-0.5756
CENTS_p_TCGASNP_212_216_217_N_GenomeWideSNP_6_F06_1039580	5	57959692	103497112	26174	0.1952
CENTS_p_TCGASNP_212_216_217_N_GenomeWideSNP_6_F06_1039580	5	103503844	103714425	153	0.4682
CENTS_p_TCGASNP_212_216_217_N_GenomeWideSNP_6_F06_1039580	5	103714794	103851221	78	0.2322
CENTS_p_TCGASNP_212_216_217_N_GenomeWideSNP_6_F06_1039580	5	103860373	103860604	4	2.1255
CENTS_p_TCGASNP_212_216_217_N_GenomeWideSNP_6_F06_1039580	5	103861049	109389806	3541	0.2172
CENTS_p_TCGASNP_212_216_217_N_GenomeWideSNP_6_F06_1039580	5	109389830	109389945	3	1.2063
CENTS_p_TCGASNP_212_216_217_N_GenomeWideSNP_6_F06_1039580	5	109390006	109459876	91	0.1859
CENTS_p_TCGASNP_212_216_217_N_GenomeWideSNP_6_F06_1039580	5	109466955	109475723	3	-1.0405
CENTS_p_TCGASNP_212_216_217_N_GenomeWideSNP_6_F06_1039580	5	109476557	114756455	3757	0.1923
CENTS_p_TCGASNP_212_216_217_N_GenomeWideSNP_6_F06_1039580	5	114756637	114756862	5	-0.6968
CENTS_p_TCGASNP_212_216_217_N_GenomeWideSNP_6_F06_1039580	5	114759078	115586846	612	0.1596
CENTS_p_TCGASNP_212_216_217_N_GenomeWideSNP_6_F06_1039580	5	115596277	115625228	43	-0.7477
CENTS_p_TCGASNP_212_216_217_N_GenomeWideSNP_6_F06_1039580	5	115625257	172648890	37397	0.1834
CENTS_p_TCGASNP_212_216_217_N_GenomeWideSNP_6_F06_1039580	5	172656593	172657732	2	1.2427
CENTS_p_TCGASNP_212_216_217_N_GenomeWideSNP_6_F06_1039580	5	172662466	180790320	4883	0.1869
CENTS_p_TCGASNP_212_216_217_N_GenomeWideSNP_6_F06_1039580	6	149661	29837072	21735	-0.0849
CENTS_p_TCGASNP_212_216_217_N_GenomeWideSNP_6_F06_1039580	6	29837187	29849267	16	0.6988
CENTS_p_TCGASNP_212_216_217_N_GenomeWideSNP_6_F06_1039580	6	29850196	31286276	670	-0.1233
CENTS_p_TCGASNP_212_216_217_N_GenomeWideSNP_6_F06_1039580	6	31286305	31296451	10	0.669
CENTS_p_TCGASNP_212_216_217_N_GenomeWideSNP_6_F06_1039580	6	31309924	31351442	55	-0.1492
CENTS_p_TCGASNP_212_216_217_N_GenomeWideSNP_6_F06_1039580	6	31351887	31352040	2	-2.061
CENTS_p_TCGASNP_212_216_217_N_GenomeWideSNP_6_F06_1039580	6	31352446	32431292	446	-0.1636
CENTS_p_TCGASNP_212_216_217_N_GenomeWideSNP_6_F06_1039580	6	32431552	32570365	38	1.5712
CENTS_p_TCGASNP_212_216_217_N_GenomeWideSNP_6_F06_1039580	6	32573771	32860752	205	0.0202
CENTS_p_TCGASNP_212_216_217_N_GenomeWideSNP_6_F06_1039580	6	32865798	32865997	3	-2.0834
CENTS_p_TCGASNP_212_216_217_N_GenomeWideSNP_6_F06_1039580	6	32866095	33934675	626	-0.075
CENTS_p_TCGASNP_212_216_217_N_GenomeWideSNP_6_F06_1039580	6	33937436	33937999	9	0.5173
CENTS_p_TCGASNP_212_216_217_N_GenomeWideSNP_6_F06_1039580	6	33938743	33942705	7	-3.2931
CENTS_p_TCGASNP_212_216_217_N_GenomeWideSNP_6_F06_1039580	6	33944586	65386689	17309	-0.0748
CENTS_p_TCGASNP_212_216_217_N_GenomeWideSNP_6_F06_1039580	6	65390495	65863727	327	-0.8482
CENTS_p_TCGASNP_212_216_217_N_GenomeWideSNP_6_F06_1039580	6	65865422	66120912	154	-0.0264
CENTS_p_TCGASNP_212_216_217_N_GenomeWideSNP_6_F06_1039580	6	66120957	66819144	484	-0.8713
CENTS_p_TCGASNP_212_216_217_N_GenomeWideSNP_6_F06_1039580	6	66819784	67088152	209	-0.0645
CENTS_p_TCGASNP_212_216_217_N_GenomeWideSNP_6_F06_1039580	6	67102718	71398017	2875	-0.8906
CENTS_p_TCGASNP_212_216_217_N_GenomeWideSNP_6_F06_1039580	6	71408082	71544375	64	-0.0768
CENTS_p_TCGASNP_212_216_217_N_GenomeWideSNP_6_F06_1039580	6	71550228	81830117	6717	-0.8841
CENTS_p_TCGASNP_212_216_217_N_GenomeWideSNP_6_F06_1039580	6	81830263	86085629	2691	-0.0722
CENTS_p_TCGASNP_212_216_217_N_GenomeWideSNP_6_F06_1039580	6	86094187	93150800	4400	-0.9096
CENTS_p_TCGASNP_212_216_217_N_GenomeWideSNP_6_F06_1039580	6	93150874	93458161	166	-0.3696
CENTS_p_TCGASNP_212_216_217_N_GenomeWideSNP_6_F06_1039580	6	93463158	94750190	929	-0.8874
CENTS_p_TCGASNP_212_216_217_N_GenomeWideSNP_6_F06_1039580	6	94750204	94753067	2	-3.7346
CENTS_p_TCGASNP_212_216_217_N_GenomeWideSNP_6_F06_1039580	6	94755325	103728225	5375	-0.909
CENTS_p_TCGASNP_212_216_217_N_GenomeWideSNP_6_F06_1039580	6	103730493	103765470	55	0.035
CENTS_p_TCGASNP_212_216_217_N_GenomeWideSNP_6_F06_1039580	6	103765670	136232680	20299	-0.9027
CENTS_p_TCGASNP_212_216_217_N_GenomeWideSNP_6_F06_1039580	6	136232852	136233226	2	-4.8438
CENTS_p_TCGASNP_212_216_217_N_GenomeWideSNP_6_F06_1039580	6	136235034	157956130	14270	-0.9227
CENTS_p_TCGASNP_212_216_217_N_GenomeWideSNP_6_F06_1039580	6	157956279	157956508	4	-2.9689
CENTS_p_TCGASNP_212_216_217_N_GenomeWideSNP_6_F06_1039580	6	157960703	158331332	231	-0.9755
CENTS_p_TCGASNP_212_216_217_N_GenomeWideSNP_6_F06_1039580	6	158332340	158531168	135	-1.463
CENTS_p_TCGASNP_212_216_217_N_GenomeWideSNP_6_F06_1039580	6	158533560	160902790	1616	-0.9593
CENTS_p_TCGASNP_212_216_217_N_GenomeWideSNP_6_F06_1039580	6	160903622	160907134	3	-6.6996
CENTS_p_TCGASNP_212_216_217_N_GenomeWideSNP_6_F06_1039580	6	160908451	162496321	1257	-0.9519
CENTS_p_TCGASNP_212_216_217_N_GenomeWideSNP_6_F06_1039580	6	162496594	162497989	13	-2.1795
CENTS_p_TCGASNP_212_216_217_N_GenomeWideSNP_6_F06_1039580	6	162498036	170919495	5988	-0.9972
CENTS_p_TCGASNP_212_216_217_N_GenomeWideSNP_6_F06_1039580	6	170982327	171051005	4	0.6587
CENTS_p_TCGASNP_212_216_217_N_GenomeWideSNP_6_F06_1039580	7	43355	5934792	3074	0.1547
CENTS_p_TCGASNP_212_216_217_N_GenomeWideSNP_6_F06_1039580	7	5936900	5986460	10	-0.417
CENTS_p_TCGASNP_212_216_217_N_GenomeWideSNP_6_F06_1039580	7	5999577	13102902	5413	0.1893
CENTS_p_TCGASNP_212_216_217_N_GenomeWideSNP_6_F06_1039580	7	13108068	13130069	23	-1.076
CENTS_p_TCGASNP_212_216_217_N_GenomeWideSNP_6_F06_1039580	7	13130657	53213353	29191	0.1868
CENTS_p_TCGASNP_212_216_217_N_GenomeWideSNP_6_F06_1039580	7	53214011	53222714	13	-0.5319
CENTS_p_TCGASNP_212_216_217_N_GenomeWideSNP_6_F06_1039580	7	53224225	54380373	848	0.1979
CENTS_p_TCGASNP_212_216_217_N_GenomeWideSNP_6_F06_1039580	7	54386505	54386517	6	-1.4851
CENTS_p_TCGASNP_212_216_217_N_GenomeWideSNP_6_F06_1039580	7	54393488	61307080	2096	0.1549
CENTS_p_TCGASNP_212_216_217_N_GenomeWideSNP_6_F06_1039580	7	61728407	61888128	46	-0.1958
CENTS_p_TCGASNP_212_216_217_N_GenomeWideSNP_6_F06_1039580	7	61987173	64594065	999	0.1903
CENTS_p_TCGASNP_212_216_217_N_GenomeWideSNP_6_F06_1039580	7	64594341	64595698	5	1.1555
CENTS_p_TCGASNP_212_216_217_N_GenomeWideSNP_6_F06_1039580	7	64637128	109440923	25693	0.1902
CENTS_p_TCGASNP_212_216_217_N_GenomeWideSNP_6_F06_1039580	7	109441212	109453910	12	-0.4219
CENTS_p_TCGASNP_212_216_217_N_GenomeWideSNP_6_F06_1039580	7	109453982	117788815	5126	0.2277
CENTS_p_TCGASNP_212_216_217_N_GenomeWideSNP_6_F06_1039580	7	117792508	117793000	3	-0.7074
CENTS_p_TCGASNP_212_216_217_N_GenomeWideSNP_6_F06_1039580	7	117814202	133785177	9632	0.2045
CENTS_p_TCGASNP_212_216_217_N_GenomeWideSNP_6_F06_1039580	7	133785195	133799154	35	-0.1659
CENTS_p_TCGASNP_212_216_217_N_GenomeWideSNP_6_F06_1039580	7	133799197	142474939	5691	0.1981
CENTS_p_TCGASNP_212_216_217_N_GenomeWideSNP_6_F06_1039580	7	142476719	142485853	25	0.7919
CENTS_p_TCGASNP_212_216_217_N_GenomeWideSNP_6_F06_1039580	7	142485985	143896252	841	0.2107
CENTS_p_TCGASNP_212_216_217_N_GenomeWideSNP_6_F06_1039580	7	143904279	144066947	43	0.5017
CENTS_p_TCGASNP_212_216_217_N_GenomeWideSNP_6_F06_1039580	7	144074929	158069717	9020	0.1848
CENTS_p_TCGASNP_212_216_217_N_GenomeWideSNP_6_F06_1039580	7	158070371	158114152	28	-0.1822
CENTS_p_TCGASNP_212_216_217_N_GenomeWideSNP_6_F06_1039580	7	158115424	159117446	631	0.16
CENTS_p_TCGASNP_212_216_217_N_GenomeWideSNP_6_F06_1039580	7	159117493	159127004	15	-0.552
CENTS_p_TCGASNP_212_216_217_N_GenomeWideSNP_6_F06_1039580	8	31254	238882	85	0.1801
CENTS_p_TCGASNP_212_216_217_N_GenomeWideSNP_6_F06_1039580	8	239189	239671	5	-0.7759
CENTS_p_TCGASNP_212_216_217_N_GenomeWideSNP_6_F06_1039580	8	246363	593041	236	0.1566
CENTS_p_TCGASNP_212_216_217_N_GenomeWideSNP_6_F06_1039580	8	594944	595908	10	-0.8191
CENTS_p_TCGASNP_212_216_217_N_GenomeWideSNP_6_F06_1039580	8	601043	2080289	1147	0.1362
CENTS_p_TCGASNP_212_216_217_N_GenomeWideSNP_6_F06_1039580	8	2080394	2085178	21	-0.6248
CENTS_p_TCGASNP_212_216_217_N_GenomeWideSNP_6_F06_1039580	8	2090030	2128073	67	0.1956
CENTS_p_TCGASNP_212_216_217_N_GenomeWideSNP_6_F06_1039580	8	2129547	2133375	7	-4.5098
CENTS_p_TCGASNP_212_216_217_N_GenomeWideSNP_6_F06_1039580	8	2141462	2247827	70	0.1464
CENTS_p_TCGASNP_212_216_217_N_GenomeWideSNP_6_F06_1039580	8	2254638	2259358	12	-1.3077
CENTS_p_TCGASNP_212_216_217_N_GenomeWideSNP_6_F06_1039580	8	2270328	2685522	416	0.1868
CENTS_p_TCGASNP_212_216_217_N_GenomeWideSNP_6_F06_1039580	8	2688009	2688065	2	-2.5108
CENTS_p_TCGASNP_212_216_217_N_GenomeWideSNP_6_F06_1039580	8	2696949	7043340	5733	0.1911
CENTS_p_TCGASNP_212_216_217_N_GenomeWideSNP_6_F06_1039580	8	7154067	7170818	4	-1.4738
CENTS_p_TCGASNP_212_216_217_N_GenomeWideSNP_6_F06_1039580	8	7171097	7215726	10	-0.3322
CENTS_p_TCGASNP_212_216_217_N_GenomeWideSNP_6_F06_1039580	8	7215742	7250380	19	-1.2714
CENTS_p_TCGASNP_212_216_217_N_GenomeWideSNP_6_F06_1039580	8	7254291	7831645	153	-0.6089
CENTS_p_TCGASNP_212_216_217_N_GenomeWideSNP_6_F06_1039580	8	7832054	7866162	21	-1.5695
CENTS_p_TCGASNP_212_216_217_N_GenomeWideSNP_6_F06_1039580	8	7935855	7978187	21	0.1752
CENTS_p_TCGASNP_212_216_217_N_GenomeWideSNP_6_F06_1039580	8	7989963	7997181	5	-0.8631
CENTS_p_TCGASNP_212_216_217_N_GenomeWideSNP_6_F06_1039580	8	8002373	8385797	304	0.1954
CENTS_p_TCGASNP_212_216_217_N_GenomeWideSNP_6_F06_1039580	8	8386150	8386442	4	-2.2529
CENTS_p_TCGASNP_212_216_217_N_GenomeWideSNP_6_F06_1039580	8	8388307	11577869	2704	0.1806
CENTS_p_TCGASNP_212_216_217_N_GenomeWideSNP_6_F06_1039580	8	11579802	11580236	4	-1.8018
CENTS_p_TCGASNP_212_216_217_N_GenomeWideSNP_6_F06_1039580	8	11580467	12291824	293	0.1233
CENTS_p_TCGASNP_212_216_217_N_GenomeWideSNP_6_F06_1039580	8	12304112	12311638	6	-2.058
CENTS_p_TCGASNP_212_216_217_N_GenomeWideSNP_6_F06_1039580	8	12321897	12423745	40	-0.1136
CENTS_p_TCGASNP_212_216_217_N_GenomeWideSNP_6_F06_1039580	8	12438748	13673447	1155	0.2048
CENTS_p_TCGASNP_212_216_217_N_GenomeWideSNP_6_F06_1039580	8	13673869	13673943	2	-2.5442
CENTS_p_TCGASNP_212_216_217_N_GenomeWideSNP_6_F06_1039580	8	13674318	13810119	145	0.2116
CENTS_p_TCGASNP_212_216_217_N_GenomeWideSNP_6_F06_1039580	8	13810229	13815237	5	-1.254
CENTS_p_TCGASNP_212_216_217_N_GenomeWideSNP_6_F06_1039580	8	13815335	14509568	654	0.231
CENTS_p_TCGASNP_212_216_217_N_GenomeWideSNP_6_F06_1039580	8	14510032	14510074	3	-1.5617
CENTS_p_TCGASNP_212_216_217_N_GenomeWideSNP_6_F06_1039580	8	14510396	14576060	77	0.2246
CENTS_p_TCGASNP_212_216_217_N_GenomeWideSNP_6_F06_1039580	8	14577600	14577611	2	-1.0982
CENTS_p_TCGASNP_212_216_217_N_GenomeWideSNP_6_F06_1039580	8	14577653	16259584	1487	0.2272
CENTS_p_TCGASNP_212_216_217_N_GenomeWideSNP_6_F06_1039580	8	16259612	16262235	2	1.3186
CENTS_p_TCGASNP_212_216_217_N_GenomeWideSNP_6_F06_1039580	8	16262247	16288811	32	0.3425
CENTS_p_TCGASNP_212_216_217_N_GenomeWideSNP_6_F06_1039580	8	16288818	16306115	10	-0.091
CENTS_p_TCGASNP_212_216_217_N_GenomeWideSNP_6_F06_1039580	8	16306771	16318865	8	0.4613
CENTS_p_TCGASNP_212_216_217_N_GenomeWideSNP_6_F06_1039580	8	16323046	16327292	8	-1.2059
CENTS_p_TCGASNP_212_216_217_N_GenomeWideSNP_6_F06_1039580	8	16327714	20630963	3863	0.203
CENTS_p_TCGASNP_212_216_217_N_GenomeWideSNP_6_F06_1039580	8	20631612	20632022	3	-0.7216
CENTS_p_TCGASNP_212_216_217_N_GenomeWideSNP_6_F06_1039580	8	20632615	24974476	2970	0.1886
CENTS_p_TCGASNP_212_216_217_N_GenomeWideSNP_6_F06_1039580	8	24974522	24991127	27	0.5396
CENTS_p_TCGASNP_212_216_217_N_GenomeWideSNP_6_F06_1039580	8	24991235	34498239	6467	0.1831
CENTS_p_TCGASNP_212_216_217_N_GenomeWideSNP_6_F06_1039580	8	34498386	35323095	472	0.8173
CENTS_p_TCGASNP_212_216_217_N_GenomeWideSNP_6_F06_1039580	8	35323410	35558646	146	1.1457
CENTS_p_TCGASNP_212_216_217_N_GenomeWideSNP_6_F06_1039580	8	35558766	36208778	321	1.5229
CENTS_p_TCGASNP_212_216_217_N_GenomeWideSNP_6_F06_1039580	8	36210269	37047070	486	2.0353
CENTS_p_TCGASNP_212_216_217_N_GenomeWideSNP_6_F06_1039580	8	37047156	37047227	2	0.1254
CENTS_p_TCGASNP_212_216_217_N_GenomeWideSNP_6_F06_1039580	8	37047633	38695996	884	1.9998
CENTS_p_TCGASNP_212_216_217_N_GenomeWideSNP_6_F06_1039580	8	38701329	38993605	140	1.5278
CENTS_p_TCGASNP_212_216_217_N_GenomeWideSNP_6_F06_1039580	8	38996089	39230659	114	1.1719
CENTS_p_TCGASNP_212_216_217_N_GenomeWideSNP_6_F06_1039580	8	39235603	39389015	62	1.9402
CENTS_p_TCGASNP_212_216_217_N_GenomeWideSNP_6_F06_1039580	8	39389029	40325062	736	1.4399
CENTS_p_TCGASNP_212_216_217_N_GenomeWideSNP_6_F06_1039580	8	40327992	40766191	332	1.1996
CENTS_p_TCGASNP_212_216_217_N_GenomeWideSNP_6_F06_1039580	8	40767175	40786645	11	1.5352
CENTS_p_TCGASNP_212_216_217_N_GenomeWideSNP_6_F06_1039580	8	40788019	40883546	64	1.1384
CENTS_p_TCGASNP_212_216_217_N_GenomeWideSNP_6_F06_1039580	8	40883822	41796043	567	0.8441
CENTS_p_TCGASNP_212_216_217_N_GenomeWideSNP_6_F06_1039580	8	41799614	42141385	177	1.072
CENTS_p_TCGASNP_212_216_217_N_GenomeWideSNP_6_F06_1039580	8	42143007	42148532	20	0.6313
CENTS_p_TCGASNP_212_216_217_N_GenomeWideSNP_6_F06_1039580	8	42149126	42153565	18	1.0737
CENTS_p_TCGASNP_212_216_217_N_GenomeWideSNP_6_F06_1039580	8	42153581	42155830	5	0.3163
CENTS_p_TCGASNP_212_216_217_N_GenomeWideSNP_6_F06_1039580	8	42155987	43029022	453	1.0377
CENTS_p_TCGASNP_212_216_217_N_GenomeWideSNP_6_F06_1039580	8	43043379	53927637	4086	0.3976
CENTS_p_TCGASNP_212_216_217_N_GenomeWideSNP_6_F06_1039580	8	53931208	53933043	4	-0.4317
CENTS_p_TCGASNP_212_216_217_N_GenomeWideSNP_6_F06_1039580	8	53933084	55286976	860	0.3954
CENTS_p_TCGASNP_212_216_217_N_GenomeWideSNP_6_F06_1039580	8	55289587	55291836	5	-1.2434
CENTS_p_TCGASNP_212_216_217_N_GenomeWideSNP_6_F06_1039580	8	55292539	65351436	6600	0.4077
CENTS_p_TCGASNP_212_216_217_N_GenomeWideSNP_6_F06_1039580	8	65351438	65354175	2	-1.1457
CENTS_p_TCGASNP_212_216_217_N_GenomeWideSNP_6_F06_1039580	8	65360541	70952486	3277	0.4137
CENTS_p_TCGASNP_212_216_217_N_GenomeWideSNP_6_F06_1039580	8	70952673	70954834	9	-0.1049
CENTS_p_TCGASNP_212_216_217_N_GenomeWideSNP_6_F06_1039580	8	70961161	75319183	2890	0.4031
CENTS_p_TCGASNP_212_216_217_N_GenomeWideSNP_6_F06_1039580	8	75322877	75328535	5	-1.0894
CENTS_p_TCGASNP_212_216_217_N_GenomeWideSNP_6_F06_1039580	8	75332085	103053291	16403	0.4334
CENTS_p_TCGASNP_212_216_217_N_GenomeWideSNP_6_F06_1039580	8	103054583	103056706	2	-1.6087
CENTS_p_TCGASNP_212_216_217_N_GenomeWideSNP_6_F06_1039580	8	103056774	105460030	1409	0.406
CENTS_p_TCGASNP_212_216_217_N_GenomeWideSNP_6_F06_1039580	8	105461656	105464654	2	-1.0452
CENTS_p_TCGASNP_212_216_217_N_GenomeWideSNP_6_F06_1039580	8	105465873	112291494	4126	0.4155
CENTS_p_TCGASNP_212_216_217_N_GenomeWideSNP_6_F06_1039580	8	112294279	112295260	10	0.9469
CENTS_p_TCGASNP_212_216_217_N_GenomeWideSNP_6_F06_1039580	8	112300281	115632043	1828	0.4417
CENTS_p_TCGASNP_212_216_217_N_GenomeWideSNP_6_F06_1039580	8	115634487	115641731	35	-0.6775
CENTS_p_TCGASNP_212_216_217_N_GenomeWideSNP_6_F06_1039580	8	115650697	120017703	2979	0.4331
CENTS_p_TCGASNP_212_216_217_N_GenomeWideSNP_6_F06_1039580	8	120021037	120021260	4	-0.5328
CENTS_p_TCGASNP_212_216_217_N_GenomeWideSNP_6_F06_1039580	8	120028098	120152010	125	0.3991
CENTS_p_TCGASNP_212_216_217_N_GenomeWideSNP_6_F06_1039580	8	120154784	120159446	4	-0.9956
CENTS_p_TCGASNP_212_216_217_N_GenomeWideSNP_6_F06_1039580	8	120162854	146298155	17960	0.3953
CENTS_p_TCGASNP_212_216_217_N_GenomeWideSNP_6_F06_1039580	9	46587	8144163	7841	-0.4511
CENTS_p_TCGASNP_212_216_217_N_GenomeWideSNP_6_F06_1039580	9	8144973	8153933	5	-2.2901
CENTS_p_TCGASNP_212_216_217_N_GenomeWideSNP_6_F06_1039580	9	8154249	24934407	13707	-0.4272
CENTS_p_TCGASNP_212_216_217_N_GenomeWideSNP_6_F06_1039580	9	24934491	24934859	2	-2.3698
CENTS_p_TCGASNP_212_216_217_N_GenomeWideSNP_6_F06_1039580	9	24935108	41609775	9712	-0.4344
CENTS_p_TCGASNP_212_216_217_N_GenomeWideSNP_6_F06_1039580	9	41626836	41629095	7	0.8295
CENTS_p_TCGASNP_212_216_217_N_GenomeWideSNP_6_F06_1039580	9	41629280	43612162	58	-0.2448
CENTS_p_TCGASNP_212_216_217_N_GenomeWideSNP_6_F06_1039580	9	43635113	44114872	27	-1.5061
CENTS_p_TCGASNP_212_216_217_N_GenomeWideSNP_6_F06_1039580	9	44136790	66482237	187	2e-04
CENTS_p_TCGASNP_212_216_217_N_GenomeWideSNP_6_F06_1039580	9	66518605	66533718	3	-1.6771
CENTS_p_TCGASNP_212_216_217_N_GenomeWideSNP_6_F06_1039580	9	66550353	68183981	49	-0.1439
CENTS_p_TCGASNP_212_216_217_N_GenomeWideSNP_6_F06_1039580	9	68186051	68188547	8	1.5164
CENTS_p_TCGASNP_212_216_217_N_GenomeWideSNP_6_F06_1039580	9	68209916	69978022	212	-0.1929
CENTS_p_TCGASNP_212_216_217_N_GenomeWideSNP_6_F06_1039580	9	70940595	128968886	41406	-0.4471
CENTS_p_TCGASNP_212_216_217_N_GenomeWideSNP_6_F06_1039580	9	128968987	128976702	17	-1.2652
CENTS_p_TCGASNP_212_216_217_N_GenomeWideSNP_6_F06_1039580	9	128979500	134258779	2876	-0.4555
CENTS_p_TCGASNP_212_216_217_N_GenomeWideSNP_6_F06_1039580	9	134260926	134265704	5	-2.0954
CENTS_p_TCGASNP_212_216_217_N_GenomeWideSNP_6_F06_1039580	9	134272015	137641455	2105	-0.5248
CENTS_p_TCGASNP_212_216_217_N_GenomeWideSNP_6_F06_1039580	9	137641904	137642577	2	-3.0639
CENTS_p_TCGASNP_212_216_217_N_GenomeWideSNP_6_F06_1039580	9	137643459	141091394	1525	-0.5529
CENTS_p_TCGASNP_212_216_217_N_GenomeWideSNP_6_F06_1039580	10	72759	2688094	2036	-0.1118
CENTS_p_TCGASNP_212_216_217_N_GenomeWideSNP_6_F06_1039580	10	2689099	3133648	489	0.5094
CENTS_p_TCGASNP_212_216_217_N_GenomeWideSNP_6_F06_1039580	10	3134083	4437173	1252	-0.0847
CENTS_p_TCGASNP_212_216_217_N_GenomeWideSNP_6_F06_1039580	10	4439129	4439686	6	-0.9733
CENTS_p_TCGASNP_212_216_217_N_GenomeWideSNP_6_F06_1039580	10	4443829	12836839	6945	-0.0722
CENTS_p_TCGASNP_212_216_217_N_GenomeWideSNP_6_F06_1039580	10	12837442	12841160	5	-1.2699
CENTS_p_TCGASNP_212_216_217_N_GenomeWideSNP_6_F06_1039580	10	12841292	16910457	3443	-0.0771
CENTS_p_TCGASNP_212_216_217_N_GenomeWideSNP_6_F06_1039580	10	16912622	16980552	62	-0.4206
CENTS_p_TCGASNP_212_216_217_N_GenomeWideSNP_6_F06_1039580	10	16980835	17541641	471	-0.0759
CENTS_p_TCGASNP_212_216_217_N_GenomeWideSNP_6_F06_1039580	10	17543933	24375263	4527	0.2018
CENTS_p_TCGASNP_212_216_217_N_GenomeWideSNP_6_F06_1039580	10	24377674	24377921	10	0.9287
CENTS_p_TCGASNP_212_216_217_N_GenomeWideSNP_6_F06_1039580	10	24378054	27619075	2217	0.1895
CENTS_p_TCGASNP_212_216_217_N_GenomeWideSNP_6_F06_1039580	10	27625865	27629746	2	-1.311
CENTS_p_TCGASNP_212_216_217_N_GenomeWideSNP_6_F06_1039580	10	27630728	30266741	2093	0.1875
CENTS_p_TCGASNP_212_216_217_N_GenomeWideSNP_6_F06_1039580	10	30266921	30389826	101	0.4147
CENTS_p_TCGASNP_212_216_217_N_GenomeWideSNP_6_F06_1039580	10	30389836	47633077	8178	0.1711
CENTS_p_TCGASNP_212_216_217_N_GenomeWideSNP_6_F06_1039580	10	47633090	47633185	4	1.0302
CENTS_p_TCGASNP_212_216_217_N_GenomeWideSNP_6_F06_1039580	10	47633378	47897394	104	0.1308
CENTS_p_TCGASNP_212_216_217_N_GenomeWideSNP_6_F06_1039580	10	47912899	47948060	3	2.9902
CENTS_p_TCGASNP_212_216_217_N_GenomeWideSNP_6_F06_1039580	10	47960476	48663599	281	0.1653
CENTS_p_TCGASNP_212_216_217_N_GenomeWideSNP_6_F06_1039580	10	48673103	48730698	8	-0.2987
CENTS_p_TCGASNP_212_216_217_N_GenomeWideSNP_6_F06_1039580	10	48736766	49241492	21	0.4624
CENTS_p_TCGASNP_212_216_217_N_GenomeWideSNP_6_F06_1039580	10	49270823	49270978	2	1.5382
CENTS_p_TCGASNP_212_216_217_N_GenomeWideSNP_6_F06_1039580	10	49287591	51830360	1454	0.1764
CENTS_p_TCGASNP_212_216_217_N_GenomeWideSNP_6_F06_1039580	10	51840984	51857219	2	-1.6716
CENTS_p_TCGASNP_212_216_217_N_GenomeWideSNP_6_F06_1039580	10	51867234	54929854	2334	0.1979
CENTS_p_TCGASNP_212_216_217_N_GenomeWideSNP_6_F06_1039580	10	54929870	54939153	9	-0.8699
CENTS_p_TCGASNP_212_216_217_N_GenomeWideSNP_6_F06_1039580	10	54941401	55076701	81	0.2264
CENTS_p_TCGASNP_212_216_217_N_GenomeWideSNP_6_F06_1039580	10	55076782	55088829	5	-0.9594
CENTS_p_TCGASNP_212_216_217_N_GenomeWideSNP_6_F06_1039580	10	55093531	70620997	10757	0.2075
CENTS_p_TCGASNP_212_216_217_N_GenomeWideSNP_6_F06_1039580	10	70621009	70621018	2	1.2867
CENTS_p_TCGASNP_212_216_217_N_GenomeWideSNP_6_F06_1039580	10	70621086	74788051	2854	0.1629
CENTS_p_TCGASNP_212_216_217_N_GenomeWideSNP_6_F06_1039580	10	74788743	77618364	1329	0.4161
CENTS_p_TCGASNP_212_216_217_N_GenomeWideSNP_6_F06_1039580	10	77619044	124343951	32079	0.1836
CENTS_p_TCGASNP_212_216_217_N_GenomeWideSNP_6_F06_1039580	10	124344109	124357726	8	0.9027
CENTS_p_TCGASNP_212_216_217_N_GenomeWideSNP_6_F06_1039580	10	124383013	135506704	7920	0.1515
CENTS_p_TCGASNP_212_216_217_N_GenomeWideSNP_6_F06_1039580	11	198510	4967650	2473	-0.1211
CENTS_p_TCGASNP_212_216_217_N_GenomeWideSNP_6_F06_1039580	11	4968117	4970243	3	0.4234
CENTS_p_TCGASNP_212_216_217_N_GenomeWideSNP_6_F06_1039580	11	4970277	4976272	28	1.0393
CENTS_p_TCGASNP_212_216_217_N_GenomeWideSNP_6_F06_1039580	11	4976334	4976596	6	0.5311
CENTS_p_TCGASNP_212_216_217_N_GenomeWideSNP_6_F06_1039580	11	4976614	5782925	782	-0.108
CENTS_p_TCGASNP_212_216_217_N_GenomeWideSNP_6_F06_1039580	11	5782959	5809139	40	0.4355
CENTS_p_TCGASNP_212_216_217_N_GenomeWideSNP_6_F06_1039580	11	5809338	5871523	69	-0.0798
CENTS_p_TCGASNP_212_216_217_N_GenomeWideSNP_6_F06_1039580	11	5872237	5882036	6	-1.0902
CENTS_p_TCGASNP_212_216_217_N_GenomeWideSNP_6_F06_1039580	11	5883317	8940149	2213	-0.1017
CENTS_p_TCGASNP_212_216_217_N_GenomeWideSNP_6_F06_1039580	11	8940248	18940856	7138	0.1617
CENTS_p_TCGASNP_212_216_217_N_GenomeWideSNP_6_F06_1039580	11	18940870	18961922	56	0.4628
CENTS_p_TCGASNP_212_216_217_N_GenomeWideSNP_6_F06_1039580	11	18961935	26009856	5603	0.1829
CENTS_p_TCGASNP_212_216_217_N_GenomeWideSNP_6_F06_1039580	11	26009946	26013925	3	-1.6349
CENTS_p_TCGASNP_212_216_217_N_GenomeWideSNP_6_F06_1039580	11	26014469	49076600	15178	0.1758
CENTS_p_TCGASNP_212_216_217_N_GenomeWideSNP_6_F06_1039580	11	49078871	49109565	13	-0.74
CENTS_p_TCGASNP_212_216_217_N_GenomeWideSNP_6_F06_1039580	11	49109823	55376280	1061	0.1666
CENTS_p_TCGASNP_212_216_217_N_GenomeWideSNP_6_F06_1039580	11	55376498	55420166	30	0.559
CENTS_p_TCGASNP_212_216_217_N_GenomeWideSNP_6_F06_1039580	11	55422339	55437719	7	-0.2026
CENTS_p_TCGASNP_212_216_217_N_GenomeWideSNP_6_F06_1039580	11	55439332	55603568	124	-0.8293
CENTS_p_TCGASNP_212_216_217_N_GenomeWideSNP_6_F06_1039580	11	55603691	58761763	1940	0.1816
CENTS_p_TCGASNP_212_216_217_N_GenomeWideSNP_6_F06_1039580	11	58762082	60212297	892	0.4218
CENTS_p_TCGASNP_212_216_217_N_GenomeWideSNP_6_F06_1039580	11	60215066	60448707	129	0.1812
CENTS_p_TCGASNP_212_216_217_N_GenomeWideSNP_6_F06_1039580	11	60452407	66860941	2925	-0.4561
CENTS_p_TCGASNP_212_216_217_N_GenomeWideSNP_6_F06_1039580	11	66867845	69026704	970	0.7735
CENTS_p_TCGASNP_212_216_217_N_GenomeWideSNP_6_F06_1039580	11	69040129	69420212	223	1.3073
CENTS_p_TCGASNP_212_216_217_N_GenomeWideSNP_6_F06_1039580	11	69420547	69503930	50	1.5328
CENTS_p_TCGASNP_212_216_217_N_GenomeWideSNP_6_F06_1039580	11	69504277	70089853	295	1.2083
CENTS_p_TCGASNP_212_216_217_N_GenomeWideSNP_6_F06_1039580	11	70091636	70768377	396	0.9301
CENTS_p_TCGASNP_212_216_217_N_GenomeWideSNP_6_F06_1039580	11	70771964	70777723	5	0.626
CENTS_p_TCGASNP_212_216_217_N_GenomeWideSNP_6_F06_1039580	11	70777949	70807773	18	0.2397
CENTS_p_TCGASNP_212_216_217_N_GenomeWideSNP_6_F06_1039580	11	70808064	71353265	377	0.7686
CENTS_p_TCGASNP_212_216_217_N_GenomeWideSNP_6_F06_1039580	11	71356791	71405466	19	0.3319
CENTS_p_TCGASNP_212_216_217_N_GenomeWideSNP_6_F06_1039580	11	71413281	77677149	3224	-0.4427
CENTS_p_TCGASNP_212_216_217_N_GenomeWideSNP_6_F06_1039580	11	77680285	78088754	232	-0.1357
CENTS_p_TCGASNP_212_216_217_N_GenomeWideSNP_6_F06_1039580	11	78091150	84092739	4501	-0.4435
CENTS_p_TCGASNP_212_216_217_N_GenomeWideSNP_6_F06_1039580	11	84092980	84104447	5	-1.6195
CENTS_p_TCGASNP_212_216_217_N_GenomeWideSNP_6_F06_1039580	11	84105873	89548104	3598	-0.4175
CENTS_p_TCGASNP_212_216_217_N_GenomeWideSNP_6_F06_1039580	11	89548892	89550224	2	-2.2642
CENTS_p_TCGASNP_212_216_217_N_GenomeWideSNP_6_F06_1039580	11	89567541	90566513	558	-0.4168
CENTS_p_TCGASNP_212_216_217_N_GenomeWideSNP_6_F06_1039580	11	90568187	90571038	4	-1.9378
CENTS_p_TCGASNP_212_216_217_N_GenomeWideSNP_6_F06_1039580	11	90572164	102923958	8999	-0.4222
CENTS_p_TCGASNP_212_216_217_N_GenomeWideSNP_6_F06_1039580	11	102924515	102924946	3	-2.0127
CENTS_p_TCGASNP_212_216_217_N_GenomeWideSNP_6_F06_1039580	11	102931514	116055191	8837	-0.4351
CENTS_p_TCGASNP_212_216_217_N_GenomeWideSNP_6_F06_1039580	11	116055520	116059440	4	-2.1552
CENTS_p_TCGASNP_212_216_217_N_GenomeWideSNP_6_F06_1039580	11	116060430	128066592	8656	-0.4606
CENTS_p_TCGASNP_212_216_217_N_GenomeWideSNP_6_F06_1039580	11	128069591	128467510	492	0.1862
CENTS_p_TCGASNP_212_216_217_N_GenomeWideSNP_6_F06_1039580	11	128474091	128879198	345	-0.471
CENTS_p_TCGASNP_212_216_217_N_GenomeWideSNP_6_F06_1039580	11	128884308	129740148	524	0.7031
CENTS_p_TCGASNP_212_216_217_N_GenomeWideSNP_6_F06_1039580	11	129746688	130308879	311	1.167
CENTS_p_TCGASNP_212_216_217_N_GenomeWideSNP_6_F06_1039580	11	130309928	130643231	230	0.7675
CENTS_p_TCGASNP_212_216_217_N_GenomeWideSNP_6_F06_1039580	11	130643496	130785205	128	0.3718
CENTS_p_TCGASNP_212_216_217_N_GenomeWideSNP_6_F06_1039580	11	130791242	131222259	376	-0.1567
CENTS_p_TCGASNP_212_216_217_N_GenomeWideSNP_6_F06_1039580	11	131224448	131566593	321	0.85
CENTS_p_TCGASNP_212_216_217_N_GenomeWideSNP_6_F06_1039580	11	131567968	132187667	538	-0.11
CENTS_p_TCGASNP_212_216_217_N_GenomeWideSNP_6_F06_1039580	11	132196479	132303393	75	-1.0235
CENTS_p_TCGASNP_212_216_217_N_GenomeWideSNP_6_F06_1039580	11	132304429	132372467	59	-0.0676
CENTS_p_TCGASNP_212_216_217_N_GenomeWideSNP_6_F06_1039580	11	132375815	134233751	1356	-1.0304
CENTS_p_TCGASNP_212_216_217_N_GenomeWideSNP_6_F06_1039580	11	134235738	134247187	13	-2.9034
CENTS_p_TCGASNP_212_216_217_N_GenomeWideSNP_6_F06_1039580	11	134247842	134944770	568	-1.1109
CENTS_p_TCGASNP_212_216_217_N_GenomeWideSNP_6_F06_1039580	12	150442	8556693	5621	0.1679
CENTS_p_TCGASNP_212_216_217_N_GenomeWideSNP_6_F06_1039580	12	8558488	8567624	12	1.2795
CENTS_p_TCGASNP_212_216_217_N_GenomeWideSNP_6_F06_1039580	12	8567639	9630556	574	0.1863
CENTS_p_TCGASNP_212_216_217_N_GenomeWideSNP_6_F06_1039580	12	9633870	9728292	25	-1.3084
CENTS_p_TCGASNP_212_216_217_N_GenomeWideSNP_6_F06_1039580	12	9734969	31906672	15626	0.202
CENTS_p_TCGASNP_212_216_217_N_GenomeWideSNP_6_F06_1039580	12	31907274	31909908	4	-0.6885
CENTS_p_TCGASNP_212_216_217_N_GenomeWideSNP_6_F06_1039580	12	31917220	45905840	6668	0.2041
CENTS_p_TCGASNP_212_216_217_N_GenomeWideSNP_6_F06_1039580	12	45908740	45909537	2	-2.9535
CENTS_p_TCGASNP_212_216_217_N_GenomeWideSNP_6_F06_1039580	12	45913292	52378992	3497	0.1835
CENTS_p_TCGASNP_212_216_217_N_GenomeWideSNP_6_F06_1039580	12	52379854	52386790	3	-0.681
CENTS_p_TCGASNP_212_216_217_N_GenomeWideSNP_6_F06_1039580	12	52389507	57235970	2917	0.171
CENTS_p_TCGASNP_212_216_217_N_GenomeWideSNP_6_F06_1039580	12	57237761	57240444	3	-0.7189
CENTS_p_TCGASNP_212_216_217_N_GenomeWideSNP_6_F06_1039580	12	57241455	63919989	4238	0.1967
CENTS_p_TCGASNP_212_216_217_N_GenomeWideSNP_6_F06_1039580	12	63920585	63924805	3	-1.4524
CENTS_p_TCGASNP_212_216_217_N_GenomeWideSNP_6_F06_1039580	12	63932963	91721118	17451	0.2246
CENTS_p_TCGASNP_212_216_217_N_GenomeWideSNP_6_F06_1039580	12	91721933	91723193	4	-0.9463
CENTS_p_TCGASNP_212_216_217_N_GenomeWideSNP_6_F06_1039580	12	91726351	99772061	5633	0.1927
CENTS_p_TCGASNP_212_216_217_N_GenomeWideSNP_6_F06_1039580	12	99775537	99803093	43	0.4927
CENTS_p_TCGASNP_212_216_217_N_GenomeWideSNP_6_F06_1039580	12	99803118	101975150	1327	0.1918
CENTS_p_TCGASNP_212_216_217_N_GenomeWideSNP_6_F06_1039580	12	101975297	102155361	134	0.4208
CENTS_p_TCGASNP_212_216_217_N_GenomeWideSNP_6_F06_1039580	12	102157451	133778189	21299	0.18
CENTS_p_TCGASNP_212_216_217_N_GenomeWideSNP_6_F06_1039580	13	19026949	23838625	3077	-0.4365
CENTS_p_TCGASNP_212_216_217_N_GenomeWideSNP_6_F06_1039580	13	23840488	23969866	87	-0.0975
CENTS_p_TCGASNP_212_216_217_N_GenomeWideSNP_6_F06_1039580	13	23973888	24963673	835	-0.4707
CENTS_p_TCGASNP_212_216_217_N_GenomeWideSNP_6_F06_1039580	13	24968825	25254198	231	-0.2108
CENTS_p_TCGASNP_212_216_217_N_GenomeWideSNP_6_F06_1039580	13	25258844	46495877	15146	-0.4345
CENTS_p_TCGASNP_212_216_217_N_GenomeWideSNP_6_F06_1039580	13	46496591	47237890	465	-0.1243
CENTS_p_TCGASNP_212_216_217_N_GenomeWideSNP_6_F06_1039580	13	47237928	57751096	6223	-0.4086
CENTS_p_TCGASNP_212_216_217_N_GenomeWideSNP_6_F06_1039580	13	57758270	57778368	33	-1.2398
CENTS_p_TCGASNP_212_216_217_N_GenomeWideSNP_6_F06_1039580	13	57778380	115108397	38092	-0.4151
CENTS_p_TCGASNP_212_216_217_N_GenomeWideSNP_6_F06_1039580	14	19002124	19402242	26	0.1147
CENTS_p_TCGASNP_212_216_217_N_GenomeWideSNP_6_F06_1039580	14	19416191	21058179	647	-0.4997
CENTS_p_TCGASNP_212_216_217_N_GenomeWideSNP_6_F06_1039580	14	21058337	21058425	2	-3.8966
CENTS_p_TCGASNP_212_216_217_N_GenomeWideSNP_6_F06_1039580	14	21059065	21175274	83	-0.5014
CENTS_p_TCGASNP_212_216_217_N_GenomeWideSNP_6_F06_1039580	14	21176089	21176092	2	-2.4654
CENTS_p_TCGASNP_212_216_217_N_GenomeWideSNP_6_F06_1039580	14	21178398	22390619	772	-0.4435
CENTS_p_TCGASNP_212_216_217_N_GenomeWideSNP_6_F06_1039580	14	22392626	22393521	10	-1.7223
CENTS_p_TCGASNP_212_216_217_N_GenomeWideSNP_6_F06_1039580	14	22393545	26783903	2995	-0.4608
CENTS_p_TCGASNP_212_216_217_N_GenomeWideSNP_6_F06_1039580	14	26783911	26783918	7	0.5989
CENTS_p_TCGASNP_212_216_217_N_GenomeWideSNP_6_F06_1039580	14	26784913	28665038	1096	-0.39
CENTS_p_TCGASNP_212_216_217_N_GenomeWideSNP_6_F06_1039580	14	28668373	28670738	5	-2.153
CENTS_p_TCGASNP_212_216_217_N_GenomeWideSNP_6_F06_1039580	14	28674626	39822902	6996	-0.4135
CENTS_p_TCGASNP_212_216_217_N_GenomeWideSNP_6_F06_1039580	14	39826711	39976064	86	-0.0818
CENTS_p_TCGASNP_212_216_217_N_GenomeWideSNP_6_F06_1039580	14	39982427	47620684	4565	-0.3936
CENTS_p_TCGASNP_212_216_217_N_GenomeWideSNP_6_F06_1039580	14	47621947	47634767	11	-0.9234
CENTS_p_TCGASNP_212_216_217_N_GenomeWideSNP_6_F06_1039580	14	47634843	47635668	2	-2.5061
CENTS_p_TCGASNP_212_216_217_N_GenomeWideSNP_6_F06_1039580	14	47636016	60565243	8467	-0.4301
CENTS_p_TCGASNP_212_216_217_N_GenomeWideSNP_6_F06_1039580	14	60573244	60705575	84	-0.0904
CENTS_p_TCGASNP_212_216_217_N_GenomeWideSNP_6_F06_1039580	14	60706199	60710691	6	0.3037
CENTS_p_TCGASNP_212_216_217_N_GenomeWideSNP_6_F06_1039580	14	60717940	60817324	59	-0.0701
CENTS_p_TCGASNP_212_216_217_N_GenomeWideSNP_6_F06_1039580	14	60818157	94421488	21646	-0.4398
CENTS_p_TCGASNP_212_216_217_N_GenomeWideSNP_6_F06_1039580	14	94421667	94422346	2	-3.6652
CENTS_p_TCGASNP_212_216_217_N_GenomeWideSNP_6_F06_1039580	14	94422467	106044370	7297	-0.4653
CENTS_p_TCGASNP_212_216_217_N_GenomeWideSNP_6_F06_1039580	14	106054897	106167487	17	0.199
CENTS_p_TCGASNP_212_216_217_N_GenomeWideSNP_6_F06_1039580	14	106194477	106530364	130	-0.3898
CENTS_p_TCGASNP_212_216_217_N_GenomeWideSNP_6_F06_1039580	14	106530687	106569463	18	0.4084
CENTS_p_TCGASNP_212_216_217_N_GenomeWideSNP_6_F06_1039580	14	106574118	106715489	65	-0.2765
CENTS_p_TCGASNP_212_216_217_N_GenomeWideSNP_6_F06_1039580	14	106717356	106740774	13	-0.9266
CENTS_p_TCGASNP_212_216_217_N_GenomeWideSNP_6_F06_1039580	14	106746725	106783044	23	-0.3352
CENTS_p_TCGASNP_212_216_217_N_GenomeWideSNP_6_F06_1039580	14	106796025	106802053	7	-2.1906
CENTS_p_TCGASNP_212_216_217_N_GenomeWideSNP_6_F06_1039580	14	106815943	106863521	26	-0.3713
CENTS_p_TCGASNP_212_216_217_N_GenomeWideSNP_6_F06_1039580	14	106863524	106952515	71	-0.149
CENTS_p_TCGASNP_212_216_217_N_GenomeWideSNP_6_F06_1039580	14	106952836	107153042	118	-0.4444
CENTS_p_TCGASNP_212_216_217_N_GenomeWideSNP_6_F06_1039580	14	107153067	107171776	15	0.2907
CENTS_p_TCGASNP_212_216_217_N_GenomeWideSNP_6_F06_1039580	14	107174572	107179847	9	-0.0556
CENTS_p_TCGASNP_212_216_217_N_GenomeWideSNP_6_F06_1039580	14	107184184	107285437	69	-0.3971
CENTS_p_TCGASNP_212_216_217_N_GenomeWideSNP_6_F06_1039580	15	20016328	20843562	159	-0.0847
CENTS_p_TCGASNP_212_216_217_N_GenomeWideSNP_6_F06_1039580	15	20847933	21201536	120	-0.3643
CENTS_p_TCGASNP_212_216_217_N_GenomeWideSNP_6_F06_1039580	15	21210772	22291024	32	-0.7986
CENTS_p_TCGASNP_212_216_217_N_GenomeWideSNP_6_F06_1039580	15	22293227	23266351	416	-0.0861
CENTS_p_TCGASNP_212_216_217_N_GenomeWideSNP_6_F06_1039580	15	23277448	23290800	4	-1.1765
CENTS_p_TCGASNP_212_216_217_N_GenomeWideSNP_6_F06_1039580	15	23296600	24053386	304	-0.1445
CENTS_p_TCGASNP_212_216_217_N_GenomeWideSNP_6_F06_1039580	15	24054341	24059307	22	-0.7064
CENTS_p_TCGASNP_212_216_217_N_GenomeWideSNP_6_F06_1039580	15	24065693	30415931	4045	-0.1373
CENTS_p_TCGASNP_212_216_217_N_GenomeWideSNP_6_F06_1039580	15	30444276	31372016	367	0.1166
CENTS_p_TCGASNP_212_216_217_N_GenomeWideSNP_6_F06_1039580	15	31376696	31381989	2	-1.3182
CENTS_p_TCGASNP_212_216_217_N_GenomeWideSNP_6_F06_1039580	15	31383623	34694636	2342	0.1255
CENTS_p_TCGASNP_212_216_217_N_GenomeWideSNP_6_F06_1039580	15	34695322	34813119	70	-0.6222
CENTS_p_TCGASNP_212_216_217_N_GenomeWideSNP_6_F06_1039580	15	34814360	42167485	4817	0.1453
CENTS_p_TCGASNP_212_216_217_N_GenomeWideSNP_6_F06_1039580	15	42170103	42170342	2	-1.0222
CENTS_p_TCGASNP_212_216_217_N_GenomeWideSNP_6_F06_1039580	15	42171462	45223654	1434	0.1239
CENTS_p_TCGASNP_212_216_217_N_GenomeWideSNP_6_F06_1039580	15	45225257	45235082	7	-0.5248
CENTS_p_TCGASNP_212_216_217_N_GenomeWideSNP_6_F06_1039580	15	45238744	76878362	20219	0.1401
CENTS_p_TCGASNP_212_216_217_N_GenomeWideSNP_6_F06_1039580	15	76891241	76895775	22	0.8684
CENTS_p_TCGASNP_212_216_217_N_GenomeWideSNP_6_F06_1039580	15	76902179	102469040	17683	0.1279
CENTS_p_TCGASNP_212_216_217_N_GenomeWideSNP_6_F06_1039580	16	60777	589860	236	0.1083
CENTS_p_TCGASNP_212_216_217_N_GenomeWideSNP_6_F06_1039580	16	596442	642610	11	-0.4837
CENTS_p_TCGASNP_212_216_217_N_GenomeWideSNP_6_F06_1039580	16	642632	22558311	14603	0.167
CENTS_p_TCGASNP_212_216_217_N_GenomeWideSNP_6_F06_1039580	16	22558997	22721866	80	0.518
CENTS_p_TCGASNP_212_216_217_N_GenomeWideSNP_6_F06_1039580	16	22721952	29126085	4137	0.1589
CENTS_p_TCGASNP_212_216_217_N_GenomeWideSNP_6_F06_1039580	16	29128462	29133896	12	-0.7246
CENTS_p_TCGASNP_212_216_217_N_GenomeWideSNP_6_F06_1039580	16	29134000	29276794	64	0.1443
CENTS_p_TCGASNP_212_216_217_N_GenomeWideSNP_6_F06_1039580	16	29279750	29283704	6	-0.9121
CENTS_p_TCGASNP_212_216_217_N_GenomeWideSNP_6_F06_1039580	16	29287978	32843535	1053	0.1673
CENTS_p_TCGASNP_212_216_217_N_GenomeWideSNP_6_F06_1039580	16	32843700	33241953	37	-0.3466
CENTS_p_TCGASNP_212_216_217_N_GenomeWideSNP_6_F06_1039580	16	33300894	33998975	146	0.0525
CENTS_p_TCGASNP_212_216_217_N_GenomeWideSNP_6_F06_1039580	16	33999879	49225994	1893	-0.4219
CENTS_p_TCGASNP_212_216_217_N_GenomeWideSNP_6_F06_1039580	16	49228296	49228486	2	-2.0476
CENTS_p_TCGASNP_212_216_217_N_GenomeWideSNP_6_F06_1039580	16	49229977	53044982	2769	-0.4651
CENTS_p_TCGASNP_212_216_217_N_GenomeWideSNP_6_F06_1039580	16	53045141	53046134	2	-2.126
CENTS_p_TCGASNP_212_216_217_N_GenomeWideSNP_6_F06_1039580	16	53046682	53200921	78	-0.4438
CENTS_p_TCGASNP_212_216_217_N_GenomeWideSNP_6_F06_1039580	16	53200963	53259276	32	-0.0636
CENTS_p_TCGASNP_212_216_217_N_GenomeWideSNP_6_F06_1039580	16	53260888	53357437	56	-0.4568
CENTS_p_TCGASNP_212_216_217_N_GenomeWideSNP_6_F06_1039580	16	53357718	53656406	290	-0.2135
CENTS_p_TCGASNP_212_216_217_N_GenomeWideSNP_6_F06_1039580	16	53660817	55796594	1797	-0.4721
CENTS_p_TCGASNP_212_216_217_N_GenomeWideSNP_6_F06_1039580	16	55798222	55798779	3	1.7896
CENTS_p_TCGASNP_212_216_217_N_GenomeWideSNP_6_F06_1039580	16	55804348	55816646	11	-0.4474
CENTS_p_TCGASNP_212_216_217_N_GenomeWideSNP_6_F06_1039580	16	55816705	55822444	4	1.0133
CENTS_p_TCGASNP_212_216_217_N_GenomeWideSNP_6_F06_1039580	16	55829557	70806674	9014	-0.4348
CENTS_p_TCGASNP_212_216_217_N_GenomeWideSNP_6_F06_1039580	16	70814358	70814787	2	-2.0718
CENTS_p_TCGASNP_212_216_217_N_GenomeWideSNP_6_F06_1039580	16	70818629	70842097	16	-0.4154
CENTS_p_TCGASNP_212_216_217_N_GenomeWideSNP_6_F06_1039580	16	70854381	71202489	140	0.1239
CENTS_p_TCGASNP_212_216_217_N_GenomeWideSNP_6_F06_1039580	16	71202797	90226124	15850	-0.4687
CENTS_p_TCGASNP_212_216_217_N_GenomeWideSNP_6_F06_1039580	16	90245854	90287535	2	0.3077
CENTS_p_TCGASNP_212_216_217_N_GenomeWideSNP_6_F06_1039580	17	526	18317394	11442	-0.0936
CENTS_p_TCGASNP_212_216_217_N_GenomeWideSNP_6_F06_1039580	17	18319862	18510158	38	0.4986
CENTS_p_TCGASNP_212_216_217_N_GenomeWideSNP_6_F06_1039580	17	18529688	19497890	368	-0.0922
CENTS_p_TCGASNP_212_216_217_N_GenomeWideSNP_6_F06_1039580	17	19499736	19538447	30	-1.0983
CENTS_p_TCGASNP_212_216_217_N_GenomeWideSNP_6_F06_1039580	17	19538758	39421708	9086	-0.0864
CENTS_p_TCGASNP_212_216_217_N_GenomeWideSNP_6_F06_1039580	17	39423014	39423334	12	1.4142
CENTS_p_TCGASNP_212_216_217_N_GenomeWideSNP_6_F06_1039580	17	39423486	39430531	12	0.7461
CENTS_p_TCGASNP_212_216_217_N_GenomeWideSNP_6_F06_1039580	17	39432724	44647143	2663	-0.0885
CENTS_p_TCGASNP_212_216_217_N_GenomeWideSNP_6_F06_1039580	17	44647260	44648367	2	1.9779
CENTS_p_TCGASNP_212_216_217_N_GenomeWideSNP_6_F06_1039580	17	44653397	71743780	16790	-0.0799
CENTS_p_TCGASNP_212_216_217_N_GenomeWideSNP_6_F06_1039580	17	71745976	71747610	17	-1.3964
CENTS_p_TCGASNP_212_216_217_N_GenomeWideSNP_6_F06_1039580	17	71748025	81049726	4819	-0.1056
CENTS_p_TCGASNP_212_216_217_N_GenomeWideSNP_6_F06_1039580	18	11543	36191638	21557	0.0895
CENTS_p_TCGASNP_212_216_217_N_GenomeWideSNP_6_F06_1039580	18	36192111	36196916	4	-1.1376
CENTS_p_TCGASNP_212_216_217_N_GenomeWideSNP_6_F06_1039580	18	36200682	38260434	1285	0.0864
CENTS_p_TCGASNP_212_216_217_N_GenomeWideSNP_6_F06_1039580	18	38260448	38265389	17	0.6804
CENTS_p_TCGASNP_212_216_217_N_GenomeWideSNP_6_F06_1039580	18	38268024	64953649	18341	0.0756
CENTS_p_TCGASNP_212_216_217_N_GenomeWideSNP_6_F06_1039580	18	64959207	64967265	21	-1.4486
CENTS_p_TCGASNP_212_216_217_N_GenomeWideSNP_6_F06_1039580	18	64967718	66514232	1210	0.1009
CENTS_p_TCGASNP_212_216_217_N_GenomeWideSNP_6_F06_1039580	18	66515873	66607213	60	0.7005
CENTS_p_TCGASNP_212_216_217_N_GenomeWideSNP_6_F06_1039580	18	66607578	78015057	8322	0.0705
CENTS_p_TCGASNP_212_216_217_N_GenomeWideSNP_6_F06_1039580	19	90910	5506659	1592	-0.1613
CENTS_p_TCGASNP_212_216_217_N_GenomeWideSNP_6_F06_1039580	19	5510239	5510653	3	-2.5582
CENTS_p_TCGASNP_212_216_217_N_GenomeWideSNP_6_F06_1039580	19	5510700	38896295	16748	-0.1892
CENTS_p_TCGASNP_212_216_217_N_GenomeWideSNP_6_F06_1039580	19	38896384	43768182	2423	0.1218
CENTS_p_TCGASNP_212_216_217_N_GenomeWideSNP_6_F06_1039580	19	43769833	43770566	2	-1.2076
CENTS_p_TCGASNP_212_216_217_N_GenomeWideSNP_6_F06_1039580	19	43775717	44383800	355	0.1379
CENTS_p_TCGASNP_212_216_217_N_GenomeWideSNP_6_F06_1039580	19	44394480	44905905	390	-0.1283
CENTS_p_TCGASNP_212_216_217_N_GenomeWideSNP_6_F06_1039580	19	44906524	44907010	4	-0.9137
CENTS_p_TCGASNP_212_216_217_N_GenomeWideSNP_6_F06_1039580	19	44907183	50415240	2442	0.1268
CENTS_p_TCGASNP_212_216_217_N_GenomeWideSNP_6_F06_1039580	19	50416257	50432780	12	-0.4656
CENTS_p_TCGASNP_212_216_217_N_GenomeWideSNP_6_F06_1039580	19	50436715	52131813	958	0.1372
CENTS_p_TCGASNP_212_216_217_N_GenomeWideSNP_6_F06_1039580	19	52142352	52148197	11	1.2563
CENTS_p_TCGASNP_212_216_217_N_GenomeWideSNP_6_F06_1039580	19	52154905	55312612	2063	0.1671
CENTS_p_TCGASNP_212_216_217_N_GenomeWideSNP_6_F06_1039580	19	55313000	55313817	2	-1.6347
CENTS_p_TCGASNP_212_216_217_N_GenomeWideSNP_6_F06_1039580	19	55314287	59097854	2321	0.1642
CENTS_p_TCGASNP_212_216_217_N_GenomeWideSNP_6_F06_1039580	20	61305	61312	7	-0.3945
CENTS_p_TCGASNP_212_216_217_N_GenomeWideSNP_6_F06_1039580	20	61548	1560999	1200	0.5397
CENTS_p_TCGASNP_212_216_217_N_GenomeWideSNP_6_F06_1039580	20	1561580	1593893	41	-0.1845
CENTS_p_TCGASNP_212_216_217_N_GenomeWideSNP_6_F06_1039580	20	1597946	29420553	18819	0.5457
CENTS_p_TCGASNP_212_216_217_N_GenomeWideSNP_6_F06_1039580	20	29428523	29505830	20	-1.3671
CENTS_p_TCGASNP_212_216_217_N_GenomeWideSNP_6_F06_1039580	20	29505893	43322869	8294	0.5283
CENTS_p_TCGASNP_212_216_217_N_GenomeWideSNP_6_F06_1039580	20	43328573	43329529	2	-0.9109
CENTS_p_TCGASNP_212_216_217_N_GenomeWideSNP_6_F06_1039580	20	43335063	57149786	10346	0.5522
CENTS_p_TCGASNP_212_216_217_N_GenomeWideSNP_6_F06_1039580	20	57149966	57652601	335	0.8001
CENTS_p_TCGASNP_212_216_217_N_GenomeWideSNP_6_F06_1039580	20	57653416	62956153	3442	0.5307
CENTS_p_TCGASNP_212_216_217_N_GenomeWideSNP_6_F06_1039580	21	10736871	18733662	2746	0.075
CENTS_p_TCGASNP_212_216_217_N_GenomeWideSNP_6_F06_1039580	21	18736781	32640373	10442	-0.2041
CENTS_p_TCGASNP_212_216_217_N_GenomeWideSNP_6_F06_1039580	21	32641368	42290171	7428	0.0621
CENTS_p_TCGASNP_212_216_217_N_GenomeWideSNP_6_F06_1039580	21	42291678	42292965	3	-1.1332
CENTS_p_TCGASNP_212_216_217_N_GenomeWideSNP_6_F06_1039580	21	42293653	43149896	732	0.0531
CENTS_p_TCGASNP_212_216_217_N_GenomeWideSNP_6_F06_1039580	21	43150284	43150474	2	-1.3781
CENTS_p_TCGASNP_212_216_217_N_GenomeWideSNP_6_F06_1039580	21	43150588	48096957	3048	0.0387
CENTS_p_TCGASNP_212_216_217_N_GenomeWideSNP_6_F06_1039580	22	16052528	18055605	781	0.0082
CENTS_p_TCGASNP_212_216_217_N_GenomeWideSNP_6_F06_1039580	22	18058748	18655860	429	-0.4136
CENTS_p_TCGASNP_212_216_217_N_GenomeWideSNP_6_F06_1039580	22	18672885	24271745	3377	0.1618
CENTS_p_TCGASNP_212_216_217_N_GenomeWideSNP_6_F06_1039580	22	24283016	24330218	26	-0.2731
CENTS_p_TCGASNP_212_216_217_N_GenomeWideSNP_6_F06_1039580	22	24330269	24331967	2	-2.9665
CENTS_p_TCGASNP_212_216_217_N_GenomeWideSNP_6_F06_1039580	22	24332625	24337949	4	-0.4923
CENTS_p_TCGASNP_212_216_217_N_GenomeWideSNP_6_F06_1039580	22	24344422	24391081	17	0.7114
CENTS_p_TCGASNP_212_216_217_N_GenomeWideSNP_6_F06_1039580	22	24393745	51234455	18930	0.165
CENTS_p_TCGASNP_212_216_217_N_GenomeWideSNP_6_F06_1039580	X	168477	12849523	7743	-0.0093
CENTS_p_TCGASNP_212_216_217_N_GenomeWideSNP_6_F06_1039580	X	12860069	12862895	11	-0.5511
CENTS_p_TCGASNP_212_216_217_N_GenomeWideSNP_6_F06_1039580	X	12863108	90968512	39997	-5e-04
CENTS_p_TCGASNP_212_216_217_N_GenomeWideSNP_6_F06_1039580	X	90970506	90971771	8	-0.7346
CENTS_p_TCGASNP_212_216_217_N_GenomeWideSNP_6_F06_1039580	X	90971889	139501194	27194	-0.0042
CENTS_p_TCGASNP_212_216_217_N_GenomeWideSNP_6_F06_1039580	X	139504734	139802737	200	0.2354
CENTS_p_TCGASNP_212_216_217_N_GenomeWideSNP_6_F06_1039580	X	139804211	139804668	3	-1.094
CENTS_p_TCGASNP_212_216_217_N_GenomeWideSNP_6_F06_1039580	X	139808556	143878057	2694	0.0112
CENTS_p_TCGASNP_212_216_217_N_GenomeWideSNP_6_F06_1039580	X	143878736	143879409	3	-1.2004
CENTS_p_TCGASNP_212_216_217_N_GenomeWideSNP_6_F06_1039580	X	143879419	151262143	5021	0.0234
CENTS_p_TCGASNP_212_216_217_N_GenomeWideSNP_6_F06_1039580	X	151265620	151273264	4	-1.3824
CENTS_p_TCGASNP_212_216_217_N_GenomeWideSNP_6_F06_1039580	X	151273331	153421849	1081	0.0513
CENTS_p_TCGASNP_212_216_217_N_GenomeWideSNP_6_F06_1039580	X	153437583	153505460	2	1.4302
CENTS_p_TCGASNP_212_216_217_N_GenomeWideSNP_6_F06_1039580	X	153524304	155182354	649	0.0485
CENTS_p_TCGASNP_212_216_217_N_GenomeWideSNP_6_F06_1039580	Y	2650438	2978678	151	-2.9544
CENTS_p_TCGASNP_212_216_217_N_GenomeWideSNP_6_F06_1039580	Y	2985595	6101425	720	-2.3038
CENTS_p_TCGASNP_212_216_217_N_GenomeWideSNP_6_F06_1039580	Y	6107901	6283866	80	-3.9623
CENTS_p_TCGASNP_212_216_217_N_GenomeWideSNP_6_F06_1039580	Y	6287367	7395687	471	-2.8845
CENTS_p_TCGASNP_212_216_217_N_GenomeWideSNP_6_F06_1039580	Y	7397635	9759564	1205	-3.2448
CENTS_p_TCGASNP_212_216_217_N_GenomeWideSNP_6_F06_1039580	Y	9774614	15590276	951	-2.9133
CENTS_p_TCGASNP_212_216_217_N_GenomeWideSNP_6_F06_1039580	Y	15590342	15594523	3	-7.4645
CENTS_p_TCGASNP_212_216_217_N_GenomeWideSNP_6_F06_1039580	Y	15594889	19063565	1842	-3.0533
CENTS_p_TCGASNP_212_216_217_N_GenomeWideSNP_6_F06_1039580	Y	19068122	19291648	96	-3.6659
CENTS_p_TCGASNP_212_216_217_N_GenomeWideSNP_6_F06_1039580	Y	19297985	19574890	145	-2.9355
CENTS_p_TCGASNP_212_216_217_N_GenomeWideSNP_6_F06_1039580	Y	19576544	21088297	703	-3.5709
CENTS_p_TCGASNP_212_216_217_N_GenomeWideSNP_6_F06_1039580	Y	21088485	23982659	1088	-3.1035
CENTS_p_TCGASNP_212_216_217_N_GenomeWideSNP_6_F06_1039580	Y	23984056	26430674	532	-3.4558
CENTS_p_TCGASNP_212_216_217_N_GenomeWideSNP_6_F06_1039580	Y	26430908	26469059	17	-1.8417
CENTS_p_TCGASNP_212_216_217_N_GenomeWideSNP_6_F06_1039580	Y	26473956	27315972	103	-3.8153
CENTS_p_TCGASNP_212_216_217_N_GenomeWideSNP_6_F06_1039580	Y	27367487	27720551	93	-2.7805
CENTS_p_TCGASNP_212_216_217_N_GenomeWideSNP_6_F06_1039580	Y	27721084	28090545	153	-3.6851
CENTS_p_TCGASNP_212_216_217_N_GenomeWideSNP_6_F06_1039580	Y	28093427	28112692	13	-2.3605
CENTS_p_TCGASNP_212_216_217_N_GenomeWideSNP_6_F06_1039580	Y	28113407	28272116	28	-3.7802
CENTS_p_TCGASNP_212_216_217_N_GenomeWideSNP_6_F06_1039580	Y	28277692	28321752	13	-5.0026
CENTS_p_TCGASNP_212_216_217_N_GenomeWideSNP_6_F06_1039580	Y	28322019	28423938	44	-3.4015
CENTS_p_TCGASNP_212_216_217_N_GenomeWideSNP_6_F06_1039580	Y	28438116	59018259	182	-2.6517
