Sample	Chromosome	Start	End	Num_Probes	Segment_Mean
CHEEP_p_TCGA_b120_121_SNP_N_GenomeWideSNP_6_A04_777608	1	61735	85998	13	-0.3209
CHEEP_p_TCGA_b120_121_SNP_N_GenomeWideSNP_6_A04_777608	1	86324	98588	3	-1.4459
CHEEP_p_TCGA_b120_121_SNP_N_GenomeWideSNP_6_A04_777608	1	98602	25583341	14144	0.013
CHEEP_p_TCGA_b120_121_SNP_N_GenomeWideSNP_6_A04_777608	1	25593128	25646184	24	-1.3
CHEEP_p_TCGA_b120_121_SNP_N_GenomeWideSNP_6_A04_777608	1	25646689	30741496	2410	0.0046
CHEEP_p_TCGA_b120_121_SNP_N_GenomeWideSNP_6_A04_777608	1	30741656	30745210	3	1.0901
CHEEP_p_TCGA_b120_121_SNP_N_GenomeWideSNP_6_A04_777608	1	30747576	72768418	26440	0.0036
CHEEP_p_TCGA_b120_121_SNP_N_GenomeWideSNP_6_A04_777608	1	72768498	72811148	47	-0.9329
CHEEP_p_TCGA_b120_121_SNP_N_GenomeWideSNP_6_A04_777608	1	72811904	75269284	1506	0.0049
CHEEP_p_TCGA_b120_121_SNP_N_GenomeWideSNP_6_A04_777608	1	75271072	75273866	2	1.4594
CHEEP_p_TCGA_b120_121_SNP_N_GenomeWideSNP_6_A04_777608	1	75273987	101964429	17299	0.0047
CHEEP_p_TCGA_b120_121_SNP_N_GenomeWideSNP_6_A04_777608	1	101970295	101972982	3	1.215
CHEEP_p_TCGA_b120_121_SNP_N_GenomeWideSNP_6_A04_777608	1	101972985	110232974	4909	0.0014
CHEEP_p_TCGA_b120_121_SNP_N_GenomeWideSNP_6_A04_777608	1	110233037	110244998	18	-0.887
CHEEP_p_TCGA_b120_121_SNP_N_GenomeWideSNP_6_A04_777608	1	110246126	149548713	8528	-6e-04
CHEEP_p_TCGA_b120_121_SNP_N_GenomeWideSNP_6_A04_777608	1	149548726	149617451	3	1.4012
CHEEP_p_TCGA_b120_121_SNP_N_GenomeWideSNP_6_A04_777608	1	149617488	152761923	1694	0.0167
CHEEP_p_TCGA_b120_121_SNP_N_GenomeWideSNP_6_A04_777608	1	152761939	152767753	25	-0.3534
CHEEP_p_TCGA_b120_121_SNP_N_GenomeWideSNP_6_A04_777608	1	152767864	158959575	3697	0.0098
CHEEP_p_TCGA_b120_121_SNP_N_GenomeWideSNP_6_A04_777608	1	158962039	158962796	2	-1.4782
CHEEP_p_TCGA_b120_121_SNP_N_GenomeWideSNP_6_A04_777608	1	158966864	196714873	25856	0.0035
CHEEP_p_TCGA_b120_121_SNP_N_GenomeWideSNP_6_A04_777608	1	196727850	196738636	6	-1.408
CHEEP_p_TCGA_b120_121_SNP_N_GenomeWideSNP_6_A04_777608	1	196738768	196843171	111	-0.253
CHEEP_p_TCGA_b120_121_SNP_N_GenomeWideSNP_6_A04_777608	1	196843420	196847975	17	-0.9776
CHEEP_p_TCGA_b120_121_SNP_N_GenomeWideSNP_6_A04_777608	1	196853350	249224388	35896	0.0059
CHEEP_p_TCGA_b120_121_SNP_N_GenomeWideSNP_6_A04_777608	2	12784	175844	92	-0.0522
CHEEP_p_TCGA_b120_121_SNP_N_GenomeWideSNP_6_A04_777608	2	176395	176411	2	-1.3406
CHEEP_p_TCGA_b120_121_SNP_N_GenomeWideSNP_6_A04_777608	2	178283	34652579	23990	0.0046
CHEEP_p_TCGA_b120_121_SNP_N_GenomeWideSNP_6_A04_777608	2	34652871	34737556	60	0.4357
CHEEP_p_TCGA_b120_121_SNP_N_GenomeWideSNP_6_A04_777608	2	34738032	35975973	873	-0.0013
CHEEP_p_TCGA_b120_121_SNP_N_GenomeWideSNP_6_A04_777608	2	35977790	35986716	4	-1.687
CHEEP_p_TCGA_b120_121_SNP_N_GenomeWideSNP_6_A04_777608	2	35986908	52754468	12155	0.0042
CHEEP_p_TCGA_b120_121_SNP_N_GenomeWideSNP_6_A04_777608	2	52754480	52781542	39	-1.7568
CHEEP_p_TCGA_b120_121_SNP_N_GenomeWideSNP_6_A04_777608	2	52787949	86937687	21933	0.0041
CHEEP_p_TCGA_b120_121_SNP_N_GenomeWideSNP_6_A04_777608	2	86953070	86953854	2	1.3278
CHEEP_p_TCGA_b120_121_SNP_N_GenomeWideSNP_6_A04_777608	2	86970406	87259331	70	-0.0496
CHEEP_p_TCGA_b120_121_SNP_N_GenomeWideSNP_6_A04_777608	2	87260353	87297725	5	-0.8486
CHEEP_p_TCGA_b120_121_SNP_N_GenomeWideSNP_6_A04_777608	2	87302107	87788679	151	-0.0679
CHEEP_p_TCGA_b120_121_SNP_N_GenomeWideSNP_6_A04_777608	2	87788759	87875620	27	-0.3747
CHEEP_p_TCGA_b120_121_SNP_N_GenomeWideSNP_6_A04_777608	2	87878405	97857927	1850	-0.0216
CHEEP_p_TCGA_b120_121_SNP_N_GenomeWideSNP_6_A04_777608	2	97865337	97876273	12	-0.5982
CHEEP_p_TCGA_b120_121_SNP_N_GenomeWideSNP_6_A04_777608	2	97876806	98151534	31	0.0671
CHEEP_p_TCGA_b120_121_SNP_N_GenomeWideSNP_6_A04_777608	2	98154265	98161710	4	1.0236
CHEEP_p_TCGA_b120_121_SNP_N_GenomeWideSNP_6_A04_777608	2	98162189	106880095	5581	0.0044
CHEEP_p_TCGA_b120_121_SNP_N_GenomeWideSNP_6_A04_777608	2	106880713	106887255	12	0.507
CHEEP_p_TCGA_b120_121_SNP_N_GenomeWideSNP_6_A04_777608	2	106887408	129638078	13442	0.0026
CHEEP_p_TCGA_b120_121_SNP_N_GenomeWideSNP_6_A04_777608	2	129638478	129640297	14	-0.4721
CHEEP_p_TCGA_b120_121_SNP_N_GenomeWideSNP_6_A04_777608	2	129640315	133100962	1628	0.0103
CHEEP_p_TCGA_b120_121_SNP_N_GenomeWideSNP_6_A04_777608	2	133101442	133103441	2	-1.4143
CHEEP_p_TCGA_b120_121_SNP_N_GenomeWideSNP_6_A04_777608	2	133108026	135056484	1524	0.0055
CHEEP_p_TCGA_b120_121_SNP_N_GenomeWideSNP_6_A04_777608	2	135056675	135056870	2	1.3842
CHEEP_p_TCGA_b120_121_SNP_N_GenomeWideSNP_6_A04_777608	2	135058257	146862085	7325	0.0036
CHEEP_p_TCGA_b120_121_SNP_N_GenomeWideSNP_6_A04_777608	2	146864404	146866934	24	-1.2695
CHEEP_p_TCGA_b120_121_SNP_N_GenomeWideSNP_6_A04_777608	2	146877806	157639552	6421	0.0071
CHEEP_p_TCGA_b120_121_SNP_N_GenomeWideSNP_6_A04_777608	2	157641427	157641526	2	-1.5155
CHEEP_p_TCGA_b120_121_SNP_N_GenomeWideSNP_6_A04_777608	2	157641879	177258842	12018	0.0027
CHEEP_p_TCGA_b120_121_SNP_N_GenomeWideSNP_6_A04_777608	2	177267176	177272533	2	1.3404
CHEEP_p_TCGA_b120_121_SNP_N_GenomeWideSNP_6_A04_777608	2	177275138	208350754	18541	2e-04
CHEEP_p_TCGA_b120_121_SNP_N_GenomeWideSNP_6_A04_777608	2	208354912	208360146	23	-0.5049
CHEEP_p_TCGA_b120_121_SNP_N_GenomeWideSNP_6_A04_777608	2	208360222	213181322	3036	0.0047
CHEEP_p_TCGA_b120_121_SNP_N_GenomeWideSNP_6_A04_777608	2	213186549	213191825	25	-0.7704
CHEEP_p_TCGA_b120_121_SNP_N_GenomeWideSNP_6_A04_777608	2	213192126	243089456	19066	0.0076
CHEEP_p_TCGA_b120_121_SNP_N_GenomeWideSNP_6_A04_777608	3	60345	20307790	15298	0.0046
CHEEP_p_TCGA_b120_121_SNP_N_GenomeWideSNP_6_A04_777608	3	20313125	20316083	3	-1.2018
CHEEP_p_TCGA_b120_121_SNP_N_GenomeWideSNP_6_A04_777608	3	20328081	60341773	25812	0.0043
CHEEP_p_TCGA_b120_121_SNP_N_GenomeWideSNP_6_A04_777608	3	60344190	60359318	9	-1.3142
CHEEP_p_TCGA_b120_121_SNP_N_GenomeWideSNP_6_A04_777608	3	60364046	89525093	19508	0.0029
CHEEP_p_TCGA_b120_121_SNP_N_GenomeWideSNP_6_A04_777608	3	89536456	89547017	6	-0.8703
CHEEP_p_TCGA_b120_121_SNP_N_GenomeWideSNP_6_A04_777608	3	89552744	97890616	2559	-0.001
CHEEP_p_TCGA_b120_121_SNP_N_GenomeWideSNP_6_A04_777608	3	97890870	97923104	17	-0.4303
CHEEP_p_TCGA_b120_121_SNP_N_GenomeWideSNP_6_A04_777608	3	97925742	125669048	16961	0.0056
CHEEP_p_TCGA_b120_121_SNP_N_GenomeWideSNP_6_A04_777608	3	125673383	125675963	3	-1.4742
CHEEP_p_TCGA_b120_121_SNP_N_GenomeWideSNP_6_A04_777608	3	125680500	125712339	29	-0.0814
CHEEP_p_TCGA_b120_121_SNP_N_GenomeWideSNP_6_A04_777608	3	125712563	125712715	4	0.9458
CHEEP_p_TCGA_b120_121_SNP_N_GenomeWideSNP_6_A04_777608	3	125712729	129762859	2362	0.0103
CHEEP_p_TCGA_b120_121_SNP_N_GenomeWideSNP_6_A04_777608	3	129763698	129806052	51	0.5118
CHEEP_p_TCGA_b120_121_SNP_N_GenomeWideSNP_6_A04_777608	3	129806236	145479123	9765	0.001
CHEEP_p_TCGA_b120_121_SNP_N_GenomeWideSNP_6_A04_777608	3	145479235	145479562	2	-1.4286
CHEEP_p_TCGA_b120_121_SNP_N_GenomeWideSNP_6_A04_777608	3	145480765	162528630	10535	0.0037
CHEEP_p_TCGA_b120_121_SNP_N_GenomeWideSNP_6_A04_777608	3	162530315	162546229	11	-0.5695
CHEEP_p_TCGA_b120_121_SNP_N_GenomeWideSNP_6_A04_777608	3	162547509	163861651	783	0.0137
CHEEP_p_TCGA_b120_121_SNP_N_GenomeWideSNP_6_A04_777608	3	163863463	163874020	9	-0.5585
CHEEP_p_TCGA_b120_121_SNP_N_GenomeWideSNP_6_A04_777608	3	163875081	173303602	5649	-0.0054
CHEEP_p_TCGA_b120_121_SNP_N_GenomeWideSNP_6_A04_777608	3	173304174	173340966	31	-0.3225
CHEEP_p_TCGA_b120_121_SNP_N_GenomeWideSNP_6_A04_777608	3	173341643	192877902	12763	0.0029
CHEEP_p_TCGA_b120_121_SNP_N_GenomeWideSNP_6_A04_777608	3	192877962	192882903	19	0.9295
CHEEP_p_TCGA_b120_121_SNP_N_GenomeWideSNP_6_A04_777608	3	192886435	195262732	1479	0.0097
CHEEP_p_TCGA_b120_121_SNP_N_GenomeWideSNP_6_A04_777608	3	195262872	195418263	15	-0.4605
CHEEP_p_TCGA_b120_121_SNP_N_GenomeWideSNP_6_A04_777608	3	195422289	197838578	1193	0.003
CHEEP_p_TCGA_b120_121_SNP_N_GenomeWideSNP_6_A04_777608	3	197845216	197849705	11	-0.8118
CHEEP_p_TCGA_b120_121_SNP_N_GenomeWideSNP_6_A04_777608	3	197851225	197896118	9	-0.2193
CHEEP_p_TCGA_b120_121_SNP_N_GenomeWideSNP_6_A04_777608	4	12281	4119686	1707	-0.0049
CHEEP_p_TCGA_b120_121_SNP_N_GenomeWideSNP_6_A04_777608	4	4122828	4135581	5	-1.159
CHEEP_p_TCGA_b120_121_SNP_N_GenomeWideSNP_6_A04_777608	4	4152760	10271136	4167	0.0134
CHEEP_p_TCGA_b120_121_SNP_N_GenomeWideSNP_6_A04_777608	4	10272093	10274994	12	-0.6876
CHEEP_p_TCGA_b120_121_SNP_N_GenomeWideSNP_6_A04_777608	4	10275982	34778860	16931	0.0037
CHEEP_p_TCGA_b120_121_SNP_N_GenomeWideSNP_6_A04_777608	4	34778962	34821340	42	-0.4009
CHEEP_p_TCGA_b120_121_SNP_N_GenomeWideSNP_6_A04_777608	4	34824183	69261064	19479	0.001
CHEEP_p_TCGA_b120_121_SNP_N_GenomeWideSNP_6_A04_777608	4	69282205	69334141	14	-0.6374
CHEEP_p_TCGA_b120_121_SNP_N_GenomeWideSNP_6_A04_777608	4	69338462	69374941	8	0.0519
CHEEP_p_TCGA_b120_121_SNP_N_GenomeWideSNP_6_A04_777608	4	69374955	69485979	64	0.3725
CHEEP_p_TCGA_b120_121_SNP_N_GenomeWideSNP_6_A04_777608	4	69489335	172369346	62489	0.0021
CHEEP_p_TCGA_b120_121_SNP_N_GenomeWideSNP_6_A04_777608	4	172374884	172377776	12	1.0796
CHEEP_p_TCGA_b120_121_SNP_N_GenomeWideSNP_6_A04_777608	4	172380371	189658600	11726	0.007
CHEEP_p_TCGA_b120_121_SNP_N_GenomeWideSNP_6_A04_777608	4	189659321	189660025	2	-1.5688
CHEEP_p_TCGA_b120_121_SNP_N_GenomeWideSNP_6_A04_777608	4	189660193	190189043	406	-4e-04
CHEEP_p_TCGA_b120_121_SNP_N_GenomeWideSNP_6_A04_777608	4	190195118	190199264	4	-2.2082
CHEEP_p_TCGA_b120_121_SNP_N_GenomeWideSNP_6_A04_777608	4	190199771	191027923	386	-0.0486
CHEEP_p_TCGA_b120_121_SNP_N_GenomeWideSNP_6_A04_777608	5	15532	7169476	5746	0.0094
CHEEP_p_TCGA_b120_121_SNP_N_GenomeWideSNP_6_A04_777608	5	7177338	7189925	26	-0.7953
CHEEP_p_TCGA_b120_121_SNP_N_GenomeWideSNP_6_A04_777608	5	7202635	180790320	107342	0.0042
CHEEP_p_TCGA_b120_121_SNP_N_GenomeWideSNP_6_A04_777608	6	149661	347160	156	-0.0425
CHEEP_p_TCGA_b120_121_SNP_N_GenomeWideSNP_6_A04_777608	6	347166	364587	33	-0.423
CHEEP_p_TCGA_b120_121_SNP_N_GenomeWideSNP_6_A04_777608	6	364768	19040119	14604	0.0054
CHEEP_p_TCGA_b120_121_SNP_N_GenomeWideSNP_6_A04_777608	6	19042181	19042818	3	-3.4079
CHEEP_p_TCGA_b120_121_SNP_N_GenomeWideSNP_6_A04_777608	6	19044702	29837072	6947	0.0041
CHEEP_p_TCGA_b120_121_SNP_N_GenomeWideSNP_6_A04_777608	6	29837187	29876959	25	-0.8553
CHEEP_p_TCGA_b120_121_SNP_N_GenomeWideSNP_6_A04_777608	6	29881026	31286305	664	0.0374
CHEEP_p_TCGA_b120_121_SNP_N_GenomeWideSNP_6_A04_777608	6	31286531	31296451	9	-1.3481
CHEEP_p_TCGA_b120_121_SNP_N_GenomeWideSNP_6_A04_777608	6	31309924	32469919	514	0.0717
CHEEP_p_TCGA_b120_121_SNP_N_GenomeWideSNP_6_A04_777608	6	32469967	32602107	48	-0.3828
CHEEP_p_TCGA_b120_121_SNP_N_GenomeWideSNP_6_A04_777608	6	32602269	69138056	20789	4e-04
CHEEP_p_TCGA_b120_121_SNP_N_GenomeWideSNP_6_A04_777608	6	69138329	69149820	5	-1.0669
CHEEP_p_TCGA_b120_121_SNP_N_GenomeWideSNP_6_A04_777608	6	69150179	69686629	337	0.0095
CHEEP_p_TCGA_b120_121_SNP_N_GenomeWideSNP_6_A04_777608	6	69687698	69691368	4	-0.9609
CHEEP_p_TCGA_b120_121_SNP_N_GenomeWideSNP_6_A04_777608	6	69697406	74591801	3145	0.011
CHEEP_p_TCGA_b120_121_SNP_N_GenomeWideSNP_6_A04_777608	6	74591858	74603719	15	-0.4283
CHEEP_p_TCGA_b120_121_SNP_N_GenomeWideSNP_6_A04_777608	6	74605806	77436532	1762	0.0078
CHEEP_p_TCGA_b120_121_SNP_N_GenomeWideSNP_6_A04_777608	6	77439868	77452673	19	-0.5349
CHEEP_p_TCGA_b120_121_SNP_N_GenomeWideSNP_6_A04_777608	6	77452689	103734829	16577	0.0054
CHEEP_p_TCGA_b120_121_SNP_N_GenomeWideSNP_6_A04_777608	6	103737976	103762061	46	0.5023
CHEEP_p_TCGA_b120_121_SNP_N_GenomeWideSNP_6_A04_777608	6	103765470	115379075	7310	0.0058
CHEEP_p_TCGA_b120_121_SNP_N_GenomeWideSNP_6_A04_777608	6	115379160	115407973	3	-1.112
CHEEP_p_TCGA_b120_121_SNP_N_GenomeWideSNP_6_A04_777608	6	115408571	132706261	10633	4e-04
CHEEP_p_TCGA_b120_121_SNP_N_GenomeWideSNP_6_A04_777608	6	132709357	132712307	2	-1.3496
CHEEP_p_TCGA_b120_121_SNP_N_GenomeWideSNP_6_A04_777608	6	132712426	149989457	11400	0.0036
CHEEP_p_TCGA_b120_121_SNP_N_GenomeWideSNP_6_A04_777608	6	149996720	149996994	2	-1.3725
CHEEP_p_TCGA_b120_121_SNP_N_GenomeWideSNP_6_A04_777608	6	149999787	170918031	14877	0.0108
CHEEP_p_TCGA_b120_121_SNP_N_GenomeWideSNP_6_A04_777608	6	170919495	171051005	5	-0.5751
CHEEP_p_TCGA_b120_121_SNP_N_GenomeWideSNP_6_A04_777608	7	43355	38290693	27422	0.0015
CHEEP_p_TCGA_b120_121_SNP_N_GenomeWideSNP_6_A04_777608	7	38290714	38325778	23	0.4073
CHEEP_p_TCGA_b120_121_SNP_N_GenomeWideSNP_6_A04_777608	7	38325924	54380373	11108	0.0041
CHEEP_p_TCGA_b120_121_SNP_N_GenomeWideSNP_6_A04_777608	7	54386505	54386517	6	1.0459
CHEEP_p_TCGA_b120_121_SNP_N_GenomeWideSNP_6_A04_777608	7	54393488	64960457	3321	-0.0067
CHEEP_p_TCGA_b120_121_SNP_N_GenomeWideSNP_6_A04_777608	7	64963651	65052190	14	-0.4747
CHEEP_p_TCGA_b120_121_SNP_N_GenomeWideSNP_6_A04_777608	7	65052591	109433798	25470	-0.0014
CHEEP_p_TCGA_b120_121_SNP_N_GenomeWideSNP_6_A04_777608	7	109437092	109440918	18	-0.5204
CHEEP_p_TCGA_b120_121_SNP_N_GenomeWideSNP_6_A04_777608	7	109440919	109441212	6	-0.0858
CHEEP_p_TCGA_b120_121_SNP_N_GenomeWideSNP_6_A04_777608	7	109441244	109453910	11	-1.6149
CHEEP_p_TCGA_b120_121_SNP_N_GenomeWideSNP_6_A04_777608	7	109453982	126045651	10037	-0.0057
CHEEP_p_TCGA_b120_121_SNP_N_GenomeWideSNP_6_A04_777608	7	126045686	126046615	9	-0.74
CHEEP_p_TCGA_b120_121_SNP_N_GenomeWideSNP_6_A04_777608	7	126046876	133785195	4710	0.0059
CHEEP_p_TCGA_b120_121_SNP_N_GenomeWideSNP_6_A04_777608	7	133785211	133798558	32	0.3727
CHEEP_p_TCGA_b120_121_SNP_N_GenomeWideSNP_6_A04_777608	7	133798846	143927807	6564	0.0067
CHEEP_p_TCGA_b120_121_SNP_N_GenomeWideSNP_6_A04_777608	7	143928292	144050933	34	-0.6104
CHEEP_p_TCGA_b120_121_SNP_N_GenomeWideSNP_6_A04_777608	7	144051231	154389895	6448	0.0054
CHEEP_p_TCGA_b120_121_SNP_N_GenomeWideSNP_6_A04_777608	7	154393171	154399613	4	-1.751
CHEEP_p_TCGA_b120_121_SNP_N_GenomeWideSNP_6_A04_777608	7	154400830	159127004	3245	-0.0032
CHEEP_p_TCGA_b120_121_SNP_N_GenomeWideSNP_6_A04_777608	8	31254	595875	335	-0.0027
CHEEP_p_TCGA_b120_121_SNP_N_GenomeWideSNP_6_A04_777608	8	595892	595908	2	3.382
CHEEP_p_TCGA_b120_121_SNP_N_GenomeWideSNP_6_A04_777608	8	601043	2247094	1310	0.0199
CHEEP_p_TCGA_b120_121_SNP_N_GenomeWideSNP_6_A04_777608	8	2247158	2259358	16	-0.6098
CHEEP_p_TCGA_b120_121_SNP_N_GenomeWideSNP_6_A04_777608	8	2270328	12198254	9646	0.0111
CHEEP_p_TCGA_b120_121_SNP_N_GenomeWideSNP_6_A04_777608	8	12216009	12247486	40	-1.079
CHEEP_p_TCGA_b120_121_SNP_N_GenomeWideSNP_6_A04_777608	8	12260927	18265154	5391	-0.003
CHEEP_p_TCGA_b120_121_SNP_N_GenomeWideSNP_6_A04_777608	8	18266157	18271185	4	-1.7423
CHEEP_p_TCGA_b120_121_SNP_N_GenomeWideSNP_6_A04_777608	8	18271387	23402308	3947	0.0027
CHEEP_p_TCGA_b120_121_SNP_N_GenomeWideSNP_6_A04_777608	8	23407740	23407905	6	-0.8886
CHEEP_p_TCGA_b120_121_SNP_N_GenomeWideSNP_6_A04_777608	8	23410325	39230659	10205	0.0018
CHEEP_p_TCGA_b120_121_SNP_N_GenomeWideSNP_6_A04_777608	8	39235603	39386965	59	0.5937
CHEEP_p_TCGA_b120_121_SNP_N_GenomeWideSNP_6_A04_777608	8	39388299	40771996	1075	0.0028
CHEEP_p_TCGA_b120_121_SNP_N_GenomeWideSNP_6_A04_777608	8	40777852	40778471	2	-1.3514
CHEEP_p_TCGA_b120_121_SNP_N_GenomeWideSNP_6_A04_777608	8	40783680	85257989	24813	0.0012
CHEEP_p_TCGA_b120_121_SNP_N_GenomeWideSNP_6_A04_777608	8	85262883	85268666	19	-0.7598
CHEEP_p_TCGA_b120_121_SNP_N_GenomeWideSNP_6_A04_777608	8	85270682	115634554	17975	0.0027
CHEEP_p_TCGA_b120_121_SNP_N_GenomeWideSNP_6_A04_777608	8	115634653	115641731	33	-0.5448
CHEEP_p_TCGA_b120_121_SNP_N_GenomeWideSNP_6_A04_777608	8	115650697	131517709	10930	0.0058
CHEEP_p_TCGA_b120_121_SNP_N_GenomeWideSNP_6_A04_777608	8	131517830	131523058	3	-2.0156
CHEEP_p_TCGA_b120_121_SNP_N_GenomeWideSNP_6_A04_777608	8	131524122	142574962	8678	0.008
CHEEP_p_TCGA_b120_121_SNP_N_GenomeWideSNP_6_A04_777608	8	142575145	142576454	3	1.1216
CHEEP_p_TCGA_b120_121_SNP_N_GenomeWideSNP_6_A04_777608	8	142577231	143128774	318	0.0464
CHEEP_p_TCGA_b120_121_SNP_N_GenomeWideSNP_6_A04_777608	8	143128775	143130738	3	-1.2998
CHEEP_p_TCGA_b120_121_SNP_N_GenomeWideSNP_6_A04_777608	8	143136640	146298155	1135	0.0158
CHEEP_p_TCGA_b120_121_SNP_N_GenomeWideSNP_6_A04_777608	9	46587	177057	20	-0.2424
CHEEP_p_TCGA_b120_121_SNP_N_GenomeWideSNP_6_A04_777608	9	186364	44727859	31452	0.0035
CHEEP_p_TCGA_b120_121_SNP_N_GenomeWideSNP_6_A04_777608	9	44729751	44837527	33	-1.045
CHEEP_p_TCGA_b120_121_SNP_N_GenomeWideSNP_6_A04_777608	9	44840918	141091394	48400	0.0054
CHEEP_p_TCGA_b120_121_SNP_N_GenomeWideSNP_6_A04_777608	10	72759	6357437	5355	0.0191
CHEEP_p_TCGA_b120_121_SNP_N_GenomeWideSNP_6_A04_777608	10	6358104	6358215	2	-1.4008
CHEEP_p_TCGA_b120_121_SNP_N_GenomeWideSNP_6_A04_777608	10	6358318	17894976	9524	0.0051
CHEEP_p_TCGA_b120_121_SNP_N_GenomeWideSNP_6_A04_777608	10	17927554	17949857	3	-1.5285
CHEEP_p_TCGA_b120_121_SNP_N_GenomeWideSNP_6_A04_777608	10	17971816	51197138	18733	0.0037
CHEEP_p_TCGA_b120_121_SNP_N_GenomeWideSNP_6_A04_777608	10	51231576	51335029	2	1.5508
CHEEP_p_TCGA_b120_121_SNP_N_GenomeWideSNP_6_A04_777608	10	51397071	61358267	7089	0.0052
CHEEP_p_TCGA_b120_121_SNP_N_GenomeWideSNP_6_A04_777608	10	61364115	61364911	5	-0.8176
CHEEP_p_TCGA_b120_121_SNP_N_GenomeWideSNP_6_A04_777608	10	61365074	67308591	4030	0.0106
CHEEP_p_TCGA_b120_121_SNP_N_GenomeWideSNP_6_A04_777608	10	67308709	67325453	25	-0.4713
CHEEP_p_TCGA_b120_121_SNP_N_GenomeWideSNP_6_A04_777608	10	67326066	89069796	14482	0.0078
CHEEP_p_TCGA_b120_121_SNP_N_GenomeWideSNP_6_A04_777608	10	89070745	89078213	2	-1.7121
CHEEP_p_TCGA_b120_121_SNP_N_GenomeWideSNP_6_A04_777608	10	89081169	135506704	31816	0.0044
CHEEP_p_TCGA_b120_121_SNP_N_GenomeWideSNP_6_A04_777608	11	198510	4968117	2476	0.004
CHEEP_p_TCGA_b120_121_SNP_N_GenomeWideSNP_6_A04_777608	11	4968510	4973894	24	0.5384
CHEEP_p_TCGA_b120_121_SNP_N_GenomeWideSNP_6_A04_777608	11	4974029	5520975	558	0.012
CHEEP_p_TCGA_b120_121_SNP_N_GenomeWideSNP_6_A04_777608	11	5522151	5522564	6	-1.291
CHEEP_p_TCGA_b120_121_SNP_N_GenomeWideSNP_6_A04_777608	11	5523593	5783923	237	0.0126
CHEEP_p_TCGA_b120_121_SNP_N_GenomeWideSNP_6_A04_777608	11	5787405	5812360	36	-0.6302
CHEEP_p_TCGA_b120_121_SNP_N_GenomeWideSNP_6_A04_777608	11	5816186	6116105	241	0.0068
CHEEP_p_TCGA_b120_121_SNP_N_GenomeWideSNP_6_A04_777608	11	6116843	6122094	5	0.7574
CHEEP_p_TCGA_b120_121_SNP_N_GenomeWideSNP_6_A04_777608	11	6122503	18949109	9174	0.0039
CHEEP_p_TCGA_b120_121_SNP_N_GenomeWideSNP_6_A04_777608	11	18949325	18961065	36	-0.3039
CHEEP_p_TCGA_b120_121_SNP_N_GenomeWideSNP_6_A04_777608	11	18961097	49708375	21061	0.0029
CHEEP_p_TCGA_b120_121_SNP_N_GenomeWideSNP_6_A04_777608	11	49710861	49758466	22	-0.8126
CHEEP_p_TCGA_b120_121_SNP_N_GenomeWideSNP_6_A04_777608	11	49758856	51176743	378	-0.0205
CHEEP_p_TCGA_b120_121_SNP_N_GenomeWideSNP_6_A04_777608	11	51183575	51195051	5	-0.9571
CHEEP_p_TCGA_b120_121_SNP_N_GenomeWideSNP_6_A04_777608	11	51205141	55376261	382	-0.035
CHEEP_p_TCGA_b120_121_SNP_N_GenomeWideSNP_6_A04_777608	11	55376280	55453576	53	-0.2703
CHEEP_p_TCGA_b120_121_SNP_N_GenomeWideSNP_6_A04_777608	11	55460683	134944770	52417	0.005
CHEEP_p_TCGA_b120_121_SNP_N_GenomeWideSNP_6_A04_777608	12	150442	2235889	1267	0.0326
CHEEP_p_TCGA_b120_121_SNP_N_GenomeWideSNP_6_A04_777608	12	2245862	2257920	41	-0.6286
CHEEP_p_TCGA_b120_121_SNP_N_GenomeWideSNP_6_A04_777608	12	2258023	9633870	4896	0.0078
CHEEP_p_TCGA_b120_121_SNP_N_GenomeWideSNP_6_A04_777608	12	9637909	9715565	23	-1.4438
CHEEP_p_TCGA_b120_121_SNP_N_GenomeWideSNP_6_A04_777608	12	9728292	90483350	49559	0.0041
CHEEP_p_TCGA_b120_121_SNP_N_GenomeWideSNP_6_A04_777608	12	90491669	90492074	7	-1.0984
CHEEP_p_TCGA_b120_121_SNP_N_GenomeWideSNP_6_A04_777608	12	90493557	132120715	28658	0.0101
CHEEP_p_TCGA_b120_121_SNP_N_GenomeWideSNP_6_A04_777608	12	132132584	132133335	13	-1.4369
CHEEP_p_TCGA_b120_121_SNP_N_GenomeWideSNP_6_A04_777608	12	132142331	133778189	572	0.0397
CHEEP_p_TCGA_b120_121_SNP_N_GenomeWideSNP_6_A04_777608	13	19026949	32532121	9638	0.0087
CHEEP_p_TCGA_b120_121_SNP_N_GenomeWideSNP_6_A04_777608	13	32532622	32538423	18	-0.7676
CHEEP_p_TCGA_b120_121_SNP_N_GenomeWideSNP_6_A04_777608	13	32540047	38071135	3903	0.0063
CHEEP_p_TCGA_b120_121_SNP_N_GenomeWideSNP_6_A04_777608	13	38072036	38088387	19	0.4293
CHEEP_p_TCGA_b120_121_SNP_N_GenomeWideSNP_6_A04_777608	13	38088609	98527274	38541	0.0064
CHEEP_p_TCGA_b120_121_SNP_N_GenomeWideSNP_6_A04_777608	13	98530124	98530796	5	-1.0658
CHEEP_p_TCGA_b120_121_SNP_N_GenomeWideSNP_6_A04_777608	13	98531465	115108397	12172	0.009
CHEEP_p_TCGA_b120_121_SNP_N_GenomeWideSNP_6_A04_777608	14	19002124	19402242	26	-0.0423
CHEEP_p_TCGA_b120_121_SNP_N_GenomeWideSNP_6_A04_777608	14	19416191	19469520	12	0.7075
CHEEP_p_TCGA_b120_121_SNP_N_GenomeWideSNP_6_A04_777608	14	19541714	35494715	10004	0.0171
CHEEP_p_TCGA_b120_121_SNP_N_GenomeWideSNP_6_A04_777608	14	35499319	35503326	2	1.3937
CHEEP_p_TCGA_b120_121_SNP_N_GenomeWideSNP_6_A04_777608	14	35504590	73995774	24279	0.0032
CHEEP_p_TCGA_b120_121_SNP_N_GenomeWideSNP_6_A04_777608	14	74001123	74020979	9	-1.2533
CHEEP_p_TCGA_b120_121_SNP_N_GenomeWideSNP_6_A04_777608	14	74029900	76347716	1338	0.009
CHEEP_p_TCGA_b120_121_SNP_N_GenomeWideSNP_6_A04_777608	14	76348241	76348682	5	-1.0279
CHEEP_p_TCGA_b120_121_SNP_N_GenomeWideSNP_6_A04_777608	14	76351123	106547314	19470	0.0055
CHEEP_p_TCGA_b120_121_SNP_N_GenomeWideSNP_6_A04_777608	14	106547507	106561441	9	0.9234
CHEEP_p_TCGA_b120_121_SNP_N_GenomeWideSNP_6_A04_777608	14	106567100	107285437	418	0.0356
CHEEP_p_TCGA_b120_121_SNP_N_GenomeWideSNP_6_A04_777608	15	20016328	22280477	308	0.0302
CHEEP_p_TCGA_b120_121_SNP_N_GenomeWideSNP_6_A04_777608	15	22284954	22587474	114	-0.2448
CHEEP_p_TCGA_b120_121_SNP_N_GenomeWideSNP_6_A04_777608	15	22673399	76878362	33928	0.0072
CHEEP_p_TCGA_b120_121_SNP_N_GenomeWideSNP_6_A04_777608	15	76891241	76895775	22	-1.5163
CHEEP_p_TCGA_b120_121_SNP_N_GenomeWideSNP_6_A04_777608	15	76902179	102469040	17677	0.0068
CHEEP_p_TCGA_b120_121_SNP_N_GenomeWideSNP_6_A04_777608	16	60777	16628062	11795	0.0089
CHEEP_p_TCGA_b120_121_SNP_N_GenomeWideSNP_6_A04_777608	16	16633361	16746929	24	0.4176
CHEEP_p_TCGA_b120_121_SNP_N_GenomeWideSNP_6_A04_777608	16	16760686	19945650	1706	0.0216
CHEEP_p_TCGA_b120_121_SNP_N_GenomeWideSNP_6_A04_777608	16	19945808	19965875	27	-0.752
CHEEP_p_TCGA_b120_121_SNP_N_GenomeWideSNP_6_A04_777608	16	19967362	32113685	6531	-8e-04
CHEEP_p_TCGA_b120_121_SNP_N_GenomeWideSNP_6_A04_777608	16	32113687	32180860	11	-0.5991
CHEEP_p_TCGA_b120_121_SNP_N_GenomeWideSNP_6_A04_777608	16	32180976	32655029	89	-9e-04
CHEEP_p_TCGA_b120_121_SNP_N_GenomeWideSNP_6_A04_777608	16	32655239	34197818	208	-0.2794
CHEEP_p_TCGA_b120_121_SNP_N_GenomeWideSNP_6_A04_777608	16	34199480	34567212	204	-0.0264
CHEEP_p_TCGA_b120_121_SNP_N_GenomeWideSNP_6_A04_777608	16	34575707	34657066	55	0.3862
CHEEP_p_TCGA_b120_121_SNP_N_GenomeWideSNP_6_A04_777608	16	34663450	58922890	8566	0.002
CHEEP_p_TCGA_b120_121_SNP_N_GenomeWideSNP_6_A04_777608	16	58923067	58923862	2	-1.541
CHEEP_p_TCGA_b120_121_SNP_N_GenomeWideSNP_6_A04_777608	16	58927958	90287535	23189	0.009
CHEEP_p_TCGA_b120_121_SNP_N_GenomeWideSNP_6_A04_777608	17	526	222982	126	0.0492
CHEEP_p_TCGA_b120_121_SNP_N_GenomeWideSNP_6_A04_777608	17	223775	225965	2	-1.3786
CHEEP_p_TCGA_b120_121_SNP_N_GenomeWideSNP_6_A04_777608	17	228627	14925723	9484	0.015
CHEEP_p_TCGA_b120_121_SNP_N_GenomeWideSNP_6_A04_777608	17	14925801	14927112	3	-1.2709
CHEEP_p_TCGA_b120_121_SNP_N_GenomeWideSNP_6_A04_777608	17	14928259	26779053	4183	-0.0014
CHEEP_p_TCGA_b120_121_SNP_N_GenomeWideSNP_6_A04_777608	17	26781341	26782319	2	-1.9398
CHEEP_p_TCGA_b120_121_SNP_N_GenomeWideSNP_6_A04_777608	17	26789271	39423103	7169	0.0115
CHEEP_p_TCGA_b120_121_SNP_N_GenomeWideSNP_6_A04_777608	17	39423153	39430531	18	0.6764
CHEEP_p_TCGA_b120_121_SNP_N_GenomeWideSNP_6_A04_777608	17	39432724	44394420	2639	0.0104
CHEEP_p_TCGA_b120_121_SNP_N_GenomeWideSNP_6_A04_777608	17	44401067	44764994	46	-0.5233
CHEEP_p_TCGA_b120_121_SNP_N_GenomeWideSNP_6_A04_777608	17	44784652	54159044	5807	0.005
CHEEP_p_TCGA_b120_121_SNP_N_GenomeWideSNP_6_A04_777608	17	54160914	54173267	30	-0.6623
CHEEP_p_TCGA_b120_121_SNP_N_GenomeWideSNP_6_A04_777608	17	54173343	81049726	15774	0.0106
CHEEP_p_TCGA_b120_121_SNP_N_GenomeWideSNP_6_A04_777608	18	11543	40051678	24063	0.0037
CHEEP_p_TCGA_b120_121_SNP_N_GenomeWideSNP_6_A04_777608	18	40056569	40057471	24	-0.46
CHEEP_p_TCGA_b120_121_SNP_N_GenomeWideSNP_6_A04_777608	18	40057767	40975066	570	-0.0065
CHEEP_p_TCGA_b120_121_SNP_N_GenomeWideSNP_6_A04_777608	18	40985934	41113801	69	0.5306
CHEEP_p_TCGA_b120_121_SNP_N_GenomeWideSNP_6_A04_777608	18	41113857	63204323	15260	0.004
CHEEP_p_TCGA_b120_121_SNP_N_GenomeWideSNP_6_A04_777608	18	63204419	63207196	8	0.7319
CHEEP_p_TCGA_b120_121_SNP_N_GenomeWideSNP_6_A04_777608	18	63207211	63906849	520	-0.0092
CHEEP_p_TCGA_b120_121_SNP_N_GenomeWideSNP_6_A04_777608	18	63906866	63911361	10	-0.6968
CHEEP_p_TCGA_b120_121_SNP_N_GenomeWideSNP_6_A04_777608	18	63911589	78015057	10274	0.0093
CHEEP_p_TCGA_b120_121_SNP_N_GenomeWideSNP_6_A04_777608	19	90910	4788370	1279	0.0176
CHEEP_p_TCGA_b120_121_SNP_N_GenomeWideSNP_6_A04_777608	19	4788427	4789525	3	-1.3473
CHEEP_p_TCGA_b120_121_SNP_N_GenomeWideSNP_6_A04_777608	19	4795342	43712250	19482	7e-04
CHEEP_p_TCGA_b120_121_SNP_N_GenomeWideSNP_6_A04_777608	19	43712598	43756237	19	-0.7502
CHEEP_p_TCGA_b120_121_SNP_N_GenomeWideSNP_6_A04_777608	19	43766659	51255311	3572	0.0152
CHEEP_p_TCGA_b120_121_SNP_N_GenomeWideSNP_6_A04_777608	19	51257250	51266039	5	-0.8244
CHEEP_p_TCGA_b120_121_SNP_N_GenomeWideSNP_6_A04_777608	19	51267152	53517082	1545	0.0045
CHEEP_p_TCGA_b120_121_SNP_N_GenomeWideSNP_6_A04_777608	19	53518514	53554319	25	0.4095
CHEEP_p_TCGA_b120_121_SNP_N_GenomeWideSNP_6_A04_777608	19	53554356	55312612	1089	-0.0019
CHEEP_p_TCGA_b120_121_SNP_N_GenomeWideSNP_6_A04_777608	19	55313000	55313817	2	-1.216
CHEEP_p_TCGA_b120_121_SNP_N_GenomeWideSNP_6_A04_777608	19	55314287	56282070	467	0.0055
CHEEP_p_TCGA_b120_121_SNP_N_GenomeWideSNP_6_A04_777608	19	56282369	56283067	4	1.3117
CHEEP_p_TCGA_b120_121_SNP_N_GenomeWideSNP_6_A04_777608	19	56286293	57470332	847	0.0061
CHEEP_p_TCGA_b120_121_SNP_N_GenomeWideSNP_6_A04_777608	19	57474120	57479482	7	-0.7372
CHEEP_p_TCGA_b120_121_SNP_N_GenomeWideSNP_6_A04_777608	19	57481592	59097854	994	0.0055
CHEEP_p_TCGA_b120_121_SNP_N_GenomeWideSNP_6_A04_777608	20	61305	1552503	1185	0.0328
CHEEP_p_TCGA_b120_121_SNP_N_GenomeWideSNP_6_A04_777608	20	1557190	1561667	23	-0.7765
CHEEP_p_TCGA_b120_121_SNP_N_GenomeWideSNP_6_A04_777608	20	1567454	44342339	27823	0.0061
CHEEP_p_TCGA_b120_121_SNP_N_GenomeWideSNP_6_A04_777608	20	44348562	44378211	27	-0.998
CHEEP_p_TCGA_b120_121_SNP_N_GenomeWideSNP_6_A04_777608	20	44380847	59111045	11226	0.0087
CHEEP_p_TCGA_b120_121_SNP_N_GenomeWideSNP_6_A04_777608	20	59113709	59128381	8	-0.6136
CHEEP_p_TCGA_b120_121_SNP_N_GenomeWideSNP_6_A04_777608	20	59128497	62956153	2189	0.0158
CHEEP_p_TCGA_b120_121_SNP_N_GenomeWideSNP_6_A04_777608	21	10736871	48096957	24412	0.0049
CHEEP_p_TCGA_b120_121_SNP_N_GenomeWideSNP_6_A04_777608	22	16052528	24330218	4614	0.0064
CHEEP_p_TCGA_b120_121_SNP_N_GenomeWideSNP_6_A04_777608	22	24330269	24332625	3	-1.9195
CHEEP_p_TCGA_b120_121_SNP_N_GenomeWideSNP_6_A04_777608	22	24332933	24344422	4	-0.1644
CHEEP_p_TCGA_b120_121_SNP_N_GenomeWideSNP_6_A04_777608	22	24350529	24396814	19	0.6307
CHEEP_p_TCGA_b120_121_SNP_N_GenomeWideSNP_6_A04_777608	22	24401529	24871783	249	-0.0207
CHEEP_p_TCGA_b120_121_SNP_N_GenomeWideSNP_6_A04_777608	22	24876800	24877292	3	-0.9842
CHEEP_p_TCGA_b120_121_SNP_N_GenomeWideSNP_6_A04_777608	22	24877776	25656250	565	-0.0017
CHEEP_p_TCGA_b120_121_SNP_N_GenomeWideSNP_6_A04_777608	22	25658525	25918709	299	0.4346
CHEEP_p_TCGA_b120_121_SNP_N_GenomeWideSNP_6_A04_777608	22	25922342	39363619	9748	0.0031
CHEEP_p_TCGA_b120_121_SNP_N_GenomeWideSNP_6_A04_777608	22	39363684	39375307	23	-2.0043
CHEEP_p_TCGA_b120_121_SNP_N_GenomeWideSNP_6_A04_777608	22	39389628	49268700	6784	0.0057
CHEEP_p_TCGA_b120_121_SNP_N_GenomeWideSNP_6_A04_777608	22	49269923	49270542	2	-1.5744
CHEEP_p_TCGA_b120_121_SNP_N_GenomeWideSNP_6_A04_777608	22	49273291	51234455	1236	0.0504
CHEEP_p_TCGA_b120_121_SNP_N_GenomeWideSNP_6_A04_777608	X	168477	94351231	49532	0.0059
CHEEP_p_TCGA_b120_121_SNP_N_GenomeWideSNP_6_A04_777608	X	94352713	94392393	42	0.561
CHEEP_p_TCGA_b120_121_SNP_N_GenomeWideSNP_6_A04_777608	X	94396135	155182354	35007	0.0063
CHEEP_p_TCGA_b120_121_SNP_N_GenomeWideSNP_6_A04_777608	Y	2650438	59018259	8635	-0.9344
