Sample	Chromosome	Start	End	Num_Probes	Segment_Mean
COPAL_p_TCGAb_337_338_339_NSP_GenomeWideSNP_6_D11_1373602	1	61735	12839576	6499	-0.0099
COPAL_p_TCGAb_337_338_339_NSP_GenomeWideSNP_6_D11_1373602	1	12841928	12913101	36	0.4425
COPAL_p_TCGAb_337_338_339_NSP_GenomeWideSNP_6_D11_1373602	1	12915847	13763960	60	0.0915
COPAL_p_TCGAb_337_338_339_NSP_GenomeWideSNP_6_D11_1373602	1	13776072	13776828	2	-2.4912
COPAL_p_TCGAb_337_338_339_NSP_GenomeWideSNP_6_D11_1373602	1	13787273	15485139	1351	-0.0115
COPAL_p_TCGAb_337_338_339_NSP_GenomeWideSNP_6_D11_1373602	1	15485314	15490286	15	-0.4911
COPAL_p_TCGAb_337_338_339_NSP_GenomeWideSNP_6_D11_1373602	1	15493910	17005978	771	0.016
COPAL_p_TCGAb_337_338_339_NSP_GenomeWideSNP_6_D11_1373602	1	17011450	17012741	12	0.6194
COPAL_p_TCGAb_337_338_339_NSP_GenomeWideSNP_6_D11_1373602	1	17012785	17082412	26	0.1065
COPAL_p_TCGAb_337_338_339_NSP_GenomeWideSNP_6_D11_1373602	1	17082591	17195155	23	-0.5499
COPAL_p_TCGAb_337_338_339_NSP_GenomeWideSNP_6_D11_1373602	1	17203497	20056631	2037	0.0059
COPAL_p_TCGAb_337_338_339_NSP_GenomeWideSNP_6_D11_1373602	1	20056759	20056903	2	-1.336
COPAL_p_TCGAb_337_338_339_NSP_GenomeWideSNP_6_D11_1373602	1	20056933	21824108	1067	3e-04
COPAL_p_TCGAb_337_338_339_NSP_GenomeWideSNP_6_D11_1373602	1	21824988	21826566	3	1.1469
COPAL_p_TCGAb_337_338_339_NSP_GenomeWideSNP_6_D11_1373602	1	21828392	34711805	6884	-0.0024
COPAL_p_TCGAb_337_338_339_NSP_GenomeWideSNP_6_D11_1373602	1	34715462	34715899	5	-0.8596
COPAL_p_TCGAb_337_338_339_NSP_GenomeWideSNP_6_D11_1373602	1	34722632	36859511	1088	0.0166
COPAL_p_TCGAb_337_338_339_NSP_GenomeWideSNP_6_D11_1373602	1	36859936	36873318	8	-0.6189
COPAL_p_TCGAb_337_338_339_NSP_GenomeWideSNP_6_D11_1373602	1	36874242	40531094	2131	0.003
COPAL_p_TCGAb_337_338_339_NSP_GenomeWideSNP_6_D11_1373602	1	40531842	40531857	2	-1.3005
COPAL_p_TCGAb_337_338_339_NSP_GenomeWideSNP_6_D11_1373602	1	40534253	54576453	7763	-0.0012
COPAL_p_TCGAb_337_338_339_NSP_GenomeWideSNP_6_D11_1373602	1	54576639	54578100	2	-1.1262
COPAL_p_TCGAb_337_338_339_NSP_GenomeWideSNP_6_D11_1373602	1	54580012	55721319	770	8e-04
COPAL_p_TCGAb_337_338_339_NSP_GenomeWideSNP_6_D11_1373602	1	55723441	55724299	7	-0.6729
COPAL_p_TCGAb_337_338_339_NSP_GenomeWideSNP_6_D11_1373602	1	55729368	72750353	12265	0.0026
COPAL_p_TCGAb_337_338_339_NSP_GenomeWideSNP_6_D11_1373602	1	72756113	72763370	9	-0.8298
COPAL_p_TCGAb_337_338_339_NSP_GenomeWideSNP_6_D11_1373602	1	72768418	72817021	52	0.5084
COPAL_p_TCGAb_337_338_339_NSP_GenomeWideSNP_6_D11_1373602	1	72818599	79801403	4370	0.0079
COPAL_p_TCGAb_337_338_339_NSP_GenomeWideSNP_6_D11_1373602	1	79803895	79804337	2	-1.5502
COPAL_p_TCGAb_337_338_339_NSP_GenomeWideSNP_6_D11_1373602	1	79821188	88739923	6087	-8e-04
COPAL_p_TCGAb_337_338_339_NSP_GenomeWideSNP_6_D11_1373602	1	88740566	88740865	4	-0.9184
COPAL_p_TCGAb_337_338_339_NSP_GenomeWideSNP_6_D11_1373602	1	88741916	106019205	10475	0.0032
COPAL_p_TCGAb_337_338_339_NSP_GenomeWideSNP_6_D11_1373602	1	106019236	106022375	16	-1.3354
COPAL_p_TCGAb_337_338_339_NSP_GenomeWideSNP_6_D11_1373602	1	106024055	110225965	2650	0.0023
COPAL_p_TCGAb_337_338_339_NSP_GenomeWideSNP_6_D11_1373602	1	110226004	110242953	28	0.4369
COPAL_p_TCGAb_337_338_339_NSP_GenomeWideSNP_6_D11_1373602	1	110244998	144081043	7170	-0.0019
COPAL_p_TCGAb_337_338_339_NSP_GenomeWideSNP_6_D11_1373602	1	144471986	144472001	2	1.8825
COPAL_p_TCGAb_337_338_339_NSP_GenomeWideSNP_6_D11_1373602	1	144527147	148906617	1129	-0.0089
COPAL_p_TCGAb_337_338_339_NSP_GenomeWideSNP_6_D11_1373602	1	148907270	149254920	145	-0.5085
COPAL_p_TCGAb_337_338_339_NSP_GenomeWideSNP_6_D11_1373602	1	149256691	152555527	1521	-0.0112
COPAL_p_TCGAb_337_338_339_NSP_GenomeWideSNP_6_D11_1373602	1	152555706	152586540	33	1.0278
COPAL_p_TCGAb_337_338_339_NSP_GenomeWideSNP_6_D11_1373602	1	152586576	152756774	169	-0.0119
COPAL_p_TCGAb_337_338_339_NSP_GenomeWideSNP_6_D11_1373602	1	152756806	152778526	44	0.4282
COPAL_p_TCGAb_337_338_339_NSP_GenomeWideSNP_6_D11_1373602	1	152778558	161467042	5229	0.0054
COPAL_p_TCGAb_337_338_339_NSP_GenomeWideSNP_6_D11_1373602	1	161467837	161656369	71	-0.3204
COPAL_p_TCGAb_337_338_339_NSP_GenomeWideSNP_6_D11_1373602	1	161656498	166548373	3922	9e-04
COPAL_p_TCGAb_337_338_339_NSP_GenomeWideSNP_6_D11_1373602	1	166552201	166552723	4	-1.1434
COPAL_p_TCGAb_337_338_339_NSP_GenomeWideSNP_6_D11_1373602	1	166552760	181841443	10346	-2e-04
COPAL_p_TCGAb_337_338_339_NSP_GenomeWideSNP_6_D11_1373602	1	181841995	181848014	6	-0.7687
COPAL_p_TCGAb_337_338_339_NSP_GenomeWideSNP_6_D11_1373602	1	181850149	189084033	4722	-7e-04
COPAL_p_TCGAb_337_338_339_NSP_GenomeWideSNP_6_D11_1373602	1	189084365	189087000	12	-0.7309
COPAL_p_TCGAb_337_338_339_NSP_GenomeWideSNP_6_D11_1373602	1	189089417	248687845	40786	0.0023
COPAL_p_TCGAb_337_338_339_NSP_GenomeWideSNP_6_D11_1373602	1	248688160	248790288	41	-0.5275
COPAL_p_TCGAb_337_338_339_NSP_GenomeWideSNP_6_D11_1373602	1	248794464	249224388	150	0.0034
COPAL_p_TCGAb_337_338_339_NSP_GenomeWideSNP_6_D11_1373602	2	12784	13984710	10462	-0.0018
COPAL_p_TCGAb_337_338_339_NSP_GenomeWideSNP_6_D11_1373602	2	13986224	13986304	2	-2.0058
COPAL_p_TCGAb_337_338_339_NSP_GenomeWideSNP_6_D11_1373602	2	13987873	23465144	6771	0.0071
COPAL_p_TCGAb_337_338_339_NSP_GenomeWideSNP_6_D11_1373602	2	23466866	23473557	7	-0.8204
COPAL_p_TCGAb_337_338_339_NSP_GenomeWideSNP_6_D11_1373602	2	23475786	34520473	6686	0.005
COPAL_p_TCGAb_337_338_339_NSP_GenomeWideSNP_6_D11_1373602	2	34523978	34525580	2	-1.3219
COPAL_p_TCGAb_337_338_339_NSP_GenomeWideSNP_6_D11_1373602	2	34525967	34701394	96	-0.0273
COPAL_p_TCGAb_337_338_339_NSP_GenomeWideSNP_6_D11_1373602	2	34701583	34737057	44	-0.3435
COPAL_p_TCGAb_337_338_339_NSP_GenomeWideSNP_6_D11_1373602	2	34737163	35968036	874	0.0121
COPAL_p_TCGAb_337_338_339_NSP_GenomeWideSNP_6_D11_1373602	2	35975973	35987947	8	0.5675
COPAL_p_TCGAb_337_338_339_NSP_GenomeWideSNP_6_D11_1373602	2	35997473	40990662	3749	0.0114
COPAL_p_TCGAb_337_338_339_NSP_GenomeWideSNP_6_D11_1373602	2	40990752	40991438	2	1.1821
COPAL_p_TCGAb_337_338_339_NSP_GenomeWideSNP_6_D11_1373602	2	40991806	52743925	8352	0.0114
COPAL_p_TCGAb_337_338_339_NSP_GenomeWideSNP_6_D11_1373602	2	52754468	52781326	33	0.3585
COPAL_p_TCGAb_337_338_339_NSP_GenomeWideSNP_6_D11_1373602	2	52781374	97857927	23962	0.004
COPAL_p_TCGAb_337_338_339_NSP_GenomeWideSNP_6_D11_1373602	2	97865337	97877173	15	-0.569
COPAL_p_TCGAb_337_338_339_NSP_GenomeWideSNP_6_D11_1373602	2	97886334	98025647	21	0.1042
COPAL_p_TCGAb_337_338_339_NSP_GenomeWideSNP_6_D11_1373602	2	98063372	98161710	11	0.6731
COPAL_p_TCGAb_337_338_339_NSP_GenomeWideSNP_6_D11_1373602	2	98162189	106880095	5564	-0.001
COPAL_p_TCGAb_337_338_339_NSP_GenomeWideSNP_6_D11_1373602	2	106880713	106883229	4	-0.8841
COPAL_p_TCGAb_337_338_339_NSP_GenomeWideSNP_6_D11_1373602	2	106883331	106885357	7	-2.3595
COPAL_p_TCGAb_337_338_339_NSP_GenomeWideSNP_6_D11_1373602	2	106887255	123431656	9499	0.009
COPAL_p_TCGAb_337_338_339_NSP_GenomeWideSNP_6_D11_1373602	2	123431798	123431996	5	0.9014
COPAL_p_TCGAb_337_338_339_NSP_GenomeWideSNP_6_D11_1373602	2	123437061	128218442	3096	0.0132
COPAL_p_TCGAb_337_338_339_NSP_GenomeWideSNP_6_D11_1373602	2	128220429	128221556	3	-1.1665
COPAL_p_TCGAb_337_338_339_NSP_GenomeWideSNP_6_D11_1373602	2	128222080	130211496	1304	0.0034
COPAL_p_TCGAb_337_338_339_NSP_GenomeWideSNP_6_D11_1373602	2	130213364	130215281	2	1.1277
COPAL_p_TCGAb_337_338_339_NSP_GenomeWideSNP_6_D11_1373602	2	130216043	130545565	246	-0.0091
COPAL_p_TCGAb_337_338_339_NSP_GenomeWideSNP_6_D11_1373602	2	130549275	130558377	8	-0.9202
COPAL_p_TCGAb_337_338_339_NSP_GenomeWideSNP_6_D11_1373602	2	130559029	146865243	9718	0.005
COPAL_p_TCGAb_337_338_339_NSP_GenomeWideSNP_6_D11_1373602	2	146865327	146866707	12	0.5469
COPAL_p_TCGAb_337_338_339_NSP_GenomeWideSNP_6_D11_1373602	2	146866798	180413371	20441	0.0078
COPAL_p_TCGAb_337_338_339_NSP_GenomeWideSNP_6_D11_1373602	2	180418211	180421869	26	-0.7815
COPAL_p_TCGAb_337_338_339_NSP_GenomeWideSNP_6_D11_1373602	2	180421888	203293091	13243	0.0069
COPAL_p_TCGAb_337_338_339_NSP_GenomeWideSNP_6_D11_1373602	2	203295775	203313482	42	-0.5333
COPAL_p_TCGAb_337_338_339_NSP_GenomeWideSNP_6_D11_1373602	2	203313497	206270606	1794	0.0043
COPAL_p_TCGAb_337_338_339_NSP_GenomeWideSNP_6_D11_1373602	2	206273542	206273962	3	-1.561
COPAL_p_TCGAb_337_338_339_NSP_GenomeWideSNP_6_D11_1373602	2	206277981	243089456	23408	0.0048
COPAL_p_TCGAb_337_338_339_NSP_GenomeWideSNP_6_D11_1373602	3	60345	46791545	33105	0.0016
COPAL_p_TCGAb_337_338_339_NSP_GenomeWideSNP_6_D11_1373602	3	46793377	46847616	39	-0.592
COPAL_p_TCGAb_337_338_339_NSP_GenomeWideSNP_6_D11_1373602	3	46849179	62710600	9953	-0.0013
COPAL_p_TCGAb_337_338_339_NSP_GenomeWideSNP_6_D11_1373602	3	62712682	62715860	8	-0.7871
COPAL_p_TCGAb_337_338_339_NSP_GenomeWideSNP_6_D11_1373602	3	62715908	66666437	3109	-0.003
COPAL_p_TCGAb_337_338_339_NSP_GenomeWideSNP_6_D11_1373602	3	66668343	66668365	2	-3.0618
COPAL_p_TCGAb_337_338_339_NSP_GenomeWideSNP_6_D11_1373602	3	66670029	129775858	36071	0.0021
COPAL_p_TCGAb_337_338_339_NSP_GenomeWideSNP_6_D11_1373602	3	129776676	129806924	50	0.3318
COPAL_p_TCGAb_337_338_339_NSP_GenomeWideSNP_6_D11_1373602	3	129806998	151525016	13569	0.0015
COPAL_p_TCGAb_337_338_339_NSP_GenomeWideSNP_6_D11_1373602	3	151525053	151530121	3	-1.2223
COPAL_p_TCGAb_337_338_339_NSP_GenomeWideSNP_6_D11_1373602	3	151530313	160530630	5385	0.0041
COPAL_p_TCGAb_337_338_339_NSP_GenomeWideSNP_6_D11_1373602	3	160532064	160534225	2	-1.2054
COPAL_p_TCGAb_337_338_339_NSP_GenomeWideSNP_6_D11_1373602	3	160534326	160727208	129	0.0191
COPAL_p_TCGAb_337_338_339_NSP_GenomeWideSNP_6_D11_1373602	3	160738728	160739258	2	-1.9327
COPAL_p_TCGAb_337_338_339_NSP_GenomeWideSNP_6_D11_1373602	3	160742179	162508268	1135	-0.0014
COPAL_p_TCGAb_337_338_339_NSP_GenomeWideSNP_6_D11_1373602	3	162512657	162615915	64	0.5198
COPAL_p_TCGAb_337_338_339_NSP_GenomeWideSNP_6_D11_1373602	3	162623842	162626603	8	-0.6485
COPAL_p_TCGAb_337_338_339_NSP_GenomeWideSNP_6_D11_1373602	3	162628614	162714517	70	0.0392
COPAL_p_TCGAb_337_338_339_NSP_GenomeWideSNP_6_D11_1373602	3	162717727	162719562	2	-2.1973
COPAL_p_TCGAb_337_338_339_NSP_GenomeWideSNP_6_D11_1373602	3	162726159	189360754	16543	0.0039
COPAL_p_TCGAb_337_338_339_NSP_GenomeWideSNP_6_D11_1373602	3	189363678	189370988	12	-0.6474
COPAL_p_TCGAb_337_338_339_NSP_GenomeWideSNP_6_D11_1373602	3	189371014	195455956	4016	-0.002
COPAL_p_TCGAb_337_338_339_NSP_GenomeWideSNP_6_D11_1373602	3	195456048	195464866	9	0.7366
COPAL_p_TCGAb_337_338_339_NSP_GenomeWideSNP_6_D11_1373602	3	195473796	197172736	816	-0.0232
COPAL_p_TCGAb_337_338_339_NSP_GenomeWideSNP_6_D11_1373602	3	197174028	197177870	5	-1.1511
COPAL_p_TCGAb_337_338_339_NSP_GenomeWideSNP_6_D11_1373602	3	197184616	197838578	330	-0.0369
COPAL_p_TCGAb_337_338_339_NSP_GenomeWideSNP_6_D11_1373602	3	197845216	197849705	11	-0.4815
COPAL_p_TCGAb_337_338_339_NSP_GenomeWideSNP_6_D11_1373602	3	197851225	197896118	9	-0.1206
COPAL_p_TCGAb_337_338_339_NSP_GenomeWideSNP_6_D11_1373602	4	12281	9456977	5219	-0.0083
COPAL_p_TCGAb_337_338_339_NSP_GenomeWideSNP_6_D11_1373602	4	9461230	9486087	10	0.6294
COPAL_p_TCGAb_337_338_339_NSP_GenomeWideSNP_6_D11_1373602	4	9496294	9619137	39	-0.0238
COPAL_p_TCGAb_337_338_339_NSP_GenomeWideSNP_6_D11_1373602	4	9626413	9626840	2	-1.661
COPAL_p_TCGAb_337_338_339_NSP_GenomeWideSNP_6_D11_1373602	4	9632448	10210390	501	0.0137
COPAL_p_TCGAb_337_338_339_NSP_GenomeWideSNP_6_D11_1373602	4	10214160	10223848	4	2.1864
COPAL_p_TCGAb_337_338_339_NSP_GenomeWideSNP_6_D11_1373602	4	10228783	10235268	32	0.8842
COPAL_p_TCGAb_337_338_339_NSP_GenomeWideSNP_6_D11_1373602	4	10236142	14470103	3445	0.0046
COPAL_p_TCGAb_337_338_339_NSP_GenomeWideSNP_6_D11_1373602	4	14470273	14470327	2	-1.3727
COPAL_p_TCGAb_337_338_339_NSP_GenomeWideSNP_6_D11_1373602	4	14472634	20556711	4124	-8e-04
COPAL_p_TCGAb_337_338_339_NSP_GenomeWideSNP_6_D11_1373602	4	20560578	20568689	41	-0.6293
COPAL_p_TCGAb_337_338_339_NSP_GenomeWideSNP_6_D11_1373602	4	20568893	21180027	427	-0.0197
COPAL_p_TCGAb_337_338_339_NSP_GenomeWideSNP_6_D11_1373602	4	21180098	21180283	3	-1.2056
COPAL_p_TCGAb_337_338_339_NSP_GenomeWideSNP_6_D11_1373602	4	21180840	21372003	148	0.026
COPAL_p_TCGAb_337_338_339_NSP_GenomeWideSNP_6_D11_1373602	4	21372039	21376851	14	-1.479
COPAL_p_TCGAb_337_338_339_NSP_GenomeWideSNP_6_D11_1373602	4	21383740	23279975	1281	-0.0017
COPAL_p_TCGAb_337_338_339_NSP_GenomeWideSNP_6_D11_1373602	4	23280113	23280120	2	-1.5765
COPAL_p_TCGAb_337_338_339_NSP_GenomeWideSNP_6_D11_1373602	4	23280435	25559299	1693	-0.0052
COPAL_p_TCGAb_337_338_339_NSP_GenomeWideSNP_6_D11_1373602	4	25559877	25562241	3	-0.9115
COPAL_p_TCGAb_337_338_339_NSP_GenomeWideSNP_6_D11_1373602	4	25562386	29860287	2851	0.0046
COPAL_p_TCGAb_337_338_339_NSP_GenomeWideSNP_6_D11_1373602	4	29864761	29869963	3	-1.1139
COPAL_p_TCGAb_337_338_339_NSP_GenomeWideSNP_6_D11_1373602	4	29871987	33376583	2128	-4e-04
COPAL_p_TCGAb_337_338_339_NSP_GenomeWideSNP_6_D11_1373602	4	33379136	33386186	11	-0.7631
COPAL_p_TCGAb_337_338_339_NSP_GenomeWideSNP_6_D11_1373602	4	33388353	34779040	766	0.0046
COPAL_p_TCGAb_337_338_339_NSP_GenomeWideSNP_6_D11_1373602	4	34779054	34824725	39	0.3636
COPAL_p_TCGAb_337_338_339_NSP_GenomeWideSNP_6_D11_1373602	4	34829872	69375160	19436	0.0031
COPAL_p_TCGAb_337_338_339_NSP_GenomeWideSNP_6_D11_1373602	4	69375348	69489335	63	0.4605
COPAL_p_TCGAb_337_338_339_NSP_GenomeWideSNP_6_D11_1373602	4	69505115	70121263	326	0.0017
COPAL_p_TCGAb_337_338_339_NSP_GenomeWideSNP_6_D11_1373602	4	70123510	70231799	55	-0.503
COPAL_p_TCGAb_337_338_339_NSP_GenomeWideSNP_6_D11_1373602	4	70232022	104201019	20577	0.0025
COPAL_p_TCGAb_337_338_339_NSP_GenomeWideSNP_6_D11_1373602	4	104206814	104244748	48	-0.6858
COPAL_p_TCGAb_337_338_339_NSP_GenomeWideSNP_6_D11_1373602	4	104247934	112296987	4775	-0.0012
COPAL_p_TCGAb_337_338_339_NSP_GenomeWideSNP_6_D11_1373602	4	112297415	112309614	25	-0.6582
COPAL_p_TCGAb_337_338_339_NSP_GenomeWideSNP_6_D11_1373602	4	112309634	115173700	1833	-0.0037
COPAL_p_TCGAb_337_338_339_NSP_GenomeWideSNP_6_D11_1373602	4	115175323	115182175	23	-0.9525
COPAL_p_TCGAb_337_338_339_NSP_GenomeWideSNP_6_D11_1373602	4	115184229	145250390	17918	0.0036
COPAL_p_TCGAb_337_338_339_NSP_GenomeWideSNP_6_D11_1373602	4	145250822	145251249	2	-1.8159
COPAL_p_TCGAb_337_338_339_NSP_GenomeWideSNP_6_D11_1373602	4	145252623	155998685	6253	2e-04
COPAL_p_TCGAb_337_338_339_NSP_GenomeWideSNP_6_D11_1373602	4	156007879	156008943	5	-1.0362
COPAL_p_TCGAb_337_338_339_NSP_GenomeWideSNP_6_D11_1373602	4	156012883	179239601	14634	0.0038
COPAL_p_TCGAb_337_338_339_NSP_GenomeWideSNP_6_D11_1373602	4	179241982	179245776	2	-2.6653
COPAL_p_TCGAb_337_338_339_NSP_GenomeWideSNP_6_D11_1373602	4	179246974	187901217	6321	4e-04
COPAL_p_TCGAb_337_338_339_NSP_GenomeWideSNP_6_D11_1373602	4	187901232	187901245	2	-2.235
COPAL_p_TCGAb_337_338_339_NSP_GenomeWideSNP_6_D11_1373602	4	187901257	189221258	812	0.0124
COPAL_p_TCGAb_337_338_339_NSP_GenomeWideSNP_6_D11_1373602	4	189221360	189221375	2	-1.3253
COPAL_p_TCGAb_337_338_339_NSP_GenomeWideSNP_6_D11_1373602	4	189221424	191027923	1177	0.0179
COPAL_p_TCGAb_337_338_339_NSP_GenomeWideSNP_6_D11_1373602	5	15532	12785262	10172	-0.0059
COPAL_p_TCGAb_337_338_339_NSP_GenomeWideSNP_6_D11_1373602	5	12790869	12819978	11	0.5137
COPAL_p_TCGAb_337_338_339_NSP_GenomeWideSNP_6_D11_1373602	5	12820016	17601553	3176	0.0011
COPAL_p_TCGAb_337_338_339_NSP_GenomeWideSNP_6_D11_1373602	5	17601728	17637861	18	0.5554
COPAL_p_TCGAb_337_338_339_NSP_GenomeWideSNP_6_D11_1373602	5	17640214	25992242	4992	-0.0014
COPAL_p_TCGAb_337_338_339_NSP_GenomeWideSNP_6_D11_1373602	5	25992509	25992547	2	-2.0169
COPAL_p_TCGAb_337_338_339_NSP_GenomeWideSNP_6_D11_1373602	5	25993230	46172371	12289	0.0049
COPAL_p_TCGAb_337_338_339_NSP_GenomeWideSNP_6_D11_1373602	5	46172377	46199435	9	-0.7145
COPAL_p_TCGAb_337_338_339_NSP_GenomeWideSNP_6_D11_1373602	5	46209299	46251306	13	0.0143
COPAL_p_TCGAb_337_338_339_NSP_GenomeWideSNP_6_D11_1373602	5	46271008	46273502	8	0.6647
COPAL_p_TCGAb_337_338_339_NSP_GenomeWideSNP_6_D11_1373602	5	46278212	56346351	4433	-0.0051
COPAL_p_TCGAb_337_338_339_NSP_GenomeWideSNP_6_D11_1373602	5	56347622	56347977	4	-0.9304
COPAL_p_TCGAb_337_338_339_NSP_GenomeWideSNP_6_D11_1373602	5	56349432	57321646	628	0
COPAL_p_TCGAb_337_338_339_NSP_GenomeWideSNP_6_D11_1373602	5	57326027	57333533	32	1.2053
COPAL_p_TCGAb_337_338_339_NSP_GenomeWideSNP_6_D11_1373602	5	57338357	84177783	15825	-3e-04
COPAL_p_TCGAb_337_338_339_NSP_GenomeWideSNP_6_D11_1373602	5	84177791	84182048	3	-1.804
COPAL_p_TCGAb_337_338_339_NSP_GenomeWideSNP_6_D11_1373602	5	84184039	103851221	10934	0.0062
COPAL_p_TCGAb_337_338_339_NSP_GenomeWideSNP_6_D11_1373602	5	103860373	103860604	4	1.6123
COPAL_p_TCGAb_337_338_339_NSP_GenomeWideSNP_6_D11_1373602	5	103861049	148339718	28475	0.0069
COPAL_p_TCGAb_337_338_339_NSP_GenomeWideSNP_6_D11_1373602	5	148340650	148341110	5	-1.1071
COPAL_p_TCGAb_337_338_339_NSP_GenomeWideSNP_6_D11_1373602	5	148345145	150202205	1214	-0.0022
COPAL_p_TCGAb_337_338_339_NSP_GenomeWideSNP_6_D11_1373602	5	150205500	150218604	8	-0.6988
COPAL_p_TCGAb_337_338_339_NSP_GenomeWideSNP_6_D11_1373602	5	150223387	155576586	3694	-2e-04
COPAL_p_TCGAb_337_338_339_NSP_GenomeWideSNP_6_D11_1373602	5	155577341	155590284	8	-0.9935
COPAL_p_TCGAb_337_338_339_NSP_GenomeWideSNP_6_D11_1373602	5	155597454	175460087	13966	-0.0013
COPAL_p_TCGAb_337_338_339_NSP_GenomeWideSNP_6_D11_1373602	5	175465689	175469507	2	-1.9851
COPAL_p_TCGAb_337_338_339_NSP_GenomeWideSNP_6_D11_1373602	5	175470324	177227551	728	0.0028
COPAL_p_TCGAb_337_338_339_NSP_GenomeWideSNP_6_D11_1373602	5	177228579	177232605	2	1.5989
COPAL_p_TCGAb_337_338_339_NSP_GenomeWideSNP_6_D11_1373602	5	177254965	180374523	1803	-0.0067
COPAL_p_TCGAb_337_338_339_NSP_GenomeWideSNP_6_D11_1373602	5	180378710	180418103	19	-0.5218
COPAL_p_TCGAb_337_338_339_NSP_GenomeWideSNP_6_D11_1373602	5	180433225	180790320	171	-0.009
COPAL_p_TCGAb_337_338_339_NSP_GenomeWideSNP_6_D11_1373602	6	149661	32408735	22821	-8e-04
COPAL_p_TCGAb_337_338_339_NSP_GenomeWideSNP_6_D11_1373602	6	32408842	32409242	2	-1.9283
COPAL_p_TCGAb_337_338_339_NSP_GenomeWideSNP_6_D11_1373602	6	32412435	32501299	41	-0.0245
COPAL_p_TCGAb_337_338_339_NSP_GenomeWideSNP_6_D11_1373602	6	32508476	32509476	3	-1.1218
COPAL_p_TCGAb_337_338_339_NSP_GenomeWideSNP_6_D11_1373602	6	32516928	53094861	13096	-0.0022
COPAL_p_TCGAb_337_338_339_NSP_GenomeWideSNP_6_D11_1373602	6	53095440	53095563	2	-4.1109
COPAL_p_TCGAb_337_338_339_NSP_GenomeWideSNP_6_D11_1373602	6	53095806	67038046	6124	0.0105
COPAL_p_TCGAb_337_338_339_NSP_GenomeWideSNP_6_D11_1373602	6	67040913	67042897	6	-1.8008
COPAL_p_TCGAb_337_338_339_NSP_GenomeWideSNP_6_D11_1373602	6	67043192	78962889	7772	-3e-04
COPAL_p_TCGAb_337_338_339_NSP_GenomeWideSNP_6_D11_1373602	6	78969065	79035185	113	0.3125
COPAL_p_TCGAb_337_338_339_NSP_GenomeWideSNP_6_D11_1373602	6	79039234	97466928	11650	-0.0013
COPAL_p_TCGAb_337_338_339_NSP_GenomeWideSNP_6_D11_1373602	6	97468894	97469390	3	-1.0986
COPAL_p_TCGAb_337_338_339_NSP_GenomeWideSNP_6_D11_1373602	6	97471139	102122091	2844	0.0036
COPAL_p_TCGAb_337_338_339_NSP_GenomeWideSNP_6_D11_1373602	6	102122403	102123813	2	-1.0947
COPAL_p_TCGAb_337_338_339_NSP_GenomeWideSNP_6_D11_1373602	6	102126758	103734829	939	-0.0062
COPAL_p_TCGAb_337_338_339_NSP_GenomeWideSNP_6_D11_1373602	6	103737976	103765670	48	0.4577
COPAL_p_TCGAb_337_338_339_NSP_GenomeWideSNP_6_D11_1373602	6	103765711	115319022	7267	0.002
COPAL_p_TCGAb_337_338_339_NSP_GenomeWideSNP_6_D11_1373602	6	115325688	115326064	2	-1.3967
COPAL_p_TCGAb_337_338_339_NSP_GenomeWideSNP_6_D11_1373602	6	115326189	121518801	3607	2e-04
COPAL_p_TCGAb_337_338_339_NSP_GenomeWideSNP_6_D11_1373602	6	121521906	121523736	4	-1.0593
COPAL_p_TCGAb_337_338_339_NSP_GenomeWideSNP_6_D11_1373602	6	121524055	153957370	21264	1e-04
COPAL_p_TCGAb_337_338_339_NSP_GenomeWideSNP_6_D11_1373602	6	153960786	153961419	2	-2.3103
COPAL_p_TCGAb_337_338_339_NSP_GenomeWideSNP_6_D11_1373602	6	153961899	157787428	2513	-0.0056
COPAL_p_TCGAb_337_338_339_NSP_GenomeWideSNP_6_D11_1373602	6	157796076	157796994	2	-1.7866
COPAL_p_TCGAb_337_338_339_NSP_GenomeWideSNP_6_D11_1373602	6	157806676	171051005	9393	-0.0092
COPAL_p_TCGAb_337_338_339_NSP_GenomeWideSNP_6_D11_1373602	7	43355	38287927	27330	-0.0016
COPAL_p_TCGAb_337_338_339_NSP_GenomeWideSNP_6_D11_1373602	7	38290693	38398047	128	-0.237
COPAL_p_TCGAb_337_338_339_NSP_GenomeWideSNP_6_D11_1373602	7	38400957	46629109	5269	0.0029
COPAL_p_TCGAb_337_338_339_NSP_GenomeWideSNP_6_D11_1373602	7	46636974	46636992	2	-1.427
COPAL_p_TCGAb_337_338_339_NSP_GenomeWideSNP_6_D11_1373602	7	46637249	53451474	5043	0.0062
COPAL_p_TCGAb_337_338_339_NSP_GenomeWideSNP_6_D11_1373602	7	53455603	53468953	9	-0.8812
COPAL_p_TCGAb_337_338_339_NSP_GenomeWideSNP_6_D11_1373602	7	53470557	81723905	12831	0.0011
COPAL_p_TCGAb_337_338_339_NSP_GenomeWideSNP_6_D11_1373602	7	81726926	81726963	2	-1.4977
COPAL_p_TCGAb_337_338_339_NSP_GenomeWideSNP_6_D11_1373602	7	81727561	91208142	6059	0.0073
COPAL_p_TCGAb_337_338_339_NSP_GenomeWideSNP_6_D11_1373602	7	91218884	91219132	3	-1.1222
COPAL_p_TCGAb_337_338_339_NSP_GenomeWideSNP_6_D11_1373602	7	91225032	102349185	5922	0.0064
COPAL_p_TCGAb_337_338_339_NSP_GenomeWideSNP_6_D11_1373602	7	102355428	102373011	15	-0.867
COPAL_p_TCGAb_337_338_339_NSP_GenomeWideSNP_6_D11_1373602	7	102375279	119153342	10416	0.0018
COPAL_p_TCGAb_337_338_339_NSP_GenomeWideSNP_6_D11_1373602	7	119156523	119162447	11	-0.5782
COPAL_p_TCGAb_337_338_339_NSP_GenomeWideSNP_6_D11_1373602	7	119162730	126045651	4140	0.0089
COPAL_p_TCGAb_337_338_339_NSP_GenomeWideSNP_6_D11_1373602	7	126045686	126046615	9	-0.8408
COPAL_p_TCGAb_337_338_339_NSP_GenomeWideSNP_6_D11_1373602	7	126046876	126776475	518	0.0021
COPAL_p_TCGAb_337_338_339_NSP_GenomeWideSNP_6_D11_1373602	7	126776594	126776899	6	-0.6685
COPAL_p_TCGAb_337_338_339_NSP_GenomeWideSNP_6_D11_1373602	7	126785856	134968570	5071	-8e-04
COPAL_p_TCGAb_337_338_339_NSP_GenomeWideSNP_6_D11_1373602	7	134971410	134971568	2	-1.5447
COPAL_p_TCGAb_337_338_339_NSP_GenomeWideSNP_6_D11_1373602	7	134972409	140192342	3219	-0.0011
COPAL_p_TCGAb_337_338_339_NSP_GenomeWideSNP_6_D11_1373602	7	140192859	140198323	10	-1.1357
COPAL_p_TCGAb_337_338_339_NSP_GenomeWideSNP_6_D11_1373602	7	140198552	142476719	1571	-0.0083
COPAL_p_TCGAb_337_338_339_NSP_GenomeWideSNP_6_D11_1373602	7	142476764	142479531	5	0.912
COPAL_p_TCGAb_337_338_339_NSP_GenomeWideSNP_6_D11_1373602	7	142479665	142485699	16	0.4206
COPAL_p_TCGAb_337_338_339_NSP_GenomeWideSNP_6_D11_1373602	7	142485771	142486345	7	0.8465
COPAL_p_TCGAb_337_338_339_NSP_GenomeWideSNP_6_D11_1373602	7	142486495	159127004	10536	-0.0034
COPAL_p_TCGAb_337_338_339_NSP_GenomeWideSNP_6_D11_1373602	8	31254	330877	150	0.015
COPAL_p_TCGAb_337_338_339_NSP_GenomeWideSNP_6_D11_1373602	8	331550	331630	2	1.3976
COPAL_p_TCGAb_337_338_339_NSP_GenomeWideSNP_6_D11_1373602	8	334030	593041	175	-0.0082
COPAL_p_TCGAb_337_338_339_NSP_GenomeWideSNP_6_D11_1373602	8	594944	595908	10	1.1437
COPAL_p_TCGAb_337_338_339_NSP_GenomeWideSNP_6_D11_1373602	8	601043	2080289	1140	-0.0138
COPAL_p_TCGAb_337_338_339_NSP_GenomeWideSNP_6_D11_1373602	8	2080394	2081353	6	-1.4779
COPAL_p_TCGAb_337_338_339_NSP_GenomeWideSNP_6_D11_1373602	8	2081372	2082186	10	-0.2149
COPAL_p_TCGAb_337_338_339_NSP_GenomeWideSNP_6_D11_1373602	8	2082229	2085178	5	-1.0664
COPAL_p_TCGAb_337_338_339_NSP_GenomeWideSNP_6_D11_1373602	8	2090030	2247827	144	0.0379
COPAL_p_TCGAb_337_338_339_NSP_GenomeWideSNP_6_D11_1373602	8	2254638	2256068	3	-1.2558
COPAL_p_TCGAb_337_338_339_NSP_GenomeWideSNP_6_D11_1373602	8	2256144	2296727	73	-0.1091
COPAL_p_TCGAb_337_338_339_NSP_GenomeWideSNP_6_D11_1373602	8	2296933	2297291	5	-0.9823
COPAL_p_TCGAb_337_338_339_NSP_GenomeWideSNP_6_D11_1373602	8	2301535	7043340	6071	0.0045
COPAL_p_TCGAb_337_338_339_NSP_GenomeWideSNP_6_D11_1373602	8	7154067	7170474	2	-2.2341
COPAL_p_TCGAb_337_338_339_NSP_GenomeWideSNP_6_D11_1373602	8	7170489	7186646	5	0.0898
COPAL_p_TCGAb_337_338_339_NSP_GenomeWideSNP_6_D11_1373602	8	7193821	7226436	23	-0.6987
COPAL_p_TCGAb_337_338_339_NSP_GenomeWideSNP_6_D11_1373602	8	7237903	7238019	2	-2.8753
COPAL_p_TCGAb_337_338_339_NSP_GenomeWideSNP_6_D11_1373602	8	7250380	12243179	3477	-0.0041
COPAL_p_TCGAb_337_338_339_NSP_GenomeWideSNP_6_D11_1373602	8	12245192	12247486	9	-1.5105
COPAL_p_TCGAb_337_338_339_NSP_GenomeWideSNP_6_D11_1373602	8	12260927	13612174	1136	-0.0144
COPAL_p_TCGAb_337_338_339_NSP_GenomeWideSNP_6_D11_1373602	8	13614717	13651706	45	-0.6535
COPAL_p_TCGAb_337_338_339_NSP_GenomeWideSNP_6_D11_1373602	8	13651722	16262247	2403	-0.0024
COPAL_p_TCGAb_337_338_339_NSP_GenomeWideSNP_6_D11_1373602	8	16262264	16274661	25	-1.491
COPAL_p_TCGAb_337_338_339_NSP_GenomeWideSNP_6_D11_1373602	8	16278695	23402308	5697	-0.0039
COPAL_p_TCGAb_337_338_339_NSP_GenomeWideSNP_6_D11_1373602	8	23407740	23407871	5	-2.7305
COPAL_p_TCGAb_337_338_339_NSP_GenomeWideSNP_6_D11_1373602	8	23407905	24972187	1134	0.0014
COPAL_p_TCGAb_337_338_339_NSP_GenomeWideSNP_6_D11_1373602	8	24974443	24984333	27	0.3878
COPAL_p_TCGAb_337_338_339_NSP_GenomeWideSNP_6_D11_1373602	8	24991104	39230659	8987	-0.0024
COPAL_p_TCGAb_337_338_339_NSP_GenomeWideSNP_6_D11_1373602	8	39235603	39386965	59	-0.5188
COPAL_p_TCGAb_337_338_339_NSP_GenomeWideSNP_6_D11_1373602	8	39388299	58116550	9177	-0.0017
COPAL_p_TCGAb_337_338_339_NSP_GenomeWideSNP_6_D11_1373602	8	58117486	58130025	4	-1.1573
COPAL_p_TCGAb_337_338_339_NSP_GenomeWideSNP_6_D11_1373602	8	58132798	60591613	1717	0.0024
COPAL_p_TCGAb_337_338_339_NSP_GenomeWideSNP_6_D11_1373602	8	60595880	60598517	2	-1.8899
COPAL_p_TCGAb_337_338_339_NSP_GenomeWideSNP_6_D11_1373602	8	60599115	62383229	1191	0.0064
COPAL_p_TCGAb_337_338_339_NSP_GenomeWideSNP_6_D11_1373602	8	62383741	62384131	3	-0.946
COPAL_p_TCGAb_337_338_339_NSP_GenomeWideSNP_6_D11_1373602	8	62386707	65242748	1753	0.0015
COPAL_p_TCGAb_337_338_339_NSP_GenomeWideSNP_6_D11_1373602	8	65246984	65254836	10	-1.0587
COPAL_p_TCGAb_337_338_339_NSP_GenomeWideSNP_6_D11_1373602	8	65257503	68547669	1658	0.0046
COPAL_p_TCGAb_337_338_339_NSP_GenomeWideSNP_6_D11_1373602	8	68548132	68548400	6	-0.8528
COPAL_p_TCGAb_337_338_339_NSP_GenomeWideSNP_6_D11_1373602	8	68548491	112291494	26407	0.0055
COPAL_p_TCGAb_337_338_339_NSP_GenomeWideSNP_6_D11_1373602	8	112294279	112295038	6	-0.7022
COPAL_p_TCGAb_337_338_339_NSP_GenomeWideSNP_6_D11_1373602	8	112295081	112295260	4	-2.0307
COPAL_p_TCGAb_337_338_339_NSP_GenomeWideSNP_6_D11_1373602	8	112300281	115592897	1800	0.0023
COPAL_p_TCGAb_337_338_339_NSP_GenomeWideSNP_6_D11_1373602	8	115601775	115631436	21	0.5252
COPAL_p_TCGAb_337_338_339_NSP_GenomeWideSNP_6_D11_1373602	8	115632043	115641731	36	-1.2342
COPAL_p_TCGAb_337_338_339_NSP_GenomeWideSNP_6_D11_1373602	8	115650697	120152010	3097	-0.0037
COPAL_p_TCGAb_337_338_339_NSP_GenomeWideSNP_6_D11_1373602	8	120154784	120159446	4	-2.3575
COPAL_p_TCGAb_337_338_339_NSP_GenomeWideSNP_6_D11_1373602	8	120162854	123060846	1890	-0.0066
COPAL_p_TCGAb_337_338_339_NSP_GenomeWideSNP_6_D11_1373602	8	123061062	123062194	6	-0.9579
COPAL_p_TCGAb_337_338_339_NSP_GenomeWideSNP_6_D11_1373602	8	123062559	123070136	8	-0.0891
COPAL_p_TCGAb_337_338_339_NSP_GenomeWideSNP_6_D11_1373602	8	123070163	123070211	3	-1.0645
COPAL_p_TCGAb_337_338_339_NSP_GenomeWideSNP_6_D11_1373602	8	123070274	146298155	15987	-0.0011
COPAL_p_TCGAb_337_338_339_NSP_GenomeWideSNP_6_D11_1373602	9	46587	10741198	10304	0.0045
COPAL_p_TCGAb_337_338_339_NSP_GenomeWideSNP_6_D11_1373602	9	10743436	10749835	14	-1.2633
COPAL_p_TCGAb_337_338_339_NSP_GenomeWideSNP_6_D11_1373602	9	10755356	17571359	5459	0.0045
COPAL_p_TCGAb_337_338_339_NSP_GenomeWideSNP_6_D11_1373602	9	17572069	17574289	6	-0.8705
COPAL_p_TCGAb_337_338_339_NSP_GenomeWideSNP_6_D11_1373602	9	17575704	27236644	7403	9e-04
COPAL_p_TCGAb_337_338_339_NSP_GenomeWideSNP_6_D11_1373602	9	27248177	27248644	5	-0.8647
COPAL_p_TCGAb_337_338_339_NSP_GenomeWideSNP_6_D11_1373602	9	27248727	68183981	8352	0.0028
COPAL_p_TCGAb_337_338_339_NSP_GenomeWideSNP_6_D11_1373602	9	68186051	68186057	4	1.2924
COPAL_p_TCGAb_337_338_339_NSP_GenomeWideSNP_6_D11_1373602	9	68186059	76020858	3921	0.005
COPAL_p_TCGAb_337_338_339_NSP_GenomeWideSNP_6_D11_1373602	9	76023109	76026666	3	-0.9308
COPAL_p_TCGAb_337_338_339_NSP_GenomeWideSNP_6_D11_1373602	9	76028723	79769394	2799	0.003
COPAL_p_TCGAb_337_338_339_NSP_GenomeWideSNP_6_D11_1373602	9	79770398	79786214	32	0.5214
COPAL_p_TCGAb_337_338_339_NSP_GenomeWideSNP_6_D11_1373602	9	79786241	141091394	41319	5e-04
COPAL_p_TCGAb_337_338_339_NSP_GenomeWideSNP_6_D11_1373602	10	72759	4240107	3522	-0.0158
COPAL_p_TCGAb_337_338_339_NSP_GenomeWideSNP_6_D11_1373602	10	4240722	4241572	4	-1.385
COPAL_p_TCGAb_337_338_339_NSP_GenomeWideSNP_6_D11_1373602	10	4243998	12293184	6710	0.0067
COPAL_p_TCGAb_337_338_339_NSP_GenomeWideSNP_6_D11_1373602	10	12296450	12297431	6	-1.233
COPAL_p_TCGAb_337_338_339_NSP_GenomeWideSNP_6_D11_1373602	10	12297565	86738444	47354	0.0015
COPAL_p_TCGAb_337_338_339_NSP_GenomeWideSNP_6_D11_1373602	10	86738759	86747551	6	-0.8316
COPAL_p_TCGAb_337_338_339_NSP_GenomeWideSNP_6_D11_1373602	10	86748867	122759110	23808	0.001
COPAL_p_TCGAb_337_338_339_NSP_GenomeWideSNP_6_D11_1373602	10	122761091	122777498	22	-0.3899
COPAL_p_TCGAb_337_338_339_NSP_GenomeWideSNP_6_D11_1373602	10	122789542	135506704	9292	-0.0085
COPAL_p_TCGAb_337_338_339_NSP_GenomeWideSNP_6_D11_1373602	11	198510	1644440	480	-0.0285
COPAL_p_TCGAb_337_338_339_NSP_GenomeWideSNP_6_D11_1373602	11	1644905	1650047	7	-0.6645
COPAL_p_TCGAb_337_338_339_NSP_GenomeWideSNP_6_D11_1373602	11	1650539	4970277	1988	-0.0059
COPAL_p_TCGAb_337_338_339_NSP_GenomeWideSNP_6_D11_1373602	11	4970294	4976892	38	0.3385
COPAL_p_TCGAb_337_338_339_NSP_GenomeWideSNP_6_D11_1373602	11	4976907	42602530	27233	0.0026
COPAL_p_TCGAb_337_338_339_NSP_GenomeWideSNP_6_D11_1373602	11	42604223	42605417	4	-0.9509
COPAL_p_TCGAb_337_338_339_NSP_GenomeWideSNP_6_D11_1373602	11	42606672	45278317	1975	-0.005
COPAL_p_TCGAb_337_338_339_NSP_GenomeWideSNP_6_D11_1373602	11	45279918	45280287	4	-0.9014
COPAL_p_TCGAb_337_338_339_NSP_GenomeWideSNP_6_D11_1373602	11	45281712	48742173	1607	0.0153
COPAL_p_TCGAb_337_338_339_NSP_GenomeWideSNP_6_D11_1373602	11	48744425	48745065	2	-1.3394
COPAL_p_TCGAb_337_338_339_NSP_GenomeWideSNP_6_D11_1373602	11	48761183	51096372	776	0.0164
COPAL_p_TCGAb_337_338_339_NSP_GenomeWideSNP_6_D11_1373602	11	51126742	51165185	4	-1.1108
COPAL_p_TCGAb_337_338_339_NSP_GenomeWideSNP_6_D11_1373602	11	51176574	54835635	155	0.02
COPAL_p_TCGAb_337_338_339_NSP_GenomeWideSNP_6_D11_1373602	11	54840271	54940342	19	-0.8878
COPAL_p_TCGAb_337_338_339_NSP_GenomeWideSNP_6_D11_1373602	11	54965608	55361431	207	0.03
COPAL_p_TCGAb_337_338_339_NSP_GenomeWideSNP_6_D11_1373602	11	55363340	55453576	61	0.281
COPAL_p_TCGAb_337_338_339_NSP_GenomeWideSNP_6_D11_1373602	11	55460683	58081670	1656	0.008
COPAL_p_TCGAb_337_338_339_NSP_GenomeWideSNP_6_D11_1373602	11	58085155	58085956	4	-0.8602
COPAL_p_TCGAb_337_338_339_NSP_GenomeWideSNP_6_D11_1373602	11	58086198	60949760	1722	0.005
COPAL_p_TCGAb_337_338_339_NSP_GenomeWideSNP_6_D11_1373602	11	60952428	60955212	9	-0.982
COPAL_p_TCGAb_337_338_339_NSP_GenomeWideSNP_6_D11_1373602	11	60960397	107230719	28953	0.0024
COPAL_p_TCGAb_337_338_339_NSP_GenomeWideSNP_6_D11_1373602	11	107238656	107239128	7	-1.1027
COPAL_p_TCGAb_337_338_339_NSP_GenomeWideSNP_6_D11_1373602	11	107252362	116667461	6402	-0.0025
COPAL_p_TCGAb_337_338_339_NSP_GenomeWideSNP_6_D11_1373602	11	116668511	116670676	4	-1.0899
COPAL_p_TCGAb_337_338_339_NSP_GenomeWideSNP_6_D11_1373602	11	116674818	134944770	13452	-0.0012
COPAL_p_TCGAb_337_338_339_NSP_GenomeWideSNP_6_D11_1373602	12	150442	8556693	5599	-0.0069
COPAL_p_TCGAb_337_338_339_NSP_GenomeWideSNP_6_D11_1373602	12	8558488	8584672	22	0.9065
COPAL_p_TCGAb_337_338_339_NSP_GenomeWideSNP_6_D11_1373602	12	8594894	9633870	563	0.0095
COPAL_p_TCGAb_337_338_339_NSP_GenomeWideSNP_6_D11_1373602	12	9637909	9728292	24	0.7901
COPAL_p_TCGAb_337_338_339_NSP_GenomeWideSNP_6_D11_1373602	12	9734969	10320518	443	0.0101
COPAL_p_TCGAb_337_338_339_NSP_GenomeWideSNP_6_D11_1373602	12	10321837	10322182	3	-0.8882
COPAL_p_TCGAb_337_338_339_NSP_GenomeWideSNP_6_D11_1373602	12	10328635	11236215	603	0.0048
COPAL_p_TCGAb_337_338_339_NSP_GenomeWideSNP_6_D11_1373602	12	11236836	11241532	3	0.9219
COPAL_p_TCGAb_337_338_339_NSP_GenomeWideSNP_6_D11_1373602	12	11251874	12540467	1002	0.0168
COPAL_p_TCGAb_337_338_339_NSP_GenomeWideSNP_6_D11_1373602	12	12541869	12546759	14	-0.6459
COPAL_p_TCGAb_337_338_339_NSP_GenomeWideSNP_6_D11_1373602	12	12549503	33386757	14582	-0.0021
COPAL_p_TCGAb_337_338_339_NSP_GenomeWideSNP_6_D11_1373602	12	33388829	33395142	4	-1.4392
COPAL_p_TCGAb_337_338_339_NSP_GenomeWideSNP_6_D11_1373602	12	33395418	133778189	61914	9e-04
COPAL_p_TCGAb_337_338_339_NSP_GenomeWideSNP_6_D11_1373602	13	19026949	31450589	8794	-0.0077
COPAL_p_TCGAb_337_338_339_NSP_GenomeWideSNP_6_D11_1373602	13	31454044	31455618	5	-1.0466
COPAL_p_TCGAb_337_338_339_NSP_GenomeWideSNP_6_D11_1373602	13	31458636	39745992	5917	5e-04
COPAL_p_TCGAb_337_338_339_NSP_GenomeWideSNP_6_D11_1373602	13	39747763	39751136	3	-2.0376
COPAL_p_TCGAb_337_338_339_NSP_GenomeWideSNP_6_D11_1373602	13	39754711	43750425	2808	0.0043
COPAL_p_TCGAb_337_338_339_NSP_GenomeWideSNP_6_D11_1373602	13	43756747	43756803	2	-1.1384
COPAL_p_TCGAb_337_338_339_NSP_GenomeWideSNP_6_D11_1373602	13	43760833	48909185	3464	-0.0029
COPAL_p_TCGAb_337_338_339_NSP_GenomeWideSNP_6_D11_1373602	13	48909201	48911387	6	-0.6204
COPAL_p_TCGAb_337_338_339_NSP_GenomeWideSNP_6_D11_1373602	13	48911390	57751096	5026	0.0051
COPAL_p_TCGAb_337_338_339_NSP_GenomeWideSNP_6_D11_1373602	13	57758270	57778380	34	-1.5097
COPAL_p_TCGAb_337_338_339_NSP_GenomeWideSNP_6_D11_1373602	13	57789714	72476988	8974	0.0062
COPAL_p_TCGAb_337_338_339_NSP_GenomeWideSNP_6_D11_1373602	13	72477555	72480556	4	1.3826
COPAL_p_TCGAb_337_338_339_NSP_GenomeWideSNP_6_D11_1373602	13	72480605	115108397	29017	0.0043
COPAL_p_TCGAb_337_338_339_NSP_GenomeWideSNP_6_D11_1373602	14	19002124	19382209	24	0.0772
COPAL_p_TCGAb_337_338_339_NSP_GenomeWideSNP_6_D11_1373602	14	19382344	19417203	4	0.8223
COPAL_p_TCGAb_337_338_339_NSP_GenomeWideSNP_6_D11_1373602	14	19422533	19689317	20	-0.1195
COPAL_p_TCGAb_337_338_339_NSP_GenomeWideSNP_6_D11_1373602	14	19693231	19938441	21	-0.4849
COPAL_p_TCGAb_337_338_339_NSP_GenomeWideSNP_6_D11_1373602	14	19968403	22048577	1193	-0.0112
COPAL_p_TCGAb_337_338_339_NSP_GenomeWideSNP_6_D11_1373602	14	22050143	22055757	12	1.0193
COPAL_p_TCGAb_337_338_339_NSP_GenomeWideSNP_6_D11_1373602	14	22072347	38635174	10617	-0.0088
COPAL_p_TCGAb_337_338_339_NSP_GenomeWideSNP_6_D11_1373602	14	38635734	38635810	3	-1.2516
COPAL_p_TCGAb_337_338_339_NSP_GenomeWideSNP_6_D11_1373602	14	38638505	40608928	1141	0.004
COPAL_p_TCGAb_337_338_339_NSP_GenomeWideSNP_6_D11_1373602	14	40613922	40616919	2	-2.4816
COPAL_p_TCGAb_337_338_339_NSP_GenomeWideSNP_6_D11_1373602	14	40618165	41608358	718	-0.0107
COPAL_p_TCGAb_337_338_339_NSP_GenomeWideSNP_6_D11_1373602	14	41610496	41676750	22	-0.4305
COPAL_p_TCGAb_337_338_339_NSP_GenomeWideSNP_6_D11_1373602	14	41676768	106538062	41126	0.0025
COPAL_p_TCGAb_337_338_339_NSP_GenomeWideSNP_6_D11_1373602	14	106541753	106567100	13	0.626
COPAL_p_TCGAb_337_338_339_NSP_GenomeWideSNP_6_D11_1373602	14	106569463	106863526	137	0.0689
COPAL_p_TCGAb_337_338_339_NSP_GenomeWideSNP_6_D11_1373602	14	106864722	107177931	205	0.5097
COPAL_p_TCGAb_337_338_339_NSP_GenomeWideSNP_6_D11_1373602	14	107177994	107285437	75	-0.0057
COPAL_p_TCGAb_337_338_339_NSP_GenomeWideSNP_6_D11_1373602	15	20016328	20203961	47	0.0442
COPAL_p_TCGAb_337_338_339_NSP_GenomeWideSNP_6_D11_1373602	15	20206939	20291313	12	-0.8646
COPAL_p_TCGAb_337_338_339_NSP_GenomeWideSNP_6_D11_1373602	15	20392821	20814977	95	0.0529
COPAL_p_TCGAb_337_338_339_NSP_GenomeWideSNP_6_D11_1373602	15	20820067	21914553	144	-0.4346
COPAL_p_TCGAb_337_338_339_NSP_GenomeWideSNP_6_D11_1373602	15	21915670	24647143	1118	0.0145
COPAL_p_TCGAb_337_338_339_NSP_GenomeWideSNP_6_D11_1373602	15	24647994	24718173	45	-0.3802
COPAL_p_TCGAb_337_338_339_NSP_GenomeWideSNP_6_D11_1373602	15	24718596	25889682	798	0.0061
COPAL_p_TCGAb_337_338_339_NSP_GenomeWideSNP_6_D11_1373602	15	25891224	25891511	3	-0.9207
COPAL_p_TCGAb_337_338_339_NSP_GenomeWideSNP_6_D11_1373602	15	25894658	27918623	1543	-0.0051
COPAL_p_TCGAb_337_338_339_NSP_GenomeWideSNP_6_D11_1373602	15	27919497	27927806	13	-0.8713
COPAL_p_TCGAb_337_338_339_NSP_GenomeWideSNP_6_D11_1373602	15	27928794	32489253	2439	0.006
COPAL_p_TCGAb_337_338_339_NSP_GenomeWideSNP_6_D11_1373602	15	32504264	32511974	8	-1.1537
COPAL_p_TCGAb_337_338_339_NSP_GenomeWideSNP_6_D11_1373602	15	32512220	69329815	23723	-5e-04
COPAL_p_TCGAb_337_338_339_NSP_GenomeWideSNP_6_D11_1373602	15	69331285	69331360	2	1.5385
COPAL_p_TCGAb_337_338_339_NSP_GenomeWideSNP_6_D11_1373602	15	69337675	76878362	4229	-0.0014
COPAL_p_TCGAb_337_338_339_NSP_GenomeWideSNP_6_D11_1373602	15	76891241	76895767	16	0.5635
COPAL_p_TCGAb_337_338_339_NSP_GenomeWideSNP_6_D11_1373602	15	76895769	100339331	16000	9e-04
COPAL_p_TCGAb_337_338_339_NSP_GenomeWideSNP_6_D11_1373602	15	100354494	100597998	200	0.4967
COPAL_p_TCGAb_337_338_339_NSP_GenomeWideSNP_6_D11_1373602	15	100599233	102469040	1425	-0.0197
COPAL_p_TCGAb_337_338_339_NSP_GenomeWideSNP_6_D11_1373602	16	60777	32013278	20004	-0.0075
COPAL_p_TCGAb_337_338_339_NSP_GenomeWideSNP_6_D11_1373602	16	32024412	33631830	261	0.3698
COPAL_p_TCGAb_337_338_339_NSP_GenomeWideSNP_6_D11_1373602	16	33643399	33710780	12	0.1573
COPAL_p_TCGAb_337_338_339_NSP_GenomeWideSNP_6_D11_1373602	16	33716956	34012168	49	-0.4336
COPAL_p_TCGAb_337_338_339_NSP_GenomeWideSNP_6_D11_1373602	16	34197351	62314267	10975	-0.0021
COPAL_p_TCGAb_337_338_339_NSP_GenomeWideSNP_6_D11_1373602	16	62318597	62318683	2	-1.465
COPAL_p_TCGAb_337_338_339_NSP_GenomeWideSNP_6_D11_1373602	16	62318693	78371608	10330	-0.0011
COPAL_p_TCGAb_337_338_339_NSP_GenomeWideSNP_6_D11_1373602	16	78372440	78384765	16	0.6526
COPAL_p_TCGAb_337_338_339_NSP_GenomeWideSNP_6_D11_1373602	16	78385001	90287535	10569	-0.0167
COPAL_p_TCGAb_337_338_339_NSP_GenomeWideSNP_6_D11_1373602	17	526	8242910	4526	-0.0114
COPAL_p_TCGAb_337_338_339_NSP_GenomeWideSNP_6_D11_1373602	17	8247547	8247733	2	-1.5865
COPAL_p_TCGAb_337_338_339_NSP_GenomeWideSNP_6_D11_1373602	17	8249458	18317181	6854	0.0012
COPAL_p_TCGAb_337_338_339_NSP_GenomeWideSNP_6_D11_1373602	17	18317193	18459272	30	-0.3124
COPAL_p_TCGAb_337_338_339_NSP_GenomeWideSNP_6_D11_1373602	17	18464586	20395887	831	-0.0104
COPAL_p_TCGAb_337_338_339_NSP_GenomeWideSNP_6_D11_1373602	17	20410231	20413446	2	-1.5181
COPAL_p_TCGAb_337_338_339_NSP_GenomeWideSNP_6_D11_1373602	17	20431180	27782227	1933	0.0054
COPAL_p_TCGAb_337_338_339_NSP_GenomeWideSNP_6_D11_1373602	17	27782290	27788257	4	-0.9336
COPAL_p_TCGAb_337_338_339_NSP_GenomeWideSNP_6_D11_1373602	17	27801055	34436708	4122	0.0031
COPAL_p_TCGAb_337_338_339_NSP_GenomeWideSNP_6_D11_1373602	17	34437128	34485091	37	0.7209
COPAL_p_TCGAb_337_338_339_NSP_GenomeWideSNP_6_D11_1373602	17	34528125	37868505	1673	5e-04
COPAL_p_TCGAb_337_338_339_NSP_GenomeWideSNP_6_D11_1373602	17	37868529	37868688	4	1.1086
COPAL_p_TCGAb_337_338_339_NSP_GenomeWideSNP_6_D11_1373602	17	37868762	39263391	765	0.0031
COPAL_p_TCGAb_337_338_339_NSP_GenomeWideSNP_6_D11_1373602	17	39268353	39282529	7	-1.2991
COPAL_p_TCGAb_337_338_339_NSP_GenomeWideSNP_6_D11_1373602	17	39282839	39405281	78	0.0065
COPAL_p_TCGAb_337_338_339_NSP_GenomeWideSNP_6_D11_1373602	17	39407341	39430531	33	-0.347
COPAL_p_TCGAb_337_338_339_NSP_GenomeWideSNP_6_D11_1373602	17	39432724	39510912	75	0.0034
COPAL_p_TCGAb_337_338_339_NSP_GenomeWideSNP_6_D11_1373602	17	39513456	39522495	29	-0.6597
COPAL_p_TCGAb_337_338_339_NSP_GenomeWideSNP_6_D11_1373602	17	39526309	44428681	2528	-0.0114
COPAL_p_TCGAb_337_338_339_NSP_GenomeWideSNP_6_D11_1373602	17	44429320	44722831	34	-0.7863
COPAL_p_TCGAb_337_338_339_NSP_GenomeWideSNP_6_D11_1373602	17	44722842	81049726	21543	-0.0024
COPAL_p_TCGAb_337_338_339_NSP_GenomeWideSNP_6_D11_1373602	18	11543	5927242	4174	0.0025
COPAL_p_TCGAb_337_338_339_NSP_GenomeWideSNP_6_D11_1373602	18	5928109	5935865	7	-1.0538
COPAL_p_TCGAb_337_338_339_NSP_GenomeWideSNP_6_D11_1373602	18	5935963	11301578	4130	0.003
COPAL_p_TCGAb_337_338_339_NSP_GenomeWideSNP_6_D11_1373602	18	11305225	11305240	2	-2.0797
COPAL_p_TCGAb_337_338_339_NSP_GenomeWideSNP_6_D11_1373602	18	11306074	13002642	955	-0.0013
COPAL_p_TCGAb_337_338_339_NSP_GenomeWideSNP_6_D11_1373602	18	13003547	13004259	2	-1.5414
COPAL_p_TCGAb_337_338_339_NSP_GenomeWideSNP_6_D11_1373602	18	13006853	45162580	18014	0.0036
COPAL_p_TCGAb_337_338_339_NSP_GenomeWideSNP_6_D11_1373602	18	45170068	45184733	11	0.534
COPAL_p_TCGAb_337_338_339_NSP_GenomeWideSNP_6_D11_1373602	18	45193235	49852631	3426	0.0028
COPAL_p_TCGAb_337_338_339_NSP_GenomeWideSNP_6_D11_1373602	18	49853285	49854580	4	-1.0179
COPAL_p_TCGAb_337_338_339_NSP_GenomeWideSNP_6_D11_1373602	18	49857598	59281948	6401	-0.0011
COPAL_p_TCGAb_337_338_339_NSP_GenomeWideSNP_6_D11_1373602	18	59282156	59282309	3	1.1509
COPAL_p_TCGAb_337_338_339_NSP_GenomeWideSNP_6_D11_1373602	18	59284865	63767140	3160	0.0019
COPAL_p_TCGAb_337_338_339_NSP_GenomeWideSNP_6_D11_1373602	18	63767288	63767922	2	-2.175
COPAL_p_TCGAb_337_338_339_NSP_GenomeWideSNP_6_D11_1373602	18	63775595	64953649	768	-0.0092
COPAL_p_TCGAb_337_338_339_NSP_GenomeWideSNP_6_D11_1373602	18	64959207	64967265	21	-0.7485
COPAL_p_TCGAb_337_338_339_NSP_GenomeWideSNP_6_D11_1373602	18	64967718	78015057	9567	0.004
COPAL_p_TCGAb_337_338_339_NSP_GenomeWideSNP_6_D11_1373602	19	90910	15780041	6589	-0.0034
COPAL_p_TCGAb_337_338_339_NSP_GenomeWideSNP_6_D11_1373602	19	15780222	15825739	55	0.4646
COPAL_p_TCGAb_337_338_339_NSP_GenomeWideSNP_6_D11_1373602	19	15833336	19831544	1876	-9e-04
COPAL_p_TCGAb_337_338_339_NSP_GenomeWideSNP_6_D11_1373602	19	19835753	19836676	2	-1.8198
COPAL_p_TCGAb_337_338_339_NSP_GenomeWideSNP_6_D11_1373602	19	19840768	21747815	1080	-0.0143
COPAL_p_TCGAb_337_338_339_NSP_GenomeWideSNP_6_D11_1373602	19	21751790	21752049	4	-1.2428
COPAL_p_TCGAb_337_338_339_NSP_GenomeWideSNP_6_D11_1373602	19	21753844	22408538	398	0.003
COPAL_p_TCGAb_337_338_339_NSP_GenomeWideSNP_6_D11_1373602	19	22413940	22454239	35	0.4432
COPAL_p_TCGAb_337_338_339_NSP_GenomeWideSNP_6_D11_1373602	19	22466791	43505984	10572	-0.0021
COPAL_p_TCGAb_337_338_339_NSP_GenomeWideSNP_6_D11_1373602	19	43506174	43713377	96	-0.8365
COPAL_p_TCGAb_337_338_339_NSP_GenomeWideSNP_6_D11_1373602	19	43713734	43756237	16	-1.8741
COPAL_p_TCGAb_337_338_339_NSP_GenomeWideSNP_6_D11_1373602	19	43766659	52131813	4155	5e-04
COPAL_p_TCGAb_337_338_339_NSP_GenomeWideSNP_6_D11_1373602	19	52142352	52148197	11	-0.6762
COPAL_p_TCGAb_337_338_339_NSP_GenomeWideSNP_6_D11_1373602	19	52154905	53333888	806	0.0026
COPAL_p_TCGAb_337_338_339_NSP_GenomeWideSNP_6_D11_1373602	19	53333903	53334165	2	-1.4303
COPAL_p_TCGAb_337_338_339_NSP_GenomeWideSNP_6_D11_1373602	19	53334728	56273057	1713	-0.016
COPAL_p_TCGAb_337_338_339_NSP_GenomeWideSNP_6_D11_1373602	19	56278050	56283067	6	0.7272
COPAL_p_TCGAb_337_338_339_NSP_GenomeWideSNP_6_D11_1373602	19	56286293	59097854	1841	-0.0129
COPAL_p_TCGAb_337_338_339_NSP_GenomeWideSNP_6_D11_1373602	20	61305	1552503	1182	0.0048
COPAL_p_TCGAb_337_338_339_NSP_GenomeWideSNP_6_D11_1373602	20	1557190	1560999	21	-0.5166
COPAL_p_TCGAb_337_338_339_NSP_GenomeWideSNP_6_D11_1373602	20	1561580	7940235	4770	0.0076
COPAL_p_TCGAb_337_338_339_NSP_GenomeWideSNP_6_D11_1373602	20	7940289	7940822	3	-1.1351
COPAL_p_TCGAb_337_338_339_NSP_GenomeWideSNP_6_D11_1373602	20	7942121	15307970	5631	0.006
COPAL_p_TCGAb_337_338_339_NSP_GenomeWideSNP_6_D11_1373602	20	15311370	15317978	17	-0.8734
COPAL_p_TCGAb_337_338_339_NSP_GenomeWideSNP_6_D11_1373602	20	15322091	38129469	12807	0.0019
COPAL_p_TCGAb_337_338_339_NSP_GenomeWideSNP_6_D11_1373602	20	38137274	38147213	10	-0.7098
COPAL_p_TCGAb_337_338_339_NSP_GenomeWideSNP_6_D11_1373602	20	38150561	38349497	196	0.0197
COPAL_p_TCGAb_337_338_339_NSP_GenomeWideSNP_6_D11_1373602	20	38350359	38354385	4	-1.0738
COPAL_p_TCGAb_337_338_339_NSP_GenomeWideSNP_6_D11_1373602	20	38356158	50103857	8324	7e-04
COPAL_p_TCGAb_337_338_339_NSP_GenomeWideSNP_6_D11_1373602	20	50104081	50104864	4	-1.1391
COPAL_p_TCGAb_337_338_339_NSP_GenomeWideSNP_6_D11_1373602	20	50107662	62956153	9363	-0.0027
COPAL_p_TCGAb_337_338_339_NSP_GenomeWideSNP_6_D11_1373602	21	10736871	48096957	24315	0.0028
COPAL_p_TCGAb_337_338_339_NSP_GenomeWideSNP_6_D11_1373602	22	16052528	36443675	13727	-0.0077
COPAL_p_TCGAb_337_338_339_NSP_GenomeWideSNP_6_D11_1373602	22	36444188	36445533	4	-1.0782
COPAL_p_TCGAb_337_338_339_NSP_GenomeWideSNP_6_D11_1373602	22	36445592	36570828	89	0.0166
COPAL_p_TCGAb_337_338_339_NSP_GenomeWideSNP_6_D11_1373602	22	36572515	36573930	4	-1.1152
COPAL_p_TCGAb_337_338_339_NSP_GenomeWideSNP_6_D11_1373602	22	36576940	36945181	245	-0.0242
COPAL_p_TCGAb_337_338_339_NSP_GenomeWideSNP_6_D11_1373602	22	36947624	36951324	4	-1.0648
COPAL_p_TCGAb_337_338_339_NSP_GenomeWideSNP_6_D11_1373602	22	36951363	45133340	4935	-0.0024
COPAL_p_TCGAb_337_338_339_NSP_GenomeWideSNP_6_D11_1373602	22	45135806	45136635	3	-2.9608
COPAL_p_TCGAb_337_338_339_NSP_GenomeWideSNP_6_D11_1373602	22	45136906	46945455	1163	-0.01
COPAL_p_TCGAb_337_338_339_NSP_GenomeWideSNP_6_D11_1373602	22	46948453	46951129	2	-1.4193
COPAL_p_TCGAb_337_338_339_NSP_GenomeWideSNP_6_D11_1373602	22	46953533	51234455	3294	-0.0182
COPAL_p_TCGAb_337_338_339_NSP_GenomeWideSNP_6_D11_1373602	X	168477	43736218	26877	0.0034
COPAL_p_TCGAb_337_338_339_NSP_GenomeWideSNP_6_D11_1373602	X	43737306	43738427	2	-1.9655
COPAL_p_TCGAb_337_338_339_NSP_GenomeWideSNP_6_D11_1373602	X	43740455	81379638	15469	9e-04
COPAL_p_TCGAb_337_338_339_NSP_GenomeWideSNP_6_D11_1373602	X	81396262	81412055	36	-0.5682
COPAL_p_TCGAb_337_338_339_NSP_GenomeWideSNP_6_D11_1373602	X	81412070	155182354	41904	-6e-04
COPAL_p_TCGAb_337_338_339_NSP_GenomeWideSNP_6_D11_1373602	Y	2650438	3255255	212	-2.2967
COPAL_p_TCGAb_337_338_339_NSP_GenomeWideSNP_6_D11_1373602	Y	3257144	5944602	590	-1.9777
COPAL_p_TCGAb_337_338_339_NSP_GenomeWideSNP_6_D11_1373602	Y	5944603	7835713	907	-2.5004
COPAL_p_TCGAb_337_338_339_NSP_GenomeWideSNP_6_D11_1373602	Y	7835840	7835847	2	-7.7959
COPAL_p_TCGAb_337_338_339_NSP_GenomeWideSNP_6_D11_1373602	Y	7836378	15590276	1865	-2.4775
COPAL_p_TCGAb_337_338_339_NSP_GenomeWideSNP_6_D11_1373602	Y	15590342	15594523	3	-6.9402
COPAL_p_TCGAb_337_338_339_NSP_GenomeWideSNP_6_D11_1373602	Y	15594889	19570632	2081	-2.5141
COPAL_p_TCGAb_337_338_339_NSP_GenomeWideSNP_6_D11_1373602	Y	19571480	21024613	673	-2.9598
COPAL_p_TCGAb_337_338_339_NSP_GenomeWideSNP_6_D11_1373602	Y	21025062	24516975	1280	-2.5462
COPAL_p_TCGAb_337_338_339_NSP_GenomeWideSNP_6_D11_1373602	Y	24525360	26218232	318	-3.0035
COPAL_p_TCGAb_337_338_339_NSP_GenomeWideSNP_6_D11_1373602	Y	26222820	26630929	90	-2.3579
COPAL_p_TCGAb_337_338_339_NSP_GenomeWideSNP_6_D11_1373602	Y	26631228	27274970	82	-3.349
COPAL_p_TCGAb_337_338_339_NSP_GenomeWideSNP_6_D11_1373602	Y	27298371	27718290	94	-2.3025
COPAL_p_TCGAb_337_338_339_NSP_GenomeWideSNP_6_D11_1373602	Y	27720551	28272116	195	-2.9358
COPAL_p_TCGAb_337_338_339_NSP_GenomeWideSNP_6_D11_1373602	Y	28277692	28322019	14	-4.3536
COPAL_p_TCGAb_337_338_339_NSP_GenomeWideSNP_6_D11_1373602	Y	28322083	28457337	51	-2.8819
COPAL_p_TCGAb_337_338_339_NSP_GenomeWideSNP_6_D11_1373602	Y	28458648	59018259	175	-2.2977
