Sample	Chromosome	Start	End	Num_Probes	Segment_Mean
COPAL_p_TCGAb_337_338_339_NSP_GenomeWideSNP_6_F06_1373718	1	61735	16943613	8709	0.2041
COPAL_p_TCGAb_337_338_339_NSP_GenomeWideSNP_6_F06_1373718	1	16943638	17048405	61	0.5657
COPAL_p_TCGAb_337_338_339_NSP_GenomeWideSNP_6_F06_1373718	1	17048479	25583291	5331	0.2027
COPAL_p_TCGAb_337_338_339_NSP_GenomeWideSNP_6_F06_1373718	1	25583341	25618931	17	-0.2587
COPAL_p_TCGAb_337_338_339_NSP_GenomeWideSNP_6_F06_1373718	1	25619040	29175052	1477	0.1889
COPAL_p_TCGAb_337_338_339_NSP_GenomeWideSNP_6_F06_1373718	1	29176213	29486882	123	-0.1571
COPAL_p_TCGAb_337_338_339_NSP_GenomeWideSNP_6_F06_1373718	1	29487070	41021036	6550	0.1942
COPAL_p_TCGAb_337_338_339_NSP_GenomeWideSNP_6_F06_1373718	1	41022076	41028210	4	-0.8303
COPAL_p_TCGAb_337_338_339_NSP_GenomeWideSNP_6_F06_1373718	1	41028926	72768498	20567	0.2109
COPAL_p_TCGAb_337_338_339_NSP_GenomeWideSNP_6_F06_1373718	1	72768916	72811148	46	-0.8585
COPAL_p_TCGAb_337_338_339_NSP_GenomeWideSNP_6_F06_1373718	1	72811904	106019205	20950	0.2227
COPAL_p_TCGAb_337_338_339_NSP_GenomeWideSNP_6_F06_1373718	1	106019236	106022375	16	-1.5271
COPAL_p_TCGAb_337_338_339_NSP_GenomeWideSNP_6_F06_1373718	1	106024055	109494147	2303	0.2214
COPAL_p_TCGAb_337_338_339_NSP_GenomeWideSNP_6_F06_1373718	1	109496854	109498145	15	-2.2147
COPAL_p_TCGAb_337_338_339_NSP_GenomeWideSNP_6_F06_1373718	1	109503656	110227500	341	0.2121
COPAL_p_TCGAb_337_338_339_NSP_GenomeWideSNP_6_F06_1373718	1	110227515	110246281	25	-0.43
COPAL_p_TCGAb_337_338_339_NSP_GenomeWideSNP_6_F06_1373718	1	110250235	110429022	125	0.205
COPAL_p_TCGAb_337_338_339_NSP_GenomeWideSNP_6_F06_1373718	1	110429114	110431020	2	-0.8703
COPAL_p_TCGAb_337_338_339_NSP_GenomeWideSNP_6_F06_1373718	1	110431422	114831965	3153	0.2255
COPAL_p_TCGAb_337_338_339_NSP_GenomeWideSNP_6_F06_1373718	1	114833626	114833710	2	-1.6613
COPAL_p_TCGAb_337_338_339_NSP_GenomeWideSNP_6_F06_1373718	1	114833802	144081043	3882	0.3981
COPAL_p_TCGAb_337_338_339_NSP_GenomeWideSNP_6_F06_1373718	1	144471986	144472001	2	1.6249
COPAL_p_TCGAb_337_338_339_NSP_GenomeWideSNP_6_F06_1373718	1	144527147	147420754	1022	0.5531
COPAL_p_TCGAb_337_338_339_NSP_GenomeWideSNP_6_F06_1373718	1	147478446	149739073	316	0.2121
COPAL_p_TCGAb_337_338_339_NSP_GenomeWideSNP_6_F06_1373718	1	149748542	152555527	1458	0.5968
COPAL_p_TCGAb_337_338_339_NSP_GenomeWideSNP_6_F06_1373718	1	152555706	152586238	31	1.2275
COPAL_p_TCGAb_337_338_339_NSP_GenomeWideSNP_6_F06_1373718	1	152586278	152759678	174	0.6377
COPAL_p_TCGAb_337_338_339_NSP_GenomeWideSNP_6_F06_1373718	1	152761923	152768259	32	1.1583
COPAL_p_TCGAb_337_338_339_NSP_GenomeWideSNP_6_F06_1373718	1	152768281	158959575	3671	0.6366
COPAL_p_TCGAb_337_338_339_NSP_GenomeWideSNP_6_F06_1373718	1	158962039	158962796	2	-1.221
COPAL_p_TCGAb_337_338_339_NSP_GenomeWideSNP_6_F06_1373718	1	158966864	161478993	1572	0.6663
COPAL_p_TCGAb_337_338_339_NSP_GenomeWideSNP_6_F06_1373718	1	161479438	161618820	34	0.0175
COPAL_p_TCGAb_337_338_339_NSP_GenomeWideSNP_6_F06_1373718	1	161618859	161619058	6	-1.1369
COPAL_p_TCGAb_337_338_339_NSP_GenomeWideSNP_6_F06_1373718	1	161621885	161638513	16	-0.2195
COPAL_p_TCGAb_337_338_339_NSP_GenomeWideSNP_6_F06_1373718	1	161648237	165182355	2807	0.6919
COPAL_p_TCGAb_337_338_339_NSP_GenomeWideSNP_6_F06_1373718	1	165186375	186471236	14512	0.3132
COPAL_p_TCGAb_337_338_339_NSP_GenomeWideSNP_6_F06_1373718	1	186471301	186499926	10	-0.2854
COPAL_p_TCGAb_337_338_339_NSP_GenomeWideSNP_6_F06_1373718	1	186502694	187292608	500	0.3217
COPAL_p_TCGAb_337_338_339_NSP_GenomeWideSNP_6_F06_1373718	1	187298367	187301085	5	-0.6452
COPAL_p_TCGAb_337_338_339_NSP_GenomeWideSNP_6_F06_1373718	1	187305285	195406447	5417	0.3244
COPAL_p_TCGAb_337_338_339_NSP_GenomeWideSNP_6_F06_1373718	1	195409705	195415745	5	-0.7599
COPAL_p_TCGAb_337_338_339_NSP_GenomeWideSNP_6_F06_1373718	1	195418922	196714873	844	0.3141
COPAL_p_TCGAb_337_338_339_NSP_GenomeWideSNP_6_F06_1373718	1	196727850	196732086	4	-1.2187
COPAL_p_TCGAb_337_338_339_NSP_GenomeWideSNP_6_F06_1373718	1	196738623	196758120	33	0.4088
COPAL_p_TCGAb_337_338_339_NSP_GenomeWideSNP_6_F06_1373718	1	196758149	196759288	4	-1.3616
COPAL_p_TCGAb_337_338_339_NSP_GenomeWideSNP_6_F06_1373718	1	196761820	196816730	56	-0.2331
COPAL_p_TCGAb_337_338_339_NSP_GenomeWideSNP_6_F06_1373718	1	196823317	196905159	63	-1.0438
COPAL_p_TCGAb_337_338_339_NSP_GenomeWideSNP_6_F06_1373718	1	196909645	210766998	9229	0.3177
COPAL_p_TCGAb_337_338_339_NSP_GenomeWideSNP_6_F06_1373718	1	210767105	210771400	2	-2.1723
COPAL_p_TCGAb_337_338_339_NSP_GenomeWideSNP_6_F06_1373718	1	210772442	240391740	20577	0.5047
COPAL_p_TCGAb_337_338_339_NSP_GenomeWideSNP_6_F06_1373718	1	240394015	240394139	6	-1.2712
COPAL_p_TCGAb_337_338_339_NSP_GenomeWideSNP_6_F06_1373718	1	240396105	248592872	5686	0.5036
COPAL_p_TCGAb_337_338_339_NSP_GenomeWideSNP_6_F06_1373718	1	248593241	248610056	7	-0.5148
COPAL_p_TCGAb_337_338_339_NSP_GenomeWideSNP_6_F06_1373718	1	248610507	248709670	31	0.5668
COPAL_p_TCGAb_337_338_339_NSP_GenomeWideSNP_6_F06_1373718	1	248713868	248737447	5	-0.4028
COPAL_p_TCGAb_337_338_339_NSP_GenomeWideSNP_6_F06_1373718	1	248749194	248797213	33	-1.5561
COPAL_p_TCGAb_337_338_339_NSP_GenomeWideSNP_6_F06_1373718	1	248805339	249224388	145	0.4523
COPAL_p_TCGAb_337_338_339_NSP_GenomeWideSNP_6_F06_1373718	2	12784	6300580	4688	0.2818
COPAL_p_TCGAb_337_338_339_NSP_GenomeWideSNP_6_F06_1373718	2	6300673	6307875	26	-0.5365
COPAL_p_TCGAb_337_338_339_NSP_GenomeWideSNP_6_F06_1373718	2	6310503	18163569	8803	0.2656
COPAL_p_TCGAb_337_338_339_NSP_GenomeWideSNP_6_F06_1373718	2	18173675	18193256	49	-0.524
COPAL_p_TCGAb_337_338_339_NSP_GenomeWideSNP_6_F06_1373718	2	18193264	35975973	11376	0.2646
COPAL_p_TCGAb_337_338_339_NSP_GenomeWideSNP_6_F06_1373718	2	35977790	35987916	6	-1.1735
COPAL_p_TCGAb_337_338_339_NSP_GenomeWideSNP_6_F06_1373718	2	35987947	52754500	12101	0.2607
COPAL_p_TCGAb_337_338_339_NSP_GenomeWideSNP_6_F06_1373718	2	52754561	52764255	15	-0.2302
COPAL_p_TCGAb_337_338_339_NSP_GenomeWideSNP_6_F06_1373718	2	52764475	52781295	14	-0.6204
COPAL_p_TCGAb_337_338_339_NSP_GenomeWideSNP_6_F06_1373718	2	52781326	52790140	10	-0.261
COPAL_p_TCGAb_337_338_339_NSP_GenomeWideSNP_6_F06_1373718	2	52790493	87396814	21947	0.3006
COPAL_p_TCGAb_337_338_339_NSP_GenomeWideSNP_6_F06_1373718	2	87398502	87875620	161	0.07
COPAL_p_TCGAb_337_338_339_NSP_GenomeWideSNP_6_F06_1373718	2	87878405	89327401	618	0.411
COPAL_p_TCGAb_337_338_339_NSP_GenomeWideSNP_6_F06_1373718	2	89337678	89394076	11	-0.1943
COPAL_p_TCGAb_337_338_339_NSP_GenomeWideSNP_6_F06_1373718	2	89399965	95334806	356	0.2871
COPAL_p_TCGAb_337_338_339_NSP_GenomeWideSNP_6_F06_1373718	2	95341388	96663611	406	-0.1501
COPAL_p_TCGAb_337_338_339_NSP_GenomeWideSNP_6_F06_1373718	2	96664037	96672678	5	0.6575
COPAL_p_TCGAb_337_338_339_NSP_GenomeWideSNP_6_F06_1373718	2	96677724	97854159	448	-0.1569
COPAL_p_TCGAb_337_338_339_NSP_GenomeWideSNP_6_F06_1373718	2	97857927	97898583	18	0.1862
COPAL_p_TCGAb_337_338_339_NSP_GenomeWideSNP_6_F06_1373718	2	97898653	98118212	22	-0.1707
COPAL_p_TCGAb_337_338_339_NSP_GenomeWideSNP_6_F06_1373718	2	98140747	98161710	8	-0.8264
COPAL_p_TCGAb_337_338_339_NSP_GenomeWideSNP_6_F06_1373718	2	98162189	106803045	5515	-0.1726
COPAL_p_TCGAb_337_338_339_NSP_GenomeWideSNP_6_F06_1373718	2	106805952	106806195	2	-1.6971
COPAL_p_TCGAb_337_338_339_NSP_GenomeWideSNP_6_F06_1373718	2	106806847	129638982	13474	-0.1595
COPAL_p_TCGAb_337_338_339_NSP_GenomeWideSNP_6_F06_1373718	2	129638997	129639236	6	-2.0882
COPAL_p_TCGAb_337_338_339_NSP_GenomeWideSNP_6_F06_1373718	2	129640297	130355506	575	-0.1365
COPAL_p_TCGAb_337_338_339_NSP_GenomeWideSNP_6_F06_1373718	2	130355930	130356209	2	-4.1823
COPAL_p_TCGAb_337_338_339_NSP_GenomeWideSNP_6_F06_1373718	2	130356527	132215697	747	-0.1429
COPAL_p_TCGAb_337_338_339_NSP_GenomeWideSNP_6_F06_1373718	2	132219583	132226368	7	-1.0328
COPAL_p_TCGAb_337_338_339_NSP_GenomeWideSNP_6_F06_1373718	2	132226792	141047451	5542	-0.1563
COPAL_p_TCGAb_337_338_339_NSP_GenomeWideSNP_6_F06_1373718	2	141049869	141049882	2	-1.6053
COPAL_p_TCGAb_337_338_339_NSP_GenomeWideSNP_6_F06_1373718	2	141056308	143310219	1527	-0.1442
COPAL_p_TCGAb_337_338_339_NSP_GenomeWideSNP_6_F06_1373718	2	143312375	143312679	2	-1.7961
COPAL_p_TCGAb_337_338_339_NSP_GenomeWideSNP_6_F06_1373718	2	143315190	146865183	2039	-0.1645
COPAL_p_TCGAb_337_338_339_NSP_GenomeWideSNP_6_F06_1373718	2	146865243	146866934	16	-1.5409
COPAL_p_TCGAb_337_338_339_NSP_GenomeWideSNP_6_F06_1373718	2	146877806	154150803	4401	-0.1612
COPAL_p_TCGAb_337_338_339_NSP_GenomeWideSNP_6_F06_1373718	2	154151468	154154347	5	-2.5238
COPAL_p_TCGAb_337_338_339_NSP_GenomeWideSNP_6_F06_1373718	2	154160443	169295151	8895	-0.146
COPAL_p_TCGAb_337_338_339_NSP_GenomeWideSNP_6_F06_1373718	2	169295677	169297081	4	-1.8224
COPAL_p_TCGAb_337_338_339_NSP_GenomeWideSNP_6_F06_1373718	2	169297966	172828841	2250	-0.1612
COPAL_p_TCGAb_337_338_339_NSP_GenomeWideSNP_6_F06_1373718	2	172834843	172837510	2	-1.7689
COPAL_p_TCGAb_337_338_339_NSP_GenomeWideSNP_6_F06_1373718	2	172840385	213385517	24487	-0.1416
COPAL_p_TCGAb_337_338_339_NSP_GenomeWideSNP_6_F06_1373718	2	213385622	213386075	2	-1.9312
COPAL_p_TCGAb_337_338_339_NSP_GenomeWideSNP_6_F06_1373718	2	213387563	237668351	15641	-0.1561
COPAL_p_TCGAb_337_338_339_NSP_GenomeWideSNP_6_F06_1373718	2	237672094	237803200	137	0.1838
COPAL_p_TCGAb_337_338_339_NSP_GenomeWideSNP_6_F06_1373718	2	237803300	243089456	3082	-0.183
COPAL_p_TCGAb_337_338_339_NSP_GenomeWideSNP_6_F06_1373718	3	60345	224602	155	-0.2161
COPAL_p_TCGAb_337_338_339_NSP_GenomeWideSNP_6_F06_1373718	3	230022	232800	4	-2.5544
COPAL_p_TCGAb_337_338_339_NSP_GenomeWideSNP_6_F06_1373718	3	234877	11640939	9486	-0.1418
COPAL_p_TCGAb_337_338_339_NSP_GenomeWideSNP_6_F06_1373718	3	11641535	11716871	67	-0.7159
COPAL_p_TCGAb_337_338_339_NSP_GenomeWideSNP_6_F06_1373718	3	11719050	11979988	211	-0.178
COPAL_p_TCGAb_337_338_339_NSP_GenomeWideSNP_6_F06_1373718	3	11980064	11986534	3	-1.8164
COPAL_p_TCGAb_337_338_339_NSP_GenomeWideSNP_6_F06_1373718	3	11986782	46793377	23151	-0.1372
COPAL_p_TCGAb_337_338_339_NSP_GenomeWideSNP_6_F06_1373718	3	46801817	46847616	38	-1.3378
COPAL_p_TCGAb_337_338_339_NSP_GenomeWideSNP_6_F06_1373718	3	46849179	62800458	10044	-0.1346
COPAL_p_TCGAb_337_338_339_NSP_GenomeWideSNP_6_F06_1373718	3	62801073	62801087	2	-2.3392
COPAL_p_TCGAb_337_338_339_NSP_GenomeWideSNP_6_F06_1373718	3	62802839	68746259	4455	-0.1169
COPAL_p_TCGAb_337_338_339_NSP_GenomeWideSNP_6_F06_1373718	3	68746284	68747413	13	-0.6342
COPAL_p_TCGAb_337_338_339_NSP_GenomeWideSNP_6_F06_1373718	3	68748758	72681317	2998	-0.138
COPAL_p_TCGAb_337_338_339_NSP_GenomeWideSNP_6_F06_1373718	3	72682319	86715104	8078	-0.4289
COPAL_p_TCGAb_337_338_339_NSP_GenomeWideSNP_6_F06_1373718	3	86717105	86717236	2	-2.9179
COPAL_p_TCGAb_337_338_339_NSP_GenomeWideSNP_6_F06_1373718	3	86721601	111177195	12122	-0.3149
COPAL_p_TCGAb_337_338_339_NSP_GenomeWideSNP_6_F06_1373718	3	111178700	111179339	2	-2.7738
COPAL_p_TCGAb_337_338_339_NSP_GenomeWideSNP_6_F06_1373718	3	111187042	129761124	11356	-0.2959
COPAL_p_TCGAb_337_338_339_NSP_GenomeWideSNP_6_F06_1373718	3	129762859	129806052	52	0.1191
COPAL_p_TCGAb_337_338_339_NSP_GenomeWideSNP_6_F06_1373718	3	129806236	135901782	3979	-0.1687
COPAL_p_TCGAb_337_338_339_NSP_GenomeWideSNP_6_F06_1373718	3	135910732	136344121	148	-0.6797
COPAL_p_TCGAb_337_338_339_NSP_GenomeWideSNP_6_F06_1373718	3	136349146	136392224	20	-0.2846
COPAL_p_TCGAb_337_338_339_NSP_GenomeWideSNP_6_F06_1373718	3	136395541	136424318	11	-0.9671
COPAL_p_TCGAb_337_338_339_NSP_GenomeWideSNP_6_F06_1373718	3	136427802	136473728	14	-0.1702
COPAL_p_TCGAb_337_338_339_NSP_GenomeWideSNP_6_F06_1373718	3	136475009	147233125	6649	0.3221
COPAL_p_TCGAb_337_338_339_NSP_GenomeWideSNP_6_F06_1373718	3	147238316	147238782	2	-1.7871
COPAL_p_TCGAb_337_338_339_NSP_GenomeWideSNP_6_F06_1373718	3	147241807	154599600	4606	0.3087
COPAL_p_TCGAb_337_338_339_NSP_GenomeWideSNP_6_F06_1373718	3	154621684	154628378	4	-1.2394
COPAL_p_TCGAb_337_338_339_NSP_GenomeWideSNP_6_F06_1373718	3	154640543	162512739	4793	0.3188
COPAL_p_TCGAb_337_338_339_NSP_GenomeWideSNP_6_F06_1373718	3	162513092	162625995	68	-1.2065
COPAL_p_TCGAb_337_338_339_NSP_GenomeWideSNP_6_F06_1373718	3	162626572	170233644	4388	0.3342
COPAL_p_TCGAb_337_338_339_NSP_GenomeWideSNP_6_F06_1373718	3	170242621	170242803	2	-1.4677
COPAL_p_TCGAb_337_338_339_NSP_GenomeWideSNP_6_F06_1373718	3	170242839	173308202	1999	0.3086
COPAL_p_TCGAb_337_338_339_NSP_GenomeWideSNP_6_F06_1373718	3	173308346	173308363	2	-2.6371
COPAL_p_TCGAb_337_338_339_NSP_GenomeWideSNP_6_F06_1373718	3	173311394	177271932	2619	0.1438
COPAL_p_TCGAb_337_338_339_NSP_GenomeWideSNP_6_F06_1373718	3	177274479	177275952	2	-1.2638
COPAL_p_TCGAb_337_338_339_NSP_GenomeWideSNP_6_F06_1373718	3	177276560	186406138	5385	0.2159
COPAL_p_TCGAb_337_338_339_NSP_GenomeWideSNP_6_F06_1373718	3	186412861	186417771	11	-1.9804
COPAL_p_TCGAb_337_338_339_NSP_GenomeWideSNP_6_F06_1373718	3	186421870	189230204	2096	0.3055
COPAL_p_TCGAb_337_338_339_NSP_GenomeWideSNP_6_F06_1373718	3	189232595	189232615	2	-1.755
COPAL_p_TCGAb_337_338_339_NSP_GenomeWideSNP_6_F06_1373718	3	189232641	194731251	3861	0.3216
COPAL_p_TCGAb_337_338_339_NSP_GenomeWideSNP_6_F06_1373718	3	194731909	194733075	3	-1.4879
COPAL_p_TCGAb_337_338_339_NSP_GenomeWideSNP_6_F06_1373718	3	194733965	195285898	238	0.3232
COPAL_p_TCGAb_337_338_339_NSP_GenomeWideSNP_6_F06_1373718	3	195383142	195455508	29	0.8491
COPAL_p_TCGAb_337_338_339_NSP_GenomeWideSNP_6_F06_1373718	3	195455861	197896118	1186	0.3436
COPAL_p_TCGAb_337_338_339_NSP_GenomeWideSNP_6_F06_1373718	4	12281	1778801	688	-0.1497
COPAL_p_TCGAb_337_338_339_NSP_GenomeWideSNP_6_F06_1373718	4	1792018	2512054	307	-0.6795
COPAL_p_TCGAb_337_338_339_NSP_GenomeWideSNP_6_F06_1373718	4	2516601	9456977	4217	-0.1697
COPAL_p_TCGAb_337_338_339_NSP_GenomeWideSNP_6_F06_1373718	4	9461230	9479345	9	0.6616
COPAL_p_TCGAb_337_338_339_NSP_GenomeWideSNP_6_F06_1373718	4	9486087	10210390	543	-0.1355
COPAL_p_TCGAb_337_338_339_NSP_GenomeWideSNP_6_F06_1373718	4	10214160	10231498	29	0.646
COPAL_p_TCGAb_337_338_339_NSP_GenomeWideSNP_6_F06_1373718	4	10234214	15109087	3926	-0.1534
COPAL_p_TCGAb_337_338_339_NSP_GenomeWideSNP_6_F06_1373718	4	15112646	15156051	41	-0.7363
COPAL_p_TCGAb_337_338_339_NSP_GenomeWideSNP_6_F06_1373718	4	15157287	15256184	60	-0.1522
COPAL_p_TCGAb_337_338_339_NSP_GenomeWideSNP_6_F06_1373718	4	15257488	15258385	3	-1.5556
COPAL_p_TCGAb_337_338_339_NSP_GenomeWideSNP_6_F06_1373718	4	15259036	34786990	12906	-0.1428
COPAL_p_TCGAb_337_338_339_NSP_GenomeWideSNP_6_F06_1373718	4	34787149	34829872	36	0.3205
COPAL_p_TCGAb_337_338_339_NSP_GenomeWideSNP_6_F06_1373718	4	34829913	54959599	10322	-0.1248
COPAL_p_TCGAb_337_338_339_NSP_GenomeWideSNP_6_F06_1373718	4	54960005	60278819	3655	0.4224
COPAL_p_TCGAb_337_338_339_NSP_GenomeWideSNP_6_F06_1373718	4	60290689	60294943	3	-1.5628
COPAL_p_TCGAb_337_338_339_NSP_GenomeWideSNP_6_F06_1373718	4	60298842	61117953	499	0.4662
COPAL_p_TCGAb_337_338_339_NSP_GenomeWideSNP_6_F06_1373718	4	61118870	63667834	1470	0.1493
COPAL_p_TCGAb_337_338_339_NSP_GenomeWideSNP_6_F06_1373718	4	63669936	63671662	8	-1.2694
COPAL_p_TCGAb_337_338_339_NSP_GenomeWideSNP_6_F06_1373718	4	63679630	69372003	3460	0.1592
COPAL_p_TCGAb_337_338_339_NSP_GenomeWideSNP_6_F06_1373718	4	69374941	69489335	66	-1.1559
COPAL_p_TCGAb_337_338_339_NSP_GenomeWideSNP_6_F06_1373718	4	69505115	69551744	8	-0.4152
COPAL_p_TCGAb_337_338_339_NSP_GenomeWideSNP_6_F06_1373718	4	69558271	79993822	6543	0.1151
COPAL_p_TCGAb_337_338_339_NSP_GenomeWideSNP_6_F06_1373718	4	79994037	80000781	2	-1.4159
COPAL_p_TCGAb_337_338_339_NSP_GenomeWideSNP_6_F06_1373718	4	80001710	83230102	1883	0.018
COPAL_p_TCGAb_337_338_339_NSP_GenomeWideSNP_6_F06_1373718	4	83233675	83234369	2	-0.998
COPAL_p_TCGAb_337_338_339_NSP_GenomeWideSNP_6_F06_1373718	4	83240703	83698586	291	0.0254
COPAL_p_TCGAb_337_338_339_NSP_GenomeWideSNP_6_F06_1373718	4	83699997	83836005	77	-0.335
COPAL_p_TCGAb_337_338_339_NSP_GenomeWideSNP_6_F06_1373718	4	83847983	86511213	1639	0.0383
COPAL_p_TCGAb_337_338_339_NSP_GenomeWideSNP_6_F06_1373718	4	86516364	94773240	4925	-0.2703
COPAL_p_TCGAb_337_338_339_NSP_GenomeWideSNP_6_F06_1373718	4	94778526	95557351	417	0.1634
COPAL_p_TCGAb_337_338_339_NSP_GenomeWideSNP_6_F06_1373718	4	95559083	98117615	1710	-0.4097
COPAL_p_TCGAb_337_338_339_NSP_GenomeWideSNP_6_F06_1373718	4	98119598	98119717	2	-1.8379
COPAL_p_TCGAb_337_338_339_NSP_GenomeWideSNP_6_F06_1373718	4	98121054	98970481	385	-0.3654
COPAL_p_TCGAb_337_338_339_NSP_GenomeWideSNP_6_F06_1373718	4	98979322	100995358	1164	-6e-04
COPAL_p_TCGAb_337_338_339_NSP_GenomeWideSNP_6_F06_1373718	4	100995816	115173700	8572	-0.4586
COPAL_p_TCGAb_337_338_339_NSP_GenomeWideSNP_6_F06_1373718	4	115175323	115193358	43	-0.9009
COPAL_p_TCGAb_337_338_339_NSP_GenomeWideSNP_6_F06_1373718	4	115193561	132295077	10067	-0.4765
COPAL_p_TCGAb_337_338_339_NSP_GenomeWideSNP_6_F06_1373718	4	132296445	132296495	2	-2.6243
COPAL_p_TCGAb_337_338_339_NSP_GenomeWideSNP_6_F06_1373718	4	132299016	161880141	17807	-0.6459
COPAL_p_TCGAb_337_338_339_NSP_GenomeWideSNP_6_F06_1373718	4	161880197	161884908	18	-1.5267
COPAL_p_TCGAb_337_338_339_NSP_GenomeWideSNP_6_F06_1373718	4	161884919	166929276	3268	-0.651
COPAL_p_TCGAb_337_338_339_NSP_GenomeWideSNP_6_F06_1373718	4	166929988	166930114	2	-2.4162
COPAL_p_TCGAb_337_338_339_NSP_GenomeWideSNP_6_F06_1373718	4	166931265	172987928	3769	-0.6409
COPAL_p_TCGAb_337_338_339_NSP_GenomeWideSNP_6_F06_1373718	4	172989148	172989533	12	0.0783
COPAL_p_TCGAb_337_338_339_NSP_GenomeWideSNP_6_F06_1373718	4	172995979	187842708	10006	-0.6669
COPAL_p_TCGAb_337_338_339_NSP_GenomeWideSNP_6_F06_1373718	4	187845588	187855418	6	-2.0593
COPAL_p_TCGAb_337_338_339_NSP_GenomeWideSNP_6_F06_1373718	4	187857192	191027923	2046	-0.6612
COPAL_p_TCGAb_337_338_339_NSP_GenomeWideSNP_6_F06_1373718	5	15532	698505	309	0.0101
COPAL_p_TCGAb_337_338_339_NSP_GenomeWideSNP_6_F06_1373718	5	717379	722205	5	-1.2028
COPAL_p_TCGAb_337_338_339_NSP_GenomeWideSNP_6_F06_1373718	5	722396	8702114	6618	-0.0237
COPAL_p_TCGAb_337_338_339_NSP_GenomeWideSNP_6_F06_1373718	5	8702240	8747142	48	-1.1033
COPAL_p_TCGAb_337_338_339_NSP_GenomeWideSNP_6_F06_1373718	5	8749731	11161625	2106	-0.016
COPAL_p_TCGAb_337_338_339_NSP_GenomeWideSNP_6_F06_1373718	5	11162636	11162771	3	-1.2361
COPAL_p_TCGAb_337_338_339_NSP_GenomeWideSNP_6_F06_1373718	5	11167277	19604059	5558	-0.0112
COPAL_p_TCGAb_337_338_339_NSP_GenomeWideSNP_6_F06_1373718	5	19604072	54335643	19122	-0.3096
COPAL_p_TCGAb_337_338_339_NSP_GenomeWideSNP_6_F06_1373718	5	54338818	54340718	2	-1.8268
COPAL_p_TCGAb_337_338_339_NSP_GenomeWideSNP_6_F06_1373718	5	54341347	57321646	1954	-0.4581
COPAL_p_TCGAb_337_338_339_NSP_GenomeWideSNP_6_F06_1373718	5	57326027	57332331	23	0.0062
COPAL_p_TCGAb_337_338_339_NSP_GenomeWideSNP_6_F06_1373718	5	57332397	57956826	451	-0.4598
COPAL_p_TCGAb_337_338_339_NSP_GenomeWideSNP_6_F06_1373718	5	57956843	57959132	23	-1.6372
COPAL_p_TCGAb_337_338_339_NSP_GenomeWideSNP_6_F06_1373718	5	57959692	58059964	75	-0.4517
COPAL_p_TCGAb_337_338_339_NSP_GenomeWideSNP_6_F06_1373718	5	58061302	58062906	3	-2.0304
COPAL_p_TCGAb_337_338_339_NSP_GenomeWideSNP_6_F06_1373718	5	58063494	58753869	593	-0.465
COPAL_p_TCGAb_337_338_339_NSP_GenomeWideSNP_6_F06_1373718	5	58754293	58756590	6	-1.5457
COPAL_p_TCGAb_337_338_339_NSP_GenomeWideSNP_6_F06_1373718	5	58757871	68829347	6115	-0.3217
COPAL_p_TCGAb_337_338_339_NSP_GenomeWideSNP_6_F06_1373718	5	68846303	69233444	8	0.5582
COPAL_p_TCGAb_337_338_339_NSP_GenomeWideSNP_6_F06_1373718	5	69313673	83756064	8313	-0.464
COPAL_p_TCGAb_337_338_339_NSP_GenomeWideSNP_6_F06_1373718	5	83759122	83777779	10	0.2471
COPAL_p_TCGAb_337_338_339_NSP_GenomeWideSNP_6_F06_1373718	5	83779121	112988267	17234	-0.3355
COPAL_p_TCGAb_337_338_339_NSP_GenomeWideSNP_6_F06_1373718	5	112988841	112991814	3	-1.7455
COPAL_p_TCGAb_337_338_339_NSP_GenomeWideSNP_6_F06_1373718	5	112992109	129470099	10958	-0.101
COPAL_p_TCGAb_337_338_339_NSP_GenomeWideSNP_6_F06_1373718	5	129470479	129470840	3	-1.6332
COPAL_p_TCGAb_337_338_339_NSP_GenomeWideSNP_6_F06_1373718	5	129471117	141923056	7061	-0.0102
COPAL_p_TCGAb_337_338_339_NSP_GenomeWideSNP_6_F06_1373718	5	141923700	150202205	5555	-0.6483
COPAL_p_TCGAb_337_338_339_NSP_GenomeWideSNP_6_F06_1373718	5	150205500	150218604	8	-1.6789
COPAL_p_TCGAb_337_338_339_NSP_GenomeWideSNP_6_F06_1373718	5	150223387	168147260	12158	-0.644
COPAL_p_TCGAb_337_338_339_NSP_GenomeWideSNP_6_F06_1373718	5	168147329	168152309	3	-2.395
COPAL_p_TCGAb_337_338_339_NSP_GenomeWideSNP_6_F06_1373718	5	168152560	169300129	992	-0.6864
COPAL_p_TCGAb_337_338_339_NSP_GenomeWideSNP_6_F06_1373718	5	169304372	178107822	5658	0.1185
COPAL_p_TCGAb_337_338_339_NSP_GenomeWideSNP_6_F06_1373718	5	178109975	178113163	3	-1.4892
COPAL_p_TCGAb_337_338_339_NSP_GenomeWideSNP_6_F06_1373718	5	178118855	180790320	1546	-0.0391
COPAL_p_TCGAb_337_338_339_NSP_GenomeWideSNP_6_F06_1373718	6	149661	5024363	3994	0.0485
COPAL_p_TCGAb_337_338_339_NSP_GenomeWideSNP_6_F06_1373718	6	5024970	5947139	772	1.2433
COPAL_p_TCGAb_337_338_339_NSP_GenomeWideSNP_6_F06_1373718	6	5947883	6026211	69	-0.1792
COPAL_p_TCGAb_337_338_339_NSP_GenomeWideSNP_6_F06_1373718	6	6033931	6034436	3	-1.9504
COPAL_p_TCGAb_337_338_339_NSP_GenomeWideSNP_6_F06_1373718	6	6037045	7641492	1350	-0.1382
COPAL_p_TCGAb_337_338_339_NSP_GenomeWideSNP_6_F06_1373718	6	7642509	8163756	451	1.3616
COPAL_p_TCGAb_337_338_339_NSP_GenomeWideSNP_6_F06_1373718	6	8173453	8683759	365	1.1142
COPAL_p_TCGAb_337_338_339_NSP_GenomeWideSNP_6_F06_1373718	6	8686578	8686665	2	-0.3947
COPAL_p_TCGAb_337_338_339_NSP_GenomeWideSNP_6_F06_1373718	6	8692416	9773693	732	1.4003
COPAL_p_TCGAb_337_338_339_NSP_GenomeWideSNP_6_F06_1373718	6	9774694	10069880	234	1.0005
COPAL_p_TCGAb_337_338_339_NSP_GenomeWideSNP_6_F06_1373718	6	10072443	10323734	229	1.3553
COPAL_p_TCGAb_337_338_339_NSP_GenomeWideSNP_6_F06_1373718	6	10327498	10805207	310	0.201
COPAL_p_TCGAb_337_338_339_NSP_GenomeWideSNP_6_F06_1373718	6	10808508	11119433	211	0.6511
COPAL_p_TCGAb_337_338_339_NSP_GenomeWideSNP_6_F06_1373718	6	11121339	13031525	1528	-0.1522
COPAL_p_TCGAb_337_338_339_NSP_GenomeWideSNP_6_F06_1373718	6	13033316	13035947	3	1.1056
COPAL_p_TCGAb_337_338_339_NSP_GenomeWideSNP_6_F06_1373718	6	13036202	13140654	83	1.7094
COPAL_p_TCGAb_337_338_339_NSP_GenomeWideSNP_6_F06_1373718	6	13142226	13634681	430	1.263
COPAL_p_TCGAb_337_338_339_NSP_GenomeWideSNP_6_F06_1373718	6	13635273	17076031	2583	0.9596
COPAL_p_TCGAb_337_338_339_NSP_GenomeWideSNP_6_F06_1373718	6	17076207	17080840	5	0.2816
COPAL_p_TCGAb_337_338_339_NSP_GenomeWideSNP_6_F06_1373718	6	17081288	18225301	674	1.0212
COPAL_p_TCGAb_337_338_339_NSP_GenomeWideSNP_6_F06_1373718	6	18226701	18234535	10	0.4029
COPAL_p_TCGAb_337_338_339_NSP_GenomeWideSNP_6_F06_1373718	6	18237661	18267095	66	0.9477
COPAL_p_TCGAb_337_338_339_NSP_GenomeWideSNP_6_F06_1373718	6	18267401	18578387	258	1.3117
COPAL_p_TCGAb_337_338_339_NSP_GenomeWideSNP_6_F06_1373718	6	18578414	18920029	258	1.6345
COPAL_p_TCGAb_337_338_339_NSP_GenomeWideSNP_6_F06_1373718	6	18921318	19040119	112	1.3949
COPAL_p_TCGAb_337_338_339_NSP_GenomeWideSNP_6_F06_1373718	6	19042181	19044898	9	-0.2583
COPAL_p_TCGAb_337_338_339_NSP_GenomeWideSNP_6_F06_1373718	6	19050742	20852552	1312	1.4168
COPAL_p_TCGAb_337_338_339_NSP_GenomeWideSNP_6_F06_1373718	6	20854566	26739008	4149	0.0267
COPAL_p_TCGAb_337_338_339_NSP_GenomeWideSNP_6_F06_1373718	6	26739025	26758030	10	0.8035
COPAL_p_TCGAb_337_338_339_NSP_GenomeWideSNP_6_F06_1373718	6	26762387	26762572	2	-1.1322
COPAL_p_TCGAb_337_338_339_NSP_GenomeWideSNP_6_F06_1373718	6	26762638	29837072	1439	0.1326
COPAL_p_TCGAb_337_338_339_NSP_GenomeWideSNP_6_F06_1373718	6	29837187	29849267	16	-0.7782
COPAL_p_TCGAb_337_338_339_NSP_GenomeWideSNP_6_F06_1373718	6	29850196	32501299	1198	0.1783
COPAL_p_TCGAb_337_338_339_NSP_GenomeWideSNP_6_F06_1373718	6	32508476	32509476	3	-1.4789
COPAL_p_TCGAb_337_338_339_NSP_GenomeWideSNP_6_F06_1373718	6	32516928	32689503	89	0.0745
COPAL_p_TCGAb_337_338_339_NSP_GenomeWideSNP_6_F06_1373718	6	32689529	32870057	134	0.3704
COPAL_p_TCGAb_337_338_339_NSP_GenomeWideSNP_6_F06_1373718	6	32871536	36024634	1723	0.1467
COPAL_p_TCGAb_337_338_339_NSP_GenomeWideSNP_6_F06_1373718	6	36025303	43038195	4757	0.5611
COPAL_p_TCGAb_337_338_339_NSP_GenomeWideSNP_6_F06_1373718	6	43038591	43038774	4	-0.2013
COPAL_p_TCGAb_337_338_339_NSP_GenomeWideSNP_6_F06_1373718	6	43038927	43925526	466	0.4294
COPAL_p_TCGAb_337_338_339_NSP_GenomeWideSNP_6_F06_1373718	6	43936661	43936729	2	1.6868
COPAL_p_TCGAb_337_338_339_NSP_GenomeWideSNP_6_F06_1373718	6	43937518	46084929	1403	0.6203
COPAL_p_TCGAb_337_338_339_NSP_GenomeWideSNP_6_F06_1373718	6	46093421	46112372	18	1.0389
COPAL_p_TCGAb_337_338_339_NSP_GenomeWideSNP_6_F06_1373718	6	46112389	46304002	115	0.6026
COPAL_p_TCGAb_337_338_339_NSP_GenomeWideSNP_6_F06_1373718	6	46304015	46375821	47	1.0734
COPAL_p_TCGAb_337_338_339_NSP_GenomeWideSNP_6_F06_1373718	6	46376414	47746982	1009	0.7278
COPAL_p_TCGAb_337_338_339_NSP_GenomeWideSNP_6_F06_1373718	6	47753306	48657946	485	1.0646
COPAL_p_TCGAb_337_338_339_NSP_GenomeWideSNP_6_F06_1373718	6	48660713	52624027	2495	-0.0488
COPAL_p_TCGAb_337_338_339_NSP_GenomeWideSNP_6_F06_1373718	6	52624070	52626269	5	-1.4845
COPAL_p_TCGAb_337_338_339_NSP_GenomeWideSNP_6_F06_1373718	6	52626572	74591858	11477	0.0673
COPAL_p_TCGAb_337_338_339_NSP_GenomeWideSNP_6_F06_1373718	6	74592225	74601410	10	0.6125
COPAL_p_TCGAb_337_338_339_NSP_GenomeWideSNP_6_F06_1373718	6	74603555	75533452	607	0.0027
COPAL_p_TCGAb_337_338_339_NSP_GenomeWideSNP_6_F06_1373718	6	75533465	75533512	2	-1.4901
COPAL_p_TCGAb_337_338_339_NSP_GenomeWideSNP_6_F06_1373718	6	75534180	75539142	6	0.5879
COPAL_p_TCGAb_337_338_339_NSP_GenomeWideSNP_6_F06_1373718	6	75539518	75571358	32	0.0042
COPAL_p_TCGAb_337_338_339_NSP_GenomeWideSNP_6_F06_1373718	6	75575671	75576145	3	-0.6527
COPAL_p_TCGAb_337_338_339_NSP_GenomeWideSNP_6_F06_1373718	6	75577097	75785679	125	-0.0302
COPAL_p_TCGAb_337_338_339_NSP_GenomeWideSNP_6_F06_1373718	6	75786040	76246361	275	0.772
COPAL_p_TCGAb_337_338_339_NSP_GenomeWideSNP_6_F06_1373718	6	76246999	76930833	365	-8e-04
COPAL_p_TCGAb_337_338_339_NSP_GenomeWideSNP_6_F06_1373718	6	76932770	76933234	2	-1.1972
COPAL_p_TCGAb_337_338_339_NSP_GenomeWideSNP_6_F06_1373718	6	76933416	77436532	348	0.0237
COPAL_p_TCGAb_337_338_339_NSP_GenomeWideSNP_6_F06_1373718	6	77439868	77452382	15	-1.0001
COPAL_p_TCGAb_337_338_339_NSP_GenomeWideSNP_6_F06_1373718	6	77452392	78879512	919	7e-04
COPAL_p_TCGAb_337_338_339_NSP_GenomeWideSNP_6_F06_1373718	6	78881451	78898515	7	-1.3667
COPAL_p_TCGAb_337_338_339_NSP_GenomeWideSNP_6_F06_1373718	6	78900020	84457083	3582	0.0101
COPAL_p_TCGAb_337_338_339_NSP_GenomeWideSNP_6_F06_1373718	6	84459617	90385847	3650	0.9979
COPAL_p_TCGAb_337_338_339_NSP_GenomeWideSNP_6_F06_1373718	6	90387233	93574342	2143	-0.1424
COPAL_p_TCGAb_337_338_339_NSP_GenomeWideSNP_6_F06_1373718	6	93575866	93578630	31	-1.5076
COPAL_p_TCGAb_337_338_339_NSP_GenomeWideSNP_6_F06_1373718	6	93582923	100462386	4295	-0.1401
COPAL_p_TCGAb_337_338_339_NSP_GenomeWideSNP_6_F06_1373718	6	100467829	100537463	30	1.1468
COPAL_p_TCGAb_337_338_339_NSP_GenomeWideSNP_6_F06_1373718	6	100538294	100586479	21	-0.1775
COPAL_p_TCGAb_337_338_339_NSP_GenomeWideSNP_6_F06_1373718	6	100592197	101781684	663	1.2326
COPAL_p_TCGAb_337_338_339_NSP_GenomeWideSNP_6_F06_1373718	6	101782434	103730493	1177	-0.1368
COPAL_p_TCGAb_337_338_339_NSP_GenomeWideSNP_6_F06_1373718	6	103730553	103762061	53	0.2719
COPAL_p_TCGAb_337_338_339_NSP_GenomeWideSNP_6_F06_1373718	6	103765470	103905576	117	-0.114
COPAL_p_TCGAb_337_338_339_NSP_GenomeWideSNP_6_F06_1373718	6	103912336	105493687	939	1.229
COPAL_p_TCGAb_337_338_339_NSP_GenomeWideSNP_6_F06_1373718	6	105504876	108701250	2116	-0.1095
COPAL_p_TCGAb_337_338_339_NSP_GenomeWideSNP_6_F06_1373718	6	108707038	108792544	22	1.2812
COPAL_p_TCGAb_337_338_339_NSP_GenomeWideSNP_6_F06_1373718	6	108797206	111335316	1573	-9e-04
COPAL_p_TCGAb_337_338_339_NSP_GenomeWideSNP_6_F06_1373718	6	111342629	111417696	43	0.8482
COPAL_p_TCGAb_337_338_339_NSP_GenomeWideSNP_6_F06_1373718	6	111421366	111479523	28	1.1449
COPAL_p_TCGAb_337_338_339_NSP_GenomeWideSNP_6_F06_1373718	6	111480395	113234592	1114	0.8477
COPAL_p_TCGAb_337_338_339_NSP_GenomeWideSNP_6_F06_1373718	6	113235094	113457727	136	0.5393
COPAL_p_TCGAb_337_338_339_NSP_GenomeWideSNP_6_F06_1373718	6	113464341	114123248	477	0.8326
COPAL_p_TCGAb_337_338_339_NSP_GenomeWideSNP_6_F06_1373718	6	114124489	114985513	517	1.0593
COPAL_p_TCGAb_337_338_339_NSP_GenomeWideSNP_6_F06_1373718	6	114988572	115379075	196	0.1558
COPAL_p_TCGAb_337_338_339_NSP_GenomeWideSNP_6_F06_1373718	6	115379160	115407973	3	-0.9569
COPAL_p_TCGAb_337_338_339_NSP_GenomeWideSNP_6_F06_1373718	6	115408571	123185856	4499	0.013
COPAL_p_TCGAb_337_338_339_NSP_GenomeWideSNP_6_F06_1373718	6	123189192	123189391	3	-1.3017
COPAL_p_TCGAb_337_338_339_NSP_GenomeWideSNP_6_F06_1373718	6	123189470	125946593	1891	-0.1258
COPAL_p_TCGAb_337_338_339_NSP_GenomeWideSNP_6_F06_1373718	6	125948785	125953509	4	0.5107
COPAL_p_TCGAb_337_338_339_NSP_GenomeWideSNP_6_F06_1373718	6	125953819	126183692	152	0.0654
COPAL_p_TCGAb_337_338_339_NSP_GenomeWideSNP_6_F06_1373718	6	126186194	126188893	3	-1.1474
COPAL_p_TCGAb_337_338_339_NSP_GenomeWideSNP_6_F06_1373718	6	126189659	131929376	3538	-0.1028
COPAL_p_TCGAb_337_338_339_NSP_GenomeWideSNP_6_F06_1373718	6	131932670	132144366	115	0.6032
COPAL_p_TCGAb_337_338_339_NSP_GenomeWideSNP_6_F06_1373718	6	132149074	134379869	1575	-0.1467
COPAL_p_TCGAb_337_338_339_NSP_GenomeWideSNP_6_F06_1373718	6	134383724	135585970	891	1.3692
COPAL_p_TCGAb_337_338_339_NSP_GenomeWideSNP_6_F06_1373718	6	135587619	140904368	3439	-0.1627
COPAL_p_TCGAb_337_338_339_NSP_GenomeWideSNP_6_F06_1373718	6	140908588	141263564	174	1.2183
COPAL_p_TCGAb_337_338_339_NSP_GenomeWideSNP_6_F06_1373718	6	141267021	147405624	3835	-0.1114
COPAL_p_TCGAb_337_338_339_NSP_GenomeWideSNP_6_F06_1373718	6	147408126	147408639	2	-1.9065
COPAL_p_TCGAb_337_338_339_NSP_GenomeWideSNP_6_F06_1373718	6	147408980	155912754	6073	-0.1609
COPAL_p_TCGAb_337_338_339_NSP_GenomeWideSNP_6_F06_1373718	6	155919119	155919175	2	-2.0265
COPAL_p_TCGAb_337_338_339_NSP_GenomeWideSNP_6_F06_1373718	6	155922030	156867496	728	-0.1476
COPAL_p_TCGAb_337_338_339_NSP_GenomeWideSNP_6_F06_1373718	6	156868110	160814958	2412	-0.7046
COPAL_p_TCGAb_337_338_339_NSP_GenomeWideSNP_6_F06_1373718	6	160816014	160817188	3	-2.3528
COPAL_p_TCGAb_337_338_339_NSP_GenomeWideSNP_6_F06_1373718	6	160819416	161260287	307	-0.6621
COPAL_p_TCGAb_337_338_339_NSP_GenomeWideSNP_6_F06_1373718	6	161280325	167598444	4972	-0.1598
COPAL_p_TCGAb_337_338_339_NSP_GenomeWideSNP_6_F06_1373718	6	167598809	167601348	3	-2.4436
COPAL_p_TCGAb_337_338_339_NSP_GenomeWideSNP_6_F06_1373718	6	167607596	171051005	2113	-0.1482
COPAL_p_TCGAb_337_338_339_NSP_GenomeWideSNP_6_F06_1373718	7	43355	17113101	11760	0.1308
COPAL_p_TCGAb_337_338_339_NSP_GenomeWideSNP_6_F06_1373718	7	17113102	17233853	98	-0.9685
COPAL_p_TCGAb_337_338_339_NSP_GenomeWideSNP_6_F06_1373718	7	17235400	75864024	34942	0.1604
COPAL_p_TCGAb_337_338_339_NSP_GenomeWideSNP_6_F06_1373718	7	75866271	75871480	3	-2.5536
COPAL_p_TCGAb_337_338_339_NSP_GenomeWideSNP_6_F06_1373718	7	75873894	79469544	2299	0.2482
COPAL_p_TCGAb_337_338_339_NSP_GenomeWideSNP_6_F06_1373718	7	79478962	79480150	2	-1.2658
COPAL_p_TCGAb_337_338_339_NSP_GenomeWideSNP_6_F06_1373718	7	79483530	81723905	1503	0.2555
COPAL_p_TCGAb_337_338_339_NSP_GenomeWideSNP_6_F06_1373718	7	81726926	81726963	2	-2.1507
COPAL_p_TCGAb_337_338_339_NSP_GenomeWideSNP_6_F06_1373718	7	81727561	101118817	11494	0.2386
COPAL_p_TCGAb_337_338_339_NSP_GenomeWideSNP_6_F06_1373718	7	101120527	101122717	2	-1.0857
COPAL_p_TCGAb_337_338_339_NSP_GenomeWideSNP_6_F06_1373718	7	101123427	102089969	459	0.2122
COPAL_p_TCGAb_337_338_339_NSP_GenomeWideSNP_6_F06_1373718	7	102091735	102349185	28	0.3945
COPAL_p_TCGAb_337_338_339_NSP_GenomeWideSNP_6_F06_1373718	7	102355428	102358404	14	-0.6754
COPAL_p_TCGAb_337_338_339_NSP_GenomeWideSNP_6_F06_1373718	7	102373011	110427519	5222	0.2451
COPAL_p_TCGAb_337_338_339_NSP_GenomeWideSNP_6_F06_1373718	7	110428932	110432494	7	-0.9046
COPAL_p_TCGAb_337_338_339_NSP_GenomeWideSNP_6_F06_1373718	7	110432527	111048579	393	0.241
COPAL_p_TCGAb_337_338_339_NSP_GenomeWideSNP_6_F06_1373718	7	111049731	111077582	30	-0.1589
COPAL_p_TCGAb_337_338_339_NSP_GenomeWideSNP_6_F06_1373718	7	111077709	111082841	8	-0.6015
COPAL_p_TCGAb_337_338_339_NSP_GenomeWideSNP_6_F06_1373718	7	111092464	126776462	9428	0.2426
COPAL_p_TCGAb_337_338_339_NSP_GenomeWideSNP_6_F06_1373718	7	126776475	126776899	7	-0.7321
COPAL_p_TCGAb_337_338_339_NSP_GenomeWideSNP_6_F06_1373718	7	126785856	133778468	4159	0.2395
COPAL_p_TCGAb_337_338_339_NSP_GenomeWideSNP_6_F06_1373718	7	133778637	133786943	18	0.8385
COPAL_p_TCGAb_337_338_339_NSP_GenomeWideSNP_6_F06_1373718	7	133787087	133789997	8	0.3214
COPAL_p_TCGAb_337_338_339_NSP_GenomeWideSNP_6_F06_1373718	7	133790011	133790443	3	1.0936
COPAL_p_TCGAb_337_338_339_NSP_GenomeWideSNP_6_F06_1373718	7	133795634	143734505	6459	0.2386
COPAL_p_TCGAb_337_338_339_NSP_GenomeWideSNP_6_F06_1373718	7	143737521	143742095	6	-0.991
COPAL_p_TCGAb_337_338_339_NSP_GenomeWideSNP_6_F06_1373718	7	143744004	159127004	9791	0.2356
COPAL_p_TCGAb_337_338_339_NSP_GenomeWideSNP_6_F06_1373718	8	31254	2112514	1536	0.0606
COPAL_p_TCGAb_337_338_339_NSP_GenomeWideSNP_6_F06_1373718	8	2112608	2124818	23	-1.523
COPAL_p_TCGAb_337_338_339_NSP_GenomeWideSNP_6_F06_1373718	8	2125566	3476327	1399	0.1141
COPAL_p_TCGAb_337_338_339_NSP_GenomeWideSNP_6_F06_1373718	8	3479419	3479784	4	-1.4151
COPAL_p_TCGAb_337_338_339_NSP_GenomeWideSNP_6_F06_1373718	8	3479964	5454376	2897	0.0892
COPAL_p_TCGAb_337_338_339_NSP_GenomeWideSNP_6_F06_1373718	8	5459014	5460166	5	-1.2224
COPAL_p_TCGAb_337_338_339_NSP_GenomeWideSNP_6_F06_1373718	8	5460278	7186646	1934	0.0226
COPAL_p_TCGAb_337_338_339_NSP_GenomeWideSNP_6_F06_1373718	8	7193821	7838543	181	0.2835
COPAL_p_TCGAb_337_338_339_NSP_GenomeWideSNP_6_F06_1373718	8	7838573	8385797	348	0.0486
COPAL_p_TCGAb_337_338_339_NSP_GenomeWideSNP_6_F06_1373718	8	8386150	8386442	4	-1.3719
COPAL_p_TCGAb_337_338_339_NSP_GenomeWideSNP_6_F06_1373718	8	8388307	12162739	2927	0.0354
COPAL_p_TCGAb_337_338_339_NSP_GenomeWideSNP_6_F06_1373718	8	12162782	12260927	47	0.5477
COPAL_p_TCGAb_337_338_339_NSP_GenomeWideSNP_6_F06_1373718	8	12260973	14116281	1604	0.037
COPAL_p_TCGAb_337_338_339_NSP_GenomeWideSNP_6_F06_1373718	8	14121592	14123714	2	-1.6358
COPAL_p_TCGAb_337_338_339_NSP_GenomeWideSNP_6_F06_1373718	8	14123959	14506804	402	0.0557
COPAL_p_TCGAb_337_338_339_NSP_GenomeWideSNP_6_F06_1373718	8	14508908	14515208	35	-1.0407
COPAL_p_TCGAb_337_338_339_NSP_GenomeWideSNP_6_F06_1373718	8	14517219	16686420	1882	0.1543
COPAL_p_TCGAb_337_338_339_NSP_GenomeWideSNP_6_F06_1373718	8	16686563	16688967	4	-0.2926
COPAL_p_TCGAb_337_338_339_NSP_GenomeWideSNP_6_F06_1373718	8	16689396	19507670	2573	0.1287
COPAL_p_TCGAb_337_338_339_NSP_GenomeWideSNP_6_F06_1373718	8	19508052	19508066	2	-1.1995
COPAL_p_TCGAb_337_338_339_NSP_GenomeWideSNP_6_F06_1373718	8	19508539	21970645	2004	0.0786
COPAL_p_TCGAb_337_338_339_NSP_GenomeWideSNP_6_F06_1373718	8	21975414	24971952	1932	-0.1662
COPAL_p_TCGAb_337_338_339_NSP_GenomeWideSNP_6_F06_1373718	8	24972187	24984223	26	0.2492
COPAL_p_TCGAb_337_338_339_NSP_GenomeWideSNP_6_F06_1373718	8	24984250	32678866	5411	-0.1794
COPAL_p_TCGAb_337_338_339_NSP_GenomeWideSNP_6_F06_1373718	8	32683098	32688413	8	1.0719
COPAL_p_TCGAb_337_338_339_NSP_GenomeWideSNP_6_F06_1373718	8	32692106	32692370	5	-1.0668
COPAL_p_TCGAb_337_338_339_NSP_GenomeWideSNP_6_F06_1373718	8	32695789	37387915	2675	-0.1791
COPAL_p_TCGAb_337_338_339_NSP_GenomeWideSNP_6_F06_1373718	8	37389985	37396693	5	-1.1061
COPAL_p_TCGAb_337_338_339_NSP_GenomeWideSNP_6_F06_1373718	8	37397702	39256061	885	-0.0741
COPAL_p_TCGAb_337_338_339_NSP_GenomeWideSNP_6_F06_1373718	8	39256501	39362929	41	0.3288
COPAL_p_TCGAb_337_338_339_NSP_GenomeWideSNP_6_F06_1373718	8	39362946	40279489	706	-0.0362
COPAL_p_TCGAb_337_338_339_NSP_GenomeWideSNP_6_F06_1373718	8	40281397	42360991	1400	0.5035
COPAL_p_TCGAb_337_338_339_NSP_GenomeWideSNP_6_F06_1373718	8	42361438	46912027	494	0.2301
COPAL_p_TCGAb_337_338_339_NSP_GenomeWideSNP_6_F06_1373718	8	46912314	70952739	14581	0.6281
COPAL_p_TCGAb_337_338_339_NSP_GenomeWideSNP_6_F06_1373718	8	70953927	70963432	18	0.1367
COPAL_p_TCGAb_337_338_339_NSP_GenomeWideSNP_6_F06_1373718	8	70964372	120152010	29707	0.6541
COPAL_p_TCGAb_337_338_339_NSP_GenomeWideSNP_6_F06_1373718	8	120154784	120162854	5	-0.3686
COPAL_p_TCGAb_337_338_339_NSP_GenomeWideSNP_6_F06_1373718	8	120163725	121813189	1061	0.634
COPAL_p_TCGAb_337_338_339_NSP_GenomeWideSNP_6_F06_1373718	8	121814813	121815232	3	-0.5843
COPAL_p_TCGAb_337_338_339_NSP_GenomeWideSNP_6_F06_1373718	8	121818123	143127524	15696	0.645
COPAL_p_TCGAb_337_338_339_NSP_GenomeWideSNP_6_F06_1373718	8	143128774	143130738	4	-0.7294
COPAL_p_TCGAb_337_338_339_NSP_GenomeWideSNP_6_F06_1373718	8	143136640	146298155	1131	0.6536
COPAL_p_TCGAb_337_338_339_NSP_GenomeWideSNP_6_F06_1373718	9	46587	510546	394	0.695
COPAL_p_TCGAb_337_338_339_NSP_GenomeWideSNP_6_F06_1373718	9	510700	526993	18	0.207
COPAL_p_TCGAb_337_338_339_NSP_GenomeWideSNP_6_F06_1373718	9	531565	602903	101	0.7113
COPAL_p_TCGAb_337_338_339_NSP_GenomeWideSNP_6_F06_1373718	9	606699	606961	4	-0.8285
COPAL_p_TCGAb_337_338_339_NSP_GenomeWideSNP_6_F06_1373718	9	607307	21201444	18392	0.7467
COPAL_p_TCGAb_337_338_339_NSP_GenomeWideSNP_6_F06_1373718	9	21206438	21210757	2	-0.7247
COPAL_p_TCGAb_337_338_339_NSP_GenomeWideSNP_6_F06_1373718	9	21214877	23361805	1478	0.7481
COPAL_p_TCGAb_337_338_339_NSP_GenomeWideSNP_6_F06_1373718	9	23363115	23372399	7	1.3073
COPAL_p_TCGAb_337_338_339_NSP_GenomeWideSNP_6_F06_1373718	9	23373484	38486211	10421	0.5338
COPAL_p_TCGAb_337_338_339_NSP_GenomeWideSNP_6_F06_1373718	9	38490041	38498151	2	-1.1012
COPAL_p_TCGAb_337_338_339_NSP_GenomeWideSNP_6_F06_1373718	9	38498481	43583463	463	0.3044
COPAL_p_TCGAb_337_338_339_NSP_GenomeWideSNP_6_F06_1373718	9	43602726	43790346	27	-1.0737
COPAL_p_TCGAb_337_338_339_NSP_GenomeWideSNP_6_F06_1373718	9	43800186	44469328	49	0.5452
COPAL_p_TCGAb_337_338_339_NSP_GenomeWideSNP_6_F06_1373718	9	44629223	44855737	37	-0.8248
COPAL_p_TCGAb_337_338_339_NSP_GenomeWideSNP_6_F06_1373718	9	44866028	46063936	68	0.1273
COPAL_p_TCGAb_337_338_339_NSP_GenomeWideSNP_6_F06_1373718	9	46113402	65630946	30	0.8359
COPAL_p_TCGAb_337_338_339_NSP_GenomeWideSNP_6_F06_1373718	9	65672607	68183981	57	0.1217
COPAL_p_TCGAb_337_338_339_NSP_GenomeWideSNP_6_F06_1373718	9	68186051	68188547	8	2.5834
COPAL_p_TCGAb_337_338_339_NSP_GenomeWideSNP_6_F06_1373718	9	68209916	69978022	212	0.2471
COPAL_p_TCGAb_337_338_339_NSP_GenomeWideSNP_6_F06_1373718	9	70940595	74678542	2855	-0.0228
COPAL_p_TCGAb_337_338_339_NSP_GenomeWideSNP_6_F06_1373718	9	74679454	74680271	2	-2.1773
COPAL_p_TCGAb_337_338_339_NSP_GenomeWideSNP_6_F06_1373718	9	74682033	79070461	3030	-0.0183
COPAL_p_TCGAb_337_338_339_NSP_GenomeWideSNP_6_F06_1373718	9	79075652	79078413	3	-1.3284
COPAL_p_TCGAb_337_338_339_NSP_GenomeWideSNP_6_F06_1373718	9	79078673	82980562	2854	-0.0201
COPAL_p_TCGAb_337_338_339_NSP_GenomeWideSNP_6_F06_1373718	9	82982395	82983780	3	-3.7741
COPAL_p_TCGAb_337_338_339_NSP_GenomeWideSNP_6_F06_1373718	9	82984308	141071527	39062	-0.0159
COPAL_p_TCGAb_337_338_339_NSP_GenomeWideSNP_6_F06_1373718	9	141071940	141091394	6	0.5397
COPAL_p_TCGAb_337_338_339_NSP_GenomeWideSNP_6_F06_1373718	10	72759	161405	40	-0.675
COPAL_p_TCGAb_337_338_339_NSP_GenomeWideSNP_6_F06_1373718	10	163487	1244693	656	1.0749
COPAL_p_TCGAb_337_338_339_NSP_GenomeWideSNP_6_F06_1373718	10	1246963	11828567	9294	0.7629
COPAL_p_TCGAb_337_338_339_NSP_GenomeWideSNP_6_F06_1373718	10	11828686	12783924	629	1.0763
COPAL_p_TCGAb_337_338_339_NSP_GenomeWideSNP_6_F06_1373718	10	12792525	15821451	2658	0.6343
COPAL_p_TCGAb_337_338_339_NSP_GenomeWideSNP_6_F06_1373718	10	15828023	15980828	100	0.0683
COPAL_p_TCGAb_337_338_339_NSP_GenomeWideSNP_6_F06_1373718	10	15983537	16257742	179	0.3458
COPAL_p_TCGAb_337_338_339_NSP_GenomeWideSNP_6_F06_1373718	10	16257763	16986184	614	0.0808
COPAL_p_TCGAb_337_338_339_NSP_GenomeWideSNP_6_F06_1373718	10	16986478	16989486	4	0.6241
COPAL_p_TCGAb_337_338_339_NSP_GenomeWideSNP_6_F06_1373718	10	16990238	17015000	48	0.1097
COPAL_p_TCGAb_337_338_339_NSP_GenomeWideSNP_6_F06_1373718	10	17015405	17016004	4	-0.8588
COPAL_p_TCGAb_337_338_339_NSP_GenomeWideSNP_6_F06_1373718	10	17016337	22160986	3549	0.0796
COPAL_p_TCGAb_337_338_339_NSP_GenomeWideSNP_6_F06_1373718	10	22165701	22252182	38	0.3896
COPAL_p_TCGAb_337_338_339_NSP_GenomeWideSNP_6_F06_1373718	10	22256363	22259845	5	-0.2115
COPAL_p_TCGAb_337_338_339_NSP_GenomeWideSNP_6_F06_1373718	10	22261421	22341634	41	0.3704
COPAL_p_TCGAb_337_338_339_NSP_GenomeWideSNP_6_F06_1373718	10	22341895	22822917	241	0.0387
COPAL_p_TCGAb_337_338_339_NSP_GenomeWideSNP_6_F06_1373718	10	22824863	22912743	76	0.3793
COPAL_p_TCGAb_337_338_339_NSP_GenomeWideSNP_6_F06_1373718	10	22912990	23170765	168	0.0373
COPAL_p_TCGAb_337_338_339_NSP_GenomeWideSNP_6_F06_1373718	10	23183577	23419522	162	0.3257
COPAL_p_TCGAb_337_338_339_NSP_GenomeWideSNP_6_F06_1373718	10	23421007	23857806	259	0.054
COPAL_p_TCGAb_337_338_339_NSP_GenomeWideSNP_6_F06_1373718	10	23859251	23945299	62	-0.244
COPAL_p_TCGAb_337_338_339_NSP_GenomeWideSNP_6_F06_1373718	10	23947566	24056096	90	0.1058
COPAL_p_TCGAb_337_338_339_NSP_GenomeWideSNP_6_F06_1373718	10	24056662	24271351	159	-0.3231
COPAL_p_TCGAb_337_338_339_NSP_GenomeWideSNP_6_F06_1373718	10	24274773	24277716	4	-1.3224
COPAL_p_TCGAb_337_338_339_NSP_GenomeWideSNP_6_F06_1373718	10	24278250	24368608	61	0.1233
COPAL_p_TCGAb_337_338_339_NSP_GenomeWideSNP_6_F06_1373718	10	24368790	24375263	8	-0.2646
COPAL_p_TCGAb_337_338_339_NSP_GenomeWideSNP_6_F06_1373718	10	24377674	24377682	7	0.8045
COPAL_p_TCGAb_337_338_339_NSP_GenomeWideSNP_6_F06_1373718	10	24377918	24378951	6	0.0391
COPAL_p_TCGAb_337_338_339_NSP_GenomeWideSNP_6_F06_1373718	10	24379007	25337604	653	-0.328
COPAL_p_TCGAb_337_338_339_NSP_GenomeWideSNP_6_F06_1373718	10	25339335	25556957	130	0.0828
COPAL_p_TCGAb_337_338_339_NSP_GenomeWideSNP_6_F06_1373718	10	25559965	25974321	325	-0.3147
COPAL_p_TCGAb_337_338_339_NSP_GenomeWideSNP_6_F06_1373718	10	25976552	26857061	633	0.3478
COPAL_p_TCGAb_337_338_339_NSP_GenomeWideSNP_6_F06_1373718	10	26858860	26918755	37	-0.3633
COPAL_p_TCGAb_337_338_339_NSP_GenomeWideSNP_6_F06_1373718	10	26918828	27023882	79	0.3916
COPAL_p_TCGAb_337_338_339_NSP_GenomeWideSNP_6_F06_1373718	10	27026012	29546557	1793	-0.303
COPAL_p_TCGAb_337_338_339_NSP_GenomeWideSNP_6_F06_1373718	10	29546661	29556150	11	0.476
COPAL_p_TCGAb_337_338_339_NSP_GenomeWideSNP_6_F06_1373718	10	29556648	29560372	3	1.0562
COPAL_p_TCGAb_337_338_339_NSP_GenomeWideSNP_6_F06_1373718	10	29560437	29633528	78	0.4359
COPAL_p_TCGAb_337_338_339_NSP_GenomeWideSNP_6_F06_1373718	10	29635671	30828807	947	-0.187
COPAL_p_TCGAb_337_338_339_NSP_GenomeWideSNP_6_F06_1373718	10	30830220	30831005	7	-1.1325
COPAL_p_TCGAb_337_338_339_NSP_GenomeWideSNP_6_F06_1373718	10	30831454	42981321	5328	-0.1607
COPAL_p_TCGAb_337_338_339_NSP_GenomeWideSNP_6_F06_1373718	10	42981766	46954524	2254	0.0655
COPAL_p_TCGAb_337_338_339_NSP_GenomeWideSNP_6_F06_1373718	10	46954534	47055654	68	0.4046
COPAL_p_TCGAb_337_338_339_NSP_GenomeWideSNP_6_F06_1373718	10	47055711	47059757	19	4e-04
COPAL_p_TCGAb_337_338_339_NSP_GenomeWideSNP_6_F06_1373718	10	47059765	47264864	70	0.4143
COPAL_p_TCGAb_337_338_339_NSP_GenomeWideSNP_6_F06_1373718	10	47317636	47419711	7	1.0964
COPAL_p_TCGAb_337_338_339_NSP_GenomeWideSNP_6_F06_1373718	10	47541189	49381611	519	0.1315
COPAL_p_TCGAb_337_338_339_NSP_GenomeWideSNP_6_F06_1373718	10	49387614	51000594	1288	-0.1506
COPAL_p_TCGAb_337_338_339_NSP_GenomeWideSNP_6_F06_1373718	10	51004136	51007900	3	-1.4932
COPAL_p_TCGAb_337_338_339_NSP_GenomeWideSNP_6_F06_1373718	10	51010573	51136387	42	-0.1409
COPAL_p_TCGAb_337_338_339_NSP_GenomeWideSNP_6_F06_1373718	10	51197138	51582686	59	0.1315
COPAL_p_TCGAb_337_338_339_NSP_GenomeWideSNP_6_F06_1373718	10	51586514	53825576	1466	-0.1515
COPAL_p_TCGAb_337_338_339_NSP_GenomeWideSNP_6_F06_1373718	10	53825890	53829468	3	-1.3894
COPAL_p_TCGAb_337_338_339_NSP_GenomeWideSNP_6_F06_1373718	10	53830380	57072305	2436	-0.1489
COPAL_p_TCGAb_337_338_339_NSP_GenomeWideSNP_6_F06_1373718	10	57073531	57075825	2	-2.0984
COPAL_p_TCGAb_337_338_339_NSP_GenomeWideSNP_6_F06_1373718	10	57075840	61365482	3109	-0.1454
COPAL_p_TCGAb_337_338_339_NSP_GenomeWideSNP_6_F06_1373718	10	61365803	61366305	5	0.8661
COPAL_p_TCGAb_337_338_339_NSP_GenomeWideSNP_6_F06_1373718	10	61366344	68467708	4924	-0.1659
COPAL_p_TCGAb_337_338_339_NSP_GenomeWideSNP_6_F06_1373718	10	68469237	68469439	3	1.1434
COPAL_p_TCGAb_337_338_339_NSP_GenomeWideSNP_6_F06_1373718	10	68477670	127890323	39806	-0.1684
COPAL_p_TCGAb_337_338_339_NSP_GenomeWideSNP_6_F06_1373718	10	127894580	127895219	3	-2.2196
COPAL_p_TCGAb_337_338_339_NSP_GenomeWideSNP_6_F06_1373718	10	127900300	135506704	5379	-0.1793
COPAL_p_TCGAb_337_338_339_NSP_GenomeWideSNP_6_F06_1373718	11	198510	4967650	2467	0.0667
COPAL_p_TCGAb_337_338_339_NSP_GenomeWideSNP_6_F06_1373718	11	4968117	4976272	31	-0.516
COPAL_p_TCGAb_337_338_339_NSP_GenomeWideSNP_6_F06_1373718	11	4976334	5871523	893	0.0735
COPAL_p_TCGAb_337_338_339_NSP_GenomeWideSNP_6_F06_1373718	11	5872237	5883317	7	-1.7051
COPAL_p_TCGAb_337_338_339_NSP_GenomeWideSNP_6_F06_1373718	11	5885711	6117976	168	0.0978
COPAL_p_TCGAb_337_338_339_NSP_GenomeWideSNP_6_F06_1373718	11	6120647	6122094	2	1.3492
COPAL_p_TCGAb_337_338_339_NSP_GenomeWideSNP_6_F06_1373718	11	6122503	7813040	1243	0.0834
COPAL_p_TCGAb_337_338_339_NSP_GenomeWideSNP_6_F06_1373718	11	7813460	7832258	6	-2.0259
COPAL_p_TCGAb_337_338_339_NSP_GenomeWideSNP_6_F06_1373718	11	7837009	18940870	7871	0.0876
COPAL_p_TCGAb_337_338_339_NSP_GenomeWideSNP_6_F06_1373718	11	18949072	18971175	63	0.4258
COPAL_p_TCGAb_337_338_339_NSP_GenomeWideSNP_6_F06_1373718	11	18971380	21186995	2009	0.0948
COPAL_p_TCGAb_337_338_339_NSP_GenomeWideSNP_6_F06_1373718	11	21191016	21215845	45	-1.1216
COPAL_p_TCGAb_337_338_339_NSP_GenomeWideSNP_6_F06_1373718	11	21216377	32323980	7589	0.1147
COPAL_p_TCGAb_337_338_339_NSP_GenomeWideSNP_6_F06_1373718	11	32324117	32324260	2	-2.1765
COPAL_p_TCGAb_337_338_339_NSP_GenomeWideSNP_6_F06_1373718	11	32326569	55011144	11886	0.0779
COPAL_p_TCGAb_337_338_339_NSP_GenomeWideSNP_6_F06_1373718	11	55030215	55104708	40	-0.6674
COPAL_p_TCGAb_337_338_339_NSP_GenomeWideSNP_6_F06_1373718	11	55105293	55111584	3	-1.6809
COPAL_p_TCGAb_337_338_339_NSP_GenomeWideSNP_6_F06_1373718	11	55112730	55121706	7	-0.7427
COPAL_p_TCGAb_337_338_339_NSP_GenomeWideSNP_6_F06_1373718	11	55126601	55361410	146	-0.0069
COPAL_p_TCGAb_337_338_339_NSP_GenomeWideSNP_6_F06_1373718	11	55361431	55442318	50	0.2993
COPAL_p_TCGAb_337_338_339_NSP_GenomeWideSNP_6_F06_1373718	11	55444211	58461978	1889	-0.0116
COPAL_p_TCGAb_337_338_339_NSP_GenomeWideSNP_6_F06_1373718	11	58463619	61428243	1710	0.3093
COPAL_p_TCGAb_337_338_339_NSP_GenomeWideSNP_6_F06_1373718	11	61438534	82928569	11909	-0.0232
COPAL_p_TCGAb_337_338_339_NSP_GenomeWideSNP_6_F06_1373718	11	82928818	91830489	5794	-0.2645
COPAL_p_TCGAb_337_338_339_NSP_GenomeWideSNP_6_F06_1373718	11	91830658	91831043	2	-1.7857
COPAL_p_TCGAb_337_338_339_NSP_GenomeWideSNP_6_F06_1373718	11	91832704	97868722	4293	-0.2569
COPAL_p_TCGAb_337_338_339_NSP_GenomeWideSNP_6_F06_1373718	11	97870079	97871998	4	-1.6789
COPAL_p_TCGAb_337_338_339_NSP_GenomeWideSNP_6_F06_1373718	11	97872029	107781379	7129	-0.2622
COPAL_p_TCGAb_337_338_339_NSP_GenomeWideSNP_6_F06_1373718	11	107784507	107785098	2	-2.8158
COPAL_p_TCGAb_337_338_339_NSP_GenomeWideSNP_6_F06_1373718	11	107787713	134938470	19450	-0.2873
COPAL_p_TCGAb_337_338_339_NSP_GenomeWideSNP_6_F06_1373718	11	134942626	134944770	2	0.3572
COPAL_p_TCGAb_337_338_339_NSP_GenomeWideSNP_6_F06_1373718	12	150442	8556693	5598	-0.0104
COPAL_p_TCGAb_337_338_339_NSP_GenomeWideSNP_6_F06_1373718	12	8558488	8558636	2	2.7118
COPAL_p_TCGAb_337_338_339_NSP_GenomeWideSNP_6_F06_1373718	12	8558792	8567624	10	0.6215
COPAL_p_TCGAb_337_338_339_NSP_GenomeWideSNP_6_F06_1373718	12	8567639	11220827	1636	0.0081
COPAL_p_TCGAb_337_338_339_NSP_GenomeWideSNP_6_F06_1373718	12	11222368	11241532	10	0.7167
COPAL_p_TCGAb_337_338_339_NSP_GenomeWideSNP_6_F06_1373718	12	11251874	16419405	3687	0.0249
COPAL_p_TCGAb_337_338_339_NSP_GenomeWideSNP_6_F06_1373718	12	16420987	16428557	3	-1.9576
COPAL_p_TCGAb_337_338_339_NSP_GenomeWideSNP_6_F06_1373718	12	16428738	21144302	2974	0.0177
COPAL_p_TCGAb_337_338_339_NSP_GenomeWideSNP_6_F06_1373718	12	21144431	21144542	4	-1.8785
COPAL_p_TCGAb_337_338_339_NSP_GenomeWideSNP_6_F06_1373718	12	21144578	33294660	8852	0.0129
COPAL_p_TCGAb_337_338_339_NSP_GenomeWideSNP_6_F06_1373718	12	33301406	33306932	23	0.4198
COPAL_p_TCGAb_337_338_339_NSP_GenomeWideSNP_6_F06_1373718	12	33306947	37966307	840	0.019
COPAL_p_TCGAb_337_338_339_NSP_GenomeWideSNP_6_F06_1373718	12	37966786	45899825	4776	-0.2215
COPAL_p_TCGAb_337_338_339_NSP_GenomeWideSNP_6_F06_1373718	12	45904438	45909537	4	0.8989
COPAL_p_TCGAb_337_338_339_NSP_GenomeWideSNP_6_F06_1373718	12	45913292	53482169	4396	-0.2375
COPAL_p_TCGAb_337_338_339_NSP_GenomeWideSNP_6_F06_1373718	12	53484366	53485386	2	-1.6172
COPAL_p_TCGAb_337_338_339_NSP_GenomeWideSNP_6_F06_1373718	12	53487695	63924805	6216	-0.2409
COPAL_p_TCGAb_337_338_339_NSP_GenomeWideSNP_6_F06_1373718	12	63932963	64134805	66	0.1481
COPAL_p_TCGAb_337_338_339_NSP_GenomeWideSNP_6_F06_1373718	12	64135427	99795851	22932	-0.2377
COPAL_p_TCGAb_337_338_339_NSP_GenomeWideSNP_6_F06_1373718	12	99796186	99798526	22	0.1715
COPAL_p_TCGAb_337_338_339_NSP_GenomeWideSNP_6_F06_1373718	12	99798589	121288794	14306	-0.254
COPAL_p_TCGAb_337_338_339_NSP_GenomeWideSNP_6_F06_1373718	12	121289715	121377951	54	-0.8762
COPAL_p_TCGAb_337_338_339_NSP_GenomeWideSNP_6_F06_1373718	12	121379798	127115465	3340	-0.2714
COPAL_p_TCGAb_337_338_339_NSP_GenomeWideSNP_6_F06_1373718	12	127115617	127116585	2	-1.9363
COPAL_p_TCGAb_337_338_339_NSP_GenomeWideSNP_6_F06_1373718	12	127119541	133778189	4953	-0.2673
COPAL_p_TCGAb_337_338_339_NSP_GenomeWideSNP_6_F06_1373718	13	19026949	53094799	23401	-0.0281
COPAL_p_TCGAb_337_338_339_NSP_GenomeWideSNP_6_F06_1373718	13	53097984	53105785	3	-1.5087
COPAL_p_TCGAb_337_338_339_NSP_GenomeWideSNP_6_F06_1373718	13	53117879	72476988	11617	-0.0034
COPAL_p_TCGAb_337_338_339_NSP_GenomeWideSNP_6_F06_1373718	13	72477555	72480605	5	-0.9907
COPAL_p_TCGAb_337_338_339_NSP_GenomeWideSNP_6_F06_1373718	13	72486483	115108397	28994	-0.0125
COPAL_p_TCGAb_337_338_339_NSP_GenomeWideSNP_6_F06_1373718	14	19002124	33843356	8783	-0.1365
COPAL_p_TCGAb_337_338_339_NSP_GenomeWideSNP_6_F06_1373718	14	33843400	33844003	2	-1.8461
COPAL_p_TCGAb_337_338_339_NSP_GenomeWideSNP_6_F06_1373718	14	33844879	36066989	1471	-0.1385
COPAL_p_TCGAb_337_338_339_NSP_GenomeWideSNP_6_F06_1373718	14	36074080	36265334	81	-0.6103
COPAL_p_TCGAb_337_338_339_NSP_GenomeWideSNP_6_F06_1373718	14	36267879	42694015	4078	-0.1249
COPAL_p_TCGAb_337_338_339_NSP_GenomeWideSNP_6_F06_1373718	14	42699479	42699936	3	-1.3266
COPAL_p_TCGAb_337_338_339_NSP_GenomeWideSNP_6_F06_1373718	14	42700527	45572386	1649	-0.1467
COPAL_p_TCGAb_337_338_339_NSP_GenomeWideSNP_6_F06_1373718	14	45574172	45612765	20	-0.6853
COPAL_p_TCGAb_337_338_339_NSP_GenomeWideSNP_6_F06_1373718	14	45613870	65380449	12752	-0.1354
COPAL_p_TCGAb_337_338_339_NSP_GenomeWideSNP_6_F06_1373718	14	65381106	65381571	2	-2.2234
COPAL_p_TCGAb_337_338_339_NSP_GenomeWideSNP_6_F06_1373718	14	65381764	73992772	5282	-0.1307
COPAL_p_TCGAb_337_338_339_NSP_GenomeWideSNP_6_F06_1373718	14	73995774	74020979	10	0.3353
COPAL_p_TCGAb_337_338_339_NSP_GenomeWideSNP_6_F06_1373718	14	74029900	76347716	1333	-0.053
COPAL_p_TCGAb_337_338_339_NSP_GenomeWideSNP_6_F06_1373718	14	76348241	76348682	5	-2.1198
COPAL_p_TCGAb_337_338_339_NSP_GenomeWideSNP_6_F06_1373718	14	76351123	81480897	3570	-0.1252
COPAL_p_TCGAb_337_338_339_NSP_GenomeWideSNP_6_F06_1373718	14	81481084	81481332	2	-2.9974
COPAL_p_TCGAb_337_338_339_NSP_GenomeWideSNP_6_F06_1373718	14	81481558	82470729	634	-0.1428
COPAL_p_TCGAb_337_338_339_NSP_GenomeWideSNP_6_F06_1373718	14	82471133	82474438	2	-2.2019
COPAL_p_TCGAb_337_338_339_NSP_GenomeWideSNP_6_F06_1373718	14	82475149	104866687	14684	-0.0166
COPAL_p_TCGAb_337_338_339_NSP_GenomeWideSNP_6_F06_1373718	14	104866776	104871257	3	-1.3496
COPAL_p_TCGAb_337_338_339_NSP_GenomeWideSNP_6_F06_1373718	14	104871866	106054897	348	0.0158
COPAL_p_TCGAb_337_338_339_NSP_GenomeWideSNP_6_F06_1373718	14	106078690	106167487	16	0.6394
COPAL_p_TCGAb_337_338_339_NSP_GenomeWideSNP_6_F06_1373718	14	106194477	107153173	474	0.0045
COPAL_p_TCGAb_337_338_339_NSP_GenomeWideSNP_6_F06_1373718	14	107160325	107160654	3	-1.7911
COPAL_p_TCGAb_337_338_339_NSP_GenomeWideSNP_6_F06_1373718	14	107160761	107285437	87	-0.0353
COPAL_p_TCGAb_337_338_339_NSP_GenomeWideSNP_6_F06_1373718	15	20016328	22285769	310	-0.0754
COPAL_p_TCGAb_337_338_339_NSP_GenomeWideSNP_6_F06_1373718	15	22287270	22363231	24	0.5306
COPAL_p_TCGAb_337_338_339_NSP_GenomeWideSNP_6_F06_1373718	15	22373070	22385001	8	-0.3689
COPAL_p_TCGAb_337_338_339_NSP_GenomeWideSNP_6_F06_1373718	15	22386915	22752010	88	0.4131
COPAL_p_TCGAb_337_338_339_NSP_GenomeWideSNP_6_F06_1373718	15	22752520	42585438	12510	-0.1517
COPAL_p_TCGAb_337_338_339_NSP_GenomeWideSNP_6_F06_1373718	15	42585968	42586478	2	-2.0018
COPAL_p_TCGAb_337_338_339_NSP_GenomeWideSNP_6_F06_1373718	15	42589781	45734811	1405	-0.1648
COPAL_p_TCGAb_337_338_339_NSP_GenomeWideSNP_6_F06_1373718	15	45737100	45748752	6	-1.0609
COPAL_p_TCGAb_337_338_339_NSP_GenomeWideSNP_6_F06_1373718	15	45757083	53784854	5100	-0.1357
COPAL_p_TCGAb_337_338_339_NSP_GenomeWideSNP_6_F06_1373718	15	53784888	53785153	4	-0.9054
COPAL_p_TCGAb_337_338_339_NSP_GenomeWideSNP_6_F06_1373718	15	53785194	53785279	3	-2.4807
COPAL_p_TCGAb_337_338_339_NSP_GenomeWideSNP_6_F06_1373718	15	53790247	70028265	10947	-0.0499
COPAL_p_TCGAb_337_338_339_NSP_GenomeWideSNP_6_F06_1373718	15	70028833	70032975	4	-1.2324
COPAL_p_TCGAb_337_338_339_NSP_GenomeWideSNP_6_F06_1373718	15	70034088	75949321	3317	-0.0417
COPAL_p_TCGAb_337_338_339_NSP_GenomeWideSNP_6_F06_1373718	15	75952777	76108550	58	0.2586
COPAL_p_TCGAb_337_338_339_NSP_GenomeWideSNP_6_F06_1373718	15	76110276	76891241	418	-0.0366
COPAL_p_TCGAb_337_338_339_NSP_GenomeWideSNP_6_F06_1373718	15	76891511	76895775	21	0.6409
COPAL_p_TCGAb_337_338_339_NSP_GenomeWideSNP_6_F06_1373718	15	76902179	79624481	1503	-0.0238
COPAL_p_TCGAb_337_338_339_NSP_GenomeWideSNP_6_F06_1373718	15	79624808	79624911	2	-1.3523
COPAL_p_TCGAb_337_338_339_NSP_GenomeWideSNP_6_F06_1373718	15	79625582	102469040	16096	0.0753
COPAL_p_TCGAb_337_338_339_NSP_GenomeWideSNP_6_F06_1373718	16	60777	3871286	1456	-0.3509
COPAL_p_TCGAb_337_338_339_NSP_GenomeWideSNP_6_F06_1373718	16	3874712	3917883	23	-1.5406
COPAL_p_TCGAb_337_338_339_NSP_GenomeWideSNP_6_F06_1373718	16	3921792	6978474	2819	-0.4658
COPAL_p_TCGAb_337_338_339_NSP_GenomeWideSNP_6_F06_1373718	16	6978620	9668607	2714	0.278
COPAL_p_TCGAb_337_338_339_NSP_GenomeWideSNP_6_F06_1373718	16	9668688	9670669	4	-0.8313
COPAL_p_TCGAb_337_338_339_NSP_GenomeWideSNP_6_F06_1373718	16	9671706	10167115	497	0.2424
COPAL_p_TCGAb_337_338_339_NSP_GenomeWideSNP_6_F06_1373718	16	10167434	10170513	2	-0.9177
COPAL_p_TCGAb_337_338_339_NSP_GenomeWideSNP_6_F06_1373718	16	10170609	12932660	2207	0.45
COPAL_p_TCGAb_337_338_339_NSP_GenomeWideSNP_6_F06_1373718	16	12934824	14777628	1349	0.1284
COPAL_p_TCGAb_337_338_339_NSP_GenomeWideSNP_6_F06_1373718	16	14780654	16568200	679	0.4595
COPAL_p_TCGAb_337_338_339_NSP_GenomeWideSNP_6_F06_1373718	16	16585264	16700063	21	0.0989
COPAL_p_TCGAb_337_338_339_NSP_GenomeWideSNP_6_F06_1373718	16	16708594	16837626	12	-0.8001
COPAL_p_TCGAb_337_338_339_NSP_GenomeWideSNP_6_F06_1373718	16	16855361	22676087	3058	0.135
COPAL_p_TCGAb_337_338_339_NSP_GenomeWideSNP_6_F06_1373718	16	22676787	24202615	1021	-0.1127
COPAL_p_TCGAb_337_338_339_NSP_GenomeWideSNP_6_F06_1373718	16	24207120	24214060	9	0.4833
COPAL_p_TCGAb_337_338_339_NSP_GenomeWideSNP_6_F06_1373718	16	24216984	25168968	586	-0.1409
COPAL_p_TCGAb_337_338_339_NSP_GenomeWideSNP_6_F06_1373718	16	25170423	25775680	450	0.2071
COPAL_p_TCGAb_337_338_339_NSP_GenomeWideSNP_6_F06_1373718	16	25779673	32113692	3103	-0.1369
COPAL_p_TCGAb_337_338_339_NSP_GenomeWideSNP_6_F06_1373718	16	32124331	32180976	9	0.2435
COPAL_p_TCGAb_337_338_339_NSP_GenomeWideSNP_6_F06_1373718	16	32208746	34002622	291	-0.2436
COPAL_p_TCGAb_337_338_339_NSP_GenomeWideSNP_6_F06_1373718	16	34011283	46683484	529	-0.6798
COPAL_p_TCGAb_337_338_339_NSP_GenomeWideSNP_6_F06_1373718	16	46686026	50773340	2372	-0.3021
COPAL_p_TCGAb_337_338_339_NSP_GenomeWideSNP_6_F06_1373718	16	50777217	60648152	7018	-0.676
COPAL_p_TCGAb_337_338_339_NSP_GenomeWideSNP_6_F06_1373718	16	60650143	64096727	2237	-0.1552
COPAL_p_TCGAb_337_338_339_NSP_GenomeWideSNP_6_F06_1373718	16	64097042	64097381	3	-1.5009
COPAL_p_TCGAb_337_338_339_NSP_GenomeWideSNP_6_F06_1373718	16	64097383	68102301	2512	-0.2985
COPAL_p_TCGAb_337_338_339_NSP_GenomeWideSNP_6_F06_1373718	16	68104488	68387496	126	-0.6946
COPAL_p_TCGAb_337_338_339_NSP_GenomeWideSNP_6_F06_1373718	16	68394242	70842097	1141	-0.1556
COPAL_p_TCGAb_337_338_339_NSP_GenomeWideSNP_6_F06_1373718	16	70854381	71202489	140	0.3643
COPAL_p_TCGAb_337_338_339_NSP_GenomeWideSNP_6_F06_1373718	16	71202797	74080003	1834	-0.1425
COPAL_p_TCGAb_337_338_339_NSP_GenomeWideSNP_6_F06_1373718	16	74088091	77039863	1967	0.2206
COPAL_p_TCGAb_337_338_339_NSP_GenomeWideSNP_6_F06_1373718	16	77041957	90287535	11956	-0.7038
COPAL_p_TCGAb_337_338_339_NSP_GenomeWideSNP_6_F06_1373718	17	526	59761	30	0.3341
COPAL_p_TCGAb_337_338_339_NSP_GenomeWideSNP_6_F06_1373718	17	59902	60531	3	-1.7629
COPAL_p_TCGAb_337_338_339_NSP_GenomeWideSNP_6_F06_1373718	17	65221	2311629	1119	0.1967
COPAL_p_TCGAb_337_338_339_NSP_GenomeWideSNP_6_F06_1373718	17	2312354	2312374	4	1.3214
COPAL_p_TCGAb_337_338_339_NSP_GenomeWideSNP_6_F06_1373718	17	2316528	2397768	50	0.1714
COPAL_p_TCGAb_337_338_339_NSP_GenomeWideSNP_6_F06_1373718	17	2399501	2402241	3	-1.9596
COPAL_p_TCGAb_337_338_339_NSP_GenomeWideSNP_6_F06_1373718	17	2405756	6309355	2343	0.1976
COPAL_p_TCGAb_337_338_339_NSP_GenomeWideSNP_6_F06_1373718	17	6310041	6310686	2	-1.9387
COPAL_p_TCGAb_337_338_339_NSP_GenomeWideSNP_6_F06_1373718	17	6310731	18319862	7828	0.2045
COPAL_p_TCGAb_337_338_339_NSP_GenomeWideSNP_6_F06_1373718	17	18355392	18412558	18	1.2691
COPAL_p_TCGAb_337_338_339_NSP_GenomeWideSNP_6_F06_1373718	17	18426461	25787234	1819	0.2018
COPAL_p_TCGAb_337_338_339_NSP_GenomeWideSNP_6_F06_1373718	17	25787289	25787863	2	-1.3886
COPAL_p_TCGAb_337_338_339_NSP_GenomeWideSNP_6_F06_1373718	17	25793872	32123986	3402	0.1021
COPAL_p_TCGAb_337_338_339_NSP_GenomeWideSNP_6_F06_1373718	17	32124402	32129991	3	-0.9477
COPAL_p_TCGAb_337_338_339_NSP_GenomeWideSNP_6_F06_1373718	17	32130509	37974499	3460	0.1202
COPAL_p_TCGAb_337_338_339_NSP_GenomeWideSNP_6_F06_1373718	17	37974720	37987272	9	-0.4151
COPAL_p_TCGAb_337_338_339_NSP_GenomeWideSNP_6_F06_1373718	17	37989049	39517851	884	0.1035
COPAL_p_TCGAb_337_338_339_NSP_GenomeWideSNP_6_F06_1373718	17	39517884	39522495	22	-1.5371
COPAL_p_TCGAb_337_338_339_NSP_GenomeWideSNP_6_F06_1373718	17	39526309	39529138	12	0.0415
COPAL_p_TCGAb_337_338_339_NSP_GenomeWideSNP_6_F06_1373718	17	39532869	39536674	7	0.8807
COPAL_p_TCGAb_337_338_339_NSP_GenomeWideSNP_6_F06_1373718	17	39547328	44364170	2501	0.1897
COPAL_p_TCGAb_337_338_339_NSP_GenomeWideSNP_6_F06_1373718	17	44394412	44752300	48	-0.576
COPAL_p_TCGAb_337_338_339_NSP_GenomeWideSNP_6_F06_1373718	17	44764994	51717906	4063	0.0901
COPAL_p_TCGAb_337_338_339_NSP_GenomeWideSNP_6_F06_1373718	17	51726992	51727181	2	-1.9776
COPAL_p_TCGAb_337_338_339_NSP_GenomeWideSNP_6_F06_1373718	17	51728544	81049726	17460	0.1808
COPAL_p_TCGAb_337_338_339_NSP_GenomeWideSNP_6_F06_1373718	18	11543	15158341	10381	0.719
COPAL_p_TCGAb_337_338_339_NSP_GenomeWideSNP_6_F06_1373718	18	15170292	15175018	2	-1.3835
COPAL_p_TCGAb_337_338_339_NSP_GenomeWideSNP_6_F06_1373718	18	15177772	15402408	39	0.4499
COPAL_p_TCGAb_337_338_339_NSP_GenomeWideSNP_6_F06_1373718	18	18529353	39632849	13308	-0.1675
COPAL_p_TCGAb_337_338_339_NSP_GenomeWideSNP_6_F06_1373718	18	39642638	39652824	5	-1.0413
COPAL_p_TCGAb_337_338_339_NSP_GenomeWideSNP_6_F06_1373718	18	39654228	47823026	5490	-0.1634
COPAL_p_TCGAb_337_338_339_NSP_GenomeWideSNP_6_F06_1373718	18	47826855	47829536	7	-0.9929
COPAL_p_TCGAb_337_338_339_NSP_GenomeWideSNP_6_F06_1373718	18	47831203	48962360	875	-0.1567
COPAL_p_TCGAb_337_338_339_NSP_GenomeWideSNP_6_F06_1373718	18	48962844	48965260	3	-1.2276
COPAL_p_TCGAb_337_338_339_NSP_GenomeWideSNP_6_F06_1373718	18	48965940	55276641	4067	-0.1644
COPAL_p_TCGAb_337_338_339_NSP_GenomeWideSNP_6_F06_1373718	18	55278068	56044453	564	-0.5607
COPAL_p_TCGAb_337_338_339_NSP_GenomeWideSNP_6_F06_1373718	18	56047004	56047026	2	-2.164
COPAL_p_TCGAb_337_338_339_NSP_GenomeWideSNP_6_F06_1373718	18	56050483	56828224	516	-0.5382
COPAL_p_TCGAb_337_338_339_NSP_GenomeWideSNP_6_F06_1373718	18	56831682	59282156	1845	-0.159
COPAL_p_TCGAb_337_338_339_NSP_GenomeWideSNP_6_F06_1373718	18	59282196	59282309	2	-1.8732
COPAL_p_TCGAb_337_338_339_NSP_GenomeWideSNP_6_F06_1373718	18	59284865	63629564	3036	-0.1581
COPAL_p_TCGAb_337_338_339_NSP_GenomeWideSNP_6_F06_1373718	18	63637051	63640124	6	-1.6439
COPAL_p_TCGAb_337_338_339_NSP_GenomeWideSNP_6_F06_1373718	18	63640408	63767140	117	-0.1208
COPAL_p_TCGAb_337_338_339_NSP_GenomeWideSNP_6_F06_1373718	18	63767288	63767922	2	-2.0311
COPAL_p_TCGAb_337_338_339_NSP_GenomeWideSNP_6_F06_1373718	18	63775595	78010736	10344	-0.1663
COPAL_p_TCGAb_337_338_339_NSP_GenomeWideSNP_6_F06_1373718	18	78014136	78015057	4	0.4184
COPAL_p_TCGAb_337_338_339_NSP_GenomeWideSNP_6_F06_1373718	19	90910	43703033	20684	-0.1827
COPAL_p_TCGAb_337_338_339_NSP_GenomeWideSNP_6_F06_1373718	19	43703504	43756237	21	-1.2852
COPAL_p_TCGAb_337_338_339_NSP_GenomeWideSNP_6_F06_1373718	19	43766659	48531312	2393	-0.1928
COPAL_p_TCGAb_337_338_339_NSP_GenomeWideSNP_6_F06_1373718	19	48531330	48531332	2	-2.0012
COPAL_p_TCGAb_337_338_339_NSP_GenomeWideSNP_6_F06_1373718	19	48531376	53316340	2556	-0.1784
COPAL_p_TCGAb_337_338_339_NSP_GenomeWideSNP_6_F06_1373718	19	53319104	53319159	2	-2.3884
COPAL_p_TCGAb_337_338_339_NSP_GenomeWideSNP_6_F06_1373718	19	53327390	53928764	463	-0.1223
COPAL_p_TCGAb_337_338_339_NSP_GenomeWideSNP_6_F06_1373718	19	53929764	53930317	2	-1.8984
COPAL_p_TCGAb_337_338_339_NSP_GenomeWideSNP_6_F06_1373718	19	53938333	54722275	491	-0.1381
COPAL_p_TCGAb_337_338_339_NSP_GenomeWideSNP_6_F06_1373718	19	54730202	54741319	17	0.3647
COPAL_p_TCGAb_337_338_339_NSP_GenomeWideSNP_6_F06_1373718	19	54753340	59097854	2602	-0.1878
COPAL_p_TCGAb_337_338_339_NSP_GenomeWideSNP_6_F06_1373718	20	61305	1560951	1201	-0.2818
COPAL_p_TCGAb_337_338_339_NSP_GenomeWideSNP_6_F06_1373718	20	1560999	1593893	42	1.3097
COPAL_p_TCGAb_337_338_339_NSP_GenomeWideSNP_6_F06_1373718	20	1597946	5483406	2826	-0.3174
COPAL_p_TCGAb_337_338_339_NSP_GenomeWideSNP_6_F06_1373718	20	5486974	5487848	2	-2.1566
COPAL_p_TCGAb_337_338_339_NSP_GenomeWideSNP_6_F06_1373718	20	5488090	15223036	7461	-0.2913
COPAL_p_TCGAb_337_338_339_NSP_GenomeWideSNP_6_F06_1373718	20	15223632	15223745	4	-2.0427
COPAL_p_TCGAb_337_338_339_NSP_GenomeWideSNP_6_F06_1373718	20	15228295	31566845	9327	-0.2896
COPAL_p_TCGAb_337_338_339_NSP_GenomeWideSNP_6_F06_1373718	20	31570971	31571022	2	-1.8644
COPAL_p_TCGAb_337_338_339_NSP_GenomeWideSNP_6_F06_1373718	20	31571900	52162397	13576	-0.2816
COPAL_p_TCGAb_337_338_339_NSP_GenomeWideSNP_6_F06_1373718	20	52163167	52173895	18	0.3029
COPAL_p_TCGAb_337_338_339_NSP_GenomeWideSNP_6_F06_1373718	20	52175607	62956153	7831	-0.0847
COPAL_p_TCGAb_337_338_339_NSP_GenomeWideSNP_6_F06_1373718	21	10736871	14561938	153	-0.3035
COPAL_p_TCGAb_337_338_339_NSP_GenomeWideSNP_6_F06_1373718	21	14562834	14955277	180	0.2371
COPAL_p_TCGAb_337_338_339_NSP_GenomeWideSNP_6_F06_1373718	21	14955637	14967881	4	-0.8396
COPAL_p_TCGAb_337_338_339_NSP_GenomeWideSNP_6_F06_1373718	21	14967979	15078047	39	0.3636
COPAL_p_TCGAb_337_338_339_NSP_GenomeWideSNP_6_F06_1373718	21	15078932	48096957	23933	-0.0655
COPAL_p_TCGAb_337_338_339_NSP_GenomeWideSNP_6_F06_1373718	22	16052528	16248706	39	-0.2283
COPAL_p_TCGAb_337_338_339_NSP_GenomeWideSNP_6_F06_1373718	22	16281201	16399151	15	-0.736
COPAL_p_TCGAb_337_338_339_NSP_GenomeWideSNP_6_F06_1373718	22	16402835	16506275	29	-0.1925
COPAL_p_TCGAb_337_338_339_NSP_GenomeWideSNP_6_F06_1373718	22	16506389	16506460	3	-1.452
COPAL_p_TCGAb_337_338_339_NSP_GenomeWideSNP_6_F06_1373718	22	16553466	24337949	4513	-0.117
COPAL_p_TCGAb_337_338_339_NSP_GenomeWideSNP_6_F06_1373718	22	24344422	24396814	20	0.7107
COPAL_p_TCGAb_337_338_339_NSP_GenomeWideSNP_6_F06_1373718	22	24401529	36945181	9437	-0.1821
COPAL_p_TCGAb_337_338_339_NSP_GenomeWideSNP_6_F06_1373718	22	36947925	36948746	2	-2.3301
COPAL_p_TCGAb_337_338_339_NSP_GenomeWideSNP_6_F06_1373718	22	36951324	42897282	3284	-0.169
COPAL_p_TCGAb_337_338_339_NSP_GenomeWideSNP_6_F06_1373718	22	42899440	42955431	25	0.4641
COPAL_p_TCGAb_337_338_339_NSP_GenomeWideSNP_6_F06_1373718	22	42955788	49706577	5282	-0.1741
COPAL_p_TCGAb_337_338_339_NSP_GenomeWideSNP_6_F06_1373718	22	49710060	49710561	4	-2.5432
COPAL_p_TCGAb_337_338_339_NSP_GenomeWideSNP_6_F06_1373718	22	49712444	51234455	795	-0.1229
COPAL_p_TCGAb_337_338_339_NSP_GenomeWideSNP_6_F06_1373718	X	168477	146843663	79547	0.0022
COPAL_p_TCGAb_337_338_339_NSP_GenomeWideSNP_6_F06_1373718	X	146843698	146848212	24	-0.8593
COPAL_p_TCGAb_337_338_339_NSP_GenomeWideSNP_6_F06_1373718	X	146848305	155182354	4535	-0.0093
COPAL_p_TCGAb_337_338_339_NSP_GenomeWideSNP_6_F06_1373718	Y	2650438	5944602	804	-2.2053
COPAL_p_TCGAb_337_338_339_NSP_GenomeWideSNP_6_F06_1373718	Y	5944603	15590276	2773	-2.5594
COPAL_p_TCGAb_337_338_339_NSP_GenomeWideSNP_6_F06_1373718	Y	15590342	15594523	3	-7.6945
COPAL_p_TCGAb_337_338_339_NSP_GenomeWideSNP_6_F06_1373718	Y	15594889	19571480	2081	-2.5628
COPAL_p_TCGAb_337_338_339_NSP_GenomeWideSNP_6_F06_1373718	Y	19574890	21024613	672	-2.9979
COPAL_p_TCGAb_337_338_339_NSP_GenomeWideSNP_6_F06_1373718	Y	21025062	24514859	1276	-2.584
COPAL_p_TCGAb_337_338_339_NSP_GenomeWideSNP_6_F06_1373718	Y	24515802	26190025	315	-3.0087
COPAL_p_TCGAb_337_338_339_NSP_GenomeWideSNP_6_F06_1373718	Y	26193050	26517533	90	-2.4052
COPAL_p_TCGAb_337_338_339_NSP_GenomeWideSNP_6_F06_1373718	Y	26526212	27436702	93	-3.424
COPAL_p_TCGAb_337_338_339_NSP_GenomeWideSNP_6_F06_1373718	Y	27444915	27720551	91	-2.3384
COPAL_p_TCGAb_337_338_339_NSP_GenomeWideSNP_6_F06_1373718	Y	27721084	28277692	195	-2.9934
COPAL_p_TCGAb_337_338_339_NSP_GenomeWideSNP_6_F06_1373718	Y	28289727	28322019	13	-4.252
COPAL_p_TCGAb_337_338_339_NSP_GenomeWideSNP_6_F06_1373718	Y	28322083	28423938	43	-2.8391
COPAL_p_TCGAb_337_338_339_NSP_GenomeWideSNP_6_F06_1373718	Y	28438116	59018259	182	-2.3169
