Sample	Chromosome	Start	End	Num_Probes	Segment_Mean
COPAL_p_TCGAb_337_338_339_NSP_GenomeWideSNP_6_E05_1373588	1	61735	72763370	42836	-0.001
COPAL_p_TCGAb_337_338_339_NSP_GenomeWideSNP_6_E05_1373588	1	72768418	72812440	50	0.5152
COPAL_p_TCGAb_337_338_339_NSP_GenomeWideSNP_6_E05_1373588	1	72816755	76050844	1921	-0.0076
COPAL_p_TCGAb_337_338_339_NSP_GenomeWideSNP_6_E05_1373588	1	76054763	76054854	2	-1.8403
COPAL_p_TCGAb_337_338_339_NSP_GenomeWideSNP_6_E05_1373588	1	76059509	104178038	18077	0.0012
COPAL_p_TCGAb_337_338_339_NSP_GenomeWideSNP_6_E05_1373588	1	104221531	104303403	25	-0.3855
COPAL_p_TCGAb_337_338_339_NSP_GenomeWideSNP_6_E05_1373588	1	104303501	105622533	697	-0.0076
COPAL_p_TCGAb_337_338_339_NSP_GenomeWideSNP_6_E05_1373588	1	105622940	105623553	2	0.9946
COPAL_p_TCGAb_337_338_339_NSP_GenomeWideSNP_6_E05_1373588	1	105626818	106019483	222	0.004
COPAL_p_TCGAb_337_338_339_NSP_GenomeWideSNP_6_E05_1373588	1	106021204	106022375	12	-0.4436
COPAL_p_TCGAb_337_338_339_NSP_GenomeWideSNP_6_E05_1373588	1	106024055	108729759	1937	-0.0027
COPAL_p_TCGAb_337_338_339_NSP_GenomeWideSNP_6_E05_1373588	1	108734235	108737496	3	-0.9047
COPAL_p_TCGAb_337_338_339_NSP_GenomeWideSNP_6_E05_1373588	1	108739104	110227515	721	9e-04
COPAL_p_TCGAb_337_338_339_NSP_GenomeWideSNP_6_E05_1373588	1	110232974	110240178	17	-0.756
COPAL_p_TCGAb_337_338_339_NSP_GenomeWideSNP_6_E05_1373588	1	110242953	152555527	9971	0.0033
COPAL_p_TCGAb_337_338_339_NSP_GenomeWideSNP_6_E05_1373588	1	152555706	152586594	35	-1.3218
COPAL_p_TCGAb_337_338_339_NSP_GenomeWideSNP_6_E05_1373588	1	152590494	152759678	170	-0.0211
COPAL_p_TCGAb_337_338_339_NSP_GenomeWideSNP_6_E05_1373588	1	152761923	152768700	37	0.3939
COPAL_p_TCGAb_337_338_339_NSP_GenomeWideSNP_6_E05_1373588	1	152773905	155180466	1336	-0.004
COPAL_p_TCGAb_337_338_339_NSP_GenomeWideSNP_6_E05_1373588	1	155189160	155201064	11	-0.9925
COPAL_p_TCGAb_337_338_339_NSP_GenomeWideSNP_6_E05_1373588	1	155211667	161601933	3910	0.0044
COPAL_p_TCGAb_337_338_339_NSP_GenomeWideSNP_6_E05_1373588	1	161604497	161629301	30	0.3312
COPAL_p_TCGAb_337_338_339_NSP_GenomeWideSNP_6_E05_1373588	1	161629942	193155792	21710	0.0029
COPAL_p_TCGAb_337_338_339_NSP_GenomeWideSNP_6_E05_1373588	1	193156279	193156332	3	1.1463
COPAL_p_TCGAb_337_338_339_NSP_GenomeWideSNP_6_E05_1373588	1	193156348	196709446	2387	-0.0076
COPAL_p_TCGAb_337_338_339_NSP_GenomeWideSNP_6_E05_1373588	1	196709760	196799699	85	0.2894
COPAL_p_TCGAb_337_338_339_NSP_GenomeWideSNP_6_E05_1373588	1	196799714	248129240	35305	-8e-04
COPAL_p_TCGAb_337_338_339_NSP_GenomeWideSNP_6_E05_1373588	1	248133834	248142453	8	-0.9628
COPAL_p_TCGAb_337_338_339_NSP_GenomeWideSNP_6_E05_1373588	1	248148810	249224388	483	0.0272
COPAL_p_TCGAb_337_338_339_NSP_GenomeWideSNP_6_E05_1373588	2	12784	7639373	5908	-0.0037
COPAL_p_TCGAb_337_338_339_NSP_GenomeWideSNP_6_E05_1373588	2	7643065	7646972	2	1.409
COPAL_p_TCGAb_337_338_339_NSP_GenomeWideSNP_6_E05_1373588	2	7647007	25999063	12700	5e-04
COPAL_p_TCGAb_337_338_339_NSP_GenomeWideSNP_6_E05_1373588	2	26003068	26006479	3	-1.0965
COPAL_p_TCGAb_337_338_339_NSP_GenomeWideSNP_6_E05_1373588	2	26006512	34683290	5404	0.0082
COPAL_p_TCGAb_337_338_339_NSP_GenomeWideSNP_6_E05_1373588	2	34685280	34740799	54	0.3447
COPAL_p_TCGAb_337_338_339_NSP_GenomeWideSNP_6_E05_1373588	2	34741027	40990662	4624	0.0056
COPAL_p_TCGAb_337_338_339_NSP_GenomeWideSNP_6_E05_1373588	2	40990752	40991438	2	1.8918
COPAL_p_TCGAb_337_338_339_NSP_GenomeWideSNP_6_E05_1373588	2	40991806	52739040	8344	0.0089
COPAL_p_TCGAb_337_338_339_NSP_GenomeWideSNP_6_E05_1373588	2	52739102	52781542	45	-0.5223
COPAL_p_TCGAb_337_338_339_NSP_GenomeWideSNP_6_E05_1373588	2	52787949	57394902	3347	0.0019
COPAL_p_TCGAb_337_338_339_NSP_GenomeWideSNP_6_E05_1373588	2	57402044	57445471	69	0.8062
COPAL_p_TCGAb_337_338_339_NSP_GenomeWideSNP_6_E05_1373588	2	57447398	75375179	11013	0.0063
COPAL_p_TCGAb_337_338_339_NSP_GenomeWideSNP_6_E05_1373588	2	75381677	75381796	5	-0.7511
COPAL_p_TCGAb_337_338_339_NSP_GenomeWideSNP_6_E05_1373588	2	75381837	75843653	376	-0.0023
COPAL_p_TCGAb_337_338_339_NSP_GenomeWideSNP_6_E05_1373588	2	75844141	75849673	9	0.6795
COPAL_p_TCGAb_337_338_339_NSP_GenomeWideSNP_6_E05_1373588	2	75850719	79662090	2582	5e-04
COPAL_p_TCGAb_337_338_339_NSP_GenomeWideSNP_6_E05_1373588	2	79665026	79666524	2	1.5273
COPAL_p_TCGAb_337_338_339_NSP_GenomeWideSNP_6_E05_1373588	2	79667135	89565217	5380	0.0023
COPAL_p_TCGAb_337_338_339_NSP_GenomeWideSNP_6_E05_1373588	2	89568468	90269005	172	0.4376
COPAL_p_TCGAb_337_338_339_NSP_GenomeWideSNP_6_E05_1373588	2	90274766	127852021	19005	8e-04
COPAL_p_TCGAb_337_338_339_NSP_GenomeWideSNP_6_E05_1373588	2	127857046	127857763	2	1.981
COPAL_p_TCGAb_337_338_339_NSP_GenomeWideSNP_6_E05_1373588	2	127857946	129638478	1025	0.0044
COPAL_p_TCGAb_337_338_339_NSP_GenomeWideSNP_6_E05_1373588	2	129638502	129640297	13	-0.6946
COPAL_p_TCGAb_337_338_339_NSP_GenomeWideSNP_6_E05_1373588	2	129640315	146862085	10443	0.0065
COPAL_p_TCGAb_337_338_339_NSP_GenomeWideSNP_6_E05_1373588	2	146864404	146880254	36	-0.3433
COPAL_p_TCGAb_337_338_339_NSP_GenomeWideSNP_6_E05_1373588	2	146880424	185316676	23614	0.002
COPAL_p_TCGAb_337_338_339_NSP_GenomeWideSNP_6_E05_1373588	2	185316880	185320059	4	1.0068
COPAL_p_TCGAb_337_338_339_NSP_GenomeWideSNP_6_E05_1373588	2	185325519	195314722	5482	0.0061
COPAL_p_TCGAb_337_338_339_NSP_GenomeWideSNP_6_E05_1373588	2	195315579	195316009	3	-1.1258
COPAL_p_TCGAb_337_338_339_NSP_GenomeWideSNP_6_E05_1373588	2	195316640	208350754	7746	0.0016
COPAL_p_TCGAb_337_338_339_NSP_GenomeWideSNP_6_E05_1373588	2	208354912	208359476	19	-0.7483
COPAL_p_TCGAb_337_338_339_NSP_GenomeWideSNP_6_E05_1373588	2	208359519	243089456	22074	0.0017
COPAL_p_TCGAb_337_338_339_NSP_GenomeWideSNP_6_E05_1373588	3	60345	6646543	5814	0.0011
COPAL_p_TCGAb_337_338_339_NSP_GenomeWideSNP_6_E05_1373588	3	6651128	6653332	23	-0.6032
COPAL_p_TCGAb_337_338_339_NSP_GenomeWideSNP_6_E05_1373588	3	6655078	39704188	22893	0.002
COPAL_p_TCGAb_337_338_339_NSP_GenomeWideSNP_6_E05_1373588	3	39704574	39768009	27	0.4572
COPAL_p_TCGAb_337_338_339_NSP_GenomeWideSNP_6_E05_1373588	3	39768040	129786209	53526	0.001
COPAL_p_TCGAb_337_338_339_NSP_GenomeWideSNP_6_E05_1373588	3	129786286	129806236	45	-1.2986
COPAL_p_TCGAb_337_338_339_NSP_GenomeWideSNP_6_E05_1373588	3	129806924	162512739	20225	0
COPAL_p_TCGAb_337_338_339_NSP_GenomeWideSNP_6_E05_1373588	3	162513092	162623842	63	-1.1586
COPAL_p_TCGAb_337_338_339_NSP_GenomeWideSNP_6_E05_1373588	3	162623853	165021836	1310	0.0035
COPAL_p_TCGAb_337_338_339_NSP_GenomeWideSNP_6_E05_1373588	3	165022274	165022914	2	-1.3248
COPAL_p_TCGAb_337_338_339_NSP_GenomeWideSNP_6_E05_1373588	3	165030679	187595294	13994	0
COPAL_p_TCGAb_337_338_339_NSP_GenomeWideSNP_6_E05_1373588	3	187595378	187595713	2	1.4163
COPAL_p_TCGAb_337_338_339_NSP_GenomeWideSNP_6_E05_1373588	3	187595740	189360754	1316	0.0092
COPAL_p_TCGAb_337_338_339_NSP_GenomeWideSNP_6_E05_1373588	3	189363678	189364581	9	-0.9664
COPAL_p_TCGAb_337_338_339_NSP_GenomeWideSNP_6_E05_1373588	3	189364596	190256086	652	-0.0023
COPAL_p_TCGAb_337_338_339_NSP_GenomeWideSNP_6_E05_1373588	3	190260037	190260695	3	-1.0796
COPAL_p_TCGAb_337_338_339_NSP_GenomeWideSNP_6_E05_1373588	3	190260915	192793418	1762	-0.012
COPAL_p_TCGAb_337_338_339_NSP_GenomeWideSNP_6_E05_1373588	3	192797746	192802042	2	1.2908
COPAL_p_TCGAb_337_338_339_NSP_GenomeWideSNP_6_E05_1373588	3	192802393	192877902	70	-0.0045
COPAL_p_TCGAb_337_338_339_NSP_GenomeWideSNP_6_E05_1373588	3	192877962	192882903	19	1.0499
COPAL_p_TCGAb_337_338_339_NSP_GenomeWideSNP_6_E05_1373588	3	192886435	195285898	1479	0.0013
COPAL_p_TCGAb_337_338_339_NSP_GenomeWideSNP_6_E05_1373588	3	195383142	195474763	46	-0.636
COPAL_p_TCGAb_337_338_339_NSP_GenomeWideSNP_6_E05_1373588	3	195478694	195700482	82	-0.0859
COPAL_p_TCGAb_337_338_339_NSP_GenomeWideSNP_6_E05_1373588	3	195701115	195709662	4	-0.9384
COPAL_p_TCGAb_337_338_339_NSP_GenomeWideSNP_6_E05_1373588	3	195718765	197895985	1080	-0.0154
COPAL_p_TCGAb_337_338_339_NSP_GenomeWideSNP_6_E05_1373588	3	197896002	197896118	3	-0.8569
COPAL_p_TCGAb_337_338_339_NSP_GenomeWideSNP_6_E05_1373588	4	12281	9456977	5219	-0.0061
COPAL_p_TCGAb_337_338_339_NSP_GenomeWideSNP_6_E05_1373588	4	9461230	9486087	10	0.5406
COPAL_p_TCGAb_337_338_339_NSP_GenomeWideSNP_6_E05_1373588	4	9496294	10231498	571	0.017
COPAL_p_TCGAb_337_338_339_NSP_GenomeWideSNP_6_E05_1373588	4	10234214	10234266	2	1.1331
COPAL_p_TCGAb_337_338_339_NSP_GenomeWideSNP_6_E05_1373588	4	10234608	10392354	175	0.0082
COPAL_p_TCGAb_337_338_339_NSP_GenomeWideSNP_6_E05_1373588	4	10393154	10400668	15	-0.5615
COPAL_p_TCGAb_337_338_339_NSP_GenomeWideSNP_6_E05_1373588	4	10402718	40700573	20667	-0.0018
COPAL_p_TCGAb_337_338_339_NSP_GenomeWideSNP_6_E05_1373588	4	40704011	40704687	4	-0.8799
COPAL_p_TCGAb_337_338_339_NSP_GenomeWideSNP_6_E05_1373588	4	40705987	55501728	6921	0.0024
COPAL_p_TCGAb_337_338_339_NSP_GenomeWideSNP_6_E05_1373588	4	55501921	55505360	2	1.2253
COPAL_p_TCGAb_337_338_339_NSP_GenomeWideSNP_6_E05_1373588	4	55505933	64693940	5721	-0.0062
COPAL_p_TCGAb_337_338_339_NSP_GenomeWideSNP_6_E05_1373588	4	64697469	64705785	20	-0.6216
COPAL_p_TCGAb_337_338_339_NSP_GenomeWideSNP_6_E05_1373588	4	64707581	64708258	8	-2.3361
COPAL_p_TCGAb_337_338_339_NSP_GenomeWideSNP_6_E05_1373588	4	64716431	72405689	4607	0.004
COPAL_p_TCGAb_337_338_339_NSP_GenomeWideSNP_6_E05_1373588	4	72406466	72406729	2	1.3092
COPAL_p_TCGAb_337_338_339_NSP_GenomeWideSNP_6_E05_1373588	4	72410348	86643742	8881	0.0028
COPAL_p_TCGAb_337_338_339_NSP_GenomeWideSNP_6_E05_1373588	4	86643857	86644102	3	1.074
COPAL_p_TCGAb_337_338_339_NSP_GenomeWideSNP_6_E05_1373588	4	86644130	92512621	3652	0.0052
COPAL_p_TCGAb_337_338_339_NSP_GenomeWideSNP_6_E05_1373588	4	92513271	92515703	2	-1.4425
COPAL_p_TCGAb_337_338_339_NSP_GenomeWideSNP_6_E05_1373588	4	92519064	104745571	7146	-2e-04
COPAL_p_TCGAb_337_338_339_NSP_GenomeWideSNP_6_E05_1373588	4	104751630	104751637	5	1.0005
COPAL_p_TCGAb_337_338_339_NSP_GenomeWideSNP_6_E05_1373588	4	104751644	116165868	6919	0.0014
COPAL_p_TCGAb_337_338_339_NSP_GenomeWideSNP_6_E05_1373588	4	116166104	116175322	14	-0.7587
COPAL_p_TCGAb_337_338_339_NSP_GenomeWideSNP_6_E05_1373588	4	116175363	150904846	20458	-6e-04
COPAL_p_TCGAb_337_338_339_NSP_GenomeWideSNP_6_E05_1373588	4	150905374	150905959	2	-1.1727
COPAL_p_TCGAb_337_338_339_NSP_GenomeWideSNP_6_E05_1373588	4	150909060	158552973	4799	7e-04
COPAL_p_TCGAb_337_338_339_NSP_GenomeWideSNP_6_E05_1373588	4	158556891	158561723	7	-0.6424
COPAL_p_TCGAb_337_338_339_NSP_GenomeWideSNP_6_E05_1373588	4	158561859	158632072	61	-0.0084
COPAL_p_TCGAb_337_338_339_NSP_GenomeWideSNP_6_E05_1373588	4	158634769	158639268	2	-1.261
COPAL_p_TCGAb_337_338_339_NSP_GenomeWideSNP_6_E05_1373588	4	158639667	161873906	1992	-0.0072
COPAL_p_TCGAb_337_338_339_NSP_GenomeWideSNP_6_E05_1373588	4	161873912	161884908	25	-0.5407
COPAL_p_TCGAb_337_338_339_NSP_GenomeWideSNP_6_E05_1373588	4	161884919	172987928	7054	1e-04
COPAL_p_TCGAb_337_338_339_NSP_GenomeWideSNP_6_E05_1373588	4	172989148	172989533	12	-1.2663
COPAL_p_TCGAb_337_338_339_NSP_GenomeWideSNP_6_E05_1373588	4	172995979	189221230	10904	-7e-04
COPAL_p_TCGAb_337_338_339_NSP_GenomeWideSNP_6_E05_1373588	4	189221258	189221424	4	0.8993
COPAL_p_TCGAb_337_338_339_NSP_GenomeWideSNP_6_E05_1373588	4	189221439	191027923	1176	-0.0269
COPAL_p_TCGAb_337_338_339_NSP_GenomeWideSNP_6_E05_1373588	5	15532	27081	6	0.2841
COPAL_p_TCGAb_337_338_339_NSP_GenomeWideSNP_6_E05_1373588	5	29339	12785262	10165	-0.0074
COPAL_p_TCGAb_337_338_339_NSP_GenomeWideSNP_6_E05_1373588	5	12790869	12833857	16	0.3438
COPAL_p_TCGAb_337_338_339_NSP_GenomeWideSNP_6_E05_1373588	5	12837978	12838533	2	1.4145
COPAL_p_TCGAb_337_338_339_NSP_GenomeWideSNP_6_E05_1373588	5	12849201	57321646	25569	4e-04
COPAL_p_TCGAb_337_338_339_NSP_GenomeWideSNP_6_E05_1373588	5	57326027	57333533	32	1.1953
COPAL_p_TCGAb_337_338_339_NSP_GenomeWideSNP_6_E05_1373588	5	57338357	75450020	10406	-0.0013
COPAL_p_TCGAb_337_338_339_NSP_GenomeWideSNP_6_E05_1373588	5	75450067	75450144	3	1.3785
COPAL_p_TCGAb_337_338_339_NSP_GenomeWideSNP_6_E05_1373588	5	75450176	98878673	13466	0.0039
COPAL_p_TCGAb_337_338_339_NSP_GenomeWideSNP_6_E05_1373588	5	98878767	98878804	2	1.2897
COPAL_p_TCGAb_337_338_339_NSP_GenomeWideSNP_6_E05_1373588	5	98881992	99535209	400	-0.0052
COPAL_p_TCGAb_337_338_339_NSP_GenomeWideSNP_6_E05_1373588	5	99536420	99538226	3	1.128
COPAL_p_TCGAb_337_338_339_NSP_GenomeWideSNP_6_E05_1373588	5	99538338	155475105	35806	6e-04
COPAL_p_TCGAb_337_338_339_NSP_GenomeWideSNP_6_E05_1373588	5	155476772	155495250	15	-0.6312
COPAL_p_TCGAb_337_338_339_NSP_GenomeWideSNP_6_E05_1373588	5	155495253	180374523	16558	3e-04
COPAL_p_TCGAb_337_338_339_NSP_GenomeWideSNP_6_E05_1373588	5	180378710	180418103	19	-0.5936
COPAL_p_TCGAb_337_338_339_NSP_GenomeWideSNP_6_E05_1373588	5	180433225	180790320	171	-0.0238
COPAL_p_TCGAb_337_338_339_NSP_GenomeWideSNP_6_E05_1373588	6	149661	29837072	21646	-0.0021
COPAL_p_TCGAb_337_338_339_NSP_GenomeWideSNP_6_E05_1373588	6	29837187	29874642	22	-0.7473
COPAL_p_TCGAb_337_338_339_NSP_GenomeWideSNP_6_E05_1373588	6	29874709	53931151	14923	-0.0022
COPAL_p_TCGAb_337_338_339_NSP_GenomeWideSNP_6_E05_1373588	6	53931230	53931855	6	-1.3242
COPAL_p_TCGAb_337_338_339_NSP_GenomeWideSNP_6_E05_1373588	6	53935348	62923825	3090	-0.0104
COPAL_p_TCGAb_337_338_339_NSP_GenomeWideSNP_6_E05_1373588	6	62925642	62928304	4	-1.1649
COPAL_p_TCGAb_337_338_339_NSP_GenomeWideSNP_6_E05_1373588	6	62931703	69937817	4401	0
COPAL_p_TCGAb_337_338_339_NSP_GenomeWideSNP_6_E05_1373588	6	69938177	69938517	3	-2.0005
COPAL_p_TCGAb_337_338_339_NSP_GenomeWideSNP_6_E05_1373588	6	69940937	77027781	4496	-0.0056
COPAL_p_TCGAb_337_338_339_NSP_GenomeWideSNP_6_E05_1373588	6	77032953	77033189	2	1.2346
COPAL_p_TCGAb_337_338_339_NSP_GenomeWideSNP_6_E05_1373588	6	77033209	77436532	262	0.0269
COPAL_p_TCGAb_337_338_339_NSP_GenomeWideSNP_6_E05_1373588	6	77439868	77452270	14	-0.536
COPAL_p_TCGAb_337_338_339_NSP_GenomeWideSNP_6_E05_1373588	6	77452382	78972168	992	-0.0021
COPAL_p_TCGAb_337_338_339_NSP_GenomeWideSNP_6_E05_1373588	6	78972466	79032317	98	0.2922
COPAL_p_TCGAb_337_338_339_NSP_GenomeWideSNP_6_E05_1373588	6	79032592	115195456	22704	0.0013
COPAL_p_TCGAb_337_338_339_NSP_GenomeWideSNP_6_E05_1373588	6	115202532	115202606	3	-1.8186
COPAL_p_TCGAb_337_338_339_NSP_GenomeWideSNP_6_E05_1373588	6	115202790	117501370	1238	-0.0011
COPAL_p_TCGAb_337_338_339_NSP_GenomeWideSNP_6_E05_1373588	6	117509184	117562552	30	-0.8471
COPAL_p_TCGAb_337_338_339_NSP_GenomeWideSNP_6_E05_1373588	6	117571665	171051005	35567	-0.0022
COPAL_p_TCGAb_337_338_339_NSP_GenomeWideSNP_6_E05_1373588	7	43355	126045556	77165	2e-04
COPAL_p_TCGAb_337_338_339_NSP_GenomeWideSNP_6_E05_1373588	7	126045651	126046543	8	-0.9516
COPAL_p_TCGAb_337_338_339_NSP_GenomeWideSNP_6_E05_1373588	7	126046600	141763124	9908	-0.0036
COPAL_p_TCGAb_337_338_339_NSP_GenomeWideSNP_6_E05_1373588	7	141769643	141791908	41	-0.6694
COPAL_p_TCGAb_337_338_339_NSP_GenomeWideSNP_6_E05_1373588	7	141792107	142474653	450	0.0322
COPAL_p_TCGAb_337_338_339_NSP_GenomeWideSNP_6_E05_1373588	7	142474939	142486045	28	0.6518
COPAL_p_TCGAb_337_338_339_NSP_GenomeWideSNP_6_E05_1373588	7	142486115	143532998	559	0.0249
COPAL_p_TCGAb_337_338_339_NSP_GenomeWideSNP_6_E05_1373588	7	143543851	143547272	9	-0.4258
COPAL_p_TCGAb_337_338_339_NSP_GenomeWideSNP_6_E05_1373588	7	143568059	143909445	274	-0.008
COPAL_p_TCGAb_337_338_339_NSP_GenomeWideSNP_6_E05_1373588	7	143911624	143977392	19	-0.7343
COPAL_p_TCGAb_337_338_339_NSP_GenomeWideSNP_6_E05_1373588	7	143992530	144009564	7	0.2245
COPAL_p_TCGAb_337_338_339_NSP_GenomeWideSNP_6_E05_1373588	7	144014189	144066947	13	-0.4835
COPAL_p_TCGAb_337_338_339_NSP_GenomeWideSNP_6_E05_1373588	7	144074929	154387125	6428	-0.0018
COPAL_p_TCGAb_337_338_339_NSP_GenomeWideSNP_6_E05_1373588	7	154389895	154399613	5	-1.3519
COPAL_p_TCGAb_337_338_339_NSP_GenomeWideSNP_6_E05_1373588	7	154400830	159127004	3229	-0.0108
COPAL_p_TCGAb_337_338_339_NSP_GenomeWideSNP_6_E05_1373588	8	31254	595790	333	-0.0243
COPAL_p_TCGAb_337_338_339_NSP_GenomeWideSNP_6_E05_1373588	8	595875	595908	3	1.2178
COPAL_p_TCGAb_337_338_339_NSP_GenomeWideSNP_6_E05_1373588	8	601043	3787060	3081	-0.0148
COPAL_p_TCGAb_337_338_339_NSP_GenomeWideSNP_6_E05_1373588	8	3787083	3790106	23	-0.6401
COPAL_p_TCGAb_337_338_339_NSP_GenomeWideSNP_6_E05_1373588	8	3791218	15413447	10665	-0.0036
COPAL_p_TCGAb_337_338_339_NSP_GenomeWideSNP_6_E05_1373588	8	15423270	15431638	16	-1.1043
COPAL_p_TCGAb_337_338_339_NSP_GenomeWideSNP_6_E05_1373588	8	15433683	23402308	6489	0.0063
COPAL_p_TCGAb_337_338_339_NSP_GenomeWideSNP_6_E05_1373588	8	23407740	23407871	5	-0.8428
COPAL_p_TCGAb_337_338_339_NSP_GenomeWideSNP_6_E05_1373588	8	23407905	24972187	1134	0.0062
COPAL_p_TCGAb_337_338_339_NSP_GenomeWideSNP_6_E05_1373588	8	24974443	24984333	27	0.3271
COPAL_p_TCGAb_337_338_339_NSP_GenomeWideSNP_6_E05_1373588	8	24991104	39246675	8989	-7e-04
COPAL_p_TCGAb_337_338_339_NSP_GenomeWideSNP_6_E05_1373588	8	39247111	39384124	53	0.3129
COPAL_p_TCGAb_337_338_339_NSP_GenomeWideSNP_6_E05_1373588	8	39384700	68906760	15815	0.0013
COPAL_p_TCGAb_337_338_339_NSP_GenomeWideSNP_6_E05_1373588	8	68909760	68910381	2	-1.2247
COPAL_p_TCGAb_337_338_339_NSP_GenomeWideSNP_6_E05_1373588	8	68912433	112291494	26114	-0.0022
COPAL_p_TCGAb_337_338_339_NSP_GenomeWideSNP_6_E05_1373588	8	112294279	112295260	10	-1.2758
COPAL_p_TCGAb_337_338_339_NSP_GenomeWideSNP_6_E05_1373588	8	112300281	146298155	22859	-0.0054
COPAL_p_TCGAb_337_338_339_NSP_GenomeWideSNP_6_E05_1373588	9	46587	5079156	5231	0.0017
COPAL_p_TCGAb_337_338_339_NSP_GenomeWideSNP_6_E05_1373588	9	5081416	5081766	8	-0.777
COPAL_p_TCGAb_337_338_339_NSP_GenomeWideSNP_6_E05_1373588	9	5081852	12554856	6436	0.0021
COPAL_p_TCGAb_337_338_339_NSP_GenomeWideSNP_6_E05_1373588	9	12556594	12562294	3	1.5602
COPAL_p_TCGAb_337_338_339_NSP_GenomeWideSNP_6_E05_1373588	9	12565520	23361805	8706	-0.0011
COPAL_p_TCGAb_337_338_339_NSP_GenomeWideSNP_6_E05_1373588	9	23363115	23373484	8	-2.107
COPAL_p_TCGAb_337_338_339_NSP_GenomeWideSNP_6_E05_1373588	9	23378488	28309878	3764	-0.0038
COPAL_p_TCGAb_337_338_339_NSP_GenomeWideSNP_6_E05_1373588	9	28310570	28311629	2	1.4426
COPAL_p_TCGAb_337_338_339_NSP_GenomeWideSNP_6_E05_1373588	9	28312061	29088729	556	-0.0096
COPAL_p_TCGAb_337_338_339_NSP_GenomeWideSNP_6_E05_1373588	9	29089610	29097680	6	0.7877
COPAL_p_TCGAb_337_338_339_NSP_GenomeWideSNP_6_E05_1373588	9	29100799	43554462	6559	-0.0088
COPAL_p_TCGAb_337_338_339_NSP_GenomeWideSNP_6_E05_1373588	9	43583463	43663163	10	0.5343
COPAL_p_TCGAb_337_338_339_NSP_GenomeWideSNP_6_E05_1373588	9	43666330	44244880	49	-0.011
COPAL_p_TCGAb_337_338_339_NSP_GenomeWideSNP_6_E05_1373588	9	44250853	44385979	12	-0.4162
COPAL_p_TCGAb_337_338_339_NSP_GenomeWideSNP_6_E05_1373588	9	44396699	44629223	7	0.1162
COPAL_p_TCGAb_337_338_339_NSP_GenomeWideSNP_6_E05_1373588	9	44727859	44837527	34	-0.8659
COPAL_p_TCGAb_337_338_339_NSP_GenomeWideSNP_6_E05_1373588	9	44840918	90522594	14579	-2e-04
COPAL_p_TCGAb_337_338_339_NSP_GenomeWideSNP_6_E05_1373588	9	90554151	90554219	2	-1.7072
COPAL_p_TCGAb_337_338_339_NSP_GenomeWideSNP_6_E05_1373588	9	90557957	104874887	9425	0.0015
COPAL_p_TCGAb_337_338_339_NSP_GenomeWideSNP_6_E05_1373588	9	104875248	104902874	25	0.3281
COPAL_p_TCGAb_337_338_339_NSP_GenomeWideSNP_6_E05_1373588	9	104903684	113024442	6225	-0.0057
COPAL_p_TCGAb_337_338_339_NSP_GenomeWideSNP_6_E05_1373588	9	113024789	113028169	3	-2.844
COPAL_p_TCGAb_337_338_339_NSP_GenomeWideSNP_6_E05_1373588	9	113032431	141091394	17969	-0.0046
COPAL_p_TCGAb_337_338_339_NSP_GenomeWideSNP_6_E05_1373588	10	72759	4240107	3519	-0.0034
COPAL_p_TCGAb_337_338_339_NSP_GenomeWideSNP_6_E05_1373588	10	4240722	4241572	4	-1.2244
COPAL_p_TCGAb_337_338_339_NSP_GenomeWideSNP_6_E05_1373588	10	4243998	48883402	28579	9e-04
COPAL_p_TCGAb_337_338_339_NSP_GenomeWideSNP_6_E05_1373588	10	48902376	49381611	29	0.3447
COPAL_p_TCGAb_337_338_339_NSP_GenomeWideSNP_6_E05_1373588	10	49387614	55108129	3862	-0.0013
COPAL_p_TCGAb_337_338_339_NSP_GenomeWideSNP_6_E05_1373588	10	55119025	55119521	6	-0.9236
COPAL_p_TCGAb_337_338_339_NSP_GenomeWideSNP_6_E05_1373588	10	55119720	135506704	54702	-8e-04
COPAL_p_TCGAb_337_338_339_NSP_GenomeWideSNP_6_E05_1373588	11	198510	4967396	2471	0.0064
COPAL_p_TCGAb_337_338_339_NSP_GenomeWideSNP_6_E05_1373588	11	4967650	4976493	36	-0.2982
COPAL_p_TCGAb_337_338_339_NSP_GenomeWideSNP_6_E05_1373588	11	4976534	55376511	31998	0.0018
COPAL_p_TCGAb_337_338_339_NSP_GenomeWideSNP_6_E05_1373588	11	55376634	55439990	37	-0.4931
COPAL_p_TCGAb_337_338_339_NSP_GenomeWideSNP_6_E05_1373588	11	55442318	91830489	21312	-0.0018
COPAL_p_TCGAb_337_338_339_NSP_GenomeWideSNP_6_E05_1373588	11	91830658	91831043	2	2.0483
COPAL_p_TCGAb_337_338_339_NSP_GenomeWideSNP_6_E05_1373588	11	91832704	101594384	7240	0.0014
COPAL_p_TCGAb_337_338_339_NSP_GenomeWideSNP_6_E05_1373588	11	101597860	101597964	4	1.199
COPAL_p_TCGAb_337_338_339_NSP_GenomeWideSNP_6_E05_1373588	11	101598212	133817472	22822	0.0014
COPAL_p_TCGAb_337_338_339_NSP_GenomeWideSNP_6_E05_1373588	11	133817656	133818097	2	1.4157
COPAL_p_TCGAb_337_338_339_NSP_GenomeWideSNP_6_E05_1373588	11	133819442	134944770	835	-0.0117
COPAL_p_TCGAb_337_338_339_NSP_GenomeWideSNP_6_E05_1373588	12	150442	31999705	21834	1e-04
COPAL_p_TCGAb_337_338_339_NSP_GenomeWideSNP_6_E05_1373588	12	32002296	32068150	63	0.4389
COPAL_p_TCGAb_337_338_339_NSP_GenomeWideSNP_6_E05_1373588	12	32068182	33301807	891	-0.0116
COPAL_p_TCGAb_337_338_339_NSP_GenomeWideSNP_6_E05_1373588	12	33302013	33303654	12	-0.6236
COPAL_p_TCGAb_337_338_339_NSP_GenomeWideSNP_6_E05_1373588	12	33303866	133778189	61958	0
COPAL_p_TCGAb_337_338_339_NSP_GenomeWideSNP_6_E05_1373588	13	19026949	72476988	35036	-0.001
COPAL_p_TCGAb_337_338_339_NSP_GenomeWideSNP_6_E05_1373588	13	72477555	72480556	4	-1.331
COPAL_p_TCGAb_337_338_339_NSP_GenomeWideSNP_6_E05_1373588	13	72480605	115108397	29017	-0.002
COPAL_p_TCGAb_337_338_339_NSP_GenomeWideSNP_6_E05_1373588	14	19002124	19160024	15	-0.0694
COPAL_p_TCGAb_337_338_339_NSP_GenomeWideSNP_6_E05_1373588	14	19160896	20425509	177	0.2095
COPAL_p_TCGAb_337_338_339_NSP_GenomeWideSNP_6_E05_1373588	14	20425860	41610496	13562	0.0074
COPAL_p_TCGAb_337_338_339_NSP_GenomeWideSNP_6_E05_1373588	14	41610690	41629242	6	-1.5581
COPAL_p_TCGAb_337_338_339_NSP_GenomeWideSNP_6_E05_1373588	14	41633385	41653977	6	-3.9654
COPAL_p_TCGAb_337_338_339_NSP_GenomeWideSNP_6_E05_1373588	14	41657249	106715330	41208	3e-04
COPAL_p_TCGAb_337_338_339_NSP_GenomeWideSNP_6_E05_1373588	14	106715489	106818557	46	0.3165
COPAL_p_TCGAb_337_338_339_NSP_GenomeWideSNP_6_E05_1373588	14	106820744	107285437	306	-0.022
COPAL_p_TCGAb_337_338_339_NSP_GenomeWideSNP_6_E05_1373588	15	20016328	20206939	48	-0.0384
COPAL_p_TCGAb_337_338_339_NSP_GenomeWideSNP_6_E05_1373588	15	20216955	20262236	5	-1.0376
COPAL_p_TCGAb_337_338_339_NSP_GenomeWideSNP_6_E05_1373588	15	20264286	20624206	89	-0.2187
COPAL_p_TCGAb_337_338_339_NSP_GenomeWideSNP_6_E05_1373588	15	20627008	20743947	9	0.3756
COPAL_p_TCGAb_337_338_339_NSP_GenomeWideSNP_6_E05_1373588	15	20795340	22284954	157	-0.0993
COPAL_p_TCGAb_337_338_339_NSP_GenomeWideSNP_6_E05_1373588	15	22285769	22681250	115	-0.6357
COPAL_p_TCGAb_337_338_339_NSP_GenomeWideSNP_6_E05_1373588	15	22751094	24382443	869	-0.0181
COPAL_p_TCGAb_337_338_339_NSP_GenomeWideSNP_6_E05_1373588	15	24383030	24434532	32	0.4302
COPAL_p_TCGAb_337_338_339_NSP_GenomeWideSNP_6_E05_1373588	15	24442219	24472002	20	0.0133
COPAL_p_TCGAb_337_338_339_NSP_GenomeWideSNP_6_E05_1373588	15	24472230	24503266	11	-0.6539
COPAL_p_TCGAb_337_338_339_NSP_GenomeWideSNP_6_E05_1373588	15	24503660	29521751	3152	-0.0017
COPAL_p_TCGAb_337_338_339_NSP_GenomeWideSNP_6_E05_1373588	15	29528950	29531378	8	-0.7118
COPAL_p_TCGAb_337_338_339_NSP_GenomeWideSNP_6_E05_1373588	15	29532159	30370031	570	-0.0188
COPAL_p_TCGAb_337_338_339_NSP_GenomeWideSNP_6_E05_1373588	15	30386411	30792569	105	-0.3843
COPAL_p_TCGAb_337_338_339_NSP_GenomeWideSNP_6_E05_1373588	15	30795789	32512220	1076	-0.0018
COPAL_p_TCGAb_337_338_339_NSP_GenomeWideSNP_6_E05_1373588	15	32531316	32578141	11	-0.6373
COPAL_p_TCGAb_337_338_339_NSP_GenomeWideSNP_6_E05_1373588	15	32591766	76891511	27951	-0.0027
COPAL_p_TCGAb_337_338_339_NSP_GenomeWideSNP_6_E05_1373588	15	76891627	76895775	20	-1.7001
COPAL_p_TCGAb_337_338_339_NSP_GenomeWideSNP_6_E05_1373588	15	76902179	102469040	17618	2e-04
COPAL_p_TCGAb_337_338_339_NSP_GenomeWideSNP_6_E05_1373588	16	60777	34459601	20469	-0.0044
COPAL_p_TCGAb_337_338_339_NSP_GenomeWideSNP_6_E05_1373588	16	34459709	34757071	170	0.3278
COPAL_p_TCGAb_337_338_339_NSP_GenomeWideSNP_6_E05_1373588	16	34760967	55796594	6594	-0.003
COPAL_p_TCGAb_337_338_339_NSP_GenomeWideSNP_6_E05_1373588	16	55798222	55798779	3	2.0902
COPAL_p_TCGAb_337_338_339_NSP_GenomeWideSNP_6_E05_1373588	16	55804348	70151527	8750	1e-04
COPAL_p_TCGAb_337_338_339_NSP_GenomeWideSNP_6_E05_1373588	16	70151560	70198330	13	0.6239
COPAL_p_TCGAb_337_338_339_NSP_GenomeWideSNP_6_E05_1373588	16	70198356	74384258	2424	-0.0073
COPAL_p_TCGAb_337_338_339_NSP_GenomeWideSNP_6_E05_1373588	16	74397058	74466566	12	0.4847
COPAL_p_TCGAb_337_338_339_NSP_GenomeWideSNP_6_E05_1373588	16	74466810	78371608	3187	0.0018
COPAL_p_TCGAb_337_338_339_NSP_GenomeWideSNP_6_E05_1373588	16	78372440	78384738	15	-1.4761
COPAL_p_TCGAb_337_338_339_NSP_GenomeWideSNP_6_E05_1373588	16	78384765	90287535	10571	-0.0071
COPAL_p_TCGAb_337_338_339_NSP_GenomeWideSNP_6_E05_1373588	17	526	39210143	20749	-0.0054
COPAL_p_TCGAb_337_338_339_NSP_GenomeWideSNP_6_E05_1373588	17	39211908	39221607	12	-0.7278
COPAL_p_TCGAb_337_338_339_NSP_GenomeWideSNP_6_E05_1373588	17	39222806	39423090	123	0.0352
COPAL_p_TCGAb_337_338_339_NSP_GenomeWideSNP_6_E05_1373588	17	39423103	39430531	19	0.7298
COPAL_p_TCGAb_337_338_339_NSP_GenomeWideSNP_6_E05_1373588	17	39432724	44394420	2629	-0.0163
COPAL_p_TCGAb_337_338_339_NSP_GenomeWideSNP_6_E05_1373588	17	44401067	44752033	43	-0.6918
COPAL_p_TCGAb_337_338_339_NSP_GenomeWideSNP_6_E05_1373588	17	44752283	74782691	18313	-6e-04
COPAL_p_TCGAb_337_338_339_NSP_GenomeWideSNP_6_E05_1373588	17	74785598	74788137	2	-1.618
COPAL_p_TCGAb_337_338_339_NSP_GenomeWideSNP_6_E05_1373588	17	74788674	75483528	430	-0.0087
COPAL_p_TCGAb_337_338_339_NSP_GenomeWideSNP_6_E05_1373588	17	75487202	75488933	2	1.0955
COPAL_p_TCGAb_337_338_339_NSP_GenomeWideSNP_6_E05_1373588	17	75489427	78628863	1824	-0.0088
COPAL_p_TCGAb_337_338_339_NSP_GenomeWideSNP_6_E05_1373588	17	78629793	78634179	2	1.9774
COPAL_p_TCGAb_337_338_339_NSP_GenomeWideSNP_6_E05_1373588	17	78634300	81049726	958	0.0026
COPAL_p_TCGAb_337_338_339_NSP_GenomeWideSNP_6_E05_1373588	18	11543	2275438	1625	0.0076
COPAL_p_TCGAb_337_338_339_NSP_GenomeWideSNP_6_E05_1373588	18	2276468	2276912	2	-2.2501
COPAL_p_TCGAb_337_338_339_NSP_GenomeWideSNP_6_E05_1373588	18	2278775	4454150	1606	-1e-04
COPAL_p_TCGAb_337_338_339_NSP_GenomeWideSNP_6_E05_1373588	18	4459073	4493953	22	-0.7999
COPAL_p_TCGAb_337_338_339_NSP_GenomeWideSNP_6_E05_1373588	18	4493978	64953649	37792	-5e-04
COPAL_p_TCGAb_337_338_339_NSP_GenomeWideSNP_6_E05_1373588	18	64959207	64967718	22	-0.4885
COPAL_p_TCGAb_337_338_339_NSP_GenomeWideSNP_6_E05_1373588	18	64967954	66743345	1372	0.0019
COPAL_p_TCGAb_337_338_339_NSP_GenomeWideSNP_6_E05_1373588	18	66746106	66757750	41	-0.6304
COPAL_p_TCGAb_337_338_339_NSP_GenomeWideSNP_6_E05_1373588	18	66757787	77403088	7835	-0.0068
COPAL_p_TCGAb_337_338_339_NSP_GenomeWideSNP_6_E05_1373588	18	77405731	77725625	142	0.4542
COPAL_p_TCGAb_337_338_339_NSP_GenomeWideSNP_6_E05_1373588	18	77726235	78015057	173	0.0439
COPAL_p_TCGAb_337_338_339_NSP_GenomeWideSNP_6_E05_1373588	19	90910	20594676	8952	-0.0096
COPAL_p_TCGAb_337_338_339_NSP_GenomeWideSNP_6_E05_1373588	19	20596206	20716349	69	-0.647
COPAL_p_TCGAb_337_338_339_NSP_GenomeWideSNP_6_E05_1373588	19	20716389	51328093	15295	-4e-04
COPAL_p_TCGAb_337_338_339_NSP_GenomeWideSNP_6_E05_1373588	19	51332267	51332386	2	-1.3323
COPAL_p_TCGAb_337_338_339_NSP_GenomeWideSNP_6_E05_1373588	19	51332481	51333238	3	-5.6438
COPAL_p_TCGAb_337_338_339_NSP_GenomeWideSNP_6_E05_1373588	19	51339207	55339733	2634	-0.0094
COPAL_p_TCGAb_337_338_339_NSP_GenomeWideSNP_6_E05_1373588	19	55347130	55348691	6	-1.8534
COPAL_p_TCGAb_337_338_339_NSP_GenomeWideSNP_6_E05_1373588	19	55360538	59097854	2291	-0.0104
COPAL_p_TCGAb_337_338_339_NSP_GenomeWideSNP_6_E05_1373588	20	61305	1552457	1181	0.0079
COPAL_p_TCGAb_337_338_339_NSP_GenomeWideSNP_6_E05_1373588	20	1552503	1582207	58	-0.3821
COPAL_p_TCGAb_337_338_339_NSP_GenomeWideSNP_6_E05_1373588	20	1590257	48571673	30651	0.0035
COPAL_p_TCGAb_337_338_339_NSP_GenomeWideSNP_6_E05_1373588	20	48574116	48586060	3	1.1726
COPAL_p_TCGAb_337_338_339_NSP_GenomeWideSNP_6_E05_1373588	20	48587353	50647593	1457	-0.0057
COPAL_p_TCGAb_337_338_339_NSP_GenomeWideSNP_6_E05_1373588	20	50652797	50654576	5	-1.248
COPAL_p_TCGAb_337_338_339_NSP_GenomeWideSNP_6_E05_1373588	20	50657899	55566358	3956	0.002
COPAL_p_TCGAb_337_338_339_NSP_GenomeWideSNP_6_E05_1373588	20	55566780	55566802	2	2.2802
COPAL_p_TCGAb_337_338_339_NSP_GenomeWideSNP_6_E05_1373588	20	55568688	62956153	5006	-0.0053
COPAL_p_TCGAb_337_338_339_NSP_GenomeWideSNP_6_E05_1373588	21	10736871	48096957	24317	-0.0015
COPAL_p_TCGAb_337_338_339_NSP_GenomeWideSNP_6_E05_1373588	22	16052528	18917031	1266	-0.026
COPAL_p_TCGAb_337_338_339_NSP_GenomeWideSNP_6_E05_1373588	22	18918825	18935477	4	-1.219
COPAL_p_TCGAb_337_338_339_NSP_GenomeWideSNP_6_E05_1373588	22	18937513	37742992	13365	-0.0111
COPAL_p_TCGAb_337_338_339_NSP_GenomeWideSNP_6_E05_1373588	22	37748729	37749946	4	-1.2057
COPAL_p_TCGAb_337_338_339_NSP_GenomeWideSNP_6_E05_1373588	22	37750667	41145604	1682	0.0058
COPAL_p_TCGAb_337_338_339_NSP_GenomeWideSNP_6_E05_1373588	22	41147325	41152031	3	-1.5452
COPAL_p_TCGAb_337_338_339_NSP_GenomeWideSNP_6_E05_1373588	22	41153176	51234455	7142	-0.0056
COPAL_p_TCGAb_337_338_339_NSP_GenomeWideSNP_6_E05_1373588	X	168477	3204305	485	-0.0079
COPAL_p_TCGAb_337_338_339_NSP_GenomeWideSNP_6_E05_1373588	X	3206744	3216381	13	-0.823
COPAL_p_TCGAb_337_338_339_NSP_GenomeWideSNP_6_E05_1373588	X	3216565	151212141	82024	0.0013
COPAL_p_TCGAb_337_338_339_NSP_GenomeWideSNP_6_E05_1373588	X	151212545	151299344	58	0.5211
COPAL_p_TCGAb_337_338_339_NSP_GenomeWideSNP_6_E05_1373588	X	151299634	155182354	1707	-0.0052
COPAL_p_TCGAb_337_338_339_NSP_GenomeWideSNP_6_E05_1373588	Y	2650438	5944602	803	-2.1529
COPAL_p_TCGAb_337_338_339_NSP_GenomeWideSNP_6_E05_1373588	Y	5944603	6313572	158	-2.9146
COPAL_p_TCGAb_337_338_339_NSP_GenomeWideSNP_6_E05_1373588	Y	6315579	19034392	4445	-2.5702
COPAL_p_TCGAb_337_338_339_NSP_GenomeWideSNP_6_E05_1373588	Y	19038302	21088297	960	-2.956
COPAL_p_TCGAb_337_338_339_NSP_GenomeWideSNP_6_E05_1373588	Y	21088485	24516975	1248	-2.6045
COPAL_p_TCGAb_337_338_339_NSP_GenomeWideSNP_6_E05_1373588	Y	24525360	26218232	318	-3.1054
COPAL_p_TCGAb_337_338_339_NSP_GenomeWideSNP_6_E05_1373588	Y	26222820	26630929	90	-2.4783
COPAL_p_TCGAb_337_338_339_NSP_GenomeWideSNP_6_E05_1373588	Y	26631228	27436702	86	-3.4717
COPAL_p_TCGAb_337_338_339_NSP_GenomeWideSNP_6_E05_1373588	Y	27444915	27718290	90	-2.3484
COPAL_p_TCGAb_337_338_339_NSP_GenomeWideSNP_6_E05_1373588	Y	27720551	28661292	360	-2.9146
COPAL_p_TCGAb_337_338_339_NSP_GenomeWideSNP_6_E05_1373588	Y	28661650	59018259	75	-2.1938
