Sample	Chromosome	Start	End	Num_Probes	Segment_Mean
COPAL_p_TCGAb_337_338_339_NSP_GenomeWideSNP_6_E01_1373708	1	61735	98588	16	0.8088
COPAL_p_TCGAb_337_338_339_NSP_GenomeWideSNP_6_E01_1373708	1	98602	723317	22	0.0277
COPAL_p_TCGAb_337_338_339_NSP_GenomeWideSNP_6_E01_1373708	1	728608	777122	15	-0.5606
COPAL_p_TCGAb_337_338_339_NSP_GenomeWideSNP_6_E01_1373708	1	782249	2074104	330	0.112
COPAL_p_TCGAb_337_338_339_NSP_GenomeWideSNP_6_E01_1373708	1	2075068	2082814	6	-0.9627
COPAL_p_TCGAb_337_338_339_NSP_GenomeWideSNP_6_E01_1373708	1	2083329	2307678	69	0.1004
COPAL_p_TCGAb_337_338_339_NSP_GenomeWideSNP_6_E01_1373708	1	2308224	2309082	2	-2.0683
COPAL_p_TCGAb_337_338_339_NSP_GenomeWideSNP_6_E01_1373708	1	2319504	10370402	4718	0.0104
COPAL_p_TCGAb_337_338_339_NSP_GenomeWideSNP_6_E01_1373708	1	10370541	10377983	18	-0.5636
COPAL_p_TCGAb_337_338_339_NSP_GenomeWideSNP_6_E01_1373708	1	10381772	22503776	7098	0.0131
COPAL_p_TCGAb_337_338_339_NSP_GenomeWideSNP_6_E01_1373708	1	22504272	22507423	2	-1.8472
COPAL_p_TCGAb_337_338_339_NSP_GenomeWideSNP_6_E01_1373708	1	22508650	30726693	4216	0.0157
COPAL_p_TCGAb_337_338_339_NSP_GenomeWideSNP_6_E01_1373708	1	30726727	30734036	7	-0.7941
COPAL_p_TCGAb_337_338_339_NSP_GenomeWideSNP_6_E01_1373708	1	30737373	31208245	390	0.0085
COPAL_p_TCGAb_337_338_339_NSP_GenomeWideSNP_6_E01_1373708	1	31209796	31223393	11	-0.6254
COPAL_p_TCGAb_337_338_339_NSP_GenomeWideSNP_6_E01_1373708	1	31223587	40870285	5260	0.0025
COPAL_p_TCGAb_337_338_339_NSP_GenomeWideSNP_6_E01_1373708	1	40870545	40872356	2	-2.7616
COPAL_p_TCGAb_337_338_339_NSP_GenomeWideSNP_6_E01_1373708	1	40872623	41741098	467	8e-04
COPAL_p_TCGAb_337_338_339_NSP_GenomeWideSNP_6_E01_1373708	1	41744821	41745770	2	-1.6663
COPAL_p_TCGAb_337_338_339_NSP_GenomeWideSNP_6_E01_1373708	1	41745970	70912657	18950	0.0052
COPAL_p_TCGAb_337_338_339_NSP_GenomeWideSNP_6_E01_1373708	1	70913651	70917116	6	-1.0356
COPAL_p_TCGAb_337_338_339_NSP_GenomeWideSNP_6_E01_1373708	1	70917813	72763370	1215	-0.0216
COPAL_p_TCGAb_337_338_339_NSP_GenomeWideSNP_6_E01_1373708	1	72768418	72811148	48	1.3492
COPAL_p_TCGAb_337_338_339_NSP_GenomeWideSNP_6_E01_1373708	1	72811904	79488084	4167	-0.0099
COPAL_p_TCGAb_337_338_339_NSP_GenomeWideSNP_6_E01_1373708	1	79490302	79490361	2	-1.3748
COPAL_p_TCGAb_337_338_339_NSP_GenomeWideSNP_6_E01_1373708	1	79496919	81558915	1336	-0.0015
COPAL_p_TCGAb_337_338_339_NSP_GenomeWideSNP_6_E01_1373708	1	81563249	81567342	3	-1.2905
COPAL_p_TCGAb_337_338_339_NSP_GenomeWideSNP_6_E01_1373708	1	81567853	81590255	23	0.0873
COPAL_p_TCGAb_337_338_339_NSP_GenomeWideSNP_6_E01_1373708	1	81591415	81634331	31	-0.5283
COPAL_p_TCGAb_337_338_339_NSP_GenomeWideSNP_6_E01_1373708	1	81636783	83829022	1513	0.0052
COPAL_p_TCGAb_337_338_339_NSP_GenomeWideSNP_6_E01_1373708	1	83829357	83829980	4	-2.3234
COPAL_p_TCGAb_337_338_339_NSP_GenomeWideSNP_6_E01_1373708	1	83833922	92193264	5615	6e-04
COPAL_p_TCGAb_337_338_339_NSP_GenomeWideSNP_6_E01_1373708	1	92193662	92195652	2	-2.6362
COPAL_p_TCGAb_337_338_339_NSP_GenomeWideSNP_6_E01_1373708	1	92196053	102699547	6567	-0.0014
COPAL_p_TCGAb_337_338_339_NSP_GenomeWideSNP_6_E01_1373708	1	102704485	102705645	3	-1.884
COPAL_p_TCGAb_337_338_339_NSP_GenomeWideSNP_6_E01_1373708	1	102706476	102812163	71	0.0013
COPAL_p_TCGAb_337_338_339_NSP_GenomeWideSNP_6_E01_1373708	1	102815998	102818617	3	-1.4216
COPAL_p_TCGAb_337_338_339_NSP_GenomeWideSNP_6_E01_1373708	1	102818686	106013376	1594	0.0013
COPAL_p_TCGAb_337_338_339_NSP_GenomeWideSNP_6_E01_1373708	1	106019205	106019483	5	0.9452
COPAL_p_TCGAb_337_338_339_NSP_GenomeWideSNP_6_E01_1373708	1	106021204	106021853	8	0.2702
COPAL_p_TCGAb_337_338_339_NSP_GenomeWideSNP_6_E01_1373708	1	106022090	106022375	4	0.868
COPAL_p_TCGAb_337_338_339_NSP_GenomeWideSNP_6_E01_1373708	1	106024055	106034215	12	-0.3662
COPAL_p_TCGAb_337_338_339_NSP_GenomeWideSNP_6_E01_1373708	1	106034938	108766355	1947	-7e-04
COPAL_p_TCGAb_337_338_339_NSP_GenomeWideSNP_6_E01_1373708	1	108769302	108817179	2	-2.4187
COPAL_p_TCGAb_337_338_339_NSP_GenomeWideSNP_6_E01_1373708	1	108828957	109496854	344	0.0225
COPAL_p_TCGAb_337_338_339_NSP_GenomeWideSNP_6_E01_1373708	1	109497103	109498025	10	0.5053
COPAL_p_TCGAb_337_338_339_NSP_GenomeWideSNP_6_E01_1373708	1	109498067	110185233	319	0.0019
COPAL_p_TCGAb_337_338_339_NSP_GenomeWideSNP_6_E01_1373708	1	110187228	110201580	4	-1.1626
COPAL_p_TCGAb_337_338_339_NSP_GenomeWideSNP_6_E01_1373708	1	110205975	110227515	23	0.0896
COPAL_p_TCGAb_337_338_339_NSP_GenomeWideSNP_6_E01_1373708	1	110232974	110251790	33	0.4373
COPAL_p_TCGAb_337_338_339_NSP_GenomeWideSNP_6_E01_1373708	1	110251848	111377565	819	0.0016
COPAL_p_TCGAb_337_338_339_NSP_GenomeWideSNP_6_E01_1373708	1	111377568	111392067	38	-0.4418
COPAL_p_TCGAb_337_338_339_NSP_GenomeWideSNP_6_E01_1373708	1	111393297	112688311	1063	0.0176
COPAL_p_TCGAb_337_338_339_NSP_GenomeWideSNP_6_E01_1373708	1	112690211	112706205	39	0.3892
COPAL_p_TCGAb_337_338_339_NSP_GenomeWideSNP_6_E01_1373708	1	112706213	120287414	4844	0.0037
COPAL_p_TCGAb_337_338_339_NSP_GenomeWideSNP_6_E01_1373708	1	120288463	120294386	11	-0.631
COPAL_p_TCGAb_337_338_339_NSP_GenomeWideSNP_6_E01_1373708	1	120295268	144081043	332	0.0581
COPAL_p_TCGAb_337_338_339_NSP_GenomeWideSNP_6_E01_1373708	1	144471986	144865627	19	1.1082
COPAL_p_TCGAb_337_338_339_NSP_GenomeWideSNP_6_E01_1373708	1	144868360	152517845	2737	0.0379
COPAL_p_TCGAb_337_338_339_NSP_GenomeWideSNP_6_E01_1373708	1	152519209	152538358	20	-0.4718
COPAL_p_TCGAb_337_338_339_NSP_GenomeWideSNP_6_E01_1373708	1	152539393	152560541	33	0.2313
COPAL_p_TCGAb_337_338_339_NSP_GenomeWideSNP_6_E01_1373708	1	152560868	152560883	2	-2.0084
COPAL_p_TCGAb_337_338_339_NSP_GenomeWideSNP_6_E01_1373708	1	152571169	152586540	22	0.3213
COPAL_p_TCGAb_337_338_339_NSP_GenomeWideSNP_6_E01_1373708	1	152586576	152690547	103	-0.0186
COPAL_p_TCGAb_337_338_339_NSP_GenomeWideSNP_6_E01_1373708	1	152690825	152693697	4	-1.0706
COPAL_p_TCGAb_337_338_339_NSP_GenomeWideSNP_6_E01_1373708	1	152694193	152759678	65	-0.084
COPAL_p_TCGAb_337_338_339_NSP_GenomeWideSNP_6_E01_1373708	1	152761923	152768700	37	0.6779
COPAL_p_TCGAb_337_338_339_NSP_GenomeWideSNP_6_E01_1373708	1	152773905	158866573	3600	2e-04
COPAL_p_TCGAb_337_338_339_NSP_GenomeWideSNP_6_E01_1373708	1	158868501	158869759	2	1.8389
COPAL_p_TCGAb_337_338_339_NSP_GenomeWideSNP_6_E01_1373708	1	158874818	158876474	4	-0.5301
COPAL_p_TCGAb_337_338_339_NSP_GenomeWideSNP_6_E01_1373708	1	158879747	158887208	8	0.4399
COPAL_p_TCGAb_337_338_339_NSP_GenomeWideSNP_6_E01_1373708	1	158887302	158959575	50	-0.0529
COPAL_p_TCGAb_337_338_339_NSP_GenomeWideSNP_6_E01_1373708	1	158962039	158962796	2	-2.9431
COPAL_p_TCGAb_337_338_339_NSP_GenomeWideSNP_6_E01_1373708	1	158966864	160146645	779	-0.0136
COPAL_p_TCGAb_337_338_339_NSP_GenomeWideSNP_6_E01_1373708	1	160146803	160146943	2	-2.2362
COPAL_p_TCGAb_337_338_339_NSP_GenomeWideSNP_6_E01_1373708	1	160148671	220949680	41346	2e-04
COPAL_p_TCGAb_337_338_339_NSP_GenomeWideSNP_6_E01_1373708	1	220951005	220951135	2	-2.3146
COPAL_p_TCGAb_337_338_339_NSP_GenomeWideSNP_6_E01_1373708	1	220953777	221747848	554	0.0022
COPAL_p_TCGAb_337_338_339_NSP_GenomeWideSNP_6_E01_1373708	1	221748992	221751604	5	-1.2631
COPAL_p_TCGAb_337_338_339_NSP_GenomeWideSNP_6_E01_1373708	1	221753305	248688615	18720	0.0042
COPAL_p_TCGAb_337_338_339_NSP_GenomeWideSNP_6_E01_1373708	1	248697391	248825137	47	0.371
COPAL_p_TCGAb_337_338_339_NSP_GenomeWideSNP_6_E01_1373708	1	248825263	249224388	137	-0.0121
COPAL_p_TCGAb_337_338_339_NSP_GenomeWideSNP_6_E01_1373708	2	12784	243089456	149454	0.0099
COPAL_p_TCGAb_337_338_339_NSP_GenomeWideSNP_6_E01_1373708	3	60345	2649873	2251	-0.0602
COPAL_p_TCGAb_337_338_339_NSP_GenomeWideSNP_6_E01_1373708	3	2654691	2656107	7	-1.3988
COPAL_p_TCGAb_337_338_339_NSP_GenomeWideSNP_6_E01_1373708	3	2657255	2663757	6	0.0424
COPAL_p_TCGAb_337_338_339_NSP_GenomeWideSNP_6_E01_1373708	3	2665519	2677248	5	-1.1366
COPAL_p_TCGAb_337_338_339_NSP_GenomeWideSNP_6_E01_1373708	3	2679528	4184299	1468	-0.0026
COPAL_p_TCGAb_337_338_339_NSP_GenomeWideSNP_6_E01_1373708	3	4185026	4185601	2	-2.0302
COPAL_p_TCGAb_337_338_339_NSP_GenomeWideSNP_6_E01_1373708	3	4186421	5135351	800	0.0114
COPAL_p_TCGAb_337_338_339_NSP_GenomeWideSNP_6_E01_1373708	3	5135773	5136564	3	-1.8102
COPAL_p_TCGAb_337_338_339_NSP_GenomeWideSNP_6_E01_1373708	3	5138199	7101951	1651	-0.0074
COPAL_p_TCGAb_337_338_339_NSP_GenomeWideSNP_6_E01_1373708	3	7103082	7104272	4	-1.7742
COPAL_p_TCGAb_337_338_339_NSP_GenomeWideSNP_6_E01_1373708	3	7104505	46793377	26905	0.0035
COPAL_p_TCGAb_337_338_339_NSP_GenomeWideSNP_6_E01_1373708	3	46801817	46847616	38	-1.6665
COPAL_p_TCGAb_337_338_339_NSP_GenomeWideSNP_6_E01_1373708	3	46849179	59917928	7288	0.0076
COPAL_p_TCGAb_337_338_339_NSP_GenomeWideSNP_6_E01_1373708	3	59918223	59922991	12	-0.6874
COPAL_p_TCGAb_337_338_339_NSP_GenomeWideSNP_6_E01_1373708	3	59923391	60237621	415	-0.0237
COPAL_p_TCGAb_337_338_339_NSP_GenomeWideSNP_6_E01_1373708	3	60241048	60248418	6	-1.2175
COPAL_p_TCGAb_337_338_339_NSP_GenomeWideSNP_6_E01_1373708	3	60249070	61485907	1168	-0.0101
COPAL_p_TCGAb_337_338_339_NSP_GenomeWideSNP_6_E01_1373708	3	61490149	61494252	2	-2.2887
COPAL_p_TCGAb_337_338_339_NSP_GenomeWideSNP_6_E01_1373708	3	61494892	68746164	5616	0.0025
COPAL_p_TCGAb_337_338_339_NSP_GenomeWideSNP_6_E01_1373708	3	68746259	68748786	16	0.7585
COPAL_p_TCGAb_337_338_339_NSP_GenomeWideSNP_6_E01_1373708	3	68748945	71973036	2404	-0.0029
COPAL_p_TCGAb_337_338_339_NSP_GenomeWideSNP_6_E01_1373708	3	71974395	71976967	2	-1.9546
COPAL_p_TCGAb_337_338_339_NSP_GenomeWideSNP_6_E01_1373708	3	71979720	87833175	9259	-0.0025
COPAL_p_TCGAb_337_338_339_NSP_GenomeWideSNP_6_E01_1373708	3	87834410	87858009	11	-0.6903
COPAL_p_TCGAb_337_338_339_NSP_GenomeWideSNP_6_E01_1373708	3	87858471	98937784	4207	0.0063
COPAL_p_TCGAb_337_338_339_NSP_GenomeWideSNP_6_E01_1373708	3	98944458	98949421	38	0.3798
COPAL_p_TCGAb_337_338_339_NSP_GenomeWideSNP_6_E01_1373708	3	98950964	134850248	22029	0.001
COPAL_p_TCGAb_337_338_339_NSP_GenomeWideSNP_6_E01_1373708	3	134852490	134852532	2	-2.0321
COPAL_p_TCGAb_337_338_339_NSP_GenomeWideSNP_6_E01_1373708	3	134852689	160727208	15758	0.0029
COPAL_p_TCGAb_337_338_339_NSP_GenomeWideSNP_6_E01_1373708	3	160738728	160739258	2	-3.0178
COPAL_p_TCGAb_337_338_339_NSP_GenomeWideSNP_6_E01_1373708	3	160742179	162512739	1137	0.0126
COPAL_p_TCGAb_337_338_339_NSP_GenomeWideSNP_6_E01_1373708	3	162513092	162615915	62	-1.1103
COPAL_p_TCGAb_337_338_339_NSP_GenomeWideSNP_6_E01_1373708	3	162623842	172314679	5761	0.0148
COPAL_p_TCGAb_337_338_339_NSP_GenomeWideSNP_6_E01_1373708	3	172315322	172316285	2	-1.9187
COPAL_p_TCGAb_337_338_339_NSP_GenomeWideSNP_6_E01_1373708	3	172317309	187623146	9581	0.0093
COPAL_p_TCGAb_337_338_339_NSP_GenomeWideSNP_6_E01_1373708	3	187624141	187629577	8	-1.1198
COPAL_p_TCGAb_337_338_339_NSP_GenomeWideSNP_6_E01_1373708	3	187630135	192877902	3756	0.002
COPAL_p_TCGAb_337_338_339_NSP_GenomeWideSNP_6_E01_1373708	3	192877962	192882903	19	2.1829
COPAL_p_TCGAb_337_338_339_NSP_GenomeWideSNP_6_E01_1373708	3	192886435	195553184	1556	0.0166
COPAL_p_TCGAb_337_338_339_NSP_GenomeWideSNP_6_E01_1373708	3	195553259	195565827	4	-1.3667
COPAL_p_TCGAb_337_338_339_NSP_GenomeWideSNP_6_E01_1373708	3	195568161	197838578	1111	0.0517
COPAL_p_TCGAb_337_338_339_NSP_GenomeWideSNP_6_E01_1373708	3	197845216	197896118	20	-0.7074
COPAL_p_TCGAb_337_338_339_NSP_GenomeWideSNP_6_E01_1373708	4	12281	5769950	3037	0.0166
COPAL_p_TCGAb_337_338_339_NSP_GenomeWideSNP_6_E01_1373708	4	5770110	5782239	13	-1.2231
COPAL_p_TCGAb_337_338_339_NSP_GenomeWideSNP_6_E01_1373708	4	5782853	8722252	2102	0.0184
COPAL_p_TCGAb_337_338_339_NSP_GenomeWideSNP_6_E01_1373708	4	8724543	9423250	44	0.4699
COPAL_p_TCGAb_337_338_339_NSP_GenomeWideSNP_6_E01_1373708	4	9424257	9456977	19	0.0663
COPAL_p_TCGAb_337_338_339_NSP_GenomeWideSNP_6_E01_1373708	4	9461230	9496294	11	0.7268
COPAL_p_TCGAb_337_338_339_NSP_GenomeWideSNP_6_E01_1373708	4	9497845	10210390	540	0.0179
COPAL_p_TCGAb_337_338_339_NSP_GenomeWideSNP_6_E01_1373708	4	10214160	10228802	6	1.868
COPAL_p_TCGAb_337_338_339_NSP_GenomeWideSNP_6_E01_1373708	4	10228817	10231498	23	1.0466
COPAL_p_TCGAb_337_338_339_NSP_GenomeWideSNP_6_E01_1373708	4	10234214	10270010	44	0.0883
COPAL_p_TCGAb_337_338_339_NSP_GenomeWideSNP_6_E01_1373708	4	10270300	10275982	15	-1.0551
COPAL_p_TCGAb_337_338_339_NSP_GenomeWideSNP_6_E01_1373708	4	10276352	12342109	1701	0.0173
COPAL_p_TCGAb_337_338_339_NSP_GenomeWideSNP_6_E01_1373708	4	12342959	12344246	5	-0.9214
COPAL_p_TCGAb_337_338_339_NSP_GenomeWideSNP_6_E01_1373708	4	12349415	12365010	21	-0.0032
COPAL_p_TCGAb_337_338_339_NSP_GenomeWideSNP_6_E01_1373708	4	12369885	12386488	43	-0.561
COPAL_p_TCGAb_337_338_339_NSP_GenomeWideSNP_6_E01_1373708	4	12386589	43147514	20656	-0.0018
COPAL_p_TCGAb_337_338_339_NSP_GenomeWideSNP_6_E01_1373708	4	43148161	43150072	4	-2.1342
COPAL_p_TCGAb_337_338_339_NSP_GenomeWideSNP_6_E01_1373708	4	43156435	64692979	11000	0.0044
COPAL_p_TCGAb_337_338_339_NSP_GenomeWideSNP_6_E01_1373708	4	64693940	64717026	32	0.4644
COPAL_p_TCGAb_337_338_339_NSP_GenomeWideSNP_6_E01_1373708	4	64718043	65437686	381	-0.0127
COPAL_p_TCGAb_337_338_339_NSP_GenomeWideSNP_6_E01_1373708	4	65438829	65442999	2	-1.7191
COPAL_p_TCGAb_337_338_339_NSP_GenomeWideSNP_6_E01_1373708	4	65443412	69374955	2494	-9e-04
COPAL_p_TCGAb_337_338_339_NSP_GenomeWideSNP_6_E01_1373708	4	69375160	69489335	64	-1.0885
COPAL_p_TCGAb_337_338_339_NSP_GenomeWideSNP_6_E01_1373708	4	69505115	70143806	340	-0.021
COPAL_p_TCGAb_337_338_339_NSP_GenomeWideSNP_6_E01_1373708	4	70148877	70232124	42	-0.3827
COPAL_p_TCGAb_337_338_339_NSP_GenomeWideSNP_6_E01_1373708	4	70236151	70306095	44	0.0513
COPAL_p_TCGAb_337_338_339_NSP_GenomeWideSNP_6_E01_1373708	4	70307484	70318196	6	-0.7401
COPAL_p_TCGAb_337_338_339_NSP_GenomeWideSNP_6_E01_1373708	4	70319480	75213276	2954	0.0035
COPAL_p_TCGAb_337_338_339_NSP_GenomeWideSNP_6_E01_1373708	4	75213359	75216238	3	-1.3876
COPAL_p_TCGAb_337_338_339_NSP_GenomeWideSNP_6_E01_1373708	4	75219786	79149357	2577	-2e-04
COPAL_p_TCGAb_337_338_339_NSP_GenomeWideSNP_6_E01_1373708	4	79157386	79158203	5	1.0092
COPAL_p_TCGAb_337_338_339_NSP_GenomeWideSNP_6_E01_1373708	4	79158843	91284943	7474	-8e-04
COPAL_p_TCGAb_337_338_339_NSP_GenomeWideSNP_6_E01_1373708	4	91287152	91287204	2	-1.6379
COPAL_p_TCGAb_337_338_339_NSP_GenomeWideSNP_6_E01_1373708	4	91287850	100290498	5195	0.0012
COPAL_p_TCGAb_337_338_339_NSP_GenomeWideSNP_6_E01_1373708	4	100291120	100292700	2	-1.7809
COPAL_p_TCGAb_337_338_339_NSP_GenomeWideSNP_6_E01_1373708	4	100293062	102852939	1563	0.0044
COPAL_p_TCGAb_337_338_339_NSP_GenomeWideSNP_6_E01_1373708	4	102854390	102855110	2	-1.7057
COPAL_p_TCGAb_337_338_339_NSP_GenomeWideSNP_6_E01_1373708	4	102855500	108050955	2976	0.0022
COPAL_p_TCGAb_337_338_339_NSP_GenomeWideSNP_6_E01_1373708	4	108051326	108076023	36	0.3958
COPAL_p_TCGAb_337_338_339_NSP_GenomeWideSNP_6_E01_1373708	4	108076124	112296987	2546	-0.0077
COPAL_p_TCGAb_337_338_339_NSP_GenomeWideSNP_6_E01_1373708	4	112297415	112309614	25	-0.6604
COPAL_p_TCGAb_337_338_339_NSP_GenomeWideSNP_6_E01_1373708	4	112309634	115173700	1834	-0.0064
COPAL_p_TCGAb_337_338_339_NSP_GenomeWideSNP_6_E01_1373708	4	115175323	115182175	23	-0.8309
COPAL_p_TCGAb_337_338_339_NSP_GenomeWideSNP_6_E01_1373708	4	115184229	122274654	4333	0.0039
COPAL_p_TCGAb_337_338_339_NSP_GenomeWideSNP_6_E01_1373708	4	122281973	122285135	29	-0.728
COPAL_p_TCGAb_337_338_339_NSP_GenomeWideSNP_6_E01_1373708	4	122291131	144920574	13360	-0.0037
COPAL_p_TCGAb_337_338_339_NSP_GenomeWideSNP_6_E01_1373708	4	144920775	144927107	13	0.5382
COPAL_p_TCGAb_337_338_339_NSP_GenomeWideSNP_6_E01_1373708	4	144927122	151880654	3880	-0.0011
COPAL_p_TCGAb_337_338_339_NSP_GenomeWideSNP_6_E01_1373708	4	151880677	151884310	12	-0.5969
COPAL_p_TCGAb_337_338_339_NSP_GenomeWideSNP_6_E01_1373708	4	151886127	152175316	130	0.0255
COPAL_p_TCGAb_337_338_339_NSP_GenomeWideSNP_6_E01_1373708	4	152178581	152189532	7	0.7228
COPAL_p_TCGAb_337_338_339_NSP_GenomeWideSNP_6_E01_1373708	4	152192808	156583762	2771	-0.0064
COPAL_p_TCGAb_337_338_339_NSP_GenomeWideSNP_6_E01_1373708	4	156585466	156607885	24	0.3976
COPAL_p_TCGAb_337_338_339_NSP_GenomeWideSNP_6_E01_1373708	4	156608058	156885188	255	0.0256
COPAL_p_TCGAb_337_338_339_NSP_GenomeWideSNP_6_E01_1373708	4	156888072	156888519	6	-0.8364
COPAL_p_TCGAb_337_338_339_NSP_GenomeWideSNP_6_E01_1373708	4	156890261	156952805	50	-0.0663
COPAL_p_TCGAb_337_338_339_NSP_GenomeWideSNP_6_E01_1373708	4	156954939	156977628	20	-0.7638
COPAL_p_TCGAb_337_338_339_NSP_GenomeWideSNP_6_E01_1373708	4	156982047	157301739	215	-0.0166
COPAL_p_TCGAb_337_338_339_NSP_GenomeWideSNP_6_E01_1373708	4	157305377	157309527	15	0.514
COPAL_p_TCGAb_337_338_339_NSP_GenomeWideSNP_6_E01_1373708	4	157309545	168815258	7194	-0.0024
COPAL_p_TCGAb_337_338_339_NSP_GenomeWideSNP_6_E01_1373708	4	168815347	168828989	32	0.6002
COPAL_p_TCGAb_337_338_339_NSP_GenomeWideSNP_6_E01_1373708	4	168829106	173422272	2904	0.0014
COPAL_p_TCGAb_337_338_339_NSP_GenomeWideSNP_6_E01_1373708	4	173422287	173422522	6	0.3691
COPAL_p_TCGAb_337_338_339_NSP_GenomeWideSNP_6_E01_1373708	4	173424947	173428643	7	1.2377
COPAL_p_TCGAb_337_338_339_NSP_GenomeWideSNP_6_E01_1373708	4	173441132	178047128	2700	-0.0056
COPAL_p_TCGAb_337_338_339_NSP_GenomeWideSNP_6_E01_1373708	4	178049020	178052991	2	-1.5405
COPAL_p_TCGAb_337_338_339_NSP_GenomeWideSNP_6_E01_1373708	4	178054503	179527502	1053	0.0096
COPAL_p_TCGAb_337_338_339_NSP_GenomeWideSNP_6_E01_1373708	4	179536312	179541851	11	-0.9197
COPAL_p_TCGAb_337_338_339_NSP_GenomeWideSNP_6_E01_1373708	4	179547537	187620644	5869	-0.0071
COPAL_p_TCGAb_337_338_339_NSP_GenomeWideSNP_6_E01_1373708	4	187621281	187622150	3	-2.0147
COPAL_p_TCGAb_337_338_339_NSP_GenomeWideSNP_6_E01_1373708	4	187624194	191027923	2207	0.0308
COPAL_p_TCGAb_337_338_339_NSP_GenomeWideSNP_6_E01_1373708	5	15532	97043591	58591	0.0012
COPAL_p_TCGAb_337_338_339_NSP_GenomeWideSNP_6_E01_1373708	5	97045121	97048466	2	-2.4175
COPAL_p_TCGAb_337_338_339_NSP_GenomeWideSNP_6_E01_1373708	5	97050100	173202507	49580	-5e-04
COPAL_p_TCGAb_337_338_339_NSP_GenomeWideSNP_6_E01_1373708	5	173205058	173206216	7	-1.3198
COPAL_p_TCGAb_337_338_339_NSP_GenomeWideSNP_6_E01_1373708	5	173206371	175436611	1666	0.0061
COPAL_p_TCGAb_337_338_339_NSP_GenomeWideSNP_6_E01_1373708	5	175438496	175564292	17	0.559
COPAL_p_TCGAb_337_338_339_NSP_GenomeWideSNP_6_E01_1373708	5	175570691	180664406	2680	0.0083
COPAL_p_TCGAb_337_338_339_NSP_GenomeWideSNP_6_E01_1373708	5	180665933	180680392	12	-0.9167
COPAL_p_TCGAb_337_338_339_NSP_GenomeWideSNP_6_E01_1373708	5	180684674	180790320	15	0.0191
COPAL_p_TCGAb_337_338_339_NSP_GenomeWideSNP_6_E01_1373708	6	149661	856224	595	0.0714
COPAL_p_TCGAb_337_338_339_NSP_GenomeWideSNP_6_E01_1373708	6	856766	895586	44	-0.468
COPAL_p_TCGAb_337_338_339_NSP_GenomeWideSNP_6_E01_1373708	6	896617	71800355	44610	0.0041
COPAL_p_TCGAb_337_338_339_NSP_GenomeWideSNP_6_E01_1373708	6	71800898	71801620	2	-2.1316
COPAL_p_TCGAb_337_338_339_NSP_GenomeWideSNP_6_E01_1373708	6	71802587	74591858	1818	-0.0018
COPAL_p_TCGAb_337_338_339_NSP_GenomeWideSNP_6_E01_1373708	6	74592225	74601410	10	-1.6232
COPAL_p_TCGAb_337_338_339_NSP_GenomeWideSNP_6_E01_1373708	6	74603555	78962889	2758	-0.0048
COPAL_p_TCGAb_337_338_339_NSP_GenomeWideSNP_6_E01_1373708	6	78969065	79035185	113	0.4161
COPAL_p_TCGAb_337_338_339_NSP_GenomeWideSNP_6_E01_1373708	6	79039234	80129933	648	-0.0179
COPAL_p_TCGAb_337_338_339_NSP_GenomeWideSNP_6_E01_1373708	6	80130029	80164319	35	-0.394
COPAL_p_TCGAb_337_338_339_NSP_GenomeWideSNP_6_E01_1373708	6	80165678	86094187	3843	-0.0068
COPAL_p_TCGAb_337_338_339_NSP_GenomeWideSNP_6_E01_1373708	6	86098984	86099602	4	-1.7433
COPAL_p_TCGAb_337_338_339_NSP_GenomeWideSNP_6_E01_1373708	6	86099813	95067509	5717	-0.0021
COPAL_p_TCGAb_337_338_339_NSP_GenomeWideSNP_6_E01_1373708	6	95069976	95091184	27	-0.5069
COPAL_p_TCGAb_337_338_339_NSP_GenomeWideSNP_6_E01_1373708	6	95091659	95350770	169	-0.0552
COPAL_p_TCGAb_337_338_339_NSP_GenomeWideSNP_6_E01_1373708	6	95351548	95351882	2	-2.3503
COPAL_p_TCGAb_337_338_339_NSP_GenomeWideSNP_6_E01_1373708	6	95352036	95617536	181	-0.0029
COPAL_p_TCGAb_337_338_339_NSP_GenomeWideSNP_6_E01_1373708	6	95619494	95619638	2	-1.7245
COPAL_p_TCGAb_337_338_339_NSP_GenomeWideSNP_6_E01_1373708	6	95625323	103734829	4800	6e-04
COPAL_p_TCGAb_337_338_339_NSP_GenomeWideSNP_6_E01_1373708	6	103737976	103765670	48	0.7501
COPAL_p_TCGAb_337_338_339_NSP_GenomeWideSNP_6_E01_1373708	6	103765711	104915390	732	0.0123
COPAL_p_TCGAb_337_338_339_NSP_GenomeWideSNP_6_E01_1373708	6	104916480	104917963	3	-1.2036
COPAL_p_TCGAb_337_338_339_NSP_GenomeWideSNP_6_E01_1373708	6	104918433	118655748	8453	-1e-04
COPAL_p_TCGAb_337_338_339_NSP_GenomeWideSNP_6_E01_1373708	6	118656959	118665890	2	-1.921
COPAL_p_TCGAb_337_338_339_NSP_GenomeWideSNP_6_E01_1373708	6	118667037	168182209	32931	0.0013
COPAL_p_TCGAb_337_338_339_NSP_GenomeWideSNP_6_E01_1373708	6	168182791	168184358	2	-2.6148
COPAL_p_TCGAb_337_338_339_NSP_GenomeWideSNP_6_E01_1373708	6	168190234	168573651	214	-0.1095
COPAL_p_TCGAb_337_338_339_NSP_GenomeWideSNP_6_E01_1373708	6	168577928	168577986	2	-2.0769
COPAL_p_TCGAb_337_338_339_NSP_GenomeWideSNP_6_E01_1373708	6	168583006	168907454	224	-0.008
COPAL_p_TCGAb_337_338_339_NSP_GenomeWideSNP_6_E01_1373708	6	168908408	168909843	5	-1.2614
COPAL_p_TCGAb_337_338_339_NSP_GenomeWideSNP_6_E01_1373708	6	168910712	169485044	483	-0.0213
COPAL_p_TCGAb_337_338_339_NSP_GenomeWideSNP_6_E01_1373708	6	169485408	169486046	3	-1.4737
COPAL_p_TCGAb_337_338_339_NSP_GenomeWideSNP_6_E01_1373708	6	169488784	171051005	979	0.0345
COPAL_p_TCGAb_337_338_339_NSP_GenomeWideSNP_6_E01_1373708	7	43355	4531877	2395	-0.0115
COPAL_p_TCGAb_337_338_339_NSP_GenomeWideSNP_6_E01_1373708	7	4534797	4540687	3	-1.9902
COPAL_p_TCGAb_337_338_339_NSP_GenomeWideSNP_6_E01_1373708	7	4542052	9024701	2873	-0.0025
COPAL_p_TCGAb_337_338_339_NSP_GenomeWideSNP_6_E01_1373708	7	9024864	9073105	41	-0.4168
COPAL_p_TCGAb_337_338_339_NSP_GenomeWideSNP_6_E01_1373708	7	9075294	9124516	47	0.1353
COPAL_p_TCGAb_337_338_339_NSP_GenomeWideSNP_6_E01_1373708	7	9127173	9172089	30	-0.3473
COPAL_p_TCGAb_337_338_339_NSP_GenomeWideSNP_6_E01_1373708	7	9172423	9215547	43	0.1623
COPAL_p_TCGAb_337_338_339_NSP_GenomeWideSNP_6_E01_1373708	7	9222669	9226970	7	-1.043
COPAL_p_TCGAb_337_338_339_NSP_GenomeWideSNP_6_E01_1373708	7	9227852	11766612	1986	0.004
COPAL_p_TCGAb_337_338_339_NSP_GenomeWideSNP_6_E01_1373708	7	11772783	11773517	4	-1.6247
COPAL_p_TCGAb_337_338_339_NSP_GenomeWideSNP_6_E01_1373708	7	11774241	13864009	1612	-0.0174
COPAL_p_TCGAb_337_338_339_NSP_GenomeWideSNP_6_E01_1373708	7	13867407	13871533	9	-0.8918
COPAL_p_TCGAb_337_338_339_NSP_GenomeWideSNP_6_E01_1373708	7	13871598	17077592	2651	-0.0084
COPAL_p_TCGAb_337_338_339_NSP_GenomeWideSNP_6_E01_1373708	7	17080176	17081157	2	-1.6391
COPAL_p_TCGAb_337_338_339_NSP_GenomeWideSNP_6_E01_1373708	7	17081815	17490726	299	0.0232
COPAL_p_TCGAb_337_338_339_NSP_GenomeWideSNP_6_E01_1373708	7	17491772	17496541	5	-1.4538
COPAL_p_TCGAb_337_338_339_NSP_GenomeWideSNP_6_E01_1373708	7	17498095	18911415	1105	-0.0133
COPAL_p_TCGAb_337_338_339_NSP_GenomeWideSNP_6_E01_1373708	7	18911957	18934478	26	-0.4074
COPAL_p_TCGAb_337_338_339_NSP_GenomeWideSNP_6_E01_1373708	7	18938081	38322918	14184	-5e-04
COPAL_p_TCGAb_337_338_339_NSP_GenomeWideSNP_6_E01_1373708	7	38323485	38329818	29	-0.4793
COPAL_p_TCGAb_337_338_339_NSP_GenomeWideSNP_6_E01_1373708	7	38330849	43240846	3351	5e-04
COPAL_p_TCGAb_337_338_339_NSP_GenomeWideSNP_6_E01_1373708	7	43241311	43256718	9	-0.7653
COPAL_p_TCGAb_337_338_339_NSP_GenomeWideSNP_6_E01_1373708	7	43258359	43974609	444	0.0102
COPAL_p_TCGAb_337_338_339_NSP_GenomeWideSNP_6_E01_1373708	7	43976134	43976634	3	-0.793
COPAL_p_TCGAb_337_338_339_NSP_GenomeWideSNP_6_E01_1373708	7	43977490	46003852	1039	0.0093
COPAL_p_TCGAb_337_338_339_NSP_GenomeWideSNP_6_E01_1373708	7	46004496	46006166	2	-1.4304
COPAL_p_TCGAb_337_338_339_NSP_GenomeWideSNP_6_E01_1373708	7	46006544	47282889	1074	0.003
COPAL_p_TCGAb_337_338_339_NSP_GenomeWideSNP_6_E01_1373708	7	47285283	47291954	8	-1.037
COPAL_p_TCGAb_337_338_339_NSP_GenomeWideSNP_6_E01_1373708	7	47298597	61857945	7253	0.0139
COPAL_p_TCGAb_337_338_339_NSP_GenomeWideSNP_6_E01_1373708	7	61858001	61876144	6	-0.5763
COPAL_p_TCGAb_337_338_339_NSP_GenomeWideSNP_6_E01_1373708	7	61888128	66637239	1744	0.0575
COPAL_p_TCGAb_337_338_339_NSP_GenomeWideSNP_6_E01_1373708	7	66641374	66645232	5	-1.3857
COPAL_p_TCGAb_337_338_339_NSP_GenomeWideSNP_6_E01_1373708	7	66647639	72308090	3544	9e-04
COPAL_p_TCGAb_337_338_339_NSP_GenomeWideSNP_6_E01_1373708	7	72310492	72313144	3	-1.4277
COPAL_p_TCGAb_337_338_339_NSP_GenomeWideSNP_6_E01_1373708	7	72324502	88965021	9276	-0.0022
COPAL_p_TCGAb_337_338_339_NSP_GenomeWideSNP_6_E01_1373708	7	88966456	88968239	5	-1.3736
COPAL_p_TCGAb_337_338_339_NSP_GenomeWideSNP_6_E01_1373708	7	88969343	89571235	343	0.0053
COPAL_p_TCGAb_337_338_339_NSP_GenomeWideSNP_6_E01_1373708	7	89572966	89577630	4	-1.2605
COPAL_p_TCGAb_337_338_339_NSP_GenomeWideSNP_6_E01_1373708	7	89578223	89622628	34	-0.007
COPAL_p_TCGAb_337_338_339_NSP_GenomeWideSNP_6_E01_1373708	7	89622961	89624039	4	-1.3071
COPAL_p_TCGAb_337_338_339_NSP_GenomeWideSNP_6_E01_1373708	7	89626611	90493290	577	-0.0217
COPAL_p_TCGAb_337_338_339_NSP_GenomeWideSNP_6_E01_1373708	7	90494454	90515124	13	-0.7401
COPAL_p_TCGAb_337_338_339_NSP_GenomeWideSNP_6_E01_1373708	7	90519268	108173123	10205	-0.003
COPAL_p_TCGAb_337_338_339_NSP_GenomeWideSNP_6_E01_1373708	7	108176341	108176975	2	-1.9516
COPAL_p_TCGAb_337_338_339_NSP_GenomeWideSNP_6_E01_1373708	7	108179518	109433747	789	0.0083
COPAL_p_TCGAb_337_338_339_NSP_GenomeWideSNP_6_E01_1373708	7	109433777	109454229	40	0.5758
COPAL_p_TCGAb_337_338_339_NSP_GenomeWideSNP_6_E01_1373708	7	109454271	109795715	201	0.0078
COPAL_p_TCGAb_337_338_339_NSP_GenomeWideSNP_6_E01_1373708	7	109798592	109799082	7	-1.4935
COPAL_p_TCGAb_337_338_339_NSP_GenomeWideSNP_6_E01_1373708	7	109799199	110775589	668	-0.0303
COPAL_p_TCGAb_337_338_339_NSP_GenomeWideSNP_6_E01_1373708	7	110782696	110901586	95	-0.6144
COPAL_p_TCGAb_337_338_339_NSP_GenomeWideSNP_6_E01_1373708	7	110903110	141770532	18953	-0.0016
COPAL_p_TCGAb_337_338_339_NSP_GenomeWideSNP_6_E01_1373708	7	141770627	141797564	34	-0.6285
COPAL_p_TCGAb_337_338_339_NSP_GenomeWideSNP_6_E01_1373708	7	141798990	142474939	448	-0.1151
COPAL_p_TCGAb_337_338_339_NSP_GenomeWideSNP_6_E01_1373708	7	142476719	142486045	27	0.6499
COPAL_p_TCGAb_337_338_339_NSP_GenomeWideSNP_6_E01_1373708	7	142486115	143212294	460	0.0154
COPAL_p_TCGAb_337_338_339_NSP_GenomeWideSNP_6_E01_1373708	7	143213295	143216852	4	-1.0112
COPAL_p_TCGAb_337_338_339_NSP_GenomeWideSNP_6_E01_1373708	7	143217246	143574781	107	0.2819
COPAL_p_TCGAb_337_338_339_NSP_GenomeWideSNP_6_E01_1373708	7	143575983	159127004	9961	0.0116
COPAL_p_TCGAb_337_338_339_NSP_GenomeWideSNP_6_E01_1373708	8	31254	330877	150	-0.0123
COPAL_p_TCGAb_337_338_339_NSP_GenomeWideSNP_6_E01_1373708	8	331550	331630	2	2.001
COPAL_p_TCGAb_337_338_339_NSP_GenomeWideSNP_6_E01_1373708	8	334030	593041	175	-0.0269
COPAL_p_TCGAb_337_338_339_NSP_GenomeWideSNP_6_E01_1373708	8	594944	595908	10	1.312
COPAL_p_TCGAb_337_338_339_NSP_GenomeWideSNP_6_E01_1373708	8	601043	3996813	3417	-0.0209
COPAL_p_TCGAb_337_338_339_NSP_GenomeWideSNP_6_E01_1373708	8	3997063	4004291	35	-0.5524
COPAL_p_TCGAb_337_338_339_NSP_GenomeWideSNP_6_E01_1373708	8	4004498	4578618	928	-0.0354
COPAL_p_TCGAb_337_338_339_NSP_GenomeWideSNP_6_E01_1373708	8	4579551	4579923	2	-1.886
COPAL_p_TCGAb_337_338_339_NSP_GenomeWideSNP_6_E01_1373708	8	4579934	4652630	131	0.0881
COPAL_p_TCGAb_337_338_339_NSP_GenomeWideSNP_6_E01_1373708	8	4654893	4663171	8	-1.0429
COPAL_p_TCGAb_337_338_339_NSP_GenomeWideSNP_6_E01_1373708	8	4663337	5251818	757	-0.0222
COPAL_p_TCGAb_337_338_339_NSP_GenomeWideSNP_6_E01_1373708	8	5255403	5302917	31	-0.5225
COPAL_p_TCGAb_337_338_339_NSP_GenomeWideSNP_6_E01_1373708	8	5303016	5525075	319	-0.069
COPAL_p_TCGAb_337_338_339_NSP_GenomeWideSNP_6_E01_1373708	8	5525663	5526625	5	-1.1751
COPAL_p_TCGAb_337_338_339_NSP_GenomeWideSNP_6_E01_1373708	8	5530401	5672710	220	-4e-04
COPAL_p_TCGAb_337_338_339_NSP_GenomeWideSNP_6_E01_1373708	8	5673717	5673926	4	-1.2711
COPAL_p_TCGAb_337_338_339_NSP_GenomeWideSNP_6_E01_1373708	8	5674551	6921404	1553	-0.0343
COPAL_p_TCGAb_337_338_339_NSP_GenomeWideSNP_6_E01_1373708	8	6921690	7865561	241	0.2549
COPAL_p_TCGAb_337_338_339_NSP_GenomeWideSNP_6_E01_1373708	8	7865802	11883257	3249	-0.0231
COPAL_p_TCGAb_337_338_339_NSP_GenomeWideSNP_6_E01_1373708	8	11893228	12477694	129	0.2627
COPAL_p_TCGAb_337_338_339_NSP_GenomeWideSNP_6_E01_1373708	8	12478191	13598291	1015	-0.0568
COPAL_p_TCGAb_337_338_339_NSP_GenomeWideSNP_6_E01_1373708	8	13599051	13603476	31	0.4166
COPAL_p_TCGAb_337_338_339_NSP_GenomeWideSNP_6_E01_1373708	8	13609668	13610406	13	-0.057
COPAL_p_TCGAb_337_338_339_NSP_GenomeWideSNP_6_E01_1373708	8	13610494	13610886	4	-1.2514
COPAL_p_TCGAb_337_338_339_NSP_GenomeWideSNP_6_E01_1373708	8	13612045	13649493	46	-0.3329
COPAL_p_TCGAb_337_338_339_NSP_GenomeWideSNP_6_E01_1373708	8	13651672	13651722	3	-1.2571
COPAL_p_TCGAb_337_338_339_NSP_GenomeWideSNP_6_E01_1373708	8	13653184	17222955	3185	0.0026
COPAL_p_TCGAb_337_338_339_NSP_GenomeWideSNP_6_E01_1373708	8	17225317	17237007	4	-1.3278
COPAL_p_TCGAb_337_338_339_NSP_GenomeWideSNP_6_E01_1373708	8	17237470	17274709	39	-0.0359
COPAL_p_TCGAb_337_338_339_NSP_GenomeWideSNP_6_E01_1373708	8	17275471	17279391	5	-0.8803
COPAL_p_TCGAb_337_338_339_NSP_GenomeWideSNP_6_E01_1373708	8	17279862	17329075	68	-0.0136
COPAL_p_TCGAb_337_338_339_NSP_GenomeWideSNP_6_E01_1373708	8	17332752	17334918	3	-1.4209
COPAL_p_TCGAb_337_338_339_NSP_GenomeWideSNP_6_E01_1373708	8	17339101	39225740	14955	0.009
COPAL_p_TCGAb_337_338_339_NSP_GenomeWideSNP_6_E01_1373708	8	39225851	39388299	67	0.3254
COPAL_p_TCGAb_337_338_339_NSP_GenomeWideSNP_6_E01_1373708	8	39388779	112291494	41908	0.0018
COPAL_p_TCGAb_337_338_339_NSP_GenomeWideSNP_6_E01_1373708	8	112294279	112295260	10	0.8616
COPAL_p_TCGAb_337_338_339_NSP_GenomeWideSNP_6_E01_1373708	8	112300281	137837749	17805	0.0043
COPAL_p_TCGAb_337_338_339_NSP_GenomeWideSNP_6_E01_1373708	8	137837766	137845145	22	0.4768
COPAL_p_TCGAb_337_338_339_NSP_GenomeWideSNP_6_E01_1373708	8	137849266	137849992	8	-0.1581
COPAL_p_TCGAb_337_338_339_NSP_GenomeWideSNP_6_E01_1373708	8	137850191	137862416	15	0.4016
COPAL_p_TCGAb_337_338_339_NSP_GenomeWideSNP_6_E01_1373708	8	137862435	146298155	4990	0.0423
COPAL_p_TCGAb_337_338_339_NSP_GenomeWideSNP_6_E01_1373708	9	46587	589252	479	-0.0554
COPAL_p_TCGAb_337_338_339_NSP_GenomeWideSNP_6_E01_1373708	9	591967	602903	34	-0.909
COPAL_p_TCGAb_337_338_339_NSP_GenomeWideSNP_6_E01_1373708	9	606699	5302634	4902	-5e-04
COPAL_p_TCGAb_337_338_339_NSP_GenomeWideSNP_6_E01_1373708	9	5302749	5337707	13	-0.7984
COPAL_p_TCGAb_337_338_339_NSP_GenomeWideSNP_6_E01_1373708	9	5340984	7335136	1599	-0.0254
COPAL_p_TCGAb_337_338_339_NSP_GenomeWideSNP_6_E01_1373708	9	7337984	7346029	8	-0.9987
COPAL_p_TCGAb_337_338_339_NSP_GenomeWideSNP_6_E01_1373708	9	7346924	8144163	798	-0.0185
COPAL_p_TCGAb_337_338_339_NSP_GenomeWideSNP_6_E01_1373708	9	8144973	8147857	2	-2.1374
COPAL_p_TCGAb_337_338_339_NSP_GenomeWideSNP_6_E01_1373708	9	8153503	8918295	700	-3e-04
COPAL_p_TCGAb_337_338_339_NSP_GenomeWideSNP_6_E01_1373708	9	8922467	8923715	4	-2.0961
COPAL_p_TCGAb_337_338_339_NSP_GenomeWideSNP_6_E01_1373708	9	8923819	11995297	2686	-0.0034
COPAL_p_TCGAb_337_338_339_NSP_GenomeWideSNP_6_E01_1373708	9	11995307	11996270	3	-2.0965
COPAL_p_TCGAb_337_338_339_NSP_GenomeWideSNP_6_E01_1373708	9	11996759	12248419	205	-0.0063
COPAL_p_TCGAb_337_338_339_NSP_GenomeWideSNP_6_E01_1373708	9	12248614	12249277	4	-1.5097
COPAL_p_TCGAb_337_338_339_NSP_GenomeWideSNP_6_E01_1373708	9	12253254	12925921	508	-0.0109
COPAL_p_TCGAb_337_338_339_NSP_GenomeWideSNP_6_E01_1373708	9	12928079	12928475	2	-2.0722
COPAL_p_TCGAb_337_338_339_NSP_GenomeWideSNP_6_E01_1373708	9	12934851	28849305	12579	-0.0013
COPAL_p_TCGAb_337_338_339_NSP_GenomeWideSNP_6_E01_1373708	9	28849504	28849949	2	-1.8032
COPAL_p_TCGAb_337_338_339_NSP_GenomeWideSNP_6_E01_1373708	9	28850822	44155888	6767	0.0038
COPAL_p_TCGAb_337_338_339_NSP_GenomeWideSNP_6_E01_1373708	9	44156374	44855737	81	0.3857
COPAL_p_TCGAb_337_338_339_NSP_GenomeWideSNP_6_E01_1373708	9	44866028	82980562	9121	0.0107
COPAL_p_TCGAb_337_338_339_NSP_GenomeWideSNP_6_E01_1373708	9	82982395	82984491	6	-0.9542
COPAL_p_TCGAb_337_338_339_NSP_GenomeWideSNP_6_E01_1373708	9	82985726	85163955	1433	0.0058
COPAL_p_TCGAb_337_338_339_NSP_GenomeWideSNP_6_E01_1373708	9	85165993	85166051	2	-1.7364
COPAL_p_TCGAb_337_338_339_NSP_GenomeWideSNP_6_E01_1373708	9	85166081	90011523	3529	0.0032
COPAL_p_TCGAb_337_338_339_NSP_GenomeWideSNP_6_E01_1373708	9	90013672	90014543	2	-1.5425
COPAL_p_TCGAb_337_338_339_NSP_GenomeWideSNP_6_E01_1373708	9	90016713	96240579	4207	0.0189
COPAL_p_TCGAb_337_338_339_NSP_GenomeWideSNP_6_E01_1373708	9	96242412	96242455	2	-1.7243
COPAL_p_TCGAb_337_338_339_NSP_GenomeWideSNP_6_E01_1373708	9	96243144	104781568	5592	0.0021
COPAL_p_TCGAb_337_338_339_NSP_GenomeWideSNP_6_E01_1373708	9	104781700	104785446	8	-0.9364
COPAL_p_TCGAb_337_338_339_NSP_GenomeWideSNP_6_E01_1373708	9	104786332	104834950	40	-0.0738
COPAL_p_TCGAb_337_338_339_NSP_GenomeWideSNP_6_E01_1373708	9	104835208	104853388	28	0.3557
COPAL_p_TCGAb_337_338_339_NSP_GenomeWideSNP_6_E01_1373708	9	104853570	105764214	637	-0.0091
COPAL_p_TCGAb_337_338_339_NSP_GenomeWideSNP_6_E01_1373708	9	105770158	105804001	38	-0.4489
COPAL_p_TCGAb_337_338_339_NSP_GenomeWideSNP_6_E01_1373708	9	105806067	112824866	5431	0.0111
COPAL_p_TCGAb_337_338_339_NSP_GenomeWideSNP_6_E01_1373708	9	112830219	112830569	2	-1.7107
COPAL_p_TCGAb_337_338_339_NSP_GenomeWideSNP_6_E01_1373708	9	112830614	112925977	89	0.0291
COPAL_p_TCGAb_337_338_339_NSP_GenomeWideSNP_6_E01_1373708	9	112927881	112933271	6	-0.7451
COPAL_p_TCGAb_337_338_339_NSP_GenomeWideSNP_6_E01_1373708	9	112934472	112964101	34	0.0517
COPAL_p_TCGAb_337_338_339_NSP_GenomeWideSNP_6_E01_1373708	9	112964736	112965275	2	-1.7468
COPAL_p_TCGAb_337_338_339_NSP_GenomeWideSNP_6_E01_1373708	9	112967835	114439656	1145	0.0178
COPAL_p_TCGAb_337_338_339_NSP_GenomeWideSNP_6_E01_1373708	9	114447425	114449112	5	-1.1341
COPAL_p_TCGAb_337_338_339_NSP_GenomeWideSNP_6_E01_1373708	9	114449970	117082811	1788	0.0053
COPAL_p_TCGAb_337_338_339_NSP_GenomeWideSNP_6_E01_1373708	9	117087402	117088322	2	1.7961
COPAL_p_TCGAb_337_338_339_NSP_GenomeWideSNP_6_E01_1373708	9	117093029	121319466	3441	0.0135
COPAL_p_TCGAb_337_338_339_NSP_GenomeWideSNP_6_E01_1373708	9	121320294	121321292	4	-1.295
COPAL_p_TCGAb_337_338_339_NSP_GenomeWideSNP_6_E01_1373708	9	121322566	141091394	11609	0.0074
COPAL_p_TCGAb_337_338_339_NSP_GenomeWideSNP_6_E01_1373708	10	72759	3117677	2505	0.0267
COPAL_p_TCGAb_337_338_339_NSP_GenomeWideSNP_6_E01_1373708	10	3118631	3124319	5	-1.1997
COPAL_p_TCGAb_337_338_339_NSP_GenomeWideSNP_6_E01_1373708	10	3128386	4240107	1005	0.0215
COPAL_p_TCGAb_337_338_339_NSP_GenomeWideSNP_6_E01_1373708	10	4240722	4241572	4	-1.4985
COPAL_p_TCGAb_337_338_339_NSP_GenomeWideSNP_6_E01_1373708	10	4243998	24375263	15613	-2e-04
COPAL_p_TCGAb_337_338_339_NSP_GenomeWideSNP_6_E01_1373708	10	24377674	24377682	7	1.202
COPAL_p_TCGAb_337_338_339_NSP_GenomeWideSNP_6_E01_1373708	10	24377918	25637570	841	-0.0026
COPAL_p_TCGAb_337_338_339_NSP_GenomeWideSNP_6_E01_1373708	10	25639026	25641101	5	-0.9895
COPAL_p_TCGAb_337_338_339_NSP_GenomeWideSNP_6_E01_1373708	10	25641990	25725513	60	-0.0331
COPAL_p_TCGAb_337_338_339_NSP_GenomeWideSNP_6_E01_1373708	10	25727933	25728594	10	-0.6905
COPAL_p_TCGAb_337_338_339_NSP_GenomeWideSNP_6_E01_1373708	10	25731255	42473993	8972	0.0015
COPAL_p_TCGAb_337_338_339_NSP_GenomeWideSNP_6_E01_1373708	10	42477859	42478878	3	-2.0755
COPAL_p_TCGAb_337_338_339_NSP_GenomeWideSNP_6_E01_1373708	10	42484955	52070902	4575	0.0143
COPAL_p_TCGAb_337_338_339_NSP_GenomeWideSNP_6_E01_1373708	10	52071842	52084763	9	-1.1036
COPAL_p_TCGAb_337_338_339_NSP_GenomeWideSNP_6_E01_1373708	10	52085357	133147185	55827	9e-04
COPAL_p_TCGAb_337_338_339_NSP_GenomeWideSNP_6_E01_1373708	10	133150638	133153053	2	-2.1395
COPAL_p_TCGAb_337_338_339_NSP_GenomeWideSNP_6_E01_1373708	10	133153936	135232654	1045	0.0214
COPAL_p_TCGAb_337_338_339_NSP_GenomeWideSNP_6_E01_1373708	10	135234140	135377278	112	0.421
COPAL_p_TCGAb_337_338_339_NSP_GenomeWideSNP_6_E01_1373708	10	135387240	135506704	37	0.0543
COPAL_p_TCGAb_337_338_339_NSP_GenomeWideSNP_6_E01_1373708	11	198510	308716	62	-0.0227
COPAL_p_TCGAb_337_338_339_NSP_GenomeWideSNP_6_E01_1373708	11	309508	365502	16	-0.7324
COPAL_p_TCGAb_337_338_339_NSP_GenomeWideSNP_6_E01_1373708	11	366435	4390457	1747	0.0129
COPAL_p_TCGAb_337_338_339_NSP_GenomeWideSNP_6_E01_1373708	11	4391274	4391529	2	-2.0336
COPAL_p_TCGAb_337_338_339_NSP_GenomeWideSNP_6_E01_1373708	11	4392311	4731180	389	0.0089
COPAL_p_TCGAb_337_338_339_NSP_GenomeWideSNP_6_E01_1373708	11	4731468	4731570	2	-2.322
COPAL_p_TCGAb_337_338_339_NSP_GenomeWideSNP_6_E01_1373708	11	4731645	4739539	23	0.0862
COPAL_p_TCGAb_337_338_339_NSP_GenomeWideSNP_6_E01_1373708	11	4740665	4742222	4	-0.7031
COPAL_p_TCGAb_337_338_339_NSP_GenomeWideSNP_6_E01_1373708	11	4744492	4750828	7	0.2201
COPAL_p_TCGAb_337_338_339_NSP_GenomeWideSNP_6_E01_1373708	11	4751346	4760525	11	-0.5137
COPAL_p_TCGAb_337_338_339_NSP_GenomeWideSNP_6_E01_1373708	11	4762694	4925811	141	-0.0378
COPAL_p_TCGAb_337_338_339_NSP_GenomeWideSNP_6_E01_1373708	11	4925933	4931083	7	-0.62
COPAL_p_TCGAb_337_338_339_NSP_GenomeWideSNP_6_E01_1373708	11	4933657	5472822	558	0.0357
COPAL_p_TCGAb_337_338_339_NSP_GenomeWideSNP_6_E01_1373708	11	5472989	5477390	9	-0.6958
COPAL_p_TCGAb_337_338_339_NSP_GenomeWideSNP_6_E01_1373708	11	5480123	5783923	313	0.0195
COPAL_p_TCGAb_337_338_339_NSP_GenomeWideSNP_6_E01_1373708	11	5787405	5809139	33	-0.3778
COPAL_p_TCGAb_337_338_339_NSP_GenomeWideSNP_6_E01_1373708	11	5809338	6925675	821	0.0062
COPAL_p_TCGAb_337_338_339_NSP_GenomeWideSNP_6_E01_1373708	11	6932396	6935713	9	-0.6569
COPAL_p_TCGAb_337_338_339_NSP_GenomeWideSNP_6_E01_1373708	11	6935902	9280462	1658	0.0098
COPAL_p_TCGAb_337_338_339_NSP_GenomeWideSNP_6_E01_1373708	11	9295884	9389875	30	0.4378
COPAL_p_TCGAb_337_338_339_NSP_GenomeWideSNP_6_E01_1373708	11	9398238	30173574	15149	0.0094
COPAL_p_TCGAb_337_338_339_NSP_GenomeWideSNP_6_E01_1373708	11	30173615	30174965	8	-0.8564
COPAL_p_TCGAb_337_338_339_NSP_GenomeWideSNP_6_E01_1373708	11	30175566	33471109	2096	0.0072
COPAL_p_TCGAb_337_338_339_NSP_GenomeWideSNP_6_E01_1373708	11	33474289	33477930	3	-1.5615
COPAL_p_TCGAb_337_338_339_NSP_GenomeWideSNP_6_E01_1373708	11	33480143	42576348	6614	0.0045
COPAL_p_TCGAb_337_338_339_NSP_GenomeWideSNP_6_E01_1373708	11	42579351	42584087	6	-1.12
COPAL_p_TCGAb_337_338_339_NSP_GenomeWideSNP_6_E01_1373708	11	42586681	55355212	4744	0.0014
COPAL_p_TCGAb_337_338_339_NSP_GenomeWideSNP_6_E01_1373708	11	55355722	55460683	70	0.4943
COPAL_p_TCGAb_337_338_339_NSP_GenomeWideSNP_6_E01_1373708	11	55460788	58818451	2077	0.0107
COPAL_p_TCGAb_337_338_339_NSP_GenomeWideSNP_6_E01_1373708	11	58818757	58829233	3	-1.5639
COPAL_p_TCGAb_337_338_339_NSP_GenomeWideSNP_6_E01_1373708	11	58833237	93898724	20721	8e-04
COPAL_p_TCGAb_337_338_339_NSP_GenomeWideSNP_6_E01_1373708	11	93902646	93906538	2	-3.1445
COPAL_p_TCGAb_337_338_339_NSP_GenomeWideSNP_6_E01_1373708	11	93908134	104158416	7465	-0.0024
COPAL_p_TCGAb_337_338_339_NSP_GenomeWideSNP_6_E01_1373708	11	104159332	104159768	2	-2.3198
COPAL_p_TCGAb_337_338_339_NSP_GenomeWideSNP_6_E01_1373708	11	104167451	132824841	20322	0.0061
COPAL_p_TCGAb_337_338_339_NSP_GenomeWideSNP_6_E01_1373708	11	132826084	132886373	43	-0.3937
COPAL_p_TCGAb_337_338_339_NSP_GenomeWideSNP_6_E01_1373708	11	132886899	134944770	1547	-0.0244
COPAL_p_TCGAb_337_338_339_NSP_GenomeWideSNP_6_E01_1373708	12	150442	865970	412	-0.0111
COPAL_p_TCGAb_337_338_339_NSP_GenomeWideSNP_6_E01_1373708	12	869109	879990	36	0.3882
COPAL_p_TCGAb_337_338_339_NSP_GenomeWideSNP_6_E01_1373708	12	883178	8552522	5144	0.0142
COPAL_p_TCGAb_337_338_339_NSP_GenomeWideSNP_6_E01_1373708	12	8554403	8584672	24	0.6889
COPAL_p_TCGAb_337_338_339_NSP_GenomeWideSNP_6_E01_1373708	12	8594894	9426866	466	0.0175
COPAL_p_TCGAb_337_338_339_NSP_GenomeWideSNP_6_E01_1373708	12	9434815	9435244	2	-1.3177
COPAL_p_TCGAb_337_338_339_NSP_GenomeWideSNP_6_E01_1373708	12	9435392	9626772	91	0.0029
COPAL_p_TCGAb_337_338_339_NSP_GenomeWideSNP_6_E01_1373708	12	9627238	9728292	27	0.7861
COPAL_p_TCGAb_337_338_339_NSP_GenomeWideSNP_6_E01_1373708	12	9734969	33388829	16636	0.0032
COPAL_p_TCGAb_337_338_339_NSP_GenomeWideSNP_6_E01_1373708	12	33390744	33395142	3	-2.6279
COPAL_p_TCGAb_337_338_339_NSP_GenomeWideSNP_6_E01_1373708	12	33395418	33726578	237	0.0644
COPAL_p_TCGAb_337_338_339_NSP_GenomeWideSNP_6_E01_1373708	12	33726964	33731738	4	-1.2244
COPAL_p_TCGAb_337_338_339_NSP_GenomeWideSNP_6_E01_1373708	12	33736808	107568991	44175	0.0043
COPAL_p_TCGAb_337_338_339_NSP_GenomeWideSNP_6_E01_1373708	12	107569725	107570752	2	-2.3648
COPAL_p_TCGAb_337_338_339_NSP_GenomeWideSNP_6_E01_1373708	12	107574310	114502675	4212	0.0173
COPAL_p_TCGAb_337_338_339_NSP_GenomeWideSNP_6_E01_1373708	12	114504221	114540143	33	-0.4136
COPAL_p_TCGAb_337_338_339_NSP_GenomeWideSNP_6_E01_1373708	12	114542254	114615120	105	0.0163
COPAL_p_TCGAb_337_338_339_NSP_GenomeWideSNP_6_E01_1373708	12	114615784	114616917	5	-1.5352
COPAL_p_TCGAb_337_338_339_NSP_GenomeWideSNP_6_E01_1373708	12	114628140	128621504	9453	0.0037
COPAL_p_TCGAb_337_338_339_NSP_GenomeWideSNP_6_E01_1373708	12	128621775	128641379	19	-0.694
COPAL_p_TCGAb_337_338_339_NSP_GenomeWideSNP_6_E01_1373708	12	128644066	130141444	1422	-0.0118
COPAL_p_TCGAb_337_338_339_NSP_GenomeWideSNP_6_E01_1373708	12	130145407	130145758	2	-3.3813
COPAL_p_TCGAb_337_338_339_NSP_GenomeWideSNP_6_E01_1373708	12	130146777	132120715	1628	-0.0056
COPAL_p_TCGAb_337_338_339_NSP_GenomeWideSNP_6_E01_1373708	12	132132584	132142331	14	0.856
COPAL_p_TCGAb_337_338_339_NSP_GenomeWideSNP_6_E01_1373708	12	132142369	133778189	570	0.0362
COPAL_p_TCGAb_337_338_339_NSP_GenomeWideSNP_6_E01_1373708	13	19026949	24479941	3540	0.018
COPAL_p_TCGAb_337_338_339_NSP_GenomeWideSNP_6_E01_1373708	13	24481926	24495912	13	-0.9646
COPAL_p_TCGAb_337_338_339_NSP_GenomeWideSNP_6_E01_1373708	13	24497118	40118499	11533	0.0022
COPAL_p_TCGAb_337_338_339_NSP_GenomeWideSNP_6_E01_1373708	13	40118603	40125453	9	-0.9327
COPAL_p_TCGAb_337_338_339_NSP_GenomeWideSNP_6_E01_1373708	13	40128025	70722231	18802	0.0022
COPAL_p_TCGAb_337_338_339_NSP_GenomeWideSNP_6_E01_1373708	13	70723292	70724516	7	-1.0222
COPAL_p_TCGAb_337_338_339_NSP_GenomeWideSNP_6_E01_1373708	13	70727007	76604318	4146	0.0018
COPAL_p_TCGAb_337_338_339_NSP_GenomeWideSNP_6_E01_1373708	13	76608729	76610840	2	-2.2555
COPAL_p_TCGAb_337_338_339_NSP_GenomeWideSNP_6_E01_1373708	13	76611609	84156012	4881	-0.0049
COPAL_p_TCGAb_337_338_339_NSP_GenomeWideSNP_6_E01_1373708	13	84161129	84161251	2	-2.2809
COPAL_p_TCGAb_337_338_339_NSP_GenomeWideSNP_6_E01_1373708	13	84167340	106064754	14714	-0.0034
COPAL_p_TCGAb_337_338_339_NSP_GenomeWideSNP_6_E01_1373708	13	106066286	106069789	5	-1.1544
COPAL_p_TCGAb_337_338_339_NSP_GenomeWideSNP_6_E01_1373708	13	106072720	106199691	122	-0.0665
COPAL_p_TCGAb_337_338_339_NSP_GenomeWideSNP_6_E01_1373708	13	106200939	106207341	8	-0.8868
COPAL_p_TCGAb_337_338_339_NSP_GenomeWideSNP_6_E01_1373708	13	106208258	111588967	4343	0.0021
COPAL_p_TCGAb_337_338_339_NSP_GenomeWideSNP_6_E01_1373708	13	111589152	111590028	2	-2.2588
COPAL_p_TCGAb_337_338_339_NSP_GenomeWideSNP_6_E01_1373708	13	111592780	115108397	1891	0.0088
COPAL_p_TCGAb_337_338_339_NSP_GenomeWideSNP_6_E01_1373708	14	19002124	22607502	1728	-0.0415
COPAL_p_TCGAb_337_338_339_NSP_GenomeWideSNP_6_E01_1373708	14	22611312	22613461	10	-1.8305
COPAL_p_TCGAb_337_338_339_NSP_GenomeWideSNP_6_E01_1373708	14	22613690	22842517	190	-0.2995
COPAL_p_TCGAb_337_338_339_NSP_GenomeWideSNP_6_E01_1373708	14	22843437	22851242	8	-1.4415
COPAL_p_TCGAb_337_338_339_NSP_GenomeWideSNP_6_E01_1373708	14	22853059	22955716	77	-0.4231
COPAL_p_TCGAb_337_338_339_NSP_GenomeWideSNP_6_E01_1373708	14	22959292	39247500	10269	0.0011
COPAL_p_TCGAb_337_338_339_NSP_GenomeWideSNP_6_E01_1373708	14	39247747	39249870	2	-2.5208
COPAL_p_TCGAb_337_338_339_NSP_GenomeWideSNP_6_E01_1373708	14	39253875	74569940	22127	0.0017
COPAL_p_TCGAb_337_338_339_NSP_GenomeWideSNP_6_E01_1373708	14	74570108	74598419	28	0.5784
COPAL_p_TCGAb_337_338_339_NSP_GenomeWideSNP_6_E01_1373708	14	74598496	84433993	6579	-0.0051
COPAL_p_TCGAb_337_338_339_NSP_GenomeWideSNP_6_E01_1373708	14	84435911	84439668	8	-0.8635
COPAL_p_TCGAb_337_338_339_NSP_GenomeWideSNP_6_E01_1373708	14	84442519	85565090	686	0.0088
COPAL_p_TCGAb_337_338_339_NSP_GenomeWideSNP_6_E01_1373708	14	85565155	85565274	2	-1.3657
COPAL_p_TCGAb_337_338_339_NSP_GenomeWideSNP_6_E01_1373708	14	85565295	86283751	556	-0.0018
COPAL_p_TCGAb_337_338_339_NSP_GenomeWideSNP_6_E01_1373708	14	86283954	86286452	8	-0.7479
COPAL_p_TCGAb_337_338_339_NSP_GenomeWideSNP_6_E01_1373708	14	86286948	86819899	351	0.0202
COPAL_p_TCGAb_337_338_339_NSP_GenomeWideSNP_6_E01_1373708	14	86821460	86821691	3	-1.1167
COPAL_p_TCGAb_337_338_339_NSP_GenomeWideSNP_6_E01_1373708	14	86823575	88567917	1132	0.0068
COPAL_p_TCGAb_337_338_339_NSP_GenomeWideSNP_6_E01_1373708	14	88568151	88576142	4	-1.4408
COPAL_p_TCGAb_337_338_339_NSP_GenomeWideSNP_6_E01_1373708	14	88577493	106530364	11092	-2e-04
COPAL_p_TCGAb_337_338_339_NSP_GenomeWideSNP_6_E01_1373708	14	106530687	106569463	18	0.5261
COPAL_p_TCGAb_337_338_339_NSP_GenomeWideSNP_6_E01_1373708	14	106574118	106903567	169	0.0303
COPAL_p_TCGAb_337_338_339_NSP_GenomeWideSNP_6_E01_1373708	14	106910280	106949073	35	0.4569
COPAL_p_TCGAb_337_338_339_NSP_GenomeWideSNP_6_E01_1373708	14	106952515	107285437	212	-0.0122
COPAL_p_TCGAb_337_338_339_NSP_GenomeWideSNP_6_E01_1373708	15	20016328	20578421	98	0.0498
COPAL_p_TCGAb_337_338_339_NSP_GenomeWideSNP_6_E01_1373708	15	20581451	20581455	5	-1.0232
COPAL_p_TCGAb_337_338_339_NSP_GenomeWideSNP_6_E01_1373708	15	20581562	24599576	1298	0.0934
COPAL_p_TCGAb_337_338_339_NSP_GenomeWideSNP_6_E01_1373708	15	24600325	24680685	26	-0.5654
COPAL_p_TCGAb_337_338_339_NSP_GenomeWideSNP_6_E01_1373708	15	24680737	27924124	2384	-0.0159
COPAL_p_TCGAb_337_338_339_NSP_GenomeWideSNP_6_E01_1373708	15	27925836	27926499	3	-2.5743
COPAL_p_TCGAb_337_338_339_NSP_GenomeWideSNP_6_E01_1373708	15	27927303	29410662	614	0.0581
COPAL_p_TCGAb_337_338_339_NSP_GenomeWideSNP_6_E01_1373708	15	29411991	29429838	15	-0.719
COPAL_p_TCGAb_337_338_339_NSP_GenomeWideSNP_6_E01_1373708	15	29431179	34714123	3346	0.0016
COPAL_p_TCGAb_337_338_339_NSP_GenomeWideSNP_6_E01_1373708	15	34719795	34818317	68	-0.5377
COPAL_p_TCGAb_337_338_339_NSP_GenomeWideSNP_6_E01_1373708	15	34830253	61683961	17258	-0.006
COPAL_p_TCGAb_337_338_339_NSP_GenomeWideSNP_6_E01_1373708	15	61684205	61690100	4	-1.7287
COPAL_p_TCGAb_337_338_339_NSP_GenomeWideSNP_6_E01_1373708	15	61691653	76891511	9086	0.0031
COPAL_p_TCGAb_337_338_339_NSP_GenomeWideSNP_6_E01_1373708	15	76891627	76902179	21	1.0043
COPAL_p_TCGAb_337_338_339_NSP_GenomeWideSNP_6_E01_1373708	15	76902194	78694688	911	0.012
COPAL_p_TCGAb_337_338_339_NSP_GenomeWideSNP_6_E01_1373708	15	78695911	78706774	2	-1.7657
COPAL_p_TCGAb_337_338_339_NSP_GenomeWideSNP_6_E01_1373708	15	78707049	87942988	5894	0.007
COPAL_p_TCGAb_337_338_339_NSP_GenomeWideSNP_6_E01_1373708	15	87944954	87945274	2	-2.0398
COPAL_p_TCGAb_337_338_339_NSP_GenomeWideSNP_6_E01_1373708	15	87946527	93798904	4261	0.0076
COPAL_p_TCGAb_337_338_339_NSP_GenomeWideSNP_6_E01_1373708	15	93800425	93807593	29	0.4244
COPAL_p_TCGAb_337_338_339_NSP_GenomeWideSNP_6_E01_1373708	15	93807720	93913717	117	0.0143
COPAL_p_TCGAb_337_338_339_NSP_GenomeWideSNP_6_E01_1373708	15	93915765	93915812	2	-2.0441
COPAL_p_TCGAb_337_338_339_NSP_GenomeWideSNP_6_E01_1373708	15	93917273	101910236	5990	0.0015
COPAL_p_TCGAb_337_338_339_NSP_GenomeWideSNP_6_E01_1373708	15	101910550	101929825	27	-0.4585
COPAL_p_TCGAb_337_338_339_NSP_GenomeWideSNP_6_E01_1373708	15	101930159	102103240	163	0.0752
COPAL_p_TCGAb_337_338_339_NSP_GenomeWideSNP_6_E01_1373708	15	102104049	102104079	2	-2.1692
COPAL_p_TCGAb_337_338_339_NSP_GenomeWideSNP_6_E01_1373708	15	102104694	102469040	204	0.0496
COPAL_p_TCGAb_337_338_339_NSP_GenomeWideSNP_6_E01_1373708	16	60777	78371608	41610	0.006
COPAL_p_TCGAb_337_338_339_NSP_GenomeWideSNP_6_E01_1373708	16	78372440	78376934	9	1.2115
COPAL_p_TCGAb_337_338_339_NSP_GenomeWideSNP_6_E01_1373708	16	78377161	78544042	245	0.0568
COPAL_p_TCGAb_337_338_339_NSP_GenomeWideSNP_6_E01_1373708	16	78544424	78545684	6	-0.6666
COPAL_p_TCGAb_337_338_339_NSP_GenomeWideSNP_6_E01_1373708	16	78545984	78750888	235	0.0352
COPAL_p_TCGAb_337_338_339_NSP_GenomeWideSNP_6_E01_1373708	16	78751233	78756328	5	-1.37
COPAL_p_TCGAb_337_338_339_NSP_GenomeWideSNP_6_E01_1373708	16	78757878	79117171	526	0.0027
COPAL_p_TCGAb_337_338_339_NSP_GenomeWideSNP_6_E01_1373708	16	79117304	79117608	2	-2.1662
COPAL_p_TCGAb_337_338_339_NSP_GenomeWideSNP_6_E01_1373708	16	79118610	82702823	3700	0.0079
COPAL_p_TCGAb_337_338_339_NSP_GenomeWideSNP_6_E01_1373708	16	82704082	82712315	17	-0.8136
COPAL_p_TCGAb_337_338_339_NSP_GenomeWideSNP_6_E01_1373708	16	82713009	90287535	5831	0.0028
COPAL_p_TCGAb_337_338_339_NSP_GenomeWideSNP_6_E01_1373708	17	526	14289547	8986	0.0064
COPAL_p_TCGAb_337_338_339_NSP_GenomeWideSNP_6_E01_1373708	17	14290156	14290540	3	-1.8157
COPAL_p_TCGAb_337_338_339_NSP_GenomeWideSNP_6_E01_1373708	17	14290643	18317181	2385	-0.0192
COPAL_p_TCGAb_337_338_339_NSP_GenomeWideSNP_6_E01_1373708	17	18317193	18465221	32	0.7219
COPAL_p_TCGAb_337_338_339_NSP_GenomeWideSNP_6_E01_1373708	17	18469197	32035292	5134	0.0154
COPAL_p_TCGAb_337_338_339_NSP_GenomeWideSNP_6_E01_1373708	17	32036176	32039623	3	-1.5581
COPAL_p_TCGAb_337_338_339_NSP_GenomeWideSNP_6_E01_1373708	17	32041534	34426245	1747	-0.0053
COPAL_p_TCGAb_337_338_339_NSP_GenomeWideSNP_6_E01_1373708	17	34428415	34629696	50	0.3938
COPAL_p_TCGAb_337_338_339_NSP_GenomeWideSNP_6_E01_1373708	17	34816256	35151115	294	0.0111
COPAL_p_TCGAb_337_338_339_NSP_GenomeWideSNP_6_E01_1373708	17	35152143	35153361	3	-1.9392
COPAL_p_TCGAb_337_338_339_NSP_GenomeWideSNP_6_E01_1373708	17	35155209	81049726	26441	0.0069
COPAL_p_TCGAb_337_338_339_NSP_GenomeWideSNP_6_E01_1373708	18	11543	5962014	4215	-0.0027
COPAL_p_TCGAb_337_338_339_NSP_GenomeWideSNP_6_E01_1373708	18	5963763	5965669	4	-1.6129
COPAL_p_TCGAb_337_338_339_NSP_GenomeWideSNP_6_E01_1373708	18	5966158	62136063	34906	0.0029
COPAL_p_TCGAb_337_338_339_NSP_GenomeWideSNP_6_E01_1373708	18	62138393	62144330	10	-0.8264
COPAL_p_TCGAb_337_338_339_NSP_GenomeWideSNP_6_E01_1373708	18	62144774	78015057	11470	-0.0026
COPAL_p_TCGAb_337_338_339_NSP_GenomeWideSNP_6_E01_1373708	19	90910	12527864	4972	-0.0134
COPAL_p_TCGAb_337_338_339_NSP_GenomeWideSNP_6_E01_1373708	19	12530177	12530752	2	-2.0781
COPAL_p_TCGAb_337_338_339_NSP_GenomeWideSNP_6_E01_1373708	19	12531838	12539878	10	0.2998
COPAL_p_TCGAb_337_338_339_NSP_GenomeWideSNP_6_E01_1373708	19	12541661	20469758	3920	0.0154
COPAL_p_TCGAb_337_338_339_NSP_GenomeWideSNP_6_E01_1373708	19	20473553	20476069	9	-0.7489
COPAL_p_TCGAb_337_338_339_NSP_GenomeWideSNP_6_E01_1373708	19	20481025	21154168	353	0.146
COPAL_p_TCGAb_337_338_339_NSP_GenomeWideSNP_6_E01_1373708	19	21155341	21155593	3	-1.6066
COPAL_p_TCGAb_337_338_339_NSP_GenomeWideSNP_6_E01_1373708	19	21157890	52131636	15595	0.0113
COPAL_p_TCGAb_337_338_339_NSP_GenomeWideSNP_6_E01_1373708	19	52131733	52146792	11	0.7479
COPAL_p_TCGAb_337_338_339_NSP_GenomeWideSNP_6_E01_1373708	19	52147581	54722275	1750	0.0245
COPAL_p_TCGAb_337_338_339_NSP_GenomeWideSNP_6_E01_1373708	19	54730202	54741319	17	0.8095
COPAL_p_TCGAb_337_338_339_NSP_GenomeWideSNP_6_E01_1373708	19	54753340	56302961	777	0.009
COPAL_p_TCGAb_337_338_339_NSP_GenomeWideSNP_6_E01_1373708	19	56306402	56309150	7	-1.1099
COPAL_p_TCGAb_337_338_339_NSP_GenomeWideSNP_6_E01_1373708	19	56309665	56503360	195	0.0103
COPAL_p_TCGAb_337_338_339_NSP_GenomeWideSNP_6_E01_1373708	19	56503690	56506176	2	-1.9755
COPAL_p_TCGAb_337_338_339_NSP_GenomeWideSNP_6_E01_1373708	19	56508027	56515875	8	0.2889
COPAL_p_TCGAb_337_338_339_NSP_GenomeWideSNP_6_E01_1373708	19	56516020	56712308	92	-0.0191
COPAL_p_TCGAb_337_338_339_NSP_GenomeWideSNP_6_E01_1373708	19	56712994	56717241	9	0.4797
COPAL_p_TCGAb_337_338_339_NSP_GenomeWideSNP_6_E01_1373708	19	56718895	56719368	2	-1.7481
COPAL_p_TCGAb_337_338_339_NSP_GenomeWideSNP_6_E01_1373708	19	56720274	59097854	1508	0.0183
COPAL_p_TCGAb_337_338_339_NSP_GenomeWideSNP_6_E01_1373708	20	61305	15301374	11595	-0.0066
COPAL_p_TCGAb_337_338_339_NSP_GenomeWideSNP_6_E01_1373708	20	15301902	15302374	3	-1.8642
COPAL_p_TCGAb_337_338_339_NSP_GenomeWideSNP_6_E01_1373708	20	15305258	48795413	20378	0.0066
COPAL_p_TCGAb_337_338_339_NSP_GenomeWideSNP_6_E01_1373708	20	48797434	48797889	2	-1.9271
COPAL_p_TCGAb_337_338_339_NSP_GenomeWideSNP_6_E01_1373708	20	48799083	51920893	2308	0.0048
COPAL_p_TCGAb_337_338_339_NSP_GenomeWideSNP_6_E01_1373708	20	51922071	51923039	4	-1.2329
COPAL_p_TCGAb_337_338_339_NSP_GenomeWideSNP_6_E01_1373708	20	51923491	58073713	4961	0.0055
COPAL_p_TCGAb_337_338_339_NSP_GenomeWideSNP_6_E01_1373708	20	58073920	58077592	3	-1.5226
COPAL_p_TCGAb_337_338_339_NSP_GenomeWideSNP_6_E01_1373708	20	58078847	62956153	3048	0.0212
COPAL_p_TCGAb_337_338_339_NSP_GenomeWideSNP_6_E01_1373708	21	10736871	48096957	24302	-4e-04
COPAL_p_TCGAb_337_338_339_NSP_GenomeWideSNP_6_E01_1373708	22	16052528	17285660	237	0.1061
COPAL_p_TCGAb_337_338_339_NSP_GenomeWideSNP_6_E01_1373708	22	17286147	17299901	4	-1.0408
COPAL_p_TCGAb_337_338_339_NSP_GenomeWideSNP_6_E01_1373708	22	17300320	17678642	259	-0.0075
COPAL_p_TCGAb_337_338_339_NSP_GenomeWideSNP_6_E01_1373708	22	17682165	17682294	2	-1.7701
COPAL_p_TCGAb_337_338_339_NSP_GenomeWideSNP_6_E01_1373708	22	17683556	32385418	9850	0.0368
COPAL_p_TCGAb_337_338_339_NSP_GenomeWideSNP_6_E01_1373708	22	32385858	32464362	42	0.5034
COPAL_p_TCGAb_337_338_339_NSP_GenomeWideSNP_6_E01_1373708	22	32468490	48073663	10651	0.0097
COPAL_p_TCGAb_337_338_339_NSP_GenomeWideSNP_6_E01_1373708	22	48074023	48084299	8	-1.0572
COPAL_p_TCGAb_337_338_339_NSP_GenomeWideSNP_6_E01_1373708	22	48085789	51234455	2399	-6e-04
COPAL_p_TCGAb_337_338_339_NSP_GenomeWideSNP_6_E01_1373708	X	168477	3977174	874	0.0137
COPAL_p_TCGAb_337_338_339_NSP_GenomeWideSNP_6_E01_1373708	X	3979108	3979633	2	-2.4335
COPAL_p_TCGAb_337_338_339_NSP_GenomeWideSNP_6_E01_1373708	X	3980002	4292415	368	0.0077
COPAL_p_TCGAb_337_338_339_NSP_GenomeWideSNP_6_E01_1373708	X	4293277	4325163	24	-0.6068
COPAL_p_TCGAb_337_338_339_NSP_GenomeWideSNP_6_E01_1373708	X	4330230	18278312	9879	0.0029
COPAL_p_TCGAb_337_338_339_NSP_GenomeWideSNP_6_E01_1373708	X	18279772	18280790	2	-2.3454
COPAL_p_TCGAb_337_338_339_NSP_GenomeWideSNP_6_E01_1373708	X	18286731	22842919	2586	0.0119
COPAL_p_TCGAb_337_338_339_NSP_GenomeWideSNP_6_E01_1373708	X	22844160	22856962	24	-0.5503
COPAL_p_TCGAb_337_338_339_NSP_GenomeWideSNP_6_E01_1373708	X	22860429	23234219	328	0.0133
COPAL_p_TCGAb_337_338_339_NSP_GenomeWideSNP_6_E01_1373708	X	23234304	23235365	4	-1.1399
COPAL_p_TCGAb_337_338_339_NSP_GenomeWideSNP_6_E01_1373708	X	23235725	26150363	1859	-2e-04
COPAL_p_TCGAb_337_338_339_NSP_GenomeWideSNP_6_E01_1373708	X	26151285	26154531	3	-1.9987
COPAL_p_TCGAb_337_338_339_NSP_GenomeWideSNP_6_E01_1373708	X	26155201	31045037	3108	0.0031
COPAL_p_TCGAb_337_338_339_NSP_GenomeWideSNP_6_E01_1373708	X	31046051	31052350	5	-1.0387
COPAL_p_TCGAb_337_338_339_NSP_GenomeWideSNP_6_E01_1373708	X	31054857	32548066	1082	0.0033
COPAL_p_TCGAb_337_338_339_NSP_GenomeWideSNP_6_E01_1373708	X	32548448	32552118	5	-1.0129
COPAL_p_TCGAb_337_338_339_NSP_GenomeWideSNP_6_E01_1373708	X	32553362	32562058	28	0.1273
COPAL_p_TCGAb_337_338_339_NSP_GenomeWideSNP_6_E01_1373708	X	32562613	32563263	6	-0.6614
COPAL_p_TCGAb_337_338_339_NSP_GenomeWideSNP_6_E01_1373708	X	32563363	33019046	370	0.0427
COPAL_p_TCGAb_337_338_339_NSP_GenomeWideSNP_6_E01_1373708	X	33020261	33029970	9	-0.5905
COPAL_p_TCGAb_337_338_339_NSP_GenomeWideSNP_6_E01_1373708	X	33030608	33112143	67	0.0173
COPAL_p_TCGAb_337_338_339_NSP_GenomeWideSNP_6_E01_1373708	X	33113467	33114608	2	-1.9619
COPAL_p_TCGAb_337_338_339_NSP_GenomeWideSNP_6_E01_1373708	X	33117564	37927775	2895	0.0067
COPAL_p_TCGAb_337_338_339_NSP_GenomeWideSNP_6_E01_1373708	X	37929097	37952837	15	-0.7631
COPAL_p_TCGAb_337_338_339_NSP_GenomeWideSNP_6_E01_1373708	X	37956301	38297157	240	-0.0231
COPAL_p_TCGAb_337_338_339_NSP_GenomeWideSNP_6_E01_1373708	X	38297557	38298042	5	-0.9786
COPAL_p_TCGAb_337_338_339_NSP_GenomeWideSNP_6_E01_1373708	X	38298928	42779627	2550	0.0116
COPAL_p_TCGAb_337_338_339_NSP_GenomeWideSNP_6_E01_1373708	X	42787763	42787932	3	-1.9093
COPAL_p_TCGAb_337_338_339_NSP_GenomeWideSNP_6_E01_1373708	X	42791543	42813983	21	0.0809
COPAL_p_TCGAb_337_338_339_NSP_GenomeWideSNP_6_E01_1373708	X	42814656	42815550	3	-1.3509
COPAL_p_TCGAb_337_338_339_NSP_GenomeWideSNP_6_E01_1373708	X	42816428	49133621	3210	0.0077
COPAL_p_TCGAb_337_338_339_NSP_GenomeWideSNP_6_E01_1373708	X	49135315	49135515	3	-1.1731
COPAL_p_TCGAb_337_338_339_NSP_GenomeWideSNP_6_E01_1373708	X	49138549	49823892	250	0.0323
COPAL_p_TCGAb_337_338_339_NSP_GenomeWideSNP_6_E01_1373708	X	49831110	49831431	3	-1.8575
COPAL_p_TCGAb_337_338_339_NSP_GenomeWideSNP_6_E01_1373708	X	49833409	58287848	3652	0.0052
COPAL_p_TCGAb_337_338_339_NSP_GenomeWideSNP_6_E01_1373708	X	58288508	62140370	121	0.2416
COPAL_p_TCGAb_337_338_339_NSP_GenomeWideSNP_6_E01_1373708	X	62146198	62356680	77	0.0054
COPAL_p_TCGAb_337_338_339_NSP_GenomeWideSNP_6_E01_1373708	X	62374798	62531834	50	0.2985
COPAL_p_TCGAb_337_338_339_NSP_GenomeWideSNP_6_E01_1373708	X	62536171	76287953	6255	0.0032
COPAL_p_TCGAb_337_338_339_NSP_GenomeWideSNP_6_E01_1373708	X	76290520	76433287	21	-0.5634
COPAL_p_TCGAb_337_338_339_NSP_GenomeWideSNP_6_E01_1373708	X	76437473	80188248	1724	0.0153
COPAL_p_TCGAb_337_338_339_NSP_GenomeWideSNP_6_E01_1373708	X	80188404	80190091	3	-1.1328
COPAL_p_TCGAb_337_338_339_NSP_GenomeWideSNP_6_E01_1373708	X	80190451	81396262	601	0.0096
COPAL_p_TCGAb_337_338_339_NSP_GenomeWideSNP_6_E01_1373708	X	81396496	81412263	38	-0.5208
COPAL_p_TCGAb_337_338_339_NSP_GenomeWideSNP_6_E01_1373708	X	81412421	84774756	1763	0.0082
COPAL_p_TCGAb_337_338_339_NSP_GenomeWideSNP_6_E01_1373708	X	84776263	84782486	3	-1.5774
COPAL_p_TCGAb_337_338_339_NSP_GenomeWideSNP_6_E01_1373708	X	84782892	84830599	24	-0.0169
COPAL_p_TCGAb_337_338_339_NSP_GenomeWideSNP_6_E01_1373708	X	84830896	84830906	2	-1.8601
COPAL_p_TCGAb_337_338_339_NSP_GenomeWideSNP_6_E01_1373708	X	84831312	85826886	736	-0.0036
COPAL_p_TCGAb_337_338_339_NSP_GenomeWideSNP_6_E01_1373708	X	85828289	85828681	3	-2.0685
COPAL_p_TCGAb_337_338_339_NSP_GenomeWideSNP_6_E01_1373708	X	85829374	94929759	4760	0.019
COPAL_p_TCGAb_337_338_339_NSP_GenomeWideSNP_6_E01_1373708	X	94930079	94930924	3	-2.0909
COPAL_p_TCGAb_337_338_339_NSP_GenomeWideSNP_6_E01_1373708	X	94934171	152017987	33246	0.0011
COPAL_p_TCGAb_337_338_339_NSP_GenomeWideSNP_6_E01_1373708	X	152018547	152020168	2	-2.2157
COPAL_p_TCGAb_337_338_339_NSP_GenomeWideSNP_6_E01_1373708	X	152024748	152191148	147	0.0063
COPAL_p_TCGAb_337_338_339_NSP_GenomeWideSNP_6_E01_1373708	X	152192161	152203512	16	-0.7663
COPAL_p_TCGAb_337_338_339_NSP_GenomeWideSNP_6_E01_1373708	X	152205213	155182354	1181	0.0438
COPAL_p_TCGAb_337_338_339_NSP_GenomeWideSNP_6_E01_1373708	Y	2650438	5944602	803	-1.9929
COPAL_p_TCGAb_337_338_339_NSP_GenomeWideSNP_6_E01_1373708	Y	5944603	15590276	2770	-2.3875
COPAL_p_TCGAb_337_338_339_NSP_GenomeWideSNP_6_E01_1373708	Y	15590342	15594523	3	-7.4685
COPAL_p_TCGAb_337_338_339_NSP_GenomeWideSNP_6_E01_1373708	Y	15594889	18921894	1764	-2.4028
COPAL_p_TCGAb_337_338_339_NSP_GenomeWideSNP_6_E01_1373708	Y	18927919	19063565	76	-2.0104
COPAL_p_TCGAb_337_338_339_NSP_GenomeWideSNP_6_E01_1373708	Y	19068122	21024613	912	-2.7967
COPAL_p_TCGAb_337_338_339_NSP_GenomeWideSNP_6_E01_1373708	Y	21025062	24515802	1275	-2.4115
COPAL_p_TCGAb_337_338_339_NSP_GenomeWideSNP_6_E01_1373708	Y	24516081	26218232	321	-2.906
COPAL_p_TCGAb_337_338_339_NSP_GenomeWideSNP_6_E01_1373708	Y	26222820	26631228	91	-2.3478
COPAL_p_TCGAb_337_338_339_NSP_GenomeWideSNP_6_E01_1373708	Y	26631371	27240184	78	-3.3664
COPAL_p_TCGAb_337_338_339_NSP_GenomeWideSNP_6_E01_1373708	Y	27254679	28277692	293	-2.7084
COPAL_p_TCGAb_337_338_339_NSP_GenomeWideSNP_6_E01_1373708	Y	28289727	28322019	13	-4.3347
COPAL_p_TCGAb_337_338_339_NSP_GenomeWideSNP_6_E01_1373708	Y	28322083	28423938	43	-2.8058
COPAL_p_TCGAb_337_338_339_NSP_GenomeWideSNP_6_E01_1373708	Y	28438116	59018259	183	-2.233
