Sample	Chromosome	Start	End	Num_Probes	Segment_Mean
COPAL_p_TCGAb_337_338_339_NSP_GenomeWideSNP_6_D03_1373654	1	61735	10367344	5177	0.001
COPAL_p_TCGAb_337_338_339_NSP_GenomeWideSNP_6_D03_1373654	1	10370402	10377983	19	-0.6256
COPAL_p_TCGAb_337_338_339_NSP_GenomeWideSNP_6_D03_1373654	1	10381772	66039858	33169	9e-04
COPAL_p_TCGAb_337_338_339_NSP_GenomeWideSNP_6_D03_1373654	1	66042898	66043112	3	-1.2861
COPAL_p_TCGAb_337_338_339_NSP_GenomeWideSNP_6_D03_1373654	1	66045927	72746581	4439	0.0052
COPAL_p_TCGAb_337_338_339_NSP_GenomeWideSNP_6_D03_1373654	1	72749848	72811148	59	0.2409
COPAL_p_TCGAb_337_338_339_NSP_GenomeWideSNP_6_D03_1373654	1	72811904	104163787	19998	-7e-04
COPAL_p_TCGAb_337_338_339_NSP_GenomeWideSNP_6_D03_1373654	1	104178038	104268222	25	-0.6522
COPAL_p_TCGAb_337_338_339_NSP_GenomeWideSNP_6_D03_1373654	1	104303403	109494147	3236	-1e-04
COPAL_p_TCGAb_337_338_339_NSP_GenomeWideSNP_6_D03_1373654	1	109496854	109498145	15	-0.8004
COPAL_p_TCGAb_337_338_339_NSP_GenomeWideSNP_6_D03_1373654	1	109503656	110225642	331	-7e-04
COPAL_p_TCGAb_337_338_339_NSP_GenomeWideSNP_6_D03_1373654	1	110225920	110246278	35	0.3468
COPAL_p_TCGAb_337_338_339_NSP_GenomeWideSNP_6_D03_1373654	1	110246281	114831965	3282	-1e-04
COPAL_p_TCGAb_337_338_339_NSP_GenomeWideSNP_6_D03_1373654	1	114833626	114833710	2	-1.4235
COPAL_p_TCGAb_337_338_339_NSP_GenomeWideSNP_6_D03_1373654	1	114833802	114945541	71	0.0082
COPAL_p_TCGAb_337_338_339_NSP_GenomeWideSNP_6_D03_1373654	1	114948281	114948769	2	-1.0551
COPAL_p_TCGAb_337_338_339_NSP_GenomeWideSNP_6_D03_1373654	1	114951631	116830297	1266	0.0036
COPAL_p_TCGAb_337_338_339_NSP_GenomeWideSNP_6_D03_1373654	1	116831892	116834105	7	-0.9914
COPAL_p_TCGAb_337_338_339_NSP_GenomeWideSNP_6_D03_1373654	1	116837825	117293790	292	0.0116
COPAL_p_TCGAb_337_338_339_NSP_GenomeWideSNP_6_D03_1373654	1	117297734	117298071	3	-1.1389
COPAL_p_TCGAb_337_338_339_NSP_GenomeWideSNP_6_D03_1373654	1	117299420	152761923	5241	-0.0038
COPAL_p_TCGAb_337_338_339_NSP_GenomeWideSNP_6_D03_1373654	1	152761939	152768700	36	0.522
COPAL_p_TCGAb_337_338_339_NSP_GenomeWideSNP_6_D03_1373654	1	152773905	155661227	1550	0.0019
COPAL_p_TCGAb_337_338_339_NSP_GenomeWideSNP_6_D03_1373654	1	155661971	155663357	2	-1.3946
COPAL_p_TCGAb_337_338_339_NSP_GenomeWideSNP_6_D03_1373654	1	155666961	158515085	1730	0.0052
COPAL_p_TCGAb_337_338_339_NSP_GenomeWideSNP_6_D03_1373654	1	158516996	158520295	16	-0.6558
COPAL_p_TCGAb_337_338_339_NSP_GenomeWideSNP_6_D03_1373654	1	158523671	191829069	22813	0.0025
COPAL_p_TCGAb_337_338_339_NSP_GenomeWideSNP_6_D03_1373654	1	191838753	191867711	12	-1.0047
COPAL_p_TCGAb_337_338_339_NSP_GenomeWideSNP_6_D03_1373654	1	191871216	196714822	3259	0.0033
COPAL_p_TCGAb_337_338_339_NSP_GenomeWideSNP_6_D03_1373654	1	196714873	196815791	97	-0.4458
COPAL_p_TCGAb_337_338_339_NSP_GenomeWideSNP_6_D03_1373654	1	196816730	199111426	1373	0.001
COPAL_p_TCGAb_337_338_339_NSP_GenomeWideSNP_6_D03_1373654	1	199111521	199113011	6	-2.2072
COPAL_p_TCGAb_337_338_339_NSP_GenomeWideSNP_6_D03_1373654	1	199113840	246367971	32776	0.0023
COPAL_p_TCGAb_337_338_339_NSP_GenomeWideSNP_6_D03_1373654	1	246369599	246394175	17	-1.0074
COPAL_p_TCGAb_337_338_339_NSP_GenomeWideSNP_6_D03_1373654	1	246394232	248713868	1413	0.0043
COPAL_p_TCGAb_337_338_339_NSP_GenomeWideSNP_6_D03_1373654	1	248713991	248809109	41	-0.5314
COPAL_p_TCGAb_337_338_339_NSP_GenomeWideSNP_6_D03_1373654	1	248809369	249224388	141	0.0019
COPAL_p_TCGAb_337_338_339_NSP_GenomeWideSNP_6_D03_1373654	2	12784	14964373	11190	0.0066
COPAL_p_TCGAb_337_338_339_NSP_GenomeWideSNP_6_D03_1373654	2	14964657	14967351	2	-2.7936
COPAL_p_TCGAb_337_338_339_NSP_GenomeWideSNP_6_D03_1373654	2	14967447	50927534	24593	0.0048
COPAL_p_TCGAb_337_338_339_NSP_GenomeWideSNP_6_D03_1373654	2	50932821	50976852	36	-0.9882
COPAL_p_TCGAb_337_338_339_NSP_GenomeWideSNP_6_D03_1373654	2	50977979	52317229	917	-9e-04
COPAL_p_TCGAb_337_338_339_NSP_GenomeWideSNP_6_D03_1373654	2	52317883	52318474	2	-2.2466
COPAL_p_TCGAb_337_338_339_NSP_GenomeWideSNP_6_D03_1373654	2	52320155	189567771	79587	0.0074
COPAL_p_TCGAb_337_338_339_NSP_GenomeWideSNP_6_D03_1373654	2	189567787	189578628	23	-0.554
COPAL_p_TCGAb_337_338_339_NSP_GenomeWideSNP_6_D03_1373654	2	189578833	243089456	33078	0.0079
COPAL_p_TCGAb_337_338_339_NSP_GenomeWideSNP_6_D03_1373654	3	60345	1032142	799	-0.0059
COPAL_p_TCGAb_337_338_339_NSP_GenomeWideSNP_6_D03_1373654	3	1034997	1039189	12	-0.7294
COPAL_p_TCGAb_337_338_339_NSP_GenomeWideSNP_6_D03_1373654	3	1039699	6646543	4998	-0.0082
COPAL_p_TCGAb_337_338_339_NSP_GenomeWideSNP_6_D03_1373654	3	6651128	6653332	23	-0.8316
COPAL_p_TCGAb_337_338_339_NSP_GenomeWideSNP_6_D03_1373654	3	6655078	46049708	26783	-6e-04
COPAL_p_TCGAb_337_338_339_NSP_GenomeWideSNP_6_D03_1373654	3	46049836	46051713	2	-1.6154
COPAL_p_TCGAb_337_338_339_NSP_GenomeWideSNP_6_D03_1373654	3	46051743	46793377	468	-0.0379
COPAL_p_TCGAb_337_338_339_NSP_GenomeWideSNP_6_D03_1373654	3	46801817	46847616	38	-0.5842
COPAL_p_TCGAb_337_338_339_NSP_GenomeWideSNP_6_D03_1373654	3	46849179	65176396	12035	-0.0067
COPAL_p_TCGAb_337_338_339_NSP_GenomeWideSNP_6_D03_1373654	3	65177310	65177327	2	-1.9803
COPAL_p_TCGAb_337_338_339_NSP_GenomeWideSNP_6_D03_1373654	3	65179906	125721014	34725	-9e-04
COPAL_p_TCGAb_337_338_339_NSP_GenomeWideSNP_6_D03_1373654	3	125721042	125721862	10	-1.1214
COPAL_p_TCGAb_337_338_339_NSP_GenomeWideSNP_6_D03_1373654	3	125722332	129780876	2329	0.0068
COPAL_p_TCGAb_337_338_339_NSP_GenomeWideSNP_6_D03_1373654	3	129785940	129806052	46	0.3767
COPAL_p_TCGAb_337_338_339_NSP_GenomeWideSNP_6_D03_1373654	3	129806236	173308202	26680	0.003
COPAL_p_TCGAb_337_338_339_NSP_GenomeWideSNP_6_D03_1373654	3	173308346	173308363	2	-3.5148
COPAL_p_TCGAb_337_338_339_NSP_GenomeWideSNP_6_D03_1373654	3	173311394	192877902	12721	0.0029
COPAL_p_TCGAb_337_338_339_NSP_GenomeWideSNP_6_D03_1373654	3	192877962	192882903	19	1.0408
COPAL_p_TCGAb_337_338_339_NSP_GenomeWideSNP_6_D03_1373654	3	192886435	197896118	2693	-0.0059
COPAL_p_TCGAb_337_338_339_NSP_GenomeWideSNP_6_D03_1373654	4	12281	9456977	5218	-0.0022
COPAL_p_TCGAb_337_338_339_NSP_GenomeWideSNP_6_D03_1373654	4	9461230	9479345	9	0.7509
COPAL_p_TCGAb_337_338_339_NSP_GenomeWideSNP_6_D03_1373654	4	9486087	10210390	543	-0.0219
COPAL_p_TCGAb_337_338_339_NSP_GenomeWideSNP_6_D03_1373654	4	10214160	10235268	36	0.8845
COPAL_p_TCGAb_337_338_339_NSP_GenomeWideSNP_6_D03_1373654	4	10236142	11448182	1043	0.0019
COPAL_p_TCGAb_337_338_339_NSP_GenomeWideSNP_6_D03_1373654	4	11448644	11449199	2	-1.4373
COPAL_p_TCGAb_337_338_339_NSP_GenomeWideSNP_6_D03_1373654	4	11449210	15759680	3316	-4e-04
COPAL_p_TCGAb_337_338_339_NSP_GenomeWideSNP_6_D03_1373654	4	15760071	15767752	6	-0.847
COPAL_p_TCGAb_337_338_339_NSP_GenomeWideSNP_6_D03_1373654	4	15768467	21372003	3820	-0.009
COPAL_p_TCGAb_337_338_339_NSP_GenomeWideSNP_6_D03_1373654	4	21372039	21376851	14	-1.5368
COPAL_p_TCGAb_337_338_339_NSP_GenomeWideSNP_6_D03_1373654	4	21383740	34779054	8740	0.001
COPAL_p_TCGAb_337_338_339_NSP_GenomeWideSNP_6_D03_1373654	4	34786500	34824725	38	-1.9547
COPAL_p_TCGAb_337_338_339_NSP_GenomeWideSNP_6_D03_1373654	4	34829872	38966965	2953	0.0091
COPAL_p_TCGAb_337_338_339_NSP_GenomeWideSNP_6_D03_1373654	4	38967973	38972374	5	-0.9765
COPAL_p_TCGAb_337_338_339_NSP_GenomeWideSNP_6_D03_1373654	4	38973314	45778999	4075	0.0014
COPAL_p_TCGAb_337_338_339_NSP_GenomeWideSNP_6_D03_1373654	4	45785501	45806275	19	0.4474
COPAL_p_TCGAb_337_338_339_NSP_GenomeWideSNP_6_D03_1373654	4	45810826	57544210	5097	-0.0033
COPAL_p_TCGAb_337_338_339_NSP_GenomeWideSNP_6_D03_1373654	4	57544223	57544502	6	-0.9608
COPAL_p_TCGAb_337_338_339_NSP_GenomeWideSNP_6_D03_1373654	4	57544766	65438829	4768	0.0045
COPAL_p_TCGAb_337_338_339_NSP_GenomeWideSNP_6_D03_1373654	4	65442999	65443412	2	-1.539
COPAL_p_TCGAb_337_338_339_NSP_GenomeWideSNP_6_D03_1373654	4	65443758	69206695	2451	0.0083
COPAL_p_TCGAb_337_338_339_NSP_GenomeWideSNP_6_D03_1373654	4	69206888	69206942	2	-1.5189
COPAL_p_TCGAb_337_338_339_NSP_GenomeWideSNP_6_D03_1373654	4	69207528	92512621	14302	0.0024
COPAL_p_TCGAb_337_338_339_NSP_GenomeWideSNP_6_D03_1373654	4	92513271	92515703	2	-1.5281
COPAL_p_TCGAb_337_338_339_NSP_GenomeWideSNP_6_D03_1373654	4	92519064	112674582	11838	1e-04
COPAL_p_TCGAb_337_338_339_NSP_GenomeWideSNP_6_D03_1373654	4	112676788	112680595	13	-0.6091
COPAL_p_TCGAb_337_338_339_NSP_GenomeWideSNP_6_D03_1373654	4	112684751	138092239	14821	-5e-04
COPAL_p_TCGAb_337_338_339_NSP_GenomeWideSNP_6_D03_1373654	4	138092420	138092926	10	-2.7654
COPAL_p_TCGAb_337_338_339_NSP_GenomeWideSNP_6_D03_1373654	4	138092938	144830792	4446	3e-04
COPAL_p_TCGAb_337_338_339_NSP_GenomeWideSNP_6_D03_1373654	4	144830813	144943594	71	-0.5798
COPAL_p_TCGAb_337_338_339_NSP_GenomeWideSNP_6_D03_1373654	4	144943609	160462720	9227	0.0011
COPAL_p_TCGAb_337_338_339_NSP_GenomeWideSNP_6_D03_1373654	4	160463956	160473565	6	-0.8233
COPAL_p_TCGAb_337_338_339_NSP_GenomeWideSNP_6_D03_1373654	4	160476850	161873925	953	-0.0015
COPAL_p_TCGAb_337_338_339_NSP_GenomeWideSNP_6_D03_1373654	4	161873940	161884958	25	-0.6834
COPAL_p_TCGAb_337_338_339_NSP_GenomeWideSNP_6_D03_1373654	4	161884967	172369346	6645	-0.004
COPAL_p_TCGAb_337_338_339_NSP_GenomeWideSNP_6_D03_1373654	4	172374884	172377444	8	-1.0786
COPAL_p_TCGAb_337_338_339_NSP_GenomeWideSNP_6_D03_1373654	4	172377458	173422522	641	-3e-04
COPAL_p_TCGAb_337_338_339_NSP_GenomeWideSNP_6_D03_1373654	4	173424947	173425227	3	1.2746
COPAL_p_TCGAb_337_338_339_NSP_GenomeWideSNP_6_D03_1373654	4	173428342	178883157	3318	-0.0027
COPAL_p_TCGAb_337_338_339_NSP_GenomeWideSNP_6_D03_1373654	4	178883201	178892549	16	-0.6399
COPAL_p_TCGAb_337_338_339_NSP_GenomeWideSNP_6_D03_1373654	4	178895907	179239601	203	-0.0224
COPAL_p_TCGAb_337_338_339_NSP_GenomeWideSNP_6_D03_1373654	4	179241982	179245776	2	-2.5216
COPAL_p_TCGAb_337_338_339_NSP_GenomeWideSNP_6_D03_1373654	4	179246974	191027923	8311	-0.003
COPAL_p_TCGAb_337_338_339_NSP_GenomeWideSNP_6_D03_1373654	5	15532	698472	308	0.0072
COPAL_p_TCGAb_337_338_339_NSP_GenomeWideSNP_6_D03_1373654	5	698505	717525	3	-1.1804
COPAL_p_TCGAb_337_338_339_NSP_GenomeWideSNP_6_D03_1373654	5	717561	788060	29	0.0079
COPAL_p_TCGAb_337_338_339_NSP_GenomeWideSNP_6_D03_1373654	5	800686	823599	18	0.5637
COPAL_p_TCGAb_337_338_339_NSP_GenomeWideSNP_6_D03_1373654	5	823770	46191884	30284	0.001
COPAL_p_TCGAb_337_338_339_NSP_GenomeWideSNP_6_D03_1373654	5	46195883	46199435	4	-1.3485
COPAL_p_TCGAb_337_338_339_NSP_GenomeWideSNP_6_D03_1373654	5	46209299	46246660	12	-0.0484
COPAL_p_TCGAb_337_338_339_NSP_GenomeWideSNP_6_D03_1373654	5	46251306	46313347	11	0.6151
COPAL_p_TCGAb_337_338_339_NSP_GenomeWideSNP_6_D03_1373654	5	46313502	53820954	2675	0.001
COPAL_p_TCGAb_337_338_339_NSP_GenomeWideSNP_6_D03_1373654	5	53822482	53824374	4	-1.324
COPAL_p_TCGAb_337_338_339_NSP_GenomeWideSNP_6_D03_1373654	5	53824524	57321646	2385	0.0119
COPAL_p_TCGAb_337_338_339_NSP_GenomeWideSNP_6_D03_1373654	5	57326027	57333533	32	1.2354
COPAL_p_TCGAb_337_338_339_NSP_GenomeWideSNP_6_D03_1373654	5	57338357	150202205	56449	3e-04
COPAL_p_TCGAb_337_338_339_NSP_GenomeWideSNP_6_D03_1373654	5	150205500	150218604	8	-2.347
COPAL_p_TCGAb_337_338_339_NSP_GenomeWideSNP_6_D03_1373654	5	150223387	173694510	16358	0.0027
COPAL_p_TCGAb_337_338_339_NSP_GenomeWideSNP_6_D03_1373654	5	173694722	173696695	4	-1.4714
COPAL_p_TCGAb_337_338_339_NSP_GenomeWideSNP_6_D03_1373654	5	173698030	175373508	1278	-0.0082
COPAL_p_TCGAb_337_338_339_NSP_GenomeWideSNP_6_D03_1373654	5	175387546	175420896	7	1.0048
COPAL_p_TCGAb_337_338_339_NSP_GenomeWideSNP_6_D03_1373654	5	175426693	176517170	484	0.0035
COPAL_p_TCGAb_337_338_339_NSP_GenomeWideSNP_6_D03_1373654	5	176517292	176517326	2	-1.3473
COPAL_p_TCGAb_337_338_339_NSP_GenomeWideSNP_6_D03_1373654	5	176517732	177101851	234	0.0091
COPAL_p_TCGAb_337_338_339_NSP_GenomeWideSNP_6_D03_1373654	5	177107790	177198449	15	-0.2488
COPAL_p_TCGAb_337_338_339_NSP_GenomeWideSNP_6_D03_1373654	5	177227551	177232605	3	1.5053
COPAL_p_TCGAb_337_338_339_NSP_GenomeWideSNP_6_D03_1373654	5	177254965	180374523	1800	0.003
COPAL_p_TCGAb_337_338_339_NSP_GenomeWideSNP_6_D03_1373654	5	180378710	180417614	16	-0.5138
COPAL_p_TCGAb_337_338_339_NSP_GenomeWideSNP_6_D03_1373654	5	180417660	180790320	174	0.0275
COPAL_p_TCGAb_337_338_339_NSP_GenomeWideSNP_6_D03_1373654	6	149661	29850196	21652	0.0025
COPAL_p_TCGAb_337_338_339_NSP_GenomeWideSNP_6_D03_1373654	6	29850274	29901576	20	-0.6044
COPAL_p_TCGAb_337_338_339_NSP_GenomeWideSNP_6_D03_1373654	6	29914220	32622194	1219	0.0024
COPAL_p_TCGAb_337_338_339_NSP_GenomeWideSNP_6_D03_1373654	6	32624304	32626618	6	-1.0715
COPAL_p_TCGAb_337_338_339_NSP_GenomeWideSNP_6_D03_1373654	6	32650612	32686196	36	-0.0412
COPAL_p_TCGAb_337_338_339_NSP_GenomeWideSNP_6_D03_1373654	6	32688615	32690830	11	0.6172
COPAL_p_TCGAb_337_338_339_NSP_GenomeWideSNP_6_D03_1373654	6	32692227	39066867	3934	-3e-04
COPAL_p_TCGAb_337_338_339_NSP_GenomeWideSNP_6_D03_1373654	6	39068912	39072034	7	-0.9442
COPAL_p_TCGAb_337_338_339_NSP_GenomeWideSNP_6_D03_1373654	6	39083288	53931151	9692	-0.001
COPAL_p_TCGAb_337_338_339_NSP_GenomeWideSNP_6_D03_1373654	6	53931230	53931855	6	1.0147
COPAL_p_TCGAb_337_338_339_NSP_GenomeWideSNP_6_D03_1373654	6	53935348	103734829	28793	-0.0017
COPAL_p_TCGAb_337_338_339_NSP_GenomeWideSNP_6_D03_1373654	6	103737976	103762061	46	0.4269
COPAL_p_TCGAb_337_338_339_NSP_GenomeWideSNP_6_D03_1373654	6	103765470	115379075	7276	0.0017
COPAL_p_TCGAb_337_338_339_NSP_GenomeWideSNP_6_D03_1373654	6	115379160	115407973	3	-1.3449
COPAL_p_TCGAb_337_338_339_NSP_GenomeWideSNP_6_D03_1373654	6	115408571	126182763	6550	0.0024
COPAL_p_TCGAb_337_338_339_NSP_GenomeWideSNP_6_D03_1373654	6	126183692	126188893	4	-1.8112
COPAL_p_TCGAb_337_338_339_NSP_GenomeWideSNP_6_D03_1373654	6	126189659	162746442	24349	2e-04
COPAL_p_TCGAb_337_338_339_NSP_GenomeWideSNP_6_D03_1373654	6	162750015	162752050	3	-1.8009
COPAL_p_TCGAb_337_338_339_NSP_GenomeWideSNP_6_D03_1373654	6	162752693	171051005	5850	0.0087
COPAL_p_TCGAb_337_338_339_NSP_GenomeWideSNP_6_D03_1373654	7	43355	54380373	38413	-0.0058
COPAL_p_TCGAb_337_338_339_NSP_GenomeWideSNP_6_D03_1373654	7	54386505	54386517	6	-1.9825
COPAL_p_TCGAb_337_338_339_NSP_GenomeWideSNP_6_D03_1373654	7	54393488	66629240	3877	-0.0033
COPAL_p_TCGAb_337_338_339_NSP_GenomeWideSNP_6_D03_1373654	7	66629329	66645232	8	-1.4115
COPAL_p_TCGAb_337_338_339_NSP_GenomeWideSNP_6_D03_1373654	7	66647639	107739485	23674	-0.0023
COPAL_p_TCGAb_337_338_339_NSP_GenomeWideSNP_6_D03_1373654	7	107739538	107743409	3	-1.5902
COPAL_p_TCGAb_337_338_339_NSP_GenomeWideSNP_6_D03_1373654	7	107743790	109795715	1367	-0.0185
COPAL_p_TCGAb_337_338_339_NSP_GenomeWideSNP_6_D03_1373654	7	109798592	109799199	8	-0.7987
COPAL_p_TCGAb_337_338_339_NSP_GenomeWideSNP_6_D03_1373654	7	109799526	133785211	14491	0.0027
COPAL_p_TCGAb_337_338_339_NSP_GenomeWideSNP_6_D03_1373654	7	133785309	133790443	23	0.549
COPAL_p_TCGAb_337_338_339_NSP_GenomeWideSNP_6_D03_1373654	7	133795634	141759994	5188	0.0056
COPAL_p_TCGAb_337_338_339_NSP_GenomeWideSNP_6_D03_1373654	7	141760830	141792107	46	-0.5555
COPAL_p_TCGAb_337_338_339_NSP_GenomeWideSNP_6_D03_1373654	7	141795281	143911624	1320	-0.0072
COPAL_p_TCGAb_337_338_339_NSP_GenomeWideSNP_6_D03_1373654	7	143917601	144050933	36	-0.6176
COPAL_p_TCGAb_337_338_339_NSP_GenomeWideSNP_6_D03_1373654	7	144051231	159127004	9657	-0.0035
COPAL_p_TCGAb_337_338_339_NSP_GenomeWideSNP_6_D03_1373654	8	31254	7193821	7798	0.0026
COPAL_p_TCGAb_337_338_339_NSP_GenomeWideSNP_6_D03_1373654	8	7214611	7238019	24	-0.9406
COPAL_p_TCGAb_337_338_339_NSP_GenomeWideSNP_6_D03_1373654	8	7250380	12232281	3445	0.0029
COPAL_p_TCGAb_337_338_339_NSP_GenomeWideSNP_6_D03_1373654	8	12232416	12247486	37	-0.3887
COPAL_p_TCGAb_337_338_339_NSP_GenomeWideSNP_6_D03_1373654	8	12260927	16207014	3527	-0.0044
COPAL_p_TCGAb_337_338_339_NSP_GenomeWideSNP_6_D03_1373654	8	16207052	16207123	6	-1.1513
COPAL_p_TCGAb_337_338_339_NSP_GenomeWideSNP_6_D03_1373654	8	16212084	23402308	5771	5e-04
COPAL_p_TCGAb_337_338_339_NSP_GenomeWideSNP_6_D03_1373654	8	23407740	23407811	4	-3.2925
COPAL_p_TCGAb_337_338_339_NSP_GenomeWideSNP_6_D03_1373654	8	23407871	24974476	1136	-0.0021
COPAL_p_TCGAb_337_338_339_NSP_GenomeWideSNP_6_D03_1373654	8	24974522	24991394	31	0.3893
COPAL_p_TCGAb_337_338_339_NSP_GenomeWideSNP_6_D03_1373654	8	24991408	51469405	13918	-5e-04
COPAL_p_TCGAb_337_338_339_NSP_GenomeWideSNP_6_D03_1373654	8	51470230	51470932	2	-2.0193
COPAL_p_TCGAb_337_338_339_NSP_GenomeWideSNP_6_D03_1373654	8	51471221	53992915	1627	0.0121
COPAL_p_TCGAb_337_338_339_NSP_GenomeWideSNP_6_D03_1373654	8	53999395	54007044	8	-0.6912
COPAL_p_TCGAb_337_338_339_NSP_GenomeWideSNP_6_D03_1373654	8	54018199	57961595	2554	-0.0072
COPAL_p_TCGAb_337_338_339_NSP_GenomeWideSNP_6_D03_1373654	8	57964238	57971234	5	-0.7811
COPAL_p_TCGAb_337_338_339_NSP_GenomeWideSNP_6_D03_1373654	8	57971450	63212769	3569	7e-04
COPAL_p_TCGAb_337_338_339_NSP_GenomeWideSNP_6_D03_1373654	8	63213378	63224085	8	-0.8434
COPAL_p_TCGAb_337_338_339_NSP_GenomeWideSNP_6_D03_1373654	8	63229146	81140344	10815	0
COPAL_p_TCGAb_337_338_339_NSP_GenomeWideSNP_6_D03_1373654	8	81143015	81149186	2	-2.4424
COPAL_p_TCGAb_337_338_339_NSP_GenomeWideSNP_6_D03_1373654	8	81151294	112295202	18447	4e-04
COPAL_p_TCGAb_337_338_339_NSP_GenomeWideSNP_6_D03_1373654	8	112295245	112295260	2	-2.2772
COPAL_p_TCGAb_337_338_339_NSP_GenomeWideSNP_6_D03_1373654	8	112300281	115631436	1818	0.0013
COPAL_p_TCGAb_337_338_339_NSP_GenomeWideSNP_6_D03_1373654	8	115632043	115641569	33	-0.4666
COPAL_p_TCGAb_337_338_339_NSP_GenomeWideSNP_6_D03_1373654	8	115641585	140254844	17978	-0.002
COPAL_p_TCGAb_337_338_339_NSP_GenomeWideSNP_6_D03_1373654	8	140258252	140259197	5	-1.0406
COPAL_p_TCGAb_337_338_339_NSP_GenomeWideSNP_6_D03_1373654	8	140259420	146298155	3009	0.0044
COPAL_p_TCGAb_337_338_339_NSP_GenomeWideSNP_6_D03_1373654	9	46587	337422	196	-0.0125
COPAL_p_TCGAb_337_338_339_NSP_GenomeWideSNP_6_D03_1373654	9	341063	341091	2	-1.7439
COPAL_p_TCGAb_337_338_339_NSP_GenomeWideSNP_6_D03_1373654	9	344508	15156132	13566	0.004
COPAL_p_TCGAb_337_338_339_NSP_GenomeWideSNP_6_D03_1373654	9	15158903	15159928	6	-0.9825
COPAL_p_TCGAb_337_338_339_NSP_GenomeWideSNP_6_D03_1373654	9	15160139	39138121	17320	-0.001
COPAL_p_TCGAb_337_338_339_NSP_GenomeWideSNP_6_D03_1373654	9	39140232	39140247	2	-1.6889
COPAL_p_TCGAb_337_338_339_NSP_GenomeWideSNP_6_D03_1373654	9	39140315	45706444	334	0.095
COPAL_p_TCGAb_337_338_339_NSP_GenomeWideSNP_6_D03_1373654	9	45723034	45915244	4	1.1875
COPAL_p_TCGAb_337_338_339_NSP_GenomeWideSNP_6_D03_1373654	9	46038854	68183978	100	-0.2027
COPAL_p_TCGAb_337_338_339_NSP_GenomeWideSNP_6_D03_1373654	9	68183981	68216415	12	0.6269
COPAL_p_TCGAb_337_338_339_NSP_GenomeWideSNP_6_D03_1373654	9	68216489	89151028	13228	-0.001
COPAL_p_TCGAb_337_338_339_NSP_GenomeWideSNP_6_D03_1373654	9	89155447	89156063	2	-1.5217
COPAL_p_TCGAb_337_338_339_NSP_GenomeWideSNP_6_D03_1373654	9	89156866	104945543	10651	1e-04
COPAL_p_TCGAb_337_338_339_NSP_GenomeWideSNP_6_D03_1373654	9	104946242	104946268	2	-2.3704
COPAL_p_TCGAb_337_338_339_NSP_GenomeWideSNP_6_D03_1373654	9	104948647	106566497	1108	0.008
COPAL_p_TCGAb_337_338_339_NSP_GenomeWideSNP_6_D03_1373654	9	106568696	106569290	2	-1.9007
COPAL_p_TCGAb_337_338_339_NSP_GenomeWideSNP_6_D03_1373654	9	106570702	141091394	23051	0.0017
COPAL_p_TCGAb_337_338_339_NSP_GenomeWideSNP_6_D03_1373654	10	72759	1000650	524	0.0352
COPAL_p_TCGAb_337_338_339_NSP_GenomeWideSNP_6_D03_1373654	10	1006461	1017774	12	-0.9426
COPAL_p_TCGAb_337_338_339_NSP_GenomeWideSNP_6_D03_1373654	10	1017914	28564192	21491	0.0033
COPAL_p_TCGAb_337_338_339_NSP_GenomeWideSNP_6_D03_1373654	10	28564207	28570582	30	-0.686
COPAL_p_TCGAb_337_338_339_NSP_GenomeWideSNP_6_D03_1373654	10	28570599	43707762	7652	-0.0022
COPAL_p_TCGAb_337_338_339_NSP_GenomeWideSNP_6_D03_1373654	10	43708752	43718326	3	-1.8962
COPAL_p_TCGAb_337_338_339_NSP_GenomeWideSNP_6_D03_1373654	10	43721155	66432853	14203	8e-04
COPAL_p_TCGAb_337_338_339_NSP_GenomeWideSNP_6_D03_1373654	10	66435894	66439031	16	-0.718
COPAL_p_TCGAb_337_338_339_NSP_GenomeWideSNP_6_D03_1373654	10	66439985	67306276	614	-0.0013
COPAL_p_TCGAb_337_338_339_NSP_GenomeWideSNP_6_D03_1373654	10	67307923	67314430	27	0.3569
COPAL_p_TCGAb_337_338_339_NSP_GenomeWideSNP_6_D03_1373654	10	67314446	78252851	6774	-0.0017
COPAL_p_TCGAb_337_338_339_NSP_GenomeWideSNP_6_D03_1373654	10	78257061	78257610	2	-1.5085
COPAL_p_TCGAb_337_338_339_NSP_GenomeWideSNP_6_D03_1373654	10	78261267	81985791	2678	-0.0069
COPAL_p_TCGAb_337_338_339_NSP_GenomeWideSNP_6_D03_1373654	10	81994177	81997448	4	-1.1969
COPAL_p_TCGAb_337_338_339_NSP_GenomeWideSNP_6_D03_1373654	10	81999491	89061261	4958	-0.0012
COPAL_p_TCGAb_337_338_339_NSP_GenomeWideSNP_6_D03_1373654	10	89069796	89112893	12	0.6261
COPAL_p_TCGAb_337_338_339_NSP_GenomeWideSNP_6_D03_1373654	10	89117300	90957559	1385	-6e-04
COPAL_p_TCGAb_337_338_339_NSP_GenomeWideSNP_6_D03_1373654	10	90957575	90957701	5	-1.1387
COPAL_p_TCGAb_337_338_339_NSP_GenomeWideSNP_6_D03_1373654	10	90958618	115209022	15614	0.0023
COPAL_p_TCGAb_337_338_339_NSP_GenomeWideSNP_6_D03_1373654	10	115209702	115213248	5	-1.3455
COPAL_p_TCGAb_337_338_339_NSP_GenomeWideSNP_6_D03_1373654	10	115216865	135346927	14582	0.0029
COPAL_p_TCGAb_337_338_339_NSP_GenomeWideSNP_6_D03_1373654	10	135346959	135506704	76	0.4323
COPAL_p_TCGAb_337_338_339_NSP_GenomeWideSNP_6_D03_1373654	11	198510	4962632	2451	-0.012
COPAL_p_TCGAb_337_338_339_NSP_GenomeWideSNP_6_D03_1373654	11	4962752	4976907	62	-0.2783
COPAL_p_TCGAb_337_338_339_NSP_GenomeWideSNP_6_D03_1373654	11	4977011	5872431	884	-5e-04
COPAL_p_TCGAb_337_338_339_NSP_GenomeWideSNP_6_D03_1373654	11	5875867	5878321	3	-1.4597
COPAL_p_TCGAb_337_338_339_NSP_GenomeWideSNP_6_D03_1373654	11	5882036	25702237	14635	0.0031
COPAL_p_TCGAb_337_338_339_NSP_GenomeWideSNP_6_D03_1373654	11	25702333	25718981	26	-0.5158
COPAL_p_TCGAb_337_338_339_NSP_GenomeWideSNP_6_D03_1373654	11	25722078	49829999	15711	0.0028
COPAL_p_TCGAb_337_338_339_NSP_GenomeWideSNP_6_D03_1373654	11	49830092	49874657	37	0.447
COPAL_p_TCGAb_337_338_339_NSP_GenomeWideSNP_6_D03_1373654	11	49874714	134654160	52704	0.0014
COPAL_p_TCGAb_337_338_339_NSP_GenomeWideSNP_6_D03_1373654	11	134655690	134683531	22	-0.8953
COPAL_p_TCGAb_337_338_339_NSP_GenomeWideSNP_6_D03_1373654	11	134684914	134703322	9	-0.0945
COPAL_p_TCGAb_337_338_339_NSP_GenomeWideSNP_6_D03_1373654	11	134703656	134713234	17	-0.8636
COPAL_p_TCGAb_337_338_339_NSP_GenomeWideSNP_6_D03_1373654	11	134715777	134944770	159	0.0077
COPAL_p_TCGAb_337_338_339_NSP_GenomeWideSNP_6_D03_1373654	12	150442	33386757	22845	-1e-04
COPAL_p_TCGAb_337_338_339_NSP_GenomeWideSNP_6_D03_1373654	12	33388829	33395142	4	-1.9624
COPAL_p_TCGAb_337_338_339_NSP_GenomeWideSNP_6_D03_1373654	12	33395418	38072223	811	-0.0056
COPAL_p_TCGAb_337_338_339_NSP_GenomeWideSNP_6_D03_1373654	12	38072273	38108053	26	-0.5273
COPAL_p_TCGAb_337_338_339_NSP_GenomeWideSNP_6_D03_1373654	12	38161452	45899825	4722	0.0061
COPAL_p_TCGAb_337_338_339_NSP_GenomeWideSNP_6_D03_1373654	12	45904438	45909537	4	1.2575
COPAL_p_TCGAb_337_338_339_NSP_GenomeWideSNP_6_D03_1373654	12	45913292	133778189	56312	4e-04
COPAL_p_TCGAb_337_338_339_NSP_GenomeWideSNP_6_D03_1373654	13	19026949	32532121	9601	0.0045
COPAL_p_TCGAb_337_338_339_NSP_GenomeWideSNP_6_D03_1373654	13	32532622	32538423	18	-0.6276
COPAL_p_TCGAb_337_338_339_NSP_GenomeWideSNP_6_D03_1373654	13	32540047	57751096	16394	-0.0068
COPAL_p_TCGAb_337_338_339_NSP_GenomeWideSNP_6_D03_1373654	13	57758270	57778380	34	-1.458
COPAL_p_TCGAb_337_338_339_NSP_GenomeWideSNP_6_D03_1373654	13	57789714	72476988	8968	0.0037
COPAL_p_TCGAb_337_338_339_NSP_GenomeWideSNP_6_D03_1373654	13	72477555	72480556	4	1.369
COPAL_p_TCGAb_337_338_339_NSP_GenomeWideSNP_6_D03_1373654	13	72480605	115108397	29002	6e-04
COPAL_p_TCGAb_337_338_339_NSP_GenomeWideSNP_6_D03_1373654	14	19002124	100419433	52183	-7e-04
COPAL_p_TCGAb_337_338_339_NSP_GenomeWideSNP_6_D03_1373654	14	100420996	100429216	3	-2.4135
COPAL_p_TCGAb_337_338_339_NSP_GenomeWideSNP_6_D03_1373654	14	100431456	106547507	2692	0.0119
COPAL_p_TCGAb_337_338_339_NSP_GenomeWideSNP_6_D03_1373654	14	106548213	106555921	6	0.7863
COPAL_p_TCGAb_337_338_339_NSP_GenomeWideSNP_6_D03_1373654	14	106560737	107100266	281	0.0528
COPAL_p_TCGAb_337_338_339_NSP_GenomeWideSNP_6_D03_1373654	14	107100596	107100609	2	-1.7563
COPAL_p_TCGAb_337_338_339_NSP_GenomeWideSNP_6_D03_1373654	14	107102235	107285437	137	-0.0437
COPAL_p_TCGAb_337_338_339_NSP_GenomeWideSNP_6_D03_1373654	15	20016328	23697257	759	0.0679
COPAL_p_TCGAb_337_338_339_NSP_GenomeWideSNP_6_D03_1373654	15	23700023	23704631	8	-0.914
COPAL_p_TCGAb_337_338_339_NSP_GenomeWideSNP_6_D03_1373654	15	23705544	32509892	5486	0.0094
COPAL_p_TCGAb_337_338_339_NSP_GenomeWideSNP_6_D03_1373654	15	32510092	32512220	7	-1.1914
COPAL_p_TCGAb_337_338_339_NSP_GenomeWideSNP_6_D03_1373654	15	32531316	34672086	1518	-0.0112
COPAL_p_TCGAb_337_338_339_NSP_GenomeWideSNP_6_D03_1373654	15	34678777	34818317	75	-0.6532
COPAL_p_TCGAb_337_338_339_NSP_GenomeWideSNP_6_D03_1373654	15	34830253	45123444	6182	0.004
COPAL_p_TCGAb_337_338_339_NSP_GenomeWideSNP_6_D03_1373654	15	45123614	45145764	18	-0.6283
COPAL_p_TCGAb_337_338_339_NSP_GenomeWideSNP_6_D03_1373654	15	45146594	45360094	74	-0.0164
COPAL_p_TCGAb_337_338_339_NSP_GenomeWideSNP_6_D03_1373654	15	45367524	45367849	2	-1.8908
COPAL_p_TCGAb_337_338_339_NSP_GenomeWideSNP_6_D03_1373654	15	45370524	56789529	7346	0.0068
COPAL_p_TCGAb_337_338_339_NSP_GenomeWideSNP_6_D03_1373654	15	56789647	56820911	33	-0.4786
COPAL_p_TCGAb_337_338_339_NSP_GenomeWideSNP_6_D03_1373654	15	56821025	76891241	12694	0.0048
COPAL_p_TCGAb_337_338_339_NSP_GenomeWideSNP_6_D03_1373654	15	76891511	76895775	21	-1.6481
COPAL_p_TCGAb_337_338_339_NSP_GenomeWideSNP_6_D03_1373654	15	76902179	82895028	3646	0.0014
COPAL_p_TCGAb_337_338_339_NSP_GenomeWideSNP_6_D03_1373654	15	82895362	83108839	11	-0.6699
COPAL_p_TCGAb_337_338_339_NSP_GenomeWideSNP_6_D03_1373654	15	83169549	102469040	13957	0.0061
COPAL_p_TCGAb_337_338_339_NSP_GenomeWideSNP_6_D03_1373654	16	60777	22428362	14780	0.005
COPAL_p_TCGAb_337_338_339_NSP_GenomeWideSNP_6_D03_1373654	16	22428645	22717588	78	-0.356
COPAL_p_TCGAb_337_338_339_NSP_GenomeWideSNP_6_D03_1373654	16	22718304	33716956	5399	0.0017
COPAL_p_TCGAb_337_338_339_NSP_GenomeWideSNP_6_D03_1373654	16	33717610	34012168	48	-0.5364
COPAL_p_TCGAb_337_338_339_NSP_GenomeWideSNP_6_D03_1373654	16	34197351	90287535	31882	0.0023
COPAL_p_TCGAb_337_338_339_NSP_GenomeWideSNP_6_D03_1373654	17	526	5356913	2788	8e-04
COPAL_p_TCGAb_337_338_339_NSP_GenomeWideSNP_6_D03_1373654	17	5357500	5361613	2	-2.6205
COPAL_p_TCGAb_337_338_339_NSP_GenomeWideSNP_6_D03_1373654	17	5365730	39380430	18060	0.0026
COPAL_p_TCGAb_337_338_339_NSP_GenomeWideSNP_6_D03_1373654	17	39387560	39390276	4	-2.7548
COPAL_p_TCGAb_337_338_339_NSP_GenomeWideSNP_6_D03_1373654	17	39393769	39421708	13	0.0901
COPAL_p_TCGAb_337_338_339_NSP_GenomeWideSNP_6_D03_1373654	17	39423014	39430531	24	1.4356
COPAL_p_TCGAb_337_338_339_NSP_GenomeWideSNP_6_D03_1373654	17	39432724	81049726	24188	0.002
COPAL_p_TCGAb_337_338_339_NSP_GenomeWideSNP_6_D03_1373654	18	11543	63762300	40270	0.0026
COPAL_p_TCGAb_337_338_339_NSP_GenomeWideSNP_6_D03_1373654	18	63767140	63767922	3	-1.7492
COPAL_p_TCGAb_337_338_339_NSP_GenomeWideSNP_6_D03_1373654	18	63775595	78015057	10350	0.0048
COPAL_p_TCGAb_337_338_339_NSP_GenomeWideSNP_6_D03_1373654	19	90910	17141307	7395	0.0043
COPAL_p_TCGAb_337_338_339_NSP_GenomeWideSNP_6_D03_1373654	19	17141868	17149447	5	-1.0354
COPAL_p_TCGAb_337_338_339_NSP_GenomeWideSNP_6_D03_1373654	19	17149843	43697333	13284	-0.0011
COPAL_p_TCGAb_337_338_339_NSP_GenomeWideSNP_6_D03_1373654	19	43703033	43766659	23	-0.5636
COPAL_p_TCGAb_337_338_339_NSP_GenomeWideSNP_6_D03_1373654	19	43767012	52131813	4154	0.0082
COPAL_p_TCGAb_337_338_339_NSP_GenomeWideSNP_6_D03_1373654	19	52142352	52148197	11	-0.6104
COPAL_p_TCGAb_337_338_339_NSP_GenomeWideSNP_6_D03_1373654	19	52154905	53332928	804	-0.0102
COPAL_p_TCGAb_337_338_339_NSP_GenomeWideSNP_6_D03_1373654	19	53332936	53334165	4	-1.2912
COPAL_p_TCGAb_337_338_339_NSP_GenomeWideSNP_6_D03_1373654	19	53334728	54222824	671	0.0149
COPAL_p_TCGAb_337_338_339_NSP_GenomeWideSNP_6_D03_1373654	19	54223183	54226013	3	-1.1462
COPAL_p_TCGAb_337_338_339_NSP_GenomeWideSNP_6_D03_1373654	19	54227286	56282369	1041	0.0079
COPAL_p_TCGAb_337_338_339_NSP_GenomeWideSNP_6_D03_1373654	19	56282535	56286293	4	1.0152
COPAL_p_TCGAb_337_338_339_NSP_GenomeWideSNP_6_D03_1373654	19	56288941	58027503	1244	-0.0012
COPAL_p_TCGAb_337_338_339_NSP_GenomeWideSNP_6_D03_1373654	19	58027752	58035229	3	-1.3161
COPAL_p_TCGAb_337_338_339_NSP_GenomeWideSNP_6_D03_1373654	19	58038110	59097854	593	0.03
COPAL_p_TCGAb_337_338_339_NSP_GenomeWideSNP_6_D03_1373654	20	61305	62956153	42305	0.0031
COPAL_p_TCGAb_337_338_339_NSP_GenomeWideSNP_6_D03_1373654	21	10736871	28024578	9731	-6e-04
COPAL_p_TCGAb_337_338_339_NSP_GenomeWideSNP_6_D03_1373654	21	28024666	28025911	5	-2.1104
COPAL_p_TCGAb_337_338_339_NSP_GenomeWideSNP_6_D03_1373654	21	28026049	44968053	12815	0.0014
COPAL_p_TCGAb_337_338_339_NSP_GenomeWideSNP_6_D03_1373654	21	44970873	44972812	2	-1.8731
COPAL_p_TCGAb_337_338_339_NSP_GenomeWideSNP_6_D03_1373654	21	44973667	48096957	1755	0.0225
COPAL_p_TCGAb_337_338_339_NSP_GenomeWideSNP_6_D03_1373654	22	16052528	23221124	3875	-0.005
COPAL_p_TCGAb_337_338_339_NSP_GenomeWideSNP_6_D03_1373654	22	23221276	23222000	3	-1.4922
COPAL_p_TCGAb_337_338_339_NSP_GenomeWideSNP_6_D03_1373654	22	23222121	24283016	694	0.0125
COPAL_p_TCGAb_337_338_339_NSP_GenomeWideSNP_6_D03_1373654	22	24283098	24354418	36	0.4179
COPAL_p_TCGAb_337_338_339_NSP_GenomeWideSNP_6_D03_1373654	22	24360435	32541123	5835	-0.0125
COPAL_p_TCGAb_337_338_339_NSP_GenomeWideSNP_6_D03_1373654	22	32546946	32558547	4	-1.1483
COPAL_p_TCGAb_337_338_339_NSP_GenomeWideSNP_6_D03_1373654	22	32558810	42918352	6912	-0.0023
COPAL_p_TCGAb_337_338_339_NSP_GenomeWideSNP_6_D03_1373654	22	42918711	42932418	10	0.6057
COPAL_p_TCGAb_337_338_339_NSP_GenomeWideSNP_6_D03_1373654	22	42934462	45133340	1627	-0.0116
COPAL_p_TCGAb_337_338_339_NSP_GenomeWideSNP_6_D03_1373654	22	45135806	45136635	3	-2.9671
COPAL_p_TCGAb_337_338_339_NSP_GenomeWideSNP_6_D03_1373654	22	45136906	49623181	3573	9e-04
COPAL_p_TCGAb_337_338_339_NSP_GenomeWideSNP_6_D03_1373654	22	49625286	49625474	2	-1.8751
COPAL_p_TCGAb_337_338_339_NSP_GenomeWideSNP_6_D03_1373654	22	49627269	51234455	881	0.0291
COPAL_p_TCGAb_337_338_339_NSP_GenomeWideSNP_6_D03_1373654	X	168477	81379519	42332	0.0043
COPAL_p_TCGAb_337_338_339_NSP_GenomeWideSNP_6_D03_1373654	X	81379638	81412144	39	-0.6042
COPAL_p_TCGAb_337_338_339_NSP_GenomeWideSNP_6_D03_1373654	X	81412263	115133681	18202	3e-04
COPAL_p_TCGAb_337_338_339_NSP_GenomeWideSNP_6_D03_1373654	X	115137955	115150638	7	-2.035
COPAL_p_TCGAb_337_338_339_NSP_GenomeWideSNP_6_D03_1373654	X	115156419	140686163	14727	0.0014
COPAL_p_TCGAb_337_338_339_NSP_GenomeWideSNP_6_D03_1373654	X	140690068	140764673	57	0.4664
COPAL_p_TCGAb_337_338_339_NSP_GenomeWideSNP_6_D03_1373654	X	140764724	155182354	8897	0.0027
COPAL_p_TCGAb_337_338_339_NSP_GenomeWideSNP_6_D03_1373654	Y	2650438	2902974	125	-2.5031
COPAL_p_TCGAb_337_338_339_NSP_GenomeWideSNP_6_D03_1373654	Y	2905717	5944603	679	-2.1232
COPAL_p_TCGAb_337_338_339_NSP_GenomeWideSNP_6_D03_1373654	Y	5948100	19511678	4833	-2.6042
COPAL_p_TCGAb_337_338_339_NSP_GenomeWideSNP_6_D03_1373654	Y	19515512	21024613	697	-3.0911
COPAL_p_TCGAb_337_338_339_NSP_GenomeWideSNP_6_D03_1373654	Y	21025062	24548177	1296	-2.6455
COPAL_p_TCGAb_337_338_339_NSP_GenomeWideSNP_6_D03_1373654	Y	24560227	24964952	60	-3.4393
COPAL_p_TCGAb_337_338_339_NSP_GenomeWideSNP_6_D03_1373654	Y	24979518	26190025	235	-3.0798
COPAL_p_TCGAb_337_338_339_NSP_GenomeWideSNP_6_D03_1373654	Y	26193050	26631228	98	-2.6156
COPAL_p_TCGAb_337_338_339_NSP_GenomeWideSNP_6_D03_1373654	Y	26631371	27315972	83	-3.5441
COPAL_p_TCGAb_337_338_339_NSP_GenomeWideSNP_6_D03_1373654	Y	27367487	27720551	93	-2.4825
COPAL_p_TCGAb_337_338_339_NSP_GenomeWideSNP_6_D03_1373654	Y	27721084	28423938	251	-3.167
COPAL_p_TCGAb_337_338_339_NSP_GenomeWideSNP_6_D03_1373654	Y	28438116	59018259	183	-2.3623
