Sample	Chromosome	Start	End	Num_Probes	Segment_Mean
COZEN_p_TCGAb56_SNP_2N_GenomeWideSNP_6_G05_667150	1	61735	98602	17	-0.7529
COZEN_p_TCGAb56_SNP_2N_GenomeWideSNP_6_G05_667150	1	228706	10367344	5181	0.0147
COZEN_p_TCGAb56_SNP_2N_GenomeWideSNP_6_G05_667150	1	10370402	10377983	19	-0.6638
COZEN_p_TCGAb56_SNP_2N_GenomeWideSNP_6_G05_667150	1	10381772	13852955	1456	1e-04
COZEN_p_TCGAb56_SNP_2N_GenomeWideSNP_6_G05_667150	1	13855608	13855784	4	-1.058
COZEN_p_TCGAb56_SNP_2N_GenomeWideSNP_6_G05_667150	1	13858428	22311908	5568	0.004
COZEN_p_TCGAb56_SNP_2N_GenomeWideSNP_6_G05_667150	1	22318183	22319001	2	-0.6057
COZEN_p_TCGAb56_SNP_2N_GenomeWideSNP_6_G05_667150	1	22320515	22338125	8	-1.3128
COZEN_p_TCGAb56_SNP_2N_GenomeWideSNP_6_G05_667150	1	22342389	35091674	6916	0.0049
COZEN_p_TCGAb56_SNP_2N_GenomeWideSNP_6_G05_667150	1	35102654	35115542	22	-0.5661
COZEN_p_TCGAb56_SNP_2N_GenomeWideSNP_6_G05_667150	1	35116561	41021036	3188	0.0065
COZEN_p_TCGAb56_SNP_2N_GenomeWideSNP_6_G05_667150	1	41022076	41028210	4	-1.3884
COZEN_p_TCGAb56_SNP_2N_GenomeWideSNP_6_G05_667150	1	41028926	55723441	8328	0.0102
COZEN_p_TCGAb56_SNP_2N_GenomeWideSNP_6_G05_667150	1	55724023	55724299	6	-0.9113
COZEN_p_TCGAb56_SNP_2N_GenomeWideSNP_6_G05_667150	1	55729368	64837281	6893	0.0113
COZEN_p_TCGAb56_SNP_2N_GenomeWideSNP_6_G05_667150	1	64842727	64851545	4	-1.1781
COZEN_p_TCGAb56_SNP_2N_GenomeWideSNP_6_G05_667150	1	64854605	72763370	5447	0.0028
COZEN_p_TCGAb56_SNP_2N_GenomeWideSNP_6_G05_667150	1	72768418	72808768	41	0.3075
COZEN_p_TCGAb56_SNP_2N_GenomeWideSNP_6_G05_667150	1	72809372	79828164	4406	2e-04
COZEN_p_TCGAb56_SNP_2N_GenomeWideSNP_6_G05_667150	1	79834021	79835191	4	-1.1106
COZEN_p_TCGAb56_SNP_2N_GenomeWideSNP_6_G05_667150	1	79835336	104159384	15699	0.0054
COZEN_p_TCGAb56_SNP_2N_GenomeWideSNP_6_G05_667150	1	104163499	104163787	2	-1.7188
COZEN_p_TCGAb56_SNP_2N_GenomeWideSNP_6_G05_667150	1	104178038	105254258	533	-0.0025
COZEN_p_TCGAb56_SNP_2N_GenomeWideSNP_6_G05_667150	1	105254921	105254973	2	-2.3259
COZEN_p_TCGAb56_SNP_2N_GenomeWideSNP_6_G05_667150	1	105257300	110221727	3083	0.0058
COZEN_p_TCGAb56_SNP_2N_GenomeWideSNP_6_G05_667150	1	110224384	110227396	13	0.6913
COZEN_p_TCGAb56_SNP_2N_GenomeWideSNP_6_G05_667150	1	110227500	110227515	2	-0.2193
COZEN_p_TCGAb56_SNP_2N_GenomeWideSNP_6_G05_667150	1	110232974	110240178	17	1.6851
COZEN_p_TCGAb56_SNP_2N_GenomeWideSNP_6_G05_667150	1	110242953	112690326	1959	0.0052
COZEN_p_TCGAb56_SNP_2N_GenomeWideSNP_6_G05_667150	1	112695965	112697198	21	0.4151
COZEN_p_TCGAb56_SNP_2N_GenomeWideSNP_6_G05_667150	1	112697213	144081043	5234	0.0091
COZEN_p_TCGAb56_SNP_2N_GenomeWideSNP_6_G05_667150	1	144471986	144472001	2	2.1942
COZEN_p_TCGAb56_SNP_2N_GenomeWideSNP_6_G05_667150	1	144527147	144564584	10	-0.0476
COZEN_p_TCGAb56_SNP_2N_GenomeWideSNP_6_G05_667150	1	144579091	144849552	6	1.2535
COZEN_p_TCGAb56_SNP_2N_GenomeWideSNP_6_G05_667150	1	144865627	145151728	148	-0.0934
COZEN_p_TCGAb56_SNP_2N_GenomeWideSNP_6_G05_667150	1	145151959	145152757	5	1.1245
COZEN_p_TCGAb56_SNP_2N_GenomeWideSNP_6_G05_667150	1	145156301	152751237	2843	-0.0035
COZEN_p_TCGAb56_SNP_2N_GenomeWideSNP_6_G05_667150	1	152754630	152776755	47	0.3882
COZEN_p_TCGAb56_SNP_2N_GenomeWideSNP_6_G05_667150	1	152778443	157844395	2791	-0.001
COZEN_p_TCGAb56_SNP_2N_GenomeWideSNP_6_G05_667150	1	157845221	157846191	3	-1.5615
COZEN_p_TCGAb56_SNP_2N_GenomeWideSNP_6_G05_667150	1	157848031	158866573	828	0.0196
COZEN_p_TCGAb56_SNP_2N_GenomeWideSNP_6_G05_667150	1	158868501	158869759	2	2.3174
COZEN_p_TCGAb56_SNP_2N_GenomeWideSNP_6_G05_667150	1	158874818	166176043	5405	0
COZEN_p_TCGAb56_SNP_2N_GenomeWideSNP_6_G05_667150	1	166184481	166194370	10	0.6594
COZEN_p_TCGAb56_SNP_2N_GenomeWideSNP_6_G05_667150	1	166195702	175411687	6260	0.0051
COZEN_p_TCGAb56_SNP_2N_GenomeWideSNP_6_G05_667150	1	175411763	175411819	2	-1.8584
COZEN_p_TCGAb56_SNP_2N_GenomeWideSNP_6_G05_667150	1	175413433	178658817	2112	0.0049
COZEN_p_TCGAb56_SNP_2N_GenomeWideSNP_6_G05_667150	1	178659933	178674074	53	-0.9281
COZEN_p_TCGAb56_SNP_2N_GenomeWideSNP_6_G05_667150	1	178674188	196711067	12099	-1e-04
COZEN_p_TCGAb56_SNP_2N_GenomeWideSNP_6_G05_667150	1	196711187	196802072	96	-0.6571
COZEN_p_TCGAb56_SNP_2N_GenomeWideSNP_6_G05_667150	1	196812507	199111363	1384	0.0148
COZEN_p_TCGAb56_SNP_2N_GenomeWideSNP_6_G05_667150	1	199111426	199113840	8	-2.4131
COZEN_p_TCGAb56_SNP_2N_GenomeWideSNP_6_G05_667150	1	199114238	241342219	29382	0.0117
COZEN_p_TCGAb56_SNP_2N_GenomeWideSNP_6_G05_667150	1	241342291	241342330	2	1.7441
COZEN_p_TCGAb56_SNP_2N_GenomeWideSNP_6_G05_667150	1	241342754	248610507	4986	-0.004
COZEN_p_TCGAb56_SNP_2N_GenomeWideSNP_6_G05_667150	1	248621163	248621397	2	-1.5732
COZEN_p_TCGAb56_SNP_2N_GenomeWideSNP_6_G05_667150	1	248622152	248697391	26	-0.0327
COZEN_p_TCGAb56_SNP_2N_GenomeWideSNP_6_G05_667150	1	248709616	248713868	3	1.4128
COZEN_p_TCGAb56_SNP_2N_GenomeWideSNP_6_G05_667150	1	248713991	248809109	41	0.1467
COZEN_p_TCGAb56_SNP_2N_GenomeWideSNP_6_G05_667150	1	248809369	248825137	3	1.1081
COZEN_p_TCGAb56_SNP_2N_GenomeWideSNP_6_G05_667150	1	248825263	249224388	138	-0.023
COZEN_p_TCGAb56_SNP_2N_GenomeWideSNP_6_G05_667150	2	12784	34701583	24125	0.0078
COZEN_p_TCGAb56_SNP_2N_GenomeWideSNP_6_G05_667150	2	34701625	34737057	43	0.6539
COZEN_p_TCGAb56_SNP_2N_GenomeWideSNP_6_G05_667150	2	34737163	35657733	633	5e-04
COZEN_p_TCGAb56_SNP_2N_GenomeWideSNP_6_G05_667150	2	35657891	35659948	2	-1.508
COZEN_p_TCGAb56_SNP_2N_GenomeWideSNP_6_G05_667150	2	35664208	38862223	2523	0.0148
COZEN_p_TCGAb56_SNP_2N_GenomeWideSNP_6_G05_667150	2	38873799	38880610	6	-1.0516
COZEN_p_TCGAb56_SNP_2N_GenomeWideSNP_6_G05_667150	2	38883974	52741737	9888	0.0078
COZEN_p_TCGAb56_SNP_2N_GenomeWideSNP_6_G05_667150	2	52743925	52781397	36	0.4725
COZEN_p_TCGAb56_SNP_2N_GenomeWideSNP_6_G05_667150	2	52781412	86937687	21960	0.0039
COZEN_p_TCGAb56_SNP_2N_GenomeWideSNP_6_G05_667150	2	86953070	86953854	2	-2.4271
COZEN_p_TCGAb56_SNP_2N_GenomeWideSNP_6_G05_667150	2	86970406	97857927	2103	-0.0356
COZEN_p_TCGAb56_SNP_2N_GenomeWideSNP_6_G05_667150	2	97865337	97876273	12	-0.8359
COZEN_p_TCGAb56_SNP_2N_GenomeWideSNP_6_G05_667150	2	97876806	98118212	27	-9e-04
COZEN_p_TCGAb56_SNP_2N_GenomeWideSNP_6_G05_667150	2	98140747	98162189	9	1.4349
COZEN_p_TCGAb56_SNP_2N_GenomeWideSNP_6_G05_667150	2	98166878	106880095	5580	0.0059
COZEN_p_TCGAb56_SNP_2N_GenomeWideSNP_6_G05_667150	2	106880713	106885357	11	-1.8222
COZEN_p_TCGAb56_SNP_2N_GenomeWideSNP_6_G05_667150	2	106887255	111097151	2210	0.0094
COZEN_p_TCGAb56_SNP_2N_GenomeWideSNP_6_G05_667150	2	111099633	111107783	2	-1.5977
COZEN_p_TCGAb56_SNP_2N_GenomeWideSNP_6_G05_667150	2	111118721	117312365	3425	0.0114
COZEN_p_TCGAb56_SNP_2N_GenomeWideSNP_6_G05_667150	2	117315166	117316787	2	-1.4758
COZEN_p_TCGAb56_SNP_2N_GenomeWideSNP_6_G05_667150	2	117316837	117588586	157	-0.0058
COZEN_p_TCGAb56_SNP_2N_GenomeWideSNP_6_G05_667150	2	117589767	117589853	2	-2.1627
COZEN_p_TCGAb56_SNP_2N_GenomeWideSNP_6_G05_667150	2	117591245	123477014	3762	0.0136
COZEN_p_TCGAb56_SNP_2N_GenomeWideSNP_6_G05_667150	2	123479899	123482241	9	-0.7661
COZEN_p_TCGAb56_SNP_2N_GenomeWideSNP_6_G05_667150	2	123483653	123881216	308	-0.0209
COZEN_p_TCGAb56_SNP_2N_GenomeWideSNP_6_G05_667150	2	123883938	123891059	6	-0.7101
COZEN_p_TCGAb56_SNP_2N_GenomeWideSNP_6_G05_667150	2	123892699	125651932	1202	0.0041
COZEN_p_TCGAb56_SNP_2N_GenomeWideSNP_6_G05_667150	2	125652900	125658362	5	-0.9157
COZEN_p_TCGAb56_SNP_2N_GenomeWideSNP_6_G05_667150	2	125659692	129638078	2373	0.0146
COZEN_p_TCGAb56_SNP_2N_GenomeWideSNP_6_G05_667150	2	129638478	129640329	16	-0.5812
COZEN_p_TCGAb56_SNP_2N_GenomeWideSNP_6_G05_667150	2	129646448	130545565	726	0.0285
COZEN_p_TCGAb56_SNP_2N_GenomeWideSNP_6_G05_667150	2	130549275	130559029	9	-0.8314
COZEN_p_TCGAb56_SNP_2N_GenomeWideSNP_6_G05_667150	2	130559246	146864429	9756	0.0109
COZEN_p_TCGAb56_SNP_2N_GenomeWideSNP_6_G05_667150	2	146864443	146878410	25	0.7368
COZEN_p_TCGAb56_SNP_2N_GenomeWideSNP_6_G05_667150	2	146878442	243089456	59195	0.0097
COZEN_p_TCGAb56_SNP_2N_GenomeWideSNP_6_G05_667150	3	60345	2026744	1786	0.0084
COZEN_p_TCGAb56_SNP_2N_GenomeWideSNP_6_G05_667150	3	2027472	2028829	2	-1.819
COZEN_p_TCGAb56_SNP_2N_GenomeWideSNP_6_G05_667150	3	2034355	46793377	31489	0.0116
COZEN_p_TCGAb56_SNP_2N_GenomeWideSNP_6_G05_667150	3	46801817	46849589	40	-0.7322
COZEN_p_TCGAb56_SNP_2N_GenomeWideSNP_6_G05_667150	3	46859479	68746164	14581	0.0075
COZEN_p_TCGAb56_SNP_2N_GenomeWideSNP_6_G05_667150	3	68746259	68747413	14	-1.3711
COZEN_p_TCGAb56_SNP_2N_GenomeWideSNP_6_G05_667150	3	68748758	72349863	2768	0.01
COZEN_p_TCGAb56_SNP_2N_GenomeWideSNP_6_G05_667150	3	72352444	72352906	2	1.4895
COZEN_p_TCGAb56_SNP_2N_GenomeWideSNP_6_G05_667150	3	72353323	75568549	2170	0.0015
COZEN_p_TCGAb56_SNP_2N_GenomeWideSNP_6_G05_667150	3	75572549	75586805	5	-2.3163
COZEN_p_TCGAb56_SNP_2N_GenomeWideSNP_6_G05_667150	3	75595181	114655782	20541	-8e-04
COZEN_p_TCGAb56_SNP_2N_GenomeWideSNP_6_G05_667150	3	114660592	114668950	7	-0.9673
COZEN_p_TCGAb56_SNP_2N_GenomeWideSNP_6_G05_667150	3	114669018	129786739	9273	0.0179
COZEN_p_TCGAb56_SNP_2N_GenomeWideSNP_6_G05_667150	3	129786753	129806924	43	0.5059
COZEN_p_TCGAb56_SNP_2N_GenomeWideSNP_6_G05_667150	3	129806998	159027205	18145	0.0042
COZEN_p_TCGAb56_SNP_2N_GenomeWideSNP_6_G05_667150	3	159028349	159131305	64	-0.9258
COZEN_p_TCGAb56_SNP_2N_GenomeWideSNP_6_G05_667150	3	159132012	162513092	2094	-1e-04
COZEN_p_TCGAb56_SNP_2N_GenomeWideSNP_6_G05_667150	3	162513149	162625995	67	-1.3284
COZEN_p_TCGAb56_SNP_2N_GenomeWideSNP_6_G05_667150	3	162626572	192877902	19210	0.0018
COZEN_p_TCGAb56_SNP_2N_GenomeWideSNP_6_G05_667150	3	192877962	192882903	19	-1.5697
COZEN_p_TCGAb56_SNP_2N_GenomeWideSNP_6_G05_667150	3	192886435	194723586	1241	0.0064
COZEN_p_TCGAb56_SNP_2N_GenomeWideSNP_6_G05_667150	3	194723612	194731909	3	-1.0033
COZEN_p_TCGAb56_SNP_2N_GenomeWideSNP_6_G05_667150	3	194731991	195285664	242	0.0142
COZEN_p_TCGAb56_SNP_2N_GenomeWideSNP_6_G05_667150	3	195285898	195473796	46	-0.689
COZEN_p_TCGAb56_SNP_2N_GenomeWideSNP_6_G05_667150	3	195474182	197896118	1175	-0.0239
COZEN_p_TCGAb56_SNP_2N_GenomeWideSNP_6_G05_667150	4	12281	9370690	5191	0.007
COZEN_p_TCGAb56_SNP_2N_GenomeWideSNP_6_G05_667150	4	9372303	9479345	70	0.4555
COZEN_p_TCGAb56_SNP_2N_GenomeWideSNP_6_G05_667150	4	9486087	9619137	40	0.0026
COZEN_p_TCGAb56_SNP_2N_GenomeWideSNP_6_G05_667150	4	9626413	9632448	3	-1.1391
COZEN_p_TCGAb56_SNP_2N_GenomeWideSNP_6_G05_667150	4	9633259	10210390	503	0.0175
COZEN_p_TCGAb56_SNP_2N_GenomeWideSNP_6_G05_667150	4	10214160	10223848	4	2.6867
COZEN_p_TCGAb56_SNP_2N_GenomeWideSNP_6_G05_667150	4	10228783	10235268	32	0.9553
COZEN_p_TCGAb56_SNP_2N_GenomeWideSNP_6_G05_667150	4	10236142	12384550	1826	0.0063
COZEN_p_TCGAb56_SNP_2N_GenomeWideSNP_6_G05_667150	4	12384900	12386473	3	-1.0479
COZEN_p_TCGAb56_SNP_2N_GenomeWideSNP_6_G05_667150	4	12386488	12547361	85	0.0069
COZEN_p_TCGAb56_SNP_2N_GenomeWideSNP_6_G05_667150	4	12547715	12548802	3	-1.2437
COZEN_p_TCGAb56_SNP_2N_GenomeWideSNP_6_G05_667150	4	12548963	21372003	6299	0.0046
COZEN_p_TCGAb56_SNP_2N_GenomeWideSNP_6_G05_667150	4	21372039	21376851	14	-0.7433
COZEN_p_TCGAb56_SNP_2N_GenomeWideSNP_6_G05_667150	4	21383740	23279975	1285	9e-04
COZEN_p_TCGAb56_SNP_2N_GenomeWideSNP_6_G05_667150	4	23280113	23280120	2	-2.2148
COZEN_p_TCGAb56_SNP_2N_GenomeWideSNP_6_G05_667150	4	23280435	34779054	7485	0.0022
COZEN_p_TCGAb56_SNP_2N_GenomeWideSNP_6_G05_667150	4	34786500	34829928	41	0.3532
COZEN_p_TCGAb56_SNP_2N_GenomeWideSNP_6_G05_667150	4	34829949	57543841	12206	0.0026
COZEN_p_TCGAb56_SNP_2N_GenomeWideSNP_6_G05_667150	4	57544052	57544502	9	-0.9273
COZEN_p_TCGAb56_SNP_2N_GenomeWideSNP_6_G05_667150	4	57544766	63667834	3817	0.0011
COZEN_p_TCGAb56_SNP_2N_GenomeWideSNP_6_G05_667150	4	63669936	63671134	6	-0.9992
COZEN_p_TCGAb56_SNP_2N_GenomeWideSNP_6_G05_667150	4	63671587	69260551	3449	0.0089
COZEN_p_TCGAb56_SNP_2N_GenomeWideSNP_6_G05_667150	4	69261064	69288142	6	-1.4358
COZEN_p_TCGAb56_SNP_2N_GenomeWideSNP_6_G05_667150	4	69294799	69595591	95	-0.1621
COZEN_p_TCGAb56_SNP_2N_GenomeWideSNP_6_G05_667150	4	69596591	69668008	49	-1.0521
COZEN_p_TCGAb56_SNP_2N_GenomeWideSNP_6_G05_667150	4	69671389	73551863	2290	-0.0046
COZEN_p_TCGAb56_SNP_2N_GenomeWideSNP_6_G05_667150	4	73552244	73555438	2	-5.3574
COZEN_p_TCGAb56_SNP_2N_GenomeWideSNP_6_G05_667150	4	73558815	100293197	16393	0.0092
COZEN_p_TCGAb56_SNP_2N_GenomeWideSNP_6_G05_667150	4	100293576	100296452	2	-2.0015
COZEN_p_TCGAb56_SNP_2N_GenomeWideSNP_6_G05_667150	4	100299102	115173700	9020	0.0062
COZEN_p_TCGAb56_SNP_2N_GenomeWideSNP_6_G05_667150	4	115175323	115182175	23	-1.3294
COZEN_p_TCGAb56_SNP_2N_GenomeWideSNP_6_G05_667150	4	115184229	121963712	4146	0.0079
COZEN_p_TCGAb56_SNP_2N_GenomeWideSNP_6_G05_667150	4	121964300	121969616	2	-1.4867
COZEN_p_TCGAb56_SNP_2N_GenomeWideSNP_6_G05_667150	4	121970268	122281973	207	0.0539
COZEN_p_TCGAb56_SNP_2N_GenomeWideSNP_6_G05_667150	4	122282468	122291522	30	-0.6096
COZEN_p_TCGAb56_SNP_2N_GenomeWideSNP_6_G05_667150	4	122291627	125641328	1858	0.0151
COZEN_p_TCGAb56_SNP_2N_GenomeWideSNP_6_G05_667150	4	125644196	125645958	13	-0.6511
COZEN_p_TCGAb56_SNP_2N_GenomeWideSNP_6_G05_667150	4	125645969	172369346	28509	0.0024
COZEN_p_TCGAb56_SNP_2N_GenomeWideSNP_6_G05_667150	4	172374884	172377710	10	-1.2095
COZEN_p_TCGAb56_SNP_2N_GenomeWideSNP_6_G05_667150	4	172377724	172487937	63	0.0482
COZEN_p_TCGAb56_SNP_2N_GenomeWideSNP_6_G05_667150	4	172488001	172490153	5	-1.0291
COZEN_p_TCGAb56_SNP_2N_GenomeWideSNP_6_G05_667150	4	172490202	172989224	334	0.004
COZEN_p_TCGAb56_SNP_2N_GenomeWideSNP_6_G05_667150	4	172989300	172989505	7	-1.6895
COZEN_p_TCGAb56_SNP_2N_GenomeWideSNP_6_G05_667150	4	172989519	191027923	12135	0.002
COZEN_p_TCGAb56_SNP_2N_GenomeWideSNP_6_G05_667150	5	15532	800686	342	0.051
COZEN_p_TCGAb56_SNP_2N_GenomeWideSNP_6_G05_667150	5	800839	825307	21	0.6455
COZEN_p_TCGAb56_SNP_2N_GenomeWideSNP_6_G05_667150	5	825653	8766520	6671	0.0174
COZEN_p_TCGAb56_SNP_2N_GenomeWideSNP_6_G05_667150	5	8767977	8768044	2	-2.0003
COZEN_p_TCGAb56_SNP_2N_GenomeWideSNP_6_G05_667150	5	8768529	19276974	7470	0.0017
COZEN_p_TCGAb56_SNP_2N_GenomeWideSNP_6_G05_667150	5	19279571	19287457	6	-1.0584
COZEN_p_TCGAb56_SNP_2N_GenomeWideSNP_6_G05_667150	5	19290100	26789496	4442	-0.0161
COZEN_p_TCGAb56_SNP_2N_GenomeWideSNP_6_G05_667150	5	26797760	26797844	2	-2.5313
COZEN_p_TCGAb56_SNP_2N_GenomeWideSNP_6_G05_667150	5	26803884	46251306	11874	0.0012
COZEN_p_TCGAb56_SNP_2N_GenomeWideSNP_6_G05_667150	5	46271008	46273502	8	1.0001
COZEN_p_TCGAb56_SNP_2N_GenomeWideSNP_6_G05_667150	5	46278212	81418763	19343	0.0045
COZEN_p_TCGAb56_SNP_2N_GenomeWideSNP_6_G05_667150	5	81419278	81419290	2	-3.0745
COZEN_p_TCGAb56_SNP_2N_GenomeWideSNP_6_G05_667150	5	81427482	180790320	63010	0.0077
COZEN_p_TCGAb56_SNP_2N_GenomeWideSNP_6_G05_667150	6	149661	31287222	22453	0.0095
COZEN_p_TCGAb56_SNP_2N_GenomeWideSNP_6_G05_667150	6	31287501	31295406	2	-2.3866
COZEN_p_TCGAb56_SNP_2N_GenomeWideSNP_6_G05_667150	6	31295953	52625775	13346	0.0098
COZEN_p_TCGAb56_SNP_2N_GenomeWideSNP_6_G05_667150	6	52626269	52627191	5	-1.0059
COZEN_p_TCGAb56_SNP_2N_GenomeWideSNP_6_G05_667150	6	52629769	68402483	7552	0.0023
COZEN_p_TCGAb56_SNP_2N_GenomeWideSNP_6_G05_667150	6	68402529	68410886	8	-0.7953
COZEN_p_TCGAb56_SNP_2N_GenomeWideSNP_6_G05_667150	6	68416313	72254691	2454	0.0083
COZEN_p_TCGAb56_SNP_2N_GenomeWideSNP_6_G05_667150	6	72274731	72276667	2	-2.1561
COZEN_p_TCGAb56_SNP_2N_GenomeWideSNP_6_G05_667150	6	72277051	78879512	4218	0.0093
COZEN_p_TCGAb56_SNP_2N_GenomeWideSNP_6_G05_667150	6	78881451	78898515	7	-0.8597
COZEN_p_TCGAb56_SNP_2N_GenomeWideSNP_6_G05_667150	6	78900020	78962626	53	-0.0637
COZEN_p_TCGAb56_SNP_2N_GenomeWideSNP_6_G05_667150	6	78962874	79035185	115	0.4366
COZEN_p_TCGAb56_SNP_2N_GenomeWideSNP_6_G05_667150	6	79039234	103734829	15503	0.0032
COZEN_p_TCGAb56_SNP_2N_GenomeWideSNP_6_G05_667150	6	103737976	103762061	46	0.6852
COZEN_p_TCGAb56_SNP_2N_GenomeWideSNP_6_G05_667150	6	103765470	128308249	15038	0.0062
COZEN_p_TCGAb56_SNP_2N_GenomeWideSNP_6_G05_667150	6	128308497	128308503	2	-3.8162
COZEN_p_TCGAb56_SNP_2N_GenomeWideSNP_6_G05_667150	6	128311479	171051005	29243	0.013
COZEN_p_TCGAb56_SNP_2N_GenomeWideSNP_6_G05_667150	7	43355	54386505	38607	0.008
COZEN_p_TCGAb56_SNP_2N_GenomeWideSNP_6_G05_667150	7	54386509	54386517	5	-1.4564
COZEN_p_TCGAb56_SNP_2N_GenomeWideSNP_6_G05_667150	7	54393488	66641374	3896	-0.0191
COZEN_p_TCGAb56_SNP_2N_GenomeWideSNP_6_G05_667150	7	66642611	66645232	4	-2.6228
COZEN_p_TCGAb56_SNP_2N_GenomeWideSNP_6_G05_667150	7	66647639	66698934	16	-0.6782
COZEN_p_TCGAb56_SNP_2N_GenomeWideSNP_6_G05_667150	7	66699784	75866271	4487	-0.0158
COZEN_p_TCGAb56_SNP_2N_GenomeWideSNP_6_G05_667150	7	75868696	75871480	2	-1.8106
COZEN_p_TCGAb56_SNP_2N_GenomeWideSNP_6_G05_667150	7	75873894	88903260	8339	0.0081
COZEN_p_TCGAb56_SNP_2N_GenomeWideSNP_6_G05_667150	7	88904674	88906531	3	-1.4705
COZEN_p_TCGAb56_SNP_2N_GenomeWideSNP_6_G05_667150	7	88907107	95484630	4221	0.0128
COZEN_p_TCGAb56_SNP_2N_GenomeWideSNP_6_G05_667150	7	95485355	95488497	3	-1.3201
COZEN_p_TCGAb56_SNP_2N_GenomeWideSNP_6_G05_667150	7	95489512	102346315	3295	0.0082
COZEN_p_TCGAb56_SNP_2N_GenomeWideSNP_6_G05_667150	7	102347044	102358404	17	-0.5581
COZEN_p_TCGAb56_SNP_2N_GenomeWideSNP_6_G05_667150	7	102373011	109441244	4568	0.0037
COZEN_p_TCGAb56_SNP_2N_GenomeWideSNP_6_G05_667150	7	109441629	109453910	10	0.7356
COZEN_p_TCGAb56_SNP_2N_GenomeWideSNP_6_G05_667150	7	109453982	126045556	10046	0.0016
COZEN_p_TCGAb56_SNP_2N_GenomeWideSNP_6_G05_667150	7	126045651	126046615	10	-1.1145
COZEN_p_TCGAb56_SNP_2N_GenomeWideSNP_6_G05_667150	7	126046876	135500754	5961	0.0056
COZEN_p_TCGAb56_SNP_2N_GenomeWideSNP_6_G05_667150	7	135505300	135508262	6	-0.9734
COZEN_p_TCGAb56_SNP_2N_GenomeWideSNP_6_G05_667150	7	135510241	142044929	4213	0.0059
COZEN_p_TCGAb56_SNP_2N_GenomeWideSNP_6_G05_667150	7	142047109	142047648	6	-0.7731
COZEN_p_TCGAb56_SNP_2N_GenomeWideSNP_6_G05_667150	7	142099013	142474623	252	0.0651
COZEN_p_TCGAb56_SNP_2N_GenomeWideSNP_6_G05_667150	7	142474653	142493129	40	0.5556
COZEN_p_TCGAb56_SNP_2N_GenomeWideSNP_6_G05_667150	7	142493650	143873952	827	-0.0026
COZEN_p_TCGAb56_SNP_2N_GenomeWideSNP_6_G05_667150	7	143896252	144066947	44	-0.7588
COZEN_p_TCGAb56_SNP_2N_GenomeWideSNP_6_G05_667150	7	144074929	145304870	793	0.0048
COZEN_p_TCGAb56_SNP_2N_GenomeWideSNP_6_G05_667150	7	145307813	145308726	6	-1.1326
COZEN_p_TCGAb56_SNP_2N_GenomeWideSNP_6_G05_667150	7	145312757	154389895	5654	-2e-04
COZEN_p_TCGAb56_SNP_2N_GenomeWideSNP_6_G05_667150	7	154393171	154399613	4	-1.6477
COZEN_p_TCGAb56_SNP_2N_GenomeWideSNP_6_G05_667150	7	154400830	157653964	2322	0.0224
COZEN_p_TCGAb56_SNP_2N_GenomeWideSNP_6_G05_667150	7	157656749	157656767	2	-3.0051
COZEN_p_TCGAb56_SNP_2N_GenomeWideSNP_6_G05_667150	7	157658054	159127004	922	0.0339
COZEN_p_TCGAb56_SNP_2N_GenomeWideSNP_6_G05_667150	8	31254	184216	20	0.0612
COZEN_p_TCGAb56_SNP_2N_GenomeWideSNP_6_G05_667150	8	184319	187446	2	-1.5488
COZEN_p_TCGAb56_SNP_2N_GenomeWideSNP_6_G05_667150	8	187639	2247827	1629	0.0337
COZEN_p_TCGAb56_SNP_2N_GenomeWideSNP_6_G05_667150	8	2254638	2259358	12	-1.3788
COZEN_p_TCGAb56_SNP_2N_GenomeWideSNP_6_G05_667150	8	2270328	4188343	2584	0.0146
COZEN_p_TCGAb56_SNP_2N_GenomeWideSNP_6_G05_667150	8	4188379	4188985	6	1.0756
COZEN_p_TCGAb56_SNP_2N_GenomeWideSNP_6_G05_667150	8	4189745	5075593	1144	-0.0103
COZEN_p_TCGAb56_SNP_2N_GenomeWideSNP_6_G05_667150	8	5075648	5075852	7	2.4844
COZEN_p_TCGAb56_SNP_2N_GenomeWideSNP_6_G05_667150	8	5075952	7043340	2423	0.0073
COZEN_p_TCGAb56_SNP_2N_GenomeWideSNP_6_G05_667150	8	7154067	7744064	144	-0.6807
COZEN_p_TCGAb56_SNP_2N_GenomeWideSNP_6_G05_667150	8	7745979	7747699	4	0.8949
COZEN_p_TCGAb56_SNP_2N_GenomeWideSNP_6_G05_667150	8	7752048	7798851	32	-0.5869
COZEN_p_TCGAb56_SNP_2N_GenomeWideSNP_6_G05_667150	8	7799390	12234217	3318	0.0189
COZEN_p_TCGAb56_SNP_2N_GenomeWideSNP_6_G05_667150	8	12234251	12390771	79	-0.5932
COZEN_p_TCGAb56_SNP_2N_GenomeWideSNP_6_G05_667150	8	12403053	21112099	7899	-0.0034
COZEN_p_TCGAb56_SNP_2N_GenomeWideSNP_6_G05_667150	8	21112632	21114058	3	-2.4791
COZEN_p_TCGAb56_SNP_2N_GenomeWideSNP_6_G05_667150	8	21118224	23402308	1406	0.0167
COZEN_p_TCGAb56_SNP_2N_GenomeWideSNP_6_G05_667150	8	23407740	23407871	5	-4.476
COZEN_p_TCGAb56_SNP_2N_GenomeWideSNP_6_G05_667150	8	23407905	24201600	522	0.0132
COZEN_p_TCGAb56_SNP_2N_GenomeWideSNP_6_G05_667150	8	24201750	24202359	2	-2.4074
COZEN_p_TCGAb56_SNP_2N_GenomeWideSNP_6_G05_667150	8	24204531	32678866	6100	0.0054
COZEN_p_TCGAb56_SNP_2N_GenomeWideSNP_6_G05_667150	8	32683098	32685768	4	0.8853
COZEN_p_TCGAb56_SNP_2N_GenomeWideSNP_6_G05_667150	8	32686619	32688413	4	2.2318
COZEN_p_TCGAb56_SNP_2N_GenomeWideSNP_6_G05_667150	8	32692106	33095722	243	-0.0338
COZEN_p_TCGAb56_SNP_2N_GenomeWideSNP_6_G05_667150	8	33098541	33098765	2	-2.7277
COZEN_p_TCGAb56_SNP_2N_GenomeWideSNP_6_G05_667150	8	33099251	36045310	1617	0.0042
COZEN_p_TCGAb56_SNP_2N_GenomeWideSNP_6_G05_667150	8	36046361	36047107	2	-1.3094
COZEN_p_TCGAb56_SNP_2N_GenomeWideSNP_6_G05_667150	8	36047380	39230659	1720	0.0036
COZEN_p_TCGAb56_SNP_2N_GenomeWideSNP_6_G05_667150	8	39235603	39386965	59	0.6902
COZEN_p_TCGAb56_SNP_2N_GenomeWideSNP_6_G05_667150	8	39388299	63846384	13130	0.0021
COZEN_p_TCGAb56_SNP_2N_GenomeWideSNP_6_G05_667150	8	63847982	63849526	6	-1.1077
COZEN_p_TCGAb56_SNP_2N_GenomeWideSNP_6_G05_667150	8	63851792	95557287	18642	0.0022
COZEN_p_TCGAb56_SNP_2N_GenomeWideSNP_6_G05_667150	8	95557312	95557992	8	1.0013
COZEN_p_TCGAb56_SNP_2N_GenomeWideSNP_6_G05_667150	8	95558115	102618074	4416	0.0017
COZEN_p_TCGAb56_SNP_2N_GenomeWideSNP_6_G05_667150	8	102618237	102625670	10	-0.7243
COZEN_p_TCGAb56_SNP_2N_GenomeWideSNP_6_G05_667150	8	102625712	107233554	2788	-0.0043
COZEN_p_TCGAb56_SNP_2N_GenomeWideSNP_6_G05_667150	8	107234286	107236028	3	-1.242
COZEN_p_TCGAb56_SNP_2N_GenomeWideSNP_6_G05_667150	8	107236042	107852506	419	-0.015
COZEN_p_TCGAb56_SNP_2N_GenomeWideSNP_6_G05_667150	8	107858519	107860326	13	-0.7149
COZEN_p_TCGAb56_SNP_2N_GenomeWideSNP_6_G05_667150	8	107862270	112291494	2642	0.0035
COZEN_p_TCGAb56_SNP_2N_GenomeWideSNP_6_G05_667150	8	112294279	112295260	10	1.0874
COZEN_p_TCGAb56_SNP_2N_GenomeWideSNP_6_G05_667150	8	112300281	123058930	6870	-0.002
COZEN_p_TCGAb56_SNP_2N_GenomeWideSNP_6_G05_667150	8	123058990	123069867	23	-0.6385
COZEN_p_TCGAb56_SNP_2N_GenomeWideSNP_6_G05_667150	8	123069910	137377780	10674	0.0031
COZEN_p_TCGAb56_SNP_2N_GenomeWideSNP_6_G05_667150	8	137379227	137381959	4	-1.0814
COZEN_p_TCGAb56_SNP_2N_GenomeWideSNP_6_G05_667150	8	137384947	146298155	5384	0.0244
COZEN_p_TCGAb56_SNP_2N_GenomeWideSNP_6_G05_667150	9	46587	43548402	31418	0.0054
COZEN_p_TCGAb56_SNP_2N_GenomeWideSNP_6_G05_667150	9	43554462	43800186	30	-0.451
COZEN_p_TCGAb56_SNP_2N_GenomeWideSNP_6_G05_667150	9	44114872	68183981	240	0.0035
COZEN_p_TCGAb56_SNP_2N_GenomeWideSNP_6_G05_667150	9	68186051	68188547	8	1.1427
COZEN_p_TCGAb56_SNP_2N_GenomeWideSNP_6_G05_667150	9	68209916	136182510	45984	0.0056
COZEN_p_TCGAb56_SNP_2N_GenomeWideSNP_6_G05_667150	9	136182525	136182648	4	1.7664
COZEN_p_TCGAb56_SNP_2N_GenomeWideSNP_6_G05_667150	9	136182785	138218747	1189	0.0131
COZEN_p_TCGAb56_SNP_2N_GenomeWideSNP_6_G05_667150	9	138218803	138222477	13	0.5815
COZEN_p_TCGAb56_SNP_2N_GenomeWideSNP_6_G05_667150	9	138222842	139283102	424	0.0457
COZEN_p_TCGAb56_SNP_2N_GenomeWideSNP_6_G05_667150	9	139283221	139300547	8	-1.0233
COZEN_p_TCGAb56_SNP_2N_GenomeWideSNP_6_G05_667150	9	139307023	139427066	62	0.0314
COZEN_p_TCGAb56_SNP_2N_GenomeWideSNP_6_G05_667150	9	139431355	139431611	2	-1.8479
COZEN_p_TCGAb56_SNP_2N_GenomeWideSNP_6_G05_667150	9	139431752	141071527	595	0.007
COZEN_p_TCGAb56_SNP_2N_GenomeWideSNP_6_G05_667150	9	141071940	141091394	6	0.8096
COZEN_p_TCGAb56_SNP_2N_GenomeWideSNP_6_G05_667150	10	72759	46691480	31606	0.0032
COZEN_p_TCGAb56_SNP_2N_GenomeWideSNP_6_G05_667150	10	46917315	46931589	3	-3.8114
COZEN_p_TCGAb56_SNP_2N_GenomeWideSNP_6_G05_667150	10	46932195	47249587	164	0.2299
COZEN_p_TCGAb56_SNP_2N_GenomeWideSNP_6_G05_667150	10	47264864	47897394	201	-0.002
COZEN_p_TCGAb56_SNP_2N_GenomeWideSNP_6_G05_667150	10	47912899	48045579	10	-0.7174
COZEN_p_TCGAb56_SNP_2N_GenomeWideSNP_6_G05_667150	10	48117203	48694134	276	0.0374
COZEN_p_TCGAb56_SNP_2N_GenomeWideSNP_6_G05_667150	10	48695090	48771950	8	-0.8407
COZEN_p_TCGAb56_SNP_2N_GenomeWideSNP_6_G05_667150	10	48837810	48958519	9	-0.0226
COZEN_p_TCGAb56_SNP_2N_GenomeWideSNP_6_G05_667150	10	49031175	49045895	4	1.1943
COZEN_p_TCGAb56_SNP_2N_GenomeWideSNP_6_G05_667150	10	49082219	49459846	95	0.0504
COZEN_p_TCGAb56_SNP_2N_GenomeWideSNP_6_G05_667150	10	49460154	49469659	2	-1.1774
COZEN_p_TCGAb56_SNP_2N_GenomeWideSNP_6_G05_667150	10	49473846	51891920	1370	0.0215
COZEN_p_TCGAb56_SNP_2N_GenomeWideSNP_6_G05_667150	10	51903768	51994839	7	0.7447
COZEN_p_TCGAb56_SNP_2N_GenomeWideSNP_6_G05_667150	10	52000536	58516403	4863	6e-04
COZEN_p_TCGAb56_SNP_2N_GenomeWideSNP_6_G05_667150	10	58516521	58526837	39	-0.6697
COZEN_p_TCGAb56_SNP_2N_GenomeWideSNP_6_G05_667150	10	58532752	62773063	3188	0.0025
COZEN_p_TCGAb56_SNP_2N_GenomeWideSNP_6_G05_667150	10	62773645	62773691	2	-2.6601
COZEN_p_TCGAb56_SNP_2N_GenomeWideSNP_6_G05_667150	10	62774458	71399208	5607	0.0029
COZEN_p_TCGAb56_SNP_2N_GenomeWideSNP_6_G05_667150	10	71400233	71401017	3	-1.2828
COZEN_p_TCGAb56_SNP_2N_GenomeWideSNP_6_G05_667150	10	71401120	81383874	6604	0.0096
COZEN_p_TCGAb56_SNP_2N_GenomeWideSNP_6_G05_667150	10	81383884	81409226	5	-1.1107
COZEN_p_TCGAb56_SNP_2N_GenomeWideSNP_6_G05_667150	10	81423240	92441668	7708	0.0092
COZEN_p_TCGAb56_SNP_2N_GenomeWideSNP_6_G05_667150	10	92441854	92442274	2	-1.8713
COZEN_p_TCGAb56_SNP_2N_GenomeWideSNP_6_G05_667150	10	92443180	112007711	12341	0.0094
COZEN_p_TCGAb56_SNP_2N_GenomeWideSNP_6_G05_667150	10	112010830	112010926	2	-2.0617
COZEN_p_TCGAb56_SNP_2N_GenomeWideSNP_6_G05_667150	10	112011484	122776414	7684	0.0073
COZEN_p_TCGAb56_SNP_2N_GenomeWideSNP_6_G05_667150	10	122776567	122777498	9	-0.7151
COZEN_p_TCGAb56_SNP_2N_GenomeWideSNP_6_G05_667150	10	122789542	124334013	1409	0.0118
COZEN_p_TCGAb56_SNP_2N_GenomeWideSNP_6_G05_667150	10	124341534	124351013	8	0.9389
COZEN_p_TCGAb56_SNP_2N_GenomeWideSNP_6_G05_667150	10	124356812	126188329	1331	0.0095
COZEN_p_TCGAb56_SNP_2N_GenomeWideSNP_6_G05_667150	10	126190232	126190609	2	-1.4401
COZEN_p_TCGAb56_SNP_2N_GenomeWideSNP_6_G05_667150	10	126190894	135328360	6504	0.0297
COZEN_p_TCGAb56_SNP_2N_GenomeWideSNP_6_G05_667150	10	135328532	135506704	89	0.4486
COZEN_p_TCGAb56_SNP_2N_GenomeWideSNP_6_G05_667150	11	198510	4250013	1792	0.021
COZEN_p_TCGAb56_SNP_2N_GenomeWideSNP_6_G05_667150	11	4256129	4358809	30	-0.6293
COZEN_p_TCGAb56_SNP_2N_GenomeWideSNP_6_G05_667150	11	4359056	4967396	655	-0.0038
COZEN_p_TCGAb56_SNP_2N_GenomeWideSNP_6_G05_667150	11	4967650	4976257	31	0.613
COZEN_p_TCGAb56_SNP_2N_GenomeWideSNP_6_G05_667150	11	4976272	134944770	84691	0.0105
COZEN_p_TCGAb56_SNP_2N_GenomeWideSNP_6_G05_667150	12	150442	27645992	18682	0.0047
COZEN_p_TCGAb56_SNP_2N_GenomeWideSNP_6_G05_667150	12	27647741	27651362	28	-0.7863
COZEN_p_TCGAb56_SNP_2N_GenomeWideSNP_6_G05_667150	12	27657161	30204907	1852	0.0128
COZEN_p_TCGAb56_SNP_2N_GenomeWideSNP_6_G05_667150	12	30212034	30215615	3	-1.3576
COZEN_p_TCGAb56_SNP_2N_GenomeWideSNP_6_G05_667150	12	30216852	30239710	30	-0.0084
COZEN_p_TCGAb56_SNP_2N_GenomeWideSNP_6_G05_667150	12	30239742	30243575	15	-0.6855
COZEN_p_TCGAb56_SNP_2N_GenomeWideSNP_6_G05_667150	12	30243590	33379966	2348	0.0044
COZEN_p_TCGAb56_SNP_2N_GenomeWideSNP_6_G05_667150	12	33385830	33395418	7	-0.9035
COZEN_p_TCGAb56_SNP_2N_GenomeWideSNP_6_G05_667150	12	33399053	34199953	508	0.0043
COZEN_p_TCGAb56_SNP_2N_GenomeWideSNP_6_G05_667150	12	34200015	34200402	3	-1.3736
COZEN_p_TCGAb56_SNP_2N_GenomeWideSNP_6_G05_667150	12	34200449	38072223	300	-0.0367
COZEN_p_TCGAb56_SNP_2N_GenomeWideSNP_6_G05_667150	12	38072273	38108053	26	-0.6676
COZEN_p_TCGAb56_SNP_2N_GenomeWideSNP_6_G05_667150	12	38161452	63939724	15406	0.0124
COZEN_p_TCGAb56_SNP_2N_GenomeWideSNP_6_G05_667150	12	63939740	64134805	64	0.4499
COZEN_p_TCGAb56_SNP_2N_GenomeWideSNP_6_G05_667150	12	64135427	99791792	23042	0.0025
COZEN_p_TCGAb56_SNP_2N_GenomeWideSNP_6_G05_667150	12	99791814	99798734	32	-0.4506
COZEN_p_TCGAb56_SNP_2N_GenomeWideSNP_6_G05_667150	12	99803093	103852714	2494	0.0129
COZEN_p_TCGAb56_SNP_2N_GenomeWideSNP_6_G05_667150	12	103852844	103855254	2	-1.323
COZEN_p_TCGAb56_SNP_2N_GenomeWideSNP_6_G05_667150	12	103856612	118793476	10319	0.0049
COZEN_p_TCGAb56_SNP_2N_GenomeWideSNP_6_G05_667150	12	118795287	118795660	2	-1.4216
COZEN_p_TCGAb56_SNP_2N_GenomeWideSNP_6_G05_667150	12	118796734	131796447	9062	0.0175
COZEN_p_TCGAb56_SNP_2N_GenomeWideSNP_6_G05_667150	12	131803792	131816805	11	-0.7219
COZEN_p_TCGAb56_SNP_2N_GenomeWideSNP_6_G05_667150	12	131822096	133778189	893	0.0336
COZEN_p_TCGAb56_SNP_2N_GenomeWideSNP_6_G05_667150	13	19026949	19143824	12	0.7341
COZEN_p_TCGAb56_SNP_2N_GenomeWideSNP_6_G05_667150	13	19174634	20445870	697	-0.0104
COZEN_p_TCGAb56_SNP_2N_GenomeWideSNP_6_G05_667150	13	20446859	20471997	23	-0.524
COZEN_p_TCGAb56_SNP_2N_GenomeWideSNP_6_G05_667150	13	20472035	57758389	25413	0.0068
COZEN_p_TCGAb56_SNP_2N_GenomeWideSNP_6_G05_667150	13	57758626	57778380	30	-0.7774
COZEN_p_TCGAb56_SNP_2N_GenomeWideSNP_6_G05_667150	13	57789714	67335046	5762	-7e-04
COZEN_p_TCGAb56_SNP_2N_GenomeWideSNP_6_G05_667150	13	67336805	67339314	6	-1.155
COZEN_p_TCGAb56_SNP_2N_GenomeWideSNP_6_G05_667150	13	67343266	72476988	3240	-0.0013
COZEN_p_TCGAb56_SNP_2N_GenomeWideSNP_6_G05_667150	13	72477555	72480556	4	-3.1981
COZEN_p_TCGAb56_SNP_2N_GenomeWideSNP_6_G05_667150	13	72480605	76105605	2672	0.0054
COZEN_p_TCGAb56_SNP_2N_GenomeWideSNP_6_G05_667150	13	76109536	76117768	11	0.8695
COZEN_p_TCGAb56_SNP_2N_GenomeWideSNP_6_G05_667150	13	76120628	115108397	26483	0.0029
COZEN_p_TCGAb56_SNP_2N_GenomeWideSNP_6_G05_667150	14	19002124	19660853	47	-0.2406
COZEN_p_TCGAb56_SNP_2N_GenomeWideSNP_6_G05_667150	14	19689317	19697885	4	-1.8108
COZEN_p_TCGAb56_SNP_2N_GenomeWideSNP_6_G05_667150	14	19706758	107285437	55584	0.0091
COZEN_p_TCGAb56_SNP_2N_GenomeWideSNP_6_G05_667150	15	20016328	20472851	72	0.0196
COZEN_p_TCGAb56_SNP_2N_GenomeWideSNP_6_G05_667150	15	20488336	20609619	64	0.4852
COZEN_p_TCGAb56_SNP_2N_GenomeWideSNP_6_G05_667150	15	20611369	20843562	23	-0.1967
COZEN_p_TCGAb56_SNP_2N_GenomeWideSNP_6_G05_667150	15	20847933	22681076	265	0.4995
COZEN_p_TCGAb56_SNP_2N_GenomeWideSNP_6_G05_667150	15	22681250	28560816	3807	0.0029
COZEN_p_TCGAb56_SNP_2N_GenomeWideSNP_6_G05_667150	15	28561016	28604613	3	1.4518
COZEN_p_TCGAb56_SNP_2N_GenomeWideSNP_6_G05_667150	15	28659924	30386411	869	0.0311
COZEN_p_TCGAb56_SNP_2N_GenomeWideSNP_6_G05_667150	15	30398229	30925605	113	-0.5103
COZEN_p_TCGAb56_SNP_2N_GenomeWideSNP_6_G05_667150	15	30930500	32461414	1050	0.0044
COZEN_p_TCGAb56_SNP_2N_GenomeWideSNP_6_G05_667150	15	32471487	32799377	54	-0.5218
COZEN_p_TCGAb56_SNP_2N_GenomeWideSNP_6_G05_667150	15	32799827	34739921	1519	-0.0092
COZEN_p_TCGAb56_SNP_2N_GenomeWideSNP_6_G05_667150	15	34745719	34746462	3	-2.3675
COZEN_p_TCGAb56_SNP_2N_GenomeWideSNP_6_G05_667150	15	34747343	43895539	5753	0.0037
COZEN_p_TCGAb56_SNP_2N_GenomeWideSNP_6_G05_667150	15	43895640	43990428	20	-0.3856
COZEN_p_TCGAb56_SNP_2N_GenomeWideSNP_6_G05_667150	15	43991014	82895028	24447	0.0143
COZEN_p_TCGAb56_SNP_2N_GenomeWideSNP_6_G05_667150	15	82895362	83108839	11	-1.2492
COZEN_p_TCGAb56_SNP_2N_GenomeWideSNP_6_G05_667150	15	83169549	102440922	14022	0.0113
COZEN_p_TCGAb56_SNP_2N_GenomeWideSNP_6_G05_667150	15	102445241	102469040	3	-1.8628
COZEN_p_TCGAb56_SNP_2N_GenomeWideSNP_6_G05_667150	16	60777	14980977	11138	9e-04
COZEN_p_TCGAb56_SNP_2N_GenomeWideSNP_6_G05_667150	16	14989839	15116257	64	-0.657
COZEN_p_TCGAb56_SNP_2N_GenomeWideSNP_6_G05_667150	16	15125441	32146886	8902	-0.0059
COZEN_p_TCGAb56_SNP_2N_GenomeWideSNP_6_G05_667150	16	32158852	33481160	182	0.4748
COZEN_p_TCGAb56_SNP_2N_GenomeWideSNP_6_G05_667150	16	33484562	33484587	3	-0.9927
COZEN_p_TCGAb56_SNP_2N_GenomeWideSNP_6_G05_667150	16	33484975	33710780	66	0.4404
COZEN_p_TCGAb56_SNP_2N_GenomeWideSNP_6_G05_667150	16	33716956	33827062	13	-0.0604
COZEN_p_TCGAb56_SNP_2N_GenomeWideSNP_6_G05_667150	16	33828054	34197351	37	-0.7688
COZEN_p_TCGAb56_SNP_2N_GenomeWideSNP_6_G05_667150	16	34197602	70151560	15723	1e-04
COZEN_p_TCGAb56_SNP_2N_GenomeWideSNP_6_G05_667150	16	70152322	70197767	11	-0.9342
COZEN_p_TCGAb56_SNP_2N_GenomeWideSNP_6_G05_667150	16	70198330	74218280	2329	0.0029
COZEN_p_TCGAb56_SNP_2N_GenomeWideSNP_6_G05_667150	16	74219963	74219989	2	-2.3311
COZEN_p_TCGAb56_SNP_2N_GenomeWideSNP_6_G05_667150	16	74224878	74384258	101	-0.0107
COZEN_p_TCGAb56_SNP_2N_GenomeWideSNP_6_G05_667150	16	74397058	74456601	9	-0.9886
COZEN_p_TCGAb56_SNP_2N_GenomeWideSNP_6_G05_667150	16	74465396	90287535	13878	0.0192
COZEN_p_TCGAb56_SNP_2N_GenomeWideSNP_6_G05_667150	17	526	4371983	2367	0.0234
COZEN_p_TCGAb56_SNP_2N_GenomeWideSNP_6_G05_667150	17	4373054	4375102	5	-0.8466
COZEN_p_TCGAb56_SNP_2N_GenomeWideSNP_6_G05_667150	17	4375573	6992154	1650	0.0134
COZEN_p_TCGAb56_SNP_2N_GenomeWideSNP_6_G05_667150	17	7002401	7014495	2	-1.6068
COZEN_p_TCGAb56_SNP_2N_GenomeWideSNP_6_G05_667150	17	7015318	16701526	6498	0.0146
COZEN_p_TCGAb56_SNP_2N_GenomeWideSNP_6_G05_667150	17	16709547	16718978	3	-1.8944
COZEN_p_TCGAb56_SNP_2N_GenomeWideSNP_6_G05_667150	17	16719043	18319862	926	0.0132
COZEN_p_TCGAb56_SNP_2N_GenomeWideSNP_6_G05_667150	17	18355392	18412558	18	1.068
COZEN_p_TCGAb56_SNP_2N_GenomeWideSNP_6_G05_667150	17	18426461	34436708	6936	0.0122
COZEN_p_TCGAb56_SNP_2N_GenomeWideSNP_6_G05_667150	17	34437128	34528125	38	0.8055
COZEN_p_TCGAb56_SNP_2N_GenomeWideSNP_6_G05_667150	17	34535651	39421708	2544	0.0076
COZEN_p_TCGAb56_SNP_2N_GenomeWideSNP_6_G05_667150	17	39423014	39433541	39	-0.3424
COZEN_p_TCGAb56_SNP_2N_GenomeWideSNP_6_G05_667150	17	39438362	42688470	1739	0.005
COZEN_p_TCGAb56_SNP_2N_GenomeWideSNP_6_G05_667150	17	42692513	42697214	6	-0.8956
COZEN_p_TCGAb56_SNP_2N_GenomeWideSNP_6_G05_667150	17	42697369	43574921	403	-0.001
COZEN_p_TCGAb56_SNP_2N_GenomeWideSNP_6_G05_667150	17	43586097	43711036	23	-0.4391
COZEN_p_TCGAb56_SNP_2N_GenomeWideSNP_6_G05_667150	17	43716885	47937317	2125	0.0232
COZEN_p_TCGAb56_SNP_2N_GenomeWideSNP_6_G05_667150	17	47938473	47941873	3	-1.7504
COZEN_p_TCGAb56_SNP_2N_GenomeWideSNP_6_G05_667150	17	47942375	54159044	4186	0.0063
COZEN_p_TCGAb56_SNP_2N_GenomeWideSNP_6_G05_667150	17	54160914	54172823	28	-0.7454
COZEN_p_TCGAb56_SNP_2N_GenomeWideSNP_6_G05_667150	17	54173247	81049726	15790	0.0076
COZEN_p_TCGAb56_SNP_2N_GenomeWideSNP_6_G05_667150	18	11543	1847742	1273	-0.0014
COZEN_p_TCGAb56_SNP_2N_GenomeWideSNP_6_G05_667150	18	1852512	1855370	3	-1.2617
COZEN_p_TCGAb56_SNP_2N_GenomeWideSNP_6_G05_667150	18	1855665	56016402	33611	0.0057
COZEN_p_TCGAb56_SNP_2N_GenomeWideSNP_6_G05_667150	18	56017523	56111627	56	0.5405
COZEN_p_TCGAb56_SNP_2N_GenomeWideSNP_6_G05_667150	18	56116726	65298258	6549	-0.0025
COZEN_p_TCGAb56_SNP_2N_GenomeWideSNP_6_G05_667150	18	65304182	65312029	9	-1.0017
COZEN_p_TCGAb56_SNP_2N_GenomeWideSNP_6_G05_667150	18	65315347	66742417	1127	-0.0206
COZEN_p_TCGAb56_SNP_2N_GenomeWideSNP_6_G05_667150	18	66742755	66757709	43	-0.892
COZEN_p_TCGAb56_SNP_2N_GenomeWideSNP_6_G05_667150	18	66757750	78015057	8178	0.0148
COZEN_p_TCGAb56_SNP_2N_GenomeWideSNP_6_G05_667150	19	90910	9273800	3414	0.0066
COZEN_p_TCGAb56_SNP_2N_GenomeWideSNP_6_G05_667150	19	9274672	9278121	5	-0.9588
COZEN_p_TCGAb56_SNP_2N_GenomeWideSNP_6_G05_667150	19	9284760	12533259	1583	-0.0062
COZEN_p_TCGAb56_SNP_2N_GenomeWideSNP_6_G05_667150	19	12538765	12538882	2	-2.2119
COZEN_p_TCGAb56_SNP_2N_GenomeWideSNP_6_G05_667150	19	12539599	53316340	20776	0.0027
COZEN_p_TCGAb56_SNP_2N_GenomeWideSNP_6_G05_667150	19	53319104	53319159	2	-1.8582
COZEN_p_TCGAb56_SNP_2N_GenomeWideSNP_6_G05_667150	19	53327390	56282535	1740	-0.024
COZEN_p_TCGAb56_SNP_2N_GenomeWideSNP_6_G05_667150	19	56283029	56283067	2	-2.5364
COZEN_p_TCGAb56_SNP_2N_GenomeWideSNP_6_G05_667150	19	56286293	59097854	1850	-0.0052
COZEN_p_TCGAb56_SNP_2N_GenomeWideSNP_6_G05_667150	20	61305	1582207	1242	0.0235
COZEN_p_TCGAb56_SNP_2N_GenomeWideSNP_6_G05_667150	20	1590257	1593893	5	-2.0027
COZEN_p_TCGAb56_SNP_2N_GenomeWideSNP_6_G05_667150	20	1597946	21654347	15654	0.0105
COZEN_p_TCGAb56_SNP_2N_GenomeWideSNP_6_G05_667150	20	21660309	21662517	2	-1.437
COZEN_p_TCGAb56_SNP_2N_GenomeWideSNP_6_G05_667150	20	21662974	23779830	1648	0.0129
COZEN_p_TCGAb56_SNP_2N_GenomeWideSNP_6_G05_667150	20	23780296	23785257	3	-1.4453
COZEN_p_TCGAb56_SNP_2N_GenomeWideSNP_6_G05_667150	20	23785426	37085992	5333	-0.003
COZEN_p_TCGAb56_SNP_2N_GenomeWideSNP_6_G05_667150	20	37086360	37086540	2	1.6846
COZEN_p_TCGAb56_SNP_2N_GenomeWideSNP_6_G05_667150	20	37095423	60548170	17648	0.0073
COZEN_p_TCGAb56_SNP_2N_GenomeWideSNP_6_G05_667150	20	60559028	60559084	3	1.2327
COZEN_p_TCGAb56_SNP_2N_GenomeWideSNP_6_G05_667150	20	60567750	62916068	973	0.0256
COZEN_p_TCGAb56_SNP_2N_GenomeWideSNP_6_G05_667150	20	62954695	62956153	5	1.2139
COZEN_p_TCGAb56_SNP_2N_GenomeWideSNP_6_G05_667150	21	10736871	14446712	130	-0.0308
COZEN_p_TCGAb56_SNP_2N_GenomeWideSNP_6_G05_667150	21	14452862	14541369	17	-1.5189
COZEN_p_TCGAb56_SNP_2N_GenomeWideSNP_6_G05_667150	21	14549965	48096957	24280	3e-04
COZEN_p_TCGAb56_SNP_2N_GenomeWideSNP_6_G05_667150	22	16052528	16205766	20	-0.4174
COZEN_p_TCGAb56_SNP_2N_GenomeWideSNP_6_G05_667150	22	16205811	18810094	1205	-0.0235
COZEN_p_TCGAb56_SNP_2N_GenomeWideSNP_6_G05_667150	22	18810110	19006125	98	0.5275
COZEN_p_TCGAb56_SNP_2N_GenomeWideSNP_6_G05_667150	22	19006984	24337949	3300	0.022
COZEN_p_TCGAb56_SNP_2N_GenomeWideSNP_6_G05_667150	22	24344422	24396814	20	-1.9199
COZEN_p_TCGAb56_SNP_2N_GenomeWideSNP_6_G05_667150	22	24401529	36443675	9147	-0.0022
COZEN_p_TCGAb56_SNP_2N_GenomeWideSNP_6_G05_667150	22	36444188	36445516	3	-1.4286
COZEN_p_TCGAb56_SNP_2N_GenomeWideSNP_6_G05_667150	22	36445533	42897282	3647	7e-04
COZEN_p_TCGAb56_SNP_2N_GenomeWideSNP_6_G05_667150	22	42899440	42934462	21	0.4805
COZEN_p_TCGAb56_SNP_2N_GenomeWideSNP_6_G05_667150	22	42942962	45133340	1637	0.0088
COZEN_p_TCGAb56_SNP_2N_GenomeWideSNP_6_G05_667150	22	45135806	45136635	3	-2.06
COZEN_p_TCGAb56_SNP_2N_GenomeWideSNP_6_G05_667150	22	45136906	51234455	4472	0.0159
COZEN_p_TCGAb56_SNP_2N_GenomeWideSNP_6_G05_667150	X	168477	356295	10	0.0598
COZEN_p_TCGAb56_SNP_2N_GenomeWideSNP_6_G05_667150	X	377876	401522	6	-1.0025
COZEN_p_TCGAb56_SNP_2N_GenomeWideSNP_6_G05_667150	X	401599	9499001	5239	-0.004
COZEN_p_TCGAb56_SNP_2N_GenomeWideSNP_6_G05_667150	X	9499038	9501285	2	-1.9263
COZEN_p_TCGAb56_SNP_2N_GenomeWideSNP_6_G05_667150	X	9504594	9952077	391	0.004
COZEN_p_TCGAb56_SNP_2N_GenomeWideSNP_6_G05_667150	X	9955774	9956844	2	-1.8468
COZEN_p_TCGAb56_SNP_2N_GenomeWideSNP_6_G05_667150	X	9957035	22873915	8183	0.0129
COZEN_p_TCGAb56_SNP_2N_GenomeWideSNP_6_G05_667150	X	22873931	22873945	2	-4.0489
COZEN_p_TCGAb56_SNP_2N_GenomeWideSNP_6_G05_667150	X	22880337	32983945	6775	0.0014
COZEN_p_TCGAb56_SNP_2N_GenomeWideSNP_6_G05_667150	X	32987454	32987615	2	-1.7391
COZEN_p_TCGAb56_SNP_2N_GenomeWideSNP_6_G05_667150	X	32988258	55701259	11731	0.0048
COZEN_p_TCGAb56_SNP_2N_GenomeWideSNP_6_G05_667150	X	55702659	55707556	3	-1.5268
COZEN_p_TCGAb56_SNP_2N_GenomeWideSNP_6_G05_667150	X	55707686	57742331	1078	0.0272
COZEN_p_TCGAb56_SNP_2N_GenomeWideSNP_6_G05_667150	X	57746638	57751855	2	1.8291
COZEN_p_TCGAb56_SNP_2N_GenomeWideSNP_6_G05_667150	X	57758527	62410253	405	0.0028
COZEN_p_TCGAb56_SNP_2N_GenomeWideSNP_6_G05_667150	X	62410260	62410341	3	1.219
COZEN_p_TCGAb56_SNP_2N_GenomeWideSNP_6_G05_667150	X	62410402	65472730	1263	0.0156
COZEN_p_TCGAb56_SNP_2N_GenomeWideSNP_6_G05_667150	X	65473067	65473423	2	-1.9092
COZEN_p_TCGAb56_SNP_2N_GenomeWideSNP_6_G05_667150	X	65473867	88974207	11891	0.0156
COZEN_p_TCGAb56_SNP_2N_GenomeWideSNP_6_G05_667150	X	88976824	88981409	2	-1.7918
COZEN_p_TCGAb56_SNP_2N_GenomeWideSNP_6_G05_667150	X	88983271	140647123	28644	0.0112
COZEN_p_TCGAb56_SNP_2N_GenomeWideSNP_6_G05_667150	X	140647163	140666298	2	-2.0064
COZEN_p_TCGAb56_SNP_2N_GenomeWideSNP_6_G05_667150	X	140673384	148643710	5634	0.0092
COZEN_p_TCGAb56_SNP_2N_GenomeWideSNP_6_G05_667150	X	148644546	148654489	9	-0.8754
COZEN_p_TCGAb56_SNP_2N_GenomeWideSNP_6_G05_667150	X	148686062	148875597	84	-0.0017
COZEN_p_TCGAb56_SNP_2N_GenomeWideSNP_6_G05_667150	X	148884281	149103220	70	0.5372
COZEN_p_TCGAb56_SNP_2N_GenomeWideSNP_6_G05_667150	X	149105779	152493575	2120	0.0177
COZEN_p_TCGAb56_SNP_2N_GenomeWideSNP_6_G05_667150	X	152496692	152498756	4	-1.1684
COZEN_p_TCGAb56_SNP_2N_GenomeWideSNP_6_G05_667150	X	152499989	155182354	1082	0.0128
COZEN_p_TCGAb56_SNP_2N_GenomeWideSNP_6_G05_667150	Y	2650438	59018259	8634	-0.8861
