Sample	Chromosome	Start	End	Num_Probes	Segment_Mean
COZEN_p_TCGAb56_SNP_2N_GenomeWideSNP_6_B12_667076	1	61735	98602	17	0.4687
COZEN_p_TCGAb56_SNP_2N_GenomeWideSNP_6_B12_667076	1	228706	4280827	1253	-0.0024
COZEN_p_TCGAb56_SNP_2N_GenomeWideSNP_6_B12_667076	1	4281160	4302080	17	-1.0809
COZEN_p_TCGAb56_SNP_2N_GenomeWideSNP_6_B12_667076	1	4308903	4662532	379	0.0076
COZEN_p_TCGAb56_SNP_2N_GenomeWideSNP_6_B12_667076	1	4665232	4665415	2	1.3401
COZEN_p_TCGAb56_SNP_2N_GenomeWideSNP_6_B12_667076	1	4665960	16909609	7068	0.0103
COZEN_p_TCGAb56_SNP_2N_GenomeWideSNP_6_B12_667076	1	16921719	17048479	72	0.6242
COZEN_p_TCGAb56_SNP_2N_GenomeWideSNP_6_B12_667076	1	17056457	17114712	20	-0.5488
COZEN_p_TCGAb56_SNP_2N_GenomeWideSNP_6_B12_667076	1	17177045	17262247	66	0.3905
COZEN_p_TCGAb56_SNP_2N_GenomeWideSNP_6_B12_667076	1	17276241	25595881	5272	0.011
COZEN_p_TCGAb56_SNP_2N_GenomeWideSNP_6_B12_667076	1	25595947	25678084	33	0.5334
COZEN_p_TCGAb56_SNP_2N_GenomeWideSNP_6_B12_667076	1	25678362	104163787	49009	0.0078
COZEN_p_TCGAb56_SNP_2N_GenomeWideSNP_6_B12_667076	1	104178038	104225557	11	0.9537
COZEN_p_TCGAb56_SNP_2N_GenomeWideSNP_6_B12_667076	1	104225568	104257579	9	0.4815
COZEN_p_TCGAb56_SNP_2N_GenomeWideSNP_6_B12_667076	1	104259444	104260032	2	-2.6235
COZEN_p_TCGAb56_SNP_2N_GenomeWideSNP_6_B12_667076	1	104260239	104303403	4	0.6262
COZEN_p_TCGAb56_SNP_2N_GenomeWideSNP_6_B12_667076	1	104303501	104958118	363	0.0191
COZEN_p_TCGAb56_SNP_2N_GenomeWideSNP_6_B12_667076	1	104959158	104959269	3	-1.322
COZEN_p_TCGAb56_SNP_2N_GenomeWideSNP_6_B12_667076	1	104962855	106019205	553	0.0129
COZEN_p_TCGAb56_SNP_2N_GenomeWideSNP_6_B12_667076	1	106019236	106022375	16	0.8879
COZEN_p_TCGAb56_SNP_2N_GenomeWideSNP_6_B12_667076	1	106024055	110232974	2672	0.0129
COZEN_p_TCGAb56_SNP_2N_GenomeWideSNP_6_B12_667076	1	110233037	110242953	17	0.8242
COZEN_p_TCGAb56_SNP_2N_GenomeWideSNP_6_B12_667076	1	110244998	111377565	842	5e-04
COZEN_p_TCGAb56_SNP_2N_GenomeWideSNP_6_B12_667076	1	111377568	111388226	37	-0.85
COZEN_p_TCGAb56_SNP_2N_GenomeWideSNP_6_B12_667076	1	111392067	115191447	2598	0.0079
COZEN_p_TCGAb56_SNP_2N_GenomeWideSNP_6_B12_667076	1	115194657	115196166	4	-1.0231
COZEN_p_TCGAb56_SNP_2N_GenomeWideSNP_6_B12_667076	1	115198031	144034097	3709	0.0101
COZEN_p_TCGAb56_SNP_2N_GenomeWideSNP_6_B12_667076	1	144034114	144593253	37	0.2908
COZEN_p_TCGAb56_SNP_2N_GenomeWideSNP_6_B12_667076	1	144842558	152555176	2800	0.0291
COZEN_p_TCGAb56_SNP_2N_GenomeWideSNP_6_B12_667076	1	152555527	152556414	8	0.9564
COZEN_p_TCGAb56_SNP_2N_GenomeWideSNP_6_B12_667076	1	152560284	152571169	5	0.2659
COZEN_p_TCGAb56_SNP_2N_GenomeWideSNP_6_B12_667076	1	152571360	152586594	23	1.0601
COZEN_p_TCGAb56_SNP_2N_GenomeWideSNP_6_B12_667076	1	152590494	152763069	191	0.0133
COZEN_p_TCGAb56_SNP_2N_GenomeWideSNP_6_B12_667076	1	152767467	152768700	17	0.4818
COZEN_p_TCGAb56_SNP_2N_GenomeWideSNP_6_B12_667076	1	152773905	179323738	17977	0.0111
COZEN_p_TCGAb56_SNP_2N_GenomeWideSNP_6_B12_667076	1	179330528	179333315	4	-1.1715
COZEN_p_TCGAb56_SNP_2N_GenomeWideSNP_6_B12_667076	1	179339206	194448234	10127	0.0083
COZEN_p_TCGAb56_SNP_2N_GenomeWideSNP_6_B12_667076	1	194451411	194455018	2	1.7619
COZEN_p_TCGAb56_SNP_2N_GenomeWideSNP_6_B12_667076	1	194457016	196714873	1454	0.0117
COZEN_p_TCGAb56_SNP_2N_GenomeWideSNP_6_B12_667076	1	196727850	196801850	90	-0.666
COZEN_p_TCGAb56_SNP_2N_GenomeWideSNP_6_B12_667076	1	196801987	203955161	4600	0.0024
COZEN_p_TCGAb56_SNP_2N_GenomeWideSNP_6_B12_667076	1	203955941	203955957	2	-1.7633
COZEN_p_TCGAb56_SNP_2N_GenomeWideSNP_6_B12_667076	1	203956097	210071062	4228	0.0061
COZEN_p_TCGAb56_SNP_2N_GenomeWideSNP_6_B12_667076	1	210081613	210083984	3	-2.4803
COZEN_p_TCGAb56_SNP_2N_GenomeWideSNP_6_B12_667076	1	210086552	248601320	26922	0.0054
COZEN_p_TCGAb56_SNP_2N_GenomeWideSNP_6_B12_667076	1	248605752	248638626	13	0.5122
COZEN_p_TCGAb56_SNP_2N_GenomeWideSNP_6_B12_667076	1	248641192	248736075	24	0.0528
COZEN_p_TCGAb56_SNP_2N_GenomeWideSNP_6_B12_667076	1	248737447	248795289	31	-0.7593
COZEN_p_TCGAb56_SNP_2N_GenomeWideSNP_6_B12_667076	1	248795852	249224388	148	-0.0192
COZEN_p_TCGAb56_SNP_2N_GenomeWideSNP_6_B12_667076	2	12784	34691069	24118	0.0039
COZEN_p_TCGAb56_SNP_2N_GenomeWideSNP_6_B12_667076	2	34699315	34737057	46	0.7672
COZEN_p_TCGAb56_SNP_2N_GenomeWideSNP_6_B12_667076	2	34737163	37986276	2464	0.0069
COZEN_p_TCGAb56_SNP_2N_GenomeWideSNP_6_B12_667076	2	37987124	38002338	14	-0.5259
COZEN_p_TCGAb56_SNP_2N_GenomeWideSNP_6_B12_667076	2	38002857	38249491	210	-0.0141
COZEN_p_TCGAb56_SNP_2N_GenomeWideSNP_6_B12_667076	2	38251187	38251872	4	-0.8913
COZEN_p_TCGAb56_SNP_2N_GenomeWideSNP_6_B12_667076	2	38253559	38489617	232	0.0064
COZEN_p_TCGAb56_SNP_2N_GenomeWideSNP_6_B12_667076	2	38491433	38491511	3	-0.8203
COZEN_p_TCGAb56_SNP_2N_GenomeWideSNP_6_B12_667076	2	38491993	41238235	1905	0.0072
COZEN_p_TCGAb56_SNP_2N_GenomeWideSNP_6_B12_667076	2	41238443	41245887	23	-0.6039
COZEN_p_TCGAb56_SNP_2N_GenomeWideSNP_6_B12_667076	2	41251233	44696662	2473	0.0082
COZEN_p_TCGAb56_SNP_2N_GenomeWideSNP_6_B12_667076	2	44702785	44702978	2	-1.1825
COZEN_p_TCGAb56_SNP_2N_GenomeWideSNP_6_B12_667076	2	44704795	44824720	86	0.0316
COZEN_p_TCGAb56_SNP_2N_GenomeWideSNP_6_B12_667076	2	44826839	44828735	3	-0.7767
COZEN_p_TCGAb56_SNP_2N_GenomeWideSNP_6_B12_667076	2	44832451	49533042	3346	0.0107
COZEN_p_TCGAb56_SNP_2N_GenomeWideSNP_6_B12_667076	2	49535768	49541190	5	-1.2561
COZEN_p_TCGAb56_SNP_2N_GenomeWideSNP_6_B12_667076	2	49545041	52758753	2290	0.0065
COZEN_p_TCGAb56_SNP_2N_GenomeWideSNP_6_B12_667076	2	52758768	52781397	27	0.5116
COZEN_p_TCGAb56_SNP_2N_GenomeWideSNP_6_B12_667076	2	52781412	74956973	14164	0.0062
COZEN_p_TCGAb56_SNP_2N_GenomeWideSNP_6_B12_667076	2	74959556	74960938	3	-1.3838
COZEN_p_TCGAb56_SNP_2N_GenomeWideSNP_6_B12_667076	2	74964553	77976748	2161	4e-04
COZEN_p_TCGAb56_SNP_2N_GenomeWideSNP_6_B12_667076	2	77977178	77977226	4	-1.5241
COZEN_p_TCGAb56_SNP_2N_GenomeWideSNP_6_B12_667076	2	77986678	87128201	5691	-0.0015
COZEN_p_TCGAb56_SNP_2N_GenomeWideSNP_6_B12_667076	2	87129203	87137385	2	-2.5395
COZEN_p_TCGAb56_SNP_2N_GenomeWideSNP_6_B12_667076	2	87161853	132219998	22478	0.0037
COZEN_p_TCGAb56_SNP_2N_GenomeWideSNP_6_B12_667076	2	132221406	132226368	5	-1.6075
COZEN_p_TCGAb56_SNP_2N_GenomeWideSNP_6_B12_667076	2	132226792	138506279	4000	0.0071
COZEN_p_TCGAb56_SNP_2N_GenomeWideSNP_6_B12_667076	2	138509193	138512353	7	-1.0825
COZEN_p_TCGAb56_SNP_2N_GenomeWideSNP_6_B12_667076	2	138515452	138704792	133	0.0074
COZEN_p_TCGAb56_SNP_2N_GenomeWideSNP_6_B12_667076	2	138705038	138707313	4	-0.9465
COZEN_p_TCGAb56_SNP_2N_GenomeWideSNP_6_B12_667076	2	138707686	146862085	5009	0.0105
COZEN_p_TCGAb56_SNP_2N_GenomeWideSNP_6_B12_667076	2	146864404	146866934	24	0.7656
COZEN_p_TCGAb56_SNP_2N_GenomeWideSNP_6_B12_667076	2	146877806	151659387	2660	0.0064
COZEN_p_TCGAb56_SNP_2N_GenomeWideSNP_6_B12_667076	2	151660791	151661321	3	-1.1032
COZEN_p_TCGAb56_SNP_2N_GenomeWideSNP_6_B12_667076	2	151666998	170813499	11750	0.0056
COZEN_p_TCGAb56_SNP_2N_GenomeWideSNP_6_B12_667076	2	170817399	170821799	4	-1.1838
COZEN_p_TCGAb56_SNP_2N_GenomeWideSNP_6_B12_667076	2	170823610	180418333	6115	0.0071
COZEN_p_TCGAb56_SNP_2N_GenomeWideSNP_6_B12_667076	2	180418388	180422137	28	-2.8314
COZEN_p_TCGAb56_SNP_2N_GenomeWideSNP_6_B12_667076	2	180425643	185244063	3109	1e-04
COZEN_p_TCGAb56_SNP_2N_GenomeWideSNP_6_B12_667076	2	185257053	185261472	8	-0.3427
COZEN_p_TCGAb56_SNP_2N_GenomeWideSNP_6_B12_667076	2	185261475	185264829	7	-0.7958
COZEN_p_TCGAb56_SNP_2N_GenomeWideSNP_6_B12_667076	2	185264965	194687745	5231	0.003
COZEN_p_TCGAb56_SNP_2N_GenomeWideSNP_6_B12_667076	2	194690304	194693798	2	1.4892
COZEN_p_TCGAb56_SNP_2N_GenomeWideSNP_6_B12_667076	2	194702314	205515322	6209	0.0152
COZEN_p_TCGAb56_SNP_2N_GenomeWideSNP_6_B12_667076	2	205518725	205520190	2	-1.4693
COZEN_p_TCGAb56_SNP_2N_GenomeWideSNP_6_B12_667076	2	205523721	243089456	24062	0.0044
COZEN_p_TCGAb56_SNP_2N_GenomeWideSNP_6_B12_667076	3	60345	224602	157	0.0137
COZEN_p_TCGAb56_SNP_2N_GenomeWideSNP_6_B12_667076	3	230022	232639	3	-4.0852
COZEN_p_TCGAb56_SNP_2N_GenomeWideSNP_6_B12_667076	3	232800	11408063	9431	0.0148
COZEN_p_TCGAb56_SNP_2N_GenomeWideSNP_6_B12_667076	3	11412604	11413400	4	-1.4023
COZEN_p_TCGAb56_SNP_2N_GenomeWideSNP_6_B12_667076	3	11417265	46793377	23672	0.0038
COZEN_p_TCGAb56_SNP_2N_GenomeWideSNP_6_B12_667076	3	46801817	46849179	39	-2.8113
COZEN_p_TCGAb56_SNP_2N_GenomeWideSNP_6_B12_667076	3	46849589	62174753	9518	0.0076
COZEN_p_TCGAb56_SNP_2N_GenomeWideSNP_6_B12_667076	3	62176917	62177258	6	-0.8536
COZEN_p_TCGAb56_SNP_2N_GenomeWideSNP_6_B12_667076	3	62177399	68746164	5056	0.0124
COZEN_p_TCGAb56_SNP_2N_GenomeWideSNP_6_B12_667076	3	68746259	68747413	14	0.9197
COZEN_p_TCGAb56_SNP_2N_GenomeWideSNP_6_B12_667076	3	68748758	75568549	4940	0.0022
COZEN_p_TCGAb56_SNP_2N_GenomeWideSNP_6_B12_667076	3	75572549	75608639	9	0.6843
COZEN_p_TCGAb56_SNP_2N_GenomeWideSNP_6_B12_667076	3	75613174	125712339	27442	0.0077
COZEN_p_TCGAb56_SNP_2N_GenomeWideSNP_6_B12_667076	3	125712563	125712756	6	1.0878
COZEN_p_TCGAb56_SNP_2N_GenomeWideSNP_6_B12_667076	3	125712940	133374229	4755	0.0035
COZEN_p_TCGAb56_SNP_2N_GenomeWideSNP_6_B12_667076	3	133375081	133375337	2	-1.0801
COZEN_p_TCGAb56_SNP_2N_GenomeWideSNP_6_B12_667076	3	133375645	134594419	783	0.0204
COZEN_p_TCGAb56_SNP_2N_GenomeWideSNP_6_B12_667076	3	134594516	134594865	2	-2.0688
COZEN_p_TCGAb56_SNP_2N_GenomeWideSNP_6_B12_667076	3	134594886	145633406	6774	0.0049
COZEN_p_TCGAb56_SNP_2N_GenomeWideSNP_6_B12_667076	3	145641922	145644336	8	-0.9538
COZEN_p_TCGAb56_SNP_2N_GenomeWideSNP_6_B12_667076	3	145651666	154493381	5520	0.0094
COZEN_p_TCGAb56_SNP_2N_GenomeWideSNP_6_B12_667076	3	154494952	154495953	5	-1.7422
COZEN_p_TCGAb56_SNP_2N_GenomeWideSNP_6_B12_667076	3	154496091	162540009	4886	0.0031
COZEN_p_TCGAb56_SNP_2N_GenomeWideSNP_6_B12_667076	3	162540473	162540490	2	2.2624
COZEN_p_TCGAb56_SNP_2N_GenomeWideSNP_6_B12_667076	3	162545716	162592358	25	-0.0699
COZEN_p_TCGAb56_SNP_2N_GenomeWideSNP_6_B12_667076	3	162593624	162626603	25	-0.4663
COZEN_p_TCGAb56_SNP_2N_GenomeWideSNP_6_B12_667076	3	162628614	192877902	19200	0.0082
COZEN_p_TCGAb56_SNP_2N_GenomeWideSNP_6_B12_667076	3	192877962	192882903	19	0.8326
COZEN_p_TCGAb56_SNP_2N_GenomeWideSNP_6_B12_667076	3	192886435	197896118	2708	0.0127
COZEN_p_TCGAb56_SNP_2N_GenomeWideSNP_6_B12_667076	4	12281	3599450	1511	0.0108
COZEN_p_TCGAb56_SNP_2N_GenomeWideSNP_6_B12_667076	4	3599869	3602184	2	-2.0042
COZEN_p_TCGAb56_SNP_2N_GenomeWideSNP_6_B12_667076	4	3609390	9456977	3738	0.0039
COZEN_p_TCGAb56_SNP_2N_GenomeWideSNP_6_B12_667076	4	9461230	9478849	6	1.8802
COZEN_p_TCGAb56_SNP_2N_GenomeWideSNP_6_B12_667076	4	9479035	10210390	549	0.0287
COZEN_p_TCGAb56_SNP_2N_GenomeWideSNP_6_B12_667076	4	10223416	10235268	35	-2.0743
COZEN_p_TCGAb56_SNP_2N_GenomeWideSNP_6_B12_667076	4	10236142	10392354	172	-0.0112
COZEN_p_TCGAb56_SNP_2N_GenomeWideSNP_6_B12_667076	4	10393154	10402718	16	0.3807
COZEN_p_TCGAb56_SNP_2N_GenomeWideSNP_6_B12_667076	4	10402746	19985664	7083	0.0112
COZEN_p_TCGAb56_SNP_2N_GenomeWideSNP_6_B12_667076	4	19986986	19995494	6	-0.9985
COZEN_p_TCGAb56_SNP_2N_GenomeWideSNP_6_B12_667076	4	19999470	21291381	885	0.0114
COZEN_p_TCGAb56_SNP_2N_GenomeWideSNP_6_B12_667076	4	21292213	21292412	2	1.1994
COZEN_p_TCGAb56_SNP_2N_GenomeWideSNP_6_B12_667076	4	21300709	21368693	51	-0.0287
COZEN_p_TCGAb56_SNP_2N_GenomeWideSNP_6_B12_667076	4	21372003	21376851	15	-0.5977
COZEN_p_TCGAb56_SNP_2N_GenomeWideSNP_6_B12_667076	4	21383740	34786990	8775	0.01
COZEN_p_TCGAb56_SNP_2N_GenomeWideSNP_6_B12_667076	4	34787149	34824725	35	0.4232
COZEN_p_TCGAb56_SNP_2N_GenomeWideSNP_6_B12_667076	4	34829872	49267848	8988	0.0052
COZEN_p_TCGAb56_SNP_2N_GenomeWideSNP_6_B12_667076	4	49291192	49291355	2	-1.5285
COZEN_p_TCGAb56_SNP_2N_GenomeWideSNP_6_B12_667076	4	49297220	57529586	3213	0.0026
COZEN_p_TCGAb56_SNP_2N_GenomeWideSNP_6_B12_667076	4	57530631	57545031	16	-0.708
COZEN_p_TCGAb56_SNP_2N_GenomeWideSNP_6_B12_667076	4	57548283	69284591	7270	0.0109
COZEN_p_TCGAb56_SNP_2N_GenomeWideSNP_6_B12_667076	4	69288138	69288142	3	-1.7824
COZEN_p_TCGAb56_SNP_2N_GenomeWideSNP_6_B12_667076	4	69294799	70127652	411	-0.0318
COZEN_p_TCGAb56_SNP_2N_GenomeWideSNP_6_B12_667076	4	70128412	70231799	52	-0.7481
COZEN_p_TCGAb56_SNP_2N_GenomeWideSNP_6_B12_667076	4	70232022	73491515	1931	0.0087
COZEN_p_TCGAb56_SNP_2N_GenomeWideSNP_6_B12_667076	4	73491578	73497450	10	-0.6086
COZEN_p_TCGAb56_SNP_2N_GenomeWideSNP_6_B12_667076	4	73497680	86975223	8514	0.0075
COZEN_p_TCGAb56_SNP_2N_GenomeWideSNP_6_B12_667076	4	86976094	86979944	20	-0.7551
COZEN_p_TCGAb56_SNP_2N_GenomeWideSNP_6_B12_667076	4	86980089	92470003	3376	0.0155
COZEN_p_TCGAb56_SNP_2N_GenomeWideSNP_6_B12_667076	4	92473314	92478321	6	-1.2008
COZEN_p_TCGAb56_SNP_2N_GenomeWideSNP_6_B12_667076	4	92481361	133189144	24092	0.0075
COZEN_p_TCGAb56_SNP_2N_GenomeWideSNP_6_B12_667076	4	133198332	133198641	2	-2.0527
COZEN_p_TCGAb56_SNP_2N_GenomeWideSNP_6_B12_667076	4	133199152	144711611	7128	0.0088
COZEN_p_TCGAb56_SNP_2N_GenomeWideSNP_6_B12_667076	4	144711897	144715349	6	-0.8683
COZEN_p_TCGAb56_SNP_2N_GenomeWideSNP_6_B12_667076	4	144715365	173422522	17739	0.0113
COZEN_p_TCGAb56_SNP_2N_GenomeWideSNP_6_B12_667076	4	173424947	173428643	7	0.8113
COZEN_p_TCGAb56_SNP_2N_GenomeWideSNP_6_B12_667076	4	173441132	178596531	3093	0.004
COZEN_p_TCGAb56_SNP_2N_GenomeWideSNP_6_B12_667076	4	178596545	178609713	41	-0.877
COZEN_p_TCGAb56_SNP_2N_GenomeWideSNP_6_B12_667076	4	178612025	189221258	7580	0.0032
COZEN_p_TCGAb56_SNP_2N_GenomeWideSNP_6_B12_667076	4	189221360	189221439	4	1.2623
COZEN_p_TCGAb56_SNP_2N_GenomeWideSNP_6_B12_667076	4	189222813	191027923	1176	0.0184
COZEN_p_TCGAb56_SNP_2N_GenomeWideSNP_6_B12_667076	5	15532	661823	297	-0.0035
COZEN_p_TCGAb56_SNP_2N_GenomeWideSNP_6_B12_667076	5	667450	667509	3	-1.1122
COZEN_p_TCGAb56_SNP_2N_GenomeWideSNP_6_B12_667076	5	670745	722205	15	0.1173
COZEN_p_TCGAb56_SNP_2N_GenomeWideSNP_6_B12_667076	5	722396	866430	54	0.5653
COZEN_p_TCGAb56_SNP_2N_GenomeWideSNP_6_B12_667076	5	866795	2912375	1490	0
COZEN_p_TCGAb56_SNP_2N_GenomeWideSNP_6_B12_667076	5	2915423	2915811	3	-1.422
COZEN_p_TCGAb56_SNP_2N_GenomeWideSNP_6_B12_667076	5	2918656	4662521	1603	0.0098
COZEN_p_TCGAb56_SNP_2N_GenomeWideSNP_6_B12_667076	5	4664457	4664870	3	1.3464
COZEN_p_TCGAb56_SNP_2N_GenomeWideSNP_6_B12_667076	5	4665178	5106180	382	0.0129
COZEN_p_TCGAb56_SNP_2N_GenomeWideSNP_6_B12_667076	5	5108100	5108215	2	-1.4184
COZEN_p_TCGAb56_SNP_2N_GenomeWideSNP_6_B12_667076	5	5110282	10884950	5014	0.0132
COZEN_p_TCGAb56_SNP_2N_GenomeWideSNP_6_B12_667076	5	10885370	10885408	2	-1.1476
COZEN_p_TCGAb56_SNP_2N_GenomeWideSNP_6_B12_667076	5	10885474	11836031	814	0.0152
COZEN_p_TCGAb56_SNP_2N_GenomeWideSNP_6_B12_667076	5	11838094	11838419	3	-0.8995
COZEN_p_TCGAb56_SNP_2N_GenomeWideSNP_6_B12_667076	5	11839171	12819313	544	0.0144
COZEN_p_TCGAb56_SNP_2N_GenomeWideSNP_6_B12_667076	5	12819375	12826650	8	0.7207
COZEN_p_TCGAb56_SNP_2N_GenomeWideSNP_6_B12_667076	5	12833857	15719350	1982	0.0176
COZEN_p_TCGAb56_SNP_2N_GenomeWideSNP_6_B12_667076	5	15720075	15720597	9	-0.835
COZEN_p_TCGAb56_SNP_2N_GenomeWideSNP_6_B12_667076	5	15723346	21376844	3508	0.0143
COZEN_p_TCGAb56_SNP_2N_GenomeWideSNP_6_B12_667076	5	21377839	21377853	2	-1.814
COZEN_p_TCGAb56_SNP_2N_GenomeWideSNP_6_B12_667076	5	21386066	34600016	8241	0.0144
COZEN_p_TCGAb56_SNP_2N_GenomeWideSNP_6_B12_667076	5	34600047	34600082	3	-1.2766
COZEN_p_TCGAb56_SNP_2N_GenomeWideSNP_6_B12_667076	5	34600263	57326163	11932	0.0107
COZEN_p_TCGAb56_SNP_2N_GenomeWideSNP_6_B12_667076	5	57326280	57330319	11	-0.6518
COZEN_p_TCGAb56_SNP_2N_GenomeWideSNP_6_B12_667076	5	57330334	68846303	7324	2e-04
COZEN_p_TCGAb56_SNP_2N_GenomeWideSNP_6_B12_667076	5	68867294	69074977	2	2.7407
COZEN_p_TCGAb56_SNP_2N_GenomeWideSNP_6_B12_667076	5	69074991	180790320	69938	0.0078
COZEN_p_TCGAb56_SNP_2N_GenomeWideSNP_6_B12_667076	6	149661	29837072	21753	0.0081
COZEN_p_TCGAb56_SNP_2N_GenomeWideSNP_6_B12_667076	6	29837187	29901576	37	0.7464
COZEN_p_TCGAb56_SNP_2N_GenomeWideSNP_6_B12_667076	6	29908469	31286305	654	0.0237
COZEN_p_TCGAb56_SNP_2N_GenomeWideSNP_6_B12_667076	6	31286531	31295406	5	-2.357
COZEN_p_TCGAb56_SNP_2N_GenomeWideSNP_6_B12_667076	6	31295953	32587457	559	0.0041
COZEN_p_TCGAb56_SNP_2N_GenomeWideSNP_6_B12_667076	6	32593021	32601317	6	-1.4697
COZEN_p_TCGAb56_SNP_2N_GenomeWideSNP_6_B12_667076	6	32602107	32690027	60	0.1727
COZEN_p_TCGAb56_SNP_2N_GenomeWideSNP_6_B12_667076	6	32690797	32690830	3	1.4384
COZEN_p_TCGAb56_SNP_2N_GenomeWideSNP_6_B12_667076	6	32692227	33937999	762	0.0185
COZEN_p_TCGAb56_SNP_2N_GenomeWideSNP_6_B12_667076	6	33938743	33942705	7	-1.3125
COZEN_p_TCGAb56_SNP_2N_GenomeWideSNP_6_B12_667076	6	33944586	35751895	945	0.015
COZEN_p_TCGAb56_SNP_2N_GenomeWideSNP_6_B12_667076	6	35752268	35757078	5	-0.6001
COZEN_p_TCGAb56_SNP_2N_GenomeWideSNP_6_B12_667076	6	35757299	36197704	237	0.0075
COZEN_p_TCGAb56_SNP_2N_GenomeWideSNP_6_B12_667076	6	36202561	36208483	9	-1.1187
COZEN_p_TCGAb56_SNP_2N_GenomeWideSNP_6_B12_667076	6	36209623	44642696	5631	0.0037
COZEN_p_TCGAb56_SNP_2N_GenomeWideSNP_6_B12_667076	6	44643163	44643732	2	-1.5842
COZEN_p_TCGAb56_SNP_2N_GenomeWideSNP_6_B12_667076	6	44645736	53931151	6104	0.0042
COZEN_p_TCGAb56_SNP_2N_GenomeWideSNP_6_B12_667076	6	53931230	53931855	6	1.2447
COZEN_p_TCGAb56_SNP_2N_GenomeWideSNP_6_B12_667076	6	53935348	67122269	5575	0.0103
COZEN_p_TCGAb56_SNP_2N_GenomeWideSNP_6_B12_667076	6	67122495	67123827	7	-0.8983
COZEN_p_TCGAb56_SNP_2N_GenomeWideSNP_6_B12_667076	6	67126456	74591858	4946	0.0037
COZEN_p_TCGAb56_SNP_2N_GenomeWideSNP_6_B12_667076	6	74592225	74601410	10	1.039
COZEN_p_TCGAb56_SNP_2N_GenomeWideSNP_6_B12_667076	6	74603555	77436532	1768	-0.0049
COZEN_p_TCGAb56_SNP_2N_GenomeWideSNP_6_B12_667076	6	77439868	77452689	20	-0.5534
COZEN_p_TCGAb56_SNP_2N_GenomeWideSNP_6_B12_667076	6	77452757	78008988	339	-0.0233
COZEN_p_TCGAb56_SNP_2N_GenomeWideSNP_6_B12_667076	6	78010767	78011402	3	-1.1106
COZEN_p_TCGAb56_SNP_2N_GenomeWideSNP_6_B12_667076	6	78014155	78962889	639	-0.0099
COZEN_p_TCGAb56_SNP_2N_GenomeWideSNP_6_B12_667076	6	78969065	79039234	114	0.5683
COZEN_p_TCGAb56_SNP_2N_GenomeWideSNP_6_B12_667076	6	79041633	86539697	4760	0.0068
COZEN_p_TCGAb56_SNP_2N_GenomeWideSNP_6_B12_667076	6	86547092	86566463	5	-0.8849
COZEN_p_TCGAb56_SNP_2N_GenomeWideSNP_6_B12_667076	6	86574539	93574342	4483	0.0074
COZEN_p_TCGAb56_SNP_2N_GenomeWideSNP_6_B12_667076	6	93575866	93578630	31	-0.951
COZEN_p_TCGAb56_SNP_2N_GenomeWideSNP_6_B12_667076	6	93582923	102447575	5475	-0.0014
COZEN_p_TCGAb56_SNP_2N_GenomeWideSNP_6_B12_667076	6	102449026	102449826	2	-1.292
COZEN_p_TCGAb56_SNP_2N_GenomeWideSNP_6_B12_667076	6	102454545	103734829	744	-0.0047
COZEN_p_TCGAb56_SNP_2N_GenomeWideSNP_6_B12_667076	6	103737976	103762061	46	0.6826
COZEN_p_TCGAb56_SNP_2N_GenomeWideSNP_6_B12_667076	6	103765470	162136159	37827	0.0071
COZEN_p_TCGAb56_SNP_2N_GenomeWideSNP_6_B12_667076	6	162136392	162136763	3	-1.3607
COZEN_p_TCGAb56_SNP_2N_GenomeWideSNP_6_B12_667076	6	162137512	171051005	6441	0.0061
COZEN_p_TCGAb56_SNP_2N_GenomeWideSNP_6_B12_667076	7	43355	22434780	16113	0.0102
COZEN_p_TCGAb56_SNP_2N_GenomeWideSNP_6_B12_667076	7	22435472	22436487	2	-3.091
COZEN_p_TCGAb56_SNP_2N_GenomeWideSNP_6_B12_667076	7	22438754	54386505	22479	0.006
COZEN_p_TCGAb56_SNP_2N_GenomeWideSNP_6_B12_667076	7	54386509	54386517	5	-1.5184
COZEN_p_TCGAb56_SNP_2N_GenomeWideSNP_6_B12_667076	7	54393488	61826081	2119	0.0064
COZEN_p_TCGAb56_SNP_2N_GenomeWideSNP_6_B12_667076	7	61832057	61888128	23	-0.7291
COZEN_p_TCGAb56_SNP_2N_GenomeWideSNP_6_B12_667076	7	61987173	64568852	998	0.0089
COZEN_p_TCGAb56_SNP_2N_GenomeWideSNP_6_B12_667076	7	64594065	64595698	6	0.952
COZEN_p_TCGAb56_SNP_2N_GenomeWideSNP_6_B12_667076	7	64637128	71487175	3884	0.0183
COZEN_p_TCGAb56_SNP_2N_GenomeWideSNP_6_B12_667076	7	71489191	71489776	4	-1.1262
COZEN_p_TCGAb56_SNP_2N_GenomeWideSNP_6_B12_667076	7	71490008	71585736	60	0.0727
COZEN_p_TCGAb56_SNP_2N_GenomeWideSNP_6_B12_667076	7	71587247	71597581	6	-0.3504
COZEN_p_TCGAb56_SNP_2N_GenomeWideSNP_6_B12_667076	7	71602751	71604236	5	0.0633
COZEN_p_TCGAb56_SNP_2N_GenomeWideSNP_6_B12_667076	7	71611665	71615436	3	-1.0508
COZEN_p_TCGAb56_SNP_2N_GenomeWideSNP_6_B12_667076	7	71615845	75864024	1291	0.0097
COZEN_p_TCGAb56_SNP_2N_GenomeWideSNP_6_B12_667076	7	75866271	75871480	3	-1.7627
COZEN_p_TCGAb56_SNP_2N_GenomeWideSNP_6_B12_667076	7	75873894	102102164	15837	0.0095
COZEN_p_TCGAb56_SNP_2N_GenomeWideSNP_6_B12_667076	7	102235712	102317090	7	0.8467
COZEN_p_TCGAb56_SNP_2N_GenomeWideSNP_6_B12_667076	7	102317109	109441212	4600	0.0068
COZEN_p_TCGAb56_SNP_2N_GenomeWideSNP_6_B12_667076	7	109441244	109453910	11	0.7485
COZEN_p_TCGAb56_SNP_2N_GenomeWideSNP_6_B12_667076	7	109453982	110428932	675	0.0132
COZEN_p_TCGAb56_SNP_2N_GenomeWideSNP_6_B12_667076	7	110429011	110432494	6	-0.7291
COZEN_p_TCGAb56_SNP_2N_GenomeWideSNP_6_B12_667076	7	110432527	110911814	305	0.0239
COZEN_p_TCGAb56_SNP_2N_GenomeWideSNP_6_B12_667076	7	110912244	110912366	2	-1.2001
COZEN_p_TCGAb56_SNP_2N_GenomeWideSNP_6_B12_667076	7	110913563	126044974	9057	0.0091
COZEN_p_TCGAb56_SNP_2N_GenomeWideSNP_6_B12_667076	7	126045482	126046615	12	0.9432
COZEN_p_TCGAb56_SNP_2N_GenomeWideSNP_6_B12_667076	7	126046876	140192342	8854	0.0096
COZEN_p_TCGAb56_SNP_2N_GenomeWideSNP_6_B12_667076	7	140192859	140193013	2	1.6866
COZEN_p_TCGAb56_SNP_2N_GenomeWideSNP_6_B12_667076	7	140193035	141762694	1090	0.0136
COZEN_p_TCGAb56_SNP_2N_GenomeWideSNP_6_B12_667076	7	141763124	141833829	66	0.2868
COZEN_p_TCGAb56_SNP_2N_GenomeWideSNP_6_B12_667076	7	141834959	142474653	427	0.0286
COZEN_p_TCGAb56_SNP_2N_GenomeWideSNP_6_B12_667076	7	142474939	142485853	26	0.6647
COZEN_p_TCGAb56_SNP_2N_GenomeWideSNP_6_B12_667076	7	142485985	143218858	471	0.0175
COZEN_p_TCGAb56_SNP_2N_GenomeWideSNP_6_B12_667076	7	143218968	143279191	19	0.422
COZEN_p_TCGAb56_SNP_2N_GenomeWideSNP_6_B12_667076	7	143279301	143307885	10	0.8475
COZEN_p_TCGAb56_SNP_2N_GenomeWideSNP_6_B12_667076	7	143398042	143431034	21	0.0832
COZEN_p_TCGAb56_SNP_2N_GenomeWideSNP_6_B12_667076	7	143444216	143532998	41	0.4702
COZEN_p_TCGAb56_SNP_2N_GenomeWideSNP_6_B12_667076	7	143543851	159127004	10023	0.0018
COZEN_p_TCGAb56_SNP_2N_GenomeWideSNP_6_B12_667076	8	31254	594973	329	3e-04
COZEN_p_TCGAb56_SNP_2N_GenomeWideSNP_6_B12_667076	8	595220	595908	8	1.0892
COZEN_p_TCGAb56_SNP_2N_GenomeWideSNP_6_B12_667076	8	601043	2032444	1087	0.0126
COZEN_p_TCGAb56_SNP_2N_GenomeWideSNP_6_B12_667076	8	2036441	2036733	4	-0.9016
COZEN_p_TCGAb56_SNP_2N_GenomeWideSNP_6_B12_667076	8	2039437	2247827	223	0.0168
COZEN_p_TCGAb56_SNP_2N_GenomeWideSNP_6_B12_667076	8	2254638	2259358	12	-0.8108
COZEN_p_TCGAb56_SNP_2N_GenomeWideSNP_6_B12_667076	8	2270328	2322801	104	0.0206
COZEN_p_TCGAb56_SNP_2N_GenomeWideSNP_6_B12_667076	8	2330767	2339651	2	1.9625
COZEN_p_TCGAb56_SNP_2N_GenomeWideSNP_6_B12_667076	8	2343530	2701934	353	-0.0043
COZEN_p_TCGAb56_SNP_2N_GenomeWideSNP_6_B12_667076	8	2703533	2703899	7	0.7583
COZEN_p_TCGAb56_SNP_2N_GenomeWideSNP_6_B12_667076	8	2707171	3996813	1649	0.0144
COZEN_p_TCGAb56_SNP_2N_GenomeWideSNP_6_B12_667076	8	3997063	4004291	35	-0.9526
COZEN_p_TCGAb56_SNP_2N_GenomeWideSNP_6_B12_667076	8	4004498	4166426	353	0.0189
COZEN_p_TCGAb56_SNP_2N_GenomeWideSNP_6_B12_667076	8	4166490	4166690	3	1.0877
COZEN_p_TCGAb56_SNP_2N_GenomeWideSNP_6_B12_667076	8	4166781	4188511	78	-0.0044
COZEN_p_TCGAb56_SNP_2N_GenomeWideSNP_6_B12_667076	8	4188913	4188985	3	1.5812
COZEN_p_TCGAb56_SNP_2N_GenomeWideSNP_6_B12_667076	8	4189745	6192725	2708	0.0052
COZEN_p_TCGAb56_SNP_2N_GenomeWideSNP_6_B12_667076	8	6192831	6196581	5	-1.0388
COZEN_p_TCGAb56_SNP_2N_GenomeWideSNP_6_B12_667076	8	6196671	6233731	52	0.0469
COZEN_p_TCGAb56_SNP_2N_GenomeWideSNP_6_B12_667076	8	6233917	6235549	7	-1.4133
COZEN_p_TCGAb56_SNP_2N_GenomeWideSNP_6_B12_667076	8	6238206	7039853	801	-0.006
COZEN_p_TCGAb56_SNP_2N_GenomeWideSNP_6_B12_667076	8	7043340	7238019	33	-0.8402
COZEN_p_TCGAb56_SNP_2N_GenomeWideSNP_6_B12_667076	8	7250380	7272240	9	0.0417
COZEN_p_TCGAb56_SNP_2N_GenomeWideSNP_6_B12_667076	8	7272249	8003045	196	0.3893
COZEN_p_TCGAb56_SNP_2N_GenomeWideSNP_6_B12_667076	8	8003216	12198189	3251	0.0074
COZEN_p_TCGAb56_SNP_2N_GenomeWideSNP_6_B12_667076	8	12198254	12247486	41	0.4788
COZEN_p_TCGAb56_SNP_2N_GenomeWideSNP_6_B12_667076	8	12260927	12933135	465	0.0214
COZEN_p_TCGAb56_SNP_2N_GenomeWideSNP_6_B12_667076	8	12933581	12934455	2	-1.1244
COZEN_p_TCGAb56_SNP_2N_GenomeWideSNP_6_B12_667076	8	12935021	13603476	653	0.017
COZEN_p_TCGAb56_SNP_2N_GenomeWideSNP_6_B12_667076	8	13609668	13609690	2	-1.3294
COZEN_p_TCGAb56_SNP_2N_GenomeWideSNP_6_B12_667076	8	13609764	13804598	237	-0.0156
COZEN_p_TCGAb56_SNP_2N_GenomeWideSNP_6_B12_667076	8	13805006	13815237	11	-0.4738
COZEN_p_TCGAb56_SNP_2N_GenomeWideSNP_6_B12_667076	8	13815335	16262235	2226	0.0228
COZEN_p_TCGAb56_SNP_2N_GenomeWideSNP_6_B12_667076	8	16262247	16274661	27	-0.7747
COZEN_p_TCGAb56_SNP_2N_GenomeWideSNP_6_B12_667076	8	16278695	23402308	5727	0.0068
COZEN_p_TCGAb56_SNP_2N_GenomeWideSNP_6_B12_667076	8	23407740	23410325	7	-0.7742
COZEN_p_TCGAb56_SNP_2N_GenomeWideSNP_6_B12_667076	8	23410435	24974522	1141	-4e-04
COZEN_p_TCGAb56_SNP_2N_GenomeWideSNP_6_B12_667076	8	24974577	24984333	24	1.022
COZEN_p_TCGAb56_SNP_2N_GenomeWideSNP_6_B12_667076	8	24991104	39230659	9045	0.0099
COZEN_p_TCGAb56_SNP_2N_GenomeWideSNP_6_B12_667076	8	39235603	39388299	60	0.7516
COZEN_p_TCGAb56_SNP_2N_GenomeWideSNP_6_B12_667076	8	39388779	51032011	4595	0.0137
COZEN_p_TCGAb56_SNP_2N_GenomeWideSNP_6_B12_667076	8	51032024	51032387	7	-2.4238
COZEN_p_TCGAb56_SNP_2N_GenomeWideSNP_6_B12_667076	8	51033423	95557552	27175	0.0125
COZEN_p_TCGAb56_SNP_2N_GenomeWideSNP_6_B12_667076	8	95557602	95557992	6	1.2396
COZEN_p_TCGAb56_SNP_2N_GenomeWideSNP_6_B12_667076	8	95558115	97684364	1575	0.0141
COZEN_p_TCGAb56_SNP_2N_GenomeWideSNP_6_B12_667076	8	97688175	97734015	20	-0.3731
COZEN_p_TCGAb56_SNP_2N_GenomeWideSNP_6_B12_667076	8	97738167	103992590	3694	0.0125
COZEN_p_TCGAb56_SNP_2N_GenomeWideSNP_6_B12_667076	8	103994911	103997435	3	-1.1924
COZEN_p_TCGAb56_SNP_2N_GenomeWideSNP_6_B12_667076	8	103998546	107852506	2344	0.0077
COZEN_p_TCGAb56_SNP_2N_GenomeWideSNP_6_B12_667076	8	107858519	107860326	13	-0.7039
COZEN_p_TCGAb56_SNP_2N_GenomeWideSNP_6_B12_667076	8	107862270	112291494	2643	6e-04
COZEN_p_TCGAb56_SNP_2N_GenomeWideSNP_6_B12_667076	8	112294279	112295260	10	1.1741
COZEN_p_TCGAb56_SNP_2N_GenomeWideSNP_6_B12_667076	8	112300281	114939095	1432	0.0071
COZEN_p_TCGAb56_SNP_2N_GenomeWideSNP_6_B12_667076	8	114939325	114939391	2	-1.1064
COZEN_p_TCGAb56_SNP_2N_GenomeWideSNP_6_B12_667076	8	114943680	115631436	395	0.0407
COZEN_p_TCGAb56_SNP_2N_GenomeWideSNP_6_B12_667076	8	115632043	115641731	36	-0.6436
COZEN_p_TCGAb56_SNP_2N_GenomeWideSNP_6_B12_667076	8	115650697	130124213	10026	0.0062
COZEN_p_TCGAb56_SNP_2N_GenomeWideSNP_6_B12_667076	8	130125389	130144526	11	-0.6597
COZEN_p_TCGAb56_SNP_2N_GenomeWideSNP_6_B12_667076	8	130146557	137011634	5358	0.0084
COZEN_p_TCGAb56_SNP_2N_GenomeWideSNP_6_B12_667076	8	137012836	137013588	4	-1.0034
COZEN_p_TCGAb56_SNP_2N_GenomeWideSNP_6_B12_667076	8	137014142	144699157	5173	0.0149
COZEN_p_TCGAb56_SNP_2N_GenomeWideSNP_6_B12_667076	8	144705157	144707808	9	-0.6206
COZEN_p_TCGAb56_SNP_2N_GenomeWideSNP_6_B12_667076	8	144718989	146298155	506	0.0243
COZEN_p_TCGAb56_SNP_2N_GenomeWideSNP_6_B12_667076	9	46587	11967994	11257	0.0136
COZEN_p_TCGAb56_SNP_2N_GenomeWideSNP_6_B12_667076	9	11975285	11975492	3	-2.4384
COZEN_p_TCGAb56_SNP_2N_GenomeWideSNP_6_B12_667076	9	11978913	21954953	8268	0.0116
COZEN_p_TCGAb56_SNP_2N_GenomeWideSNP_6_B12_667076	9	21956078	21956230	2	-1.6041
COZEN_p_TCGAb56_SNP_2N_GenomeWideSNP_6_B12_667076	9	21956343	22492889	359	-0.0051
COZEN_p_TCGAb56_SNP_2N_GenomeWideSNP_6_B12_667076	9	22501913	22502699	2	1.1895
COZEN_p_TCGAb56_SNP_2N_GenomeWideSNP_6_B12_667076	9	22509340	23361805	581	0.0117
COZEN_p_TCGAb56_SNP_2N_GenomeWideSNP_6_B12_667076	9	23363115	23380445	11	0.5279
COZEN_p_TCGAb56_SNP_2N_GenomeWideSNP_6_B12_667076	9	23380834	34643288	8123	0.0115
COZEN_p_TCGAb56_SNP_2N_GenomeWideSNP_6_B12_667076	9	34649050	34649455	3	-1.2503
COZEN_p_TCGAb56_SNP_2N_GenomeWideSNP_6_B12_667076	9	34652897	36894151	1247	0.0123
COZEN_p_TCGAb56_SNP_2N_GenomeWideSNP_6_B12_667076	9	36894587	36894633	2	-1.7534
COZEN_p_TCGAb56_SNP_2N_GenomeWideSNP_6_B12_667076	9	36894837	41985187	1524	0.004
COZEN_p_TCGAb56_SNP_2N_GenomeWideSNP_6_B12_667076	9	42023107	42065266	4	-1.925
COZEN_p_TCGAb56_SNP_2N_GenomeWideSNP_6_B12_667076	9	42065343	68831542	394	0.0197
COZEN_p_TCGAb56_SNP_2N_GenomeWideSNP_6_B12_667076	9	68837844	69923863	97	-0.4123
COZEN_p_TCGAb56_SNP_2N_GenomeWideSNP_6_B12_667076	9	69925740	72028574	906	0.0234
COZEN_p_TCGAb56_SNP_2N_GenomeWideSNP_6_B12_667076	9	72032393	72049028	22	0.5741
COZEN_p_TCGAb56_SNP_2N_GenomeWideSNP_6_B12_667076	9	72049604	72108285	58	0.0102
COZEN_p_TCGAb56_SNP_2N_GenomeWideSNP_6_B12_667076	9	72108440	72108562	7	1.3389
COZEN_p_TCGAb56_SNP_2N_GenomeWideSNP_6_B12_667076	9	72108575	130000258	41231	0.0068
COZEN_p_TCGAb56_SNP_2N_GenomeWideSNP_6_B12_667076	9	130001050	130002622	3	-2.2902
COZEN_p_TCGAb56_SNP_2N_GenomeWideSNP_6_B12_667076	9	130002630	136759587	3908	0.0115
COZEN_p_TCGAb56_SNP_2N_GenomeWideSNP_6_B12_667076	9	136761672	136762800	6	-1.1832
COZEN_p_TCGAb56_SNP_2N_GenomeWideSNP_6_B12_667076	9	136764832	138211368	835	0.0012
COZEN_p_TCGAb56_SNP_2N_GenomeWideSNP_6_B12_667076	9	138214105	138215622	2	-1.8752
COZEN_p_TCGAb56_SNP_2N_GenomeWideSNP_6_B12_667076	9	138216412	141091394	1115	-0.0093
COZEN_p_TCGAb56_SNP_2N_GenomeWideSNP_6_B12_667076	10	72759	4240107	3537	0.0098
COZEN_p_TCGAb56_SNP_2N_GenomeWideSNP_6_B12_667076	10	4240722	4241572	4	-1.5625
COZEN_p_TCGAb56_SNP_2N_GenomeWideSNP_6_B12_667076	10	4243998	4290814	46	0.0128
COZEN_p_TCGAb56_SNP_2N_GenomeWideSNP_6_B12_667076	10	4290838	4290924	2	1.1832
COZEN_p_TCGAb56_SNP_2N_GenomeWideSNP_6_B12_667076	10	4291016	4437173	195	0.0232
COZEN_p_TCGAb56_SNP_2N_GenomeWideSNP_6_B12_667076	10	4439129	4439686	6	-0.7163
COZEN_p_TCGAb56_SNP_2N_GenomeWideSNP_6_B12_667076	10	4443829	6411071	1634	0.0134
COZEN_p_TCGAb56_SNP_2N_GenomeWideSNP_6_B12_667076	10	6411215	6411481	6	1.0838
COZEN_p_TCGAb56_SNP_2N_GenomeWideSNP_6_B12_667076	10	6418754	12836601	5310	0.0106
COZEN_p_TCGAb56_SNP_2N_GenomeWideSNP_6_B12_667076	10	12836751	12836839	2	-1.3793
COZEN_p_TCGAb56_SNP_2N_GenomeWideSNP_6_B12_667076	10	12837442	16797033	3358	0.0153
COZEN_p_TCGAb56_SNP_2N_GenomeWideSNP_6_B12_667076	10	16800028	16809301	8	-0.6237
COZEN_p_TCGAb56_SNP_2N_GenomeWideSNP_6_B12_667076	10	16809953	17894976	785	0.0241
COZEN_p_TCGAb56_SNP_2N_GenomeWideSNP_6_B12_667076	10	17927554	17949857	3	1.0167
COZEN_p_TCGAb56_SNP_2N_GenomeWideSNP_6_B12_667076	10	17971816	18173963	13	0.0064
COZEN_p_TCGAb56_SNP_2N_GenomeWideSNP_6_B12_667076	10	18185123	18196769	2	-2.0742
COZEN_p_TCGAb56_SNP_2N_GenomeWideSNP_6_B12_667076	10	18199813	24377674	4346	0.0122
COZEN_p_TCGAb56_SNP_2N_GenomeWideSNP_6_B12_667076	10	24377675	24379039	14	0.4706
COZEN_p_TCGAb56_SNP_2N_GenomeWideSNP_6_B12_667076	10	24380660	27223903	1990	0.0185
COZEN_p_TCGAb56_SNP_2N_GenomeWideSNP_6_B12_667076	10	27225904	27229993	14	0.8482
COZEN_p_TCGAb56_SNP_2N_GenomeWideSNP_6_B12_667076	10	27230675	34753792	5429	0.0175
COZEN_p_TCGAb56_SNP_2N_GenomeWideSNP_6_B12_667076	10	34754716	34754754	2	-1.3925
COZEN_p_TCGAb56_SNP_2N_GenomeWideSNP_6_B12_667076	10	34756716	46312487	4887	0.0073
COZEN_p_TCGAb56_SNP_2N_GenomeWideSNP_6_B12_667076	10	46485761	46507746	3	2.3787
COZEN_p_TCGAb56_SNP_2N_GenomeWideSNP_6_B12_667076	10	46511281	46931589	11	0.4256
COZEN_p_TCGAb56_SNP_2N_GenomeWideSNP_6_B12_667076	10	46932195	47150470	163	-0.006
COZEN_p_TCGAb56_SNP_2N_GenomeWideSNP_6_B12_667076	10	47249587	47414281	8	-0.5509
COZEN_p_TCGAb56_SNP_2N_GenomeWideSNP_6_B12_667076	10	47419711	47586998	23	0.0438
COZEN_p_TCGAb56_SNP_2N_GenomeWideSNP_6_B12_667076	10	47587103	47592268	6	-0.4698
COZEN_p_TCGAb56_SNP_2N_GenomeWideSNP_6_B12_667076	10	47592472	47897394	165	0.0751
COZEN_p_TCGAb56_SNP_2N_GenomeWideSNP_6_B12_667076	10	47912899	47948060	3	-1.1886
COZEN_p_TCGAb56_SNP_2N_GenomeWideSNP_6_B12_667076	10	47960476	48663599	281	0.0194
COZEN_p_TCGAb56_SNP_2N_GenomeWideSNP_6_B12_667076	10	48673103	48771950	10	-0.8654
COZEN_p_TCGAb56_SNP_2N_GenomeWideSNP_6_B12_667076	10	48837810	48840627	2	2.7058
COZEN_p_TCGAb56_SNP_2N_GenomeWideSNP_6_B12_667076	10	48883402	55076701	3899	0.0016
COZEN_p_TCGAb56_SNP_2N_GenomeWideSNP_6_B12_667076	10	55076782	55088829	5	-1.084
COZEN_p_TCGAb56_SNP_2N_GenomeWideSNP_6_B12_667076	10	55093531	59772547	3455	0.0038
COZEN_p_TCGAb56_SNP_2N_GenomeWideSNP_6_B12_667076	10	59774764	59774788	2	-2.9246
COZEN_p_TCGAb56_SNP_2N_GenomeWideSNP_6_B12_667076	10	59777576	81383874	14423	0.0074
COZEN_p_TCGAb56_SNP_2N_GenomeWideSNP_6_B12_667076	10	81383884	81385399	3	-1.9626
COZEN_p_TCGAb56_SNP_2N_GenomeWideSNP_6_B12_667076	10	81385449	84121782	1819	0.0078
COZEN_p_TCGAb56_SNP_2N_GenomeWideSNP_6_B12_667076	10	84122893	84124325	2	-2.0036
COZEN_p_TCGAb56_SNP_2N_GenomeWideSNP_6_B12_667076	10	84129655	88970595	3401	9e-04
COZEN_p_TCGAb56_SNP_2N_GenomeWideSNP_6_B12_667076	10	88971833	89038341	8	-0.7037
COZEN_p_TCGAb56_SNP_2N_GenomeWideSNP_6_B12_667076	10	89046064	92459611	2493	0.0106
COZEN_p_TCGAb56_SNP_2N_GenomeWideSNP_6_B12_667076	10	92459927	92463291	5	-0.8078
COZEN_p_TCGAb56_SNP_2N_GenomeWideSNP_6_B12_667076	10	92471580	96869063	2563	0.0088
COZEN_p_TCGAb56_SNP_2N_GenomeWideSNP_6_B12_667076	10	96869074	96869706	5	-0.8244
COZEN_p_TCGAb56_SNP_2N_GenomeWideSNP_6_B12_667076	10	96875714	128900692	22079	0.0102
COZEN_p_TCGAb56_SNP_2N_GenomeWideSNP_6_B12_667076	10	128901531	128901609	2	1.2576
COZEN_p_TCGAb56_SNP_2N_GenomeWideSNP_6_B12_667076	10	128904000	130589734	1371	-0.0063
COZEN_p_TCGAb56_SNP_2N_GenomeWideSNP_6_B12_667076	10	130590320	130590322	2	-1.3955
COZEN_p_TCGAb56_SNP_2N_GenomeWideSNP_6_B12_667076	10	130593972	132316597	1371	-0.0021
COZEN_p_TCGAb56_SNP_2N_GenomeWideSNP_6_B12_667076	10	132318554	132320109	5	-0.9382
COZEN_p_TCGAb56_SNP_2N_GenomeWideSNP_6_B12_667076	10	132323265	132660289	324	-0.0171
COZEN_p_TCGAb56_SNP_2N_GenomeWideSNP_6_B12_667076	10	132661159	132663171	5	-0.8199
COZEN_p_TCGAb56_SNP_2N_GenomeWideSNP_6_B12_667076	10	132668789	135506704	1628	0.0091
COZEN_p_TCGAb56_SNP_2N_GenomeWideSNP_6_B12_667076	11	198510	4968117	2479	0.0087
COZEN_p_TCGAb56_SNP_2N_GenomeWideSNP_6_B12_667076	11	4968510	4975705	28	0.6581
COZEN_p_TCGAb56_SNP_2N_GenomeWideSNP_6_B12_667076	11	4976257	5787405	798	0.01
COZEN_p_TCGAb56_SNP_2N_GenomeWideSNP_6_B12_667076	11	5788080	5809461	34	0.411
COZEN_p_TCGAb56_SNP_2N_GenomeWideSNP_6_B12_667076	11	5812360	7809678	1503	0.006
COZEN_p_TCGAb56_SNP_2N_GenomeWideSNP_6_B12_667076	11	7813040	7841797	11	-0.5527
COZEN_p_TCGAb56_SNP_2N_GenomeWideSNP_6_B12_667076	11	7843773	51096372	29441	0.0109
COZEN_p_TCGAb56_SNP_2N_GenomeWideSNP_6_B12_667076	11	51126742	51176743	6	-0.7154
COZEN_p_TCGAb56_SNP_2N_GenomeWideSNP_6_B12_667076	11	51183575	51183906	3	-2.055
COZEN_p_TCGAb56_SNP_2N_GenomeWideSNP_6_B12_667076	11	51192870	80870304	14454	0.0102
COZEN_p_TCGAb56_SNP_2N_GenomeWideSNP_6_B12_667076	11	80872494	80878968	44	-0.9511
COZEN_p_TCGAb56_SNP_2N_GenomeWideSNP_6_B12_667076	11	80879005	107223789	18396	0.0089
COZEN_p_TCGAb56_SNP_2N_GenomeWideSNP_6_B12_667076	11	107224115	107224399	4	-3.5818
COZEN_p_TCGAb56_SNP_2N_GenomeWideSNP_6_B12_667076	11	107227356	107230719	13	0.0812
COZEN_p_TCGAb56_SNP_2N_GenomeWideSNP_6_B12_667076	11	107238656	107239128	7	-2.5518
COZEN_p_TCGAb56_SNP_2N_GenomeWideSNP_6_B12_667076	11	107252362	112254398	3154	0.0035
COZEN_p_TCGAb56_SNP_2N_GenomeWideSNP_6_B12_667076	11	112259140	112261425	9	-0.9379
COZEN_p_TCGAb56_SNP_2N_GenomeWideSNP_6_B12_667076	11	112262635	123521440	8100	0.0045
COZEN_p_TCGAb56_SNP_2N_GenomeWideSNP_6_B12_667076	11	123522721	123523107	4	-2.5277
COZEN_p_TCGAb56_SNP_2N_GenomeWideSNP_6_B12_667076	11	123523358	134944770	8699	-8e-04
COZEN_p_TCGAb56_SNP_2N_GenomeWideSNP_6_B12_667076	12	150442	8442285	5582	0.0015
COZEN_p_TCGAb56_SNP_2N_GenomeWideSNP_6_B12_667076	12	8449112	8449217	2	2.1773
COZEN_p_TCGAb56_SNP_2N_GenomeWideSNP_6_B12_667076	12	8453466	9630556	624	0.0101
COZEN_p_TCGAb56_SNP_2N_GenomeWideSNP_6_B12_667076	12	9633870	9728292	25	0.8384
COZEN_p_TCGAb56_SNP_2N_GenomeWideSNP_6_B12_667076	12	9734969	10218210	384	0.0278
COZEN_p_TCGAb56_SNP_2N_GenomeWideSNP_6_B12_667076	12	10219885	10220154	3	-1.0532
COZEN_p_TCGAb56_SNP_2N_GenomeWideSNP_6_B12_667076	12	10221321	10583367	250	0.0095
COZEN_p_TCGAb56_SNP_2N_GenomeWideSNP_6_B12_667076	12	10586795	10595806	4	-1.3972
COZEN_p_TCGAb56_SNP_2N_GenomeWideSNP_6_B12_667076	12	10596720	21144302	7119	0.0104
COZEN_p_TCGAb56_SNP_2N_GenomeWideSNP_6_B12_667076	12	21144431	21144506	3	-0.9856
COZEN_p_TCGAb56_SNP_2N_GenomeWideSNP_6_B12_667076	12	21144542	30235421	6591	0.0058
COZEN_p_TCGAb56_SNP_2N_GenomeWideSNP_6_B12_667076	12	30235581	30243575	20	-0.565
COZEN_p_TCGAb56_SNP_2N_GenomeWideSNP_6_B12_667076	12	30243590	33385830	2349	0.017
COZEN_p_TCGAb56_SNP_2N_GenomeWideSNP_6_B12_667076	12	33386757	33395418	6	-2.5299
COZEN_p_TCGAb56_SNP_2N_GenomeWideSNP_6_B12_667076	12	33399053	34193412	506	0.0241
COZEN_p_TCGAb56_SNP_2N_GenomeWideSNP_6_B12_667076	12	34199880	34200402	5	-0.7782
COZEN_p_TCGAb56_SNP_2N_GenomeWideSNP_6_B12_667076	12	34200449	38053237	289	-2e-04
COZEN_p_TCGAb56_SNP_2N_GenomeWideSNP_6_B12_667076	12	38053291	38108053	37	-0.4006
COZEN_p_TCGAb56_SNP_2N_GenomeWideSNP_6_B12_667076	12	38161452	40750736	1370	0.0055
COZEN_p_TCGAb56_SNP_2N_GenomeWideSNP_6_B12_667076	12	40751340	40755675	2	-1.2768
COZEN_p_TCGAb56_SNP_2N_GenomeWideSNP_6_B12_667076	12	40756207	40817515	63	0.0226
COZEN_p_TCGAb56_SNP_2N_GenomeWideSNP_6_B12_667076	12	40817597	40821478	14	-0.8894
COZEN_p_TCGAb56_SNP_2N_GenomeWideSNP_6_B12_667076	12	40829155	76547820	22073	0.0017
COZEN_p_TCGAb56_SNP_2N_GenomeWideSNP_6_B12_667076	12	76548425	76549331	2	-2.0803
COZEN_p_TCGAb56_SNP_2N_GenomeWideSNP_6_B12_667076	12	76550538	84157733	4871	0.0105
COZEN_p_TCGAb56_SNP_2N_GenomeWideSNP_6_B12_667076	12	84160663	84161185	7	-0.7913
COZEN_p_TCGAb56_SNP_2N_GenomeWideSNP_6_B12_667076	12	84162719	99791814	10107	0.006
COZEN_p_TCGAb56_SNP_2N_GenomeWideSNP_6_B12_667076	12	99795293	99798734	31	-0.6354
COZEN_p_TCGAb56_SNP_2N_GenomeWideSNP_6_B12_667076	12	99803093	121535350	14524	0.0093
COZEN_p_TCGAb56_SNP_2N_GenomeWideSNP_6_B12_667076	12	121535945	121538503	6	-0.9706
COZEN_p_TCGAb56_SNP_2N_GenomeWideSNP_6_B12_667076	12	121542973	126501143	2676	0.0096
COZEN_p_TCGAb56_SNP_2N_GenomeWideSNP_6_B12_667076	12	126501789	126506340	9	-1.2296
COZEN_p_TCGAb56_SNP_2N_GenomeWideSNP_6_B12_667076	12	126507714	127487224	895	0.0136
COZEN_p_TCGAb56_SNP_2N_GenomeWideSNP_6_B12_667076	12	127490932	127493679	5	-1.099
COZEN_p_TCGAb56_SNP_2N_GenomeWideSNP_6_B12_667076	12	127495362	133778189	4664	-9e-04
COZEN_p_TCGAb56_SNP_2N_GenomeWideSNP_6_B12_667076	13	19026949	21896035	1612	0.023
COZEN_p_TCGAb56_SNP_2N_GenomeWideSNP_6_B12_667076	13	21896319	21896499	2	2.5604
COZEN_p_TCGAb56_SNP_2N_GenomeWideSNP_6_B12_667076	13	21896756	22416174	343	-0.0061
COZEN_p_TCGAb56_SNP_2N_GenomeWideSNP_6_B12_667076	13	22419282	22420004	3	-1.3574
COZEN_p_TCGAb56_SNP_2N_GenomeWideSNP_6_B12_667076	13	22422301	37693229	11325	0.0099
COZEN_p_TCGAb56_SNP_2N_GenomeWideSNP_6_B12_667076	13	37693972	37694962	2	-1.9806
COZEN_p_TCGAb56_SNP_2N_GenomeWideSNP_6_B12_667076	13	37696249	57758270	12852	0.0037
COZEN_p_TCGAb56_SNP_2N_GenomeWideSNP_6_B12_667076	13	57758289	57778380	33	-2.8424
COZEN_p_TCGAb56_SNP_2N_GenomeWideSNP_6_B12_667076	13	57789714	63932420	3618	0.0057
COZEN_p_TCGAb56_SNP_2N_GenomeWideSNP_6_B12_667076	13	63932873	63935404	4	-0.973
COZEN_p_TCGAb56_SNP_2N_GenomeWideSNP_6_B12_667076	13	63937134	66593840	1612	-0.0025
COZEN_p_TCGAb56_SNP_2N_GenomeWideSNP_6_B12_667076	13	66596488	66596631	2	-1.3944
COZEN_p_TCGAb56_SNP_2N_GenomeWideSNP_6_B12_667076	13	66604211	72476988	3773	0.008
COZEN_p_TCGAb56_SNP_2N_GenomeWideSNP_6_B12_667076	13	72477555	72480556	4	1.2116
COZEN_p_TCGAb56_SNP_2N_GenomeWideSNP_6_B12_667076	13	72480605	87946088	10180	0.0103
COZEN_p_TCGAb56_SNP_2N_GenomeWideSNP_6_B12_667076	13	87949747	87963102	9	-1.006
COZEN_p_TCGAb56_SNP_2N_GenomeWideSNP_6_B12_667076	13	87965931	115108397	18977	0.008
COZEN_p_TCGAb56_SNP_2N_GenomeWideSNP_6_B12_667076	14	19002124	20200183	82	0.1483
COZEN_p_TCGAb56_SNP_2N_GenomeWideSNP_6_B12_667076	14	20200381	20423372	108	0.7176
COZEN_p_TCGAb56_SNP_2N_GenomeWideSNP_6_B12_667076	14	20424926	23092105	1986	0.0294
COZEN_p_TCGAb56_SNP_2N_GenomeWideSNP_6_B12_667076	14	23094845	23099209	7	-0.955
COZEN_p_TCGAb56_SNP_2N_GenomeWideSNP_6_B12_667076	14	23099390	73995774	32173	0.0076
COZEN_p_TCGAb56_SNP_2N_GenomeWideSNP_6_B12_667076	14	74001123	74020979	9	0.7616
COZEN_p_TCGAb56_SNP_2N_GenomeWideSNP_6_B12_667076	14	74029900	106547314	20835	0.0047
COZEN_p_TCGAb56_SNP_2N_GenomeWideSNP_6_B12_667076	14	106547507	106561441	9	1.0231
COZEN_p_TCGAb56_SNP_2N_GenomeWideSNP_6_B12_667076	14	106567100	106715489	67	-0.0646
COZEN_p_TCGAb56_SNP_2N_GenomeWideSNP_6_B12_667076	14	106717356	106727469	8	-0.8045
COZEN_p_TCGAb56_SNP_2N_GenomeWideSNP_6_B12_667076	14	106728162	106783044	28	-0.102
COZEN_p_TCGAb56_SNP_2N_GenomeWideSNP_6_B12_667076	14	106796025	106802053	7	-1.7083
COZEN_p_TCGAb56_SNP_2N_GenomeWideSNP_6_B12_667076	14	106815943	107160325	219	0.0787
COZEN_p_TCGAb56_SNP_2N_GenomeWideSNP_6_B12_667076	14	107160399	107179847	20	0.477
COZEN_p_TCGAb56_SNP_2N_GenomeWideSNP_6_B12_667076	14	107184184	107285437	69	0.0889
COZEN_p_TCGAb56_SNP_2N_GenomeWideSNP_6_B12_667076	15	20016328	20206939	48	-0.042
COZEN_p_TCGAb56_SNP_2N_GenomeWideSNP_6_B12_667076	15	20216955	20581564	57	0.3581
COZEN_p_TCGAb56_SNP_2N_GenomeWideSNP_6_B12_667076	15	20585988	20586957	12	0.776
COZEN_p_TCGAb56_SNP_2N_GenomeWideSNP_6_B12_667076	15	20590027	21173886	150	0.1312
COZEN_p_TCGAb56_SNP_2N_GenomeWideSNP_6_B12_667076	15	21186400	21188006	2	-1.8776
COZEN_p_TCGAb56_SNP_2N_GenomeWideSNP_6_B12_667076	15	21192108	22340903	57	0.1242
COZEN_p_TCGAb56_SNP_2N_GenomeWideSNP_6_B12_667076	15	22341689	22673399	97	-0.2139
COZEN_p_TCGAb56_SNP_2N_GenomeWideSNP_6_B12_667076	15	22681076	27918623	3393	0.0242
COZEN_p_TCGAb56_SNP_2N_GenomeWideSNP_6_B12_667076	15	27919497	27927806	13	-1.0218
COZEN_p_TCGAb56_SNP_2N_GenomeWideSNP_6_B12_667076	15	27928794	30370031	1271	0.0126
COZEN_p_TCGAb56_SNP_2N_GenomeWideSNP_6_B12_667076	15	30386411	30821758	109	-0.9743
COZEN_p_TCGAb56_SNP_2N_GenomeWideSNP_6_B12_667076	15	30887956	32444055	1053	0.0074
COZEN_p_TCGAb56_SNP_2N_GenomeWideSNP_6_B12_667076	15	32460887	32489253	10	-0.9996
COZEN_p_TCGAb56_SNP_2N_GenomeWideSNP_6_B12_667076	15	32504264	32512220	9	0.088
COZEN_p_TCGAb56_SNP_2N_GenomeWideSNP_6_B12_667076	15	32531316	32618443	17	-1.0999
COZEN_p_TCGAb56_SNP_2N_GenomeWideSNP_6_B12_667076	15	32621223	32822612	25	-0.4456
COZEN_p_TCGAb56_SNP_2N_GenomeWideSNP_6_B12_667076	15	32827536	32857412	3	-1.7264
COZEN_p_TCGAb56_SNP_2N_GenomeWideSNP_6_B12_667076	15	32857482	34961885	1651	0.0263
COZEN_p_TCGAb56_SNP_2N_GenomeWideSNP_6_B12_667076	15	34962208	34962535	3	0.9031
COZEN_p_TCGAb56_SNP_2N_GenomeWideSNP_6_B12_667076	15	34962851	40848351	4139	0.0143
COZEN_p_TCGAb56_SNP_2N_GenomeWideSNP_6_B12_667076	15	40849698	40849828	2	-1.5921
COZEN_p_TCGAb56_SNP_2N_GenomeWideSNP_6_B12_667076	15	40851755	102469040	39968	0.0123
COZEN_p_TCGAb56_SNP_2N_GenomeWideSNP_6_B12_667076	16	60777	12705930	9536	0.0104
COZEN_p_TCGAb56_SNP_2N_GenomeWideSNP_6_B12_667076	16	12706046	12706958	8	-0.7845
COZEN_p_TCGAb56_SNP_2N_GenomeWideSNP_6_B12_667076	16	12707379	12782174	91	0.0084
COZEN_p_TCGAb56_SNP_2N_GenomeWideSNP_6_B12_667076	16	12783485	12783535	2	-1.4157
COZEN_p_TCGAb56_SNP_2N_GenomeWideSNP_6_B12_667076	16	12783934	14978969	1501	0.0154
COZEN_p_TCGAb56_SNP_2N_GenomeWideSNP_6_B12_667076	16	14980977	15116257	65	0.2936
COZEN_p_TCGAb56_SNP_2N_GenomeWideSNP_6_B12_667076	16	15125441	15270218	40	0.0341
COZEN_p_TCGAb56_SNP_2N_GenomeWideSNP_6_B12_667076	16	15278818	15316726	6	-0.7872
COZEN_p_TCGAb56_SNP_2N_GenomeWideSNP_6_B12_667076	16	15351682	32092763	8846	0.0163
COZEN_p_TCGAb56_SNP_2N_GenomeWideSNP_6_B12_667076	16	32092834	33304629	162	-0.5925
COZEN_p_TCGAb56_SNP_2N_GenomeWideSNP_6_B12_667076	16	33336217	33811501	111	-0.3489
COZEN_p_TCGAb56_SNP_2N_GenomeWideSNP_6_B12_667076	16	33827062	55796594	6973	0.0106
COZEN_p_TCGAb56_SNP_2N_GenomeWideSNP_6_B12_667076	16	55798222	55798779	3	3.3515
COZEN_p_TCGAb56_SNP_2N_GenomeWideSNP_6_B12_667076	16	55804348	55822444	15	0.6009
COZEN_p_TCGAb56_SNP_2N_GenomeWideSNP_6_B12_667076	16	55829557	59285783	2128	0.0132
COZEN_p_TCGAb56_SNP_2N_GenomeWideSNP_6_B12_667076	16	59288327	59288517	3	-1.059
COZEN_p_TCGAb56_SNP_2N_GenomeWideSNP_6_B12_667076	16	59289093	72087010	7561	0.0099
COZEN_p_TCGAb56_SNP_2N_GenomeWideSNP_6_B12_667076	16	72095073	72110940	2	1.6533
COZEN_p_TCGAb56_SNP_2N_GenomeWideSNP_6_B12_667076	16	72113416	75373768	2072	0.0138
COZEN_p_TCGAb56_SNP_2N_GenomeWideSNP_6_B12_667076	16	75374029	75377699	2	-1.4756
COZEN_p_TCGAb56_SNP_2N_GenomeWideSNP_6_B12_667076	16	75377750	90287535	13331	0.0113
COZEN_p_TCGAb56_SNP_2N_GenomeWideSNP_6_B12_667076	17	526	39421708	20984	0.0124
COZEN_p_TCGAb56_SNP_2N_GenomeWideSNP_6_B12_667076	17	39423014	39430531	24	-0.6408
COZEN_p_TCGAb56_SNP_2N_GenomeWideSNP_6_B12_667076	17	39432724	44212428	2548	0.0126
COZEN_p_TCGAb56_SNP_2N_GenomeWideSNP_6_B12_667076	17	44213204	44394420	93	-0.2703
COZEN_p_TCGAb56_SNP_2N_GenomeWideSNP_6_B12_667076	17	44401067	55687489	7062	0.0118
COZEN_p_TCGAb56_SNP_2N_GenomeWideSNP_6_B12_667076	17	55688333	55688993	2	1.3779
COZEN_p_TCGAb56_SNP_2N_GenomeWideSNP_6_B12_667076	17	55691993	63314191	3799	0.012
COZEN_p_TCGAb56_SNP_2N_GenomeWideSNP_6_B12_667076	17	63315284	63315996	3	-0.8661
COZEN_p_TCGAb56_SNP_2N_GenomeWideSNP_6_B12_667076	17	63320984	65441480	1439	0.0121
COZEN_p_TCGAb56_SNP_2N_GenomeWideSNP_6_B12_667076	17	65441493	65441917	2	-1.2482
COZEN_p_TCGAb56_SNP_2N_GenomeWideSNP_6_B12_667076	17	65444493	67885266	1461	0.0104
COZEN_p_TCGAb56_SNP_2N_GenomeWideSNP_6_B12_667076	17	67885483	67891926	3	-2.158
COZEN_p_TCGAb56_SNP_2N_GenomeWideSNP_6_B12_667076	17	67892018	70640662	2211	0.0102
COZEN_p_TCGAb56_SNP_2N_GenomeWideSNP_6_B12_667076	17	70640826	70651012	16	0.4944
COZEN_p_TCGAb56_SNP_2N_GenomeWideSNP_6_B12_667076	17	70656121	81049726	5678	0.0135
COZEN_p_TCGAb56_SNP_2N_GenomeWideSNP_6_B12_667076	18	11543	1948377	1373	0.0055
COZEN_p_TCGAb56_SNP_2N_GenomeWideSNP_6_B12_667076	18	1948608	1951872	3	-1.0908
COZEN_p_TCGAb56_SNP_2N_GenomeWideSNP_6_B12_667076	18	1951902	12189736	7529	0.01
COZEN_p_TCGAb56_SNP_2N_GenomeWideSNP_6_B12_667076	18	12192231	12228772	13	0.6113
COZEN_p_TCGAb56_SNP_2N_GenomeWideSNP_6_B12_667076	18	12238863	15092486	1475	0.0169
COZEN_p_TCGAb56_SNP_2N_GenomeWideSNP_6_B12_667076	18	15093591	15106724	6	0.7845
COZEN_p_TCGAb56_SNP_2N_GenomeWideSNP_6_B12_667076	18	15106727	20015975	750	-0.0043
COZEN_p_TCGAb56_SNP_2N_GenomeWideSNP_6_B12_667076	18	20016299	20085887	49	0.5086
COZEN_p_TCGAb56_SNP_2N_GenomeWideSNP_6_B12_667076	18	20088933	29038991	5699	0.008
COZEN_p_TCGAb56_SNP_2N_GenomeWideSNP_6_B12_667076	18	29041649	29053903	11	-0.4853
COZEN_p_TCGAb56_SNP_2N_GenomeWideSNP_6_B12_667076	18	29055093	41974818	8330	0.003
COZEN_p_TCGAb56_SNP_2N_GenomeWideSNP_6_B12_667076	18	41976886	41978625	6	-0.8645
COZEN_p_TCGAb56_SNP_2N_GenomeWideSNP_6_B12_667076	18	41982671	55930550	9544	0.0086
COZEN_p_TCGAb56_SNP_2N_GenomeWideSNP_6_B12_667076	18	55930862	55935962	23	-0.7907
COZEN_p_TCGAb56_SNP_2N_GenomeWideSNP_6_B12_667076	18	55938939	61320298	3907	0.0131
COZEN_p_TCGAb56_SNP_2N_GenomeWideSNP_6_B12_667076	18	61322995	61323235	3	-1.3073
COZEN_p_TCGAb56_SNP_2N_GenomeWideSNP_6_B12_667076	18	61323776	64959323	2509	0.0105
COZEN_p_TCGAb56_SNP_2N_GenomeWideSNP_6_B12_667076	18	64959372	64967265	18	-0.8705
COZEN_p_TCGAb56_SNP_2N_GenomeWideSNP_6_B12_667076	18	64967718	78015057	9591	0.0033
COZEN_p_TCGAb56_SNP_2N_GenomeWideSNP_6_B12_667076	19	90910	20594676	8989	0.0235
COZEN_p_TCGAb56_SNP_2N_GenomeWideSNP_6_B12_667076	19	20596206	20721234	72	-0.796
COZEN_p_TCGAb56_SNP_2N_GenomeWideSNP_6_B12_667076	19	20721462	23732025	1726	0.0258
COZEN_p_TCGAb56_SNP_2N_GenomeWideSNP_6_B12_667076	19	23732199	23732710	2	-2.454
COZEN_p_TCGAb56_SNP_2N_GenomeWideSNP_6_B12_667076	19	23736635	36758897	6502	0.0144
COZEN_p_TCGAb56_SNP_2N_GenomeWideSNP_6_B12_667076	19	36805705	36806515	2	-1.4692
COZEN_p_TCGAb56_SNP_2N_GenomeWideSNP_6_B12_667076	19	36807300	36830311	6	-0.0057
COZEN_p_TCGAb56_SNP_2N_GenomeWideSNP_6_B12_667076	19	36845875	36847498	11	0.5776
COZEN_p_TCGAb56_SNP_2N_GenomeWideSNP_6_B12_667076	19	36847637	41679124	2561	0.0129
COZEN_p_TCGAb56_SNP_2N_GenomeWideSNP_6_B12_667076	19	41680385	41698690	6	-0.9633
COZEN_p_TCGAb56_SNP_2N_GenomeWideSNP_6_B12_667076	19	41702665	43290773	715	0.0102
COZEN_p_TCGAb56_SNP_2N_GenomeWideSNP_6_B12_667076	19	43294390	43542831	117	-0.9168
COZEN_p_TCGAb56_SNP_2N_GenomeWideSNP_6_B12_667076	19	43549014	53517082	5223	0.0138
COZEN_p_TCGAb56_SNP_2N_GenomeWideSNP_6_B12_667076	19	53518514	53552229	23	0.5188
COZEN_p_TCGAb56_SNP_2N_GenomeWideSNP_6_B12_667076	19	53554240	57201722	2252	0.021
COZEN_p_TCGAb56_SNP_2N_GenomeWideSNP_6_B12_667076	19	57205871	57211511	5	-0.9453
COZEN_p_TCGAb56_SNP_2N_GenomeWideSNP_6_B12_667076	19	57216828	57553086	230	0.0082
COZEN_p_TCGAb56_SNP_2N_GenomeWideSNP_6_B12_667076	19	57554086	57554175	2	-1.0372
COZEN_p_TCGAb56_SNP_2N_GenomeWideSNP_6_B12_667076	19	57557852	59097854	927	0.0272
COZEN_p_TCGAb56_SNP_2N_GenomeWideSNP_6_B12_667076	20	61305	1560802	1202	0.0065
COZEN_p_TCGAb56_SNP_2N_GenomeWideSNP_6_B12_667076	20	1560922	1582207	39	-0.2927
COZEN_p_TCGAb56_SNP_2N_GenomeWideSNP_6_B12_667076	20	1590257	1593893	5	-1.5864
COZEN_p_TCGAb56_SNP_2N_GenomeWideSNP_6_B12_667076	20	1597946	62956153	41263	0.0106
COZEN_p_TCGAb56_SNP_2N_GenomeWideSNP_6_B12_667076	21	10736871	48096957	24425	0.0075
COZEN_p_TCGAb56_SNP_2N_GenomeWideSNP_6_B12_667076	22	16052528	16399151	54	0.4272
COZEN_p_TCGAb56_SNP_2N_GenomeWideSNP_6_B12_667076	22	16402835	18055605	728	0.0113
COZEN_p_TCGAb56_SNP_2N_GenomeWideSNP_6_B12_667076	22	18058748	18058885	2	2.341
COZEN_p_TCGAb56_SNP_2N_GenomeWideSNP_6_B12_667076	22	18062891	18732919	432	0.0078
COZEN_p_TCGAb56_SNP_2N_GenomeWideSNP_6_B12_667076	22	18748440	18748454	2	1.0817
COZEN_p_TCGAb56_SNP_2N_GenomeWideSNP_6_B12_667076	22	18770421	18805861	5	-1.0005
COZEN_p_TCGAb56_SNP_2N_GenomeWideSNP_6_B12_667076	22	18810094	22752462	2423	0.0272
COZEN_p_TCGAb56_SNP_2N_GenomeWideSNP_6_B12_667076	22	22752680	22752880	4	0.9919
COZEN_p_TCGAb56_SNP_2N_GenomeWideSNP_6_B12_667076	22	22757321	24396814	991	0.0231
COZEN_p_TCGAb56_SNP_2N_GenomeWideSNP_6_B12_667076	22	24401529	24404830	6	-1.007
COZEN_p_TCGAb56_SNP_2N_GenomeWideSNP_6_B12_667076	22	24405492	34173406	7268	0.0084
COZEN_p_TCGAb56_SNP_2N_GenomeWideSNP_6_B12_667076	22	34174947	34174973	3	-1.0812
COZEN_p_TCGAb56_SNP_2N_GenomeWideSNP_6_B12_667076	22	34174985	38678746	3246	0.0131
COZEN_p_TCGAb56_SNP_2N_GenomeWideSNP_6_B12_667076	22	38680361	38680381	2	1.3479
COZEN_p_TCGAb56_SNP_2N_GenomeWideSNP_6_B12_667076	22	38683637	39290920	307	0.0087
COZEN_p_TCGAb56_SNP_2N_GenomeWideSNP_6_B12_667076	22	39295255	39296540	2	1.1087
COZEN_p_TCGAb56_SNP_2N_GenomeWideSNP_6_B12_667076	22	39296904	40014166	356	0.038
COZEN_p_TCGAb56_SNP_2N_GenomeWideSNP_6_B12_667076	22	40015122	40015514	2	-1.7103
COZEN_p_TCGAb56_SNP_2N_GenomeWideSNP_6_B12_667076	22	40018148	41755048	996	0.0196
COZEN_p_TCGAb56_SNP_2N_GenomeWideSNP_6_B12_667076	22	41759037	41759326	4	-0.8673
COZEN_p_TCGAb56_SNP_2N_GenomeWideSNP_6_B12_667076	22	41762451	42897282	601	0.0169
COZEN_p_TCGAb56_SNP_2N_GenomeWideSNP_6_B12_667076	22	42899440	42955431	25	0.5106
COZEN_p_TCGAb56_SNP_2N_GenomeWideSNP_6_B12_667076	22	42955788	44817791	1380	0.0083
COZEN_p_TCGAb56_SNP_2N_GenomeWideSNP_6_B12_667076	22	44818050	44818636	5	-0.9343
COZEN_p_TCGAb56_SNP_2N_GenomeWideSNP_6_B12_667076	22	44821094	45424360	465	-0.0154
COZEN_p_TCGAb56_SNP_2N_GenomeWideSNP_6_B12_667076	22	45425535	45425741	3	-1.7181
COZEN_p_TCGAb56_SNP_2N_GenomeWideSNP_6_B12_667076	22	45425844	49486691	3226	0.0026
COZEN_p_TCGAb56_SNP_2N_GenomeWideSNP_6_B12_667076	22	49487128	49487417	5	-0.9523
COZEN_p_TCGAb56_SNP_2N_GenomeWideSNP_6_B12_667076	22	49488925	51234455	1022	-0.0092
COZEN_p_TCGAb56_SNP_2N_GenomeWideSNP_6_B12_667076	X	168477	16470132	10146	0.0198
COZEN_p_TCGAb56_SNP_2N_GenomeWideSNP_6_B12_667076	X	16472204	16480599	34	-0.7581
COZEN_p_TCGAb56_SNP_2N_GenomeWideSNP_6_B12_667076	X	16480658	47871270	18983	0.0084
COZEN_p_TCGAb56_SNP_2N_GenomeWideSNP_6_B12_667076	X	47880157	47980874	78	-1.0587
COZEN_p_TCGAb56_SNP_2N_GenomeWideSNP_6_B12_667076	X	47988177	57742331	4179	0.016
COZEN_p_TCGAb56_SNP_2N_GenomeWideSNP_6_B12_667076	X	57746638	57751855	2	1.7665
COZEN_p_TCGAb56_SNP_2N_GenomeWideSNP_6_B12_667076	X	57758527	76349873	6742	0.0138
COZEN_p_TCGAb56_SNP_2N_GenomeWideSNP_6_B12_667076	X	76353650	76523952	18	0.6078
COZEN_p_TCGAb56_SNP_2N_GenomeWideSNP_6_B12_667076	X	76545159	155182354	44454	0.0107
COZEN_p_TCGAb56_SNP_2N_GenomeWideSNP_6_B12_667076	Y	2650438	59018259	8635	-1.1238
