Sample	Chromosome	Start	End	Num_Probes	Segment_Mean
COZEN_p_TCGAb56_SNP_2N_GenomeWideSNP_6_H05_667072	1	61735	61823	3	0.6369
COZEN_p_TCGAb56_SNP_2N_GenomeWideSNP_6_H05_667072	1	62152	17017078	8778	0.0042
COZEN_p_TCGAb56_SNP_2N_GenomeWideSNP_6_H05_667072	1	17017530	17257943	86	0.3048
COZEN_p_TCGAb56_SNP_2N_GenomeWideSNP_6_H05_667072	1	17258139	44635476	15684	0.0113
COZEN_p_TCGAb56_SNP_2N_GenomeWideSNP_6_H05_667072	1	44636481	44637390	2	-1.774
COZEN_p_TCGAb56_SNP_2N_GenomeWideSNP_6_H05_667072	1	44647380	72768498	18472	0.014
COZEN_p_TCGAb56_SNP_2N_GenomeWideSNP_6_H05_667072	1	72768916	72828312	60	0.3249
COZEN_p_TCGAb56_SNP_2N_GenomeWideSNP_6_H05_667072	1	72828321	95284191	14633	0.003
COZEN_p_TCGAb56_SNP_2N_GenomeWideSNP_6_H05_667072	1	95284631	95287687	3	-1.1379
COZEN_p_TCGAb56_SNP_2N_GenomeWideSNP_6_H05_667072	1	95288808	106013376	6391	8e-04
COZEN_p_TCGAb56_SNP_2N_GenomeWideSNP_6_H05_667072	1	106019205	106022375	17	0.8686
COZEN_p_TCGAb56_SNP_2N_GenomeWideSNP_6_H05_667072	1	106024055	108729759	1944	0.0086
COZEN_p_TCGAb56_SNP_2N_GenomeWideSNP_6_H05_667072	1	108734235	108737496	3	-3.8376
COZEN_p_TCGAb56_SNP_2N_GenomeWideSNP_6_H05_667072	1	108739104	109571177	419	0.02
COZEN_p_TCGAb56_SNP_2N_GenomeWideSNP_6_H05_667072	1	109574526	109574647	2	-1.1159
COZEN_p_TCGAb56_SNP_2N_GenomeWideSNP_6_H05_667072	1	109604241	110224427	289	0.0047
COZEN_p_TCGAb56_SNP_2N_GenomeWideSNP_6_H05_667072	1	110225642	110226378	6	-0.8612
COZEN_p_TCGAb56_SNP_2N_GenomeWideSNP_6_H05_667072	1	110226487	110232974	8	-0.1514
COZEN_p_TCGAb56_SNP_2N_GenomeWideSNP_6_H05_667072	1	110233037	110234231	7	-1.6047
COZEN_p_TCGAb56_SNP_2N_GenomeWideSNP_6_H05_667072	1	110234410	110242953	10	-0.5177
COZEN_p_TCGAb56_SNP_2N_GenomeWideSNP_6_H05_667072	1	110244998	111828326	1206	-0.0012
COZEN_p_TCGAb56_SNP_2N_GenomeWideSNP_6_H05_667072	1	111828398	111828464	2	-1.5565
COZEN_p_TCGAb56_SNP_2N_GenomeWideSNP_6_H05_667072	1	111828578	144008335	5960	0.007
COZEN_p_TCGAb56_SNP_2N_GenomeWideSNP_6_H05_667072	1	144008375	144471986	39	0.342
COZEN_p_TCGAb56_SNP_2N_GenomeWideSNP_6_H05_667072	1	144472001	144893418	47	0.0889
COZEN_p_TCGAb56_SNP_2N_GenomeWideSNP_6_H05_667072	1	144893433	152410066	2642	0.4183
COZEN_p_TCGAb56_SNP_2N_GenomeWideSNP_6_H05_667072	1	152410466	152432125	16	1.0454
COZEN_p_TCGAb56_SNP_2N_GenomeWideSNP_6_H05_667072	1	152434191	152555527	110	0.4344
COZEN_p_TCGAb56_SNP_2N_GenomeWideSNP_6_H05_667072	1	152555706	152586594	35	-2.2643
COZEN_p_TCGAb56_SNP_2N_GenomeWideSNP_6_H05_667072	1	152590494	152754630	164	0.4259
COZEN_p_TCGAb56_SNP_2N_GenomeWideSNP_6_H05_667072	1	152756308	152768700	44	-0.2085
COZEN_p_TCGAb56_SNP_2N_GenomeWideSNP_6_H05_667072	1	152773905	152801174	25	0.5002
COZEN_p_TCGAb56_SNP_2N_GenomeWideSNP_6_H05_667072	1	152811183	152854806	33	0.9606
COZEN_p_TCGAb56_SNP_2N_GenomeWideSNP_6_H05_667072	1	152856084	161517939	5222	0.4322
COZEN_p_TCGAb56_SNP_2N_GenomeWideSNP_6_H05_667072	1	161523550	161638201	45	0.9062
COZEN_p_TCGAb56_SNP_2N_GenomeWideSNP_6_H05_667072	1	161638480	169216937	6021	0.4454
COZEN_p_TCGAb56_SNP_2N_GenomeWideSNP_6_H05_667072	1	169233974	169241766	7	1.3873
COZEN_p_TCGAb56_SNP_2N_GenomeWideSNP_6_H05_667072	1	169242401	194448234	16757	0.4419
COZEN_p_TCGAb56_SNP_2N_GenomeWideSNP_6_H05_667072	1	194451411	194455018	2	2.2688
COZEN_p_TCGAb56_SNP_2N_GenomeWideSNP_6_H05_667072	1	194457016	196731610	1457	0.4326
COZEN_p_TCGAb56_SNP_2N_GenomeWideSNP_6_H05_667072	1	196732086	196812507	91	0.6686
COZEN_p_TCGAb56_SNP_2N_GenomeWideSNP_6_H05_667072	1	196812530	249224388	35967	0.4446
COZEN_p_TCGAb56_SNP_2N_GenomeWideSNP_6_H05_667072	2	12784	52741737	37198	0.0024
COZEN_p_TCGAb56_SNP_2N_GenomeWideSNP_6_H05_667072	2	52743925	52781542	41	0.6404
COZEN_p_TCGAb56_SNP_2N_GenomeWideSNP_6_H05_667072	2	52787949	87128201	22004	-0.0034
COZEN_p_TCGAb56_SNP_2N_GenomeWideSNP_6_H05_667072	2	87129203	87137385	2	-2.4795
COZEN_p_TCGAb56_SNP_2N_GenomeWideSNP_6_H05_667072	2	87161853	106881633	7665	-0.0069
COZEN_p_TCGAb56_SNP_2N_GenomeWideSNP_6_H05_667072	2	106883229	106885013	7	1.0819
COZEN_p_TCGAb56_SNP_2N_GenomeWideSNP_6_H05_667072	2	106885357	123477014	9554	0.0068
COZEN_p_TCGAb56_SNP_2N_GenomeWideSNP_6_H05_667072	2	123479899	123482241	9	-0.8392
COZEN_p_TCGAb56_SNP_2N_GenomeWideSNP_6_H05_667072	2	123483653	137980478	8907	0.0113
COZEN_p_TCGAb56_SNP_2N_GenomeWideSNP_6_H05_667072	2	137981974	137984261	7	-0.7784
COZEN_p_TCGAb56_SNP_2N_GenomeWideSNP_6_H05_667072	2	137985285	138109870	91	-0.0203
COZEN_p_TCGAb56_SNP_2N_GenomeWideSNP_6_H05_667072	2	138115846	138116565	7	-0.9272
COZEN_p_TCGAb56_SNP_2N_GenomeWideSNP_6_H05_667072	2	138119240	146864443	5380	-0.006
COZEN_p_TCGAb56_SNP_2N_GenomeWideSNP_6_H05_667072	2	146864457	146866934	21	0.7594
COZEN_p_TCGAb56_SNP_2N_GenomeWideSNP_6_H05_667072	2	146877806	229757006	50922	-0.0037
COZEN_p_TCGAb56_SNP_2N_GenomeWideSNP_6_H05_667072	2	229759479	229759913	8	-0.9962
COZEN_p_TCGAb56_SNP_2N_GenomeWideSNP_6_H05_667072	2	229760083	243089456	8239	-0.005
COZEN_p_TCGAb56_SNP_2N_GenomeWideSNP_6_H05_667072	3	60345	136019099	86703	0.0201
COZEN_p_TCGAb56_SNP_2N_GenomeWideSNP_6_H05_667072	3	136022951	136025426	2	-3.2645
COZEN_p_TCGAb56_SNP_2N_GenomeWideSNP_6_H05_667072	3	136038541	137033060	471	0.0249
COZEN_p_TCGAb56_SNP_2N_GenomeWideSNP_6_H05_667072	3	137033260	137043220	13	0.4954
COZEN_p_TCGAb56_SNP_2N_GenomeWideSNP_6_H05_667072	3	137047387	162532950	15785	0.0227
COZEN_p_TCGAb56_SNP_2N_GenomeWideSNP_6_H05_667072	3	162534730	162536823	3	-1.3509
COZEN_p_TCGAb56_SNP_2N_GenomeWideSNP_6_H05_667072	3	162540009	195412212	20761	0.0242
COZEN_p_TCGAb56_SNP_2N_GenomeWideSNP_6_H05_667072	3	195418263	195474763	41	0.4231
COZEN_p_TCGAb56_SNP_2N_GenomeWideSNP_6_H05_667072	3	195478694	197896118	1174	0.0308
COZEN_p_TCGAb56_SNP_2N_GenomeWideSNP_6_H05_667072	4	12281	3599450	1509	-0.0169
COZEN_p_TCGAb56_SNP_2N_GenomeWideSNP_6_H05_667072	4	3599869	3602184	2	-2.4672
COZEN_p_TCGAb56_SNP_2N_GenomeWideSNP_6_H05_667072	4	3609390	34779054	21321	0.0048
COZEN_p_TCGAb56_SNP_2N_GenomeWideSNP_6_H05_667072	4	34786500	34838992	47	0.4004
COZEN_p_TCGAb56_SNP_2N_GenomeWideSNP_6_H05_667072	4	34841295	115173700	47326	-4e-04
COZEN_p_TCGAb56_SNP_2N_GenomeWideSNP_6_H05_667072	4	115175323	115182175	23	0.6883
COZEN_p_TCGAb56_SNP_2N_GenomeWideSNP_6_H05_667072	4	115184229	138089547	13258	-0.0036
COZEN_p_TCGAb56_SNP_2N_GenomeWideSNP_6_H05_667072	4	138092103	138095121	20	-0.6796
COZEN_p_TCGAb56_SNP_2N_GenomeWideSNP_6_H05_667072	4	138108363	172369346	21469	0.0058
COZEN_p_TCGAb56_SNP_2N_GenomeWideSNP_6_H05_667072	4	172374884	172377458	9	-1.1732
COZEN_p_TCGAb56_SNP_2N_GenomeWideSNP_6_H05_667072	4	172377710	173425227	645	0.0083
COZEN_p_TCGAb56_SNP_2N_GenomeWideSNP_6_H05_667072	4	173428342	173441132	5	1.0229
COZEN_p_TCGAb56_SNP_2N_GenomeWideSNP_6_H05_667072	4	173453708	187075015	9272	0.0024
COZEN_p_TCGAb56_SNP_2N_GenomeWideSNP_6_H05_667072	4	187077206	187093988	14	-0.633
COZEN_p_TCGAb56_SNP_2N_GenomeWideSNP_6_H05_667072	4	187097398	191027923	2605	0.0103
COZEN_p_TCGAb56_SNP_2N_GenomeWideSNP_6_H05_667072	5	15532	685748	307	-0.0267
COZEN_p_TCGAb56_SNP_2N_GenomeWideSNP_6_H05_667072	5	698371	800686	35	0.3216
COZEN_p_TCGAb56_SNP_2N_GenomeWideSNP_6_H05_667072	5	800839	8702114	6621	0.0014
COZEN_p_TCGAb56_SNP_2N_GenomeWideSNP_6_H05_667072	5	8702240	8747142	48	-0.8261
COZEN_p_TCGAb56_SNP_2N_GenomeWideSNP_6_H05_667072	5	8749731	19458788	7603	0.0045
COZEN_p_TCGAb56_SNP_2N_GenomeWideSNP_6_H05_667072	5	19459021	19459627	2	-2.3545
COZEN_p_TCGAb56_SNP_2N_GenomeWideSNP_6_H05_667072	5	19462271	46191884	16178	0.0073
COZEN_p_TCGAb56_SNP_2N_GenomeWideSNP_6_H05_667072	5	46195883	46199435	4	-1.4604
COZEN_p_TCGAb56_SNP_2N_GenomeWideSNP_6_H05_667072	5	46209299	46251306	13	0.0914
COZEN_p_TCGAb56_SNP_2N_GenomeWideSNP_6_H05_667072	5	46271008	46273502	8	1.1209
COZEN_p_TCGAb56_SNP_2N_GenomeWideSNP_6_H05_667072	5	46278212	57329899	5090	0.0087
COZEN_p_TCGAb56_SNP_2N_GenomeWideSNP_6_H05_667072	5	57329921	57330334	4	-1.0178
COZEN_p_TCGAb56_SNP_2N_GenomeWideSNP_6_H05_667072	5	57331679	68846303	7322	0.001
COZEN_p_TCGAb56_SNP_2N_GenomeWideSNP_6_H05_667072	5	68867294	69074977	2	1.9533
COZEN_p_TCGAb56_SNP_2N_GenomeWideSNP_6_H05_667072	5	69074991	70254898	11	-0.0569
COZEN_p_TCGAb56_SNP_2N_GenomeWideSNP_6_H05_667072	5	70254900	70391185	12	0.6134
COZEN_p_TCGAb56_SNP_2N_GenomeWideSNP_6_H05_667072	5	70391253	117388422	28963	-2e-04
COZEN_p_TCGAb56_SNP_2N_GenomeWideSNP_6_H05_667072	5	117388610	117388963	9	-2.2991
COZEN_p_TCGAb56_SNP_2N_GenomeWideSNP_6_H05_667072	5	117389085	180790320	40901	0.0032
COZEN_p_TCGAb56_SNP_2N_GenomeWideSNP_6_H05_667072	6	149661	253861	99	-0.0037
COZEN_p_TCGAb56_SNP_2N_GenomeWideSNP_6_H05_667072	6	254267	294837	25	-0.6299
COZEN_p_TCGAb56_SNP_2N_GenomeWideSNP_6_H05_667072	6	302306	29843434	21632	0.0046
COZEN_p_TCGAb56_SNP_2N_GenomeWideSNP_6_H05_667072	6	29844034	29849267	7	-1.5634
COZEN_p_TCGAb56_SNP_2N_GenomeWideSNP_6_H05_667072	6	29850196	32581889	1233	-0.0447
COZEN_p_TCGAb56_SNP_2N_GenomeWideSNP_6_H05_667072	6	32582203	32602107	10	-1.0777
COZEN_p_TCGAb56_SNP_2N_GenomeWideSNP_6_H05_667072	6	32602269	44480972	7493	-0.0038
COZEN_p_TCGAb56_SNP_2N_GenomeWideSNP_6_H05_667072	6	44481009	44490114	3	-1.9907
COZEN_p_TCGAb56_SNP_2N_GenomeWideSNP_6_H05_667072	6	44491848	74592225	16777	0.0021
COZEN_p_TCGAb56_SNP_2N_GenomeWideSNP_6_H05_667072	6	74592457	74601410	9	-2.8213
COZEN_p_TCGAb56_SNP_2N_GenomeWideSNP_6_H05_667072	6	74603555	77436159	1767	-0.004
COZEN_p_TCGAb56_SNP_2N_GenomeWideSNP_6_H05_667072	6	77436532	77452689	21	-0.4678
COZEN_p_TCGAb56_SNP_2N_GenomeWideSNP_6_H05_667072	6	77452757	78962889	980	0.0141
COZEN_p_TCGAb56_SNP_2N_GenomeWideSNP_6_H05_667072	6	78969065	79035185	113	0.5708
COZEN_p_TCGAb56_SNP_2N_GenomeWideSNP_6_H05_667072	6	79039234	94652407	10014	-0.0053
COZEN_p_TCGAb56_SNP_2N_GenomeWideSNP_6_H05_667072	6	94652540	94657564	2	-1.5923
COZEN_p_TCGAb56_SNP_2N_GenomeWideSNP_6_H05_667072	6	94659532	110394906	9754	2e-04
COZEN_p_TCGAb56_SNP_2N_GenomeWideSNP_6_H05_667072	6	110396191	110413237	18	-0.9507
COZEN_p_TCGAb56_SNP_2N_GenomeWideSNP_6_H05_667072	6	110415428	137978844	17481	-0.005
COZEN_p_TCGAb56_SNP_2N_GenomeWideSNP_6_H05_667072	6	137979598	137979971	3	-0.9984
COZEN_p_TCGAb56_SNP_2N_GenomeWideSNP_6_H05_667072	6	137980107	139817249	1201	-0.0087
COZEN_p_TCGAb56_SNP_2N_GenomeWideSNP_6_H05_667072	6	139817358	139828761	10	-0.9067
COZEN_p_TCGAb56_SNP_2N_GenomeWideSNP_6_H05_667072	6	139828916	151228892	7288	5e-04
COZEN_p_TCGAb56_SNP_2N_GenomeWideSNP_6_H05_667072	6	151229007	151229023	3	-1.4715
COZEN_p_TCGAb56_SNP_2N_GenomeWideSNP_6_H05_667072	6	151231867	152266468	765	0.0049
COZEN_p_TCGAb56_SNP_2N_GenomeWideSNP_6_H05_667072	6	152269527	152269560	2	1.5036
COZEN_p_TCGAb56_SNP_2N_GenomeWideSNP_6_H05_667072	6	152270182	171051005	13259	-0.0071
COZEN_p_TCGAb56_SNP_2N_GenomeWideSNP_6_H05_667072	7	43355	54386505	38584	-0.0019
COZEN_p_TCGAb56_SNP_2N_GenomeWideSNP_6_H05_667072	7	54386509	54386517	5	-1.4343
COZEN_p_TCGAb56_SNP_2N_GenomeWideSNP_6_H05_667072	7	54393488	64594341	3140	0.0064
COZEN_p_TCGAb56_SNP_2N_GenomeWideSNP_6_H05_667072	7	64594929	64595698	4	1.2011
COZEN_p_TCGAb56_SNP_2N_GenomeWideSNP_6_H05_667072	7	64637128	91208142	15162	0.0066
COZEN_p_TCGAb56_SNP_2N_GenomeWideSNP_6_H05_667072	7	91218884	91219132	3	-2.0426
COZEN_p_TCGAb56_SNP_2N_GenomeWideSNP_6_H05_667072	7	91225032	97395509	3863	-8e-04
COZEN_p_TCGAb56_SNP_2N_GenomeWideSNP_6_H05_667072	7	97401932	97402475	8	-0.8093
COZEN_p_TCGAb56_SNP_2N_GenomeWideSNP_6_H05_667072	7	97404240	109430050	6628	0.0017
COZEN_p_TCGAb56_SNP_2N_GenomeWideSNP_6_H05_667072	7	109433747	109437101	12	0.6068
COZEN_p_TCGAb56_SNP_2N_GenomeWideSNP_6_H05_667072	7	109437669	109437680	5	-0.0105
COZEN_p_TCGAb56_SNP_2N_GenomeWideSNP_6_H05_667072	7	109437757	109440917	4	0.5848
COZEN_p_TCGAb56_SNP_2N_GenomeWideSNP_6_H05_667072	7	109440918	109441212	7	-0.0598
COZEN_p_TCGAb56_SNP_2N_GenomeWideSNP_6_H05_667072	7	109441244	109458772	17	0.6406
COZEN_p_TCGAb56_SNP_2N_GenomeWideSNP_6_H05_667072	7	109458896	109795715	201	0.046
COZEN_p_TCGAb56_SNP_2N_GenomeWideSNP_6_H05_667072	7	109798592	109799082	7	-0.9054
COZEN_p_TCGAb56_SNP_2N_GenomeWideSNP_6_H05_667072	7	109799199	111065292	878	0.0274
COZEN_p_TCGAb56_SNP_2N_GenomeWideSNP_6_H05_667072	7	111065494	111066254	4	-0.8922
COZEN_p_TCGAb56_SNP_2N_GenomeWideSNP_6_H05_667072	7	111066659	126046876	8959	-0.0075
COZEN_p_TCGAb56_SNP_2N_GenomeWideSNP_6_H05_667072	7	126046877	126046881	5	-0.7765
COZEN_p_TCGAb56_SNP_2N_GenomeWideSNP_6_H05_667072	7	126052766	131850077	3398	0.0046
COZEN_p_TCGAb56_SNP_2N_GenomeWideSNP_6_H05_667072	7	131851165	131853601	4	-0.9038
COZEN_p_TCGAb56_SNP_2N_GenomeWideSNP_6_H05_667072	7	131854956	133778468	1293	0.0083
COZEN_p_TCGAb56_SNP_2N_GenomeWideSNP_6_H05_667072	7	133778637	133787087	19	0.5325
COZEN_p_TCGAb56_SNP_2N_GenomeWideSNP_6_H05_667072	7	133787146	141770627	5230	5e-04
COZEN_p_TCGAb56_SNP_2N_GenomeWideSNP_6_H05_667072	7	141770922	141799117	35	-0.8208
COZEN_p_TCGAb56_SNP_2N_GenomeWideSNP_6_H05_667072	7	141799160	142474939	447	0.0401
COZEN_p_TCGAb56_SNP_2N_GenomeWideSNP_6_H05_667072	7	142476719	142486045	27	0.6941
COZEN_p_TCGAb56_SNP_2N_GenomeWideSNP_6_H05_667072	7	142486115	154389895	7330	0.0053
COZEN_p_TCGAb56_SNP_2N_GenomeWideSNP_6_H05_667072	7	154393171	154399613	4	-2.2049
COZEN_p_TCGAb56_SNP_2N_GenomeWideSNP_6_H05_667072	7	154400830	159127004	3239	-0.0072
COZEN_p_TCGAb56_SNP_2N_GenomeWideSNP_6_H05_667072	8	31254	2701934	2120	-0.006
COZEN_p_TCGAb56_SNP_2N_GenomeWideSNP_6_H05_667072	8	2703533	2703899	7	-1.649
COZEN_p_TCGAb56_SNP_2N_GenomeWideSNP_6_H05_667072	8	2707171	4165733	2030	0.0072
COZEN_p_TCGAb56_SNP_2N_GenomeWideSNP_6_H05_667072	8	4166023	4166038	3	-1.2176
COZEN_p_TCGAb56_SNP_2N_GenomeWideSNP_6_H05_667072	8	4166067	5553031	1869	-0.0078
COZEN_p_TCGAb56_SNP_2N_GenomeWideSNP_6_H05_667072	8	5553067	5553100	2	-2.1378
COZEN_p_TCGAb56_SNP_2N_GenomeWideSNP_6_H05_667072	8	5553135	16262247	8915	0.0072
COZEN_p_TCGAb56_SNP_2N_GenomeWideSNP_6_H05_667072	8	16262264	16278695	27	-0.5502
COZEN_p_TCGAb56_SNP_2N_GenomeWideSNP_6_H05_667072	8	16282587	24979554	6880	0.016
COZEN_p_TCGAb56_SNP_2N_GenomeWideSNP_6_H05_667072	8	24979904	24984069	8	-1.3197
COZEN_p_TCGAb56_SNP_2N_GenomeWideSNP_6_H05_667072	8	24984141	39230659	9046	0.0207
COZEN_p_TCGAb56_SNP_2N_GenomeWideSNP_6_H05_667072	8	39235603	39386965	58	-2.2393
COZEN_p_TCGAb56_SNP_2N_GenomeWideSNP_6_H05_667072	8	39388299	40183944	593	0.0103
COZEN_p_TCGAb56_SNP_2N_GenomeWideSNP_6_H05_667072	8	40184148	40189467	27	-0.9316
COZEN_p_TCGAb56_SNP_2N_GenomeWideSNP_6_H05_667072	8	40189482	40285805	86	0.0038
COZEN_p_TCGAb56_SNP_2N_GenomeWideSNP_6_H05_667072	8	40287322	40296454	2	-1.2565
COZEN_p_TCGAb56_SNP_2N_GenomeWideSNP_6_H05_667072	8	40299029	40771996	367	0.0183
COZEN_p_TCGAb56_SNP_2N_GenomeWideSNP_6_H05_667072	8	40777852	40778471	2	-2.0217
COZEN_p_TCGAb56_SNP_2N_GenomeWideSNP_6_H05_667072	8	40783680	146298155	63927	0.0027
COZEN_p_TCGAb56_SNP_2N_GenomeWideSNP_6_H05_667072	9	46587	346887	202	0.0415
COZEN_p_TCGAb56_SNP_2N_GenomeWideSNP_6_H05_667072	9	347825	355299	11	-0.5408
COZEN_p_TCGAb56_SNP_2N_GenomeWideSNP_6_H05_667072	9	358396	6695986	6180	0.0063
COZEN_p_TCGAb56_SNP_2N_GenomeWideSNP_6_H05_667072	9	6701145	6708357	7	-0.8448
COZEN_p_TCGAb56_SNP_2N_GenomeWideSNP_6_H05_667072	9	6712314	24500840	14872	0.0153
COZEN_p_TCGAb56_SNP_2N_GenomeWideSNP_6_H05_667072	9	24503816	24517682	20	-0.8355
COZEN_p_TCGAb56_SNP_2N_GenomeWideSNP_6_H05_667072	9	24519684	30420466	4471	0.0097
COZEN_p_TCGAb56_SNP_2N_GenomeWideSNP_6_H05_667072	9	30426117	30426131	2	-1.2528
COZEN_p_TCGAb56_SNP_2N_GenomeWideSNP_6_H05_667072	9	30426229	37033159	4225	0.0078
COZEN_p_TCGAb56_SNP_2N_GenomeWideSNP_6_H05_667072	9	37033361	37034669	3	-1.4131
COZEN_p_TCGAb56_SNP_2N_GenomeWideSNP_6_H05_667072	9	37035181	41484902	1338	0.0056
COZEN_p_TCGAb56_SNP_2N_GenomeWideSNP_6_H05_667072	9	41600382	43187967	60	-0.2127
COZEN_p_TCGAb56_SNP_2N_GenomeWideSNP_6_H05_667072	9	43315670	43800186	41	0.8791
COZEN_p_TCGAb56_SNP_2N_GenomeWideSNP_6_H05_667072	9	44114872	44900526	91	0.2509
COZEN_p_TCGAb56_SNP_2N_GenomeWideSNP_6_H05_667072	9	44906131	68183981	149	-0.1749
COZEN_p_TCGAb56_SNP_2N_GenomeWideSNP_6_H05_667072	9	68186051	68186057	4	1.5658
COZEN_p_TCGAb56_SNP_2N_GenomeWideSNP_6_H05_667072	9	68186059	69978022	216	-0.0256
COZEN_p_TCGAb56_SNP_2N_GenomeWideSNP_6_H05_667072	9	70940595	115609113	31758	-0.5028
COZEN_p_TCGAb56_SNP_2N_GenomeWideSNP_6_H05_667072	9	115609322	136772256	14242	0.0075
COZEN_p_TCGAb56_SNP_2N_GenomeWideSNP_6_H05_667072	9	136774217	136774900	2	-1.4291
COZEN_p_TCGAb56_SNP_2N_GenomeWideSNP_6_H05_667072	9	136779153	141091394	1940	-0.0029
COZEN_p_TCGAb56_SNP_2N_GenomeWideSNP_6_H05_667072	10	72759	5056567	4339	2e-04
COZEN_p_TCGAb56_SNP_2N_GenomeWideSNP_6_H05_667072	10	5056717	5059670	2	1.4625
COZEN_p_TCGAb56_SNP_2N_GenomeWideSNP_6_H05_667072	10	5061336	13049885	6598	0.0094
COZEN_p_TCGAb56_SNP_2N_GenomeWideSNP_6_H05_667072	10	13050005	13050170	5	-1.3908
COZEN_p_TCGAb56_SNP_2N_GenomeWideSNP_6_H05_667072	10	13050428	124577596	72379	0.0069
COZEN_p_TCGAb56_SNP_2N_GenomeWideSNP_6_H05_667072	10	124577757	124577881	2	-1.3792
COZEN_p_TCGAb56_SNP_2N_GenomeWideSNP_6_H05_667072	10	124579335	135506704	7754	-0.0014
COZEN_p_TCGAb56_SNP_2N_GenomeWideSNP_6_H05_667072	11	198510	4967251	2469	-0.0136
COZEN_p_TCGAb56_SNP_2N_GenomeWideSNP_6_H05_667072	11	4967376	4974029	29	0.6769
COZEN_p_TCGAb56_SNP_2N_GenomeWideSNP_6_H05_667072	11	4975164	5522151	557	0.0232
COZEN_p_TCGAb56_SNP_2N_GenomeWideSNP_6_H05_667072	11	5522175	5522564	5	-0.8086
COZEN_p_TCGAb56_SNP_2N_GenomeWideSNP_6_H05_667072	11	5523593	5782925	231	0.0391
COZEN_p_TCGAb56_SNP_2N_GenomeWideSNP_6_H05_667072	11	5782959	5809139	40	0.2892
COZEN_p_TCGAb56_SNP_2N_GenomeWideSNP_6_H05_667072	11	5809338	8901393	2260	-0.0048
COZEN_p_TCGAb56_SNP_2N_GenomeWideSNP_6_H05_667072	11	8902831	8903931	2	-1.429
COZEN_p_TCGAb56_SNP_2N_GenomeWideSNP_6_H05_667072	11	8906636	18940870	7162	0.0095
COZEN_p_TCGAb56_SNP_2N_GenomeWideSNP_6_H05_667072	11	18949072	18960115	36	0.3785
COZEN_p_TCGAb56_SNP_2N_GenomeWideSNP_6_H05_667072	11	18960750	21846894	2618	0.0067
COZEN_p_TCGAb56_SNP_2N_GenomeWideSNP_6_H05_667072	11	21847506	21848752	5	-4.2855
COZEN_p_TCGAb56_SNP_2N_GenomeWideSNP_6_H05_667072	11	21850657	30165387	5683	0.0087
COZEN_p_TCGAb56_SNP_2N_GenomeWideSNP_6_H05_667072	11	30171914	30172646	5	-0.7393
COZEN_p_TCGAb56_SNP_2N_GenomeWideSNP_6_H05_667072	11	30172669	30175706	16	0.0758
COZEN_p_TCGAb56_SNP_2N_GenomeWideSNP_6_H05_667072	11	30175788	30175854	2	-1.323
COZEN_p_TCGAb56_SNP_2N_GenomeWideSNP_6_H05_667072	11	30176021	42959111	9021	0.0091
COZEN_p_TCGAb56_SNP_2N_GenomeWideSNP_6_H05_667072	11	42961831	42971168	7	0.7687
COZEN_p_TCGAb56_SNP_2N_GenomeWideSNP_6_H05_667072	11	42976631	55363340	4508	0.0186
COZEN_p_TCGAb56_SNP_2N_GenomeWideSNP_6_H05_667072	11	55374032	55453576	60	-0.3773
COZEN_p_TCGAb56_SNP_2N_GenomeWideSNP_6_H05_667072	11	55460683	69294139	7100	0.0044
COZEN_p_TCGAb56_SNP_2N_GenomeWideSNP_6_H05_667072	11	69295650	70695637	793	0.7015
COZEN_p_TCGAb56_SNP_2N_GenomeWideSNP_6_H05_667072	11	70695866	81498805	6719	0
COZEN_p_TCGAb56_SNP_2N_GenomeWideSNP_6_H05_667072	11	81503468	81517158	11	-0.6332
COZEN_p_TCGAb56_SNP_2N_GenomeWideSNP_6_H05_667072	11	81522632	108669864	18694	0.0026
COZEN_p_TCGAb56_SNP_2N_GenomeWideSNP_6_H05_667072	11	108670269	108691263	18	0.6811
COZEN_p_TCGAb56_SNP_2N_GenomeWideSNP_6_H05_667072	11	108695832	124983982	11422	0.006
COZEN_p_TCGAb56_SNP_2N_GenomeWideSNP_6_H05_667072	11	124985904	124985999	2	-1.3958
COZEN_p_TCGAb56_SNP_2N_GenomeWideSNP_6_H05_667072	11	124986092	134944770	7655	0.002
COZEN_p_TCGAb56_SNP_2N_GenomeWideSNP_6_H05_667072	12	150442	869198	419	-0.0265
COZEN_p_TCGAb56_SNP_2N_GenomeWideSNP_6_H05_667072	12	869263	874029	16	-0.8285
COZEN_p_TCGAb56_SNP_2N_GenomeWideSNP_6_H05_667072	12	875354	4403832	2501	0.0079
COZEN_p_TCGAb56_SNP_2N_GenomeWideSNP_6_H05_667072	12	4403850	4403864	2	-1.7214
COZEN_p_TCGAb56_SNP_2N_GenomeWideSNP_6_H05_667072	12	4403876	8562635	2692	0.0138
COZEN_p_TCGAb56_SNP_2N_GenomeWideSNP_6_H05_667072	12	8567608	8575023	6	-0.7918
COZEN_p_TCGAb56_SNP_2N_GenomeWideSNP_6_H05_667072	12	8575334	9460534	486	-0.0207
COZEN_p_TCGAb56_SNP_2N_GenomeWideSNP_6_H05_667072	12	9461228	9467809	2	-2.255
COZEN_p_TCGAb56_SNP_2N_GenomeWideSNP_6_H05_667072	12	9472365	9630556	80	-0.0935
COZEN_p_TCGAb56_SNP_2N_GenomeWideSNP_6_H05_667072	12	9633870	9728292	25	0.9658
COZEN_p_TCGAb56_SNP_2N_GenomeWideSNP_6_H05_667072	12	9734969	11220827	1046	-0.0019
COZEN_p_TCGAb56_SNP_2N_GenomeWideSNP_6_H05_667072	12	11222368	11241532	10	-1.4246
COZEN_p_TCGAb56_SNP_2N_GenomeWideSNP_6_H05_667072	12	11251874	133778189	77778	0.004
COZEN_p_TCGAb56_SNP_2N_GenomeWideSNP_6_H05_667072	13	19026949	38071135	13564	0.0079
COZEN_p_TCGAb56_SNP_2N_GenomeWideSNP_6_H05_667072	13	38072036	38084757	16	-2.3248
COZEN_p_TCGAb56_SNP_2N_GenomeWideSNP_6_H05_667072	13	38088330	53094799	9915	-0.0169
COZEN_p_TCGAb56_SNP_2N_GenomeWideSNP_6_H05_667072	13	53097984	53105785	3	-1.8761
COZEN_p_TCGAb56_SNP_2N_GenomeWideSNP_6_H05_667072	13	53117879	70350979	10294	0.0045
COZEN_p_TCGAb56_SNP_2N_GenomeWideSNP_6_H05_667072	13	70363327	70363334	2	-1.4188
COZEN_p_TCGAb56_SNP_2N_GenomeWideSNP_6_H05_667072	13	70364274	72476988	1373	1e-04
COZEN_p_TCGAb56_SNP_2N_GenomeWideSNP_6_H05_667072	13	72477555	72480556	4	-2.3394
COZEN_p_TCGAb56_SNP_2N_GenomeWideSNP_6_H05_667072	13	72480605	115108397	29153	-0.001
COZEN_p_TCGAb56_SNP_2N_GenomeWideSNP_6_H05_667072	14	19002124	107285437	55584	0.006
COZEN_p_TCGAb56_SNP_2N_GenomeWideSNP_6_H05_667072	15	20016328	20206939	48	-0.0314
COZEN_p_TCGAb56_SNP_2N_GenomeWideSNP_6_H05_667072	15	20216955	20262236	5	-1.8208
COZEN_p_TCGAb56_SNP_2N_GenomeWideSNP_6_H05_667072	15	20264286	20601806	73	0.0285
COZEN_p_TCGAb56_SNP_2N_GenomeWideSNP_6_H05_667072	15	20601821	21121137	122	0.3389
COZEN_p_TCGAb56_SNP_2N_GenomeWideSNP_6_H05_667072	15	21122691	21914553	50	0.6802
COZEN_p_TCGAb56_SNP_2N_GenomeWideSNP_6_H05_667072	15	21915670	22334162	26	0.2911
COZEN_p_TCGAb56_SNP_2N_GenomeWideSNP_6_H05_667072	15	22338955	22341689	3	-0.9827
COZEN_p_TCGAb56_SNP_2N_GenomeWideSNP_6_H05_667072	15	22350922	22587474	95	0.4736
COZEN_p_TCGAb56_SNP_2N_GenomeWideSNP_6_H05_667072	15	22673399	24344462	854	0.0257
COZEN_p_TCGAb56_SNP_2N_GenomeWideSNP_6_H05_667072	15	24349003	24504157	87	0.5573
COZEN_p_TCGAb56_SNP_2N_GenomeWideSNP_6_H05_667072	15	24508708	32489253	4905	0.0139
COZEN_p_TCGAb56_SNP_2N_GenomeWideSNP_6_H05_667072	15	32504264	32512220	9	-1.2272
COZEN_p_TCGAb56_SNP_2N_GenomeWideSNP_6_H05_667072	15	32531316	34727189	1547	0.0115
COZEN_p_TCGAb56_SNP_2N_GenomeWideSNP_6_H05_667072	15	34727622	34814542	60	-0.7612
COZEN_p_TCGAb56_SNP_2N_GenomeWideSNP_6_H05_667072	15	34818317	61684205	17343	0.0148
COZEN_p_TCGAb56_SNP_2N_GenomeWideSNP_6_H05_667072	15	61688169	61697691	12	-1.644
COZEN_p_TCGAb56_SNP_2N_GenomeWideSNP_6_H05_667072	15	61697708	76878362	9112	0.0062
COZEN_p_TCGAb56_SNP_2N_GenomeWideSNP_6_H05_667072	15	76891241	76902179	23	1.0786
COZEN_p_TCGAb56_SNP_2N_GenomeWideSNP_6_H05_667072	15	76902194	101919427	17299	0.0116
COZEN_p_TCGAb56_SNP_2N_GenomeWideSNP_6_H05_667072	15	101920498	101928425	12	-0.6163
COZEN_p_TCGAb56_SNP_2N_GenomeWideSNP_6_H05_667072	15	101928746	102469040	374	-0.0235
COZEN_p_TCGAb56_SNP_2N_GenomeWideSNP_6_H05_667072	16	60777	31965616	20052	0.1207
COZEN_p_TCGAb56_SNP_2N_GenomeWideSNP_6_H05_667072	16	31965881	32588622	109	-0.1327
COZEN_p_TCGAb56_SNP_2N_GenomeWideSNP_6_H05_667072	16	32588901	32588909	5	-2.9309
COZEN_p_TCGAb56_SNP_2N_GenomeWideSNP_6_H05_667072	16	32609274	32878335	52	-0.3734
COZEN_p_TCGAb56_SNP_2N_GenomeWideSNP_6_H05_667072	16	32899247	33241953	25	0.1174
COZEN_p_TCGAb56_SNP_2N_GenomeWideSNP_6_H05_667072	16	33300894	33631830	89	-0.3483
COZEN_p_TCGAb56_SNP_2N_GenomeWideSNP_6_H05_667072	16	33643399	46477927	519	0.0841
COZEN_p_TCGAb56_SNP_2N_GenomeWideSNP_6_H05_667072	16	46491386	50272566	2156	-0.49
COZEN_p_TCGAb56_SNP_2N_GenomeWideSNP_6_H05_667072	16	50274451	50274668	2	-2.5127
COZEN_p_TCGAb56_SNP_2N_GenomeWideSNP_6_H05_667072	16	50276424	57807438	5509	-0.5061
COZEN_p_TCGAb56_SNP_2N_GenomeWideSNP_6_H05_667072	16	57808171	57810318	4	-1.7292
COZEN_p_TCGAb56_SNP_2N_GenomeWideSNP_6_H05_667072	16	57813307	70855202	7826	-0.5018
COZEN_p_TCGAb56_SNP_2N_GenomeWideSNP_6_H05_667072	16	70855479	70974609	51	0.1668
COZEN_p_TCGAb56_SNP_2N_GenomeWideSNP_6_H05_667072	16	70978087	70979717	3	-0.8489
COZEN_p_TCGAb56_SNP_2N_GenomeWideSNP_6_H05_667072	16	70983782	71201073	84	0.066
COZEN_p_TCGAb56_SNP_2N_GenomeWideSNP_6_H05_667072	16	71202489	90287535	15824	-0.5284
COZEN_p_TCGAb56_SNP_2N_GenomeWideSNP_6_H05_667072	17	526	20395887	12300	0.0074
COZEN_p_TCGAb56_SNP_2N_GenomeWideSNP_6_H05_667072	17	20410231	20413446	2	-1.7939
COZEN_p_TCGAb56_SNP_2N_GenomeWideSNP_6_H05_667072	17	20431180	34437128	6087	-0.0066
COZEN_p_TCGAb56_SNP_2N_GenomeWideSNP_6_H05_667072	17	34439978	34485091	36	0.5093
COZEN_p_TCGAb56_SNP_2N_GenomeWideSNP_6_H05_667072	17	34528125	39197760	2410	-0.0036
COZEN_p_TCGAb56_SNP_2N_GenomeWideSNP_6_H05_667072	17	39203713	39221607	14	-1.0265
COZEN_p_TCGAb56_SNP_2N_GenomeWideSNP_6_H05_667072	17	39222806	39423210	126	-0.0581
COZEN_p_TCGAb56_SNP_2N_GenomeWideSNP_6_H05_667072	17	39423257	39430531	16	-0.8588
COZEN_p_TCGAb56_SNP_2N_GenomeWideSNP_6_H05_667072	17	39432724	44505241	2643	-0.0036
COZEN_p_TCGAb56_SNP_2N_GenomeWideSNP_6_H05_667072	17	44523711	44523726	2	-2.0098
COZEN_p_TCGAb56_SNP_2N_GenomeWideSNP_6_H05_667072	17	44546329	54160914	5844	0.0067
COZEN_p_TCGAb56_SNP_2N_GenomeWideSNP_6_H05_667072	17	54161009	54172591	25	-0.8958
COZEN_p_TCGAb56_SNP_2N_GenomeWideSNP_6_H05_667072	17	54172823	55687489	1173	-0.0042
COZEN_p_TCGAb56_SNP_2N_GenomeWideSNP_6_H05_667072	17	55688333	55688993	2	1.4503
COZEN_p_TCGAb56_SNP_2N_GenomeWideSNP_6_H05_667072	17	55691993	81049726	14609	-0.0028
COZEN_p_TCGAb56_SNP_2N_GenomeWideSNP_6_H05_667072	18	11543	76660693	50111	0.0337
COZEN_p_TCGAb56_SNP_2N_GenomeWideSNP_6_H05_667072	18	76662714	76664863	5	-1.133
COZEN_p_TCGAb56_SNP_2N_GenomeWideSNP_6_H05_667072	18	76666449	78015057	704	0.0165
COZEN_p_TCGAb56_SNP_2N_GenomeWideSNP_6_H05_667072	19	90910	35849322	16812	0.0042
COZEN_p_TCGAb56_SNP_2N_GenomeWideSNP_6_H05_667072	19	35849493	35866786	24	-0.5255
COZEN_p_TCGAb56_SNP_2N_GenomeWideSNP_6_H05_667072	19	35866801	52145146	8120	-0.0026
COZEN_p_TCGAb56_SNP_2N_GenomeWideSNP_6_H05_667072	19	52146792	52148197	5	-1.1265
COZEN_p_TCGAb56_SNP_2N_GenomeWideSNP_6_H05_667072	19	52154905	53518514	947	0.0091
COZEN_p_TCGAb56_SNP_2N_GenomeWideSNP_6_H05_667072	19	53518747	53554240	23	0.5335
COZEN_p_TCGAb56_SNP_2N_GenomeWideSNP_6_H05_667072	19	53554319	55333827	1102	-0.011
COZEN_p_TCGAb56_SNP_2N_GenomeWideSNP_6_H05_667072	19	55333884	55334991	2	-1.4362
COZEN_p_TCGAb56_SNP_2N_GenomeWideSNP_6_H05_667072	19	55335211	59097854	2308	-0.0084
COZEN_p_TCGAb56_SNP_2N_GenomeWideSNP_6_H05_667072	20	61305	1560951	1205	-0.0142
COZEN_p_TCGAb56_SNP_2N_GenomeWideSNP_6_H05_667072	20	1560999	1582207	37	1.1757
COZEN_p_TCGAb56_SNP_2N_GenomeWideSNP_6_H05_667072	20	1590257	62956153	41234	0.0098
COZEN_p_TCGAb56_SNP_2N_GenomeWideSNP_6_H05_667072	21	10736871	15088049	400	-0.0335
COZEN_p_TCGAb56_SNP_2N_GenomeWideSNP_6_H05_667072	21	15090628	15090848	2	-1.3289
COZEN_p_TCGAb56_SNP_2N_GenomeWideSNP_6_H05_667072	21	15091271	23651134	6068	0.0075
COZEN_p_TCGAb56_SNP_2N_GenomeWideSNP_6_H05_667072	21	23655900	23664658	9	-0.9681
COZEN_p_TCGAb56_SNP_2N_GenomeWideSNP_6_H05_667072	21	23666999	44968053	16170	0.0096
COZEN_p_TCGAb56_SNP_2N_GenomeWideSNP_6_H05_667072	21	44970873	44972812	2	1.3722
COZEN_p_TCGAb56_SNP_2N_GenomeWideSNP_6_H05_667072	21	44973667	46022529	536	-0.0069
COZEN_p_TCGAb56_SNP_2N_GenomeWideSNP_6_H05_667072	21	46023573	46023713	4	-1.4206
COZEN_p_TCGAb56_SNP_2N_GenomeWideSNP_6_H05_667072	21	46023726	48096957	1223	-0.0209
COZEN_p_TCGAb56_SNP_2N_GenomeWideSNP_6_H05_667072	22	16052528	24256932	4560	-0.0161
COZEN_p_TCGAb56_SNP_2N_GenomeWideSNP_6_H05_667072	22	24257337	24330218	51	-0.313
COZEN_p_TCGAb56_SNP_2N_GenomeWideSNP_6_H05_667072	22	24330269	24331967	2	-3.4191
COZEN_p_TCGAb56_SNP_2N_GenomeWideSNP_6_H05_667072	22	24332625	24344422	5	-0.527
COZEN_p_TCGAb56_SNP_2N_GenomeWideSNP_6_H05_667072	22	24350529	24396814	19	0.5399
COZEN_p_TCGAb56_SNP_2N_GenomeWideSNP_6_H05_667072	22	24401529	32815346	6046	0.0134
COZEN_p_TCGAb56_SNP_2N_GenomeWideSNP_6_H05_667072	22	32820366	32820480	2	-1.5011
COZEN_p_TCGAb56_SNP_2N_GenomeWideSNP_6_H05_667072	22	32825944	39351466	4821	0.0115
COZEN_p_TCGAb56_SNP_2N_GenomeWideSNP_6_H05_667072	22	39363619	39374715	23	-0.8236
COZEN_p_TCGAb56_SNP_2N_GenomeWideSNP_6_H05_667072	22	39375307	47387622	5049	9e-04
COZEN_p_TCGAb56_SNP_2N_GenomeWideSNP_6_H05_667072	22	47387792	47394500	10	-0.5698
COZEN_p_TCGAb56_SNP_2N_GenomeWideSNP_6_H05_667072	22	47400664	51234455	2967	-0.0074
COZEN_p_TCGAb56_SNP_2N_GenomeWideSNP_6_H05_667072	X	168477	48179486	29335	0.006
COZEN_p_TCGAb56_SNP_2N_GenomeWideSNP_6_H05_667072	X	48185698	48263550	19	0.4699
COZEN_p_TCGAb56_SNP_2N_GenomeWideSNP_6_H05_667072	X	48272484	48418460	59	0.0059
COZEN_p_TCGAb56_SNP_2N_GenomeWideSNP_6_H05_667072	X	48420127	48426102	4	0.951
COZEN_p_TCGAb56_SNP_2N_GenomeWideSNP_6_H05_667072	X	48433499	55701259	2919	0.0158
COZEN_p_TCGAb56_SNP_2N_GenomeWideSNP_6_H05_667072	X	55702659	55707556	3	-1.3173
COZEN_p_TCGAb56_SNP_2N_GenomeWideSNP_6_H05_667072	X	55707686	56797633	558	0.0258
COZEN_p_TCGAb56_SNP_2N_GenomeWideSNP_6_H05_667072	X	56798119	56803586	5	-1.6023
COZEN_p_TCGAb56_SNP_2N_GenomeWideSNP_6_H05_667072	X	56807583	81379638	9612	0.0057
COZEN_p_TCGAb56_SNP_2N_GenomeWideSNP_6_H05_667072	X	81396262	81412144	38	-0.8229
COZEN_p_TCGAb56_SNP_2N_GenomeWideSNP_6_H05_667072	X	81412263	134753919	29546	0.0068
COZEN_p_TCGAb56_SNP_2N_GenomeWideSNP_6_H05_667072	X	134757482	134800318	30	0.5501
COZEN_p_TCGAb56_SNP_2N_GenomeWideSNP_6_H05_667072	X	134802306	143626060	5559	0.0095
COZEN_p_TCGAb56_SNP_2N_GenomeWideSNP_6_H05_667072	X	143631490	143637684	4	-1.8031
COZEN_p_TCGAb56_SNP_2N_GenomeWideSNP_6_H05_667072	X	143638124	143689362	23	0.0102
COZEN_p_TCGAb56_SNP_2N_GenomeWideSNP_6_H05_667072	X	143689534	143692650	3	-1.3906
COZEN_p_TCGAb56_SNP_2N_GenomeWideSNP_6_H05_667072	X	143693538	155182354	6911	-0.0037
COZEN_p_TCGAb56_SNP_2N_GenomeWideSNP_6_H05_667072	Y	2650438	59018259	8631	-0.9541
