Sample	Chromosome	Start	End	Num_Probes	Segment_Mean
COZEN_p_TCGAb56_SNP_2N_GenomeWideSNP_6_A02_667160	1	61735	17082591	8793	-0.3372
COZEN_p_TCGAb56_SNP_2N_GenomeWideSNP_6_A02_667160	1	17087292	17262232	81	-0.7498
COZEN_p_TCGAb56_SNP_2N_GenomeWideSNP_6_A02_667160	1	17262247	25583341	5263	-0.3256
COZEN_p_TCGAb56_SNP_2N_GenomeWideSNP_6_A02_667160	1	25593128	25646184	24	-1.4331
COZEN_p_TCGAb56_SNP_2N_GenomeWideSNP_6_A02_667160	1	25646689	72768936	28825	-0.3477
COZEN_p_TCGAb56_SNP_2N_GenomeWideSNP_6_A02_667160	1	72771143	72797412	26	-1.2096
COZEN_p_TCGAb56_SNP_2N_GenomeWideSNP_6_A02_667160	1	72798594	74553448	1070	-0.395
COZEN_p_TCGAb56_SNP_2N_GenomeWideSNP_6_A02_667160	1	74557880	85979932	7572	-0.129
COZEN_p_TCGAb56_SNP_2N_GenomeWideSNP_6_A02_667160	1	85980350	86003166	11	0.7575
COZEN_p_TCGAb56_SNP_2N_GenomeWideSNP_6_A02_667160	1	86006009	89857427	2577	-0.1327
COZEN_p_TCGAb56_SNP_2N_GenomeWideSNP_6_A02_667160	1	89860268	90276360	279	-0.3959
COZEN_p_TCGAb56_SNP_2N_GenomeWideSNP_6_A02_667160	1	90276847	96152354	3755	-0.1189
COZEN_p_TCGAb56_SNP_2N_GenomeWideSNP_6_A02_667160	1	96154717	104159384	4841	-0.3914
COZEN_p_TCGAb56_SNP_2N_GenomeWideSNP_6_A02_667160	1	104163499	104303403	28	-1.1049
COZEN_p_TCGAb56_SNP_2N_GenomeWideSNP_6_A02_667160	1	104303501	106013376	919	-0.3897
COZEN_p_TCGAb56_SNP_2N_GenomeWideSNP_6_A02_667160	1	106019205	106022375	17	0.6033
COZEN_p_TCGAb56_SNP_2N_GenomeWideSNP_6_A02_667160	1	106024055	108729759	1944	-0.3771
COZEN_p_TCGAb56_SNP_2N_GenomeWideSNP_6_A02_667160	1	108734235	108737496	3	-2.7483
COZEN_p_TCGAb56_SNP_2N_GenomeWideSNP_6_A02_667160	1	108739104	111714217	1829	-0.3615
COZEN_p_TCGAb56_SNP_2N_GenomeWideSNP_6_A02_667160	1	111715122	112690326	867	0.0759
COZEN_p_TCGAb56_SNP_2N_GenomeWideSNP_6_A02_667160	1	112695965	112697241	23	-0.753
COZEN_p_TCGAb56_SNP_2N_GenomeWideSNP_6_A02_667160	1	112697376	121482979	5189	0.0744
COZEN_p_TCGAb56_SNP_2N_GenomeWideSNP_6_A02_667160	1	144007049	145243516	257	0.832
COZEN_p_TCGAb56_SNP_2N_GenomeWideSNP_6_A02_667160	1	145255254	148572094	893	1.0834
COZEN_p_TCGAb56_SNP_2N_GenomeWideSNP_6_A02_667160	1	148575315	149041722	50	0.5883
COZEN_p_TCGAb56_SNP_2N_GenomeWideSNP_6_A02_667160	1	149041806	149290775	133	1.1826
COZEN_p_TCGAb56_SNP_2N_GenomeWideSNP_6_A02_667160	1	149291599	149429206	24	0.8154
COZEN_p_TCGAb56_SNP_2N_GenomeWideSNP_6_A02_667160	1	149436842	149691264	18	0.1723
COZEN_p_TCGAb56_SNP_2N_GenomeWideSNP_6_A02_667160	1	149691503	150738373	465	0.9879
COZEN_p_TCGAb56_SNP_2N_GenomeWideSNP_6_A02_667160	1	150738699	152555527	1017	0.6206
COZEN_p_TCGAb56_SNP_2N_GenomeWideSNP_6_A02_667160	1	152555706	152586576	34	-2.2156
COZEN_p_TCGAb56_SNP_2N_GenomeWideSNP_6_A02_667160	1	152586594	152763069	192	0.6664
COZEN_p_TCGAb56_SNP_2N_GenomeWideSNP_6_A02_667160	1	152767467	152773905	18	1.0952
COZEN_p_TCGAb56_SNP_2N_GenomeWideSNP_6_A02_667160	1	152776755	158866573	3622	0.5901
COZEN_p_TCGAb56_SNP_2N_GenomeWideSNP_6_A02_667160	1	158868501	158869759	2	-0.8167
COZEN_p_TCGAb56_SNP_2N_GenomeWideSNP_6_A02_667160	1	158874818	161881297	1880	0.4022
COZEN_p_TCGAb56_SNP_2N_GenomeWideSNP_6_A02_667160	1	161891556	163595262	1445	0.8506
COZEN_p_TCGAb56_SNP_2N_GenomeWideSNP_6_A02_667160	1	163595594	163828842	137	1.1638
COZEN_p_TCGAb56_SNP_2N_GenomeWideSNP_6_A02_667160	1	163829349	167256043	2771	0.8544
COZEN_p_TCGAb56_SNP_2N_GenomeWideSNP_6_A02_667160	1	167259336	167333317	26	0.4043
COZEN_p_TCGAb56_SNP_2N_GenomeWideSNP_6_A02_667160	1	167334111	169216937	1465	0.6442
COZEN_p_TCGAb56_SNP_2N_GenomeWideSNP_6_A02_667160	1	169233974	169242401	8	-0.2212
COZEN_p_TCGAb56_SNP_2N_GenomeWideSNP_6_A02_667160	1	169254877	178660310	6062	0.5227
COZEN_p_TCGAb56_SNP_2N_GenomeWideSNP_6_A02_667160	1	178660366	178661865	6	1.0741
COZEN_p_TCGAb56_SNP_2N_GenomeWideSNP_6_A02_667160	1	178661895	179323738	555	0.4209
COZEN_p_TCGAb56_SNP_2N_GenomeWideSNP_6_A02_667160	1	179330528	179333315	4	-0.7691
COZEN_p_TCGAb56_SNP_2N_GenomeWideSNP_6_A02_667160	1	179339206	189549597	6760	0.6102
COZEN_p_TCGAb56_SNP_2N_GenomeWideSNP_6_A02_667160	1	189551970	189552871	5	-0.1702
COZEN_p_TCGAb56_SNP_2N_GenomeWideSNP_6_A02_667160	1	189554067	189648157	73	0.5321
COZEN_p_TCGAb56_SNP_2N_GenomeWideSNP_6_A02_667160	1	189648483	189648527	2	-3.0035
COZEN_p_TCGAb56_SNP_2N_GenomeWideSNP_6_A02_667160	1	189652047	195820890	4161	0.5927
COZEN_p_TCGAb56_SNP_2N_GenomeWideSNP_6_A02_667160	1	195825382	195828511	2	-0.5054
COZEN_p_TCGAb56_SNP_2N_GenomeWideSNP_6_A02_667160	1	195830332	196714873	583	0.5836
COZEN_p_TCGAb56_SNP_2N_GenomeWideSNP_6_A02_667160	1	196727850	196801655	87	0.9422
COZEN_p_TCGAb56_SNP_2N_GenomeWideSNP_6_A02_667160	1	196801784	199107702	1389	0.638
COZEN_p_TCGAb56_SNP_2N_GenomeWideSNP_6_A02_667160	1	199111363	199113011	8	-0.4396
COZEN_p_TCGAb56_SNP_2N_GenomeWideSNP_6_A02_667160	1	199113840	200335284	885	0.6439
COZEN_p_TCGAb56_SNP_2N_GenomeWideSNP_6_A02_667160	1	200336182	202567272	1426	0.9416
COZEN_p_TCGAb56_SNP_2N_GenomeWideSNP_6_A02_667160	1	202567553	202567786	3	-0.2388
COZEN_p_TCGAb56_SNP_2N_GenomeWideSNP_6_A02_667160	1	202568542	205044339	1795	1.2271
COZEN_p_TCGAb56_SNP_2N_GenomeWideSNP_6_A02_667160	1	205045202	206867994	812	1.6419
COZEN_p_TCGAb56_SNP_2N_GenomeWideSNP_6_A02_667160	1	206868245	207526593	461	1.3939
COZEN_p_TCGAb56_SNP_2N_GenomeWideSNP_6_A02_667160	1	207527141	207558347	18	0.9503
COZEN_p_TCGAb56_SNP_2N_GenomeWideSNP_6_A02_667160	1	207558773	207587364	17	1.4693
COZEN_p_TCGAb56_SNP_2N_GenomeWideSNP_6_A02_667160	1	207588001	207868963	177	0.9219
COZEN_p_TCGAb56_SNP_2N_GenomeWideSNP_6_A02_667160	1	207871024	208078421	151	1.469
COZEN_p_TCGAb56_SNP_2N_GenomeWideSNP_6_A02_667160	1	208080972	208451771	326	1.0625
COZEN_p_TCGAb56_SNP_2N_GenomeWideSNP_6_A02_667160	1	208454371	208501958	64	0.7106
COZEN_p_TCGAb56_SNP_2N_GenomeWideSNP_6_A02_667160	1	208505735	209176586	552	0.397
COZEN_p_TCGAb56_SNP_2N_GenomeWideSNP_6_A02_667160	1	209183453	209189265	5	1.877
COZEN_p_TCGAb56_SNP_2N_GenomeWideSNP_6_A02_667160	1	209194693	209252289	49	0.3952
COZEN_p_TCGAb56_SNP_2N_GenomeWideSNP_6_A02_667160	1	209254811	209485401	165	0.6814
COZEN_p_TCGAb56_SNP_2N_GenomeWideSNP_6_A02_667160	1	209486026	209731483	205	1.1638
COZEN_p_TCGAb56_SNP_2N_GenomeWideSNP_6_A02_667160	1	209731542	209771347	40	0.7105
COZEN_p_TCGAb56_SNP_2N_GenomeWideSNP_6_A02_667160	1	209774834	210071062	286	1.2697
COZEN_p_TCGAb56_SNP_2N_GenomeWideSNP_6_A02_667160	1	210081613	210083984	3	-2.7039
COZEN_p_TCGAb56_SNP_2N_GenomeWideSNP_6_A02_667160	1	210086552	210732325	482	1.3479
COZEN_p_TCGAb56_SNP_2N_GenomeWideSNP_6_A02_667160	1	210736091	210917114	166	0.8596
COZEN_p_TCGAb56_SNP_2N_GenomeWideSNP_6_A02_667160	1	210918614	210983430	57	1.3618
COZEN_p_TCGAb56_SNP_2N_GenomeWideSNP_6_A02_667160	1	210987009	211527481	296	0.8461
COZEN_p_TCGAb56_SNP_2N_GenomeWideSNP_6_A02_667160	1	211527965	211743722	143	1.2083
COZEN_p_TCGAb56_SNP_2N_GenomeWideSNP_6_A02_667160	1	211746189	212090728	195	0.8404
COZEN_p_TCGAb56_SNP_2N_GenomeWideSNP_6_A02_667160	1	212090822	212200866	69	1.4386
COZEN_p_TCGAb56_SNP_2N_GenomeWideSNP_6_A02_667160	1	212208491	212298845	54	0.8416
COZEN_p_TCGAb56_SNP_2N_GenomeWideSNP_6_A02_667160	1	212299710	212430003	93	1.1376
COZEN_p_TCGAb56_SNP_2N_GenomeWideSNP_6_A02_667160	1	212430756	214139347	1151	0.7544
COZEN_p_TCGAb56_SNP_2N_GenomeWideSNP_6_A02_667160	1	214140993	214172867	24	1.3152
COZEN_p_TCGAb56_SNP_2N_GenomeWideSNP_6_A02_667160	1	214174885	214188553	13	0.604
COZEN_p_TCGAb56_SNP_2N_GenomeWideSNP_6_A02_667160	1	214189783	214746907	451	1.2308
COZEN_p_TCGAb56_SNP_2N_GenomeWideSNP_6_A02_667160	1	214747257	214765937	24	0.7263
COZEN_p_TCGAb56_SNP_2N_GenomeWideSNP_6_A02_667160	1	214774522	214795454	6	1.4015
COZEN_p_TCGAb56_SNP_2N_GenomeWideSNP_6_A02_667160	1	214802647	214917119	75	0.786
COZEN_p_TCGAb56_SNP_2N_GenomeWideSNP_6_A02_667160	1	214918282	215011471	75	1.0512
COZEN_p_TCGAb56_SNP_2N_GenomeWideSNP_6_A02_667160	1	215013387	216669038	1118	0.7838
COZEN_p_TCGAb56_SNP_2N_GenomeWideSNP_6_A02_667160	1	216673050	228188577	7638	0.4029
COZEN_p_TCGAb56_SNP_2N_GenomeWideSNP_6_A02_667160	1	228188710	235449050	5258	0.6432
COZEN_p_TCGAb56_SNP_2N_GenomeWideSNP_6_A02_667160	1	235452705	238855281	2622	0.399
COZEN_p_TCGAb56_SNP_2N_GenomeWideSNP_6_A02_667160	1	238855638	238856094	3	-0.7212
COZEN_p_TCGAb56_SNP_2N_GenomeWideSNP_6_A02_667160	1	238862449	240449826	1252	0.3882
COZEN_p_TCGAb56_SNP_2N_GenomeWideSNP_6_A02_667160	1	240449873	243053057	2025	0.8214
COZEN_p_TCGAb56_SNP_2N_GenomeWideSNP_6_A02_667160	1	243054702	243059774	36	0.5199
COZEN_p_TCGAb56_SNP_2N_GenomeWideSNP_6_A02_667160	1	243062601	249224388	3816	0.878
COZEN_p_TCGAb56_SNP_2N_GenomeWideSNP_6_A02_667160	2	12784	4383297	3190	-0.0844
COZEN_p_TCGAb56_SNP_2N_GenomeWideSNP_6_A02_667160	2	4389159	4688709	221	0.2556
COZEN_p_TCGAb56_SNP_2N_GenomeWideSNP_6_A02_667160	2	4698129	8071919	2825	-0.1366
COZEN_p_TCGAb56_SNP_2N_GenomeWideSNP_6_A02_667160	2	8072565	11248444	2309	0.2771
COZEN_p_TCGAb56_SNP_2N_GenomeWideSNP_6_A02_667160	2	11250874	23934680	9090	-0.1188
COZEN_p_TCGAb56_SNP_2N_GenomeWideSNP_6_A02_667160	2	23934816	25134999	610	-0.3639
COZEN_p_TCGAb56_SNP_2N_GenomeWideSNP_6_A02_667160	2	25135620	25145870	5	-1.3074
COZEN_p_TCGAb56_SNP_2N_GenomeWideSNP_6_A02_667160	2	25148094	34691069	5855	-0.3618
COZEN_p_TCGAb56_SNP_2N_GenomeWideSNP_6_A02_667160	2	34699315	34737057	46	0.3038
COZEN_p_TCGAb56_SNP_2N_GenomeWideSNP_6_A02_667160	2	34737163	35975973	875	-0.3508
COZEN_p_TCGAb56_SNP_2N_GenomeWideSNP_6_A02_667160	2	35977790	35987916	6	-1.5101
COZEN_p_TCGAb56_SNP_2N_GenomeWideSNP_6_A02_667160	2	35987947	44118189	6029	-0.3831
COZEN_p_TCGAb56_SNP_2N_GenomeWideSNP_6_A02_667160	2	44122857	46631075	1947	0.1113
COZEN_p_TCGAb56_SNP_2N_GenomeWideSNP_6_A02_667160	2	46633180	52596977	4058	-0.3764
COZEN_p_TCGAb56_SNP_2N_GenomeWideSNP_6_A02_667160	2	52599360	52599968	2	-2.0376
COZEN_p_TCGAb56_SNP_2N_GenomeWideSNP_6_A02_667160	2	52600309	52743925	119	-0.375
COZEN_p_TCGAb56_SNP_2N_GenomeWideSNP_6_A02_667160	2	52754468	52781295	32	0.3089
COZEN_p_TCGAb56_SNP_2N_GenomeWideSNP_6_A02_667160	2	52781326	76845173	15561	-0.3707
COZEN_p_TCGAb56_SNP_2N_GenomeWideSNP_6_A02_667160	2	76845281	76845426	4	-1.8838
COZEN_p_TCGAb56_SNP_2N_GenomeWideSNP_6_A02_667160	2	76847586	80249983	2423	-0.386
COZEN_p_TCGAb56_SNP_2N_GenomeWideSNP_6_A02_667160	2	80250765	80428800	140	-0.1151
COZEN_p_TCGAb56_SNP_2N_GenomeWideSNP_6_A02_667160	2	80434169	86756209	3732	-0.383
COZEN_p_TCGAb56_SNP_2N_GenomeWideSNP_6_A02_667160	2	86765797	87435237	199	0.0418
COZEN_p_TCGAb56_SNP_2N_GenomeWideSNP_6_A02_667160	2	87438202	87996372	149	-0.1897
COZEN_p_TCGAb56_SNP_2N_GenomeWideSNP_6_A02_667160	2	88024667	88371441	63	0.0853
COZEN_p_TCGAb56_SNP_2N_GenomeWideSNP_6_A02_667160	2	88373787	89006757	343	0.4314
COZEN_p_TCGAb56_SNP_2N_GenomeWideSNP_6_A02_667160	2	89007287	89936766	269	0.1298
COZEN_p_TCGAb56_SNP_2N_GenomeWideSNP_6_A02_667160	2	89959761	91787075	187	0.3718
COZEN_p_TCGAb56_SNP_2N_GenomeWideSNP_6_A02_667160	2	91787401	91801484	21	0.785
COZEN_p_TCGAb56_SNP_2N_GenomeWideSNP_6_A02_667160	2	91807739	95346639	88	0.2702
COZEN_p_TCGAb56_SNP_2N_GenomeWideSNP_6_A02_667160	2	95346981	97197154	590	0.5661
COZEN_p_TCGAb56_SNP_2N_GenomeWideSNP_6_A02_667160	2	97198800	97659378	196	0.8273
COZEN_p_TCGAb56_SNP_2N_GenomeWideSNP_6_A02_667160	2	97660343	98118212	114	0.5027
COZEN_p_TCGAb56_SNP_2N_GenomeWideSNP_6_A02_667160	2	98140747	98161710	8	-0.2943
COZEN_p_TCGAb56_SNP_2N_GenomeWideSNP_6_A02_667160	2	98162189	98828807	318	0.575
COZEN_p_TCGAb56_SNP_2N_GenomeWideSNP_6_A02_667160	2	98830207	98898347	85	0.2293
COZEN_p_TCGAb56_SNP_2N_GenomeWideSNP_6_A02_667160	2	98898585	99563298	347	0.5385
COZEN_p_TCGAb56_SNP_2N_GenomeWideSNP_6_A02_667160	2	99564428	100220417	310	0.2645
COZEN_p_TCGAb56_SNP_2N_GenomeWideSNP_6_A02_667160	2	100221321	100822675	398	0.5518
COZEN_p_TCGAb56_SNP_2N_GenomeWideSNP_6_A02_667160	2	100825268	101107353	226	0.8124
COZEN_p_TCGAb56_SNP_2N_GenomeWideSNP_6_A02_667160	2	101108765	102987361	1227	0.4361
COZEN_p_TCGAb56_SNP_2N_GenomeWideSNP_6_A02_667160	2	102987485	103669386	470	0.7555
COZEN_p_TCGAb56_SNP_2N_GenomeWideSNP_6_A02_667160	2	103674434	103764242	47	0.2175
COZEN_p_TCGAb56_SNP_2N_GenomeWideSNP_6_A02_667160	2	103767612	105544662	1083	0.6782
COZEN_p_TCGAb56_SNP_2N_GenomeWideSNP_6_A02_667160	2	105549856	105655957	58	0.3464
COZEN_p_TCGAb56_SNP_2N_GenomeWideSNP_6_A02_667160	2	105656632	106880095	1012	0.556
COZEN_p_TCGAb56_SNP_2N_GenomeWideSNP_6_A02_667160	2	106880713	106885357	11	1.1275
COZEN_p_TCGAb56_SNP_2N_GenomeWideSNP_6_A02_667160	2	106887255	107862416	634	0.6133
COZEN_p_TCGAb56_SNP_2N_GenomeWideSNP_6_A02_667160	2	107862691	108338542	285	0.2518
COZEN_p_TCGAb56_SNP_2N_GenomeWideSNP_6_A02_667160	2	108342707	108607194	171	0.5221
COZEN_p_TCGAb56_SNP_2N_GenomeWideSNP_6_A02_667160	2	108608094	108701607	66	0.2594
COZEN_p_TCGAb56_SNP_2N_GenomeWideSNP_6_A02_667160	2	108701757	109295049	330	0.5233
COZEN_p_TCGAb56_SNP_2N_GenomeWideSNP_6_A02_667160	2	109298090	110032726	488	0.259
COZEN_p_TCGAb56_SNP_2N_GenomeWideSNP_6_A02_667160	2	110034254	110462496	138	0.5967
COZEN_p_TCGAb56_SNP_2N_GenomeWideSNP_6_A02_667160	2	110467473	112425702	641	0.2492
COZEN_p_TCGAb56_SNP_2N_GenomeWideSNP_6_A02_667160	2	112427528	112723865	131	-0.0988
COZEN_p_TCGAb56_SNP_2N_GenomeWideSNP_6_A02_667160	2	112725896	116602116	2344	0.2546
COZEN_p_TCGAb56_SNP_2N_GenomeWideSNP_6_A02_667160	2	116603997	117130037	289	-0.1678
COZEN_p_TCGAb56_SNP_2N_GenomeWideSNP_6_A02_667160	2	117135263	117588586	279	0.226
COZEN_p_TCGAb56_SNP_2N_GenomeWideSNP_6_A02_667160	2	117589767	117589853	2	-1.1214
COZEN_p_TCGAb56_SNP_2N_GenomeWideSNP_6_A02_667160	2	117591245	122399096	3049	0.2876
COZEN_p_TCGAb56_SNP_2N_GenomeWideSNP_6_A02_667160	2	122406056	122528236	64	-0.0867
COZEN_p_TCGAb56_SNP_2N_GenomeWideSNP_6_A02_667160	2	122533919	124729719	1521	0.2594
COZEN_p_TCGAb56_SNP_2N_GenomeWideSNP_6_A02_667160	2	124735609	126345034	1010	-0.1135
COZEN_p_TCGAb56_SNP_2N_GenomeWideSNP_6_A02_667160	2	126345063	128950217	1571	0.2637
COZEN_p_TCGAb56_SNP_2N_GenomeWideSNP_6_A02_667160	2	128956785	133038340	2067	-0.106
COZEN_p_TCGAb56_SNP_2N_GenomeWideSNP_6_A02_667160	2	133038729	133115037	29	-0.511
COZEN_p_TCGAb56_SNP_2N_GenomeWideSNP_6_A02_667160	2	133117260	136462831	2286	-0.139
COZEN_p_TCGAb56_SNP_2N_GenomeWideSNP_6_A02_667160	2	136464818	136465142	3	-2.9582
COZEN_p_TCGAb56_SNP_2N_GenomeWideSNP_6_A02_667160	2	136465856	138565931	1444	-0.1376
COZEN_p_TCGAb56_SNP_2N_GenomeWideSNP_6_A02_667160	2	138567858	143426414	3155	0.2316
COZEN_p_TCGAb56_SNP_2N_GenomeWideSNP_6_A02_667160	2	143428275	143777498	210	-0.1793
COZEN_p_TCGAb56_SNP_2N_GenomeWideSNP_6_A02_667160	2	143777880	156217094	7401	0.226
COZEN_p_TCGAb56_SNP_2N_GenomeWideSNP_6_A02_667160	2	156220877	159958620	2178	-0.1514
COZEN_p_TCGAb56_SNP_2N_GenomeWideSNP_6_A02_667160	2	159960343	159960973	2	-1.2897
COZEN_p_TCGAb56_SNP_2N_GenomeWideSNP_6_A02_667160	2	159963287	169202665	5506	0.0326
COZEN_p_TCGAb56_SNP_2N_GenomeWideSNP_6_A02_667160	2	169204723	169204872	2	-1.7154
COZEN_p_TCGAb56_SNP_2N_GenomeWideSNP_6_A02_667160	2	169204903	169749841	424	0.0467
COZEN_p_TCGAb56_SNP_2N_GenomeWideSNP_6_A02_667160	2	169752951	172252449	1593	0.6549
COZEN_p_TCGAb56_SNP_2N_GenomeWideSNP_6_A02_667160	2	172253756	174693766	1665	0.0638
COZEN_p_TCGAb56_SNP_2N_GenomeWideSNP_6_A02_667160	2	174693849	174930697	155	0.3997
COZEN_p_TCGAb56_SNP_2N_GenomeWideSNP_6_A02_667160	2	174931752	179340581	2747	0.0496
COZEN_p_TCGAb56_SNP_2N_GenomeWideSNP_6_A02_667160	2	179340710	181967394	1722	0.6414
COZEN_p_TCGAb56_SNP_2N_GenomeWideSNP_6_A02_667160	2	181969709	182183870	123	0.356
COZEN_p_TCGAb56_SNP_2N_GenomeWideSNP_6_A02_667160	2	182186835	184399531	1331	0.6266
COZEN_p_TCGAb56_SNP_2N_GenomeWideSNP_6_A02_667160	2	184404783	190530418	3475	0.381
COZEN_p_TCGAb56_SNP_2N_GenomeWideSNP_6_A02_667160	2	190535926	191282974	430	0.053
COZEN_p_TCGAb56_SNP_2N_GenomeWideSNP_6_A02_667160	2	191286264	194355580	1785	0.6437
COZEN_p_TCGAb56_SNP_2N_GenomeWideSNP_6_A02_667160	2	194360819	196673533	1246	0.0525
COZEN_p_TCGAb56_SNP_2N_GenomeWideSNP_6_A02_667160	2	196676489	196676794	2	-2.146
COZEN_p_TCGAb56_SNP_2N_GenomeWideSNP_6_A02_667160	2	196680049	230301602	21335	-0.0114
COZEN_p_TCGAb56_SNP_2N_GenomeWideSNP_6_A02_667160	2	230302542	230303272	3	-1.9744
COZEN_p_TCGAb56_SNP_2N_GenomeWideSNP_6_A02_667160	2	230304873	243089456	7820	-0.1407
COZEN_p_TCGAb56_SNP_2N_GenomeWideSNP_6_A02_667160	3	60345	8821804	7760	0.0778
COZEN_p_TCGAb56_SNP_2N_GenomeWideSNP_6_A02_667160	3	8825367	8857028	27	0.4586
COZEN_p_TCGAb56_SNP_2N_GenomeWideSNP_6_A02_667160	3	8858201	13121220	3052	0.0754
COZEN_p_TCGAb56_SNP_2N_GenomeWideSNP_6_A02_667160	3	13122728	13127835	3	-1.7347
COZEN_p_TCGAb56_SNP_2N_GenomeWideSNP_6_A02_667160	3	13128430	13621320	361	0.0981
COZEN_p_TCGAb56_SNP_2N_GenomeWideSNP_6_A02_667160	3	13621532	13621911	4	-2.9044
COZEN_p_TCGAb56_SNP_2N_GenomeWideSNP_6_A02_667160	3	13624899	30191123	11362	0.0597
COZEN_p_TCGAb56_SNP_2N_GenomeWideSNP_6_A02_667160	3	30192544	30192565	2	-1.3682
COZEN_p_TCGAb56_SNP_2N_GenomeWideSNP_6_A02_667160	3	30192777	65188453	22832	0.0802
COZEN_p_TCGAb56_SNP_2N_GenomeWideSNP_6_A02_667160	3	65189235	65210452	53	-0.9532
COZEN_p_TCGAb56_SNP_2N_GenomeWideSNP_6_A02_667160	3	65216349	68732028	2422	0.0848
COZEN_p_TCGAb56_SNP_2N_GenomeWideSNP_6_A02_667160	3	68746164	68748786	17	0.5707
COZEN_p_TCGAb56_SNP_2N_GenomeWideSNP_6_A02_667160	3	68748945	81595080	8360	0.0575
COZEN_p_TCGAb56_SNP_2N_GenomeWideSNP_6_A02_667160	3	81596104	81597307	2	-1.3108
COZEN_p_TCGAb56_SNP_2N_GenomeWideSNP_6_A02_667160	3	81600797	89405117	4312	0.0359
COZEN_p_TCGAb56_SNP_2N_GenomeWideSNP_6_A02_667160	3	89405754	89419381	39	-0.3851
COZEN_p_TCGAb56_SNP_2N_GenomeWideSNP_6_A02_667160	3	89419921	98944763	3252	0.0509
COZEN_p_TCGAb56_SNP_2N_GenomeWideSNP_6_A02_667160	3	98944834	98949308	28	-0.3363
COZEN_p_TCGAb56_SNP_2N_GenomeWideSNP_6_A02_667160	3	98949314	107235614	4923	0.036
COZEN_p_TCGAb56_SNP_2N_GenomeWideSNP_6_A02_667160	3	107238509	112597948	3383	-0.3847
COZEN_p_TCGAb56_SNP_2N_GenomeWideSNP_6_A02_667160	3	112598335	115543087	1697	0.0417
COZEN_p_TCGAb56_SNP_2N_GenomeWideSNP_6_A02_667160	3	115543891	125449526	6260	-0.3719
COZEN_p_TCGAb56_SNP_2N_GenomeWideSNP_6_A02_667160	3	125449614	125452841	4	-2.4991
COZEN_p_TCGAb56_SNP_2N_GenomeWideSNP_6_A02_667160	3	125452872	160144968	21290	-0.3695
COZEN_p_TCGAb56_SNP_2N_GenomeWideSNP_6_A02_667160	3	160146418	160191236	17	0.0981
COZEN_p_TCGAb56_SNP_2N_GenomeWideSNP_6_A02_667160	3	160191426	162524858	1514	-0.3599
COZEN_p_TCGAb56_SNP_2N_GenomeWideSNP_6_A02_667160	3	162528630	162540490	10	0.7258
COZEN_p_TCGAb56_SNP_2N_GenomeWideSNP_6_A02_667160	3	162545716	162613968	39	-0.3706
COZEN_p_TCGAb56_SNP_2N_GenomeWideSNP_6_A02_667160	3	162615567	162626603	11	0.1272
COZEN_p_TCGAb56_SNP_2N_GenomeWideSNP_6_A02_667160	3	162628614	163658952	578	-0.3599
COZEN_p_TCGAb56_SNP_2N_GenomeWideSNP_6_A02_667160	3	163658956	163662424	9	0.1746
COZEN_p_TCGAb56_SNP_2N_GenomeWideSNP_6_A02_667160	3	163662721	165021836	717	-0.3877
COZEN_p_TCGAb56_SNP_2N_GenomeWideSNP_6_A02_667160	3	165022274	165022914	2	0.8955
COZEN_p_TCGAb56_SNP_2N_GenomeWideSNP_6_A02_667160	3	165030679	166272605	801	-0.3585
COZEN_p_TCGAb56_SNP_2N_GenomeWideSNP_6_A02_667160	3	166276053	166955479	325	0.0398
COZEN_p_TCGAb56_SNP_2N_GenomeWideSNP_6_A02_667160	3	166959430	167047721	34	-0.4203
COZEN_p_TCGAb56_SNP_2N_GenomeWideSNP_6_A02_667160	3	167047839	168014277	554	0.0615
COZEN_p_TCGAb56_SNP_2N_GenomeWideSNP_6_A02_667160	3	168019529	168559300	307	-0.4059
COZEN_p_TCGAb56_SNP_2N_GenomeWideSNP_6_A02_667160	3	168566814	168730180	117	0.0358
COZEN_p_TCGAb56_SNP_2N_GenomeWideSNP_6_A02_667160	3	168733402	168738628	2	1.219
COZEN_p_TCGAb56_SNP_2N_GenomeWideSNP_6_A02_667160	3	168739827	169085420	255	0.0218
COZEN_p_TCGAb56_SNP_2N_GenomeWideSNP_6_A02_667160	3	169085534	169115041	26	-0.3662
COZEN_p_TCGAb56_SNP_2N_GenomeWideSNP_6_A02_667160	3	169117005	169430226	230	0.0717
COZEN_p_TCGAb56_SNP_2N_GenomeWideSNP_6_A02_667160	3	169436788	170657770	685	0.3734
COZEN_p_TCGAb56_SNP_2N_GenomeWideSNP_6_A02_667160	3	170658518	170718364	23	-0.0448
COZEN_p_TCGAb56_SNP_2N_GenomeWideSNP_6_A02_667160	3	170720412	171289017	423	-0.4129
COZEN_p_TCGAb56_SNP_2N_GenomeWideSNP_6_A02_667160	3	171301112	172638080	900	0.0615
COZEN_p_TCGAb56_SNP_2N_GenomeWideSNP_6_A02_667160	3	172646170	173036766	230	0.3505
COZEN_p_TCGAb56_SNP_2N_GenomeWideSNP_6_A02_667160	3	173039192	176118202	2117	-0.3725
COZEN_p_TCGAb56_SNP_2N_GenomeWideSNP_6_A02_667160	3	176120745	195773777	12528	0.1046
COZEN_p_TCGAb56_SNP_2N_GenomeWideSNP_6_A02_667160	3	195776590	195776864	4	1.1927
COZEN_p_TCGAb56_SNP_2N_GenomeWideSNP_6_A02_667160	3	195777211	197833719	1012	0.1367
COZEN_p_TCGAb56_SNP_2N_GenomeWideSNP_6_A02_667160	3	197833745	197835005	14	-0.3499
COZEN_p_TCGAb56_SNP_2N_GenomeWideSNP_6_A02_667160	3	197835438	197896118	28	0.2349
COZEN_p_TCGAb56_SNP_2N_GenomeWideSNP_6_A02_667160	4	12281	34526	18	-0.3861
COZEN_p_TCGAb56_SNP_2N_GenomeWideSNP_6_A02_667160	4	34626	65761	38	-0.8888
COZEN_p_TCGAb56_SNP_2N_GenomeWideSNP_6_A02_667160	4	65978	10210390	5733	-0.3164
COZEN_p_TCGAb56_SNP_2N_GenomeWideSNP_6_A02_667160	4	10223416	10235268	35	-2.1167
COZEN_p_TCGAb56_SNP_2N_GenomeWideSNP_6_A02_667160	4	10236142	10392354	171	-0.3469
COZEN_p_TCGAb56_SNP_2N_GenomeWideSNP_6_A02_667160	4	10393154	10402746	17	0.1496
COZEN_p_TCGAb56_SNP_2N_GenomeWideSNP_6_A02_667160	4	10402764	23996774	9871	-0.366
COZEN_p_TCGAb56_SNP_2N_GenomeWideSNP_6_A02_667160	4	23999673	24000040	2	-2.3787
COZEN_p_TCGAb56_SNP_2N_GenomeWideSNP_6_A02_667160	4	24000480	30646834	4475	-0.3807
COZEN_p_TCGAb56_SNP_2N_GenomeWideSNP_6_A02_667160	4	30647182	30652183	4	-1.6387
COZEN_p_TCGAb56_SNP_2N_GenomeWideSNP_6_A02_667160	4	30652196	36014981	3262	-0.3888
COZEN_p_TCGAb56_SNP_2N_GenomeWideSNP_6_A02_667160	4	36015133	36015518	2	-3.4574
COZEN_p_TCGAb56_SNP_2N_GenomeWideSNP_6_A02_667160	4	36017518	39714340	2555	-0.3904
COZEN_p_TCGAb56_SNP_2N_GenomeWideSNP_6_A02_667160	4	39718210	44965047	3267	0.0617
COZEN_p_TCGAb56_SNP_2N_GenomeWideSNP_6_A02_667160	4	44965196	45006192	45	0.6941
COZEN_p_TCGAb56_SNP_2N_GenomeWideSNP_6_A02_667160	4	45006312	49620885	2357	0.0581
COZEN_p_TCGAb56_SNP_2N_GenomeWideSNP_6_A02_667160	4	49643763	49658612	8	-0.9328
COZEN_p_TCGAb56_SNP_2N_GenomeWideSNP_6_A02_667160	4	52685699	60320033	5062	0.0697
COZEN_p_TCGAb56_SNP_2N_GenomeWideSNP_6_A02_667160	4	60324949	60330445	5	0.8835
COZEN_p_TCGAb56_SNP_2N_GenomeWideSNP_6_A02_667160	4	60331535	61327312	614	0.0474
COZEN_p_TCGAb56_SNP_2N_GenomeWideSNP_6_A02_667160	4	61329994	61331617	2	1.517
COZEN_p_TCGAb56_SNP_2N_GenomeWideSNP_6_A02_667160	4	61335564	61936938	398	0.0583
COZEN_p_TCGAb56_SNP_2N_GenomeWideSNP_6_A02_667160	4	61940935	61941952	2	-1.1215
COZEN_p_TCGAb56_SNP_2N_GenomeWideSNP_6_A02_667160	4	61945686	64692979	1501	0.0284
COZEN_p_TCGAb56_SNP_2N_GenomeWideSNP_6_A02_667160	4	64693940	64708258	30	-0.3685
COZEN_p_TCGAb56_SNP_2N_GenomeWideSNP_6_A02_667160	4	64716431	69372003	2885	0.0057
COZEN_p_TCGAb56_SNP_2N_GenomeWideSNP_6_A02_667160	4	69374941	69413943	20	0.6528
COZEN_p_TCGAb56_SNP_2N_GenomeWideSNP_6_A02_667160	4	69420023	69426448	4	1.6966
COZEN_p_TCGAb56_SNP_2N_GenomeWideSNP_6_A02_667160	4	69426488	69485840	40	0.5984
COZEN_p_TCGAb56_SNP_2N_GenomeWideSNP_6_A02_667160	4	69485979	70127644	330	0.102
COZEN_p_TCGAb56_SNP_2N_GenomeWideSNP_6_A02_667160	4	70127652	70232124	55	-0.9914
COZEN_p_TCGAb56_SNP_2N_GenomeWideSNP_6_A02_667160	4	70236151	98132244	17208	0.0532
COZEN_p_TCGAb56_SNP_2N_GenomeWideSNP_6_A02_667160	4	98132623	98132734	3	-1.3244
COZEN_p_TCGAb56_SNP_2N_GenomeWideSNP_6_A02_667160	4	98134810	100250970	1109	0.0395
COZEN_p_TCGAb56_SNP_2N_GenomeWideSNP_6_A02_667160	4	100253708	100254926	3	-1.0938
COZEN_p_TCGAb56_SNP_2N_GenomeWideSNP_6_A02_667160	4	100254935	101884585	990	0.0608
COZEN_p_TCGAb56_SNP_2N_GenomeWideSNP_6_A02_667160	4	101888790	102283710	280	-0.4194
COZEN_p_TCGAb56_SNP_2N_GenomeWideSNP_6_A02_667160	4	102283898	103294225	621	0.0786
COZEN_p_TCGAb56_SNP_2N_GenomeWideSNP_6_A02_667160	4	103296158	103711572	240	-0.4212
COZEN_p_TCGAb56_SNP_2N_GenomeWideSNP_6_A02_667160	4	103718129	104970472	754	0.0396
COZEN_p_TCGAb56_SNP_2N_GenomeWideSNP_6_A02_667160	4	104974849	108932418	2268	-0.4098
COZEN_p_TCGAb56_SNP_2N_GenomeWideSNP_6_A02_667160	4	108936679	108955120	23	0.0666
COZEN_p_TCGAb56_SNP_2N_GenomeWideSNP_6_A02_667160	4	108955622	115173656	3871	-0.402
COZEN_p_TCGAb56_SNP_2N_GenomeWideSNP_6_A02_667160	4	115173700	115186565	33	0.1296
COZEN_p_TCGAb56_SNP_2N_GenomeWideSNP_6_A02_667160	4	115188309	116172611	604	-0.4236
COZEN_p_TCGAb56_SNP_2N_GenomeWideSNP_6_A02_667160	4	116172948	116180370	25	-0.0347
COZEN_p_TCGAb56_SNP_2N_GenomeWideSNP_6_A02_667160	4	116180555	122534578	3886	-0.4061
COZEN_p_TCGAb56_SNP_2N_GenomeWideSNP_6_A02_667160	4	122539175	123681495	577	0.0213
COZEN_p_TCGAb56_SNP_2N_GenomeWideSNP_6_A02_667160	4	123684323	126208448	1500	-0.4056
COZEN_p_TCGAb56_SNP_2N_GenomeWideSNP_6_A02_667160	4	126209295	126318288	64	-1.1697
COZEN_p_TCGAb56_SNP_2N_GenomeWideSNP_6_A02_667160	4	126321993	126719846	246	-0.4671
COZEN_p_TCGAb56_SNP_2N_GenomeWideSNP_6_A02_667160	4	126723093	126778099	31	0.319
COZEN_p_TCGAb56_SNP_2N_GenomeWideSNP_6_A02_667160	4	126792025	128224242	917	0.0632
COZEN_p_TCGAb56_SNP_2N_GenomeWideSNP_6_A02_667160	4	128229587	159747837	18785	-0.3987
COZEN_p_TCGAb56_SNP_2N_GenomeWideSNP_6_A02_667160	4	159751055	172987928	8504	0.0498
COZEN_p_TCGAb56_SNP_2N_GenomeWideSNP_6_A02_667160	4	172989148	172989533	12	-1.2476
COZEN_p_TCGAb56_SNP_2N_GenomeWideSNP_6_A02_667160	4	172995979	191027923	12132	0.0641
COZEN_p_TCGAb56_SNP_2N_GenomeWideSNP_6_A02_667160	5	15532	5807278	4567	0.0933
COZEN_p_TCGAb56_SNP_2N_GenomeWideSNP_6_A02_667160	5	5808762	5809068	3	-1.3689
COZEN_p_TCGAb56_SNP_2N_GenomeWideSNP_6_A02_667160	5	5810732	11161625	4561	0.0946
COZEN_p_TCGAb56_SNP_2N_GenomeWideSNP_6_A02_667160	5	11162636	11162771	3	-1.7922
COZEN_p_TCGAb56_SNP_2N_GenomeWideSNP_6_A02_667160	5	11167277	16517130	3624	0.0972
COZEN_p_TCGAb56_SNP_2N_GenomeWideSNP_6_A02_667160	5	16517367	16517739	2	-1.9347
COZEN_p_TCGAb56_SNP_2N_GenomeWideSNP_6_A02_667160	5	16520379	17655138	685	0.0773
COZEN_p_TCGAb56_SNP_2N_GenomeWideSNP_6_A02_667160	5	17655339	17721587	43	-0.3206
COZEN_p_TCGAb56_SNP_2N_GenomeWideSNP_6_A02_667160	5	17727463	21025615	2043	0.0754
COZEN_p_TCGAb56_SNP_2N_GenomeWideSNP_6_A02_667160	5	21025628	21025817	2	-1.5979
COZEN_p_TCGAb56_SNP_2N_GenomeWideSNP_6_A02_667160	5	21033888	21518740	261	0.0173
COZEN_p_TCGAb56_SNP_2N_GenomeWideSNP_6_A02_667160	5	21519186	21574098	33	0.3429
COZEN_p_TCGAb56_SNP_2N_GenomeWideSNP_6_A02_667160	5	21574347	43762174	13976	0.0711
COZEN_p_TCGAb56_SNP_2N_GenomeWideSNP_6_A02_667160	5	43765415	43765733	2	-1.7514
COZEN_p_TCGAb56_SNP_2N_GenomeWideSNP_6_A02_667160	5	43775544	46271108	1014	0.0878
COZEN_p_TCGAb56_SNP_2N_GenomeWideSNP_6_A02_667160	5	46271930	46273502	6	-3.1619
COZEN_p_TCGAb56_SNP_2N_GenomeWideSNP_6_A02_667160	5	46278212	49624358	81	0.1848
COZEN_p_TCGAb56_SNP_2N_GenomeWideSNP_6_A02_667160	5	49637888	52521504	1739	-0.6794
COZEN_p_TCGAb56_SNP_2N_GenomeWideSNP_6_A02_667160	5	52527005	52528215	2	-2.4076
COZEN_p_TCGAb56_SNP_2N_GenomeWideSNP_6_A02_667160	5	52532450	70391253	10592	-0.6781
COZEN_p_TCGAb56_SNP_2N_GenomeWideSNP_6_A02_667160	5	70654072	72429449	1048	0.1069
COZEN_p_TCGAb56_SNP_2N_GenomeWideSNP_6_A02_667160	5	72430954	72430973	2	-1.5634
COZEN_p_TCGAb56_SNP_2N_GenomeWideSNP_6_A02_667160	5	72431087	73067420	435	0.0816
COZEN_p_TCGAb56_SNP_2N_GenomeWideSNP_6_A02_667160	5	73068599	74466304	1008	-0.6991
COZEN_p_TCGAb56_SNP_2N_GenomeWideSNP_6_A02_667160	5	74479238	82798831	5281	0.0768
COZEN_p_TCGAb56_SNP_2N_GenomeWideSNP_6_A02_667160	5	82803518	106229876	13158	-0.6904
COZEN_p_TCGAb56_SNP_2N_GenomeWideSNP_6_A02_667160	5	106229985	106233022	12	-1.368
COZEN_p_TCGAb56_SNP_2N_GenomeWideSNP_6_A02_667160	5	106233053	113703273	5230	-0.6833
COZEN_p_TCGAb56_SNP_2N_GenomeWideSNP_6_A02_667160	5	113707841	114059575	273	0.0919
COZEN_p_TCGAb56_SNP_2N_GenomeWideSNP_6_A02_667160	5	114061846	117454845	2512	-0.6881
COZEN_p_TCGAb56_SNP_2N_GenomeWideSNP_6_A02_667160	5	117455029	178107822	39292	-0.3658
COZEN_p_TCGAb56_SNP_2N_GenomeWideSNP_6_A02_667160	5	178109975	178112261	2	-2.7562
COZEN_p_TCGAb56_SNP_2N_GenomeWideSNP_6_A02_667160	5	178113163	180374523	1359	-0.3523
COZEN_p_TCGAb56_SNP_2N_GenomeWideSNP_6_A02_667160	5	180378710	180418103	19	-1.1054
COZEN_p_TCGAb56_SNP_2N_GenomeWideSNP_6_A02_667160	5	180433225	180790320	170	-0.3099
COZEN_p_TCGAb56_SNP_2N_GenomeWideSNP_6_A02_667160	6	149661	254283	101	-0.0744
COZEN_p_TCGAb56_SNP_2N_GenomeWideSNP_6_A02_667160	6	257353	381149	101	0.575
COZEN_p_TCGAb56_SNP_2N_GenomeWideSNP_6_A02_667160	6	382559	29850380	21571	0.0858
COZEN_p_TCGAb56_SNP_2N_GenomeWideSNP_6_A02_667160	6	29871636	29898897	12	-1.468
COZEN_p_TCGAb56_SNP_2N_GenomeWideSNP_6_A02_667160	6	29899677	29921127	22	-0.3379
COZEN_p_TCGAb56_SNP_2N_GenomeWideSNP_6_A02_667160	6	29921223	31287222	640	0.1204
COZEN_p_TCGAb56_SNP_2N_GenomeWideSNP_6_A02_667160	6	31287501	31296451	6	-1.7324
COZEN_p_TCGAb56_SNP_2N_GenomeWideSNP_6_A02_667160	6	31309924	32449050	505	0.1051
COZEN_p_TCGAb56_SNP_2N_GenomeWideSNP_6_A02_667160	6	32449523	32605576	58	1.0969
COZEN_p_TCGAb56_SNP_2N_GenomeWideSNP_6_A02_667160	6	32605884	33590471	548	0.0925
COZEN_p_TCGAb56_SNP_2N_GenomeWideSNP_6_A02_667160	6	33595399	34602675	642	0.4395
COZEN_p_TCGAb56_SNP_2N_GenomeWideSNP_6_A02_667160	6	34604831	35742700	582	0.1263
COZEN_p_TCGAb56_SNP_2N_GenomeWideSNP_6_A02_667160	6	35751630	35819845	46	0.4406
COZEN_p_TCGAb56_SNP_2N_GenomeWideSNP_6_A02_667160	6	35819907	38255545	1560	0.1224
COZEN_p_TCGAb56_SNP_2N_GenomeWideSNP_6_A02_667160	6	38255652	39946994	1273	0.4425
COZEN_p_TCGAb56_SNP_2N_GenomeWideSNP_6_A02_667160	6	39953503	44407506	2803	0.1453
COZEN_p_TCGAb56_SNP_2N_GenomeWideSNP_6_A02_667160	6	44412612	49836078	3488	0.4217
COZEN_p_TCGAb56_SNP_2N_GenomeWideSNP_6_A02_667160	6	49844669	53931151	2819	0.1074
COZEN_p_TCGAb56_SNP_2N_GenomeWideSNP_6_A02_667160	6	53931230	53931855	6	-1.5636
COZEN_p_TCGAb56_SNP_2N_GenomeWideSNP_6_A02_667160	6	53935348	55328593	896	0.091
COZEN_p_TCGAb56_SNP_2N_GenomeWideSNP_6_A02_667160	6	55332545	55333415	2	-1.0255
COZEN_p_TCGAb56_SNP_2N_GenomeWideSNP_6_A02_667160	6	55333589	55826155	314	0.0871
COZEN_p_TCGAb56_SNP_2N_GenomeWideSNP_6_A02_667160	6	55829050	55843329	8	-0.4294
COZEN_p_TCGAb56_SNP_2N_GenomeWideSNP_6_A02_667160	6	55843660	56537347	436	0.0884
COZEN_p_TCGAb56_SNP_2N_GenomeWideSNP_6_A02_667160	6	56537719	66394090	3400	0.4188
COZEN_p_TCGAb56_SNP_2N_GenomeWideSNP_6_A02_667160	6	66399482	66403852	24	-0.3812
COZEN_p_TCGAb56_SNP_2N_GenomeWideSNP_6_A02_667160	6	66407127	67676225	944	0.3841
COZEN_p_TCGAb56_SNP_2N_GenomeWideSNP_6_A02_667160	6	67676414	67683882	15	0.7902
COZEN_p_TCGAb56_SNP_2N_GenomeWideSNP_6_A02_667160	6	67683913	68498528	577	0.3791
COZEN_p_TCGAb56_SNP_2N_GenomeWideSNP_6_A02_667160	6	68498706	68499035	2	-0.7437
COZEN_p_TCGAb56_SNP_2N_GenomeWideSNP_6_A02_667160	6	68499742	71248403	1746	0.3832
COZEN_p_TCGAb56_SNP_2N_GenomeWideSNP_6_A02_667160	6	71263543	71309211	30	0.0299
COZEN_p_TCGAb56_SNP_2N_GenomeWideSNP_6_A02_667160	6	71310131	71674782	209	0.4605
COZEN_p_TCGAb56_SNP_2N_GenomeWideSNP_6_A02_667160	6	71683014	77417470	3685	0.0507
COZEN_p_TCGAb56_SNP_2N_GenomeWideSNP_6_A02_667160	6	77418087	77418232	3	-0.8103
COZEN_p_TCGAb56_SNP_2N_GenomeWideSNP_6_A02_667160	6	77420196	77436532	15	0.1991
COZEN_p_TCGAb56_SNP_2N_GenomeWideSNP_6_A02_667160	6	77439868	77452757	21	-0.7047
COZEN_p_TCGAb56_SNP_2N_GenomeWideSNP_6_A02_667160	6	77461073	78962874	979	0.0503
COZEN_p_TCGAb56_SNP_2N_GenomeWideSNP_6_A02_667160	6	78962889	79035185	114	-0.5535
COZEN_p_TCGAb56_SNP_2N_GenomeWideSNP_6_A02_667160	6	79039234	95285922	10446	0.0578
COZEN_p_TCGAb56_SNP_2N_GenomeWideSNP_6_A02_667160	6	95291024	95292392	2	-1.5035
COZEN_p_TCGAb56_SNP_2N_GenomeWideSNP_6_A02_667160	6	95295064	103737976	5050	0.0424
COZEN_p_TCGAb56_SNP_2N_GenomeWideSNP_6_A02_667160	6	103738039	103762049	44	0.377
COZEN_p_TCGAb56_SNP_2N_GenomeWideSNP_6_A02_667160	6	103762061	124431774	12711	0.043
COZEN_p_TCGAb56_SNP_2N_GenomeWideSNP_6_A02_667160	6	124435941	124470365	20	0.6019
COZEN_p_TCGAb56_SNP_2N_GenomeWideSNP_6_A02_667160	6	124470761	132706261	5236	0.0409
COZEN_p_TCGAb56_SNP_2N_GenomeWideSNP_6_A02_667160	6	132709357	132713043	5	-0.9519
COZEN_p_TCGAb56_SNP_2N_GenomeWideSNP_6_A02_667160	6	132719368	134266268	1131	0.0501
COZEN_p_TCGAb56_SNP_2N_GenomeWideSNP_6_A02_667160	6	134269071	134269632	2	-2.8312
COZEN_p_TCGAb56_SNP_2N_GenomeWideSNP_6_A02_667160	6	134272072	171051005	25161	0.0547
COZEN_p_TCGAb56_SNP_2N_GenomeWideSNP_6_A02_667160	7	43355	24035127	17197	0.5184
COZEN_p_TCGAb56_SNP_2N_GenomeWideSNP_6_A02_667160	7	24039878	24040383	2	1.7023
COZEN_p_TCGAb56_SNP_2N_GenomeWideSNP_6_A02_667160	7	24040817	38267930	10244	0.5177
COZEN_p_TCGAb56_SNP_2N_GenomeWideSNP_6_A02_667160	7	38268395	38398047	144	0.7303
COZEN_p_TCGAb56_SNP_2N_GenomeWideSNP_6_A02_667160	7	38400957	42266602	2637	0.522
COZEN_p_TCGAb56_SNP_2N_GenomeWideSNP_6_A02_667160	7	42267336	42267571	2	-3.0893
COZEN_p_TCGAb56_SNP_2N_GenomeWideSNP_6_A02_667160	7	42270322	45477187	1883	0.5503
COZEN_p_TCGAb56_SNP_2N_GenomeWideSNP_6_A02_667160	7	45485577	45486224	2	-0.7523
COZEN_p_TCGAb56_SNP_2N_GenomeWideSNP_6_A02_667160	7	45492811	54380373	6493	0.5245
COZEN_p_TCGAb56_SNP_2N_GenomeWideSNP_6_A02_667160	7	54386505	54386517	6	-1.6959
COZEN_p_TCGAb56_SNP_2N_GenomeWideSNP_6_A02_667160	7	54393488	64815423	3241	0.5197
COZEN_p_TCGAb56_SNP_2N_GenomeWideSNP_6_A02_667160	7	64830520	65604622	286	-0.0651
COZEN_p_TCGAb56_SNP_2N_GenomeWideSNP_6_A02_667160	7	65608416	76920498	5358	-0.3267
COZEN_p_TCGAb56_SNP_2N_GenomeWideSNP_6_A02_667160	7	76920544	76927246	2	-1.7268
COZEN_p_TCGAb56_SNP_2N_GenomeWideSNP_6_A02_667160	7	76927953	78554551	1183	-0.3703
COZEN_p_TCGAb56_SNP_2N_GenomeWideSNP_6_A02_667160	7	78555250	81423277	1969	-0.0507
COZEN_p_TCGAb56_SNP_2N_GenomeWideSNP_6_A02_667160	7	81424291	97385651	10116	-0.3762
COZEN_p_TCGAb56_SNP_2N_GenomeWideSNP_6_A02_667160	7	97385735	97402045	16	0.0969
COZEN_p_TCGAb56_SNP_2N_GenomeWideSNP_6_A02_667160	7	97402091	97407061	23	-0.3281
COZEN_p_TCGAb56_SNP_2N_GenomeWideSNP_6_A02_667160	7	97417607	97417610	2	-2.5606
COZEN_p_TCGAb56_SNP_2N_GenomeWideSNP_6_A02_667160	7	97420649	109441212	6632	-0.3484
COZEN_p_TCGAb56_SNP_2N_GenomeWideSNP_6_A02_667160	7	109441244	109453910	11	-2.3482
COZEN_p_TCGAb56_SNP_2N_GenomeWideSNP_6_A02_667160	7	109453982	126045556	10035	-0.3762
COZEN_p_TCGAb56_SNP_2N_GenomeWideSNP_6_A02_667160	7	126045651	126046615	10	-1.776
COZEN_p_TCGAb56_SNP_2N_GenomeWideSNP_6_A02_667160	7	126046876	142474939	10427	-0.3592
COZEN_p_TCGAb56_SNP_2N_GenomeWideSNP_6_A02_667160	7	142476719	142486045	27	-1.058
COZEN_p_TCGAb56_SNP_2N_GenomeWideSNP_6_A02_667160	7	142486115	143909445	843	-0.3478
COZEN_p_TCGAb56_SNP_2N_GenomeWideSNP_6_A02_667160	7	143911624	144050933	37	-0.8664
COZEN_p_TCGAb56_SNP_2N_GenomeWideSNP_6_A02_667160	7	144051231	156385674	8058	-0.3781
COZEN_p_TCGAb56_SNP_2N_GenomeWideSNP_6_A02_667160	7	156391790	156394179	4	-1.7878
COZEN_p_TCGAb56_SNP_2N_GenomeWideSNP_6_A02_667160	7	156394908	159127004	1626	-0.3508
COZEN_p_TCGAb56_SNP_2N_GenomeWideSNP_6_A02_667160	8	31254	4166673	4163	-0.4155
COZEN_p_TCGAb56_SNP_2N_GenomeWideSNP_6_A02_667160	8	4166690	4167187	3	-2.2961
COZEN_p_TCGAb56_SNP_2N_GenomeWideSNP_6_A02_667160	8	4167385	7267365	3686	-0.4015
COZEN_p_TCGAb56_SNP_2N_GenomeWideSNP_6_A02_667160	8	7272181	7799390	142	-0.6349
COZEN_p_TCGAb56_SNP_2N_GenomeWideSNP_6_A02_667160	8	7809891	12216009	3303	-0.3975
COZEN_p_TCGAb56_SNP_2N_GenomeWideSNP_6_A02_667160	8	12216848	12247486	39	-1.6136
COZEN_p_TCGAb56_SNP_2N_GenomeWideSNP_6_A02_667160	8	12260927	23402308	9340	-0.4071
COZEN_p_TCGAb56_SNP_2N_GenomeWideSNP_6_A02_667160	8	23407740	23407871	5	-3.1689
COZEN_p_TCGAb56_SNP_2N_GenomeWideSNP_6_A02_667160	8	23407905	23479261	78	-0.4137
COZEN_p_TCGAb56_SNP_2N_GenomeWideSNP_6_A02_667160	8	23481910	24972187	1050	-1.0862
COZEN_p_TCGAb56_SNP_2N_GenomeWideSNP_6_A02_667160	8	24974443	24991127	29	-0.4323
COZEN_p_TCGAb56_SNP_2N_GenomeWideSNP_6_A02_667160	8	24991235	36391230	7454	-1.0887
COZEN_p_TCGAb56_SNP_2N_GenomeWideSNP_6_A02_667160	8	36393167	39226349	1529	-0.4052
COZEN_p_TCGAb56_SNP_2N_GenomeWideSNP_6_A02_667160	8	39230183	39362929	51	0.2016
COZEN_p_TCGAb56_SNP_2N_GenomeWideSNP_6_A02_667160	8	39362946	40640560	990	-0.4147
COZEN_p_TCGAb56_SNP_2N_GenomeWideSNP_6_A02_667160	8	40643406	43786802	1596	-1.055
COZEN_p_TCGAb56_SNP_2N_GenomeWideSNP_6_A02_667160	8	43824048	46919273	6	-0.3185
COZEN_p_TCGAb56_SNP_2N_GenomeWideSNP_6_A02_667160	8	46922320	46938171	12	0.3756
COZEN_p_TCGAb56_SNP_2N_GenomeWideSNP_6_A02_667160	8	46940022	70206603	14105	0.7661
COZEN_p_TCGAb56_SNP_2N_GenomeWideSNP_6_A02_667160	8	70207597	70208252	4	-0.2079
COZEN_p_TCGAb56_SNP_2N_GenomeWideSNP_6_A02_667160	8	70208266	70952739	506	0.7345
COZEN_p_TCGAb56_SNP_2N_GenomeWideSNP_6_A02_667160	8	70953927	70954834	7	-0.0127
COZEN_p_TCGAb56_SNP_2N_GenomeWideSNP_6_A02_667160	8	70961161	95723276	14659	0.7571
COZEN_p_TCGAb56_SNP_2N_GenomeWideSNP_6_A02_667160	8	95726740	95727060	2	-1.0522
COZEN_p_TCGAb56_SNP_2N_GenomeWideSNP_6_A02_667160	8	95729503	102597799	4283	0.7854
COZEN_p_TCGAb56_SNP_2N_GenomeWideSNP_6_A02_667160	8	102600359	102600413	2	-1.2411
COZEN_p_TCGAb56_SNP_2N_GenomeWideSNP_6_A02_667160	8	102601525	103057852	367	0.7602
COZEN_p_TCGAb56_SNP_2N_GenomeWideSNP_6_A02_667160	8	103058037	103058077	3	-0.1734
COZEN_p_TCGAb56_SNP_2N_GenomeWideSNP_6_A02_667160	8	103058100	112291494	5532	0.7647
COZEN_p_TCGAb56_SNP_2N_GenomeWideSNP_6_A02_667160	8	112294279	112295260	10	1.7436
COZEN_p_TCGAb56_SNP_2N_GenomeWideSNP_6_A02_667160	8	112300281	113064734	399	0.7307
COZEN_p_TCGAb56_SNP_2N_GenomeWideSNP_6_A02_667160	8	113066381	115220551	1191	0.4593
COZEN_p_TCGAb56_SNP_2N_GenomeWideSNP_6_A02_667160	8	115224823	115634487	241	0.7354
COZEN_p_TCGAb56_SNP_2N_GenomeWideSNP_6_A02_667160	8	115634554	115641731	34	-0.6915
COZEN_p_TCGAb56_SNP_2N_GenomeWideSNP_6_A02_667160	8	115650697	144699157	20571	0.6167
COZEN_p_TCGAb56_SNP_2N_GenomeWideSNP_6_A02_667160	8	144705157	144707808	9	-0.8681
COZEN_p_TCGAb56_SNP_2N_GenomeWideSNP_6_A02_667160	8	144718989	146298155	505	0.5098
COZEN_p_TCGAb56_SNP_2N_GenomeWideSNP_6_A02_667160	9	46587	6684955	6385	0.2102
COZEN_p_TCGAb56_SNP_2N_GenomeWideSNP_6_A02_667160	9	6685029	6687217	2	-1.7344
COZEN_p_TCGAb56_SNP_2N_GenomeWideSNP_6_A02_667160	9	6689722	19941643	11562	0.2034
COZEN_p_TCGAb56_SNP_2N_GenomeWideSNP_6_A02_667160	9	19941682	19941897	6	-0.6994
COZEN_p_TCGAb56_SNP_2N_GenomeWideSNP_6_A02_667160	9	19945420	21258629	1056	0.1969
COZEN_p_TCGAb56_SNP_2N_GenomeWideSNP_6_A02_667160	9	21261446	21269681	10	0.7298
COZEN_p_TCGAb56_SNP_2N_GenomeWideSNP_6_A02_667160	9	21280418	23361119	1447	0.1878
COZEN_p_TCGAb56_SNP_2N_GenomeWideSNP_6_A02_667160	9	23361805	23380445	12	0.9109
COZEN_p_TCGAb56_SNP_2N_GenomeWideSNP_6_A02_667160	9	23380834	39134926	10757	0.2234
COZEN_p_TCGAb56_SNP_2N_GenomeWideSNP_6_A02_667160	9	39135453	39158785	10	-0.2361
COZEN_p_TCGAb56_SNP_2N_GenomeWideSNP_6_A02_667160	9	39158800	39247233	26	0.3204
COZEN_p_TCGAb56_SNP_2N_GenomeWideSNP_6_A02_667160	9	39249761	43583463	140	-0.1062
COZEN_p_TCGAb56_SNP_2N_GenomeWideSNP_6_A02_667160	9	43602726	43800186	28	-1.6306
COZEN_p_TCGAb56_SNP_2N_GenomeWideSNP_6_A02_667160	9	44114872	44469328	48	0.2828
COZEN_p_TCGAb56_SNP_2N_GenomeWideSNP_6_A02_667160	9	44629223	44855737	37	-0.3492
COZEN_p_TCGAb56_SNP_2N_GenomeWideSNP_6_A02_667160	9	44866028	70940595	376	0.1376
COZEN_p_TCGAb56_SNP_2N_GenomeWideSNP_6_A02_667160	9	70943830	71725434	643	-0.3482
COZEN_p_TCGAb56_SNP_2N_GenomeWideSNP_6_A02_667160	9	71728379	71879811	128	0.2752
COZEN_p_TCGAb56_SNP_2N_GenomeWideSNP_6_A02_667160	9	71882856	74029397	1625	-0.3222
COZEN_p_TCGAb56_SNP_2N_GenomeWideSNP_6_A02_667160	9	74036440	74218302	152	0.4166
COZEN_p_TCGAb56_SNP_2N_GenomeWideSNP_6_A02_667160	9	74232643	75280611	726	-0.109
COZEN_p_TCGAb56_SNP_2N_GenomeWideSNP_6_A02_667160	9	75284988	75285069	2	-1.4935
COZEN_p_TCGAb56_SNP_2N_GenomeWideSNP_6_A02_667160	9	75285903	76192626	547	-0.1299
COZEN_p_TCGAb56_SNP_2N_GenomeWideSNP_6_A02_667160	9	76192862	76250128	34	0.2395
COZEN_p_TCGAb56_SNP_2N_GenomeWideSNP_6_A02_667160	9	76257112	77319997	694	-0.1316
COZEN_p_TCGAb56_SNP_2N_GenomeWideSNP_6_A02_667160	9	77321980	77728942	255	0.3989
COZEN_p_TCGAb56_SNP_2N_GenomeWideSNP_6_A02_667160	9	77729592	90815688	9596	-0.1063
COZEN_p_TCGAb56_SNP_2N_GenomeWideSNP_6_A02_667160	9	90819763	90822113	5	-1.6071
COZEN_p_TCGAb56_SNP_2N_GenomeWideSNP_6_A02_667160	9	90823046	110321140	13240	-0.0987
COZEN_p_TCGAb56_SNP_2N_GenomeWideSNP_6_A02_667160	9	110323028	110326929	4	-1.411
COZEN_p_TCGAb56_SNP_2N_GenomeWideSNP_6_A02_667160	9	110331404	120891770	8412	-0.0897
COZEN_p_TCGAb56_SNP_2N_GenomeWideSNP_6_A02_667160	9	120891895	139632028	11420	0.1973
COZEN_p_TCGAb56_SNP_2N_GenomeWideSNP_6_A02_667160	9	139646222	139756477	32	0.5586
COZEN_p_TCGAb56_SNP_2N_GenomeWideSNP_6_A02_667160	9	139763908	140219868	89	0.3177
COZEN_p_TCGAb56_SNP_2N_GenomeWideSNP_6_A02_667160	9	140228155	140228229	5	-0.4395
COZEN_p_TCGAb56_SNP_2N_GenomeWideSNP_6_A02_667160	9	140228357	140255642	14	0.2055
COZEN_p_TCGAb56_SNP_2N_GenomeWideSNP_6_A02_667160	9	140255718	140255833	2	-1.5537
COZEN_p_TCGAb56_SNP_2N_GenomeWideSNP_6_A02_667160	9	140273003	141091394	413	0.296
COZEN_p_TCGAb56_SNP_2N_GenomeWideSNP_6_A02_667160	10	72759	16466370	13808	0.0871
COZEN_p_TCGAb56_SNP_2N_GenomeWideSNP_6_A02_667160	10	16467242	16470933	3	-0.9394
COZEN_p_TCGAb56_SNP_2N_GenomeWideSNP_6_A02_667160	10	16476271	23074419	4574	0.0739
COZEN_p_TCGAb56_SNP_2N_GenomeWideSNP_6_A02_667160	10	23076235	23086231	4	-0.8883
COZEN_p_TCGAb56_SNP_2N_GenomeWideSNP_6_A02_667160	10	23086785	30579211	5418	0.0941
COZEN_p_TCGAb56_SNP_2N_GenomeWideSNP_6_A02_667160	10	30586199	30687815	60	-0.1823
COZEN_p_TCGAb56_SNP_2N_GenomeWideSNP_6_A02_667160	10	30688427	31251348	444	0.0846
COZEN_p_TCGAb56_SNP_2N_GenomeWideSNP_6_A02_667160	10	31251523	31251738	8	-0.7627
COZEN_p_TCGAb56_SNP_2N_GenomeWideSNP_6_A02_667160	10	31251779	46070052	7210	0.1007
COZEN_p_TCGAb56_SNP_2N_GenomeWideSNP_6_A02_667160	10	46072872	46076235	5	-0.7604
COZEN_p_TCGAb56_SNP_2N_GenomeWideSNP_6_A02_667160	10	46080336	46256781	52	0.1028
COZEN_p_TCGAb56_SNP_2N_GenomeWideSNP_6_A02_667160	10	46293619	46312487	2	-1.9067
COZEN_p_TCGAb56_SNP_2N_GenomeWideSNP_6_A02_667160	10	46485761	48694134	665	0.075
COZEN_p_TCGAb56_SNP_2N_GenomeWideSNP_6_A02_667160	10	48695090	48840627	10	-0.4873
COZEN_p_TCGAb56_SNP_2N_GenomeWideSNP_6_A02_667160	10	48883402	82004289	22032	0.0882
COZEN_p_TCGAb56_SNP_2N_GenomeWideSNP_6_A02_667160	10	82008148	82008545	2	-1.1626
COZEN_p_TCGAb56_SNP_2N_GenomeWideSNP_6_A02_667160	10	82012099	88947061	4958	0.0966
COZEN_p_TCGAb56_SNP_2N_GenomeWideSNP_6_A02_667160	10	88949427	89046498	16	-0.3953
COZEN_p_TCGAb56_SNP_2N_GenomeWideSNP_6_A02_667160	10	89061261	124343951	23918	0.0927
COZEN_p_TCGAb56_SNP_2N_GenomeWideSNP_6_A02_667160	10	124344109	124351013	6	-1.197
COZEN_p_TCGAb56_SNP_2N_GenomeWideSNP_6_A02_667160	10	124356812	135229141	7773	0.1055
COZEN_p_TCGAb56_SNP_2N_GenomeWideSNP_6_A02_667160	10	135229719	135229868	2	-1.9041
COZEN_p_TCGAb56_SNP_2N_GenomeWideSNP_6_A02_667160	10	135232654	135506704	151	0.0842
COZEN_p_TCGAb56_SNP_2N_GenomeWideSNP_6_A02_667160	11	198510	1653568	494	-0.3276
COZEN_p_TCGAb56_SNP_2N_GenomeWideSNP_6_A02_667160	11	1654565	1654761	2	-2.0899
COZEN_p_TCGAb56_SNP_2N_GenomeWideSNP_6_A02_667160	11	1657127	4295756	1304	-0.3509
COZEN_p_TCGAb56_SNP_2N_GenomeWideSNP_6_A02_667160	11	4301356	4359288	18	-1.3401
COZEN_p_TCGAb56_SNP_2N_GenomeWideSNP_6_A02_667160	11	4384797	4967650	653	-0.3571
COZEN_p_TCGAb56_SNP_2N_GenomeWideSNP_6_A02_667160	11	4968117	4976272	31	-1.8315
COZEN_p_TCGAb56_SNP_2N_GenomeWideSNP_6_A02_667160	11	4976334	18940856	10232	-0.4428
COZEN_p_TCGAb56_SNP_2N_GenomeWideSNP_6_A02_667160	11	18940870	18970748	63	0.1672
COZEN_p_TCGAb56_SNP_2N_GenomeWideSNP_6_A02_667160	11	18971175	19582005	575	-0.4577
COZEN_p_TCGAb56_SNP_2N_GenomeWideSNP_6_A02_667160	11	19583094	19587064	3	-1.9338
COZEN_p_TCGAb56_SNP_2N_GenomeWideSNP_6_A02_667160	11	19587970	41051949	15355	-0.4024
COZEN_p_TCGAb56_SNP_2N_GenomeWideSNP_6_A02_667160	11	41052020	44607471	2523	-0.6891
COZEN_p_TCGAb56_SNP_2N_GenomeWideSNP_6_A02_667160	11	44609674	45177853	504	-0.0792
COZEN_p_TCGAb56_SNP_2N_GenomeWideSNP_6_A02_667160	11	45178859	45267044	64	-0.5857
COZEN_p_TCGAb56_SNP_2N_GenomeWideSNP_6_A02_667160	11	45267242	46794633	782	-0.1211
COZEN_p_TCGAb56_SNP_2N_GenomeWideSNP_6_A02_667160	11	46797297	47010496	92	-0.6608
COZEN_p_TCGAb56_SNP_2N_GenomeWideSNP_6_A02_667160	11	47039590	49195802	909	-0.0994
COZEN_p_TCGAb56_SNP_2N_GenomeWideSNP_6_A02_667160	11	49196947	49955922	382	-0.6464
COZEN_p_TCGAb56_SNP_2N_GenomeWideSNP_6_A02_667160	11	49958673	55363340	632	-0.302
COZEN_p_TCGAb56_SNP_2N_GenomeWideSNP_6_A02_667160	11	55374032	55453576	60	-1.6357
COZEN_p_TCGAb56_SNP_2N_GenomeWideSNP_6_A02_667160	11	55460683	57666611	1381	-0.3371
COZEN_p_TCGAb56_SNP_2N_GenomeWideSNP_6_A02_667160	11	57670246	57675410	2	-1.9967
COZEN_p_TCGAb56_SNP_2N_GenomeWideSNP_6_A02_667160	11	57675442	59011167	802	-0.357
COZEN_p_TCGAb56_SNP_2N_GenomeWideSNP_6_A02_667160	11	59014658	59014749	2	-2.9861
COZEN_p_TCGAb56_SNP_2N_GenomeWideSNP_6_A02_667160	11	59014784	66333072	3635	-0.3482
COZEN_p_TCGAb56_SNP_2N_GenomeWideSNP_6_A02_667160	11	66333199	69050915	1144	-0.6497
COZEN_p_TCGAb56_SNP_2N_GenomeWideSNP_6_A02_667160	11	69051045	70685103	903	-0.3022
COZEN_p_TCGAb56_SNP_2N_GenomeWideSNP_6_A02_667160	11	70685140	79192711	4813	-0.6579
COZEN_p_TCGAb56_SNP_2N_GenomeWideSNP_6_A02_667160	11	79192800	79200177	5	-2.0157
COZEN_p_TCGAb56_SNP_2N_GenomeWideSNP_6_A02_667160	11	79208899	101594384	15876	-0.6785
COZEN_p_TCGAb56_SNP_2N_GenomeWideSNP_6_A02_667160	11	101597860	101597964	4	1.2343
COZEN_p_TCGAb56_SNP_2N_GenomeWideSNP_6_A02_667160	11	101598212	134944770	23684	-0.6802
COZEN_p_TCGAb56_SNP_2N_GenomeWideSNP_6_A02_667160	12	150442	2794045	1714	0.2388
COZEN_p_TCGAb56_SNP_2N_GenomeWideSNP_6_A02_667160	12	2797071	2849778	33	0.7397
COZEN_p_TCGAb56_SNP_2N_GenomeWideSNP_6_A02_667160	12	2853854	8559105	3879	0.2488
COZEN_p_TCGAb56_SNP_2N_GenomeWideSNP_6_A02_667160	12	8559122	8581141	16	-0.5822
COZEN_p_TCGAb56_SNP_2N_GenomeWideSNP_6_A02_667160	12	8584672	11220827	1636	0.1956
COZEN_p_TCGAb56_SNP_2N_GenomeWideSNP_6_A02_667160	12	11222368	11241532	10	-1.5673
COZEN_p_TCGAb56_SNP_2N_GenomeWideSNP_6_A02_667160	12	11251874	11511578	134	0.2504
COZEN_p_TCGAb56_SNP_2N_GenomeWideSNP_6_A02_667160	12	11512492	11543406	30	0.9495
COZEN_p_TCGAb56_SNP_2N_GenomeWideSNP_6_A02_667160	12	11552192	22239298	7287	0.221
COZEN_p_TCGAb56_SNP_2N_GenomeWideSNP_6_A02_667160	12	22243515	22243561	2	-1.6139
COZEN_p_TCGAb56_SNP_2N_GenomeWideSNP_6_A02_667160	12	22243661	33293907	8141	0.2375
COZEN_p_TCGAb56_SNP_2N_GenomeWideSNP_6_A02_667160	12	33294498	33304583	28	-0.0965
COZEN_p_TCGAb56_SNP_2N_GenomeWideSNP_6_A02_667160	12	33306754	48725042	7355	0.2269
COZEN_p_TCGAb56_SNP_2N_GenomeWideSNP_6_A02_667160	12	48725239	48725415	3	1.349
COZEN_p_TCGAb56_SNP_2N_GenomeWideSNP_6_A02_667160	12	48730036	58721231	5494	0.2262
COZEN_p_TCGAb56_SNP_2N_GenomeWideSNP_6_A02_667160	12	58730151	58730162	2	-1.3111
COZEN_p_TCGAb56_SNP_2N_GenomeWideSNP_6_A02_667160	12	58730848	58840316	134	0.2486
COZEN_p_TCGAb56_SNP_2N_GenomeWideSNP_6_A02_667160	12	58843286	58843966	4	-1.042
COZEN_p_TCGAb56_SNP_2N_GenomeWideSNP_6_A02_667160	12	58843985	98950490	25906	0.1997
COZEN_p_TCGAb56_SNP_2N_GenomeWideSNP_6_A02_667160	12	98956245	98957988	2	-2.2535
COZEN_p_TCGAb56_SNP_2N_GenomeWideSNP_6_A02_667160	12	98962082	99903040	609	0.2351
COZEN_p_TCGAb56_SNP_2N_GenomeWideSNP_6_A02_667160	12	99903546	100433633	301	-0.1251
COZEN_p_TCGAb56_SNP_2N_GenomeWideSNP_6_A02_667160	12	100433952	106513116	4181	0.2156
COZEN_p_TCGAb56_SNP_2N_GenomeWideSNP_6_A02_667160	12	106514116	108696333	1509	-0.171
COZEN_p_TCGAb56_SNP_2N_GenomeWideSNP_6_A02_667160	12	108696850	109130572	350	0.2321
COZEN_p_TCGAb56_SNP_2N_GenomeWideSNP_6_A02_667160	12	109135334	110949594	913	-0.1474
COZEN_p_TCGAb56_SNP_2N_GenomeWideSNP_6_A02_667160	12	110950665	112121870	561	0.2342
COZEN_p_TCGAb56_SNP_2N_GenomeWideSNP_6_A02_667160	12	112123284	112123564	2	-1.7289
COZEN_p_TCGAb56_SNP_2N_GenomeWideSNP_6_A02_667160	12	112125404	113674094	975	0.2316
COZEN_p_TCGAb56_SNP_2N_GenomeWideSNP_6_A02_667160	12	113677451	124983222	7219	-0.1486
COZEN_p_TCGAb56_SNP_2N_GenomeWideSNP_6_A02_667160	12	124984890	131896177	5855	0.2374
COZEN_p_TCGAb56_SNP_2N_GenomeWideSNP_6_A02_667160	12	131897697	131900123	7	-0.4978
COZEN_p_TCGAb56_SNP_2N_GenomeWideSNP_6_A02_667160	12	131902949	132120247	236	0.2538
COZEN_p_TCGAb56_SNP_2N_GenomeWideSNP_6_A02_667160	12	132120586	132152732	31	-0.1424
COZEN_p_TCGAb56_SNP_2N_GenomeWideSNP_6_A02_667160	12	132154193	133778189	556	0.2309
COZEN_p_TCGAb56_SNP_2N_GenomeWideSNP_6_A02_667160	13	19026949	20121459	567	0.5323
COZEN_p_TCGAb56_SNP_2N_GenomeWideSNP_6_A02_667160	13	20123895	20123910	2	-1.0552
COZEN_p_TCGAb56_SNP_2N_GenomeWideSNP_6_A02_667160	13	20124501	25039590	3491	0.5701
COZEN_p_TCGAb56_SNP_2N_GenomeWideSNP_6_A02_667160	13	25039595	25039598	2	-0.7201
COZEN_p_TCGAb56_SNP_2N_GenomeWideSNP_6_A02_667160	13	25039678	38071135	9515	0.5581
COZEN_p_TCGAb56_SNP_2N_GenomeWideSNP_6_A02_667160	13	38072036	38084757	16	1.2907
COZEN_p_TCGAb56_SNP_2N_GenomeWideSNP_6_A02_667160	13	38088330	38936890	629	0.5437
COZEN_p_TCGAb56_SNP_2N_GenomeWideSNP_6_A02_667160	13	38937957	38938008	2	-0.6977
COZEN_p_TCGAb56_SNP_2N_GenomeWideSNP_6_A02_667160	13	38945616	39052811	70	0.4921
COZEN_p_TCGAb56_SNP_2N_GenomeWideSNP_6_A02_667160	13	39057572	39058056	2	1.8657
COZEN_p_TCGAb56_SNP_2N_GenomeWideSNP_6_A02_667160	13	39065057	52868302	9149	0.5555
COZEN_p_TCGAb56_SNP_2N_GenomeWideSNP_6_A02_667160	13	52881366	53087886	66	0.8555
COZEN_p_TCGAb56_SNP_2N_GenomeWideSNP_6_A02_667160	13	53093822	53105785	5	1.5627
COZEN_p_TCGAb56_SNP_2N_GenomeWideSNP_6_A02_667160	13	53117879	53231885	33	0.9692
COZEN_p_TCGAb56_SNP_2N_GenomeWideSNP_6_A02_667160	13	53235329	88883023	22333	0.5317
COZEN_p_TCGAb56_SNP_2N_GenomeWideSNP_6_A02_667160	13	88885637	88885962	2	-0.9748
COZEN_p_TCGAb56_SNP_2N_GenomeWideSNP_6_A02_667160	13	88889564	107300743	13105	0.5207
COZEN_p_TCGAb56_SNP_2N_GenomeWideSNP_6_A02_667160	13	107301299	107382635	56	0.0715
COZEN_p_TCGAb56_SNP_2N_GenomeWideSNP_6_A02_667160	13	107384238	107897610	372	0.4786
COZEN_p_TCGAb56_SNP_2N_GenomeWideSNP_6_A02_667160	13	107901037	107901981	2	-3.8574
COZEN_p_TCGAb56_SNP_2N_GenomeWideSNP_6_A02_667160	13	107902147	115108397	4941	0.5004
COZEN_p_TCGAb56_SNP_2N_GenomeWideSNP_6_A02_667160	14	19002124	19464193	37	0.287
COZEN_p_TCGAb56_SNP_2N_GenomeWideSNP_6_A02_667160	14	19469520	20425509	155	0.0745
COZEN_p_TCGAb56_SNP_2N_GenomeWideSNP_6_A02_667160	14	20425860	22385771	1339	0.3824
COZEN_p_TCGAb56_SNP_2N_GenomeWideSNP_6_A02_667160	14	22386786	22959553	504	0.6357
COZEN_p_TCGAb56_SNP_2N_GenomeWideSNP_6_A02_667160	14	22959568	24494075	934	0.3912
COZEN_p_TCGAb56_SNP_2N_GenomeWideSNP_6_A02_667160	14	24494165	24500645	16	-0.0498
COZEN_p_TCGAb56_SNP_2N_GenomeWideSNP_6_A02_667160	14	24500839	36955176	7907	0.3718
COZEN_p_TCGAb56_SNP_2N_GenomeWideSNP_6_A02_667160	14	36955722	38400020	933	0.0533
COZEN_p_TCGAb56_SNP_2N_GenomeWideSNP_6_A02_667160	14	38400094	41607529	2018	0.3857
COZEN_p_TCGAb56_SNP_2N_GenomeWideSNP_6_A02_667160	14	41607634	41657349	17	-0.1256
COZEN_p_TCGAb56_SNP_2N_GenomeWideSNP_6_A02_667160	14	41670102	42103794	291	0.3785
COZEN_p_TCGAb56_SNP_2N_GenomeWideSNP_6_A02_667160	14	42104410	43064725	607	0.0827
COZEN_p_TCGAb56_SNP_2N_GenomeWideSNP_6_A02_667160	14	43069483	43146157	50	-0.35
COZEN_p_TCGAb56_SNP_2N_GenomeWideSNP_6_A02_667160	14	43147133	45232281	1211	0.1148
COZEN_p_TCGAb56_SNP_2N_GenomeWideSNP_6_A02_667160	14	45232514	45324294	61	-0.3439
COZEN_p_TCGAb56_SNP_2N_GenomeWideSNP_6_A02_667160	14	45325189	46403551	530	0.1018
COZEN_p_TCGAb56_SNP_2N_GenomeWideSNP_6_A02_667160	14	46406370	47716983	787	0.637
COZEN_p_TCGAb56_SNP_2N_GenomeWideSNP_6_A02_667160	14	47717447	47814301	59	0.4006
COZEN_p_TCGAb56_SNP_2N_GenomeWideSNP_6_A02_667160	14	47816119	48436819	438	-0.4012
COZEN_p_TCGAb56_SNP_2N_GenomeWideSNP_6_A02_667160	14	48438065	48510590	52	0.6819
COZEN_p_TCGAb56_SNP_2N_GenomeWideSNP_6_A02_667160	14	48512937	48601588	58	0.4208
COZEN_p_TCGAb56_SNP_2N_GenomeWideSNP_6_A02_667160	14	48609783	48966203	195	-0.3525
COZEN_p_TCGAb56_SNP_2N_GenomeWideSNP_6_A02_667160	14	48973576	49095768	73	0.3507
COZEN_p_TCGAb56_SNP_2N_GenomeWideSNP_6_A02_667160	14	49099072	49114729	9	-0.493
COZEN_p_TCGAb56_SNP_2N_GenomeWideSNP_6_A02_667160	14	49125132	50079178	548	0.6401
COZEN_p_TCGAb56_SNP_2N_GenomeWideSNP_6_A02_667160	14	50080996	50601896	264	0.3524
COZEN_p_TCGAb56_SNP_2N_GenomeWideSNP_6_A02_667160	14	50603961	66336353	10444	-0.3751
COZEN_p_TCGAb56_SNP_2N_GenomeWideSNP_6_A02_667160	14	66345369	66356323	9	1.1341
COZEN_p_TCGAb56_SNP_2N_GenomeWideSNP_6_A02_667160	14	66360294	66403598	29	1.5582
COZEN_p_TCGAb56_SNP_2N_GenomeWideSNP_6_A02_667160	14	66405430	66470689	59	1.1765
COZEN_p_TCGAb56_SNP_2N_GenomeWideSNP_6_A02_667160	14	66476716	74001123	4704	-0.3625
COZEN_p_TCGAb56_SNP_2N_GenomeWideSNP_6_A02_667160	14	74006707	74029915	10	0.4369
COZEN_p_TCGAb56_SNP_2N_GenomeWideSNP_6_A02_667160	14	74030731	74098457	37	-0.3984
COZEN_p_TCGAb56_SNP_2N_GenomeWideSNP_6_A02_667160	14	74101422	74101513	2	-2.0084
COZEN_p_TCGAb56_SNP_2N_GenomeWideSNP_6_A02_667160	14	74102561	74919125	450	-0.3314
COZEN_p_TCGAb56_SNP_2N_GenomeWideSNP_6_A02_667160	14	74919608	75040338	82	1.5474
COZEN_p_TCGAb56_SNP_2N_GenomeWideSNP_6_A02_667160	14	75044030	93613913	12280	-0.3782
COZEN_p_TCGAb56_SNP_2N_GenomeWideSNP_6_A02_667160	14	93614062	93615920	3	-2.5946
COZEN_p_TCGAb56_SNP_2N_GenomeWideSNP_6_A02_667160	14	93616848	101713412	5969	-0.3688
COZEN_p_TCGAb56_SNP_2N_GenomeWideSNP_6_A02_667160	14	101717179	106342792	1911	0.6662
COZEN_p_TCGAb56_SNP_2N_GenomeWideSNP_6_A02_667160	14	106342902	106428390	19	0.1377
COZEN_p_TCGAb56_SNP_2N_GenomeWideSNP_6_A02_667160	14	106429968	106460902	17	0.6249
COZEN_p_TCGAb56_SNP_2N_GenomeWideSNP_6_A02_667160	14	106479675	106479941	2	-2.4806
COZEN_p_TCGAb56_SNP_2N_GenomeWideSNP_6_A02_667160	14	106482128	106530364	21	0.5551
COZEN_p_TCGAb56_SNP_2N_GenomeWideSNP_6_A02_667160	14	106530687	106561441	16	-1.9191
COZEN_p_TCGAb56_SNP_2N_GenomeWideSNP_6_A02_667160	14	106567100	107285437	418	0.6955
COZEN_p_TCGAb56_SNP_2N_GenomeWideSNP_6_A02_667160	15	20016328	20412026	63	-0.0335
COZEN_p_TCGAb56_SNP_2N_GenomeWideSNP_6_A02_667160	15	20412478	20532617	15	-1.0019
COZEN_p_TCGAb56_SNP_2N_GenomeWideSNP_6_A02_667160	15	20541980	20573344	7	-2.2556
COZEN_p_TCGAb56_SNP_2N_GenomeWideSNP_6_A02_667160	15	20574158	20843562	73	-0.9581
COZEN_p_TCGAb56_SNP_2N_GenomeWideSNP_6_A02_667160	15	20847933	22291024	153	-1.4642
COZEN_p_TCGAb56_SNP_2N_GenomeWideSNP_6_A02_667160	15	22293227	22681076	112	-0.8552
COZEN_p_TCGAb56_SNP_2N_GenomeWideSNP_6_A02_667160	15	22681250	23076185	253	-0.3049
COZEN_p_TCGAb56_SNP_2N_GenomeWideSNP_6_A02_667160	15	23077857	23487457	63	-0.6917
COZEN_p_TCGAb56_SNP_2N_GenomeWideSNP_6_A02_667160	15	23487546	25429262	1192	-0.3465
COZEN_p_TCGAb56_SNP_2N_GenomeWideSNP_6_A02_667160	15	25430081	25430228	2	-2.4553
COZEN_p_TCGAb56_SNP_2N_GenomeWideSNP_6_A02_667160	15	25430243	34745719	5875	-0.6683
COZEN_p_TCGAb56_SNP_2N_GenomeWideSNP_6_A02_667160	15	34745778	34746462	2	-3.5477
COZEN_p_TCGAb56_SNP_2N_GenomeWideSNP_6_A02_667160	15	34747343	34874495	62	-1.0613
COZEN_p_TCGAb56_SNP_2N_GenomeWideSNP_6_A02_667160	15	34877765	36604843	1223	-0.6508
COZEN_p_TCGAb56_SNP_2N_GenomeWideSNP_6_A02_667160	15	36606918	40928336	3024	-0.3485
COZEN_p_TCGAb56_SNP_2N_GenomeWideSNP_6_A02_667160	15	40929090	48295054	3976	-0.0932
COZEN_p_TCGAb56_SNP_2N_GenomeWideSNP_6_A02_667160	15	48299651	48852832	336	-0.7015
COZEN_p_TCGAb56_SNP_2N_GenomeWideSNP_6_A02_667160	15	48854616	49090745	175	-0.3951
COZEN_p_TCGAb56_SNP_2N_GenomeWideSNP_6_A02_667160	15	49091256	49540216	264	-0.1011
COZEN_p_TCGAb56_SNP_2N_GenomeWideSNP_6_A02_667160	15	49542284	49610195	38	-0.3794
COZEN_p_TCGAb56_SNP_2N_GenomeWideSNP_6_A02_667160	15	49612295	49760943	69	-0.678
COZEN_p_TCGAb56_SNP_2N_GenomeWideSNP_6_A02_667160	15	49768225	49906601	51	-0.3771
COZEN_p_TCGAb56_SNP_2N_GenomeWideSNP_6_A02_667160	15	49907225	50519673	416	-0.6588
COZEN_p_TCGAb56_SNP_2N_GenomeWideSNP_6_A02_667160	15	50523819	52597511	1184	-0.1649
COZEN_p_TCGAb56_SNP_2N_GenomeWideSNP_6_A02_667160	15	52602506	52788051	111	0.272
COZEN_p_TCGAb56_SNP_2N_GenomeWideSNP_6_A02_667160	15	52799809	58426242	3920	-0.1062
COZEN_p_TCGAb56_SNP_2N_GenomeWideSNP_6_A02_667160	15	58427450	58503742	74	-0.3805
COZEN_p_TCGAb56_SNP_2N_GenomeWideSNP_6_A02_667160	15	58504240	102469040	29198	-0.6601
COZEN_p_TCGAb56_SNP_2N_GenomeWideSNP_6_A02_667160	16	60777	14971415	11135	0.1241
COZEN_p_TCGAb56_SNP_2N_GenomeWideSNP_6_A02_667160	16	14972993	15125441	69	-0.2161
COZEN_p_TCGAb56_SNP_2N_GenomeWideSNP_6_A02_667160	16	15126890	16798663	628	0.1142
COZEN_p_TCGAb56_SNP_2N_GenomeWideSNP_6_A02_667160	16	16831082	16837626	2	-2.1883
COZEN_p_TCGAb56_SNP_2N_GenomeWideSNP_6_A02_667160	16	16855361	18198717	972	0.0962
COZEN_p_TCGAb56_SNP_2N_GenomeWideSNP_6_A02_667160	16	18228118	18238289	2	2.2939
COZEN_p_TCGAb56_SNP_2N_GenomeWideSNP_6_A02_667160	16	18242726	19944363	727	0.1332
COZEN_p_TCGAb56_SNP_2N_GenomeWideSNP_6_A02_667160	16	19945650	19967362	29	-1.0767
COZEN_p_TCGAb56_SNP_2N_GenomeWideSNP_6_A02_667160	16	19970254	23709474	2001	0.1095
COZEN_p_TCGAb56_SNP_2N_GenomeWideSNP_6_A02_667160	16	23709691	30142294	3826	0.4395
COZEN_p_TCGAb56_SNP_2N_GenomeWideSNP_6_A02_667160	16	30143083	30646695	134	0.7516
COZEN_p_TCGAb56_SNP_2N_GenomeWideSNP_6_A02_667160	16	30647273	30668512	4	-0.2466
COZEN_p_TCGAb56_SNP_2N_GenomeWideSNP_6_A02_667160	16	30668790	32769362	679	0.7233
COZEN_p_TCGAb56_SNP_2N_GenomeWideSNP_6_A02_667160	16	32791269	33054658	44	0.1823
COZEN_p_TCGAb56_SNP_2N_GenomeWideSNP_6_A02_667160	16	33056748	33913042	132	0.6697
COZEN_p_TCGAb56_SNP_2N_GenomeWideSNP_6_A02_667160	16	33921860	35283226	477	0.4236
COZEN_p_TCGAb56_SNP_2N_GenomeWideSNP_6_A02_667160	16	46463782	70839337	15540	0.1087
COZEN_p_TCGAb56_SNP_2N_GenomeWideSNP_6_A02_667160	16	70842097	71202489	142	0.6984
COZEN_p_TCGAb56_SNP_2N_GenomeWideSNP_6_A02_667160	16	71202797	88110422	15050	0.1167
COZEN_p_TCGAb56_SNP_2N_GenomeWideSNP_6_A02_667160	16	88113663	88115391	4	-0.8835
COZEN_p_TCGAb56_SNP_2N_GenomeWideSNP_6_A02_667160	16	88116130	90287535	848	0.1104
COZEN_p_TCGAb56_SNP_2N_GenomeWideSNP_6_A02_667160	17	526	18317181	11437	-0.1025
COZEN_p_TCGAb56_SNP_2N_GenomeWideSNP_6_A02_667160	17	18317193	18459272	30	0.3687
COZEN_p_TCGAb56_SNP_2N_GenomeWideSNP_6_A02_667160	17	18464586	18935523	175	-0.1296
COZEN_p_TCGAb56_SNP_2N_GenomeWideSNP_6_A02_667160	17	18950867	19130231	14	0.6469
COZEN_p_TCGAb56_SNP_2N_GenomeWideSNP_6_A02_667160	17	19149286	19193342	26	0.909
COZEN_p_TCGAb56_SNP_2N_GenomeWideSNP_6_A02_667160	17	19194237	21912072	1201	1.2412
COZEN_p_TCGAb56_SNP_2N_GenomeWideSNP_6_A02_667160	17	21917828	22219568	133	1.9028
COZEN_p_TCGAb56_SNP_2N_GenomeWideSNP_6_A02_667160	17	22227075	22235650	5	1.032
COZEN_p_TCGAb56_SNP_2N_GenomeWideSNP_6_A02_667160	17	25270411	25974258	363	0.1257
COZEN_p_TCGAb56_SNP_2N_GenomeWideSNP_6_A02_667160	17	25974617	26609521	353	0.4412
COZEN_p_TCGAb56_SNP_2N_GenomeWideSNP_6_A02_667160	17	26613676	26703222	29	1.2737
COZEN_p_TCGAb56_SNP_2N_GenomeWideSNP_6_A02_667160	17	26704252	27194634	186	1.7196
COZEN_p_TCGAb56_SNP_2N_GenomeWideSNP_6_A02_667160	17	27195917	27596047	207	2.3398
COZEN_p_TCGAb56_SNP_2N_GenomeWideSNP_6_A02_667160	17	27603086	27901975	128	2.044
COZEN_p_TCGAb56_SNP_2N_GenomeWideSNP_6_A02_667160	17	27905549	28118435	94	2.3075
COZEN_p_TCGAb56_SNP_2N_GenomeWideSNP_6_A02_667160	17	28119440	28844916	314	2.5535
COZEN_p_TCGAb56_SNP_2N_GenomeWideSNP_6_A02_667160	17	28845644	29214541	135	2.0974
COZEN_p_TCGAb56_SNP_2N_GenomeWideSNP_6_A02_667160	17	29215642	30294805	522	-0.127
COZEN_p_TCGAb56_SNP_2N_GenomeWideSNP_6_A02_667160	17	30298854	30306471	2	1.4382
COZEN_p_TCGAb56_SNP_2N_GenomeWideSNP_6_A02_667160	17	30311689	32903526	2100	-0.1176
COZEN_p_TCGAb56_SNP_2N_GenomeWideSNP_6_A02_667160	17	32903875	33354376	285	-1.0826
COZEN_p_TCGAb56_SNP_2N_GenomeWideSNP_6_A02_667160	17	33359908	33969407	341	-0.1116
COZEN_p_TCGAb56_SNP_2N_GenomeWideSNP_6_A02_667160	17	33970682	34072242	66	0.2473
COZEN_p_TCGAb56_SNP_2N_GenomeWideSNP_6_A02_667160	17	34074709	34977816	403	-0.1244
COZEN_p_TCGAb56_SNP_2N_GenomeWideSNP_6_A02_667160	17	34981225	36740608	1011	2.1414
COZEN_p_TCGAb56_SNP_2N_GenomeWideSNP_6_A02_667160	17	36745226	37370695	301	-0.1084
COZEN_p_TCGAb56_SNP_2N_GenomeWideSNP_6_A02_667160	17	37386110	37917512	276	2.5542
COZEN_p_TCGAb56_SNP_2N_GenomeWideSNP_6_A02_667160	17	37919696	39430157	845	0.6508
COZEN_p_TCGAb56_SNP_2N_GenomeWideSNP_6_A02_667160	17	39430173	39430450	3	3.2073
COZEN_p_TCGAb56_SNP_2N_GenomeWideSNP_6_A02_667160	17	39430531	39433541	16	0.5213
COZEN_p_TCGAb56_SNP_2N_GenomeWideSNP_6_A02_667160	17	39438362	40009336	385	-0.1098
COZEN_p_TCGAb56_SNP_2N_GenomeWideSNP_6_A02_667160	17	40009955	40305758	148	0.4178
COZEN_p_TCGAb56_SNP_2N_GenomeWideSNP_6_A02_667160	17	40318734	40492016	82	-0.118
COZEN_p_TCGAb56_SNP_2N_GenomeWideSNP_6_A02_667160	17	40494006	40884972	170	0.4037
COZEN_p_TCGAb56_SNP_2N_GenomeWideSNP_6_A02_667160	17	40892129	41399657	300	-0.0905
COZEN_p_TCGAb56_SNP_2N_GenomeWideSNP_6_A02_667160	17	41415522	41938185	314	0.4562
COZEN_p_TCGAb56_SNP_2N_GenomeWideSNP_6_A02_667160	17	41939438	43195205	581	-0.106
COZEN_p_TCGAb56_SNP_2N_GenomeWideSNP_6_A02_667160	17	43195663	43195813	3	-1.3481
COZEN_p_TCGAb56_SNP_2N_GenomeWideSNP_6_A02_667160	17	43195981	43574921	159	-0.1152
COZEN_p_TCGAb56_SNP_2N_GenomeWideSNP_6_A02_667160	17	43586097	43965623	190	-1.0506
COZEN_p_TCGAb56_SNP_2N_GenomeWideSNP_6_A02_667160	17	43966035	44784652	331	-0.1712
COZEN_p_TCGAb56_SNP_2N_GenomeWideSNP_6_A02_667160	17	44784678	45519084	395	-1.057
COZEN_p_TCGAb56_SNP_2N_GenomeWideSNP_6_A02_667160	17	45526214	49353346	1959	-0.1072
COZEN_p_TCGAb56_SNP_2N_GenomeWideSNP_6_A02_667160	17	49355521	52181680	2021	0.6075
COZEN_p_TCGAb56_SNP_2N_GenomeWideSNP_6_A02_667160	17	52182566	52413013	121	-0.141
COZEN_p_TCGAb56_SNP_2N_GenomeWideSNP_6_A02_667160	17	52415964	52632254	101	2.4144
COZEN_p_TCGAb56_SNP_2N_GenomeWideSNP_6_A02_667160	17	52634726	53601679	724	-0.1215
COZEN_p_TCGAb56_SNP_2N_GenomeWideSNP_6_A02_667160	17	53602053	54317531	621	-1.0674
COZEN_p_TCGAb56_SNP_2N_GenomeWideSNP_6_A02_667160	17	54321437	55394667	837	-0.123
COZEN_p_TCGAb56_SNP_2N_GenomeWideSNP_6_A02_667160	17	55396853	55673598	222	0.6385
COZEN_p_TCGAb56_SNP_2N_GenomeWideSNP_6_A02_667160	17	55675824	55880090	176	-0.0931
COZEN_p_TCGAb56_SNP_2N_GenomeWideSNP_6_A02_667160	17	55882611	56601676	397	0.6122
COZEN_p_TCGAb56_SNP_2N_GenomeWideSNP_6_A02_667160	17	56602952	56906380	145	-0.14
COZEN_p_TCGAb56_SNP_2N_GenomeWideSNP_6_A02_667160	17	56909926	58395048	656	0.5688
COZEN_p_TCGAb56_SNP_2N_GenomeWideSNP_6_A02_667160	17	58395892	69828979	6910	-0.1265
COZEN_p_TCGAb56_SNP_2N_GenomeWideSNP_6_A02_667160	17	69830959	70295052	366	-1.0918
COZEN_p_TCGAb56_SNP_2N_GenomeWideSNP_6_A02_667160	17	70295602	70298570	8	-3.7027
COZEN_p_TCGAb56_SNP_2N_GenomeWideSNP_6_A02_667160	17	70299163	73006133	1844	-1.1035
COZEN_p_TCGAb56_SNP_2N_GenomeWideSNP_6_A02_667160	17	73011019	77243063	2311	-0.1224
COZEN_p_TCGAb56_SNP_2N_GenomeWideSNP_6_A02_667160	17	77245660	77246390	3	-1.9341
COZEN_p_TCGAb56_SNP_2N_GenomeWideSNP_6_A02_667160	17	77247044	78695825	821	-0.0972
COZEN_p_TCGAb56_SNP_2N_GenomeWideSNP_6_A02_667160	17	78696287	78699819	2	-2.1596
COZEN_p_TCGAb56_SNP_2N_GenomeWideSNP_6_A02_667160	17	78702845	79693163	405	-0.0949
COZEN_p_TCGAb56_SNP_2N_GenomeWideSNP_6_A02_667160	17	79788623	80179003	94	0.5358
COZEN_p_TCGAb56_SNP_2N_GenomeWideSNP_6_A02_667160	17	80202712	80580231	181	-0.1357
COZEN_p_TCGAb56_SNP_2N_GenomeWideSNP_6_A02_667160	17	80585033	81049726	249	0.6431
COZEN_p_TCGAb56_SNP_2N_GenomeWideSNP_6_A02_667160	18	11543	9750598	7090	0.0761
COZEN_p_TCGAb56_SNP_2N_GenomeWideSNP_6_A02_667160	18	9750662	9752021	13	-0.4098
COZEN_p_TCGAb56_SNP_2N_GenomeWideSNP_6_A02_667160	18	9752134	33628727	12611	0.0748
COZEN_p_TCGAb56_SNP_2N_GenomeWideSNP_6_A02_667160	18	33629439	33633283	2	-3.1449
COZEN_p_TCGAb56_SNP_2N_GenomeWideSNP_6_A02_667160	18	33635568	42802381	6109	0.0732
COZEN_p_TCGAb56_SNP_2N_GenomeWideSNP_6_A02_667160	18	42802400	42803829	3	-0.9925
COZEN_p_TCGAb56_SNP_2N_GenomeWideSNP_6_A02_667160	18	42804525	63762300	14621	0.0707
COZEN_p_TCGAb56_SNP_2N_GenomeWideSNP_6_A02_667160	18	63767140	63767288	2	-1.6448
COZEN_p_TCGAb56_SNP_2N_GenomeWideSNP_6_A02_667160	18	63767922	75069046	8526	0.029
COZEN_p_TCGAb56_SNP_2N_GenomeWideSNP_6_A02_667160	18	75072878	75073275	3	-0.9937
COZEN_p_TCGAb56_SNP_2N_GenomeWideSNP_6_A02_667160	18	75076696	76731826	1192	0.0828
COZEN_p_TCGAb56_SNP_2N_GenomeWideSNP_6_A02_667160	18	76734830	76735252	2	-1.9678
COZEN_p_TCGAb56_SNP_2N_GenomeWideSNP_6_A02_667160	18	76736062	78015057	660	0.092
COZEN_p_TCGAb56_SNP_2N_GenomeWideSNP_6_A02_667160	19	90910	257392	8	0.0939
COZEN_p_TCGAb56_SNP_2N_GenomeWideSNP_6_A02_667160	19	258084	342084	47	-0.4609
COZEN_p_TCGAb56_SNP_2N_GenomeWideSNP_6_A02_667160	19	348129	348143	2	-2.9777
COZEN_p_TCGAb56_SNP_2N_GenomeWideSNP_6_A02_667160	19	348743	6017911	1755	-0.3382
COZEN_p_TCGAb56_SNP_2N_GenomeWideSNP_6_A02_667160	19	6023162	6055206	10	-1.0682
COZEN_p_TCGAb56_SNP_2N_GenomeWideSNP_6_A02_667160	19	6059840	8039726	958	-0.3438
COZEN_p_TCGAb56_SNP_2N_GenomeWideSNP_6_A02_667160	19	8041700	8421007	172	0.099
COZEN_p_TCGAb56_SNP_2N_GenomeWideSNP_6_A02_667160	19	8449312	8644501	83	0.7312
COZEN_p_TCGAb56_SNP_2N_GenomeWideSNP_6_A02_667160	19	8646998	10520064	963	0.4676
COZEN_p_TCGAb56_SNP_2N_GenomeWideSNP_6_A02_667160	19	10532803	10726722	73	-0.284
COZEN_p_TCGAb56_SNP_2N_GenomeWideSNP_6_A02_667160	19	10727014	12061384	664	0.4844
COZEN_p_TCGAb56_SNP_2N_GenomeWideSNP_6_A02_667160	19	12068846	12520305	234	-0.3828
COZEN_p_TCGAb56_SNP_2N_GenomeWideSNP_6_A02_667160	19	12521940	14327383	746	0.4824
COZEN_p_TCGAb56_SNP_2N_GenomeWideSNP_6_A02_667160	19	14337359	15737274	841	-0.3282
COZEN_p_TCGAb56_SNP_2N_GenomeWideSNP_6_A02_667160	19	15739315	15862536	142	0.4633
COZEN_p_TCGAb56_SNP_2N_GenomeWideSNP_6_A02_667160	19	15862973	18003730	1085	-0.3261
COZEN_p_TCGAb56_SNP_2N_GenomeWideSNP_6_A02_667160	19	18004293	18858047	335	0.093
COZEN_p_TCGAb56_SNP_2N_GenomeWideSNP_6_A02_667160	19	18867561	19797154	399	-0.344
COZEN_p_TCGAb56_SNP_2N_GenomeWideSNP_6_A02_667160	19	19806398	20474506	406	0.1073
COZEN_p_TCGAb56_SNP_2N_GenomeWideSNP_6_A02_667160	19	20474655	21774733	706	-0.2872
COZEN_p_TCGAb56_SNP_2N_GenomeWideSNP_6_A02_667160	19	21776332	23327563	900	0.0969
COZEN_p_TCGAb56_SNP_2N_GenomeWideSNP_6_A02_667160	19	23333246	23345279	10	-0.3042
COZEN_p_TCGAb56_SNP_2N_GenomeWideSNP_6_A02_667160	19	23353024	23357892	7	0.2098
COZEN_p_TCGAb56_SNP_2N_GenomeWideSNP_6_A02_667160	19	23363365	23971507	373	-0.3409
COZEN_p_TCGAb56_SNP_2N_GenomeWideSNP_6_A02_667160	19	23971800	28647589	715	0.1213
COZEN_p_TCGAb56_SNP_2N_GenomeWideSNP_6_A02_667160	19	28649422	30590825	1537	0.4897
COZEN_p_TCGAb56_SNP_2N_GenomeWideSNP_6_A02_667160	19	30590980	30597792	6	0.023
COZEN_p_TCGAb56_SNP_2N_GenomeWideSNP_6_A02_667160	19	30598289	30620082	18	0.4464
COZEN_p_TCGAb56_SNP_2N_GenomeWideSNP_6_A02_667160	19	30623114	30629420	6	0.1843
COZEN_p_TCGAb56_SNP_2N_GenomeWideSNP_6_A02_667160	19	30629569	34733980	2868	-0.3293
COZEN_p_TCGAb56_SNP_2N_GenomeWideSNP_6_A02_667160	19	34734000	34734109	4	-1.1718
COZEN_p_TCGAb56_SNP_2N_GenomeWideSNP_6_A02_667160	19	34737136	35849322	731	-0.3307
COZEN_p_TCGAb56_SNP_2N_GenomeWideSNP_6_A02_667160	19	35849493	35861848	22	-0.9203
COZEN_p_TCGAb56_SNP_2N_GenomeWideSNP_6_A02_667160	19	35866744	37100810	618	-0.326
COZEN_p_TCGAb56_SNP_2N_GenomeWideSNP_6_A02_667160	19	37113264	37436076	182	0.656
COZEN_p_TCGAb56_SNP_2N_GenomeWideSNP_6_A02_667160	19	37438724	37561087	73	0.9283
COZEN_p_TCGAb56_SNP_2N_GenomeWideSNP_6_A02_667160	19	37580415	37735722	56	0.6298
COZEN_p_TCGAb56_SNP_2N_GenomeWideSNP_6_A02_667160	19	37735795	37755731	17	0.3707
COZEN_p_TCGAb56_SNP_2N_GenomeWideSNP_6_A02_667160	19	37794850	37846395	29	-0.3736
COZEN_p_TCGAb56_SNP_2N_GenomeWideSNP_6_A02_667160	19	37852506	40969203	1637	0.3957
COZEN_p_TCGAb56_SNP_2N_GenomeWideSNP_6_A02_667160	19	40974287	41352639	184	0.1065
COZEN_p_TCGAb56_SNP_2N_GenomeWideSNP_6_A02_667160	19	41352657	41380946	33	-0.3641
COZEN_p_TCGAb56_SNP_2N_GenomeWideSNP_6_A02_667160	19	41392155	41392654	2	0.5419
COZEN_p_TCGAb56_SNP_2N_GenomeWideSNP_6_A02_667160	19	41392885	41416327	25	0.0833
COZEN_p_TCGAb56_SNP_2N_GenomeWideSNP_6_A02_667160	19	41416696	41440527	19	-0.2827
COZEN_p_TCGAb56_SNP_2N_GenomeWideSNP_6_A02_667160	19	41443102	41451664	4	0.4691
COZEN_p_TCGAb56_SNP_2N_GenomeWideSNP_6_A02_667160	19	41454802	41667273	129	-0.3454
COZEN_p_TCGAb56_SNP_2N_GenomeWideSNP_6_A02_667160	19	41669962	41680385	5	0.388
COZEN_p_TCGAb56_SNP_2N_GenomeWideSNP_6_A02_667160	19	41689147	41698690	5	-0.2283
COZEN_p_TCGAb56_SNP_2N_GenomeWideSNP_6_A02_667160	19	41702665	41727283	16	0.255
COZEN_p_TCGAb56_SNP_2N_GenomeWideSNP_6_A02_667160	19	41730252	43703033	886	-0.3325
COZEN_p_TCGAb56_SNP_2N_GenomeWideSNP_6_A02_667160	19	43703504	43753510	20	-1.0281
COZEN_p_TCGAb56_SNP_2N_GenomeWideSNP_6_A02_667160	19	43756237	46739900	1586	-0.3506
COZEN_p_TCGAb56_SNP_2N_GenomeWideSNP_6_A02_667160	19	46740826	48164769	605	0.1263
COZEN_p_TCGAb56_SNP_2N_GenomeWideSNP_6_A02_667160	19	48171518	49956925	839	-0.3365
COZEN_p_TCGAb56_SNP_2N_GenomeWideSNP_6_A02_667160	19	49957606	51266039	547	0.1388
COZEN_p_TCGAb56_SNP_2N_GenomeWideSNP_6_A02_667160	19	51267152	51271737	2	-1.157
COZEN_p_TCGAb56_SNP_2N_GenomeWideSNP_6_A02_667160	19	51275783	52142352	586	0.1043
COZEN_p_TCGAb56_SNP_2N_GenomeWideSNP_6_A02_667160	19	52142615	52148197	10	-0.8322
COZEN_p_TCGAb56_SNP_2N_GenomeWideSNP_6_A02_667160	19	52154905	55950506	2383	0.1163
COZEN_p_TCGAb56_SNP_2N_GenomeWideSNP_6_A02_667160	19	55958372	56282535	152	-0.2935
COZEN_p_TCGAb56_SNP_2N_GenomeWideSNP_6_A02_667160	19	56283029	56283067	2	-3.1437
COZEN_p_TCGAb56_SNP_2N_GenomeWideSNP_6_A02_667160	19	56286293	59097854	1849	-0.3481
COZEN_p_TCGAb56_SNP_2N_GenomeWideSNP_6_A02_667160	20	61305	140280	70	-0.3065
COZEN_p_TCGAb56_SNP_2N_GenomeWideSNP_6_A02_667160	20	140331	1079678	752	0.3758
COZEN_p_TCGAb56_SNP_2N_GenomeWideSNP_6_A02_667160	20	1083089	1552503	363	0.0307
COZEN_p_TCGAb56_SNP_2N_GenomeWideSNP_6_A02_667160	20	1557190	1560999	21	-0.9296
COZEN_p_TCGAb56_SNP_2N_GenomeWideSNP_6_A02_667160	20	1561580	1593893	41	1.0005
COZEN_p_TCGAb56_SNP_2N_GenomeWideSNP_6_A02_667160	20	1597946	29443421	18824	0.0449
COZEN_p_TCGAb56_SNP_2N_GenomeWideSNP_6_A02_667160	20	29448955	32632529	1489	-0.3534
COZEN_p_TCGAb56_SNP_2N_GenomeWideSNP_6_A02_667160	20	32633326	32657349	15	-4.1022
COZEN_p_TCGAb56_SNP_2N_GenomeWideSNP_6_A02_667160	20	32657590	32661019	3	-1.7935
COZEN_p_TCGAb56_SNP_2N_GenomeWideSNP_6_A02_667160	20	32670540	37001631	2239	-0.342
COZEN_p_TCGAb56_SNP_2N_GenomeWideSNP_6_A02_667160	20	37002859	37321281	194	0.3883
COZEN_p_TCGAb56_SNP_2N_GenomeWideSNP_6_A02_667160	20	37327868	39920014	1795	-0.3651
COZEN_p_TCGAb56_SNP_2N_GenomeWideSNP_6_A02_667160	20	39923764	40130200	109	0.3559
COZEN_p_TCGAb56_SNP_2N_GenomeWideSNP_6_A02_667160	20	40130600	41290936	1020	-0.3367
COZEN_p_TCGAb56_SNP_2N_GenomeWideSNP_6_A02_667160	20	41292512	44467491	2181	0.069
COZEN_p_TCGAb56_SNP_2N_GenomeWideSNP_6_A02_667160	20	44468612	48719679	2954	-0.3618
COZEN_p_TCGAb56_SNP_2N_GenomeWideSNP_6_A02_667160	20	48722794	50728998	1481	1.3466
COZEN_p_TCGAb56_SNP_2N_GenomeWideSNP_6_A02_667160	20	50731771	50735365	5	1.8638
COZEN_p_TCGAb56_SNP_2N_GenomeWideSNP_6_A02_667160	20	50737535	51336460	411	1.6648
COZEN_p_TCGAb56_SNP_2N_GenomeWideSNP_6_A02_667160	20	51336718	51585697	192	1.3649
COZEN_p_TCGAb56_SNP_2N_GenomeWideSNP_6_A02_667160	20	51590534	51873131	253	1.6386
COZEN_p_TCGAb56_SNP_2N_GenomeWideSNP_6_A02_667160	20	51873712	54204739	1913	1.2463
COZEN_p_TCGAb56_SNP_2N_GenomeWideSNP_6_A02_667160	20	54205277	55190109	805	1.9581
COZEN_p_TCGAb56_SNP_2N_GenomeWideSNP_6_A02_667160	20	55190466	55194139	2	0.0474
COZEN_p_TCGAb56_SNP_2N_GenomeWideSNP_6_A02_667160	20	55194543	55725143	500	2.0228
COZEN_p_TCGAb56_SNP_2N_GenomeWideSNP_6_A02_667160	20	55725731	55830117	88	1.3139
COZEN_p_TCGAb56_SNP_2N_GenomeWideSNP_6_A02_667160	20	55830151	55987164	75	1.6154
COZEN_p_TCGAb56_SNP_2N_GenomeWideSNP_6_A02_667160	20	55987809	56337814	267	-0.3645
COZEN_p_TCGAb56_SNP_2N_GenomeWideSNP_6_A02_667160	20	56341943	59630996	2722	0.3743
COZEN_p_TCGAb56_SNP_2N_GenomeWideSNP_6_A02_667160	20	59635497	60456391	664	-0.3659
COZEN_p_TCGAb56_SNP_2N_GenomeWideSNP_6_A02_667160	20	60458068	60548170	61	0.108
COZEN_p_TCGAb56_SNP_2N_GenomeWideSNP_6_A02_667160	20	60559028	60559084	3	-1.4484
COZEN_p_TCGAb56_SNP_2N_GenomeWideSNP_6_A02_667160	20	60567750	60728767	100	0.1346
COZEN_p_TCGAb56_SNP_2N_GenomeWideSNP_6_A02_667160	20	60736863	60980408	106	0.7321
COZEN_p_TCGAb56_SNP_2N_GenomeWideSNP_6_A02_667160	20	60997330	62430238	559	0.3608
COZEN_p_TCGAb56_SNP_2N_GenomeWideSNP_6_A02_667160	20	62449320	62956153	212	-0.3836
COZEN_p_TCGAb56_SNP_2N_GenomeWideSNP_6_A02_667160	21	10736871	10940642	33	-0.0637
COZEN_p_TCGAb56_SNP_2N_GenomeWideSNP_6_A02_667160	21	10942932	48096957	24395	0.5248
COZEN_p_TCGAb56_SNP_2N_GenomeWideSNP_6_A02_667160	22	16052528	22081867	2979	0.3793
COZEN_p_TCGAb56_SNP_2N_GenomeWideSNP_6_A02_667160	22	22095771	24288367	1615	0.0187
COZEN_p_TCGAb56_SNP_2N_GenomeWideSNP_6_A02_667160	22	24288434	24344422	28	0.4517
COZEN_p_TCGAb56_SNP_2N_GenomeWideSNP_6_A02_667160	22	24350529	24396814	19	-2.5849
COZEN_p_TCGAb56_SNP_2N_GenomeWideSNP_6_A02_667160	22	24401529	25081338	354	0.0677
COZEN_p_TCGAb56_SNP_2N_GenomeWideSNP_6_A02_667160	22	25082115	25082534	3	-2.54
COZEN_p_TCGAb56_SNP_2N_GenomeWideSNP_6_A02_667160	22	25087674	26385449	1208	0.0728
COZEN_p_TCGAb56_SNP_2N_GenomeWideSNP_6_A02_667160	22	26388300	26388733	5	-0.8151
COZEN_p_TCGAb56_SNP_2N_GenomeWideSNP_6_A02_667160	22	26388897	31777607	3839	0.0581
COZEN_p_TCGAb56_SNP_2N_GenomeWideSNP_6_A02_667160	22	31778581	31780569	2	-1.5194
COZEN_p_TCGAb56_SNP_2N_GenomeWideSNP_6_A02_667160	22	31784918	45573450	9385	0.0599
COZEN_p_TCGAb56_SNP_2N_GenomeWideSNP_6_A02_667160	22	45576584	45577061	2	-1.8704
COZEN_p_TCGAb56_SNP_2N_GenomeWideSNP_6_A02_667160	22	45581632	48318734	1977	0.0517
COZEN_p_TCGAb56_SNP_2N_GenomeWideSNP_6_A02_667160	22	48319281	48320771	4	-1.6086
COZEN_p_TCGAb56_SNP_2N_GenomeWideSNP_6_A02_667160	22	48321123	48544615	251	-3.1146
COZEN_p_TCGAb56_SNP_2N_GenomeWideSNP_6_A02_667160	22	48549033	48777490	229	-4.1942
COZEN_p_TCGAb56_SNP_2N_GenomeWideSNP_6_A02_667160	22	48778010	48814040	64	-2.8204
COZEN_p_TCGAb56_SNP_2N_GenomeWideSNP_6_A02_667160	22	48815311	48902721	84	-4.3558
COZEN_p_TCGAb56_SNP_2N_GenomeWideSNP_6_A02_667160	22	48906295	49892168	878	0.0216
COZEN_p_TCGAb56_SNP_2N_GenomeWideSNP_6_A02_667160	22	49897305	50022333	113	-4.1212
COZEN_p_TCGAb56_SNP_2N_GenomeWideSNP_6_A02_667160	22	50034987	50179058	86	-0.4318
COZEN_p_TCGAb56_SNP_2N_GenomeWideSNP_6_A02_667160	22	50181472	50597704	167	-1.0542
COZEN_p_TCGAb56_SNP_2N_GenomeWideSNP_6_A02_667160	22	50600860	51234455	261	-0.3915
COZEN_p_TCGAb56_SNP_2N_GenomeWideSNP_6_A02_667160	X	168477	10079196	5736	0.1598
COZEN_p_TCGAb56_SNP_2N_GenomeWideSNP_6_A02_667160	X	10079552	10079568	3	-0.9548
COZEN_p_TCGAb56_SNP_2N_GenomeWideSNP_6_A02_667160	X	10082855	15258634	3616	0.1824
COZEN_p_TCGAb56_SNP_2N_GenomeWideSNP_6_A02_667160	X	15260115	15260972	3	-1.8486
COZEN_p_TCGAb56_SNP_2N_GenomeWideSNP_6_A02_667160	X	15262206	52672741	21756	0.1975
COZEN_p_TCGAb56_SNP_2N_GenomeWideSNP_6_A02_667160	X	52675422	52923484	45	0.5238
COZEN_p_TCGAb56_SNP_2N_GenomeWideSNP_6_A02_667160	X	52952517	55452291	1049	0.2362
COZEN_p_TCGAb56_SNP_2N_GenomeWideSNP_6_A02_667160	X	55463322	56254747	398	0.5189
COZEN_p_TCGAb56_SNP_2N_GenomeWideSNP_6_A02_667160	X	56255726	56315442	28	0.1875
COZEN_p_TCGAb56_SNP_2N_GenomeWideSNP_6_A02_667160	X	56319181	58082505	897	0.5756
COZEN_p_TCGAb56_SNP_2N_GenomeWideSNP_6_A02_667160	X	58083988	58549568	123	0.1802
COZEN_p_TCGAb56_SNP_2N_GenomeWideSNP_6_A02_667160	X	58561091	63920087	724	-0.6478
COZEN_p_TCGAb56_SNP_2N_GenomeWideSNP_6_A02_667160	X	63920230	64771261	354	-0.1909
COZEN_p_TCGAb56_SNP_2N_GenomeWideSNP_6_A02_667160	X	64772760	84989951	9645	-0.4965
COZEN_p_TCGAb56_SNP_2N_GenomeWideSNP_6_A02_667160	X	84990046	84990565	4	-4.0598
COZEN_p_TCGAb56_SNP_2N_GenomeWideSNP_6_A02_667160	X	84990837	106398526	11424	-0.5453
COZEN_p_TCGAb56_SNP_2N_GenomeWideSNP_6_A02_667160	X	106406361	110226270	2081	0.2432
COZEN_p_TCGAb56_SNP_2N_GenomeWideSNP_6_A02_667160	X	110229693	110291208	35	-0.4434
COZEN_p_TCGAb56_SNP_2N_GenomeWideSNP_6_A02_667160	X	110292423	110297826	6	-1.2452
COZEN_p_TCGAb56_SNP_2N_GenomeWideSNP_6_A02_667160	X	110300659	127305378	10030	0.1793
COZEN_p_TCGAb56_SNP_2N_GenomeWideSNP_6_A02_667160	X	127315946	127320752	2	-2.2584
COZEN_p_TCGAb56_SNP_2N_GenomeWideSNP_6_A02_667160	X	127332432	129864446	1421	0.2178
COZEN_p_TCGAb56_SNP_2N_GenomeWideSNP_6_A02_667160	X	129871553	129979347	47	-0.5399
COZEN_p_TCGAb56_SNP_2N_GenomeWideSNP_6_A02_667160	X	129980295	140647123	5984	0.171
COZEN_p_TCGAb56_SNP_2N_GenomeWideSNP_6_A02_667160	X	140647163	140673745	6	-0.8824
COZEN_p_TCGAb56_SNP_2N_GenomeWideSNP_6_A02_667160	X	140681794	153815428	8509	0.1968
COZEN_p_TCGAb56_SNP_2N_GenomeWideSNP_6_A02_667160	X	153820800	153835012	9	-0.7196
COZEN_p_TCGAb56_SNP_2N_GenomeWideSNP_6_A02_667160	X	153837137	155182354	474	0.1533
COZEN_p_TCGAb56_SNP_2N_GenomeWideSNP_6_A02_667160	Y	2650438	2893230	120	-0.9364
COZEN_p_TCGAb56_SNP_2N_GenomeWideSNP_6_A02_667160	Y	2894042	5943672	684	-1.3399
COZEN_p_TCGAb56_SNP_2N_GenomeWideSNP_6_A02_667160	Y	5944602	5944603	2	-3.5628
COZEN_p_TCGAb56_SNP_2N_GenomeWideSNP_6_A02_667160	Y	5948100	13800928	1946	-1.1036
COZEN_p_TCGAb56_SNP_2N_GenomeWideSNP_6_A02_667160	Y	13870908	13942748	29	-0.5165
COZEN_p_TCGAb56_SNP_2N_GenomeWideSNP_6_A02_667160	Y	13943517	28361794	5635	-1.0783
COZEN_p_TCGAb56_SNP_2N_GenomeWideSNP_6_A02_667160	Y	28363425	59018259	218	-0.813
