Sample	Chromosome	Start	End	Num_Probes	Segment_Mean
COZEN_p_TCGAb56_SNP_2N_GenomeWideSNP_6_E06_667172	1	61735	16568190	8602	-0.0161
COZEN_p_TCGAb56_SNP_2N_GenomeWideSNP_6_E06_667172	1	16572804	16593369	12	-0.5475
COZEN_p_TCGAb56_SNP_2N_GenomeWideSNP_6_E06_667172	1	16594994	16796742	95	-0.0471
COZEN_p_TCGAb56_SNP_2N_GenomeWideSNP_6_E06_667172	1	16797756	17314702	207	-0.4712
COZEN_p_TCGAb56_SNP_2N_GenomeWideSNP_6_E06_667172	1	17319778	22293825	3320	0.0052
COZEN_p_TCGAb56_SNP_2N_GenomeWideSNP_6_E06_667172	1	22296307	22435723	79	-0.2754
COZEN_p_TCGAb56_SNP_2N_GenomeWideSNP_6_E06_667172	1	22436035	25418699	1736	-0.0017
COZEN_p_TCGAb56_SNP_2N_GenomeWideSNP_6_E06_667172	1	25423401	25424322	2	-1.8721
COZEN_p_TCGAb56_SNP_2N_GenomeWideSNP_6_E06_667172	1	25424889	25583341	118	-0.1259
COZEN_p_TCGAb56_SNP_2N_GenomeWideSNP_6_E06_667172	1	25593128	25646689	25	-1.8138
COZEN_p_TCGAb56_SNP_2N_GenomeWideSNP_6_E06_667172	1	25646744	46359579	11253	-3e-04
COZEN_p_TCGAb56_SNP_2N_GenomeWideSNP_6_E06_667172	1	46360054	46608657	128	-0.2451
COZEN_p_TCGAb56_SNP_2N_GenomeWideSNP_6_E06_667172	1	46608845	72763370	17489	0.0087
COZEN_p_TCGAb56_SNP_2N_GenomeWideSNP_6_E06_667172	1	72768418	72810938	45	0.4227
COZEN_p_TCGAb56_SNP_2N_GenomeWideSNP_6_E06_667172	1	72811076	105622533	20833	0.0189
COZEN_p_TCGAb56_SNP_2N_GenomeWideSNP_6_E06_667172	1	105622940	105623553	2	2.0567
COZEN_p_TCGAb56_SNP_2N_GenomeWideSNP_6_E06_667172	1	105626818	106013376	217	0.0049
COZEN_p_TCGAb56_SNP_2N_GenomeWideSNP_6_E06_667172	1	106019205	106022375	17	0.794
COZEN_p_TCGAb56_SNP_2N_GenomeWideSNP_6_E06_667172	1	106024055	106065089	43	0.2603
COZEN_p_TCGAb56_SNP_2N_GenomeWideSNP_6_E06_667172	1	106065278	108729759	1900	0.031
COZEN_p_TCGAb56_SNP_2N_GenomeWideSNP_6_E06_667172	1	108734235	108737496	3	-3.9521
COZEN_p_TCGAb56_SNP_2N_GenomeWideSNP_6_E06_667172	1	108739104	110221727	709	-0.0108
COZEN_p_TCGAb56_SNP_2N_GenomeWideSNP_6_E06_667172	1	110224384	110226970	11	0.617
COZEN_p_TCGAb56_SNP_2N_GenomeWideSNP_6_E06_667172	1	110227317	110240178	21	1.6413
COZEN_p_TCGAb56_SNP_2N_GenomeWideSNP_6_E06_667172	1	110242953	111376220	841	0.0518
COZEN_p_TCGAb56_SNP_2N_GenomeWideSNP_6_E06_667172	1	111377368	111383954	36	-0.867
COZEN_p_TCGAb56_SNP_2N_GenomeWideSNP_6_E06_667172	1	111383972	112690248	1081	0.043
COZEN_p_TCGAb56_SNP_2N_GenomeWideSNP_6_E06_667172	1	112690326	112697390	26	-0.3942
COZEN_p_TCGAb56_SNP_2N_GenomeWideSNP_6_E06_667172	1	112705956	145181734	5429	0.0037
COZEN_p_TCGAb56_SNP_2N_GenomeWideSNP_6_E06_667172	1	145181880	145551515	106	-0.3757
COZEN_p_TCGAb56_SNP_2N_GenomeWideSNP_6_E06_667172	1	145553210	152555527	2510	-0.0448
COZEN_p_TCGAb56_SNP_2N_GenomeWideSNP_6_E06_667172	1	152555706	152586594	35	-1.8956
COZEN_p_TCGAb56_SNP_2N_GenomeWideSNP_6_E06_667172	1	152590494	155107640	1529	-0.0012
COZEN_p_TCGAb56_SNP_2N_GenomeWideSNP_6_E06_667172	1	155113104	155218793	41	-0.3033
COZEN_p_TCGAb56_SNP_2N_GenomeWideSNP_6_E06_667172	1	155218852	158523671	1957	0.0033
COZEN_p_TCGAb56_SNP_2N_GenomeWideSNP_6_E06_667172	1	158525551	158525635	2	1.4053
COZEN_p_TCGAb56_SNP_2N_GenomeWideSNP_6_E06_667172	1	158526584	174797333	11568	0.0127
COZEN_p_TCGAb56_SNP_2N_GenomeWideSNP_6_E06_667172	1	174797385	174797448	2	1.9179
COZEN_p_TCGAb56_SNP_2N_GenomeWideSNP_6_E06_667172	1	174797505	174803773	22	0.0184
COZEN_p_TCGAb56_SNP_2N_GenomeWideSNP_6_E06_667172	1	174804979	174805022	2	2.1531
COZEN_p_TCGAb56_SNP_2N_GenomeWideSNP_6_E06_667172	1	174805039	196704997	14637	0.0224
COZEN_p_TCGAb56_SNP_2N_GenomeWideSNP_6_E06_667172	1	196705046	196812530	110	0.4206
COZEN_p_TCGAb56_SNP_2N_GenomeWideSNP_6_E06_667172	1	196815791	242112337	31408	0.0094
COZEN_p_TCGAb56_SNP_2N_GenomeWideSNP_6_E06_667172	1	242113592	242127992	4	-1.6589
COZEN_p_TCGAb56_SNP_2N_GenomeWideSNP_6_E06_667172	1	242132572	249224388	4557	-0.0217
COZEN_p_TCGAb56_SNP_2N_GenomeWideSNP_6_E06_667172	2	12784	7639373	5929	0.0381
COZEN_p_TCGAb56_SNP_2N_GenomeWideSNP_6_E06_667172	2	7643065	7646972	2	2.5486
COZEN_p_TCGAb56_SNP_2N_GenomeWideSNP_6_E06_667172	2	7647007	14703694	5125	0.0203
COZEN_p_TCGAb56_SNP_2N_GenomeWideSNP_6_E06_667172	2	14704949	14710092	12	-5.6004
COZEN_p_TCGAb56_SNP_2N_GenomeWideSNP_6_E06_667172	2	14710364	15027889	215	-0.0272
COZEN_p_TCGAb56_SNP_2N_GenomeWideSNP_6_E06_667172	2	15032022	15048796	16	0.5412
COZEN_p_TCGAb56_SNP_2N_GenomeWideSNP_6_E06_667172	2	15050010	28980534	8865	-0.0104
COZEN_p_TCGAb56_SNP_2N_GenomeWideSNP_6_E06_667172	2	28982769	29246119	142	-0.2312
COZEN_p_TCGAb56_SNP_2N_GenomeWideSNP_6_E06_667172	2	29246381	34701583	3819	-0.0341
COZEN_p_TCGAb56_SNP_2N_GenomeWideSNP_6_E06_667172	2	34701625	34737057	43	-2.1933
COZEN_p_TCGAb56_SNP_2N_GenomeWideSNP_6_E06_667172	2	34737163	41533467	5071	0.0188
COZEN_p_TCGAb56_SNP_2N_GenomeWideSNP_6_E06_667172	2	41534961	41535003	2	1.7886
COZEN_p_TCGAb56_SNP_2N_GenomeWideSNP_6_E06_667172	2	41535135	46489795	3667	6e-04
COZEN_p_TCGAb56_SNP_2N_GenomeWideSNP_6_E06_667172	2	46490132	46492272	3	-1.0456
COZEN_p_TCGAb56_SNP_2N_GenomeWideSNP_6_E06_667172	2	46492682	86296566	25924	0.0186
COZEN_p_TCGAb56_SNP_2N_GenomeWideSNP_6_E06_667172	2	86297279	86333476	23	-0.4452
COZEN_p_TCGAb56_SNP_2N_GenomeWideSNP_6_E06_667172	2	86337104	87128201	423	-0.0447
COZEN_p_TCGAb56_SNP_2N_GenomeWideSNP_6_E06_667172	2	87129203	87137385	2	-2.4787
COZEN_p_TCGAb56_SNP_2N_GenomeWideSNP_6_E06_667172	2	87161853	146864583	31649	0.0109
COZEN_p_TCGAb56_SNP_2N_GenomeWideSNP_6_E06_667172	2	146865079	146866934	19	0.9448
COZEN_p_TCGAb56_SNP_2N_GenomeWideSNP_6_E06_667172	2	146877806	185316676	23731	0.01
COZEN_p_TCGAb56_SNP_2N_GenomeWideSNP_6_E06_667172	2	185316880	185318046	2	1.8418
COZEN_p_TCGAb56_SNP_2N_GenomeWideSNP_6_E06_667172	2	185318551	203896897	10392	0.0046
COZEN_p_TCGAb56_SNP_2N_GenomeWideSNP_6_E06_667172	2	203899800	203902046	3	-2.8706
COZEN_p_TCGAb56_SNP_2N_GenomeWideSNP_6_E06_667172	2	203904140	229258805	16510	-0.0023
COZEN_p_TCGAb56_SNP_2N_GenomeWideSNP_6_E06_667172	2	229262292	229264414	2	1.4709
COZEN_p_TCGAb56_SNP_2N_GenomeWideSNP_6_E06_667172	2	229266374	232367823	1879	-0.0281
COZEN_p_TCGAb56_SNP_2N_GenomeWideSNP_6_E06_667172	2	232369401	232451924	52	-0.4215
COZEN_p_TCGAb56_SNP_2N_GenomeWideSNP_6_E06_667172	2	232454362	242476062	6417	0.0087
COZEN_p_TCGAb56_SNP_2N_GenomeWideSNP_6_E06_667172	2	242476987	242531522	29	-0.392
COZEN_p_TCGAb56_SNP_2N_GenomeWideSNP_6_E06_667172	2	242539664	243089456	176	0.1017
COZEN_p_TCGAb56_SNP_2N_GenomeWideSNP_6_E06_667172	3	60345	6646543	5847	0.0523
COZEN_p_TCGAb56_SNP_2N_GenomeWideSNP_6_E06_667172	3	6651128	6653114	19	-0.8508
COZEN_p_TCGAb56_SNP_2N_GenomeWideSNP_6_E06_667172	3	6653148	10187301	2769	0.0091
COZEN_p_TCGAb56_SNP_2N_GenomeWideSNP_6_E06_667172	3	10191045	10301300	102	-0.4135
COZEN_p_TCGAb56_SNP_2N_GenomeWideSNP_6_E06_667172	3	10302960	12692150	1817	-0.0032
COZEN_p_TCGAb56_SNP_2N_GenomeWideSNP_6_E06_667172	3	12692369	12742433	44	-0.369
COZEN_p_TCGAb56_SNP_2N_GenomeWideSNP_6_E06_667172	3	12744591	26612110	9483	0.0293
COZEN_p_TCGAb56_SNP_2N_GenomeWideSNP_6_E06_667172	3	26612164	26612166	3	1.8365
COZEN_p_TCGAb56_SNP_2N_GenomeWideSNP_6_E06_667172	3	26613201	64617070	24762	0.0071
COZEN_p_TCGAb56_SNP_2N_GenomeWideSNP_6_E06_667172	3	64617369	64620795	4	-1.7582
COZEN_p_TCGAb56_SNP_2N_GenomeWideSNP_6_E06_667172	3	64620883	68746164	3044	-0.0024
COZEN_p_TCGAb56_SNP_2N_GenomeWideSNP_6_E06_667172	3	68746259	68747413	14	-1.256
COZEN_p_TCGAb56_SNP_2N_GenomeWideSNP_6_E06_667172	3	68748758	97909125	15362	0.0144
COZEN_p_TCGAb56_SNP_2N_GenomeWideSNP_6_E06_667172	3	97913425	97914817	2	1.6982
COZEN_p_TCGAb56_SNP_2N_GenomeWideSNP_6_E06_667172	3	97915948	98944848	605	0.006
COZEN_p_TCGAb56_SNP_2N_GenomeWideSNP_6_E06_667172	3	98945032	98949056	17	-0.6859
COZEN_p_TCGAb56_SNP_2N_GenomeWideSNP_6_E06_667172	3	98949069	102990250	2268	0.009
COZEN_p_TCGAb56_SNP_2N_GenomeWideSNP_6_E06_667172	3	102991264	102992611	2	-1.5239
COZEN_p_TCGAb56_SNP_2N_GenomeWideSNP_6_E06_667172	3	102992645	121290141	11397	0.009
COZEN_p_TCGAb56_SNP_2N_GenomeWideSNP_6_E06_667172	3	121290312	121296936	7	-0.7031
COZEN_p_TCGAb56_SNP_2N_GenomeWideSNP_6_E06_667172	3	121297929	125452841	2618	-0.0012
COZEN_p_TCGAb56_SNP_2N_GenomeWideSNP_6_E06_667172	3	125452872	125453237	2	1.8029
COZEN_p_TCGAb56_SNP_2N_GenomeWideSNP_6_E06_667172	3	125458762	129762859	2474	0.0125
COZEN_p_TCGAb56_SNP_2N_GenomeWideSNP_6_E06_667172	3	129763698	129806236	52	0.2915
COZEN_p_TCGAb56_SNP_2N_GenomeWideSNP_6_E06_667172	3	129806924	129844552	20	-0.0966
COZEN_p_TCGAb56_SNP_2N_GenomeWideSNP_6_E06_667172	3	129848417	129856746	4	-0.8366
COZEN_p_TCGAb56_SNP_2N_GenomeWideSNP_6_E06_667172	3	129860625	131706696	1150	0.0163
COZEN_p_TCGAb56_SNP_2N_GenomeWideSNP_6_E06_667172	3	131708157	131708471	2	-2.4436
COZEN_p_TCGAb56_SNP_2N_GenomeWideSNP_6_E06_667172	3	131714999	133024867	952	-0.0149
COZEN_p_TCGAb56_SNP_2N_GenomeWideSNP_6_E06_667172	3	133024882	133024897	2	1.5672
COZEN_p_TCGAb56_SNP_2N_GenomeWideSNP_6_E06_667172	3	133025012	141817743	5318	-0.0074
COZEN_p_TCGAb56_SNP_2N_GenomeWideSNP_6_E06_667172	3	141818850	142004437	94	-0.3363
COZEN_p_TCGAb56_SNP_2N_GenomeWideSNP_6_E06_667172	3	142008003	162217021	12560	0.0155
COZEN_p_TCGAb56_SNP_2N_GenomeWideSNP_6_E06_667172	3	162218344	162218405	4	1.3254
COZEN_p_TCGAb56_SNP_2N_GenomeWideSNP_6_E06_667172	3	162218420	162508192	196	0.1067
COZEN_p_TCGAb56_SNP_2N_GenomeWideSNP_6_E06_667172	3	162508268	162613758	61	0.9331
COZEN_p_TCGAb56_SNP_2N_GenomeWideSNP_6_E06_667172	3	162613968	162714517	82	0.1441
COZEN_p_TCGAb56_SNP_2N_GenomeWideSNP_6_E06_667172	3	162717727	162719562	2	-2.9189
COZEN_p_TCGAb56_SNP_2N_GenomeWideSNP_6_E06_667172	3	162726159	172273323	5669	0.0158
COZEN_p_TCGAb56_SNP_2N_GenomeWideSNP_6_E06_667172	3	172273355	172275896	5	-1.1122
COZEN_p_TCGAb56_SNP_2N_GenomeWideSNP_6_E06_667172	3	172276754	183222680	6797	0.0061
COZEN_p_TCGAb56_SNP_2N_GenomeWideSNP_6_E06_667172	3	183224103	183858939	336	-0.3118
COZEN_p_TCGAb56_SNP_2N_GenomeWideSNP_6_E06_667172	3	183861750	192802393	6258	-0.0032
COZEN_p_TCGAb56_SNP_2N_GenomeWideSNP_6_E06_667172	3	192802526	192802559	2	-1.1823
COZEN_p_TCGAb56_SNP_2N_GenomeWideSNP_6_E06_667172	3	192802779	194641316	1249	-0.0232
COZEN_p_TCGAb56_SNP_2N_GenomeWideSNP_6_E06_667172	3	194641346	194641845	4	-1.1081
COZEN_p_TCGAb56_SNP_2N_GenomeWideSNP_6_E06_667172	3	194642480	196365765	776	-0.0889
COZEN_p_TCGAb56_SNP_2N_GenomeWideSNP_6_E06_667172	3	196365919	196776263	196	-0.297
COZEN_p_TCGAb56_SNP_2N_GenomeWideSNP_6_E06_667172	3	196777396	197896118	570	-0.0954
COZEN_p_TCGAb56_SNP_2N_GenomeWideSNP_6_E06_667172	4	12281	66719	58	-0.3433
COZEN_p_TCGAb56_SNP_2N_GenomeWideSNP_6_E06_667172	4	68821	4103344	1644	-0.0513
COZEN_p_TCGAb56_SNP_2N_GenomeWideSNP_6_E06_667172	4	4110230	4134946	6	-0.9097
COZEN_p_TCGAb56_SNP_2N_GenomeWideSNP_6_E06_667172	4	4135000	10210390	4098	-0.0053
COZEN_p_TCGAb56_SNP_2N_GenomeWideSNP_6_E06_667172	4	10214160	10235268	36	1.3179
COZEN_p_TCGAb56_SNP_2N_GenomeWideSNP_6_E06_667172	4	10236142	12154508	1659	0.0237
COZEN_p_TCGAb56_SNP_2N_GenomeWideSNP_6_E06_667172	4	12157084	12162141	2	-2.4723
COZEN_p_TCGAb56_SNP_2N_GenomeWideSNP_6_E06_667172	4	12165924	16352923	3186	0.0122
COZEN_p_TCGAb56_SNP_2N_GenomeWideSNP_6_E06_667172	4	16353069	16354411	4	0.9928
COZEN_p_TCGAb56_SNP_2N_GenomeWideSNP_6_E06_667172	4	16356834	25505591	6320	0.0108
COZEN_p_TCGAb56_SNP_2N_GenomeWideSNP_6_E06_667172	4	25505614	25510986	17	-0.5184
COZEN_p_TCGAb56_SNP_2N_GenomeWideSNP_6_E06_667172	4	25512742	32394074	4462	0.0149
COZEN_p_TCGAb56_SNP_2N_GenomeWideSNP_6_E06_667172	4	32400551	32401513	5	1.0043
COZEN_p_TCGAb56_SNP_2N_GenomeWideSNP_6_E06_667172	4	32405314	34779004	1345	0.0399
COZEN_p_TCGAb56_SNP_2N_GenomeWideSNP_6_E06_667172	4	34779025	34829872	42	-0.4435
COZEN_p_TCGAb56_SNP_2N_GenomeWideSNP_6_E06_667172	4	34829913	40054091	3486	8e-04
COZEN_p_TCGAb56_SNP_2N_GenomeWideSNP_6_E06_667172	4	40060368	40142141	48	-0.4024
COZEN_p_TCGAb56_SNP_2N_GenomeWideSNP_6_E06_667172	4	40146234	44965047	3068	-5e-04
COZEN_p_TCGAb56_SNP_2N_GenomeWideSNP_6_E06_667172	4	44965196	45005852	44	0.6119
COZEN_p_TCGAb56_SNP_2N_GenomeWideSNP_6_E06_667172	4	45006192	48701537	2174	0.0059
COZEN_p_TCGAb56_SNP_2N_GenomeWideSNP_6_E06_667172	4	48703976	52780235	255	-0.2688
COZEN_p_TCGAb56_SNP_2N_GenomeWideSNP_6_E06_667172	4	52780652	63671053	6963	-0.012
COZEN_p_TCGAb56_SNP_2N_GenomeWideSNP_6_E06_667172	4	63671120	63671134	2	1.878
COZEN_p_TCGAb56_SNP_2N_GenomeWideSNP_6_E06_667172	4	63671587	69261064	3449	0.006
COZEN_p_TCGAb56_SNP_2N_GenomeWideSNP_6_E06_667172	4	69282205	69288142	5	-1.4474
COZEN_p_TCGAb56_SNP_2N_GenomeWideSNP_6_E06_667172	4	69294799	69642567	123	-0.0526
COZEN_p_TCGAb56_SNP_2N_GenomeWideSNP_6_E06_667172	4	69642621	70095647	272	0.1684
COZEN_p_TCGAb56_SNP_2N_GenomeWideSNP_6_E06_667172	4	70100117	70104678	2	1.9331
COZEN_p_TCGAb56_SNP_2N_GenomeWideSNP_6_E06_667172	4	70105229	70127644	13	0.3569
COZEN_p_TCGAb56_SNP_2N_GenomeWideSNP_6_E06_667172	4	70127652	70232022	54	-0.3521
COZEN_p_TCGAb56_SNP_2N_GenomeWideSNP_6_E06_667172	4	70232124	104744735	21060	-0.001
COZEN_p_TCGAb56_SNP_2N_GenomeWideSNP_6_E06_667172	4	104745071	104751637	8	1.4141
COZEN_p_TCGAb56_SNP_2N_GenomeWideSNP_6_E06_667172	4	104751644	108071612	1882	0.0071
COZEN_p_TCGAb56_SNP_2N_GenomeWideSNP_6_E06_667172	4	108071628	108071888	2	1.7673
COZEN_p_TCGAb56_SNP_2N_GenomeWideSNP_6_E06_667172	4	108073507	108076519	15	0.3424
COZEN_p_TCGAb56_SNP_2N_GenomeWideSNP_6_E06_667172	4	108076533	112307051	2567	-0.0121
COZEN_p_TCGAb56_SNP_2N_GenomeWideSNP_6_E06_667172	4	112307066	112307080	2	1.4234
COZEN_p_TCGAb56_SNP_2N_GenomeWideSNP_6_E06_667172	4	112307357	115173700	1849	0.0085
COZEN_p_TCGAb56_SNP_2N_GenomeWideSNP_6_E06_667172	4	115175323	115182175	23	-1.239
COZEN_p_TCGAb56_SNP_2N_GenomeWideSNP_6_E06_667172	4	115184229	116175322	626	0.0521
COZEN_p_TCGAb56_SNP_2N_GenomeWideSNP_6_E06_667172	4	116175363	116175836	4	1.1316
COZEN_p_TCGAb56_SNP_2N_GenomeWideSNP_6_E06_667172	4	116175864	138092103	12639	0.017
COZEN_p_TCGAb56_SNP_2N_GenomeWideSNP_6_E06_667172	4	138092195	138093414	16	-0.7073
COZEN_p_TCGAb56_SNP_2N_GenomeWideSNP_6_E06_667172	4	138094958	151918331	8458	-4e-04
COZEN_p_TCGAb56_SNP_2N_GenomeWideSNP_6_E06_667172	4	151918521	152013982	37	-0.4174
COZEN_p_TCGAb56_SNP_2N_GenomeWideSNP_6_E06_667172	4	152020777	161880141	6291	-0.0031
COZEN_p_TCGAb56_SNP_2N_GenomeWideSNP_6_E06_667172	4	161880197	161884908	18	-0.8171
COZEN_p_TCGAb56_SNP_2N_GenomeWideSNP_6_E06_667172	4	161884919	165717533	2528	0.0112
COZEN_p_TCGAb56_SNP_2N_GenomeWideSNP_6_E06_667172	4	165718132	165939006	137	-0.2463
COZEN_p_TCGAb56_SNP_2N_GenomeWideSNP_6_E06_667172	4	165942572	171444452	3429	0.0028
COZEN_p_TCGAb56_SNP_2N_GenomeWideSNP_6_E06_667172	4	171445938	171447708	2	-1.5347
COZEN_p_TCGAb56_SNP_2N_GenomeWideSNP_6_E06_667172	4	171448234	172989166	993	0.0357
COZEN_p_TCGAb56_SNP_2N_GenomeWideSNP_6_E06_667172	4	172989224	173000821	14	0.6572
COZEN_p_TCGAb56_SNP_2N_GenomeWideSNP_6_E06_667172	4	173001831	188970733	10800	-0.0022
COZEN_p_TCGAb56_SNP_2N_GenomeWideSNP_6_E06_667172	4	188971015	189265274	210	-0.2905
COZEN_p_TCGAb56_SNP_2N_GenomeWideSNP_6_E06_667172	4	189266054	190189043	729	0.0067
COZEN_p_TCGAb56_SNP_2N_GenomeWideSNP_6_E06_667172	4	190195118	190199264	4	-2.3393
COZEN_p_TCGAb56_SNP_2N_GenomeWideSNP_6_E06_667172	4	190199771	191027923	386	-0.0142
COZEN_p_TCGAb56_SNP_2N_GenomeWideSNP_6_E06_667172	5	15532	17491269	13411	0.0084
COZEN_p_TCGAb56_SNP_2N_GenomeWideSNP_6_E06_667172	5	17491441	17687854	59	-0.3429
COZEN_p_TCGAb56_SNP_2N_GenomeWideSNP_6_E06_667172	5	17690728	32114265	8916	0.0176
COZEN_p_TCGAb56_SNP_2N_GenomeWideSNP_6_E06_667172	5	32114370	32171632	39	-0.3836
COZEN_p_TCGAb56_SNP_2N_GenomeWideSNP_6_E06_667172	5	32172493	46101857	8368	-0.0019
COZEN_p_TCGAb56_SNP_2N_GenomeWideSNP_6_E06_667172	5	46102691	49754538	169	-0.3275
COZEN_p_TCGAb56_SNP_2N_GenomeWideSNP_6_E06_667172	5	49755153	68746327	12267	0.0099
COZEN_p_TCGAb56_SNP_2N_GenomeWideSNP_6_E06_667172	5	68750715	70391253	55	-0.3219
COZEN_p_TCGAb56_SNP_2N_GenomeWideSNP_6_E06_667172	5	70654072	75443369	3126	-5e-04
COZEN_p_TCGAb56_SNP_2N_GenomeWideSNP_6_E06_667172	5	75443464	75450020	8	0.5136
COZEN_p_TCGAb56_SNP_2N_GenomeWideSNP_6_E06_667172	5	75450067	75450144	3	1.751
COZEN_p_TCGAb56_SNP_2N_GenomeWideSNP_6_E06_667172	5	75450176	76066599	547	-0.0178
COZEN_p_TCGAb56_SNP_2N_GenomeWideSNP_6_E06_667172	5	76067728	76127182	31	-0.4417
COZEN_p_TCGAb56_SNP_2N_GenomeWideSNP_6_E06_667172	5	76129053	117386487	25255	0.016
COZEN_p_TCGAb56_SNP_2N_GenomeWideSNP_6_E06_667172	5	117386603	117406805	15	0.5427
COZEN_p_TCGAb56_SNP_2N_GenomeWideSNP_6_E06_667172	5	117407534	151515386	21404	0.006
COZEN_p_TCGAb56_SNP_2N_GenomeWideSNP_6_E06_667172	5	151515470	151518351	13	-0.5895
COZEN_p_TCGAb56_SNP_2N_GenomeWideSNP_6_E06_667172	5	151520271	155495250	2675	0.0038
COZEN_p_TCGAb56_SNP_2N_GenomeWideSNP_6_E06_667172	5	155495253	155495259	3	1.1959
COZEN_p_TCGAb56_SNP_2N_GenomeWideSNP_6_E06_667172	5	155500992	171352397	11083	0.003
COZEN_p_TCGAb56_SNP_2N_GenomeWideSNP_6_E06_667172	5	171354580	171623715	188	-0.3674
COZEN_p_TCGAb56_SNP_2N_GenomeWideSNP_6_E06_667172	5	171623828	179056487	4614	-0.0221
COZEN_p_TCGAb56_SNP_2N_GenomeWideSNP_6_E06_667172	5	179056595	179105328	49	-0.4379
COZEN_p_TCGAb56_SNP_2N_GenomeWideSNP_6_E06_667172	5	179108197	179615478	284	-0.0099
COZEN_p_TCGAb56_SNP_2N_GenomeWideSNP_6_E06_667172	5	179615580	179632676	15	-0.4263
COZEN_p_TCGAb56_SNP_2N_GenomeWideSNP_6_E06_667172	5	179640365	179809935	119	-0.0205
COZEN_p_TCGAb56_SNP_2N_GenomeWideSNP_6_E06_667172	5	179810889	179828607	15	-0.5664
COZEN_p_TCGAb56_SNP_2N_GenomeWideSNP_6_E06_667172	5	179833485	180378888	286	-0.0681
COZEN_p_TCGAb56_SNP_2N_GenomeWideSNP_6_E06_667172	5	180380203	180406968	9	0.7852
COZEN_p_TCGAb56_SNP_2N_GenomeWideSNP_6_E06_667172	5	180407230	180790320	178	-0.0874
COZEN_p_TCGAb56_SNP_2N_GenomeWideSNP_6_E06_667172	6	149661	294474	122	-0.0292
COZEN_p_TCGAb56_SNP_2N_GenomeWideSNP_6_E06_667172	6	294725	381149	80	-0.4564
COZEN_p_TCGAb56_SNP_2N_GenomeWideSNP_6_E06_667172	6	382559	10467695	8121	0.0053
COZEN_p_TCGAb56_SNP_2N_GenomeWideSNP_6_E06_667172	6	10467753	10733707	214	-0.2621
COZEN_p_TCGAb56_SNP_2N_GenomeWideSNP_6_E06_667172	6	10743021	17744780	5256	-0.0075
COZEN_p_TCGAb56_SNP_2N_GenomeWideSNP_6_E06_667172	6	17746513	17811398	38	-0.33
COZEN_p_TCGAb56_SNP_2N_GenomeWideSNP_6_E06_667172	6	17812612	26988347	6559	-0.0146
COZEN_p_TCGAb56_SNP_2N_GenomeWideSNP_6_E06_667172	6	26993617	26994345	2	-2.2053
COZEN_p_TCGAb56_SNP_2N_GenomeWideSNP_6_E06_667172	6	26994606	27592220	283	-0.0597
COZEN_p_TCGAb56_SNP_2N_GenomeWideSNP_6_E06_667172	6	27594487	27622354	8	-0.6468
COZEN_p_TCGAb56_SNP_2N_GenomeWideSNP_6_E06_667172	6	27624481	29850380	1093	0.0238
COZEN_p_TCGAb56_SNP_2N_GenomeWideSNP_6_E06_667172	6	29871636	29898897	12	-1.1722
COZEN_p_TCGAb56_SNP_2N_GenomeWideSNP_6_E06_667172	6	29899677	30063368	102	-0.0364
COZEN_p_TCGAb56_SNP_2N_GenomeWideSNP_6_E06_667172	6	30064562	30065319	3	1.3322
COZEN_p_TCGAb56_SNP_2N_GenomeWideSNP_6_E06_667172	6	30065416	31280823	553	-0.0288
COZEN_p_TCGAb56_SNP_2N_GenomeWideSNP_6_E06_667172	6	31286276	31295406	7	-1.4138
COZEN_p_TCGAb56_SNP_2N_GenomeWideSNP_6_E06_667172	6	31295953	32452929	513	-0.0878
COZEN_p_TCGAb56_SNP_2N_GenomeWideSNP_6_E06_667172	6	32454275	32501299	16	1.3299
COZEN_p_TCGAb56_SNP_2N_GenomeWideSNP_6_E06_667172	6	32508476	32690027	96	0.1961
COZEN_p_TCGAb56_SNP_2N_GenomeWideSNP_6_E06_667172	6	32690797	32690830	3	2.0997
COZEN_p_TCGAb56_SNP_2N_GenomeWideSNP_6_E06_667172	6	32692227	34717288	1186	0.0097
COZEN_p_TCGAb56_SNP_2N_GenomeWideSNP_6_E06_667172	6	34719793	34879203	79	-0.276
COZEN_p_TCGAb56_SNP_2N_GenomeWideSNP_6_E06_667172	6	34880197	35506731	324	0.0045
COZEN_p_TCGAb56_SNP_2N_GenomeWideSNP_6_E06_667172	6	35507179	35507625	4	-0.7021
COZEN_p_TCGAb56_SNP_2N_GenomeWideSNP_6_E06_667172	6	35508060	50892728	9896	0.0089
COZEN_p_TCGAb56_SNP_2N_GenomeWideSNP_6_E06_667172	6	50893251	50893291	2	1.2605
COZEN_p_TCGAb56_SNP_2N_GenomeWideSNP_6_E06_667172	6	50899273	52623119	1220	-0.0066
COZEN_p_TCGAb56_SNP_2N_GenomeWideSNP_6_E06_667172	6	52623416	52629769	13	0.5045
COZEN_p_TCGAb56_SNP_2N_GenomeWideSNP_6_E06_667172	6	52630064	58669656	3517	0.006
COZEN_p_TCGAb56_SNP_2N_GenomeWideSNP_6_E06_667172	6	58674430	61949555	53	-0.2856
COZEN_p_TCGAb56_SNP_2N_GenomeWideSNP_6_E06_667172	6	61962715	62925642	519	0.0385
COZEN_p_TCGAb56_SNP_2N_GenomeWideSNP_6_E06_667172	6	62925871	62927892	2	-1.7762
COZEN_p_TCGAb56_SNP_2N_GenomeWideSNP_6_E06_667172	6	62928304	65336942	1254	-0.0186
COZEN_p_TCGAb56_SNP_2N_GenomeWideSNP_6_E06_667172	6	65347544	65348992	2	1.4574
COZEN_p_TCGAb56_SNP_2N_GenomeWideSNP_6_E06_667172	6	65350776	66835689	1006	0.055
COZEN_p_TCGAb56_SNP_2N_GenomeWideSNP_6_E06_667172	6	66836684	66838431	2	-1.2321
COZEN_p_TCGAb56_SNP_2N_GenomeWideSNP_6_E06_667172	6	66838770	67008286	98	0.0227
COZEN_p_TCGAb56_SNP_2N_GenomeWideSNP_6_E06_667172	6	67009023	67048629	55	-0.4506
COZEN_p_TCGAb56_SNP_2N_GenomeWideSNP_6_E06_667172	6	67049406	77027781	6524	0.0021
COZEN_p_TCGAb56_SNP_2N_GenomeWideSNP_6_E06_667172	6	77032953	77033189	2	1.7437
COZEN_p_TCGAb56_SNP_2N_GenomeWideSNP_6_E06_667172	6	77033209	78962889	1263	0.0157
COZEN_p_TCGAb56_SNP_2N_GenomeWideSNP_6_E06_667172	6	78969065	79035185	113	-2.1714
COZEN_p_TCGAb56_SNP_2N_GenomeWideSNP_6_E06_667172	6	79039234	103747610	15516	0.0158
COZEN_p_TCGAb56_SNP_2N_GenomeWideSNP_6_E06_667172	6	103747730	103762049	30	-1.3101
COZEN_p_TCGAb56_SNP_2N_GenomeWideSNP_6_E06_667172	6	103762061	170919495	44277	0.0053
COZEN_p_TCGAb56_SNP_2N_GenomeWideSNP_6_E06_667172	6	170982327	171051005	4	-1.1566
COZEN_p_TCGAb56_SNP_2N_GenomeWideSNP_6_E06_667172	7	43355	155066	91	0.0451
COZEN_p_TCGAb56_SNP_2N_GenomeWideSNP_6_E06_667172	7	155090	161442	10	-0.9701
COZEN_p_TCGAb56_SNP_2N_GenomeWideSNP_6_E06_667172	7	161517	5748994	2877	-0.0326
COZEN_p_TCGAb56_SNP_2N_GenomeWideSNP_6_E06_667172	7	5749222	5950828	102	-0.5362
COZEN_p_TCGAb56_SNP_2N_GenomeWideSNP_6_E06_667172	7	5956259	9874966	2894	0.0405
COZEN_p_TCGAb56_SNP_2N_GenomeWideSNP_6_E06_667172	7	9875008	9880377	12	0.7438
COZEN_p_TCGAb56_SNP_2N_GenomeWideSNP_6_E06_667172	7	9882397	14907389	4036	0.0331
COZEN_p_TCGAb56_SNP_2N_GenomeWideSNP_6_E06_667172	7	14908409	14908792	2	-3.8102
COZEN_p_TCGAb56_SNP_2N_GenomeWideSNP_6_E06_667172	7	14909072	15431512	400	0.0597
COZEN_p_TCGAb56_SNP_2N_GenomeWideSNP_6_E06_667172	7	15431632	15441116	13	0.6022
COZEN_p_TCGAb56_SNP_2N_GenomeWideSNP_6_E06_667172	7	15441130	19912463	3752	0.0571
COZEN_p_TCGAb56_SNP_2N_GenomeWideSNP_6_E06_667172	7	19917863	19923761	2	-0.8439
COZEN_p_TCGAb56_SNP_2N_GenomeWideSNP_6_E06_667172	7	19929472	20271988	249	-0.028
COZEN_p_TCGAb56_SNP_2N_GenomeWideSNP_6_E06_667172	7	20272297	20274504	4	-1.1164
COZEN_p_TCGAb56_SNP_2N_GenomeWideSNP_6_E06_667172	7	20276994	57840043	26208	0.0148
COZEN_p_TCGAb56_SNP_2N_GenomeWideSNP_6_E06_667172	7	57843749	63106509	396	-0.2433
COZEN_p_TCGAb56_SNP_2N_GenomeWideSNP_6_E06_667172	7	63109270	63114887	13	-1.2512
COZEN_p_TCGAb56_SNP_2N_GenomeWideSNP_6_E06_667172	7	63115016	65599196	1072	-0.1048
COZEN_p_TCGAb56_SNP_2N_GenomeWideSNP_6_E06_667172	7	65604622	65609201	6	-1.2557
COZEN_p_TCGAb56_SNP_2N_GenomeWideSNP_6_E06_667172	7	65617595	66617560	353	-0.0587
COZEN_p_TCGAb56_SNP_2N_GenomeWideSNP_6_E06_667172	7	66618659	66722115	37	-0.4702
COZEN_p_TCGAb56_SNP_2N_GenomeWideSNP_6_E06_667172	7	66725663	67490602	502	-0.0654
COZEN_p_TCGAb56_SNP_2N_GenomeWideSNP_6_E06_667172	7	67490989	67543401	39	-0.405
COZEN_p_TCGAb56_SNP_2N_GenomeWideSNP_6_E06_667172	7	67544033	71536468	2601	-0.0411
COZEN_p_TCGAb56_SNP_2N_GenomeWideSNP_6_E06_667172	7	71536663	71627133	50	-0.3722
COZEN_p_TCGAb56_SNP_2N_GenomeWideSNP_6_E06_667172	7	71627782	71988216	253	-0.0672
COZEN_p_TCGAb56_SNP_2N_GenomeWideSNP_6_E06_667172	7	71988331	72726734	160	-0.317
COZEN_p_TCGAb56_SNP_2N_GenomeWideSNP_6_E06_667172	7	72731953	90166219	10026	0.0098
COZEN_p_TCGAb56_SNP_2N_GenomeWideSNP_6_E06_667172	7	90166776	90166857	2	1.2217
COZEN_p_TCGAb56_SNP_2N_GenomeWideSNP_6_E06_667172	7	90167839	91357869	858	-0.005
COZEN_p_TCGAb56_SNP_2N_GenomeWideSNP_6_E06_667172	7	91358294	91358540	3	1.2326
COZEN_p_TCGAb56_SNP_2N_GenomeWideSNP_6_E06_667172	7	91358771	98407758	4282	-0.0018
COZEN_p_TCGAb56_SNP_2N_GenomeWideSNP_6_E06_667172	7	98411700	98631366	117	-0.3383
COZEN_p_TCGAb56_SNP_2N_GenomeWideSNP_6_E06_667172	7	98632433	100960955	889	-0.0211
COZEN_p_TCGAb56_SNP_2N_GenomeWideSNP_6_E06_667172	7	100961428	101161058	101	-0.3682
COZEN_p_TCGAb56_SNP_2N_GenomeWideSNP_6_E06_667172	7	101161537	102089474	432	-0.0343
COZEN_p_TCGAb56_SNP_2N_GenomeWideSNP_6_E06_667172	7	102089969	102375279	46	-0.3777
COZEN_p_TCGAb56_SNP_2N_GenomeWideSNP_6_E06_667172	7	102380386	105012066	1653	-0.0339
COZEN_p_TCGAb56_SNP_2N_GenomeWideSNP_6_E06_667172	7	105012679	105183010	82	-0.4157
COZEN_p_TCGAb56_SNP_2N_GenomeWideSNP_6_E06_667172	7	105198390	109441212	2832	0.0052
COZEN_p_TCGAb56_SNP_2N_GenomeWideSNP_6_E06_667172	7	109441244	109453910	11	0.9739
COZEN_p_TCGAb56_SNP_2N_GenomeWideSNP_6_E06_667172	7	109453982	128068448	11422	0.0265
COZEN_p_TCGAb56_SNP_2N_GenomeWideSNP_6_E06_667172	7	128069662	128162894	38	-0.2761
COZEN_p_TCGAb56_SNP_2N_GenomeWideSNP_6_E06_667172	7	128163335	128175588	5	-1.3074
COZEN_p_TCGAb56_SNP_2N_GenomeWideSNP_6_E06_667172	7	128179698	128366226	68	-0.3194
COZEN_p_TCGAb56_SNP_2N_GenomeWideSNP_6_E06_667172	7	128366485	139060865	6761	-0.0119
COZEN_p_TCGAb56_SNP_2N_GenomeWideSNP_6_E06_667172	7	139061069	139111041	20	-0.3757
COZEN_p_TCGAb56_SNP_2N_GenomeWideSNP_6_E06_667172	7	139111169	140009905	499	-0.0187
COZEN_p_TCGAb56_SNP_2N_GenomeWideSNP_6_E06_667172	7	140010108	140198323	106	-0.323
COZEN_p_TCGAb56_SNP_2N_GenomeWideSNP_6_E06_667172	7	140198552	143896252	2440	-4e-04
COZEN_p_TCGAb56_SNP_2N_GenomeWideSNP_6_E06_667172	7	143904279	144066947	43	-0.6867
COZEN_p_TCGAb56_SNP_2N_GenomeWideSNP_6_E06_667172	7	144074929	148656409	3039	-0.0079
COZEN_p_TCGAb56_SNP_2N_GenomeWideSNP_6_E06_667172	7	148657118	148815395	55	-0.3795
COZEN_p_TCGAb56_SNP_2N_GenomeWideSNP_6_E06_667172	7	148817965	158372097	6100	-0.0086
COZEN_p_TCGAb56_SNP_2N_GenomeWideSNP_6_E06_667172	7	158373690	158523365	107	-0.2368
COZEN_p_TCGAb56_SNP_2N_GenomeWideSNP_6_E06_667172	7	158523386	159127004	401	0.0279
COZEN_p_TCGAb56_SNP_2N_GenomeWideSNP_6_E06_667172	8	31254	6814445	7690	0.035
COZEN_p_TCGAb56_SNP_2N_GenomeWideSNP_6_E06_667172	8	6814656	6815328	6	-0.8107
COZEN_p_TCGAb56_SNP_2N_GenomeWideSNP_6_E06_667172	8	6815579	7226436	161	-0.0958
COZEN_p_TCGAb56_SNP_2N_GenomeWideSNP_6_E06_667172	8	7237903	7799390	151	-0.9082
COZEN_p_TCGAb56_SNP_2N_GenomeWideSNP_6_E06_667172	8	7809891	7978187	47	-0.0837
COZEN_p_TCGAb56_SNP_2N_GenomeWideSNP_6_E06_667172	8	7989963	8009204	11	-1.022
COZEN_p_TCGAb56_SNP_2N_GenomeWideSNP_6_E06_667172	8	8017930	11895245	3235	-0.0074
COZEN_p_TCGAb56_SNP_2N_GenomeWideSNP_6_E06_667172	8	11934660	12034997	10	-1.309
COZEN_p_TCGAb56_SNP_2N_GenomeWideSNP_6_E06_667172	8	12162739	12247486	47	-0.1292
COZEN_p_TCGAb56_SNP_2N_GenomeWideSNP_6_E06_667172	8	12260927	12327522	27	-1.1796
COZEN_p_TCGAb56_SNP_2N_GenomeWideSNP_6_E06_667172	8	12327833	12550768	59	-0.5144
COZEN_p_TCGAb56_SNP_2N_GenomeWideSNP_6_E06_667172	8	12551135	15401178	2718	0.0147
COZEN_p_TCGAb56_SNP_2N_GenomeWideSNP_6_E06_667172	8	15403060	15413447	9	-0.9284
COZEN_p_TCGAb56_SNP_2N_GenomeWideSNP_6_E06_667172	8	15423270	22204212	5830	0.0124
COZEN_p_TCGAb56_SNP_2N_GenomeWideSNP_6_E06_667172	8	22205894	22337492	69	-0.3095
COZEN_p_TCGAb56_SNP_2N_GenomeWideSNP_6_E06_667172	8	22338648	32685768	7272	0.0082
COZEN_p_TCGAb56_SNP_2N_GenomeWideSNP_6_E06_667172	8	32686619	32688413	4	0.9413
COZEN_p_TCGAb56_SNP_2N_GenomeWideSNP_6_E06_667172	8	32692106	38286300	3068	0.0037
COZEN_p_TCGAb56_SNP_2N_GenomeWideSNP_6_E06_667172	8	38286352	38337232	84	-0.2999
COZEN_p_TCGAb56_SNP_2N_GenomeWideSNP_6_E06_667172	8	38341616	38435807	57	0.0586
COZEN_p_TCGAb56_SNP_2N_GenomeWideSNP_6_E06_667172	8	38440053	38442043	7	-0.9057
COZEN_p_TCGAb56_SNP_2N_GenomeWideSNP_6_E06_667172	8	38447349	40771996	1502	-0.0081
COZEN_p_TCGAb56_SNP_2N_GenomeWideSNP_6_E06_667172	8	40777852	40778471	2	-1.545
COZEN_p_TCGAb56_SNP_2N_GenomeWideSNP_6_E06_667172	8	40783680	48960810	2326	-0.0543
COZEN_p_TCGAb56_SNP_2N_GenomeWideSNP_6_E06_667172	8	48964415	49006204	21	-0.4585
COZEN_p_TCGAb56_SNP_2N_GenomeWideSNP_6_E06_667172	8	49018543	56717799	4923	-0.0045
COZEN_p_TCGAb56_SNP_2N_GenomeWideSNP_6_E06_667172	8	56719458	56876760	109	-0.3174
COZEN_p_TCGAb56_SNP_2N_GenomeWideSNP_6_E06_667172	8	56881401	58343334	905	-0.0047
COZEN_p_TCGAb56_SNP_2N_GenomeWideSNP_6_E06_667172	8	58344032	58348997	7	0.8615
COZEN_p_TCGAb56_SNP_2N_GenomeWideSNP_6_E06_667172	8	58349767	64848636	4300	0.0189
COZEN_p_TCGAb56_SNP_2N_GenomeWideSNP_6_E06_667172	8	64848897	64849510	7	1.3199
COZEN_p_TCGAb56_SNP_2N_GenomeWideSNP_6_E06_667172	8	64849723	67595040	1456	-0.0011
COZEN_p_TCGAb56_SNP_2N_GenomeWideSNP_6_E06_667172	8	67595567	67598309	4	-0.9947
COZEN_p_TCGAb56_SNP_2N_GenomeWideSNP_6_E06_667172	8	67599805	112291494	26941	0.0072
COZEN_p_TCGAb56_SNP_2N_GenomeWideSNP_6_E06_667172	8	112294279	112295260	10	1.2895
COZEN_p_TCGAb56_SNP_2N_GenomeWideSNP_6_E06_667172	8	112300281	115634554	1832	0.0134
COZEN_p_TCGAb56_SNP_2N_GenomeWideSNP_6_E06_667172	8	115634653	115641689	32	-0.4551
COZEN_p_TCGAb56_SNP_2N_GenomeWideSNP_6_E06_667172	8	115641731	145253490	20734	0.0057
COZEN_p_TCGAb56_SNP_2N_GenomeWideSNP_6_E06_667172	8	145253651	146198162	298	-0.2533
COZEN_p_TCGAb56_SNP_2N_GenomeWideSNP_6_E06_667172	8	146199114	146298155	54	0.1336
COZEN_p_TCGAb56_SNP_2N_GenomeWideSNP_6_E06_667172	9	46587	2147099	2325	0.0119
COZEN_p_TCGAb56_SNP_2N_GenomeWideSNP_6_E06_667172	9	2148837	2150662	6	-1.27
COZEN_p_TCGAb56_SNP_2N_GenomeWideSNP_6_E06_667172	9	2152115	6257407	3745	0.0154
COZEN_p_TCGAb56_SNP_2N_GenomeWideSNP_6_E06_667172	9	6262867	6849246	423	-0.2774
COZEN_p_TCGAb56_SNP_2N_GenomeWideSNP_6_E06_667172	9	6849317	38989378	24730	0.0291
COZEN_p_TCGAb56_SNP_2N_GenomeWideSNP_6_E06_667172	9	38994130	39081473	11	-0.8582
COZEN_p_TCGAb56_SNP_2N_GenomeWideSNP_6_E06_667172	9	39084139	41952516	143	-0.0664
COZEN_p_TCGAb56_SNP_2N_GenomeWideSNP_6_E06_667172	9	41972506	41978375	2	-2.2251
COZEN_p_TCGAb56_SNP_2N_GenomeWideSNP_6_E06_667172	9	41985187	44629223	115	0.145
COZEN_p_TCGAb56_SNP_2N_GenomeWideSNP_6_E06_667172	9	44727859	44837527	34	-1.1915
COZEN_p_TCGAb56_SNP_2N_GenomeWideSNP_6_E06_667172	9	44840918	108863260	27014	0.0064
COZEN_p_TCGAb56_SNP_2N_GenomeWideSNP_6_E06_667172	9	108865392	108865525	2	-1.936
COZEN_p_TCGAb56_SNP_2N_GenomeWideSNP_6_E06_667172	9	108866460	109675354	540	0.0035
COZEN_p_TCGAb56_SNP_2N_GenomeWideSNP_6_E06_667172	9	109676273	109676430	2	-1.1966
COZEN_p_TCGAb56_SNP_2N_GenomeWideSNP_6_E06_667172	9	109676893	115763477	4816	-0.0139
COZEN_p_TCGAb56_SNP_2N_GenomeWideSNP_6_E06_667172	9	115768431	115768781	2	1.2472
COZEN_p_TCGAb56_SNP_2N_GenomeWideSNP_6_E06_667172	9	115777108	141025318	16050	0.0051
COZEN_p_TCGAb56_SNP_2N_GenomeWideSNP_6_E06_667172	9	141025328	141032943	5	-1.2251
COZEN_p_TCGAb56_SNP_2N_GenomeWideSNP_6_E06_667172	9	141033148	141091394	12	-0.2231
COZEN_p_TCGAb56_SNP_2N_GenomeWideSNP_6_E06_667172	10	72759	4290838	3589	0.0374
COZEN_p_TCGAb56_SNP_2N_GenomeWideSNP_6_E06_667172	10	4290924	4291016	2	2.5886
COZEN_p_TCGAb56_SNP_2N_GenomeWideSNP_6_E06_667172	10	4294071	9580829	4655	0.0158
COZEN_p_TCGAb56_SNP_2N_GenomeWideSNP_6_E06_667172	10	9582348	9587300	5	0.8867
COZEN_p_TCGAb56_SNP_2N_GenomeWideSNP_6_E06_667172	10	9588637	9617015	22	0.0697
COZEN_p_TCGAb56_SNP_2N_GenomeWideSNP_6_E06_667172	10	9620096	9620543	3	1.0567
COZEN_p_TCGAb56_SNP_2N_GenomeWideSNP_6_E06_667172	10	9621246	12091516	1921	0.0292
COZEN_p_TCGAb56_SNP_2N_GenomeWideSNP_6_E06_667172	10	12096421	12163857	31	-0.4526
COZEN_p_TCGAb56_SNP_2N_GenomeWideSNP_6_E06_667172	10	12165997	35086637	16698	-0.0066
COZEN_p_TCGAb56_SNP_2N_GenomeWideSNP_6_E06_667172	10	35086655	35333969	143	-0.3212
COZEN_p_TCGAb56_SNP_2N_GenomeWideSNP_6_E06_667172	10	35334500	46674180	4532	-0.0201
COZEN_p_TCGAb56_SNP_2N_GenomeWideSNP_6_E06_667172	10	46691159	47419711	175	-0.4852
COZEN_p_TCGAb56_SNP_2N_GenomeWideSNP_6_E06_667172	10	47541189	48736766	486	0.0426
COZEN_p_TCGAb56_SNP_2N_GenomeWideSNP_6_E06_667172	10	48771950	49333677	30	-0.738
COZEN_p_TCGAb56_SNP_2N_GenomeWideSNP_6_E06_667172	10	49333790	52360613	1769	0.0414
COZEN_p_TCGAb56_SNP_2N_GenomeWideSNP_6_E06_667172	10	52361629	52361844	2	1.6608
COZEN_p_TCGAb56_SNP_2N_GenomeWideSNP_6_E06_667172	10	52362979	57587929	3945	0.0424
COZEN_p_TCGAb56_SNP_2N_GenomeWideSNP_6_E06_667172	10	57588292	57590768	2	2.8145
COZEN_p_TCGAb56_SNP_2N_GenomeWideSNP_6_E06_667172	10	57593097	58516403	603	0.0479
COZEN_p_TCGAb56_SNP_2N_GenomeWideSNP_6_E06_667172	10	58516521	58526837	39	-0.6199
COZEN_p_TCGAb56_SNP_2N_GenomeWideSNP_6_E06_667172	10	58532752	61364911	2090	0.0064
COZEN_p_TCGAb56_SNP_2N_GenomeWideSNP_6_E06_667172	10	61365074	61365182	2	1.79
COZEN_p_TCGAb56_SNP_2N_GenomeWideSNP_6_E06_667172	10	61365264	75840053	9440	0.0051
COZEN_p_TCGAb56_SNP_2N_GenomeWideSNP_6_E06_667172	10	75840572	75884157	18	-0.4026
COZEN_p_TCGAb56_SNP_2N_GenomeWideSNP_6_E06_667172	10	75885206	81251331	3841	0.0183
COZEN_p_TCGAb56_SNP_2N_GenomeWideSNP_6_E06_667172	10	81283267	81293615	2	-2.1728
COZEN_p_TCGAb56_SNP_2N_GenomeWideSNP_6_E06_667172	10	81336695	81698601	74	0.1364
COZEN_p_TCGAb56_SNP_2N_GenomeWideSNP_6_E06_667172	10	81699008	81902852	119	-0.3222
COZEN_p_TCGAb56_SNP_2N_GenomeWideSNP_6_E06_667172	10	81906269	94074824	8501	0.011
COZEN_p_TCGAb56_SNP_2N_GenomeWideSNP_6_E06_667172	10	94080693	94454156	151	-0.3445
COZEN_p_TCGAb56_SNP_2N_GenomeWideSNP_6_E06_667172	10	94457664	135229006	28098	0.0072
COZEN_p_TCGAb56_SNP_2N_GenomeWideSNP_6_E06_667172	10	135229141	135229868	3	-1.0175
COZEN_p_TCGAb56_SNP_2N_GenomeWideSNP_6_E06_667172	10	135232654	135506704	151	-0.0987
COZEN_p_TCGAb56_SNP_2N_GenomeWideSNP_6_E06_667172	11	198510	3486724	1347	7e-04
COZEN_p_TCGAb56_SNP_2N_GenomeWideSNP_6_E06_667172	11	3487665	3488541	3	-1.8081
COZEN_p_TCGAb56_SNP_2N_GenomeWideSNP_6_E06_667172	11	3506526	5783923	1954	-0.0013
COZEN_p_TCGAb56_SNP_2N_GenomeWideSNP_6_E06_667172	11	5787405	5809338	34	0.408
COZEN_p_TCGAb56_SNP_2N_GenomeWideSNP_6_E06_667172	11	5809461	9249914	2492	0.0091
COZEN_p_TCGAb56_SNP_2N_GenomeWideSNP_6_E06_667172	11	9250818	9398238	51	-0.4481
COZEN_p_TCGAb56_SNP_2N_GenomeWideSNP_6_E06_667172	11	9398354	21191289	8984	0.0056
COZEN_p_TCGAb56_SNP_2N_GenomeWideSNP_6_E06_667172	11	21191413	21205958	30	0.4182
COZEN_p_TCGAb56_SNP_2N_GenomeWideSNP_6_E06_667172	11	21205973	36780474	11139	0.0156
COZEN_p_TCGAb56_SNP_2N_GenomeWideSNP_6_E06_667172	11	36781161	36782134	3	-2.3015
COZEN_p_TCGAb56_SNP_2N_GenomeWideSNP_6_E06_667172	11	36783702	45058339	5692	0.0178
COZEN_p_TCGAb56_SNP_2N_GenomeWideSNP_6_E06_667172	11	45058482	45058498	2	-1.3065
COZEN_p_TCGAb56_SNP_2N_GenomeWideSNP_6_E06_667172	11	45058951	48791136	1805	-0.0389
COZEN_p_TCGAb56_SNP_2N_GenomeWideSNP_6_E06_667172	11	48791169	48893190	19	-0.5862
COZEN_p_TCGAb56_SNP_2N_GenomeWideSNP_6_E06_667172	11	48893219	56157708	1669	-0.013
COZEN_p_TCGAb56_SNP_2N_GenomeWideSNP_6_E06_667172	11	56159754	56166298	9	0.6423
COZEN_p_TCGAb56_SNP_2N_GenomeWideSNP_6_E06_667172	11	56166716	64689356	4680	-0.0127
COZEN_p_TCGAb56_SNP_2N_GenomeWideSNP_6_E06_667172	11	64691581	65693067	394	-0.2762
COZEN_p_TCGAb56_SNP_2N_GenomeWideSNP_6_E06_667172	11	65694808	74024165	4012	-0.0116
COZEN_p_TCGAb56_SNP_2N_GenomeWideSNP_6_E06_667172	11	74024257	74026228	3	1.1256
COZEN_p_TCGAb56_SNP_2N_GenomeWideSNP_6_E06_667172	11	74029530	79966832	3720	0.0107
COZEN_p_TCGAb56_SNP_2N_GenomeWideSNP_6_E06_667172	11	79967182	79967686	7	0.7314
COZEN_p_TCGAb56_SNP_2N_GenomeWideSNP_6_E06_667172	11	79967701	84486717	3267	0.0439
COZEN_p_TCGAb56_SNP_2N_GenomeWideSNP_6_E06_667172	11	84487003	84493235	2	1.3931
COZEN_p_TCGAb56_SNP_2N_GenomeWideSNP_6_E06_667172	11	84493877	84535905	27	0.0353
COZEN_p_TCGAb56_SNP_2N_GenomeWideSNP_6_E06_667172	11	84536635	84546391	5	0.9169
COZEN_p_TCGAb56_SNP_2N_GenomeWideSNP_6_E06_667172	11	84546912	89407391	3293	0.0059
COZEN_p_TCGAb56_SNP_2N_GenomeWideSNP_6_E06_667172	11	89407980	89443429	13	0.5054
COZEN_p_TCGAb56_SNP_2N_GenomeWideSNP_6_E06_667172	11	89444439	89474831	23	-0.0679
COZEN_p_TCGAb56_SNP_2N_GenomeWideSNP_6_E06_667172	11	89487949	89546927	10	-0.9606
COZEN_p_TCGAb56_SNP_2N_GenomeWideSNP_6_E06_667172	11	89548104	91830489	1443	0.039
COZEN_p_TCGAb56_SNP_2N_GenomeWideSNP_6_E06_667172	11	91830658	91831043	2	2.6937
COZEN_p_TCGAb56_SNP_2N_GenomeWideSNP_6_E06_667172	11	91832704	107733510	11450	0.0108
COZEN_p_TCGAb56_SNP_2N_GenomeWideSNP_6_E06_667172	11	107736708	107952582	119	-0.3113
COZEN_p_TCGAb56_SNP_2N_GenomeWideSNP_6_E06_667172	11	107954011	133817472	18646	0.0131
COZEN_p_TCGAb56_SNP_2N_GenomeWideSNP_6_E06_667172	11	133817656	133818097	2	2.1528
COZEN_p_TCGAb56_SNP_2N_GenomeWideSNP_6_E06_667172	11	133819442	134944770	840	0.108
COZEN_p_TCGAb56_SNP_2N_GenomeWideSNP_6_E06_667172	12	150442	4406281	2949	-0.0159
COZEN_p_TCGAb56_SNP_2N_GenomeWideSNP_6_E06_667172	12	4408136	4408814	5	-1.0514
COZEN_p_TCGAb56_SNP_2N_GenomeWideSNP_6_E06_667172	12	4411557	7962761	2415	-0.0036
COZEN_p_TCGAb56_SNP_2N_GenomeWideSNP_6_E06_667172	12	7963212	8135092	72	-0.4537
COZEN_p_TCGAb56_SNP_2N_GenomeWideSNP_6_E06_667172	12	8137722	9633870	769	-0.0353
COZEN_p_TCGAb56_SNP_2N_GenomeWideSNP_6_E06_667172	12	9637909	9713674	21	-1.9151
COZEN_p_TCGAb56_SNP_2N_GenomeWideSNP_6_E06_667172	12	9714954	13331338	2608	-0.0048
COZEN_p_TCGAb56_SNP_2N_GenomeWideSNP_6_E06_667172	12	13334659	13334862	2	-1.5895
COZEN_p_TCGAb56_SNP_2N_GenomeWideSNP_6_E06_667172	12	13335140	16419405	2151	0.0114
COZEN_p_TCGAb56_SNP_2N_GenomeWideSNP_6_E06_667172	12	16420987	16421325	2	-1.7736
COZEN_p_TCGAb56_SNP_2N_GenomeWideSNP_6_E06_667172	12	16428557	31402690	10587	0.003
COZEN_p_TCGAb56_SNP_2N_GenomeWideSNP_6_E06_667172	12	31406809	31406872	2	-2.2415
COZEN_p_TCGAb56_SNP_2N_GenomeWideSNP_6_E06_667172	12	31406907	31991918	344	-0.0679
COZEN_p_TCGAb56_SNP_2N_GenomeWideSNP_6_E06_667172	12	31993942	32048482	55	-0.498
COZEN_p_TCGAb56_SNP_2N_GenomeWideSNP_6_E06_667172	12	32050799	33294660	907	-0.0405
COZEN_p_TCGAb56_SNP_2N_GenomeWideSNP_6_E06_667172	12	33301406	33307078	26	-0.524
COZEN_p_TCGAb56_SNP_2N_GenomeWideSNP_6_E06_667172	12	33307374	51507463	8659	0.0043
COZEN_p_TCGAb56_SNP_2N_GenomeWideSNP_6_E06_667172	12	51508465	51536273	14	-0.5596
COZEN_p_TCGAb56_SNP_2N_GenomeWideSNP_6_E06_667172	12	51540448	61582882	6037	-0.0079
COZEN_p_TCGAb56_SNP_2N_GenomeWideSNP_6_E06_667172	12	61584221	61584980	5	0.8314
COZEN_p_TCGAb56_SNP_2N_GenomeWideSNP_6_E06_667172	12	61585042	66957105	3286	-0.0091
COZEN_p_TCGAb56_SNP_2N_GenomeWideSNP_6_E06_667172	12	66957254	66957884	2	1.3048
COZEN_p_TCGAb56_SNP_2N_GenomeWideSNP_6_E06_667172	12	66963297	70871858	2835	0.0056
COZEN_p_TCGAb56_SNP_2N_GenomeWideSNP_6_E06_667172	12	70872675	70877750	5	-0.7714
COZEN_p_TCGAb56_SNP_2N_GenomeWideSNP_6_E06_667172	12	70877765	73242116	1524	0.0268
COZEN_p_TCGAb56_SNP_2N_GenomeWideSNP_6_E06_667172	12	73245404	73245405	2	2.0489
COZEN_p_TCGAb56_SNP_2N_GenomeWideSNP_6_E06_667172	12	73253192	75179421	1135	0.0295
COZEN_p_TCGAb56_SNP_2N_GenomeWideSNP_6_E06_667172	12	75185912	75186314	3	-1.852
COZEN_p_TCGAb56_SNP_2N_GenomeWideSNP_6_E06_667172	12	75187700	98950490	15390	0.0082
COZEN_p_TCGAb56_SNP_2N_GenomeWideSNP_6_E06_667172	12	98956245	98957988	2	-2.1871
COZEN_p_TCGAb56_SNP_2N_GenomeWideSNP_6_E06_667172	12	98962082	109549579	7117	0.0051
COZEN_p_TCGAb56_SNP_2N_GenomeWideSNP_6_E06_667172	12	109549905	109664219	88	-0.2784
COZEN_p_TCGAb56_SNP_2N_GenomeWideSNP_6_E06_667172	12	109669670	111972279	1163	-0.0252
COZEN_p_TCGAb56_SNP_2N_GenomeWideSNP_6_E06_667172	12	111978144	111978296	2	-1.1892
COZEN_p_TCGAb56_SNP_2N_GenomeWideSNP_6_E06_667172	12	111979997	112094435	46	-0.0294
COZEN_p_TCGAb56_SNP_2N_GenomeWideSNP_6_E06_667172	12	112094518	112286008	80	-0.3094
COZEN_p_TCGAb56_SNP_2N_GenomeWideSNP_6_E06_667172	12	112289112	124121709	7607	-0.0296
COZEN_p_TCGAb56_SNP_2N_GenomeWideSNP_6_E06_667172	12	124122388	124222101	62	-0.3112
COZEN_p_TCGAb56_SNP_2N_GenomeWideSNP_6_E06_667172	12	124223844	133161346	6876	0.0023
COZEN_p_TCGAb56_SNP_2N_GenomeWideSNP_6_E06_667172	12	133182408	133566358	160	-0.3039
COZEN_p_TCGAb56_SNP_2N_GenomeWideSNP_6_E06_667172	12	133570499	133778189	113	-0.0286
COZEN_p_TCGAb56_SNP_2N_GenomeWideSNP_6_E06_667172	13	19026949	19207114	21	0.4065
COZEN_p_TCGAb56_SNP_2N_GenomeWideSNP_6_E06_667172	13	19212262	20062302	510	-0.0424
COZEN_p_TCGAb56_SNP_2N_GenomeWideSNP_6_E06_667172	13	20063441	20077204	7	0.371
COZEN_p_TCGAb56_SNP_2N_GenomeWideSNP_6_E06_667172	13	20081305	20563120	231	-0.2786
COZEN_p_TCGAb56_SNP_2N_GenomeWideSNP_6_E06_667172	13	20563229	38075965	12811	-0.0048
COZEN_p_TCGAb56_SNP_2N_GenomeWideSNP_6_E06_667172	13	38076267	38088387	15	0.8482
COZEN_p_TCGAb56_SNP_2N_GenomeWideSNP_6_E06_667172	13	38088609	39052811	698	-4e-04
COZEN_p_TCGAb56_SNP_2N_GenomeWideSNP_6_E06_667172	13	39057572	39058056	2	-1.4526
COZEN_p_TCGAb56_SNP_2N_GenomeWideSNP_6_E06_667172	13	39065057	51545054	8426	0.0093
COZEN_p_TCGAb56_SNP_2N_GenomeWideSNP_6_E06_667172	13	51546911	51549198	2	2.7006
COZEN_p_TCGAb56_SNP_2N_GenomeWideSNP_6_E06_667172	13	51549557	82722015	19504	0.0368
COZEN_p_TCGAb56_SNP_2N_GenomeWideSNP_6_E06_667172	13	82722639	82729090	4	1.2215
COZEN_p_TCGAb56_SNP_2N_GenomeWideSNP_6_E06_667172	13	82729376	95939886	8423	0.0182
COZEN_p_TCGAb56_SNP_2N_GenomeWideSNP_6_E06_667172	13	95939931	95987018	29	-0.5555
COZEN_p_TCGAb56_SNP_2N_GenomeWideSNP_6_E06_667172	13	95987358	102837650	4599	-0.0216
COZEN_p_TCGAb56_SNP_2N_GenomeWideSNP_6_E06_667172	13	102837718	102851881	21	0.3982
COZEN_p_TCGAb56_SNP_2N_GenomeWideSNP_6_E06_667172	13	102852092	115108397	9053	0.0343
COZEN_p_TCGAb56_SNP_2N_GenomeWideSNP_6_E06_667172	14	19002124	23079730	2167	0.0263
COZEN_p_TCGAb56_SNP_2N_GenomeWideSNP_6_E06_667172	14	23081926	23264236	117	-0.2671
COZEN_p_TCGAb56_SNP_2N_GenomeWideSNP_6_E06_667172	14	23265481	26783917	2285	8e-04
COZEN_p_TCGAb56_SNP_2N_GenomeWideSNP_6_E06_667172	14	26783918	26784913	2	1.5399
COZEN_p_TCGAb56_SNP_2N_GenomeWideSNP_6_E06_667172	14	26795104	35013991	5225	0.0111
COZEN_p_TCGAb56_SNP_2N_GenomeWideSNP_6_E06_667172	14	35014013	35037198	19	-0.6582
COZEN_p_TCGAb56_SNP_2N_GenomeWideSNP_6_E06_667172	14	35037212	35509603	237	-0.0943
COZEN_p_TCGAb56_SNP_2N_GenomeWideSNP_6_E06_667172	14	35509648	35512612	7	-0.9652
COZEN_p_TCGAb56_SNP_2N_GenomeWideSNP_6_E06_667172	14	35527239	40264776	2878	-0.0075
COZEN_p_TCGAb56_SNP_2N_GenomeWideSNP_6_E06_667172	14	40265934	40275826	4	1.314
COZEN_p_TCGAb56_SNP_2N_GenomeWideSNP_6_E06_667172	14	40277308	40608928	178	0.0898
COZEN_p_TCGAb56_SNP_2N_GenomeWideSNP_6_E06_667172	14	40613922	40616919	2	-2.7179
COZEN_p_TCGAb56_SNP_2N_GenomeWideSNP_6_E06_667172	14	40618165	74001123	21236	0.012
COZEN_p_TCGAb56_SNP_2N_GenomeWideSNP_6_E06_667172	14	74006707	74020979	8	-2.1165
COZEN_p_TCGAb56_SNP_2N_GenomeWideSNP_6_E06_667172	14	74029900	106751284	20929	0.0139
COZEN_p_TCGAb56_SNP_2N_GenomeWideSNP_6_E06_667172	14	106753859	106753867	3	2.4381
COZEN_p_TCGAb56_SNP_2N_GenomeWideSNP_6_E06_667172	14	106754003	107285437	330	0.2095
COZEN_p_TCGAb56_SNP_2N_GenomeWideSNP_6_E06_667172	15	20016328	20265978	55	-0.1307
COZEN_p_TCGAb56_SNP_2N_GenomeWideSNP_6_E06_667172	15	20267862	20853092	108	-0.6581
COZEN_p_TCGAb56_SNP_2N_GenomeWideSNP_6_E06_667172	15	20854513	21173886	104	-0.2937
COZEN_p_TCGAb56_SNP_2N_GenomeWideSNP_6_E06_667172	15	21186400	21192108	3	0.9394
COZEN_p_TCGAb56_SNP_2N_GenomeWideSNP_6_E06_667172	15	21192211	22280477	38	-0.261
COZEN_p_TCGAb56_SNP_2N_GenomeWideSNP_6_E06_667172	15	22284954	22483127	76	0.1346
COZEN_p_TCGAb56_SNP_2N_GenomeWideSNP_6_E06_667172	15	22486400	23679146	371	-0.261
COZEN_p_TCGAb56_SNP_2N_GenomeWideSNP_6_E06_667172	15	23682708	24669745	673	0.0063
COZEN_p_TCGAb56_SNP_2N_GenomeWideSNP_6_E06_667172	15	24674751	24687801	14	-0.2652
COZEN_p_TCGAb56_SNP_2N_GenomeWideSNP_6_E06_667172	15	24687943	24714839	21	-0.7507
COZEN_p_TCGAb56_SNP_2N_GenomeWideSNP_6_E06_667172	15	24714858	25419992	464	-0.0046
COZEN_p_TCGAb56_SNP_2N_GenomeWideSNP_6_E06_667172	15	25421607	25430243	8	-0.8142
COZEN_p_TCGAb56_SNP_2N_GenomeWideSNP_6_E06_667172	15	25433305	102400037	50148	0.0098
COZEN_p_TCGAb56_SNP_2N_GenomeWideSNP_6_E06_667172	15	102405136	102469040	13	-0.4028
COZEN_p_TCGAb56_SNP_2N_GenomeWideSNP_6_E06_667172	16	60777	143926	45	0.1003
COZEN_p_TCGAb56_SNP_2N_GenomeWideSNP_6_E06_667172	16	144311	653284	238	-0.2913
COZEN_p_TCGAb56_SNP_2N_GenomeWideSNP_6_E06_667172	16	653333	1522670	185	-0.0193
COZEN_p_TCGAb56_SNP_2N_GenomeWideSNP_6_E06_667172	16	1525779	1565718	20	-0.3923
COZEN_p_TCGAb56_SNP_2N_GenomeWideSNP_6_E06_667172	16	1566382	1919451	190	-0.0223
COZEN_p_TCGAb56_SNP_2N_GenomeWideSNP_6_E06_667172	16	1919853	1923703	8	-0.7268
COZEN_p_TCGAb56_SNP_2N_GenomeWideSNP_6_E06_667172	16	1924801	2638602	198	4e-04
COZEN_p_TCGAb56_SNP_2N_GenomeWideSNP_6_E06_667172	16	2639896	2721963	22	-0.4506
COZEN_p_TCGAb56_SNP_2N_GenomeWideSNP_6_E06_667172	16	2722369	4220379	796	-0.0409
COZEN_p_TCGAb56_SNP_2N_GenomeWideSNP_6_E06_667172	16	4220462	4258091	44	-0.3892
COZEN_p_TCGAb56_SNP_2N_GenomeWideSNP_6_E06_667172	16	4258173	5172238	461	-0.0541
COZEN_p_TCGAb56_SNP_2N_GenomeWideSNP_6_E06_667172	16	5174275	5200515	17	-0.5532
COZEN_p_TCGAb56_SNP_2N_GenomeWideSNP_6_E06_667172	16	5201598	5606081	381	-0.049
COZEN_p_TCGAb56_SNP_2N_GenomeWideSNP_6_E06_667172	16	5606091	5607890	23	-0.3552
COZEN_p_TCGAb56_SNP_2N_GenomeWideSNP_6_E06_667172	16	5608089	6107174	573	-0.0198
COZEN_p_TCGAb56_SNP_2N_GenomeWideSNP_6_E06_667172	16	6107421	6109339	5	1.1216
COZEN_p_TCGAb56_SNP_2N_GenomeWideSNP_6_E06_667172	16	6110251	8949474	3225	-0.0141
COZEN_p_TCGAb56_SNP_2N_GenomeWideSNP_6_E06_667172	16	8949647	9283990	206	-0.3275
COZEN_p_TCGAb56_SNP_2N_GenomeWideSNP_6_E06_667172	16	9284960	11577367	2045	-0.0275
COZEN_p_TCGAb56_SNP_2N_GenomeWideSNP_6_E06_667172	16	11582570	11623369	24	-0.4656
COZEN_p_TCGAb56_SNP_2N_GenomeWideSNP_6_E06_667172	16	11629464	11768367	85	-0.0447
COZEN_p_TCGAb56_SNP_2N_GenomeWideSNP_6_E06_667172	16	11769010	11788794	21	-0.3389
COZEN_p_TCGAb56_SNP_2N_GenomeWideSNP_6_E06_667172	16	11788870	14445607	2157	-0.0111
COZEN_p_TCGAb56_SNP_2N_GenomeWideSNP_6_E06_667172	16	14450099	14488073	23	-0.4619
COZEN_p_TCGAb56_SNP_2N_GenomeWideSNP_6_E06_667172	16	14488302	15054188	171	-0.0365
COZEN_p_TCGAb56_SNP_2N_GenomeWideSNP_6_E06_667172	16	15054304	16529591	635	-0.3304
COZEN_p_TCGAb56_SNP_2N_GenomeWideSNP_6_E06_667172	16	16543819	16635048	10	0.1429
COZEN_p_TCGAb56_SNP_2N_GenomeWideSNP_6_E06_667172	16	16635615	16652699	3	1.7835
COZEN_p_TCGAb56_SNP_2N_GenomeWideSNP_6_E06_667172	16	16656975	16708594	13	-0.1576
COZEN_p_TCGAb56_SNP_2N_GenomeWideSNP_6_E06_667172	16	16714007	16716027	2	1.883
COZEN_p_TCGAb56_SNP_2N_GenomeWideSNP_6_E06_667172	16	16739263	18768118	1023	-0.0831
COZEN_p_TCGAb56_SNP_2N_GenomeWideSNP_6_E06_667172	16	18768693	18783174	7	-0.9969
COZEN_p_TCGAb56_SNP_2N_GenomeWideSNP_6_E06_667172	16	18791108	20628688	1186	-0.0317
COZEN_p_TCGAb56_SNP_2N_GenomeWideSNP_6_E06_667172	16	20629078	20633345	4	1.1624
COZEN_p_TCGAb56_SNP_2N_GenomeWideSNP_6_E06_667172	16	20635985	21352038	417	-0.0208
COZEN_p_TCGAb56_SNP_2N_GenomeWideSNP_6_E06_667172	16	21360314	22648268	433	-0.2939
COZEN_p_TCGAb56_SNP_2N_GenomeWideSNP_6_E06_667172	16	22649772	28708199	4099	-0.0117
COZEN_p_TCGAb56_SNP_2N_GenomeWideSNP_6_E06_667172	16	28747534	29095340	80	-0.3853
COZEN_p_TCGAb56_SNP_2N_GenomeWideSNP_6_E06_667172	16	29097489	29428539	128	-0.0685
COZEN_p_TCGAb56_SNP_2N_GenomeWideSNP_6_E06_667172	16	29428545	30551731	283	-0.3362
COZEN_p_TCGAb56_SNP_2N_GenomeWideSNP_6_E06_667172	16	30552477	70124413	16639	0.0041
COZEN_p_TCGAb56_SNP_2N_GenomeWideSNP_6_E06_667172	16	70124765	70197767	17	-1.1305
COZEN_p_TCGAb56_SNP_2N_GenomeWideSNP_6_E06_667172	16	70198330	74397058	2433	-0.0171
COZEN_p_TCGAb56_SNP_2N_GenomeWideSNP_6_E06_667172	16	74397987	74471420	18	-0.6
COZEN_p_TCGAb56_SNP_2N_GenomeWideSNP_6_E06_667172	16	74472460	78371608	3202	-0.0069
COZEN_p_TCGAb56_SNP_2N_GenomeWideSNP_6_E06_667172	16	78372440	78384765	17	-1.7357
COZEN_p_TCGAb56_SNP_2N_GenomeWideSNP_6_E06_667172	16	78385001	81157353	3197	0.0201
COZEN_p_TCGAb56_SNP_2N_GenomeWideSNP_6_E06_667172	16	81157385	81264851	123	-0.343
COZEN_p_TCGAb56_SNP_2N_GenomeWideSNP_6_E06_667172	16	81266767	90287535	7327	-0.0321
COZEN_p_TCGAb56_SNP_2N_GenomeWideSNP_6_E06_667172	17	526	936851	478	-0.2638
COZEN_p_TCGAb56_SNP_2N_GenomeWideSNP_6_E06_667172	17	936936	941070	3	-2.0181
COZEN_p_TCGAb56_SNP_2N_GenomeWideSNP_6_E06_667172	17	945564	1234271	98	-0.3041
COZEN_p_TCGAb56_SNP_2N_GenomeWideSNP_6_E06_667172	17	1235065	1708018	227	-0.0647
COZEN_p_TCGAb56_SNP_2N_GenomeWideSNP_6_E06_667172	17	1713933	1824546	43	-0.4308
COZEN_p_TCGAb56_SNP_2N_GenomeWideSNP_6_E06_667172	17	1826621	2707709	506	-0.0608
COZEN_p_TCGAb56_SNP_2N_GenomeWideSNP_6_E06_667172	17	2709289	2723066	9	-0.6589
COZEN_p_TCGAb56_SNP_2N_GenomeWideSNP_6_E06_667172	17	2725020	2825458	53	-0.058
COZEN_p_TCGAb56_SNP_2N_GenomeWideSNP_6_E06_667172	17	2825473	2855566	18	-0.5104
COZEN_p_TCGAb56_SNP_2N_GenomeWideSNP_6_E06_667172	17	2855602	3470378	403	-0.0573
COZEN_p_TCGAb56_SNP_2N_GenomeWideSNP_6_E06_667172	17	3472871	3541502	43	-0.5834
COZEN_p_TCGAb56_SNP_2N_GenomeWideSNP_6_E06_667172	17	3543271	4055828	299	-0.0502
COZEN_p_TCGAb56_SNP_2N_GenomeWideSNP_6_E06_667172	17	4056376	4110727	46	-0.3037
COZEN_p_TCGAb56_SNP_2N_GenomeWideSNP_6_E06_667172	17	4112590	4300113	104	-0.0828
COZEN_p_TCGAb56_SNP_2N_GenomeWideSNP_6_E06_667172	17	4308568	4379578	45	-0.5203
COZEN_p_TCGAb56_SNP_2N_GenomeWideSNP_6_E06_667172	17	4379847	4538500	65	-0.0424
COZEN_p_TCGAb56_SNP_2N_GenomeWideSNP_6_E06_667172	17	4539171	4544551	8	-1.1196
COZEN_p_TCGAb56_SNP_2N_GenomeWideSNP_6_E06_667172	17	4547179	15527156	7589	-0.0257
COZEN_p_TCGAb56_SNP_2N_GenomeWideSNP_6_E06_667172	17	15543161	15546790	3	-1.4694
COZEN_p_TCGAb56_SNP_2N_GenomeWideSNP_6_E06_667172	17	15554278	17460368	938	-0.0247
COZEN_p_TCGAb56_SNP_2N_GenomeWideSNP_6_E06_667172	17	17460674	17464014	3	-1.2368
COZEN_p_TCGAb56_SNP_2N_GenomeWideSNP_6_E06_667172	17	17466214	18317193	464	-0.0073
COZEN_p_TCGAb56_SNP_2N_GenomeWideSNP_6_E06_667172	17	18317394	18412558	20	-0.5717
COZEN_p_TCGAb56_SNP_2N_GenomeWideSNP_6_E06_667172	17	18426461	28979616	3293	-0.0324
COZEN_p_TCGAb56_SNP_2N_GenomeWideSNP_6_E06_667172	17	28996693	29187109	68	-0.393
COZEN_p_TCGAb56_SNP_2N_GenomeWideSNP_6_E06_667172	17	29187436	34823660	3626	0.023
COZEN_p_TCGAb56_SNP_2N_GenomeWideSNP_6_E06_667172	17	34823754	34923026	80	-0.2763
COZEN_p_TCGAb56_SNP_2N_GenomeWideSNP_6_E06_667172	17	34923042	36188471	865	-0.0207
COZEN_p_TCGAb56_SNP_2N_GenomeWideSNP_6_E06_667172	17	36188937	36410559	35	-0.3619
COZEN_p_TCGAb56_SNP_2N_GenomeWideSNP_6_E06_667172	17	36410733	39430157	1569	-0.0159
COZEN_p_TCGAb56_SNP_2N_GenomeWideSNP_6_E06_667172	17	39430173	39430531	4	-1.4503
COZEN_p_TCGAb56_SNP_2N_GenomeWideSNP_6_E06_667172	17	39432724	41231902	989	-0.0161
COZEN_p_TCGAb56_SNP_2N_GenomeWideSNP_6_E06_667172	17	41232030	41242993	17	-0.4854
COZEN_p_TCGAb56_SNP_2N_GenomeWideSNP_6_E06_667172	17	41243031	41268913	53	-0.0559
COZEN_p_TCGAb56_SNP_2N_GenomeWideSNP_6_E06_667172	17	41268950	41275806	15	-0.4612
COZEN_p_TCGAb56_SNP_2N_GenomeWideSNP_6_E06_667172	17	41275862	41342334	23	0.0563
COZEN_p_TCGAb56_SNP_2N_GenomeWideSNP_6_E06_667172	17	41359946	41487103	40	-0.3446
COZEN_p_TCGAb56_SNP_2N_GenomeWideSNP_6_E06_667172	17	41487429	41860089	237	-0.0224
COZEN_p_TCGAb56_SNP_2N_GenomeWideSNP_6_E06_667172	17	41861684	41876736	11	-0.5252
COZEN_p_TCGAb56_SNP_2N_GenomeWideSNP_6_E06_667172	17	41877265	42688470	369	-0.0231
COZEN_p_TCGAb56_SNP_2N_GenomeWideSNP_6_E06_667172	17	42692513	42693866	3	-2.2404
COZEN_p_TCGAb56_SNP_2N_GenomeWideSNP_6_E06_667172	17	42694367	43513760	389	-0.0588
COZEN_p_TCGAb56_SNP_2N_GenomeWideSNP_6_E06_667172	17	43520110	43710490	38	-0.4787
COZEN_p_TCGAb56_SNP_2N_GenomeWideSNP_6_E06_667172	17	43711036	55687489	7517	-0.0013
COZEN_p_TCGAb56_SNP_2N_GenomeWideSNP_6_E06_667172	17	55688333	55688993	2	1.268
COZEN_p_TCGAb56_SNP_2N_GenomeWideSNP_6_E06_667172	17	55691993	66075887	5563	-0.0242
COZEN_p_TCGAb56_SNP_2N_GenomeWideSNP_6_E06_667172	17	66078404	66161018	31	-0.4235
COZEN_p_TCGAb56_SNP_2N_GenomeWideSNP_6_E06_667172	17	66161725	76559163	6844	-0.0229
COZEN_p_TCGAb56_SNP_2N_GenomeWideSNP_6_E06_667172	17	76569812	76720809	126	-0.2844
COZEN_p_TCGAb56_SNP_2N_GenomeWideSNP_6_E06_667172	17	76728640	78217097	845	0.0132
COZEN_p_TCGAb56_SNP_2N_GenomeWideSNP_6_E06_667172	17	78218807	78301474	46	-0.355
COZEN_p_TCGAb56_SNP_2N_GenomeWideSNP_6_E06_667172	17	78302157	78628863	194	0.0365
COZEN_p_TCGAb56_SNP_2N_GenomeWideSNP_6_E06_667172	17	78629793	78634179	2	2.4762
COZEN_p_TCGAb56_SNP_2N_GenomeWideSNP_6_E06_667172	17	78634300	81049726	963	-0.0046
COZEN_p_TCGAb56_SNP_2N_GenomeWideSNP_6_E06_667172	18	11543	599022	399	-0.0754
COZEN_p_TCGAb56_SNP_2N_GenomeWideSNP_6_E06_667172	18	599405	876763	219	-0.2656
COZEN_p_TCGAb56_SNP_2N_GenomeWideSNP_6_E06_667172	18	876959	876990	2	0.4848
COZEN_p_TCGAb56_SNP_2N_GenomeWideSNP_6_E06_667172	18	877012	2023813	820	0.0208
COZEN_p_TCGAb56_SNP_2N_GenomeWideSNP_6_E06_667172	18	2027953	2030272	8	1.1329
COZEN_p_TCGAb56_SNP_2N_GenomeWideSNP_6_E06_667172	18	2034526	38258082	21396	0.005
COZEN_p_TCGAb56_SNP_2N_GenomeWideSNP_6_E06_667172	18	38258096	38270214	38	0.3867
COZEN_p_TCGAb56_SNP_2N_GenomeWideSNP_6_E06_667172	18	38270245	40056883	1217	0.0489
COZEN_p_TCGAb56_SNP_2N_GenomeWideSNP_6_E06_667172	18	40056902	40057434	15	0.6528
COZEN_p_TCGAb56_SNP_2N_GenomeWideSNP_6_E06_667172	18	40057455	55929965	10677	0.0038
COZEN_p_TCGAb56_SNP_2N_GenomeWideSNP_6_E06_667172	18	55930550	55935962	24	-0.8639
COZEN_p_TCGAb56_SNP_2N_GenomeWideSNP_6_E06_667172	18	55938939	56794538	578	-0.0225
COZEN_p_TCGAb56_SNP_2N_GenomeWideSNP_6_E06_667172	18	56795744	56800922	5	-1.307
COZEN_p_TCGAb56_SNP_2N_GenomeWideSNP_6_E06_667172	18	56802550	78015057	15451	0.0405
COZEN_p_TCGAb56_SNP_2N_GenomeWideSNP_6_E06_667172	19	90910	4417845	1173	-0.0653
COZEN_p_TCGAb56_SNP_2N_GenomeWideSNP_6_E06_667172	19	4423831	4658254	57	-0.6053
COZEN_p_TCGAb56_SNP_2N_GenomeWideSNP_6_E06_667172	19	4658401	4735663	24	-0.0677
COZEN_p_TCGAb56_SNP_2N_GenomeWideSNP_6_E06_667172	19	4735745	4752602	7	-0.7641
COZEN_p_TCGAb56_SNP_2N_GenomeWideSNP_6_E06_667172	19	4752649	4783698	15	-0.0045
COZEN_p_TCGAb56_SNP_2N_GenomeWideSNP_6_E06_667172	19	4785525	4805744	9	-0.7272
COZEN_p_TCGAb56_SNP_2N_GenomeWideSNP_6_E06_667172	19	4806509	5506659	313	-0.008
COZEN_p_TCGAb56_SNP_2N_GenomeWideSNP_6_E06_667172	19	5510239	5510653	3	-1.7
COZEN_p_TCGAb56_SNP_2N_GenomeWideSNP_6_E06_667172	19	5510700	5830302	133	-0.0202
COZEN_p_TCGAb56_SNP_2N_GenomeWideSNP_6_E06_667172	19	5831107	5870281	20	-0.5693
COZEN_p_TCGAb56_SNP_2N_GenomeWideSNP_6_E06_667172	19	5873751	6882430	496	-0.0468
COZEN_p_TCGAb56_SNP_2N_GenomeWideSNP_6_E06_667172	19	6885323	7112123	127	-0.344
COZEN_p_TCGAb56_SNP_2N_GenomeWideSNP_6_E06_667172	19	7112176	8240413	505	-0.0367
COZEN_p_TCGAb56_SNP_2N_GenomeWideSNP_6_E06_667172	19	8241726	8248530	5	-0.883
COZEN_p_TCGAb56_SNP_2N_GenomeWideSNP_6_E06_667172	19	8256713	9273300	523	-0.0496
COZEN_p_TCGAb56_SNP_2N_GenomeWideSNP_6_E06_667172	19	9273800	9278121	6	-1.2564
COZEN_p_TCGAb56_SNP_2N_GenomeWideSNP_6_E06_667172	19	9284760	10441403	559	-0.0404
COZEN_p_TCGAb56_SNP_2N_GenomeWideSNP_6_E06_667172	19	10448275	10449514	4	-1.0375
COZEN_p_TCGAb56_SNP_2N_GenomeWideSNP_6_E06_667172	19	10449751	11236804	335	-0.0458
COZEN_p_TCGAb56_SNP_2N_GenomeWideSNP_6_E06_667172	19	11237005	11250139	9	-0.6301
COZEN_p_TCGAb56_SNP_2N_GenomeWideSNP_6_E06_667172	19	11260060	11915185	335	-0.0634
COZEN_p_TCGAb56_SNP_2N_GenomeWideSNP_6_E06_667172	19	11915941	12008203	56	-0.3701
COZEN_p_TCGAb56_SNP_2N_GenomeWideSNP_6_E06_667172	19	12009176	12516685	262	-0.0194
COZEN_p_TCGAb56_SNP_2N_GenomeWideSNP_6_E06_667172	19	12516708	12560254	38	-0.464
COZEN_p_TCGAb56_SNP_2N_GenomeWideSNP_6_E06_667172	19	12560809	16676327	2163	-0.0425
COZEN_p_TCGAb56_SNP_2N_GenomeWideSNP_6_E06_667172	19	16677289	16753580	49	-0.5211
COZEN_p_TCGAb56_SNP_2N_GenomeWideSNP_6_E06_667172	19	16754780	17070740	152	-0.0168
COZEN_p_TCGAb56_SNP_2N_GenomeWideSNP_6_E06_667172	19	17071211	17086773	6	-0.9271
COZEN_p_TCGAb56_SNP_2N_GenomeWideSNP_6_E06_667172	19	17087954	33412513	7828	-0.0312
COZEN_p_TCGAb56_SNP_2N_GenomeWideSNP_6_E06_667172	19	33412741	33418266	11	-0.5755
COZEN_p_TCGAb56_SNP_2N_GenomeWideSNP_6_E06_667172	19	33419560	35849309	1603	-0.0122
COZEN_p_TCGAb56_SNP_2N_GenomeWideSNP_6_E06_667172	19	35849322	35866744	24	-0.7994
COZEN_p_TCGAb56_SNP_2N_GenomeWideSNP_6_E06_667172	19	35866786	39551941	1843	-0.0537
COZEN_p_TCGAb56_SNP_2N_GenomeWideSNP_6_E06_667172	19	39552222	39582285	23	-0.5451
COZEN_p_TCGAb56_SNP_2N_GenomeWideSNP_6_E06_667172	19	39582698	41445949	1011	-0.0515
COZEN_p_TCGAb56_SNP_2N_GenomeWideSNP_6_E06_667172	19	41446569	41470049	15	-0.6312
COZEN_p_TCGAb56_SNP_2N_GenomeWideSNP_6_E06_667172	19	41473953	43842918	1093	-0.0134
COZEN_p_TCGAb56_SNP_2N_GenomeWideSNP_6_E06_667172	19	43846238	43925739	36	-0.5268
COZEN_p_TCGAb56_SNP_2N_GenomeWideSNP_6_E06_667172	19	43928919	45825698	1145	0.0045
COZEN_p_TCGAb56_SNP_2N_GenomeWideSNP_6_E06_667172	19	45833801	45895688	24	-0.6364
COZEN_p_TCGAb56_SNP_2N_GenomeWideSNP_6_E06_667172	19	45895991	48303855	1011	-0.0379
COZEN_p_TCGAb56_SNP_2N_GenomeWideSNP_6_E06_667172	19	48304424	48465222	69	-0.3753
COZEN_p_TCGAb56_SNP_2N_GenomeWideSNP_6_E06_667172	19	48468494	49200838	437	-0.0471
COZEN_p_TCGAb56_SNP_2N_GenomeWideSNP_6_E06_667172	19	49201461	49214470	13	-1.2415
COZEN_p_TCGAb56_SNP_2N_GenomeWideSNP_6_E06_667172	19	49214748	50380858	416	-0.0555
COZEN_p_TCGAb56_SNP_2N_GenomeWideSNP_6_E06_667172	19	50389830	50570920	117	-0.3069
COZEN_p_TCGAb56_SNP_2N_GenomeWideSNP_6_E06_667172	19	50570976	52145146	864	-0.0232
COZEN_p_TCGAb56_SNP_2N_GenomeWideSNP_6_E06_667172	19	52146792	52148197	5	-1.0851
COZEN_p_TCGAb56_SNP_2N_GenomeWideSNP_6_E06_667172	19	52154905	53137943	668	-0.0639
COZEN_p_TCGAb56_SNP_2N_GenomeWideSNP_6_E06_667172	19	53138444	53139287	2	1.8122
COZEN_p_TCGAb56_SNP_2N_GenomeWideSNP_6_E06_667172	19	53143616	54368170	904	-0.2918
COZEN_p_TCGAb56_SNP_2N_GenomeWideSNP_6_E06_667172	19	54374527	54709256	161	-0.0243
COZEN_p_TCGAb56_SNP_2N_GenomeWideSNP_6_E06_667172	19	54710673	54761735	40	-0.5456
COZEN_p_TCGAb56_SNP_2N_GenomeWideSNP_6_E06_667172	19	54769320	54902385	58	-0.078
COZEN_p_TCGAb56_SNP_2N_GenomeWideSNP_6_E06_667172	19	54909381	54945846	15	-0.5953
COZEN_p_TCGAb56_SNP_2N_GenomeWideSNP_6_E06_667172	19	54948465	55237246	194	-0.0244
COZEN_p_TCGAb56_SNP_2N_GenomeWideSNP_6_E06_667172	19	55237315	55383051	62	-0.3421
COZEN_p_TCGAb56_SNP_2N_GenomeWideSNP_6_E06_667172	19	55393722	56441337	583	-0.04
COZEN_p_TCGAb56_SNP_2N_GenomeWideSNP_6_E06_667172	19	56441446	56521607	81	-0.4421
COZEN_p_TCGAb56_SNP_2N_GenomeWideSNP_6_E06_667172	19	56525042	56704665	84	-0.0221
COZEN_p_TCGAb56_SNP_2N_GenomeWideSNP_6_E06_667172	19	56705374	56753316	45	-0.3351
COZEN_p_TCGAb56_SNP_2N_GenomeWideSNP_6_E06_667172	19	56754719	58301476	1045	-0.0105
COZEN_p_TCGAb56_SNP_2N_GenomeWideSNP_6_E06_667172	19	58303091	58353157	26	-0.5036
COZEN_p_TCGAb56_SNP_2N_GenomeWideSNP_6_E06_667172	19	58354536	58368881	10	0.1157
COZEN_p_TCGAb56_SNP_2N_GenomeWideSNP_6_E06_667172	19	58369912	58395844	19	-0.4703
COZEN_p_TCGAb56_SNP_2N_GenomeWideSNP_6_E06_667172	19	58397671	59097854	387	-0.0281
COZEN_p_TCGAb56_SNP_2N_GenomeWideSNP_6_E06_667172	20	61305	1552503	1185	0.0061
COZEN_p_TCGAb56_SNP_2N_GenomeWideSNP_6_E06_667172	20	1557190	1560562	16	-0.725
COZEN_p_TCGAb56_SNP_2N_GenomeWideSNP_6_E06_667172	20	1560787	1560999	5	0.2166
COZEN_p_TCGAb56_SNP_2N_GenomeWideSNP_6_E06_667172	20	1561580	1593893	41	1.379
COZEN_p_TCGAb56_SNP_2N_GenomeWideSNP_6_E06_667172	20	1597946	3784593	1552	0.0069
COZEN_p_TCGAb56_SNP_2N_GenomeWideSNP_6_E06_667172	20	3784996	4020945	125	-0.2856
COZEN_p_TCGAb56_SNP_2N_GenomeWideSNP_6_E06_667172	20	4021135	4023655	3	1.0919
COZEN_p_TCGAb56_SNP_2N_GenomeWideSNP_6_E06_667172	20	4024051	5474749	1158	-0.0125
COZEN_p_TCGAb56_SNP_2N_GenomeWideSNP_6_E06_667172	20	5474901	5737039	165	-0.388
COZEN_p_TCGAb56_SNP_2N_GenomeWideSNP_6_E06_667172	20	5743282	26222699	15778	0.0261
COZEN_p_TCGAb56_SNP_2N_GenomeWideSNP_6_E06_667172	20	26223669	29420553	40	-0.386
COZEN_p_TCGAb56_SNP_2N_GenomeWideSNP_6_E06_667172	20	29428523	45773278	10074	0.0057
COZEN_p_TCGAb56_SNP_2N_GenomeWideSNP_6_E06_667172	20	45773420	45788929	19	-0.4033
COZEN_p_TCGAb56_SNP_2N_GenomeWideSNP_6_E06_667172	20	45789953	45790749	2	1.278
COZEN_p_TCGAb56_SNP_2N_GenomeWideSNP_6_E06_667172	20	45790765	48301312	1713	0.0163
COZEN_p_TCGAb56_SNP_2N_GenomeWideSNP_6_E06_667172	20	48304262	48447153	95	-0.2548
COZEN_p_TCGAb56_SNP_2N_GenomeWideSNP_6_E06_667172	20	48447226	52395909	2828	-0.0184
COZEN_p_TCGAb56_SNP_2N_GenomeWideSNP_6_E06_667172	20	52396402	52427319	24	-0.5597
COZEN_p_TCGAb56_SNP_2N_GenomeWideSNP_6_E06_667172	20	52427476	55115834	2273	-0.004
COZEN_p_TCGAb56_SNP_2N_GenomeWideSNP_6_E06_667172	20	55116997	55131544	8	-0.7022
COZEN_p_TCGAb56_SNP_2N_GenomeWideSNP_6_E06_667172	20	55133411	55585046	400	0.0018
COZEN_p_TCGAb56_SNP_2N_GenomeWideSNP_6_E06_667172	20	55586814	55587448	2	-1.749
COZEN_p_TCGAb56_SNP_2N_GenomeWideSNP_6_E06_667172	20	55594686	62226753	4697	0.0549
COZEN_p_TCGAb56_SNP_2N_GenomeWideSNP_6_E06_667172	20	62229989	62830468	240	-0.2767
COZEN_p_TCGAb56_SNP_2N_GenomeWideSNP_6_E06_667172	20	62830802	62956153	66	-0.0114
COZEN_p_TCGAb56_SNP_2N_GenomeWideSNP_6_E06_667172	21	10736871	10971376	55	-0.0158
COZEN_p_TCGAb56_SNP_2N_GenomeWideSNP_6_E06_667172	21	10971566	10976162	4	-0.7111
COZEN_p_TCGAb56_SNP_2N_GenomeWideSNP_6_E06_667172	21	10976682	11013964	18	0.0157
COZEN_p_TCGAb56_SNP_2N_GenomeWideSNP_6_E06_667172	21	11018107	14428996	50	-0.3123
COZEN_p_TCGAb56_SNP_2N_GenomeWideSNP_6_E06_667172	21	14432784	14597009	38	-0.0222
COZEN_p_TCGAb56_SNP_2N_GenomeWideSNP_6_E06_667172	21	14597032	14603577	3	1.6101
COZEN_p_TCGAb56_SNP_2N_GenomeWideSNP_6_E06_667172	21	14612609	17123855	1591	0.0266
COZEN_p_TCGAb56_SNP_2N_GenomeWideSNP_6_E06_667172	21	17124102	17126820	2	2.2372
COZEN_p_TCGAb56_SNP_2N_GenomeWideSNP_6_E06_667172	21	17130370	37484880	14948	0.0196
COZEN_p_TCGAb56_SNP_2N_GenomeWideSNP_6_E06_667172	21	37484942	37619514	97	-0.4773
COZEN_p_TCGAb56_SNP_2N_GenomeWideSNP_6_E06_667172	21	37620282	44546802	5617	0.0101
COZEN_p_TCGAb56_SNP_2N_GenomeWideSNP_6_E06_667172	21	44547247	44614985	43	-0.3152
COZEN_p_TCGAb56_SNP_2N_GenomeWideSNP_6_E06_667172	21	44615585	44968053	195	0.0135
COZEN_p_TCGAb56_SNP_2N_GenomeWideSNP_6_E06_667172	21	44970873	44972812	2	-3.2554
COZEN_p_TCGAb56_SNP_2N_GenomeWideSNP_6_E06_667172	21	44973667	48096957	1766	0.0065
COZEN_p_TCGAb56_SNP_2N_GenomeWideSNP_6_E06_667172	22	16052528	17860253	619	-0.1121
COZEN_p_TCGAb56_SNP_2N_GenomeWideSNP_6_E06_667172	22	17865766	17892618	35	-0.4967
COZEN_p_TCGAb56_SNP_2N_GenomeWideSNP_6_E06_667172	22	17898402	24337949	3969	-0.1398
COZEN_p_TCGAb56_SNP_2N_GenomeWideSNP_6_E06_667172	22	24344422	24396814	20	-1.6609
COZEN_p_TCGAb56_SNP_2N_GenomeWideSNP_6_E06_667172	22	24401529	24407124	11	-0.4083
COZEN_p_TCGAb56_SNP_2N_GenomeWideSNP_6_E06_667172	22	24412126	24840531	216	-0.0157
COZEN_p_TCGAb56_SNP_2N_GenomeWideSNP_6_E06_667172	22	24840676	24885223	35	-0.4041
COZEN_p_TCGAb56_SNP_2N_GenomeWideSNP_6_E06_667172	22	24885749	25087806	98	-0.0512
COZEN_p_TCGAb56_SNP_2N_GenomeWideSNP_6_E06_667172	22	25088009	25110876	31	-0.3792
COZEN_p_TCGAb56_SNP_2N_GenomeWideSNP_6_E06_667172	22	25112325	26138408	866	-0.1112
COZEN_p_TCGAb56_SNP_2N_GenomeWideSNP_6_E06_667172	22	26138438	26138830	2	1.1763
COZEN_p_TCGAb56_SNP_2N_GenomeWideSNP_6_E06_667172	22	26139093	38521601	9160	-0.0126
COZEN_p_TCGAb56_SNP_2N_GenomeWideSNP_6_E06_667172	22	38521871	38544133	21	-0.5687
COZEN_p_TCGAb56_SNP_2N_GenomeWideSNP_6_E06_667172	22	38544298	42299285	2040	-0.0521
COZEN_p_TCGAb56_SNP_2N_GenomeWideSNP_6_E06_667172	22	42299535	42364019	29	-0.6133
COZEN_p_TCGAb56_SNP_2N_GenomeWideSNP_6_E06_667172	22	42365073	42705371	184	-0.0051
COZEN_p_TCGAb56_SNP_2N_GenomeWideSNP_6_E06_667172	22	42710052	42727133	10	-0.4602
COZEN_p_TCGAb56_SNP_2N_GenomeWideSNP_6_E06_667172	22	42727423	42815940	49	-0.0712
COZEN_p_TCGAb56_SNP_2N_GenomeWideSNP_6_E06_667172	22	42816979	42943642	69	-0.3832
COZEN_p_TCGAb56_SNP_2N_GenomeWideSNP_6_E06_667172	22	42950491	51234455	6109	-0.0262
COZEN_p_TCGAb56_SNP_2N_GenomeWideSNP_6_E06_667172	X	168477	16729479	10350	0.0158
COZEN_p_TCGAb56_SNP_2N_GenomeWideSNP_6_E06_667172	X	16733964	16807391	30	-0.3225
COZEN_p_TCGAb56_SNP_2N_GenomeWideSNP_6_E06_667172	X	16807727	17186660	198	-0.0129
COZEN_p_TCGAb56_SNP_2N_GenomeWideSNP_6_E06_667172	X	17186680	17186801	4	1.2099
COZEN_p_TCGAb56_SNP_2N_GenomeWideSNP_6_E06_667172	X	17186843	44572770	16901	0.0173
COZEN_p_TCGAb56_SNP_2N_GenomeWideSNP_6_E06_667172	X	44573271	44584563	8	-0.6803
COZEN_p_TCGAb56_SNP_2N_GenomeWideSNP_6_E06_667172	X	44584855	53705365	4002	-0.0268
COZEN_p_TCGAb56_SNP_2N_GenomeWideSNP_6_E06_667172	X	53706882	53973421	110	-0.2502
COZEN_p_TCGAb56_SNP_2N_GenomeWideSNP_6_E06_667172	X	53974054	56265459	1038	-0.0368
COZEN_p_TCGAb56_SNP_2N_GenomeWideSNP_6_E06_667172	X	56269093	56486597	98	-0.2582
COZEN_p_TCGAb56_SNP_2N_GenomeWideSNP_6_E06_667172	X	56489458	58476534	935	-0.0543
COZEN_p_TCGAb56_SNP_2N_GenomeWideSNP_6_E06_667172	X	58476717	61818211	18	-0.7901
COZEN_p_TCGAb56_SNP_2N_GenomeWideSNP_6_E06_667172	X	61877285	62457637	153	-0.0416
COZEN_p_TCGAb56_SNP_2N_GenomeWideSNP_6_E06_667172	X	62470452	62505826	20	0.4468
COZEN_p_TCGAb56_SNP_2N_GenomeWideSNP_6_E06_667172	X	62505868	100166390	18996	-0.0041
COZEN_p_TCGAb56_SNP_2N_GenomeWideSNP_6_E06_667172	X	100167742	100350585	88	-0.2359
COZEN_p_TCGAb56_SNP_2N_GenomeWideSNP_6_E06_667172	X	100352641	113346235	6945	-0.0031
COZEN_p_TCGAb56_SNP_2N_GenomeWideSNP_6_E06_667172	X	113351147	113354682	6	-1.1542
COZEN_p_TCGAb56_SNP_2N_GenomeWideSNP_6_E06_667172	X	113356966	119010427	3365	-0.0084
COZEN_p_TCGAb56_SNP_2N_GenomeWideSNP_6_E06_667172	X	119010561	119053015	24	-0.4599
COZEN_p_TCGAb56_SNP_2N_GenomeWideSNP_6_E06_667172	X	119057291	134913786	8917	0.0097
COZEN_p_TCGAb56_SNP_2N_GenomeWideSNP_6_E06_667172	X	134914036	135025204	63	-0.3412
COZEN_p_TCGAb56_SNP_2N_GenomeWideSNP_6_E06_667172	X	135025232	138965566	2435	0.0038
COZEN_p_TCGAb56_SNP_2N_GenomeWideSNP_6_E06_667172	X	138967375	139122575	71	-0.3068
COZEN_p_TCGAb56_SNP_2N_GenomeWideSNP_6_E06_667172	X	139124579	155182354	9866	0.0227
COZEN_p_TCGAb56_SNP_2N_GenomeWideSNP_6_E06_667172	Y	2650438	59018259	8633	-0.7198
