Sample	Chromosome	Start	End	Num_Probes	Segment_Mean
COZEN_p_TCGAb56_SNP_2N_GenomeWideSNP_6_E10_667208	1	61735	16149915	8420	0.0107
COZEN_p_TCGAb56_SNP_2N_GenomeWideSNP_6_E10_667208	1	16153497	16153925	6	-2.7102
COZEN_p_TCGAb56_SNP_2N_GenomeWideSNP_6_E10_667208	1	16154201	16155010	4	-0.3545
COZEN_p_TCGAb56_SNP_2N_GenomeWideSNP_6_E10_667208	1	16165661	17016872	362	0.0037
COZEN_p_TCGAb56_SNP_2N_GenomeWideSNP_6_E10_667208	1	17016880	17089349	25	0.3935
COZEN_p_TCGAb56_SNP_2N_GenomeWideSNP_6_E10_667208	1	17093257	17112177	11	0.9446
COZEN_p_TCGAb56_SNP_2N_GenomeWideSNP_6_E10_667208	1	17114427	22318183	3419	0.015
COZEN_p_TCGAb56_SNP_2N_GenomeWideSNP_6_E10_667208	1	22319001	22338125	9	-1.2647
COZEN_p_TCGAb56_SNP_2N_GenomeWideSNP_6_E10_667208	1	22342389	25418699	1794	0.0056
COZEN_p_TCGAb56_SNP_2N_GenomeWideSNP_6_E10_667208	1	25423401	25424322	2	-1.5538
COZEN_p_TCGAb56_SNP_2N_GenomeWideSNP_6_E10_667208	1	25424889	35088484	5112	-2e-04
COZEN_p_TCGAb56_SNP_2N_GenomeWideSNP_6_E10_667208	1	35091458	35103510	14	-0.184
COZEN_p_TCGAb56_SNP_2N_GenomeWideSNP_6_E10_667208	1	35103827	35104491	10	-0.8052
COZEN_p_TCGAb56_SNP_2N_GenomeWideSNP_6_E10_667208	1	35114268	37868755	1477	-1e-04
COZEN_p_TCGAb56_SNP_2N_GenomeWideSNP_6_E10_667208	1	37869464	37877626	6	0.5173
COZEN_p_TCGAb56_SNP_2N_GenomeWideSNP_6_E10_667208	1	37879594	38596859	344	-0.0073
COZEN_p_TCGAb56_SNP_2N_GenomeWideSNP_6_E10_667208	1	38601480	38602073	2	-1.2621
COZEN_p_TCGAb56_SNP_2N_GenomeWideSNP_6_E10_667208	1	38606400	85537890	30413	0.0189
COZEN_p_TCGAb56_SNP_2N_GenomeWideSNP_6_E10_667208	1	85539127	85542557	7	-0.9167
COZEN_p_TCGAb56_SNP_2N_GenomeWideSNP_6_E10_667208	1	85542620	110227515	15401	0.0133
COZEN_p_TCGAb56_SNP_2N_GenomeWideSNP_6_E10_667208	1	110232974	110240178	17	0.8376
COZEN_p_TCGAb56_SNP_2N_GenomeWideSNP_6_E10_667208	1	110242953	144007049	7173	0.0225
COZEN_p_TCGAb56_SNP_2N_GenomeWideSNP_6_E10_667208	1	144008315	145395440	282	0.4606
COZEN_p_TCGAb56_SNP_2N_GenomeWideSNP_6_E10_667208	1	145395604	148572094	867	0.6784
COZEN_p_TCGAb56_SNP_2N_GenomeWideSNP_6_E10_667208	1	148575315	148636769	8	-0.1767
COZEN_p_TCGAb56_SNP_2N_GenomeWideSNP_6_E10_667208	1	148636891	149024802	35	0.6169
COZEN_p_TCGAb56_SNP_2N_GenomeWideSNP_6_E10_667208	1	149024808	149248712	128	1.0181
COZEN_p_TCGAb56_SNP_2N_GenomeWideSNP_6_E10_667208	1	149248727	149521846	39	0.5811
COZEN_p_TCGAb56_SNP_2N_GenomeWideSNP_6_E10_667208	1	149545372	149691264	15	0.1575
COZEN_p_TCGAb56_SNP_2N_GenomeWideSNP_6_E10_667208	1	149691503	150104412	178	0.6236
COZEN_p_TCGAb56_SNP_2N_GenomeWideSNP_6_E10_667208	1	150108108	150111985	3	-0.2889
COZEN_p_TCGAb56_SNP_2N_GenomeWideSNP_6_E10_667208	1	150114083	152555527	1301	0.6343
COZEN_p_TCGAb56_SNP_2N_GenomeWideSNP_6_E10_667208	1	152555706	152586238	31	1.2575
COZEN_p_TCGAb56_SNP_2N_GenomeWideSNP_6_E10_667208	1	152586278	158044482	3154	0.6364
COZEN_p_TCGAb56_SNP_2N_GenomeWideSNP_6_E10_667208	1	158045407	158045749	3	-0.5671
COZEN_p_TCGAb56_SNP_2N_GenomeWideSNP_6_E10_667208	1	158051210	158866573	680	0.6322
COZEN_p_TCGAb56_SNP_2N_GenomeWideSNP_6_E10_667208	1	158868501	158869759	2	4.3276
COZEN_p_TCGAb56_SNP_2N_GenomeWideSNP_6_E10_667208	1	158874818	158875051	2	-0.6075
COZEN_p_TCGAb56_SNP_2N_GenomeWideSNP_6_E10_667208	1	158875543	169216937	7723	0.6591
COZEN_p_TCGAb56_SNP_2N_GenomeWideSNP_6_E10_667208	1	169233974	169241766	7	1.4991
COZEN_p_TCGAb56_SNP_2N_GenomeWideSNP_6_E10_667208	1	169242401	188005373	12419	0.6652
COZEN_p_TCGAb56_SNP_2N_GenomeWideSNP_6_E10_667208	1	188005550	189648157	1048	0.8857
COZEN_p_TCGAb56_SNP_2N_GenomeWideSNP_6_E10_667208	1	189648483	189648527	2	-2.731
COZEN_p_TCGAb56_SNP_2N_GenomeWideSNP_6_E10_667208	1	189652047	223630335	23001	0.8861
COZEN_p_TCGAb56_SNP_2N_GenomeWideSNP_6_E10_667208	1	223630432	223630617	2	-0.7303
COZEN_p_TCGAb56_SNP_2N_GenomeWideSNP_6_E10_667208	1	223630758	239466051	11127	0.874
COZEN_p_TCGAb56_SNP_2N_GenomeWideSNP_6_E10_667208	1	239466136	239466287	2	-0.7279
COZEN_p_TCGAb56_SNP_2N_GenomeWideSNP_6_E10_667208	1	239466347	240391740	746	0.8829
COZEN_p_TCGAb56_SNP_2N_GenomeWideSNP_6_E10_667208	1	240394015	240394139	6	-0.3541
COZEN_p_TCGAb56_SNP_2N_GenomeWideSNP_6_E10_667208	1	240396105	248737447	5754	0.8873
COZEN_p_TCGAb56_SNP_2N_GenomeWideSNP_6_E10_667208	1	248749194	248797213	33	-0.683
COZEN_p_TCGAb56_SNP_2N_GenomeWideSNP_6_E10_667208	1	248805339	249224388	145	0.9321
COZEN_p_TCGAb56_SNP_2N_GenomeWideSNP_6_E10_667208	2	12784	7596271	5885	0.0352
COZEN_p_TCGAb56_SNP_2N_GenomeWideSNP_6_E10_667208	2	7597554	7598862	4	-0.7833
COZEN_p_TCGAb56_SNP_2N_GenomeWideSNP_6_E10_667208	2	7599655	14703694	5164	0.0248
COZEN_p_TCGAb56_SNP_2N_GenomeWideSNP_6_E10_667208	2	14704949	14710092	12	-0.8921
COZEN_p_TCGAb56_SNP_2N_GenomeWideSNP_6_E10_667208	2	14710364	52754468	26155	0.0304
COZEN_p_TCGAb56_SNP_2N_GenomeWideSNP_6_E10_667208	2	52754480	52781542	39	-2.6974
COZEN_p_TCGAb56_SNP_2N_GenomeWideSNP_6_E10_667208	2	52787949	86294951	21570	0.0236
COZEN_p_TCGAb56_SNP_2N_GenomeWideSNP_6_E10_667208	2	86295296	86478980	131	-0.5524
COZEN_p_TCGAb56_SNP_2N_GenomeWideSNP_6_E10_667208	2	86481835	86488105	9	1.0485
COZEN_p_TCGAb56_SNP_2N_GenomeWideSNP_6_E10_667208	2	86489830	87099920	297	-0.5171
COZEN_p_TCGAb56_SNP_2N_GenomeWideSNP_6_E10_667208	2	87105102	87450469	84	-0.3176
COZEN_p_TCGAb56_SNP_2N_GenomeWideSNP_6_E10_667208	2	87452754	87558261	63	-0.5073
COZEN_p_TCGAb56_SNP_2N_GenomeWideSNP_6_E10_667208	2	87566922	87761615	17	-0.0745
COZEN_p_TCGAb56_SNP_2N_GenomeWideSNP_6_E10_667208	2	87763297	88397917	137	-0.4724
COZEN_p_TCGAb56_SNP_2N_GenomeWideSNP_6_E10_667208	2	88399687	90011138	600	0.036
COZEN_p_TCGAb56_SNP_2N_GenomeWideSNP_6_E10_667208	2	90011313	90267103	145	0.4449
COZEN_p_TCGAb56_SNP_2N_GenomeWideSNP_6_E10_667208	2	90267121	95334806	139	0.0874
COZEN_p_TCGAb56_SNP_2N_GenomeWideSNP_6_E10_667208	2	95341388	98118212	904	-0.4832
COZEN_p_TCGAb56_SNP_2N_GenomeWideSNP_6_E10_667208	2	98140747	98175066	13	0.183
COZEN_p_TCGAb56_SNP_2N_GenomeWideSNP_6_E10_667208	2	98175863	98960331	428	-0.5432
COZEN_p_TCGAb56_SNP_2N_GenomeWideSNP_6_E10_667208	2	98961589	98962123	2	-1.8828
COZEN_p_TCGAb56_SNP_2N_GenomeWideSNP_6_E10_667208	2	98970419	106874722	5134	-0.5417
COZEN_p_TCGAb56_SNP_2N_GenomeWideSNP_6_E10_667208	2	106880095	106885357	12	0.2495
COZEN_p_TCGAb56_SNP_2N_GenomeWideSNP_6_E10_667208	2	106887255	112138965	2641	-0.5245
COZEN_p_TCGAb56_SNP_2N_GenomeWideSNP_6_E10_667208	2	112142905	112143413	2	-2.593
COZEN_p_TCGAb56_SNP_2N_GenomeWideSNP_6_E10_667208	2	112149534	112500035	151	-0.5534
COZEN_p_TCGAb56_SNP_2N_GenomeWideSNP_6_E10_667208	2	112502453	112975638	230	-0.0098
COZEN_p_TCGAb56_SNP_2N_GenomeWideSNP_6_E10_667208	2	112978890	146862085	20911	-0.531
COZEN_p_TCGAb56_SNP_2N_GenomeWideSNP_6_E10_667208	2	146864404	146866934	24	0.3947
COZEN_p_TCGAb56_SNP_2N_GenomeWideSNP_6_E10_667208	2	146877806	150430739	1812	-0.5222
COZEN_p_TCGAb56_SNP_2N_GenomeWideSNP_6_E10_667208	2	150431265	180419753	18725	0.0234
COZEN_p_TCGAb56_SNP_2N_GenomeWideSNP_6_E10_667208	2	180420443	180421497	10	-0.5671
COZEN_p_TCGAb56_SNP_2N_GenomeWideSNP_6_E10_667208	2	180421512	184793851	2768	0.0231
COZEN_p_TCGAb56_SNP_2N_GenomeWideSNP_6_E10_667208	2	184794400	184802441	17	-0.8544
COZEN_p_TCGAb56_SNP_2N_GenomeWideSNP_6_E10_667208	2	184808589	208354955	13682	0.02
COZEN_p_TCGAb56_SNP_2N_GenomeWideSNP_6_E10_667208	2	208355178	208359519	18	-0.7986
COZEN_p_TCGAb56_SNP_2N_GenomeWideSNP_6_E10_667208	2	208359560	212770834	2749	0.0316
COZEN_p_TCGAb56_SNP_2N_GenomeWideSNP_6_E10_667208	2	212771634	212784956	5	-0.822
COZEN_p_TCGAb56_SNP_2N_GenomeWideSNP_6_E10_667208	2	212786540	228991806	10677	0.0324
COZEN_p_TCGAb56_SNP_2N_GenomeWideSNP_6_E10_667208	2	228993717	228995782	2	1.57
COZEN_p_TCGAb56_SNP_2N_GenomeWideSNP_6_E10_667208	2	228998237	242773380	8571	0.0233
COZEN_p_TCGAb56_SNP_2N_GenomeWideSNP_6_E10_667208	2	242774991	242775058	2	1.8138
COZEN_p_TCGAb56_SNP_2N_GenomeWideSNP_6_E10_667208	2	242782271	243089456	145	0.0077
COZEN_p_TCGAb56_SNP_2N_GenomeWideSNP_6_E10_667208	3	60345	53032038	35815	0.0153
COZEN_p_TCGAb56_SNP_2N_GenomeWideSNP_6_E10_667208	3	53033148	53039279	27	-0.6904
COZEN_p_TCGAb56_SNP_2N_GenomeWideSNP_6_E10_667208	3	53039455	57026844	2913	0.0272
COZEN_p_TCGAb56_SNP_2N_GenomeWideSNP_6_E10_667208	3	57031469	57031816	2	-1.8638
COZEN_p_TCGAb56_SNP_2N_GenomeWideSNP_6_E10_667208	3	57032241	61126821	3210	0.0168
COZEN_p_TCGAb56_SNP_2N_GenomeWideSNP_6_E10_667208	3	61127205	61128017	3	-2.297
COZEN_p_TCGAb56_SNP_2N_GenomeWideSNP_6_E10_667208	3	61130900	65188453	3435	0.0422
COZEN_p_TCGAb56_SNP_2N_GenomeWideSNP_6_E10_667208	3	65189235	65199568	30	-0.7179
COZEN_p_TCGAb56_SNP_2N_GenomeWideSNP_6_E10_667208	3	65199702	65203712	12	-0.183
COZEN_p_TCGAb56_SNP_2N_GenomeWideSNP_6_E10_667208	3	65206904	65210452	11	-0.7128
COZEN_p_TCGAb56_SNP_2N_GenomeWideSNP_6_E10_667208	3	65216349	97899419	17798	0.0261
COZEN_p_TCGAb56_SNP_2N_GenomeWideSNP_6_E10_667208	3	97908670	97913425	3	-1.4018
COZEN_p_TCGAb56_SNP_2N_GenomeWideSNP_6_E10_667208	3	97914817	125443608	16911	0.0153
COZEN_p_TCGAb56_SNP_2N_GenomeWideSNP_6_E10_667208	3	125446664	125466547	11	-1.1185
COZEN_p_TCGAb56_SNP_2N_GenomeWideSNP_6_E10_667208	3	125469421	127755679	1457	0.0209
COZEN_p_TCGAb56_SNP_2N_GenomeWideSNP_6_E10_667208	3	127766058	127766235	2	-1.1551
COZEN_p_TCGAb56_SNP_2N_GenomeWideSNP_6_E10_667208	3	127772536	129762859	1011	-0.0097
COZEN_p_TCGAb56_SNP_2N_GenomeWideSNP_6_E10_667208	3	129763698	129806236	52	-1.3227
COZEN_p_TCGAb56_SNP_2N_GenomeWideSNP_6_E10_667208	3	129806924	130231537	310	-0.0032
COZEN_p_TCGAb56_SNP_2N_GenomeWideSNP_6_E10_667208	3	130233917	130241140	7	-1.5181
COZEN_p_TCGAb56_SNP_2N_GenomeWideSNP_6_E10_667208	3	130248370	192877902	39261	0.0164
COZEN_p_TCGAb56_SNP_2N_GenomeWideSNP_6_E10_667208	3	192877962	192882903	19	0.9743
COZEN_p_TCGAb56_SNP_2N_GenomeWideSNP_6_E10_667208	3	192886435	195661550	1613	0.0136
COZEN_p_TCGAb56_SNP_2N_GenomeWideSNP_6_E10_667208	3	195690846	195709662	6	-1.2866
COZEN_p_TCGAb56_SNP_2N_GenomeWideSNP_6_E10_667208	3	195718765	197838578	1068	0.0222
COZEN_p_TCGAb56_SNP_2N_GenomeWideSNP_6_E10_667208	3	197845216	197896118	20	-0.2564
COZEN_p_TCGAb56_SNP_2N_GenomeWideSNP_6_E10_667208	4	12281	65761	56	-0.2797
COZEN_p_TCGAb56_SNP_2N_GenomeWideSNP_6_E10_667208	4	65978	31233375	20679	0.0243
COZEN_p_TCGAb56_SNP_2N_GenomeWideSNP_6_E10_667208	4	31235809	31236026	2	-3.2844
COZEN_p_TCGAb56_SNP_2N_GenomeWideSNP_6_E10_667208	4	31237265	34786500	2106	0.0226
COZEN_p_TCGAb56_SNP_2N_GenomeWideSNP_6_E10_667208	4	34786955	34824183	36	-0.4157
COZEN_p_TCGAb56_SNP_2N_GenomeWideSNP_6_E10_667208	4	34824725	35146222	206	0.0373
COZEN_p_TCGAb56_SNP_2N_GenomeWideSNP_6_E10_667208	4	35147513	35150164	5	-1.1088
COZEN_p_TCGAb56_SNP_2N_GenomeWideSNP_6_E10_667208	4	35156721	35508369	242	0.0348
COZEN_p_TCGAb56_SNP_2N_GenomeWideSNP_6_E10_667208	4	35511145	35516892	5	-0.6093
COZEN_p_TCGAb56_SNP_2N_GenomeWideSNP_6_E10_667208	4	35520857	36014412	318	0.0347
COZEN_p_TCGAb56_SNP_2N_GenomeWideSNP_6_E10_667208	4	36014981	36015518	4	-0.8795
COZEN_p_TCGAb56_SNP_2N_GenomeWideSNP_6_E10_667208	4	36017518	45005755	5867	0.0242
COZEN_p_TCGAb56_SNP_2N_GenomeWideSNP_6_E10_667208	4	45005852	45006335	4	-1.1737
COZEN_p_TCGAb56_SNP_2N_GenomeWideSNP_6_E10_667208	4	45010969	69372003	12862	0.0285
COZEN_p_TCGAb56_SNP_2N_GenomeWideSNP_6_E10_667208	4	69374941	69489335	66	-1.6753
COZEN_p_TCGAb56_SNP_2N_GenomeWideSNP_6_E10_667208	4	69505115	70127644	328	0.0022
COZEN_p_TCGAb56_SNP_2N_GenomeWideSNP_6_E10_667208	4	70127652	70231799	53	-0.644
COZEN_p_TCGAb56_SNP_2N_GenomeWideSNP_6_E10_667208	4	70232022	108504634	23256	0.0162
COZEN_p_TCGAb56_SNP_2N_GenomeWideSNP_6_E10_667208	4	108508648	108509815	2	-2.3402
COZEN_p_TCGAb56_SNP_2N_GenomeWideSNP_6_E10_667208	4	108510155	115173656	4125	0.0189
COZEN_p_TCGAb56_SNP_2N_GenomeWideSNP_6_E10_667208	4	115173700	115182175	24	0.7463
COZEN_p_TCGAb56_SNP_2N_GenomeWideSNP_6_E10_667208	4	115184229	116161386	603	0.0227
COZEN_p_TCGAb56_SNP_2N_GenomeWideSNP_6_E10_667208	4	116164137	116182579	38	0.2708
COZEN_p_TCGAb56_SNP_2N_GenomeWideSNP_6_E10_667208	4	116182604	121273467	3048	0.0205
COZEN_p_TCGAb56_SNP_2N_GenomeWideSNP_6_E10_667208	4	121276364	121276764	2	1.1617
COZEN_p_TCGAb56_SNP_2N_GenomeWideSNP_6_E10_667208	4	121277392	125459405	2424	0.0265
COZEN_p_TCGAb56_SNP_2N_GenomeWideSNP_6_E10_667208	4	125460351	125462935	3	-1.5859
COZEN_p_TCGAb56_SNP_2N_GenomeWideSNP_6_E10_667208	4	125463025	131601583	3648	0.0235
COZEN_p_TCGAb56_SNP_2N_GenomeWideSNP_6_E10_667208	4	131602946	131603050	2	-1.719
COZEN_p_TCGAb56_SNP_2N_GenomeWideSNP_6_E10_667208	4	131603236	155802548	14367	0.0194
COZEN_p_TCGAb56_SNP_2N_GenomeWideSNP_6_E10_667208	4	155803005	155803078	3	-3.425
COZEN_p_TCGAb56_SNP_2N_GenomeWideSNP_6_E10_667208	4	155803199	172987928	11032	0.0212
COZEN_p_TCGAb56_SNP_2N_GenomeWideSNP_6_E10_667208	4	172989148	172989505	10	-1.2066
COZEN_p_TCGAb56_SNP_2N_GenomeWideSNP_6_E10_667208	4	172989519	189221258	10953	0.0246
COZEN_p_TCGAb56_SNP_2N_GenomeWideSNP_6_E10_667208	4	189221360	189222813	5	1.1754
COZEN_p_TCGAb56_SNP_2N_GenomeWideSNP_6_E10_667208	4	189223053	190189043	785	0.013
COZEN_p_TCGAb56_SNP_2N_GenomeWideSNP_6_E10_667208	4	190195118	190199264	4	-2.8637
COZEN_p_TCGAb56_SNP_2N_GenomeWideSNP_6_E10_667208	4	190199771	191027923	386	0.0234
COZEN_p_TCGAb56_SNP_2N_GenomeWideSNP_6_E10_667208	5	15532	34700704	24068	0.0348
COZEN_p_TCGAb56_SNP_2N_GenomeWideSNP_6_E10_667208	5	34701065	34701189	2	-2.8723
COZEN_p_TCGAb56_SNP_2N_GenomeWideSNP_6_E10_667208	5	34703363	46271108	6755	0.0243
COZEN_p_TCGAb56_SNP_2N_GenomeWideSNP_6_E10_667208	5	46271930	46273502	6	-3.2287
COZEN_p_TCGAb56_SNP_2N_GenomeWideSNP_6_E10_667208	5	46278212	101014412	30347	0.02
COZEN_p_TCGAb56_SNP_2N_GenomeWideSNP_6_E10_667208	5	101016610	101097374	56	-0.9336
COZEN_p_TCGAb56_SNP_2N_GenomeWideSNP_6_E10_667208	5	101103021	103851221	1598	0.0394
COZEN_p_TCGAb56_SNP_2N_GenomeWideSNP_6_E10_667208	5	103860373	103860604	4	-1.9918
COZEN_p_TCGAb56_SNP_2N_GenomeWideSNP_6_E10_667208	5	103861049	112517609	5834	0.0257
COZEN_p_TCGAb56_SNP_2N_GenomeWideSNP_6_E10_667208	5	112518066	112529571	11	-1.0639
COZEN_p_TCGAb56_SNP_2N_GenomeWideSNP_6_E10_667208	5	112530750	144085361	19905	0.0179
COZEN_p_TCGAb56_SNP_2N_GenomeWideSNP_6_E10_667208	5	144087096	144087851	2	1.9852
COZEN_p_TCGAb56_SNP_2N_GenomeWideSNP_6_E10_667208	5	144088062	155476920	7748	0.0213
COZEN_p_TCGAb56_SNP_2N_GenomeWideSNP_6_E10_667208	5	155476998	155482729	12	-0.4164
COZEN_p_TCGAb56_SNP_2N_GenomeWideSNP_6_E10_667208	5	155495250	156420703	625	0.0069
COZEN_p_TCGAb56_SNP_2N_GenomeWideSNP_6_E10_667208	5	156421931	156426239	5	-0.9919
COZEN_p_TCGAb56_SNP_2N_GenomeWideSNP_6_E10_667208	5	156427293	180790320	16210	0.0213
COZEN_p_TCGAb56_SNP_2N_GenomeWideSNP_6_E10_667208	6	149661	885843	629	0.0381
COZEN_p_TCGAb56_SNP_2N_GenomeWideSNP_6_E10_667208	6	886884	890387	6	-0.7882
COZEN_p_TCGAb56_SNP_2N_GenomeWideSNP_6_E10_667208	6	890889	2784824	1564	0.0203
COZEN_p_TCGAb56_SNP_2N_GenomeWideSNP_6_E10_667208	6	2785055	2785112	3	1.2905
COZEN_p_TCGAb56_SNP_2N_GenomeWideSNP_6_E10_667208	6	2785636	6026211	2660	0.0146
COZEN_p_TCGAb56_SNP_2N_GenomeWideSNP_6_E10_667208	6	6033931	6034436	3	-4.9132
COZEN_p_TCGAb56_SNP_2N_GenomeWideSNP_6_E10_667208	6	6037045	26739025	15432	0.0194
COZEN_p_TCGAb56_SNP_2N_GenomeWideSNP_6_E10_667208	6	26742099	26742494	2	-1.2107
COZEN_p_TCGAb56_SNP_2N_GenomeWideSNP_6_E10_667208	6	26752036	29835834	1448	-0.0165
COZEN_p_TCGAb56_SNP_2N_GenomeWideSNP_6_E10_667208	6	29836239	29899677	40	0.2711
COZEN_p_TCGAb56_SNP_2N_GenomeWideSNP_6_E10_667208	6	29901564	29901576	4	1.4799
COZEN_p_TCGAb56_SNP_2N_GenomeWideSNP_6_E10_667208	6	29908469	32518769	1193	-0.0352
COZEN_p_TCGAb56_SNP_2N_GenomeWideSNP_6_E10_667208	6	32527284	32540477	6	-0.8786
COZEN_p_TCGAb56_SNP_2N_GenomeWideSNP_6_E10_667208	6	32540611	32579003	13	-0.1385
COZEN_p_TCGAb56_SNP_2N_GenomeWideSNP_6_E10_667208	6	32580617	32581838	2	-1.3305
COZEN_p_TCGAb56_SNP_2N_GenomeWideSNP_6_E10_667208	6	32581889	41613088	5946	0.0061
COZEN_p_TCGAb56_SNP_2N_GenomeWideSNP_6_E10_667208	6	41613366	41613521	3	0.9246
COZEN_p_TCGAb56_SNP_2N_GenomeWideSNP_6_E10_667208	6	41614234	41618178	4	0.1846
COZEN_p_TCGAb56_SNP_2N_GenomeWideSNP_6_E10_667208	6	41618761	41619877	5	-0.5801
COZEN_p_TCGAb56_SNP_2N_GenomeWideSNP_6_E10_667208	6	41620737	42572859	543	-0.0126
COZEN_p_TCGAb56_SNP_2N_GenomeWideSNP_6_E10_667208	6	42573161	42574782	2	-0.9638
COZEN_p_TCGAb56_SNP_2N_GenomeWideSNP_6_E10_667208	6	42577697	53931151	7273	0.027
COZEN_p_TCGAb56_SNP_2N_GenomeWideSNP_6_E10_667208	6	53931230	53931855	6	-1.3297
COZEN_p_TCGAb56_SNP_2N_GenomeWideSNP_6_E10_667208	6	53935348	67008286	5464	0.0322
COZEN_p_TCGAb56_SNP_2N_GenomeWideSNP_6_E10_667208	6	67009023	67037554	32	-0.8145
COZEN_p_TCGAb56_SNP_2N_GenomeWideSNP_6_E10_667208	6	67038021	67043192	9	-2.1937
COZEN_p_TCGAb56_SNP_2N_GenomeWideSNP_6_E10_667208	6	67043235	67048629	14	-0.82
COZEN_p_TCGAb56_SNP_2N_GenomeWideSNP_6_E10_667208	6	67049406	72862925	3917	0.0238
COZEN_p_TCGAb56_SNP_2N_GenomeWideSNP_6_E10_667208	6	72866524	72866872	2	-3.3948
COZEN_p_TCGAb56_SNP_2N_GenomeWideSNP_6_E10_667208	6	72868563	77436532	2868	0.0295
COZEN_p_TCGAb56_SNP_2N_GenomeWideSNP_6_E10_667208	6	77439868	77452689	20	-0.4469
COZEN_p_TCGAb56_SNP_2N_GenomeWideSNP_6_E10_667208	6	77452757	78962889	981	0.0303
COZEN_p_TCGAb56_SNP_2N_GenomeWideSNP_6_E10_667208	6	78969065	79035185	113	0.6172
COZEN_p_TCGAb56_SNP_2N_GenomeWideSNP_6_E10_667208	6	79039234	81277986	1431	0.0123
COZEN_p_TCGAb56_SNP_2N_GenomeWideSNP_6_E10_667208	6	81277987	81289534	34	-0.764
COZEN_p_TCGAb56_SNP_2N_GenomeWideSNP_6_E10_667208	6	81294341	130147596	30374	0.0175
COZEN_p_TCGAb56_SNP_2N_GenomeWideSNP_6_E10_667208	6	130149076	130149996	4	-1.1061
COZEN_p_TCGAb56_SNP_2N_GenomeWideSNP_6_E10_667208	6	130152296	134266268	2805	0.008
COZEN_p_TCGAb56_SNP_2N_GenomeWideSNP_6_E10_667208	6	134269071	134269632	2	-2.4321
COZEN_p_TCGAb56_SNP_2N_GenomeWideSNP_6_E10_667208	6	134272072	143539833	5889	0.0041
COZEN_p_TCGAb56_SNP_2N_GenomeWideSNP_6_E10_667208	6	143548281	143548577	3	1.6806
COZEN_p_TCGAb56_SNP_2N_GenomeWideSNP_6_E10_667208	6	143549921	171051005	19274	0.0149
COZEN_p_TCGAb56_SNP_2N_GenomeWideSNP_6_E10_667208	7	43355	13979456	9257	0.0133
COZEN_p_TCGAb56_SNP_2N_GenomeWideSNP_6_E10_667208	7	13980225	13980616	5	-1.0826
COZEN_p_TCGAb56_SNP_2N_GenomeWideSNP_6_E10_667208	7	13982085	38294996	18197	0.0227
COZEN_p_TCGAb56_SNP_2N_GenomeWideSNP_6_E10_667208	7	38297835	38348939	78	0.3211
COZEN_p_TCGAb56_SNP_2N_GenomeWideSNP_6_E10_667208	7	38349104	62483416	13361	0.0306
COZEN_p_TCGAb56_SNP_2N_GenomeWideSNP_6_E10_667208	7	62483695	62492692	5	-0.546
COZEN_p_TCGAb56_SNP_2N_GenomeWideSNP_6_E10_667208	7	62493597	64594341	845	0.0474
COZEN_p_TCGAb56_SNP_2N_GenomeWideSNP_6_E10_667208	7	64594929	64595698	4	1.4271
COZEN_p_TCGAb56_SNP_2N_GenomeWideSNP_6_E10_667208	7	64637128	70420438	3155	0.0442
COZEN_p_TCGAb56_SNP_2N_GenomeWideSNP_6_E10_667208	7	70423250	70426141	2	1.5513
COZEN_p_TCGAb56_SNP_2N_GenomeWideSNP_6_E10_667208	7	70428243	126044974	32597	0.0214
COZEN_p_TCGAb56_SNP_2N_GenomeWideSNP_6_E10_667208	7	126045482	126046878	15	1.0591
COZEN_p_TCGAb56_SNP_2N_GenomeWideSNP_6_E10_667208	7	126046879	133785177	4706	0.0117
COZEN_p_TCGAb56_SNP_2N_GenomeWideSNP_6_E10_667208	7	133785195	133817981	44	0.3523
COZEN_p_TCGAb56_SNP_2N_GenomeWideSNP_6_E10_667208	7	133818331	141770509	5202	0.009
COZEN_p_TCGAb56_SNP_2N_GenomeWideSNP_6_E10_667208	7	141770532	141787628	23	-0.8396
COZEN_p_TCGAb56_SNP_2N_GenomeWideSNP_6_E10_667208	7	141787646	142338469	376	0.01
COZEN_p_TCGAb56_SNP_2N_GenomeWideSNP_6_E10_667208	7	142338989	142474939	85	0.2246
COZEN_p_TCGAb56_SNP_2N_GenomeWideSNP_6_E10_667208	7	142476719	142485853	25	0.8672
COZEN_p_TCGAb56_SNP_2N_GenomeWideSNP_6_E10_667208	7	142485985	143946878	853	0.009
COZEN_p_TCGAb56_SNP_2N_GenomeWideSNP_6_E10_667208	7	143952313	144050933	29	-0.5183
COZEN_p_TCGAb56_SNP_2N_GenomeWideSNP_6_E10_667208	7	144051231	155464029	7375	0.0205
COZEN_p_TCGAb56_SNP_2N_GenomeWideSNP_6_E10_667208	7	155465863	155466938	2	1.6248
COZEN_p_TCGAb56_SNP_2N_GenomeWideSNP_6_E10_667208	7	155469636	158100057	1673	0.0243
COZEN_p_TCGAb56_SNP_2N_GenomeWideSNP_6_E10_667208	7	158102524	158115862	8	-0.6526
COZEN_p_TCGAb56_SNP_2N_GenomeWideSNP_6_E10_667208	7	158116391	159127004	645	0.0211
COZEN_p_TCGAb56_SNP_2N_GenomeWideSNP_6_E10_667208	8	31254	113380	4	0.1038
COZEN_p_TCGAb56_SNP_2N_GenomeWideSNP_6_E10_667208	8	158062	7238019	7843	-0.5569
COZEN_p_TCGAb56_SNP_2N_GenomeWideSNP_6_E10_667208	8	7250380	8070303	216	-0.2419
COZEN_p_TCGAb56_SNP_2N_GenomeWideSNP_6_E10_667208	8	8072303	12234400	3244	-0.5458
COZEN_p_TCGAb56_SNP_2N_GenomeWideSNP_6_E10_667208	8	12239835	12241976	12	-0.2835
COZEN_p_TCGAb56_SNP_2N_GenomeWideSNP_6_E10_667208	8	12242155	12277278	31	0.0021
COZEN_p_TCGAb56_SNP_2N_GenomeWideSNP_6_E10_667208	8	12281121	24975500	10475	-0.5306
COZEN_p_TCGAb56_SNP_2N_GenomeWideSNP_6_E10_667208	8	24975570	24984333	22	-2.717
COZEN_p_TCGAb56_SNP_2N_GenomeWideSNP_6_E10_667208	8	24991104	38286300	8519	-0.527
COZEN_p_TCGAb56_SNP_2N_GenomeWideSNP_6_E10_667208	8	38286352	38329943	78	-0.2974
COZEN_p_TCGAb56_SNP_2N_GenomeWideSNP_6_E10_667208	8	38330202	39230325	437	-0.5474
COZEN_p_TCGAb56_SNP_2N_GenomeWideSNP_6_E10_667208	8	39230659	39385194	59	-0.139
COZEN_p_TCGAb56_SNP_2N_GenomeWideSNP_6_E10_667208	8	39386965	42266876	2065	-0.5312
COZEN_p_TCGAb56_SNP_2N_GenomeWideSNP_6_E10_667208	8	42274264	72215311	15857	0.0258
COZEN_p_TCGAb56_SNP_2N_GenomeWideSNP_6_E10_667208	8	72215364	72216599	8	-0.9013
COZEN_p_TCGAb56_SNP_2N_GenomeWideSNP_6_E10_667208	8	72219863	84839281	7718	0.028
COZEN_p_TCGAb56_SNP_2N_GenomeWideSNP_6_E10_667208	8	84841378	84844055	3	-0.8923
COZEN_p_TCGAb56_SNP_2N_GenomeWideSNP_6_E10_667208	8	84848593	108286378	14097	0.0214
COZEN_p_TCGAb56_SNP_2N_GenomeWideSNP_6_E10_667208	8	108287091	108287442	2	-1.3322
COZEN_p_TCGAb56_SNP_2N_GenomeWideSNP_6_E10_667208	8	108287577	112285656	2313	0.0193
COZEN_p_TCGAb56_SNP_2N_GenomeWideSNP_6_E10_667208	8	112288556	112294646	7	-0.895
COZEN_p_TCGAb56_SNP_2N_GenomeWideSNP_6_E10_667208	8	112294670	112295245	5	-2.3536
COZEN_p_TCGAb56_SNP_2N_GenomeWideSNP_6_E10_667208	8	112295260	146298155	22953	0.0218
COZEN_p_TCGAb56_SNP_2N_GenomeWideSNP_6_E10_667208	9	46587	6695986	6395	0.0101
COZEN_p_TCGAb56_SNP_2N_GenomeWideSNP_6_E10_667208	9	6701145	6708357	7	-0.7813
COZEN_p_TCGAb56_SNP_2N_GenomeWideSNP_6_E10_667208	9	6712314	23361805	14073	0.0359
COZEN_p_TCGAb56_SNP_2N_GenomeWideSNP_6_E10_667208	9	23363115	23373484	8	0.7002
COZEN_p_TCGAb56_SNP_2N_GenomeWideSNP_6_E10_667208	9	23378488	29088729	4343	0.0349
COZEN_p_TCGAb56_SNP_2N_GenomeWideSNP_6_E10_667208	9	29089610	29100799	7	-0.6823
COZEN_p_TCGAb56_SNP_2N_GenomeWideSNP_6_E10_667208	9	29101432	41985187	6552	0.0201
COZEN_p_TCGAb56_SNP_2N_GenomeWideSNP_6_E10_667208	9	42023107	43780909	63	0.2828
COZEN_p_TCGAb56_SNP_2N_GenomeWideSNP_6_E10_667208	9	43790346	44251228	34	-0.0389
COZEN_p_TCGAb56_SNP_2N_GenomeWideSNP_6_E10_667208	9	44255487	44273241	9	-0.7076
COZEN_p_TCGAb56_SNP_2N_GenomeWideSNP_6_E10_667208	9	44385979	44469328	7	0.1329
COZEN_p_TCGAb56_SNP_2N_GenomeWideSNP_6_E10_667208	9	44629223	44837527	35	0.6699
COZEN_p_TCGAb56_SNP_2N_GenomeWideSNP_6_E10_667208	9	44840918	77157976	4801	0.0143
COZEN_p_TCGAb56_SNP_2N_GenomeWideSNP_6_E10_667208	9	77158406	77162159	2	-2.3374
COZEN_p_TCGAb56_SNP_2N_GenomeWideSNP_6_E10_667208	9	77163040	95280887	13048	0.015
COZEN_p_TCGAb56_SNP_2N_GenomeWideSNP_6_E10_667208	9	95284982	95291909	2	-1.2337
COZEN_p_TCGAb56_SNP_2N_GenomeWideSNP_6_E10_667208	9	95292226	141091394	30584	0.0187
COZEN_p_TCGAb56_SNP_2N_GenomeWideSNP_6_E10_667208	10	72759	1443164	830	-0.0016
COZEN_p_TCGAb56_SNP_2N_GenomeWideSNP_6_E10_667208	10	1443180	1443180	2	-1.8798
COZEN_p_TCGAb56_SNP_2N_GenomeWideSNP_6_E10_667208	10	1443215	2091021	672	0.0325
COZEN_p_TCGAb56_SNP_2N_GenomeWideSNP_6_E10_667208	10	2092776	2093110	2	-1.5688
COZEN_p_TCGAb56_SNP_2N_GenomeWideSNP_6_E10_667208	10	2093707	14625316	10931	0.0189
COZEN_p_TCGAb56_SNP_2N_GenomeWideSNP_6_E10_667208	10	14625801	14626192	3	-1.4029
COZEN_p_TCGAb56_SNP_2N_GenomeWideSNP_6_E10_667208	10	14627846	24375263	6815	0.0255
COZEN_p_TCGAb56_SNP_2N_GenomeWideSNP_6_E10_667208	10	24377674	24379039	15	-1.6798
COZEN_p_TCGAb56_SNP_2N_GenomeWideSNP_6_E10_667208	10	24380660	36273035	8360	0.0237
COZEN_p_TCGAb56_SNP_2N_GenomeWideSNP_6_E10_667208	10	36273389	36276072	2	-1.24
COZEN_p_TCGAb56_SNP_2N_GenomeWideSNP_6_E10_667208	10	36277984	38400535	1366	0.0386
COZEN_p_TCGAb56_SNP_2N_GenomeWideSNP_6_E10_667208	10	38401284	38401451	3	-1.1471
COZEN_p_TCGAb56_SNP_2N_GenomeWideSNP_6_E10_667208	10	38402736	47090863	2725	0.0213
COZEN_p_TCGAb56_SNP_2N_GenomeWideSNP_6_E10_667208	10	47094305	47099869	8	-0.7572
COZEN_p_TCGAb56_SNP_2N_GenomeWideSNP_6_E10_667208	10	47100656	48771950	528	-0.0038
COZEN_p_TCGAb56_SNP_2N_GenomeWideSNP_6_E10_667208	10	48837810	48840627	2	2.3923
COZEN_p_TCGAb56_SNP_2N_GenomeWideSNP_6_E10_667208	10	48883402	49045895	11	0.5197
COZEN_p_TCGAb56_SNP_2N_GenomeWideSNP_6_E10_667208	10	49082219	58512855	6335	0.0349
COZEN_p_TCGAb56_SNP_2N_GenomeWideSNP_6_E10_667208	10	58516375	58525387	32	0.34
COZEN_p_TCGAb56_SNP_2N_GenomeWideSNP_6_E10_667208	10	58525513	67308030	6131	0.0201
COZEN_p_TCGAb56_SNP_2N_GenomeWideSNP_6_E10_667208	10	67308591	67322795	24	-0.5043
COZEN_p_TCGAb56_SNP_2N_GenomeWideSNP_6_E10_667208	10	67322926	124344109	38406	0.026
COZEN_p_TCGAb56_SNP_2N_GenomeWideSNP_6_E10_667208	10	124344223	124351013	5	-1.3163
COZEN_p_TCGAb56_SNP_2N_GenomeWideSNP_6_E10_667208	10	124356812	132358982	6000	0.0371
COZEN_p_TCGAb56_SNP_2N_GenomeWideSNP_6_E10_667208	10	132359315	132372294	13	-0.7061
COZEN_p_TCGAb56_SNP_2N_GenomeWideSNP_6_E10_667208	10	132372664	135506704	1912	-0.0011
COZEN_p_TCGAb56_SNP_2N_GenomeWideSNP_6_E10_667208	11	198510	4967396	2477	0.0031
COZEN_p_TCGAb56_SNP_2N_GenomeWideSNP_6_E10_667208	11	4967650	4976814	40	0.6737
COZEN_p_TCGAb56_SNP_2N_GenomeWideSNP_6_E10_667208	11	4976865	5787405	787	0.0214
COZEN_p_TCGAb56_SNP_2N_GenomeWideSNP_6_E10_667208	11	5788080	5809139	32	-2.9043
COZEN_p_TCGAb56_SNP_2N_GenomeWideSNP_6_E10_667208	11	5809338	18951931	9448	0.0315
COZEN_p_TCGAb56_SNP_2N_GenomeWideSNP_6_E10_667208	11	18952192	18952811	6	-0.7384
COZEN_p_TCGAb56_SNP_2N_GenomeWideSNP_6_E10_667208	11	18952989	48891877	20749	0.0422
COZEN_p_TCGAb56_SNP_2N_GenomeWideSNP_6_E10_667208	11	48891988	48996159	23	-0.4534
COZEN_p_TCGAb56_SNP_2N_GenomeWideSNP_6_E10_667208	11	48997813	50590077	701	0.4168
COZEN_p_TCGAb56_SNP_2N_GenomeWideSNP_6_E10_667208	11	50596337	50769317	21	0.1932
COZEN_p_TCGAb56_SNP_2N_GenomeWideSNP_6_E10_667208	11	51096372	51337258	56	1.7404
COZEN_p_TCGAb56_SNP_2N_GenomeWideSNP_6_E10_667208	11	51352990	51357245	3	-1.2443
COZEN_p_TCGAb56_SNP_2N_GenomeWideSNP_6_E10_667208	11	51375310	55114524	175	1.4228
COZEN_p_TCGAb56_SNP_2N_GenomeWideSNP_6_E10_667208	11	55119267	55376498	163	-0.5675
COZEN_p_TCGAb56_SNP_2N_GenomeWideSNP_6_E10_667208	11	55376511	55453009	50	-2.1549
COZEN_p_TCGAb56_SNP_2N_GenomeWideSNP_6_E10_667208	11	55453576	56517141	714	-0.496
COZEN_p_TCGAb56_SNP_2N_GenomeWideSNP_6_E10_667208	11	56517193	56670390	108	1.2941
COZEN_p_TCGAb56_SNP_2N_GenomeWideSNP_6_E10_667208	11	56670617	56893587	153	1.6678
COZEN_p_TCGAb56_SNP_2N_GenomeWideSNP_6_E10_667208	11	56893600	57859738	520	1.4066
COZEN_p_TCGAb56_SNP_2N_GenomeWideSNP_6_E10_667208	11	57860043	58601975	456	1.7423
COZEN_p_TCGAb56_SNP_2N_GenomeWideSNP_6_E10_667208	11	58602504	59525328	514	1.0548
COZEN_p_TCGAb56_SNP_2N_GenomeWideSNP_6_E10_667208	11	59525741	59622951	77	-0.4641
COZEN_p_TCGAb56_SNP_2N_GenomeWideSNP_6_E10_667208	11	59626011	59839787	130	0.6712
COZEN_p_TCGAb56_SNP_2N_GenomeWideSNP_6_E10_667208	11	59841998	60306905	327	-0.5351
COZEN_p_TCGAb56_SNP_2N_GenomeWideSNP_6_E10_667208	11	60314991	61139266	467	0.0136
COZEN_p_TCGAb56_SNP_2N_GenomeWideSNP_6_E10_667208	11	61144819	62441496	694	-0.5534
COZEN_p_TCGAb56_SNP_2N_GenomeWideSNP_6_E10_667208	11	62444221	62565547	55	-0.055
COZEN_p_TCGAb56_SNP_2N_GenomeWideSNP_6_E10_667208	11	62567436	62782395	112	0.344
COZEN_p_TCGAb56_SNP_2N_GenomeWideSNP_6_E10_667208	11	62782738	62788269	3	1.041
COZEN_p_TCGAb56_SNP_2N_GenomeWideSNP_6_E10_667208	11	62788309	63691938	444	0.3536
COZEN_p_TCGAb56_SNP_2N_GenomeWideSNP_6_E10_667208	11	63692803	69264622	2305	0.0142
COZEN_p_TCGAb56_SNP_2N_GenomeWideSNP_6_E10_667208	11	69267507	70473808	668	1.3989
COZEN_p_TCGAb56_SNP_2N_GenomeWideSNP_6_E10_667208	11	70473994	71748146	745	0.9165
COZEN_p_TCGAb56_SNP_2N_GenomeWideSNP_6_E10_667208	11	71751605	74007515	1076	1.378
COZEN_p_TCGAb56_SNP_2N_GenomeWideSNP_6_E10_667208	11	74008528	81467837	5016	0.0266
COZEN_p_TCGAb56_SNP_2N_GenomeWideSNP_6_E10_667208	11	81470541	82681268	845	-0.535
COZEN_p_TCGAb56_SNP_2N_GenomeWideSNP_6_E10_667208	11	82683599	83690825	644	0.0428
COZEN_p_TCGAb56_SNP_2N_GenomeWideSNP_6_E10_667208	11	83694056	88450023	3278	-0.5296
COZEN_p_TCGAb56_SNP_2N_GenomeWideSNP_6_E10_667208	11	88452161	88681779	154	0.0428
COZEN_p_TCGAb56_SNP_2N_GenomeWideSNP_6_E10_667208	11	88683754	95184355	4292	-0.5316
COZEN_p_TCGAb56_SNP_2N_GenomeWideSNP_6_E10_667208	11	95186029	95186913	4	-2.0334
COZEN_p_TCGAb56_SNP_2N_GenomeWideSNP_6_E10_667208	11	95188170	101594384	4849	-0.5308
COZEN_p_TCGAb56_SNP_2N_GenomeWideSNP_6_E10_667208	11	101597860	101597964	4	1.1784
COZEN_p_TCGAb56_SNP_2N_GenomeWideSNP_6_E10_667208	11	101598212	108839158	4778	-0.5371
COZEN_p_TCGAb56_SNP_2N_GenomeWideSNP_6_E10_667208	11	108843165	110493961	1033	0.041
COZEN_p_TCGAb56_SNP_2N_GenomeWideSNP_6_E10_667208	11	110494627	110494874	2	1.1175
COZEN_p_TCGAb56_SNP_2N_GenomeWideSNP_6_E10_667208	11	110501614	110558860	35	0.041
COZEN_p_TCGAb56_SNP_2N_GenomeWideSNP_6_E10_667208	11	110559620	118171395	5437	-0.535
COZEN_p_TCGAb56_SNP_2N_GenomeWideSNP_6_E10_667208	11	118172364	118259036	38	-0.0467
COZEN_p_TCGAb56_SNP_2N_GenomeWideSNP_6_E10_667208	11	118259765	118349633	98	-0.475
COZEN_p_TCGAb56_SNP_2N_GenomeWideSNP_6_E10_667208	11	118350005	119960837	1036	0.0025
COZEN_p_TCGAb56_SNP_2N_GenomeWideSNP_6_E10_667208	11	119961536	121931636	1413	-0.5433
COZEN_p_TCGAb56_SNP_2N_GenomeWideSNP_6_E10_667208	11	121938527	122193833	191	0.0174
COZEN_p_TCGAb56_SNP_2N_GenomeWideSNP_6_E10_667208	11	122194910	125192281	2248	-0.5299
COZEN_p_TCGAb56_SNP_2N_GenomeWideSNP_6_E10_667208	11	125192310	125192956	3	-1.677
COZEN_p_TCGAb56_SNP_2N_GenomeWideSNP_6_E10_667208	11	125193875	127409500	1674	-0.5391
COZEN_p_TCGAb56_SNP_2N_GenomeWideSNP_6_E10_667208	11	127412922	127470143	51	0.0217
COZEN_p_TCGAb56_SNP_2N_GenomeWideSNP_6_E10_667208	11	127476183	127910623	267	-0.5077
COZEN_p_TCGAb56_SNP_2N_GenomeWideSNP_6_E10_667208	11	127916095	128182642	201	0.0138
COZEN_p_TCGAb56_SNP_2N_GenomeWideSNP_6_E10_667208	11	128189101	128768938	641	-0.5557
COZEN_p_TCGAb56_SNP_2N_GenomeWideSNP_6_E10_667208	11	128769208	129032795	191	0.0019
COZEN_p_TCGAb56_SNP_2N_GenomeWideSNP_6_E10_667208	11	129054559	129878583	495	-0.5338
COZEN_p_TCGAb56_SNP_2N_GenomeWideSNP_6_E10_667208	11	129883298	129968544	46	0.0418
COZEN_p_TCGAb56_SNP_2N_GenomeWideSNP_6_E10_667208	11	129968926	134944770	3873	-0.5471
COZEN_p_TCGAb56_SNP_2N_GenomeWideSNP_6_E10_667208	12	150442	9630556	6206	0.0127
COZEN_p_TCGAb56_SNP_2N_GenomeWideSNP_6_E10_667208	12	9633870	9715565	24	-1.788
COZEN_p_TCGAb56_SNP_2N_GenomeWideSNP_6_E10_667208	12	9728292	16419405	4760	0.014
COZEN_p_TCGAb56_SNP_2N_GenomeWideSNP_6_E10_667208	12	16420987	16421325	2	-1.9858
COZEN_p_TCGAb56_SNP_2N_GenomeWideSNP_6_E10_667208	12	16428557	27645992	7688	0.0222
COZEN_p_TCGAb56_SNP_2N_GenomeWideSNP_6_E10_667208	12	27647741	27651362	28	-0.7759
COZEN_p_TCGAb56_SNP_2N_GenomeWideSNP_6_E10_667208	12	27657161	29270094	1178	0.0137
COZEN_p_TCGAb56_SNP_2N_GenomeWideSNP_6_E10_667208	12	29271305	29271857	4	-0.9091
COZEN_p_TCGAb56_SNP_2N_GenomeWideSNP_6_E10_667208	12	29273302	33294660	2994	0.0216
COZEN_p_TCGAb56_SNP_2N_GenomeWideSNP_6_E10_667208	12	33301406	33307078	26	0.4566
COZEN_p_TCGAb56_SNP_2N_GenomeWideSNP_6_E10_667208	12	33307374	133778189	62201	0.0127
COZEN_p_TCGAb56_SNP_2N_GenomeWideSNP_6_E10_667208	13	19026949	23629187	2897	-0.1286
COZEN_p_TCGAb56_SNP_2N_GenomeWideSNP_6_E10_667208	13	23629210	23633515	13	-2.3153
COZEN_p_TCGAb56_SNP_2N_GenomeWideSNP_6_E10_667208	13	23638195	32532622	6740	-0.1354
COZEN_p_TCGAb56_SNP_2N_GenomeWideSNP_6_E10_667208	13	32532727	32538423	17	-1.4834
COZEN_p_TCGAb56_SNP_2N_GenomeWideSNP_6_E10_667208	13	32540047	38071135	3904	-0.1262
COZEN_p_TCGAb56_SNP_2N_GenomeWideSNP_6_E10_667208	13	38072036	38076287	6	0.2564
COZEN_p_TCGAb56_SNP_2N_GenomeWideSNP_6_E10_667208	13	38076300	38084757	10	0.6417
COZEN_p_TCGAb56_SNP_2N_GenomeWideSNP_6_E10_667208	13	38088330	115108397	50755	-0.1335
COZEN_p_TCGAb56_SNP_2N_GenomeWideSNP_6_E10_667208	14	19002124	19469520	38	0.0702
COZEN_p_TCGAb56_SNP_2N_GenomeWideSNP_6_E10_667208	14	19541714	19846877	26	0.6387
COZEN_p_TCGAb56_SNP_2N_GenomeWideSNP_6_E10_667208	14	19849591	20105491	12	0.0379
COZEN_p_TCGAb56_SNP_2N_GenomeWideSNP_6_E10_667208	14	20118883	20422583	113	0.7122
COZEN_p_TCGAb56_SNP_2N_GenomeWideSNP_6_E10_667208	14	20423372	22393148	1357	0.0285
COZEN_p_TCGAb56_SNP_2N_GenomeWideSNP_6_E10_667208	14	22393359	22394325	10	-0.4575
COZEN_p_TCGAb56_SNP_2N_GenomeWideSNP_6_E10_667208	14	22394384	22970471	505	0.2149
COZEN_p_TCGAb56_SNP_2N_GenomeWideSNP_6_E10_667208	14	22970505	106526966	53126	0.0206
COZEN_p_TCGAb56_SNP_2N_GenomeWideSNP_6_E10_667208	14	106530364	106567100	18	0.8258
COZEN_p_TCGAb56_SNP_2N_GenomeWideSNP_6_E10_667208	14	106569463	106918649	194	0.1893
COZEN_p_TCGAb56_SNP_2N_GenomeWideSNP_6_E10_667208	14	106922531	106943522	8	0.9335
COZEN_p_TCGAb56_SNP_2N_GenomeWideSNP_6_E10_667208	14	106943834	107285437	215	0.0409
COZEN_p_TCGAb56_SNP_2N_GenomeWideSNP_6_E10_667208	15	20016328	20586957	117	-0.007
COZEN_p_TCGAb56_SNP_2N_GenomeWideSNP_6_E10_667208	15	20590027	20590042	2	-2.2224
COZEN_p_TCGAb56_SNP_2N_GenomeWideSNP_6_E10_667208	15	20590160	22293227	194	-0.1856
COZEN_p_TCGAb56_SNP_2N_GenomeWideSNP_6_E10_667208	15	22302006	22587474	108	-0.8194
COZEN_p_TCGAb56_SNP_2N_GenomeWideSNP_6_E10_667208	15	22673399	30519742	4711	0.0339
COZEN_p_TCGAb56_SNP_2N_GenomeWideSNP_6_E10_667208	15	30523088	30590054	23	0.4623
COZEN_p_TCGAb56_SNP_2N_GenomeWideSNP_6_E10_667208	15	30593018	40848351	6962	0.0309
COZEN_p_TCGAb56_SNP_2N_GenomeWideSNP_6_E10_667208	15	40849698	40849828	2	1.3437
COZEN_p_TCGAb56_SNP_2N_GenomeWideSNP_6_E10_667208	15	40851755	65814102	15702	0.0187
COZEN_p_TCGAb56_SNP_2N_GenomeWideSNP_6_E10_667208	15	65816942	65818387	3	-1.0181
COZEN_p_TCGAb56_SNP_2N_GenomeWideSNP_6_E10_667208	15	65822534	81774557	9706	0.017
COZEN_p_TCGAb56_SNP_2N_GenomeWideSNP_6_E10_667208	15	81778698	81778814	2	-1.5206
COZEN_p_TCGAb56_SNP_2N_GenomeWideSNP_6_E10_667208	15	81779386	86508959	2429	0.0246
COZEN_p_TCGAb56_SNP_2N_GenomeWideSNP_6_E10_667208	15	86511894	86521837	8	-0.9924
COZEN_p_TCGAb56_SNP_2N_GenomeWideSNP_6_E10_667208	15	86522213	102469040	12116	0.0241
COZEN_p_TCGAb56_SNP_2N_GenomeWideSNP_6_E10_667208	16	60777	12648859	9434	0.0185
COZEN_p_TCGAb56_SNP_2N_GenomeWideSNP_6_E10_667208	16	12648978	12654504	8	-0.7398
COZEN_p_TCGAb56_SNP_2N_GenomeWideSNP_6_E10_667208	16	12654618	12708859	107	0.07
COZEN_p_TCGAb56_SNP_2N_GenomeWideSNP_6_E10_667208	16	12708878	12714043	14	-0.3859
COZEN_p_TCGAb56_SNP_2N_GenomeWideSNP_6_E10_667208	16	12714112	19944363	3971	0.036
COZEN_p_TCGAb56_SNP_2N_GenomeWideSNP_6_E10_667208	16	19945650	19970254	30	-0.7196
COZEN_p_TCGAb56_SNP_2N_GenomeWideSNP_6_E10_667208	16	19970490	21379451	905	0.0298
COZEN_p_TCGAb56_SNP_2N_GenomeWideSNP_6_E10_667208	16	21389970	21591340	23	-1.1198
COZEN_p_TCGAb56_SNP_2N_GenomeWideSNP_6_E10_667208	16	21593455	22442020	366	0.0261
COZEN_p_TCGAb56_SNP_2N_GenomeWideSNP_6_E10_667208	16	22557932	22704520	71	-0.9583
COZEN_p_TCGAb56_SNP_2N_GenomeWideSNP_6_E10_667208	16	22710742	34459709	5623	0.0228
COZEN_p_TCGAb56_SNP_2N_GenomeWideSNP_6_E10_667208	16	34466571	34757071	169	0.527
COZEN_p_TCGAb56_SNP_2N_GenomeWideSNP_6_E10_667208	16	34760967	34822371	35	0.0831
COZEN_p_TCGAb56_SNP_2N_GenomeWideSNP_6_E10_667208	16	34835095	34903459	15	0.4225
COZEN_p_TCGAb56_SNP_2N_GenomeWideSNP_6_E10_667208	16	34903523	46504414	91	0.0413
COZEN_p_TCGAb56_SNP_2N_GenomeWideSNP_6_E10_667208	16	46507665	52410851	3699	-0.5138
COZEN_p_TCGAb56_SNP_2N_GenomeWideSNP_6_E10_667208	16	52412950	52414691	2	-2.4836
COZEN_p_TCGAb56_SNP_2N_GenomeWideSNP_6_E10_667208	16	52417241	55795048	2761	-0.5203
COZEN_p_TCGAb56_SNP_2N_GenomeWideSNP_6_E10_667208	16	55795214	55822397	22	-1.7156
COZEN_p_TCGAb56_SNP_2N_GenomeWideSNP_6_E10_667208	16	55822444	66050918	6766	-0.5223
COZEN_p_TCGAb56_SNP_2N_GenomeWideSNP_6_E10_667208	16	66053230	66054207	3	-1.8486
COZEN_p_TCGAb56_SNP_2N_GenomeWideSNP_6_E10_667208	16	66054709	70842097	2275	-0.5228
COZEN_p_TCGAb56_SNP_2N_GenomeWideSNP_6_E10_667208	16	70854381	71202489	140	0.2044
COZEN_p_TCGAb56_SNP_2N_GenomeWideSNP_6_E10_667208	16	71202797	78371498	5234	-0.5273
COZEN_p_TCGAb56_SNP_2N_GenomeWideSNP_6_E10_667208	16	78371608	78384738	17	-1.2298
COZEN_p_TCGAb56_SNP_2N_GenomeWideSNP_6_E10_667208	16	78384765	80692380	2758	-0.55
COZEN_p_TCGAb56_SNP_2N_GenomeWideSNP_6_E10_667208	16	80694253	80697219	4	-1.6471
COZEN_p_TCGAb56_SNP_2N_GenomeWideSNP_6_E10_667208	16	80697916	81484570	729	-0.5602
COZEN_p_TCGAb56_SNP_2N_GenomeWideSNP_6_E10_667208	16	81485354	81492311	11	-1.3683
COZEN_p_TCGAb56_SNP_2N_GenomeWideSNP_6_E10_667208	16	81492338	90163721	7122	-0.5632
COZEN_p_TCGAb56_SNP_2N_GenomeWideSNP_6_E10_667208	16	90226124	90287535	3	0.0915
COZEN_p_TCGAb56_SNP_2N_GenomeWideSNP_6_E10_667208	17	526	4115617	2230	-0.0022
COZEN_p_TCGAb56_SNP_2N_GenomeWideSNP_6_E10_667208	17	4117199	4118752	2	-1.4242
COZEN_p_TCGAb56_SNP_2N_GenomeWideSNP_6_E10_667208	17	4119679	18317394	9216	0.019
COZEN_p_TCGAb56_SNP_2N_GenomeWideSNP_6_E10_667208	17	18319862	18510158	38	0.3713
COZEN_p_TCGAb56_SNP_2N_GenomeWideSNP_6_E10_667208	17	18529688	32309653	5384	0.0035
COZEN_p_TCGAb56_SNP_2N_GenomeWideSNP_6_E10_667208	17	32311028	32318673	16	-0.4431
COZEN_p_TCGAb56_SNP_2N_GenomeWideSNP_6_E10_667208	17	32319434	39421708	4098	-0.0027
COZEN_p_TCGAb56_SNP_2N_GenomeWideSNP_6_E10_667208	17	39423014	39430531	24	-0.5529
COZEN_p_TCGAb56_SNP_2N_GenomeWideSNP_6_E10_667208	17	39432724	44163098	2511	-0.0125
COZEN_p_TCGAb56_SNP_2N_GenomeWideSNP_6_E10_667208	17	44165803	44752283	172	0.4469
COZEN_p_TCGAb56_SNP_2N_GenomeWideSNP_6_E10_667208	17	44752300	53623010	5347	0.0152
COZEN_p_TCGAb56_SNP_2N_GenomeWideSNP_6_E10_667208	17	53623116	53626142	2	-1.0825
COZEN_p_TCGAb56_SNP_2N_GenomeWideSNP_6_E10_667208	17	53626164	77243063	14527	0.0115
COZEN_p_TCGAb56_SNP_2N_GenomeWideSNP_6_E10_667208	17	77245660	77246390	3	-2.7484
COZEN_p_TCGAb56_SNP_2N_GenomeWideSNP_6_E10_667208	17	77247044	81049726	1753	-0.0201
COZEN_p_TCGAb56_SNP_2N_GenomeWideSNP_6_E10_667208	18	11543	38260434	22854	0.0325
COZEN_p_TCGAb56_SNP_2N_GenomeWideSNP_6_E10_667208	18	38260448	38265389	17	-0.419
COZEN_p_TCGAb56_SNP_2N_GenomeWideSNP_6_E10_667208	18	38268024	55946756	11954	0.035
COZEN_p_TCGAb56_SNP_2N_GenomeWideSNP_6_E10_667208	18	55946987	55948177	5	-1.1537
COZEN_p_TCGAb56_SNP_2N_GenomeWideSNP_6_E10_667208	18	55952336	66192552	7406	0.0266
COZEN_p_TCGAb56_SNP_2N_GenomeWideSNP_6_E10_667208	18	66193844	66194182	2	-1.6706
COZEN_p_TCGAb56_SNP_2N_GenomeWideSNP_6_E10_667208	18	66194327	66742755	390	0.0165
COZEN_p_TCGAb56_SNP_2N_GenomeWideSNP_6_E10_667208	18	66742788	66757709	42	-0.734
COZEN_p_TCGAb56_SNP_2N_GenomeWideSNP_6_E10_667208	18	66757750	78015057	8174	0.0242
COZEN_p_TCGAb56_SNP_2N_GenomeWideSNP_6_E10_667208	19	90910	367089	75	0.1051
COZEN_p_TCGAb56_SNP_2N_GenomeWideSNP_6_E10_667208	19	376382	388950	4	-0.9035
COZEN_p_TCGAb56_SNP_2N_GenomeWideSNP_6_E10_667208	19	389805	9273800	3335	-0.0155
COZEN_p_TCGAb56_SNP_2N_GenomeWideSNP_6_E10_667208	19	9274672	9278121	5	-1.1834
COZEN_p_TCGAb56_SNP_2N_GenomeWideSNP_6_E10_667208	19	9284760	21814919	6266	-0.0035
COZEN_p_TCGAb56_SNP_2N_GenomeWideSNP_6_E10_667208	19	21815640	21819869	2	-1.5458
COZEN_p_TCGAb56_SNP_2N_GenomeWideSNP_6_E10_667208	19	21820111	24456957	1556	0.0417
COZEN_p_TCGAb56_SNP_2N_GenomeWideSNP_6_E10_667208	19	24460818	24464957	10	-0.584
COZEN_p_TCGAb56_SNP_2N_GenomeWideSNP_6_E10_667208	19	24487682	54591325	15405	0.0083
COZEN_p_TCGAb56_SNP_2N_GenomeWideSNP_6_E10_667208	19	54593737	54593747	2	-1.3115
COZEN_p_TCGAb56_SNP_2N_GenomeWideSNP_6_E10_667208	19	54594087	54701114	49	-0.0557
COZEN_p_TCGAb56_SNP_2N_GenomeWideSNP_6_E10_667208	19	54705207	54705619	2	-1.1573
COZEN_p_TCGAb56_SNP_2N_GenomeWideSNP_6_E10_667208	19	54706422	59097854	2657	3e-04
COZEN_p_TCGAb56_SNP_2N_GenomeWideSNP_6_E10_667208	20	61305	1552503	1185	0.0038
COZEN_p_TCGAb56_SNP_2N_GenomeWideSNP_6_E10_667208	20	1557190	1567721	26	-0.698
COZEN_p_TCGAb56_SNP_2N_GenomeWideSNP_6_E10_667208	20	1567744	1582207	31	-0.1216
COZEN_p_TCGAb56_SNP_2N_GenomeWideSNP_6_E10_667208	20	1590257	1597946	6	0.5319
COZEN_p_TCGAb56_SNP_2N_GenomeWideSNP_6_E10_667208	20	1598106	1993411	341	0.0039
COZEN_p_TCGAb56_SNP_2N_GenomeWideSNP_6_E10_667208	20	1994112	1996770	3	-0.8153
COZEN_p_TCGAb56_SNP_2N_GenomeWideSNP_6_E10_667208	20	1997448	4021135	1334	0.0033
COZEN_p_TCGAb56_SNP_2N_GenomeWideSNP_6_E10_667208	20	4022410	4040740	22	-0.3323
COZEN_p_TCGAb56_SNP_2N_GenomeWideSNP_6_E10_667208	20	4040763	60545587	38578	0.0306
COZEN_p_TCGAb56_SNP_2N_GenomeWideSNP_6_E10_667208	20	60548170	60559084	4	-1.1297
COZEN_p_TCGAb56_SNP_2N_GenomeWideSNP_6_E10_667208	20	60567750	62916068	973	-1e-04
COZEN_p_TCGAb56_SNP_2N_GenomeWideSNP_6_E10_667208	20	62954695	62955538	3	-1.7537
COZEN_p_TCGAb56_SNP_2N_GenomeWideSNP_6_E10_667208	20	62955645	62956153	2	-4.61
COZEN_p_TCGAb56_SNP_2N_GenomeWideSNP_6_E10_667208	21	10736871	14597009	165	0.1052
COZEN_p_TCGAb56_SNP_2N_GenomeWideSNP_6_E10_667208	21	14597032	14603577	3	-1.2479
COZEN_p_TCGAb56_SNP_2N_GenomeWideSNP_6_E10_667208	21	14612609	44968053	22490	0.0227
COZEN_p_TCGAb56_SNP_2N_GenomeWideSNP_6_E10_667208	21	44970873	44972812	2	-3.2252
COZEN_p_TCGAb56_SNP_2N_GenomeWideSNP_6_E10_667208	21	44973667	48096957	1766	-0.0252
COZEN_p_TCGAb56_SNP_2N_GenomeWideSNP_6_E10_667208	22	16052528	21465672	2849	0.0262
COZEN_p_TCGAb56_SNP_2N_GenomeWideSNP_6_E10_667208	22	21465835	21804576	18	0.6482
COZEN_p_TCGAb56_SNP_2N_GenomeWideSNP_6_E10_667208	22	21804595	24271745	1720	0.0204
COZEN_p_TCGAb56_SNP_2N_GenomeWideSNP_6_E10_667208	22	24283016	24330218	26	-0.3776
COZEN_p_TCGAb56_SNP_2N_GenomeWideSNP_6_E10_667208	22	24330269	24331967	2	-3.3531
COZEN_p_TCGAb56_SNP_2N_GenomeWideSNP_6_E10_667208	22	24332625	24344422	5	-0.4056
COZEN_p_TCGAb56_SNP_2N_GenomeWideSNP_6_E10_667208	22	24350529	24396814	19	0.7266
COZEN_p_TCGAb56_SNP_2N_GenomeWideSNP_6_E10_667208	22	24401529	27124169	2241	0.0324
COZEN_p_TCGAb56_SNP_2N_GenomeWideSNP_6_E10_667208	22	27124742	27125838	3	-1.1869
COZEN_p_TCGAb56_SNP_2N_GenomeWideSNP_6_E10_667208	22	27126588	37061163	7352	0.0306
COZEN_p_TCGAb56_SNP_2N_GenomeWideSNP_6_E10_667208	22	37061397	37062530	2	-1.5677
COZEN_p_TCGAb56_SNP_2N_GenomeWideSNP_6_E10_667208	22	37065620	50967032	9179	0.0068
COZEN_p_TCGAb56_SNP_2N_GenomeWideSNP_6_E10_667208	22	50973108	50973116	5	-0.9426
COZEN_p_TCGAb56_SNP_2N_GenomeWideSNP_6_E10_667208	22	50973754	51234455	147	-0.0226
COZEN_p_TCGAb56_SNP_2N_GenomeWideSNP_6_E10_667208	X	168477	17185594	10576	-0.0036
COZEN_p_TCGAb56_SNP_2N_GenomeWideSNP_6_E10_667208	X	17186660	17186843	6	-1.2845
COZEN_p_TCGAb56_SNP_2N_GenomeWideSNP_6_E10_667208	X	17186913	25777670	5167	-0.0055
COZEN_p_TCGAb56_SNP_2N_GenomeWideSNP_6_E10_667208	X	25778220	25778813	4	-1.4974
COZEN_p_TCGAb56_SNP_2N_GenomeWideSNP_6_E10_667208	X	25779585	46029130	12441	0.0104
COZEN_p_TCGAb56_SNP_2N_GenomeWideSNP_6_E10_667208	X	46032465	46032545	2	-1.4553
COZEN_p_TCGAb56_SNP_2N_GenomeWideSNP_6_E10_667208	X	46033408	76349873	11972	0.0145
COZEN_p_TCGAb56_SNP_2N_GenomeWideSNP_6_E10_667208	X	76353650	76523952	18	0.8937
COZEN_p_TCGAb56_SNP_2N_GenomeWideSNP_6_E10_667208	X	76545159	94884201	9667	0.0067
COZEN_p_TCGAb56_SNP_2N_GenomeWideSNP_6_E10_667208	X	94884474	95141553	145	0.6016
COZEN_p_TCGAb56_SNP_2N_GenomeWideSNP_6_E10_667208	X	95141573	114144629	10297	0.0121
COZEN_p_TCGAb56_SNP_2N_GenomeWideSNP_6_E10_667208	X	114146934	114178695	31	-0.2869
COZEN_p_TCGAb56_SNP_2N_GenomeWideSNP_6_E10_667208	X	114178964	115133681	509	0.0244
COZEN_p_TCGAb56_SNP_2N_GenomeWideSNP_6_E10_667208	X	115137955	115150638	7	-1.5334
COZEN_p_TCGAb56_SNP_2N_GenomeWideSNP_6_E10_667208	X	115156419	155182354	23797	0.0111
COZEN_p_TCGAb56_SNP_2N_GenomeWideSNP_6_E10_667208	Y	2650438	59018259	8632	-1.0188
