Sample	Chromosome	Start	End	Num_Probes	Segment_Mean
CROZE_p_TCGA_254_256_255_N_GenomeWideSNP_6_B02_1301310	1	61735	86341	15	0.7779
CROZE_p_TCGA_254_256_255_N_GenomeWideSNP_6_B02_1301310	1	98588	15486454	7943	7e-04
CROZE_p_TCGA_254_256_255_N_GenomeWideSNP_6_B02_1301310	1	15489185	15489931	9	-1.0008
CROZE_p_TCGA_254_256_255_N_GenomeWideSNP_6_B02_1301310	1	15490028	16970456	774	0.0264
CROZE_p_TCGA_254_256_255_N_GenomeWideSNP_6_B02_1301310	1	17005734	17112177	55	-0.6322
CROZE_p_TCGA_254_256_255_N_GenomeWideSNP_6_B02_1301310	1	17114427	25418699	5199	0.0075
CROZE_p_TCGA_254_256_255_N_GenomeWideSNP_6_B02_1301310	1	25423401	25424322	2	-1.9738
CROZE_p_TCGA_254_256_255_N_GenomeWideSNP_6_B02_1301310	1	25424889	25583341	116	-0.0138
CROZE_p_TCGA_254_256_255_N_GenomeWideSNP_6_B02_1301310	1	25593128	25646184	24	-0.4965
CROZE_p_TCGA_254_256_255_N_GenomeWideSNP_6_B02_1301310	1	25646689	35091674	4958	0.018
CROZE_p_TCGA_254_256_255_N_GenomeWideSNP_6_B02_1301310	1	35102654	35104491	20	-0.6774
CROZE_p_TCGA_254_256_255_N_GenomeWideSNP_6_B02_1301310	1	35114268	72763370	23736	0.0049
CROZE_p_TCGA_254_256_255_N_GenomeWideSNP_6_B02_1301310	1	72768418	72811133	47	2.1709
CROZE_p_TCGA_254_256_255_N_GenomeWideSNP_6_B02_1301310	1	72811148	110201580	23537	0.0067
CROZE_p_TCGA_254_256_255_N_GenomeWideSNP_6_B02_1301310	1	110205975	110234628	34	-0.4608
CROZE_p_TCGA_254_256_255_N_GenomeWideSNP_6_B02_1301310	1	110236932	111376220	839	0.0265
CROZE_p_TCGA_254_256_255_N_GenomeWideSNP_6_B02_1301310	1	111377368	111388226	39	-0.6615
CROZE_p_TCGA_254_256_255_N_GenomeWideSNP_6_B02_1301310	1	111392067	152555527	9096	0.0112
CROZE_p_TCGA_254_256_255_N_GenomeWideSNP_6_B02_1301310	1	152555706	152586238	31	1.0566
CROZE_p_TCGA_254_256_255_N_GenomeWideSNP_6_B02_1301310	1	152586278	166548373	9419	0.0052
CROZE_p_TCGA_254_256_255_N_GenomeWideSNP_6_B02_1301310	1	166552201	166552760	5	-1.1067
CROZE_p_TCGA_254_256_255_N_GenomeWideSNP_6_B02_1301310	1	166553095	170367110	2897	0.0042
CROZE_p_TCGA_254_256_255_N_GenomeWideSNP_6_B02_1301310	1	170367650	170387205	24	-1.0112
CROZE_p_TCGA_254_256_255_N_GenomeWideSNP_6_B02_1301310	1	170387331	249224388	53034	0.0077
CROZE_p_TCGA_254_256_255_N_GenomeWideSNP_6_B02_1301310	2	12784	35975973	24896	0.0051
CROZE_p_TCGA_254_256_255_N_GenomeWideSNP_6_B02_1301310	2	35977790	35986908	5	-1.4312
CROZE_p_TCGA_254_256_255_N_GenomeWideSNP_6_B02_1301310	2	35987916	41774436	4334	0.0115
CROZE_p_TCGA_254_256_255_N_GenomeWideSNP_6_B02_1301310	2	41782340	41913162	123	-0.7368
CROZE_p_TCGA_254_256_255_N_GenomeWideSNP_6_B02_1301310	2	41915513	52758768	7636	0.0157
CROZE_p_TCGA_254_256_255_N_GenomeWideSNP_6_B02_1301310	2	52758790	52792937	37	0.4721
CROZE_p_TCGA_254_256_255_N_GenomeWideSNP_6_B02_1301310	2	52793382	86937687	21819	0.0061
CROZE_p_TCGA_254_256_255_N_GenomeWideSNP_6_B02_1301310	2	86953070	86953854	2	2.2262
CROZE_p_TCGA_254_256_255_N_GenomeWideSNP_6_B02_1301310	2	86970406	106874722	7694	0.0045
CROZE_p_TCGA_254_256_255_N_GenomeWideSNP_6_B02_1301310	2	106880095	106884979	10	0.7035
CROZE_p_TCGA_254_256_255_N_GenomeWideSNP_6_B02_1301310	2	106885013	115386847	4448	0.0065
CROZE_p_TCGA_254_256_255_N_GenomeWideSNP_6_B02_1301310	2	115396421	115400999	18	-0.8035
CROZE_p_TCGA_254_256_255_N_GenomeWideSNP_6_B02_1301310	2	115403214	132215697	10258	0.0087
CROZE_p_TCGA_254_256_255_N_GenomeWideSNP_6_B02_1301310	2	132219583	132223048	5	-1.2418
CROZE_p_TCGA_254_256_255_N_GenomeWideSNP_6_B02_1301310	2	132226354	146864443	9105	0.011
CROZE_p_TCGA_254_256_255_N_GenomeWideSNP_6_B02_1301310	2	146864457	146866934	21	0.8669
CROZE_p_TCGA_254_256_255_N_GenomeWideSNP_6_B02_1301310	2	146877806	180061655	20182	0.0053
CROZE_p_TCGA_254_256_255_N_GenomeWideSNP_6_B02_1301310	2	180067192	180079144	3	-2.6407
CROZE_p_TCGA_254_256_255_N_GenomeWideSNP_6_B02_1301310	2	180083591	180413371	217	0.0044
CROZE_p_TCGA_254_256_255_N_GenomeWideSNP_6_B02_1301310	2	180418211	180422121	29	-0.6387
CROZE_p_TCGA_254_256_255_N_GenomeWideSNP_6_B02_1301310	2	180422137	189567787	5359	0.0131
CROZE_p_TCGA_254_256_255_N_GenomeWideSNP_6_B02_1301310	2	189567956	189578833	23	-0.734
CROZE_p_TCGA_254_256_255_N_GenomeWideSNP_6_B02_1301310	2	189579010	243089456	33008	0.0077
CROZE_p_TCGA_254_256_255_N_GenomeWideSNP_6_B02_1301310	3	60345	224602	156	0.0265
CROZE_p_TCGA_254_256_255_N_GenomeWideSNP_6_B02_1301310	3	230022	232800	4	-3.2872
CROZE_p_TCGA_254_256_255_N_GenomeWideSNP_6_B02_1301310	3	234877	46049708	32392	0.0054
CROZE_p_TCGA_254_256_255_N_GenomeWideSNP_6_B02_1301310	3	46049836	46051713	2	-2.0063
CROZE_p_TCGA_254_256_255_N_GenomeWideSNP_6_B02_1301310	3	46051743	89426517	27675	0.0045
CROZE_p_TCGA_254_256_255_N_GenomeWideSNP_6_B02_1301310	3	89426646	89439128	11	-0.6671
CROZE_p_TCGA_254_256_255_N_GenomeWideSNP_6_B02_1301310	3	89444345	95456106	1357	0.0035
CROZE_p_TCGA_254_256_255_N_GenomeWideSNP_6_B02_1301310	3	95466880	95468110	2	-2.234
CROZE_p_TCGA_254_256_255_N_GenomeWideSNP_6_B02_1301310	3	95468680	186405945	55176	0.0075
CROZE_p_TCGA_254_256_255_N_GenomeWideSNP_6_B02_1301310	3	186406123	186406138	2	-2.38
CROZE_p_TCGA_254_256_255_N_GenomeWideSNP_6_B02_1301310	3	186412861	190055162	2739	0.0067
CROZE_p_TCGA_254_256_255_N_GenomeWideSNP_6_B02_1301310	3	190061027	190061950	2	-2.4346
CROZE_p_TCGA_254_256_255_N_GenomeWideSNP_6_B02_1301310	3	190064214	197896118	4676	0.0024
CROZE_p_TCGA_254_256_255_N_GenomeWideSNP_6_B02_1301310	4	12281	176521	121	0.0079
CROZE_p_TCGA_254_256_255_N_GenomeWideSNP_6_B02_1301310	4	182070	183529	3	-1.094
CROZE_p_TCGA_254_256_255_N_GenomeWideSNP_6_B02_1301310	4	190863	3599450	1381	0.0066
CROZE_p_TCGA_254_256_255_N_GenomeWideSNP_6_B02_1301310	4	3599869	3602184	2	-1.8181
CROZE_p_TCGA_254_256_255_N_GenomeWideSNP_6_B02_1301310	4	3609390	10214160	4262	4e-04
CROZE_p_TCGA_254_256_255_N_GenomeWideSNP_6_B02_1301310	4	10223416	10235268	35	1.4564
CROZE_p_TCGA_254_256_255_N_GenomeWideSNP_6_B02_1301310	4	10236142	21372003	8160	0.012
CROZE_p_TCGA_254_256_255_N_GenomeWideSNP_6_B02_1301310	4	21372039	21376851	14	-0.7227
CROZE_p_TCGA_254_256_255_N_GenomeWideSNP_6_B02_1301310	4	21383740	33376583	7953	0.0054
CROZE_p_TCGA_254_256_255_N_GenomeWideSNP_6_B02_1301310	4	33379136	33386186	11	-0.8543
CROZE_p_TCGA_254_256_255_N_GenomeWideSNP_6_B02_1301310	4	33388353	69360489	20185	0.0107
CROZE_p_TCGA_254_256_255_N_GenomeWideSNP_6_B02_1301310	4	69367142	69435612	32	0.6375
CROZE_p_TCGA_254_256_255_N_GenomeWideSNP_6_B02_1301310	4	69435902	69435913	3	-2.2196
CROZE_p_TCGA_254_256_255_N_GenomeWideSNP_6_B02_1301310	4	69436572	69521409	35	0.7297
CROZE_p_TCGA_254_256_255_N_GenomeWideSNP_6_B02_1301310	4	69528959	69668008	58	-0.0604
CROZE_p_TCGA_254_256_255_N_GenomeWideSNP_6_B02_1301310	4	69671389	69717215	29	0.5671
CROZE_p_TCGA_254_256_255_N_GenomeWideSNP_6_B02_1301310	4	69717530	70393780	409	0.0634
CROZE_p_TCGA_254_256_255_N_GenomeWideSNP_6_B02_1301310	4	70394565	70395172	2	-2.3938
CROZE_p_TCGA_254_256_255_N_GenomeWideSNP_6_B02_1301310	4	70395338	83633826	8149	0.0062
CROZE_p_TCGA_254_256_255_N_GenomeWideSNP_6_B02_1301310	4	83637368	83640332	11	-0.9209
CROZE_p_TCGA_254_256_255_N_GenomeWideSNP_6_B02_1301310	4	83641826	86975223	2101	0.0107
CROZE_p_TCGA_254_256_255_N_GenomeWideSNP_6_B02_1301310	4	86976094	86979944	20	-0.5229
CROZE_p_TCGA_254_256_255_N_GenomeWideSNP_6_B02_1301310	4	86980089	111004006	14132	0.0058
CROZE_p_TCGA_254_256_255_N_GenomeWideSNP_6_B02_1301310	4	111004141	111005006	9	-0.8574
CROZE_p_TCGA_254_256_255_N_GenomeWideSNP_6_B02_1301310	4	111006438	151876351	24232	0.0056
CROZE_p_TCGA_254_256_255_N_GenomeWideSNP_6_B02_1301310	4	151876406	151884300	22	-1.9204
CROZE_p_TCGA_254_256_255_N_GenomeWideSNP_6_B02_1301310	4	151884306	156879324	3159	0.0085
CROZE_p_TCGA_254_256_255_N_GenomeWideSNP_6_B02_1301310	4	156879351	156879929	8	-0.8813
CROZE_p_TCGA_254_256_255_N_GenomeWideSNP_6_B02_1301310	4	156880139	172369346	9788	0.0075
CROZE_p_TCGA_254_256_255_N_GenomeWideSNP_6_B02_1301310	4	172374884	172377710	10	1.7982
CROZE_p_TCGA_254_256_255_N_GenomeWideSNP_6_B02_1301310	4	172377724	173422329	631	-0.0126
CROZE_p_TCGA_254_256_255_N_GenomeWideSNP_6_B02_1301310	4	173422341	173453708	11	0.7507
CROZE_p_TCGA_254_256_255_N_GenomeWideSNP_6_B02_1301310	4	173455246	191027923	11827	0.0054
CROZE_p_TCGA_254_256_255_N_GenomeWideSNP_6_B02_1301310	5	15532	800686	342	0.001
CROZE_p_TCGA_254_256_255_N_GenomeWideSNP_6_B02_1301310	5	800839	823599	17	0.7078
CROZE_p_TCGA_254_256_255_N_GenomeWideSNP_6_B02_1301310	5	823770	57955464	35823	0.0031
CROZE_p_TCGA_254_256_255_N_GenomeWideSNP_6_B02_1301310	5	57956826	57959132	24	-0.7608
CROZE_p_TCGA_254_256_255_N_GenomeWideSNP_6_B02_1301310	5	57959692	112100524	31610	0.0062
CROZE_p_TCGA_254_256_255_N_GenomeWideSNP_6_B02_1301310	5	112100548	112100564	2	-2.3
CROZE_p_TCGA_254_256_255_N_GenomeWideSNP_6_B02_1301310	5	112100758	150205500	24278	0.0051
CROZE_p_TCGA_254_256_255_N_GenomeWideSNP_6_B02_1301310	5	150206095	150218604	7	-0.9131
CROZE_p_TCGA_254_256_255_N_GenomeWideSNP_6_B02_1301310	5	150223387	155576586	3683	0.005
CROZE_p_TCGA_254_256_255_N_GenomeWideSNP_6_B02_1301310	5	155577341	155590284	9	-1.337
CROZE_p_TCGA_254_256_255_N_GenomeWideSNP_6_B02_1301310	5	155597454	175460087	13947	0.007
CROZE_p_TCGA_254_256_255_N_GenomeWideSNP_6_B02_1301310	5	175465689	175469507	2	-2.9167
CROZE_p_TCGA_254_256_255_N_GenomeWideSNP_6_B02_1301310	5	175470324	177254965	730	-0.0084
CROZE_p_TCGA_254_256_255_N_GenomeWideSNP_6_B02_1301310	5	177259415	177260330	2	-2.8905
CROZE_p_TCGA_254_256_255_N_GenomeWideSNP_6_B02_1301310	5	177265980	180361838	1802	-0.0033
CROZE_p_TCGA_254_256_255_N_GenomeWideSNP_6_B02_1301310	5	180372168	180418103	22	0.5111
CROZE_p_TCGA_254_256_255_N_GenomeWideSNP_6_B02_1301310	5	180433225	180491474	46	-0.0534
CROZE_p_TCGA_254_256_255_N_GenomeWideSNP_6_B02_1301310	5	180492513	180494266	6	-0.6619
CROZE_p_TCGA_254_256_255_N_GenomeWideSNP_6_B02_1301310	5	180498121	180790320	118	-0.0341
CROZE_p_TCGA_254_256_255_N_GenomeWideSNP_6_B02_1301310	6	149661	29837188	21636	0.005
CROZE_p_TCGA_254_256_255_N_GenomeWideSNP_6_B02_1301310	6	29837314	29849267	14	-1.1642
CROZE_p_TCGA_254_256_255_N_GenomeWideSNP_6_B02_1301310	6	29850196	31286305	668	-0.0092
CROZE_p_TCGA_254_256_255_N_GenomeWideSNP_6_B02_1301310	6	31286531	31296451	9	-1.6342
CROZE_p_TCGA_254_256_255_N_GenomeWideSNP_6_B02_1301310	6	31309924	32454275	503	0.0094
CROZE_p_TCGA_254_256_255_N_GenomeWideSNP_6_B02_1301310	6	32454523	32601317	50	0.5181
CROZE_p_TCGA_254_256_255_N_GenomeWideSNP_6_B02_1301310	6	32602107	65336942	18033	0.0085
CROZE_p_TCGA_254_256_255_N_GenomeWideSNP_6_B02_1301310	6	65347544	65348992	2	3.684
CROZE_p_TCGA_254_256_255_N_GenomeWideSNP_6_B02_1301310	6	65350776	78962626	8888	0.0173
CROZE_p_TCGA_254_256_255_N_GenomeWideSNP_6_B02_1301310	6	78962874	79032317	108	0.3999
CROZE_p_TCGA_254_256_255_N_GenomeWideSNP_6_B02_1301310	6	79032592	171051005	59461	0.0062
CROZE_p_TCGA_254_256_255_N_GenomeWideSNP_6_B02_1301310	7	43355	6122685	3129	-0.004
CROZE_p_TCGA_254_256_255_N_GenomeWideSNP_6_B02_1301310	7	6125381	6135918	7	-1.0577
CROZE_p_TCGA_254_256_255_N_GenomeWideSNP_6_B02_1301310	7	6136863	7095007	398	-0.0196
CROZE_p_TCGA_254_256_255_N_GenomeWideSNP_6_B02_1301310	7	7098430	7110290	2	-1.6787
CROZE_p_TCGA_254_256_255_N_GenomeWideSNP_6_B02_1301310	7	7111051	22434780	12462	0.0161
CROZE_p_TCGA_254_256_255_N_GenomeWideSNP_6_B02_1301310	7	22435472	22436487	2	-2.8121
CROZE_p_TCGA_254_256_255_N_GenomeWideSNP_6_B02_1301310	7	22438754	26132290	2754	0
CROZE_p_TCGA_254_256_255_N_GenomeWideSNP_6_B02_1301310	7	26142392	26145413	4	-2.7492
CROZE_p_TCGA_254_256_255_N_GenomeWideSNP_6_B02_1301310	7	26147219	62365702	21829	0.0046
CROZE_p_TCGA_254_256_255_N_GenomeWideSNP_6_B02_1301310	7	62369833	62369834	2	-1.9613
CROZE_p_TCGA_254_256_255_N_GenomeWideSNP_6_B02_1301310	7	62385277	109441212	26448	0.0072
CROZE_p_TCGA_254_256_255_N_GenomeWideSNP_6_B02_1301310	7	109441244	109453910	11	0.8989
CROZE_p_TCGA_254_256_255_N_GenomeWideSNP_6_B02_1301310	7	109453982	128144866	11389	0.0091
CROZE_p_TCGA_254_256_255_N_GenomeWideSNP_6_B02_1301310	7	128151134	128174892	10	-0.7525
CROZE_p_TCGA_254_256_255_N_GenomeWideSNP_6_B02_1301310	7	128175588	133748997	3262	0.0189
CROZE_p_TCGA_254_256_255_N_GenomeWideSNP_6_B02_1301310	7	133750833	133778468	24	-0.4474
CROZE_p_TCGA_254_256_255_N_GenomeWideSNP_6_B02_1301310	7	133778637	142474939	5708	0.0086
CROZE_p_TCGA_254_256_255_N_GenomeWideSNP_6_B02_1301310	7	142476719	142479531	6	1.2932
CROZE_p_TCGA_254_256_255_N_GenomeWideSNP_6_B02_1301310	7	142479665	142485771	17	0.6341
CROZE_p_TCGA_254_256_255_N_GenomeWideSNP_6_B02_1301310	7	142485785	142486045	4	1.6567
CROZE_p_TCGA_254_256_255_N_GenomeWideSNP_6_B02_1301310	7	142486115	143218858	469	0.0287
CROZE_p_TCGA_254_256_255_N_GenomeWideSNP_6_B02_1301310	7	143218968	143398060	31	0.7063
CROZE_p_TCGA_254_256_255_N_GenomeWideSNP_6_B02_1301310	7	143398219	143452888	28	0.0733
CROZE_p_TCGA_254_256_255_N_GenomeWideSNP_6_B02_1301310	7	143470120	143545705	37	0.6646
CROZE_p_TCGA_254_256_255_N_GenomeWideSNP_6_B02_1301310	7	143546303	149639171	3823	0.0052
CROZE_p_TCGA_254_256_255_N_GenomeWideSNP_6_B02_1301310	7	149639866	149639912	2	-2.3372
CROZE_p_TCGA_254_256_255_N_GenomeWideSNP_6_B02_1301310	7	149642019	149964578	119	-0.0413
CROZE_p_TCGA_254_256_255_N_GenomeWideSNP_6_B02_1301310	7	149967986	149988107	3	-1.0102
CROZE_p_TCGA_254_256_255_N_GenomeWideSNP_6_B02_1301310	7	149992098	152573935	1451	0.0083
CROZE_p_TCGA_254_256_255_N_GenomeWideSNP_6_B02_1301310	7	152578863	152579987	2	-1.7891
CROZE_p_TCGA_254_256_255_N_GenomeWideSNP_6_B02_1301310	7	152586523	159127004	4565	0.0035
CROZE_p_TCGA_254_256_255_N_GenomeWideSNP_6_B02_1301310	8	31254	593041	326	-0.0921
CROZE_p_TCGA_254_256_255_N_GenomeWideSNP_6_B02_1301310	8	594944	595908	10	0.8191
CROZE_p_TCGA_254_256_255_N_GenomeWideSNP_6_B02_1301310	8	601043	2128073	1224	-0.0242
CROZE_p_TCGA_254_256_255_N_GenomeWideSNP_6_B02_1301310	8	2129547	2133375	7	-1.1099
CROZE_p_TCGA_254_256_255_N_GenomeWideSNP_6_B02_1301310	8	2141462	2701934	540	-0.0039
CROZE_p_TCGA_254_256_255_N_GenomeWideSNP_6_B02_1301310	8	2703533	2703899	7	-1.9044
CROZE_p_TCGA_254_256_255_N_GenomeWideSNP_6_B02_1301310	8	2707171	7043340	5660	0.0091
CROZE_p_TCGA_254_256_255_N_GenomeWideSNP_6_B02_1301310	8	7154067	7186646	7	-0.7733
CROZE_p_TCGA_254_256_255_N_GenomeWideSNP_6_B02_1301310	8	7193821	7238019	25	-1.7681
CROZE_p_TCGA_254_256_255_N_GenomeWideSNP_6_B02_1301310	8	7250380	9396185	1478	0.0128
CROZE_p_TCGA_254_256_255_N_GenomeWideSNP_6_B02_1301310	8	9396459	9396649	2	-3.0356
CROZE_p_TCGA_254_256_255_N_GenomeWideSNP_6_B02_1301310	8	9397338	10815917	1158	0.0034
CROZE_p_TCGA_254_256_255_N_GenomeWideSNP_6_B02_1301310	8	10816013	10818657	2	-1.759
CROZE_p_TCGA_254_256_255_N_GenomeWideSNP_6_B02_1301310	8	10820041	11949551	789	0.0014
CROZE_p_TCGA_254_256_255_N_GenomeWideSNP_6_B02_1301310	8	11987726	12001123	6	0.9751
CROZE_p_TCGA_254_256_255_N_GenomeWideSNP_6_B02_1301310	8	12034307	12232281	12	0.0026
CROZE_p_TCGA_254_256_255_N_GenomeWideSNP_6_B02_1301310	8	12232416	12247486	37	-1.4733
CROZE_p_TCGA_254_256_255_N_GenomeWideSNP_6_B02_1301310	8	12260927	13599177	1085	7e-04
CROZE_p_TCGA_254_256_255_N_GenomeWideSNP_6_B02_1301310	8	13599223	13609690	30	-0.5893
CROZE_p_TCGA_254_256_255_N_GenomeWideSNP_6_B02_1301310	8	13609764	16197191	2403	0.0078
CROZE_p_TCGA_254_256_255_N_GenomeWideSNP_6_B02_1301310	8	16206954	16207123	8	-1.4085
CROZE_p_TCGA_254_256_255_N_GenomeWideSNP_6_B02_1301310	8	16212084	40182117	16565	0.0102
CROZE_p_TCGA_254_256_255_N_GenomeWideSNP_6_B02_1301310	8	40183797	40189511	34	-0.7626
CROZE_p_TCGA_254_256_255_N_GenomeWideSNP_6_B02_1301310	8	40192910	51243659	4121	0.0127
CROZE_p_TCGA_254_256_255_N_GenomeWideSNP_6_B02_1301310	8	51244654	51251230	4	-1.0983
CROZE_p_TCGA_254_256_255_N_GenomeWideSNP_6_B02_1301310	8	51251977	53955215	1725	0.0183
CROZE_p_TCGA_254_256_255_N_GenomeWideSNP_6_B02_1301310	8	53959644	53992915	35	-0.8106
CROZE_p_TCGA_254_256_255_N_GenomeWideSNP_6_B02_1301310	8	53999395	62383229	5568	0.0033
CROZE_p_TCGA_254_256_255_N_GenomeWideSNP_6_B02_1301310	8	62383741	62383748	2	-1.8306
CROZE_p_TCGA_254_256_255_N_GenomeWideSNP_6_B02_1301310	8	62384131	85257989	13694	0.01
CROZE_p_TCGA_254_256_255_N_GenomeWideSNP_6_B02_1301310	8	85262883	85268666	19	-0.7699
CROZE_p_TCGA_254_256_255_N_GenomeWideSNP_6_B02_1301310	8	85270682	107858533	13401	0.0063
CROZE_p_TCGA_254_256_255_N_GenomeWideSNP_6_B02_1301310	8	107858549	107862270	12	-0.7204
CROZE_p_TCGA_254_256_255_N_GenomeWideSNP_6_B02_1301310	8	107862339	112291494	2628	0.0054
CROZE_p_TCGA_254_256_255_N_GenomeWideSNP_6_B02_1301310	8	112294279	112295260	10	1.479
CROZE_p_TCGA_254_256_255_N_GenomeWideSNP_6_B02_1301310	8	112300281	120017703	4804	0.0037
CROZE_p_TCGA_254_256_255_N_GenomeWideSNP_6_B02_1301310	8	120021037	120021260	4	-1.4733
CROZE_p_TCGA_254_256_255_N_GenomeWideSNP_6_B02_1301310	8	120028098	140254637	14999	0.0078
CROZE_p_TCGA_254_256_255_N_GenomeWideSNP_6_B02_1301310	8	140254844	140259197	6	-1.1728
CROZE_p_TCGA_254_256_255_N_GenomeWideSNP_6_B02_1301310	8	140259420	146298155	2999	-0.0282
CROZE_p_TCGA_254_256_255_N_GenomeWideSNP_6_B02_1301310	9	46587	23363115	20340	0.0136
CROZE_p_TCGA_254_256_255_N_GenomeWideSNP_6_B02_1301310	9	23363933	23372399	6	0.9892
CROZE_p_TCGA_254_256_255_N_GenomeWideSNP_6_B02_1301310	9	23373484	136182044	56845	0.0082
CROZE_p_TCGA_254_256_255_N_GenomeWideSNP_6_B02_1301310	9	136182409	136182785	7	1.3642
CROZE_p_TCGA_254_256_255_N_GenomeWideSNP_6_B02_1301310	9	136183106	141091394	2289	-0.0192
CROZE_p_TCGA_254_256_255_N_GenomeWideSNP_6_B02_1301310	10	72759	4290814	3566	0.0038
CROZE_p_TCGA_254_256_255_N_GenomeWideSNP_6_B02_1301310	10	4290838	4291016	3	2.787
CROZE_p_TCGA_254_256_255_N_GenomeWideSNP_6_B02_1301310	10	4294071	48736766	28500	0.0049
CROZE_p_TCGA_254_256_255_N_GenomeWideSNP_6_B02_1301310	10	48771950	48958519	10	-0.9234
CROZE_p_TCGA_254_256_255_N_GenomeWideSNP_6_B02_1301310	10	49031175	89046064	26858	0.0116
CROZE_p_TCGA_254_256_255_N_GenomeWideSNP_6_B02_1301310	10	89046498	89069796	3	1.5251
CROZE_p_TCGA_254_256_255_N_GenomeWideSNP_6_B02_1301310	10	89070745	135506704	31664	0.0071
CROZE_p_TCGA_254_256_255_N_GenomeWideSNP_6_B02_1301310	11	198510	4268620	1791	0.0032
CROZE_p_TCGA_254_256_255_N_GenomeWideSNP_6_B02_1301310	11	4269075	4358809	24	0.5403
CROZE_p_TCGA_254_256_255_N_GenomeWideSNP_6_B02_1301310	11	4359056	5875867	1575	0.0019
CROZE_p_TCGA_254_256_255_N_GenomeWideSNP_6_B02_1301310	11	5877187	5883317	4	-1.4589
CROZE_p_TCGA_254_256_255_N_GenomeWideSNP_6_B02_1301310	11	5885711	7814176	1421	0.0139
CROZE_p_TCGA_254_256_255_N_GenomeWideSNP_6_B02_1301310	11	7824310	7832258	4	-1.1181
CROZE_p_TCGA_254_256_255_N_GenomeWideSNP_6_B02_1301310	11	7837009	18940870	7867	0.0089
CROZE_p_TCGA_254_256_255_N_GenomeWideSNP_6_B02_1301310	11	18949072	18961922	55	0.5386
CROZE_p_TCGA_254_256_255_N_GenomeWideSNP_6_B02_1301310	11	18961935	25702237	5301	0.0098
CROZE_p_TCGA_254_256_255_N_GenomeWideSNP_6_B02_1301310	11	25702333	25718845	22	-0.7168
CROZE_p_TCGA_254_256_255_N_GenomeWideSNP_6_B02_1301310	11	25718891	55363340	16394	0.0069
CROZE_p_TCGA_254_256_255_N_GenomeWideSNP_6_B02_1301310	11	55374032	55439990	47	-0.341
CROZE_p_TCGA_254_256_255_N_GenomeWideSNP_6_B02_1301310	11	55442318	89474831	19835	0.0065
CROZE_p_TCGA_254_256_255_N_GenomeWideSNP_6_B02_1301310	11	89487949	89529607	6	-1.2736
CROZE_p_TCGA_254_256_255_N_GenomeWideSNP_6_B02_1301310	11	89535468	129592349	28222	0.0097
CROZE_p_TCGA_254_256_255_N_GenomeWideSNP_6_B02_1301310	11	129593169	129594021	4	-1.3365
CROZE_p_TCGA_254_256_255_N_GenomeWideSNP_6_B02_1301310	11	129597457	134944770	4059	-0.0049
CROZE_p_TCGA_254_256_255_N_GenomeWideSNP_6_B02_1301310	12	150442	8442285	5553	0.0054
CROZE_p_TCGA_254_256_255_N_GenomeWideSNP_6_B02_1301310	12	8449112	8449217	2	1.5698
CROZE_p_TCGA_254_256_255_N_GenomeWideSNP_6_B02_1301310	12	8453466	8556693	38	-4e-04
CROZE_p_TCGA_254_256_255_N_GenomeWideSNP_6_B02_1301310	12	8558488	8558792	3	3.4584
CROZE_p_TCGA_254_256_255_N_GenomeWideSNP_6_B02_1301310	12	8558813	8567624	9	0.9195
CROZE_p_TCGA_254_256_255_N_GenomeWideSNP_6_B02_1301310	12	8567639	27643506	12976	0.0083
CROZE_p_TCGA_254_256_255_N_GenomeWideSNP_6_B02_1301310	12	27645986	27651362	30	-0.62
CROZE_p_TCGA_254_256_255_N_GenomeWideSNP_6_B02_1301310	12	27657161	87314330	35080	0.0118
CROZE_p_TCGA_254_256_255_N_GenomeWideSNP_6_B02_1301310	12	87321308	87394122	36	-0.7385
CROZE_p_TCGA_254_256_255_N_GenomeWideSNP_6_B02_1301310	12	87396030	131147692	29559	0.0066
CROZE_p_TCGA_254_256_255_N_GenomeWideSNP_6_B02_1301310	12	131147957	131150159	18	-0.9873
CROZE_p_TCGA_254_256_255_N_GenomeWideSNP_6_B02_1301310	12	131150369	133778189	1356	-0.0124
CROZE_p_TCGA_254_256_255_N_GenomeWideSNP_6_B02_1301310	13	19026949	20121459	563	-0.0018
CROZE_p_TCGA_254_256_255_N_GenomeWideSNP_6_B02_1301310	13	20123895	20123910	2	1.7658
CROZE_p_TCGA_254_256_255_N_GenomeWideSNP_6_B02_1301310	13	20124501	25155126	3584	0.0089
CROZE_p_TCGA_254_256_255_N_GenomeWideSNP_6_B02_1301310	13	25163220	25189224	18	-0.5305
CROZE_p_TCGA_254_256_255_N_GenomeWideSNP_6_B02_1301310	13	25189282	32532121	5425	0.0146
CROZE_p_TCGA_254_256_255_N_GenomeWideSNP_6_B02_1301310	13	32532622	32538423	18	-0.7056
CROZE_p_TCGA_254_256_255_N_GenomeWideSNP_6_B02_1301310	13	32540047	76109536	27989	0.0105
CROZE_p_TCGA_254_256_255_N_GenomeWideSNP_6_B02_1301310	13	76112700	76117768	10	1.0341
CROZE_p_TCGA_254_256_255_N_GenomeWideSNP_6_B02_1301310	13	76120628	115108397	26279	0.0101
CROZE_p_TCGA_254_256_255_N_GenomeWideSNP_6_B02_1301310	14	19002124	19170412	17	-0.0489
CROZE_p_TCGA_254_256_255_N_GenomeWideSNP_6_B02_1301310	14	19171044	19469520	21	0.6021
CROZE_p_TCGA_254_256_255_N_GenomeWideSNP_6_B02_1301310	14	19541714	21357147	864	-0.0487
CROZE_p_TCGA_254_256_255_N_GenomeWideSNP_6_B02_1301310	14	21362036	21421088	24	-0.8189
CROZE_p_TCGA_254_256_255_N_GenomeWideSNP_6_B02_1301310	14	21424718	21689713	156	-0.0205
CROZE_p_TCGA_254_256_255_N_GenomeWideSNP_6_B02_1301310	14	21691477	21692684	4	-1.0482
CROZE_p_TCGA_254_256_255_N_GenomeWideSNP_6_B02_1301310	14	21695466	106751284	53828	0.0102
CROZE_p_TCGA_254_256_255_N_GenomeWideSNP_6_B02_1301310	14	106753859	106753867	3	1.6983
CROZE_p_TCGA_254_256_255_N_GenomeWideSNP_6_B02_1301310	14	106754003	106796025	16	-0.0884
CROZE_p_TCGA_254_256_255_N_GenomeWideSNP_6_B02_1301310	14	106796228	106802053	6	1.3379
CROZE_p_TCGA_254_256_255_N_GenomeWideSNP_6_B02_1301310	14	106815943	107285437	307	-0.0407
CROZE_p_TCGA_254_256_255_N_GenomeWideSNP_6_B02_1301310	15	20016328	20206939	48	0.0174
CROZE_p_TCGA_254_256_255_N_GenomeWideSNP_6_B02_1301310	15	20216955	20265978	7	-1.4796
CROZE_p_TCGA_254_256_255_N_GenomeWideSNP_6_B02_1301310	15	20267862	20440538	13	-0.2429
CROZE_p_TCGA_254_256_255_N_GenomeWideSNP_6_B02_1301310	15	20446138	20969384	126	0.2998
CROZE_p_TCGA_254_256_255_N_GenomeWideSNP_6_B02_1301310	15	20971266	21150275	67	0.0174
CROZE_p_TCGA_254_256_255_N_GenomeWideSNP_6_B02_1301310	15	21154665	21275684	26	-0.3737
CROZE_p_TCGA_254_256_255_N_GenomeWideSNP_6_B02_1301310	15	21276955	22751094	137	0.4513
CROZE_p_TCGA_254_256_255_N_GenomeWideSNP_6_B02_1301310	15	22751245	24669745	996	-0.0116
CROZE_p_TCGA_254_256_255_N_GenomeWideSNP_6_B02_1301310	15	24674751	24714790	34	-0.593
CROZE_p_TCGA_254_256_255_N_GenomeWideSNP_6_B02_1301310	15	24714839	30545529	3666	7e-04
CROZE_p_TCGA_254_256_255_N_GenomeWideSNP_6_B02_1301310	15	30545725	30552145	3	-2.0101
CROZE_p_TCGA_254_256_255_N_GenomeWideSNP_6_B02_1301310	15	30561567	82895028	32689	0.007
CROZE_p_TCGA_254_256_255_N_GenomeWideSNP_6_B02_1301310	15	82895362	83108839	11	-0.8809
CROZE_p_TCGA_254_256_255_N_GenomeWideSNP_6_B02_1301310	15	83169549	102469040	13942	0.0058
CROZE_p_TCGA_254_256_255_N_GenomeWideSNP_6_B02_1301310	16	60777	61281671	30642	0.0054
CROZE_p_TCGA_254_256_255_N_GenomeWideSNP_6_B02_1301310	16	61286609	70854381	5595	-0.6611
CROZE_p_TCGA_254_256_255_N_GenomeWideSNP_6_B02_1301310	16	70855202	71202489	138	-0.3769
CROZE_p_TCGA_254_256_255_N_GenomeWideSNP_6_B02_1301310	16	71202797	76279701	3205	-0.6674
CROZE_p_TCGA_254_256_255_N_GenomeWideSNP_6_B02_1301310	16	76281066	86967139	10977	-1e-04
CROZE_p_TCGA_254_256_255_N_GenomeWideSNP_6_B02_1301310	16	86969592	86970534	2	-2.2615
CROZE_p_TCGA_254_256_255_N_GenomeWideSNP_6_B02_1301310	16	86970995	90287535	1613	-0.045
CROZE_p_TCGA_254_256_255_N_GenomeWideSNP_6_B02_1301310	17	526	15482515	9967	0.0106
CROZE_p_TCGA_254_256_255_N_GenomeWideSNP_6_B02_1301310	17	15483621	15490151	4	-2.6403
CROZE_p_TCGA_254_256_255_N_GenomeWideSNP_6_B02_1301310	17	15491122	16657331	485	0.0147
CROZE_p_TCGA_254_256_255_N_GenomeWideSNP_6_B02_1301310	17	16662914	16741528	14	-0.8284
CROZE_p_TCGA_254_256_255_N_GenomeWideSNP_6_B02_1301310	17	16741784	81049726	34642	0.005
CROZE_p_TCGA_254_256_255_N_GenomeWideSNP_6_B02_1301310	18	11543	11860616	8624	0.0097
CROZE_p_TCGA_254_256_255_N_GenomeWideSNP_6_B02_1301310	18	11865892	11866641	2	-2.4521
CROZE_p_TCGA_254_256_255_N_GenomeWideSNP_6_B02_1301310	18	11867297	20053368	2479	0.006
CROZE_p_TCGA_254_256_255_N_GenomeWideSNP_6_B02_1301310	18	20054211	20065977	11	-0.9941
CROZE_p_TCGA_254_256_255_N_GenomeWideSNP_6_B02_1301310	18	20068749	38260480	11605	0.0051
CROZE_p_TCGA_254_256_255_N_GenomeWideSNP_6_B02_1301310	18	38260490	38265389	14	0.7955
CROZE_p_TCGA_254_256_255_N_GenomeWideSNP_6_B02_1301310	18	38269498	51983141	9358	0.0058
CROZE_p_TCGA_254_256_255_N_GenomeWideSNP_6_B02_1301310	18	51984347	51984564	2	-1.6123
CROZE_p_TCGA_254_256_255_N_GenomeWideSNP_6_B02_1301310	18	51986958	63767140	8099	0.0113
CROZE_p_TCGA_254_256_255_N_GenomeWideSNP_6_B02_1301310	18	63767288	63767922	2	-2.2024
CROZE_p_TCGA_254_256_255_N_GenomeWideSNP_6_B02_1301310	18	63775595	65298258	1023	0.0058
CROZE_p_TCGA_254_256_255_N_GenomeWideSNP_6_B02_1301310	18	65304182	65312029	9	-1.0189
CROZE_p_TCGA_254_256_255_N_GenomeWideSNP_6_B02_1301310	18	65315347	78015057	9287	0.0076
CROZE_p_TCGA_254_256_255_N_GenomeWideSNP_6_B02_1301310	19	90910	6469847	2034	0.007
CROZE_p_TCGA_254_256_255_N_GenomeWideSNP_6_B02_1301310	19	6479571	6480965	2	-2.0075
CROZE_p_TCGA_254_256_255_N_GenomeWideSNP_6_B02_1301310	19	6481122	43697333	18651	0.0075
CROZE_p_TCGA_254_256_255_N_GenomeWideSNP_6_B02_1301310	19	43703033	43756237	22	-0.6678
CROZE_p_TCGA_254_256_255_N_GenomeWideSNP_6_B02_1301310	19	43766659	53178609	4864	0.0096
CROZE_p_TCGA_254_256_255_N_GenomeWideSNP_6_B02_1301310	19	53180954	53181334	2	-1.9438
CROZE_p_TCGA_254_256_255_N_GenomeWideSNP_6_B02_1301310	19	53182298	58343425	3254	0.0029
CROZE_p_TCGA_254_256_255_N_GenomeWideSNP_6_B02_1301310	19	58344173	58352289	2	-1.7625
CROZE_p_TCGA_254_256_255_N_GenomeWideSNP_6_B02_1301310	19	58352522	58433317	43	0.055
CROZE_p_TCGA_254_256_255_N_GenomeWideSNP_6_B02_1301310	19	58433854	58436229	5	-0.9128
CROZE_p_TCGA_254_256_255_N_GenomeWideSNP_6_B02_1301310	19	58439921	59097854	369	4e-04
CROZE_p_TCGA_254_256_255_N_GenomeWideSNP_6_B02_1301310	20	61305	1560999	1201	-0.0191
CROZE_p_TCGA_254_256_255_N_GenomeWideSNP_6_B02_1301310	20	1561580	1593893	41	1.6025
CROZE_p_TCGA_254_256_255_N_GenomeWideSNP_6_B02_1301310	20	1597946	15300993	10323	0.0112
CROZE_p_TCGA_254_256_255_N_GenomeWideSNP_6_B02_1301310	20	15301374	15317978	24	-0.7432
CROZE_p_TCGA_254_256_255_N_GenomeWideSNP_6_B02_1301310	20	15322091	29443421	8351	0.0071
CROZE_p_TCGA_254_256_255_N_GenomeWideSNP_6_B02_1301310	20	29448955	29601779	43	-0.3668
CROZE_p_TCGA_254_256_255_N_GenomeWideSNP_6_B02_1301310	20	29609245	55899709	17569	0.0121
CROZE_p_TCGA_254_256_255_N_GenomeWideSNP_6_B02_1301310	20	55903453	55909398	2	-1.6363
CROZE_p_TCGA_254_256_255_N_GenomeWideSNP_6_B02_1301310	20	55912759	62956153	4702	1e-04
CROZE_p_TCGA_254_256_255_N_GenomeWideSNP_6_B02_1301310	21	10736871	24175508	6795	0.0125
CROZE_p_TCGA_254_256_255_N_GenomeWideSNP_6_B02_1301310	21	24175697	24207544	21	-0.8657
CROZE_p_TCGA_254_256_255_N_GenomeWideSNP_6_B02_1301310	21	24210783	25158976	786	0.0308
CROZE_p_TCGA_254_256_255_N_GenomeWideSNP_6_B02_1301310	21	25162555	25163517	3	-1.4103
CROZE_p_TCGA_254_256_255_N_GenomeWideSNP_6_B02_1301310	21	25163615	43743039	14088	0.0048
CROZE_p_TCGA_254_256_255_N_GenomeWideSNP_6_B02_1301310	21	43743326	43743542	2	-2.0995
CROZE_p_TCGA_254_256_255_N_GenomeWideSNP_6_B02_1301310	21	43744318	48096957	2579	-1e-04
CROZE_p_TCGA_254_256_255_N_GenomeWideSNP_6_B02_1301310	22	16052528	24157250	4482	-0.2286
CROZE_p_TCGA_254_256_255_N_GenomeWideSNP_6_B02_1301310	22	24163003	24165088	2	-1.9514
CROZE_p_TCGA_254_256_255_N_GenomeWideSNP_6_B02_1301310	22	24165347	25652183	956	-0.1997
CROZE_p_TCGA_254_256_255_N_GenomeWideSNP_6_B02_1301310	22	25656233	25656250	2	-1.8859
CROZE_p_TCGA_254_256_255_N_GenomeWideSNP_6_B02_1301310	22	25658525	28003266	2400	-0.1815
CROZE_p_TCGA_254_256_255_N_GenomeWideSNP_6_B02_1301310	22	28005749	28006752	2	-1.9847
CROZE_p_TCGA_254_256_255_N_GenomeWideSNP_6_B02_1301310	22	28011046	39363619	7623	-0.182
CROZE_p_TCGA_254_256_255_N_GenomeWideSNP_6_B02_1301310	22	39363684	39375307	23	0.4136
CROZE_p_TCGA_254_256_255_N_GenomeWideSNP_6_B02_1301310	22	39389628	42897282	1891	-0.1758
CROZE_p_TCGA_254_256_255_N_GenomeWideSNP_6_B02_1301310	22	42899440	42934462	21	0.6408
CROZE_p_TCGA_254_256_255_N_GenomeWideSNP_6_B02_1301310	22	42942962	45135806	1630	-0.1713
CROZE_p_TCGA_254_256_255_N_GenomeWideSNP_6_B02_1301310	22	45136311	45136635	2	-2.2298
CROZE_p_TCGA_254_256_255_N_GenomeWideSNP_6_B02_1301310	22	45136906	51234455	4451	-0.1969
CROZE_p_TCGA_254_256_255_N_GenomeWideSNP_6_B02_1301310	X	168477	13481630	8142	0.0011
CROZE_p_TCGA_254_256_255_N_GenomeWideSNP_6_B02_1301310	X	13482558	13482691	2	-2.0956
CROZE_p_TCGA_254_256_255_N_GenomeWideSNP_6_B02_1301310	X	13483573	22873915	5622	-5e-04
CROZE_p_TCGA_254_256_255_N_GenomeWideSNP_6_B02_1301310	X	22873931	22873945	2	-2.7959
CROZE_p_TCGA_254_256_255_N_GenomeWideSNP_6_B02_1301310	X	22880337	68515636	22672	0.008
CROZE_p_TCGA_254_256_255_N_GenomeWideSNP_6_B02_1301310	X	68515784	68518597	2	-2.1577
CROZE_p_TCGA_254_256_255_N_GenomeWideSNP_6_B02_1301310	X	68521014	140647123	38771	0.0025
CROZE_p_TCGA_254_256_255_N_GenomeWideSNP_6_B02_1301310	X	140647163	140666298	2	-2.2125
CROZE_p_TCGA_254_256_255_N_GenomeWideSNP_6_B02_1301310	X	140673384	154779497	8829	-0.0012
CROZE_p_TCGA_254_256_255_N_GenomeWideSNP_6_B02_1301310	X	154779777	154780682	10	-0.7691
CROZE_p_TCGA_254_256_255_N_GenomeWideSNP_6_B02_1301310	X	154783013	155182354	100	-0.0104
CROZE_p_TCGA_254_256_255_N_GenomeWideSNP_6_B02_1301310	Y	2650438	2905717	126	-2.7592
CROZE_p_TCGA_254_256_255_N_GenomeWideSNP_6_B02_1301310	Y	2905996	6087220	736	-2.3513
CROZE_p_TCGA_254_256_255_N_GenomeWideSNP_6_B02_1301310	Y	6091121	19034392	4541	-2.8822
CROZE_p_TCGA_254_256_255_N_GenomeWideSNP_6_B02_1301310	Y	19038302	21024613	927	-3.2901
CROZE_p_TCGA_254_256_255_N_GenomeWideSNP_6_B02_1301310	Y	21025062	23859163	1085	-2.9104
CROZE_p_TCGA_254_256_255_N_GenomeWideSNP_6_B02_1301310	Y	23859468	27436702	689	-3.3148
CROZE_p_TCGA_254_256_255_N_GenomeWideSNP_6_B02_1301310	Y	27444915	27720551	91	-2.6996
CROZE_p_TCGA_254_256_255_N_GenomeWideSNP_6_B02_1301310	Y	27721084	28423938	251	-3.351
CROZE_p_TCGA_254_256_255_N_GenomeWideSNP_6_B02_1301310	Y	28438116	59018259	183	-2.6891
