Sample	Chromosome	Start	End	Num_Probes	Segment_Mean
CROZE_p_TCGA_254_256_255_N_GenomeWideSNP_6_C01_1301330	1	61735	17190862	8808	-0.0211
CROZE_p_TCGA_254_256_255_N_GenomeWideSNP_6_C01_1301330	1	17195155	17262232	60	-0.6042
CROZE_p_TCGA_254_256_255_N_GenomeWideSNP_6_C01_1301330	1	17262247	25574707	5246	-0.0119
CROZE_p_TCGA_254_256_255_N_GenomeWideSNP_6_C01_1301330	1	25582629	25685844	47	-0.3107
CROZE_p_TCGA_254_256_255_N_GenomeWideSNP_6_C01_1301330	1	25687199	30731522	2373	6e-04
CROZE_p_TCGA_254_256_255_N_GenomeWideSNP_6_C01_1301330	1	30731577	30741496	13	-0.5502
CROZE_p_TCGA_254_256_255_N_GenomeWideSNP_6_C01_1301330	1	30741950	72768418	26309	-0.0024
CROZE_p_TCGA_254_256_255_N_GenomeWideSNP_6_C01_1301330	1	72768498	72811148	47	1.0804
CROZE_p_TCGA_254_256_255_N_GenomeWideSNP_6_C01_1301330	1	72811904	106019370	20900	3e-04
CROZE_p_TCGA_254_256_255_N_GenomeWideSNP_6_C01_1301330	1	106019483	106022375	13	0.8651
CROZE_p_TCGA_254_256_255_N_GenomeWideSNP_6_C01_1301330	1	106024055	110227515	2653	0.0046
CROZE_p_TCGA_254_256_255_N_GenomeWideSNP_6_C01_1301330	1	110232974	110240178	16	1.2832
CROZE_p_TCGA_254_256_255_N_GenomeWideSNP_6_C01_1301330	1	110242953	112690326	1944	0.0085
CROZE_p_TCGA_254_256_255_N_GenomeWideSNP_6_C01_1301330	1	112695965	112706213	37	-0.3762
CROZE_p_TCGA_254_256_255_N_GenomeWideSNP_6_C01_1301330	1	112706218	152555527	7988	-0.0022
CROZE_p_TCGA_254_256_255_N_GenomeWideSNP_6_C01_1301330	1	152555706	152586594	35	0.9824
CROZE_p_TCGA_254_256_255_N_GenomeWideSNP_6_C01_1301330	1	152590494	152762008	173	-0.035
CROZE_p_TCGA_254_256_255_N_GenomeWideSNP_6_C01_1301330	1	152762046	152768700	33	-0.4397
CROZE_p_TCGA_254_256_255_N_GenomeWideSNP_6_C01_1301330	1	152773905	174797333	14761	7e-04
CROZE_p_TCGA_254_256_255_N_GenomeWideSNP_6_C01_1301330	1	174797385	174797448	2	1.307
CROZE_p_TCGA_254_256_255_N_GenomeWideSNP_6_C01_1301330	1	174797505	210071062	23452	-0.0014
CROZE_p_TCGA_254_256_255_N_GenomeWideSNP_6_C01_1301330	1	210081613	210082065	2	-1.7702
CROZE_p_TCGA_254_256_255_N_GenomeWideSNP_6_C01_1301330	1	210083984	220223912	7082	0.0048
CROZE_p_TCGA_254_256_255_N_GenomeWideSNP_6_C01_1301330	1	220227521	220240997	7	-1.283
CROZE_p_TCGA_254_256_255_N_GenomeWideSNP_6_C01_1301330	1	220244204	223020504	1814	0.0055
CROZE_p_TCGA_254_256_255_N_GenomeWideSNP_6_C01_1301330	1	223022923	223023604	2	-2.3124
CROZE_p_TCGA_254_256_255_N_GenomeWideSNP_6_C01_1301330	1	223023769	249224388	18062	0.0043
CROZE_p_TCGA_254_256_255_N_GenomeWideSNP_6_C01_1301330	2	12784	4205687	2980	-0.011
CROZE_p_TCGA_254_256_255_N_GenomeWideSNP_6_C01_1301330	2	4213864	4223167	36	-2.0338
CROZE_p_TCGA_254_256_255_N_GenomeWideSNP_6_C01_1301330	2	4223512	35975973	21884	0.0079
CROZE_p_TCGA_254_256_255_N_GenomeWideSNP_6_C01_1301330	2	35977790	35987916	6	-1.5022
CROZE_p_TCGA_254_256_255_N_GenomeWideSNP_6_C01_1301330	2	35987947	52265663	11779	0.0069
CROZE_p_TCGA_254_256_255_N_GenomeWideSNP_6_C01_1301330	2	52266907	52273900	2	-1.5587
CROZE_p_TCGA_254_256_255_N_GenomeWideSNP_6_C01_1301330	2	52274829	52743925	309	0.0022
CROZE_p_TCGA_254_256_255_N_GenomeWideSNP_6_C01_1301330	2	52754468	52781542	40	0.4492
CROZE_p_TCGA_254_256_255_N_GenomeWideSNP_6_C01_1301330	2	52787949	106880095	29532	0.008
CROZE_p_TCGA_254_256_255_N_GenomeWideSNP_6_C01_1301330	2	106880713	106887255	12	0.7667
CROZE_p_TCGA_254_256_255_N_GenomeWideSNP_6_C01_1301330	2	106887408	129638478	13386	-2e-04
CROZE_p_TCGA_254_256_255_N_GenomeWideSNP_6_C01_1301330	2	129638502	129639236	12	-0.5954
CROZE_p_TCGA_254_256_255_N_GenomeWideSNP_6_C01_1301330	2	129640297	134912243	3033	-0.0046
CROZE_p_TCGA_254_256_255_N_GenomeWideSNP_6_C01_1301330	2	134912262	134912471	2	-1.6758
CROZE_p_TCGA_254_256_255_N_GenomeWideSNP_6_C01_1301330	2	134912940	146862085	7397	0.01
CROZE_p_TCGA_254_256_255_N_GenomeWideSNP_6_C01_1301330	2	146864404	146866934	24	0.805
CROZE_p_TCGA_254_256_255_N_GenomeWideSNP_6_C01_1301330	2	146877806	184794400	23178	0.0086
CROZE_p_TCGA_254_256_255_N_GenomeWideSNP_6_C01_1301330	2	184794514	184802441	16	-0.7859
CROZE_p_TCGA_254_256_255_N_GenomeWideSNP_6_C01_1301330	2	184808589	208350754	13593	0.006
CROZE_p_TCGA_254_256_255_N_GenomeWideSNP_6_C01_1301330	2	208354912	208359336	18	-0.7183
CROZE_p_TCGA_254_256_255_N_GenomeWideSNP_6_C01_1301330	2	208359476	243089456	22028	0.004
CROZE_p_TCGA_254_256_255_N_GenomeWideSNP_6_C01_1301330	3	60345	224602	156	0.0432
CROZE_p_TCGA_254_256_255_N_GenomeWideSNP_6_C01_1301330	3	230022	232800	4	-1.0736
CROZE_p_TCGA_254_256_255_N_GenomeWideSNP_6_C01_1301330	3	234877	37982672	27346	0.0065
CROZE_p_TCGA_254_256_255_N_GenomeWideSNP_6_C01_1301330	3	37982757	37986928	15	-0.8204
CROZE_p_TCGA_254_256_255_N_GenomeWideSNP_6_C01_1301330	3	37987106	68746164	20051	1e-04
CROZE_p_TCGA_254_256_255_N_GenomeWideSNP_6_C01_1301330	3	68746259	68747413	14	-1.3274
CROZE_p_TCGA_254_256_255_N_GenomeWideSNP_6_C01_1301330	3	68748758	75568549	4908	0.0077
CROZE_p_TCGA_254_256_255_N_GenomeWideSNP_6_C01_1301330	3	75572549	75649234	16	0.5007
CROZE_p_TCGA_254_256_255_N_GenomeWideSNP_6_C01_1301330	3	75656071	82200469	3710	0.0022
CROZE_p_TCGA_254_256_255_N_GenomeWideSNP_6_C01_1301330	3	82203545	82204020	2	-1.642
CROZE_p_TCGA_254_256_255_N_GenomeWideSNP_6_C01_1301330	3	82206537	110024924	13841	0.0056
CROZE_p_TCGA_254_256_255_N_GenomeWideSNP_6_C01_1301330	3	110024947	110024964	2	-3.3921
CROZE_p_TCGA_254_256_255_N_GenomeWideSNP_6_C01_1301330	3	110027465	117802643	5048	0.006
CROZE_p_TCGA_254_256_255_N_GenomeWideSNP_6_C01_1301330	3	117802895	117803574	2	-1.3678
CROZE_p_TCGA_254_256_255_N_GenomeWideSNP_6_C01_1301330	3	117804154	129766586	7016	-0.0083
CROZE_p_TCGA_254_256_255_N_GenomeWideSNP_6_C01_1301330	3	129775858	129806236	50	-1.3219
CROZE_p_TCGA_254_256_255_N_GenomeWideSNP_6_C01_1301330	3	129806924	146474143	10407	-0.0014
CROZE_p_TCGA_254_256_255_N_GenomeWideSNP_6_C01_1301330	3	146474323	146476483	3	-1.0845
CROZE_p_TCGA_254_256_255_N_GenomeWideSNP_6_C01_1301330	3	146477052	148962976	1452	0.0177
CROZE_p_TCGA_254_256_255_N_GenomeWideSNP_6_C01_1301330	3	148963395	148968121	25	-0.7624
CROZE_p_TCGA_254_256_255_N_GenomeWideSNP_6_C01_1301330	3	148971080	192383632	27084	0.0045
CROZE_p_TCGA_254_256_255_N_GenomeWideSNP_6_C01_1301330	3	192388234	192390777	4	-1.1805
CROZE_p_TCGA_254_256_255_N_GenomeWideSNP_6_C01_1301330	3	192392367	197896118	3062	-0.0058
CROZE_p_TCGA_254_256_255_N_GenomeWideSNP_6_C01_1301330	4	12281	10210390	5769	-0.0233
CROZE_p_TCGA_254_256_255_N_GenomeWideSNP_6_C01_1301330	4	10214160	10245898	45	0.3858
CROZE_p_TCGA_254_256_255_N_GenomeWideSNP_6_C01_1301330	4	10247512	10392354	162	0.0113
CROZE_p_TCGA_254_256_255_N_GenomeWideSNP_6_C01_1301330	4	10393154	10400668	15	-0.7415
CROZE_p_TCGA_254_256_255_N_GenomeWideSNP_6_C01_1301330	4	10402718	34779040	16718	-1e-04
CROZE_p_TCGA_254_256_255_N_GenomeWideSNP_6_C01_1301330	4	34779054	34819211	36	-0.6753
CROZE_p_TCGA_254_256_255_N_GenomeWideSNP_6_C01_1301330	4	34821340	35183698	242	-0.0113
CROZE_p_TCGA_254_256_255_N_GenomeWideSNP_6_C01_1301330	4	35184363	35186912	3	-1.153
CROZE_p_TCGA_254_256_255_N_GenomeWideSNP_6_C01_1301330	4	35187082	38454037	2336	-0.008
CROZE_p_TCGA_254_256_255_N_GenomeWideSNP_6_C01_1301330	4	38456747	38469706	12	-0.8054
CROZE_p_TCGA_254_256_255_N_GenomeWideSNP_6_C01_1301330	4	38474393	48257615	5968	0
CROZE_p_TCGA_254_256_255_N_GenomeWideSNP_6_C01_1301330	4	48259825	48259925	2	-1.3611
CROZE_p_TCGA_254_256_255_N_GenomeWideSNP_6_C01_1301330	4	48260003	49267848	380	0.012
CROZE_p_TCGA_254_256_255_N_GenomeWideSNP_6_C01_1301330	4	49291192	49291355	2	-1.3984
CROZE_p_TCGA_254_256_255_N_GenomeWideSNP_6_C01_1301330	4	49297220	63667834	6992	3e-04
CROZE_p_TCGA_254_256_255_N_GenomeWideSNP_6_C01_1301330	4	63669936	63671662	8	-1.811
CROZE_p_TCGA_254_256_255_N_GenomeWideSNP_6_C01_1301330	4	63679630	69372003	3447	-0.0039
CROZE_p_TCGA_254_256_255_N_GenomeWideSNP_6_C01_1301330	4	69374941	69489335	65	0.7971
CROZE_p_TCGA_254_256_255_N_GenomeWideSNP_6_C01_1301330	4	69505115	104751631	21302	0.0035
CROZE_p_TCGA_254_256_255_N_GenomeWideSNP_6_C01_1301330	4	104751634	104751637	3	1.4378
CROZE_p_TCGA_254_256_255_N_GenomeWideSNP_6_C01_1301330	4	104751644	115173700	6282	0.0099
CROZE_p_TCGA_254_256_255_N_GenomeWideSNP_6_C01_1301330	4	115175323	115184252	25	0.594
CROZE_p_TCGA_254_256_255_N_GenomeWideSNP_6_C01_1301330	4	115184266	130062751	8688	0.0069
CROZE_p_TCGA_254_256_255_N_GenomeWideSNP_6_C01_1301330	4	130067546	130068160	2	-1.9761
CROZE_p_TCGA_254_256_255_N_GenomeWideSNP_6_C01_1301330	4	130072563	152789786	13341	0.0048
CROZE_p_TCGA_254_256_255_N_GenomeWideSNP_6_C01_1301330	4	152791533	152792567	12	-1.2019
CROZE_p_TCGA_254_256_255_N_GenomeWideSNP_6_C01_1301330	4	152792891	161880141	5843	0.0079
CROZE_p_TCGA_254_256_255_N_GenomeWideSNP_6_C01_1301330	4	161880197	161884908	18	-1.99
CROZE_p_TCGA_254_256_255_N_GenomeWideSNP_6_C01_1301330	4	161884919	172987928	7042	0.0065
CROZE_p_TCGA_254_256_255_N_GenomeWideSNP_6_C01_1301330	4	172989148	172989533	12	-1.6472
CROZE_p_TCGA_254_256_255_N_GenomeWideSNP_6_C01_1301330	4	172995979	191027923	12065	0.0064
CROZE_p_TCGA_254_256_255_N_GenomeWideSNP_6_C01_1301330	5	15532	728979	319	-0.0671
CROZE_p_TCGA_254_256_255_N_GenomeWideSNP_6_C01_1301330	5	731769	818541	34	-0.3776
CROZE_p_TCGA_254_256_255_N_GenomeWideSNP_6_C01_1301330	5	818755	9331477	7145	-0.006
CROZE_p_TCGA_254_256_255_N_GenomeWideSNP_6_C01_1301330	5	9331848	9357103	35	-0.2838
CROZE_p_TCGA_254_256_255_N_GenomeWideSNP_6_C01_1301330	5	9361790	15716127	4620	0.0027
CROZE_p_TCGA_254_256_255_N_GenomeWideSNP_6_C01_1301330	5	15718492	15720478	11	-0.7465
CROZE_p_TCGA_254_256_255_N_GenomeWideSNP_6_C01_1301330	5	15720597	26523144	6503	0.0083
CROZE_p_TCGA_254_256_255_N_GenomeWideSNP_6_C01_1301330	5	26523363	26523925	5	-0.8926
CROZE_p_TCGA_254_256_255_N_GenomeWideSNP_6_C01_1301330	5	26530414	38064232	7436	0.0055
CROZE_p_TCGA_254_256_255_N_GenomeWideSNP_6_C01_1301330	5	38068697	38069732	2	-1.4417
CROZE_p_TCGA_254_256_255_N_GenomeWideSNP_6_C01_1301330	5	38070072	46251306	4545	0.0059
CROZE_p_TCGA_254_256_255_N_GenomeWideSNP_6_C01_1301330	5	46271008	46273502	8	1.0185
CROZE_p_TCGA_254_256_255_N_GenomeWideSNP_6_C01_1301330	5	46278212	57321586	5050	0.0036
CROZE_p_TCGA_254_256_255_N_GenomeWideSNP_6_C01_1301330	5	57321646	57332554	27	-0.3452
CROZE_p_TCGA_254_256_255_N_GenomeWideSNP_6_C01_1301330	5	57332644	68846303	7265	0.0086
CROZE_p_TCGA_254_256_255_N_GenomeWideSNP_6_C01_1301330	5	68867294	69118135	5	-0.989
CROZE_p_TCGA_254_256_255_N_GenomeWideSNP_6_C01_1301330	5	69233427	80530817	6410	-0.0043
CROZE_p_TCGA_254_256_255_N_GenomeWideSNP_6_C01_1301330	5	80535750	80545341	11	-1.101
CROZE_p_TCGA_254_256_255_N_GenomeWideSNP_6_C01_1301330	5	80547883	177198449	61063	9e-04
CROZE_p_TCGA_254_256_255_N_GenomeWideSNP_6_C01_1301330	5	177227551	177260330	6	-0.893
CROZE_p_TCGA_254_256_255_N_GenomeWideSNP_6_C01_1301330	5	177265980	180378710	1806	-0.008
CROZE_p_TCGA_254_256_255_N_GenomeWideSNP_6_C01_1301330	5	180378888	180418103	18	-0.5072
CROZE_p_TCGA_254_256_255_N_GenomeWideSNP_6_C01_1301330	5	180433225	180790320	170	-0.1002
CROZE_p_TCGA_254_256_255_N_GenomeWideSNP_6_C01_1301330	6	149661	294837	124	-0.0271
CROZE_p_TCGA_254_256_255_N_GenomeWideSNP_6_C01_1301330	6	302306	365720	69	0.4083
CROZE_p_TCGA_254_256_255_N_GenomeWideSNP_6_C01_1301330	6	373453	29850380	21468	0.0025
CROZE_p_TCGA_254_256_255_N_GenomeWideSNP_6_C01_1301330	6	29871636	29901576	17	-0.786
CROZE_p_TCGA_254_256_255_N_GenomeWideSNP_6_C01_1301330	6	29908469	32452801	1158	0.0031
CROZE_p_TCGA_254_256_255_N_GenomeWideSNP_6_C01_1301330	6	32452929	32481987	9	0.9036
CROZE_p_TCGA_254_256_255_N_GenomeWideSNP_6_C01_1301330	6	32482969	32501299	7	2.6622
CROZE_p_TCGA_254_256_255_N_GenomeWideSNP_6_C01_1301330	6	32508476	32574381	21	0.8653
CROZE_p_TCGA_254_256_255_N_GenomeWideSNP_6_C01_1301330	6	32578082	53931151	13712	0.0013
CROZE_p_TCGA_254_256_255_N_GenomeWideSNP_6_C01_1301330	6	53931230	53931855	6	-1.7495
CROZE_p_TCGA_254_256_255_N_GenomeWideSNP_6_C01_1301330	6	53935348	65336942	4333	4e-04
CROZE_p_TCGA_254_256_255_N_GenomeWideSNP_6_C01_1301330	6	65347544	65348992	2	3.4435
CROZE_p_TCGA_254_256_255_N_GenomeWideSNP_6_C01_1301330	6	65350776	67008286	1096	-0.0114
CROZE_p_TCGA_254_256_255_N_GenomeWideSNP_6_C01_1301330	6	67009023	67049599	57	-0.6741
CROZE_p_TCGA_254_256_255_N_GenomeWideSNP_6_C01_1301330	6	67051202	78972088	7745	-3e-04
CROZE_p_TCGA_254_256_255_N_GenomeWideSNP_6_C01_1301330	6	78972144	79035185	103	-0.464
CROZE_p_TCGA_254_256_255_N_GenomeWideSNP_6_C01_1301330	6	79039234	103734829	15421	0.0013
CROZE_p_TCGA_254_256_255_N_GenomeWideSNP_6_C01_1301330	6	103737976	103765470	47	0.8562
CROZE_p_TCGA_254_256_255_N_GenomeWideSNP_6_C01_1301330	6	103765670	147405624	27382	0.0054
CROZE_p_TCGA_254_256_255_N_GenomeWideSNP_6_C01_1301330	6	147408126	147408639	2	-1.5698
CROZE_p_TCGA_254_256_255_N_GenomeWideSNP_6_C01_1301330	6	147408980	171051005	16621	0.0034
CROZE_p_TCGA_254_256_255_N_GenomeWideSNP_6_C01_1301330	7	43355	48580942	34122	0.0027
CROZE_p_TCGA_254_256_255_N_GenomeWideSNP_6_C01_1301330	7	48581852	48591885	7	-1.059
CROZE_p_TCGA_254_256_255_N_GenomeWideSNP_6_C01_1301330	7	48592025	54386505	4227	0.0021
CROZE_p_TCGA_254_256_255_N_GenomeWideSNP_6_C01_1301330	7	54386509	54386517	5	-2.199
CROZE_p_TCGA_254_256_255_N_GenomeWideSNP_6_C01_1301330	7	54393488	64594065	3135	0.0011
CROZE_p_TCGA_254_256_255_N_GenomeWideSNP_6_C01_1301330	7	64594341	64651349	9	-0.9473
CROZE_p_TCGA_254_256_255_N_GenomeWideSNP_6_C01_1301330	7	64651640	70420438	3130	0.0101
CROZE_p_TCGA_254_256_255_N_GenomeWideSNP_6_C01_1301330	7	70423250	70426141	2	1.6166
CROZE_p_TCGA_254_256_255_N_GenomeWideSNP_6_C01_1301330	7	70428243	76153363	2187	-0.0087
CROZE_p_TCGA_254_256_255_N_GenomeWideSNP_6_C01_1301330	7	76156541	76161308	3	1.2156
CROZE_p_TCGA_254_256_255_N_GenomeWideSNP_6_C01_1301330	7	76161422	97385970	13583	0.0082
CROZE_p_TCGA_254_256_255_N_GenomeWideSNP_6_C01_1301330	7	97395460	97395506	7	0.9346
CROZE_p_TCGA_254_256_255_N_GenomeWideSNP_6_C01_1301330	7	97395509	132543783	20599	6e-04
CROZE_p_TCGA_254_256_255_N_GenomeWideSNP_6_C01_1301330	7	132543811	132569599	17	0.404
CROZE_p_TCGA_254_256_255_N_GenomeWideSNP_6_C01_1301330	7	132571904	133785377	730	-0.0074
CROZE_p_TCGA_254_256_255_N_GenomeWideSNP_6_C01_1301330	7	133785417	133795634	21	-0.4211
CROZE_p_TCGA_254_256_255_N_GenomeWideSNP_6_C01_1301330	7	133795665	141754323	5179	0.0034
CROZE_p_TCGA_254_256_255_N_GenomeWideSNP_6_C01_1301330	7	141755195	141797564	52	0.2577
CROZE_p_TCGA_254_256_255_N_GenomeWideSNP_6_C01_1301330	7	141798990	142253345	321	-0.0106
CROZE_p_TCGA_254_256_255_N_GenomeWideSNP_6_C01_1301330	7	142253550	142253685	2	-1.7617
CROZE_p_TCGA_254_256_255_N_GenomeWideSNP_6_C01_1301330	7	142253894	142476719	125	-0.0155
CROZE_p_TCGA_254_256_255_N_GenomeWideSNP_6_C01_1301330	7	142476764	142486345	28	0.6805
CROZE_p_TCGA_254_256_255_N_GenomeWideSNP_6_C01_1301330	7	142486495	154389895	7295	-0.0032
CROZE_p_TCGA_254_256_255_N_GenomeWideSNP_6_C01_1301330	7	154393171	154399613	4	-1.8587
CROZE_p_TCGA_254_256_255_N_GenomeWideSNP_6_C01_1301330	7	154400830	155462587	912	-0.0185
CROZE_p_TCGA_254_256_255_N_GenomeWideSNP_6_C01_1301330	7	155464029	155478986	7	0.7687
CROZE_p_TCGA_254_256_255_N_GenomeWideSNP_6_C01_1301330	7	155484390	159117641	2302	-0.0207
CROZE_p_TCGA_254_256_255_N_GenomeWideSNP_6_C01_1301330	7	159117893	159127004	12	-0.9737
CROZE_p_TCGA_254_256_255_N_GenomeWideSNP_6_C01_1301330	8	31254	7238019	7812	0.0044
CROZE_p_TCGA_254_256_255_N_GenomeWideSNP_6_C01_1301330	8	7250380	7799390	149	-0.9389
CROZE_p_TCGA_254_256_255_N_GenomeWideSNP_6_C01_1301330	8	7809891	7978171	46	-0.0585
CROZE_p_TCGA_254_256_255_N_GenomeWideSNP_6_C01_1301330	8	7978187	8003216	11	-0.8168
CROZE_p_TCGA_254_256_255_N_GenomeWideSNP_6_C01_1301330	8	8009204	11883257	3220	1e-04
CROZE_p_TCGA_254_256_255_N_GenomeWideSNP_6_C01_1301330	8	11893228	12419667	112	-0.5965
CROZE_p_TCGA_254_256_255_N_GenomeWideSNP_6_C01_1301330	8	12419965	12646389	110	-0.0111
CROZE_p_TCGA_254_256_255_N_GenomeWideSNP_6_C01_1301330	8	12648728	12649178	2	-1.5528
CROZE_p_TCGA_254_256_255_N_GenomeWideSNP_6_C01_1301330	8	12652105	24974476	10273	-0.0015
CROZE_p_TCGA_254_256_255_N_GenomeWideSNP_6_C01_1301330	8	24974522	24984223	23	0.494
CROZE_p_TCGA_254_256_255_N_GenomeWideSNP_6_C01_1301330	8	24984250	39226043	8985	-0.0014
CROZE_p_TCGA_254_256_255_N_GenomeWideSNP_6_C01_1301330	8	39226349	39389124	68	0.2947
CROZE_p_TCGA_254_256_255_N_GenomeWideSNP_6_C01_1301330	8	39395109	146298155	64677	-4e-04
CROZE_p_TCGA_254_256_255_N_GenomeWideSNP_6_C01_1301330	9	46587	592306	482	0.0165
CROZE_p_TCGA_254_256_255_N_GenomeWideSNP_6_C01_1301330	9	592552	592567	2	-1.5427
CROZE_p_TCGA_254_256_255_N_GenomeWideSNP_6_C01_1301330	9	592718	602903	28	-0.1177
CROZE_p_TCGA_254_256_255_N_GenomeWideSNP_6_C01_1301330	9	606699	606961	4	-1.8663
CROZE_p_TCGA_254_256_255_N_GenomeWideSNP_6_C01_1301330	9	607307	2568638	2268	0.0144
CROZE_p_TCGA_254_256_255_N_GenomeWideSNP_6_C01_1301330	9	2569150	2575420	12	-1.0588
CROZE_p_TCGA_254_256_255_N_GenomeWideSNP_6_C01_1301330	9	2582380	6695502	3554	0.0155
CROZE_p_TCGA_254_256_255_N_GenomeWideSNP_6_C01_1301330	9	6701145	6708357	7	-0.9628
CROZE_p_TCGA_254_256_255_N_GenomeWideSNP_6_C01_1301330	9	6712314	28044704	17520	0.0017
CROZE_p_TCGA_254_256_255_N_GenomeWideSNP_6_C01_1301330	9	28047588	28055603	6	-1.0006
CROZE_p_TCGA_254_256_255_N_GenomeWideSNP_6_C01_1301330	9	28055877	43602726	7327	0.0054
CROZE_p_TCGA_254_256_255_N_GenomeWideSNP_6_C01_1301330	9	43612162	43800186	27	0.7108
CROZE_p_TCGA_254_256_255_N_GenomeWideSNP_6_C01_1301330	9	44114872	44241817	28	0.0137
CROZE_p_TCGA_254_256_255_N_GenomeWideSNP_6_C01_1301330	9	44243434	44273241	13	0.7882
CROZE_p_TCGA_254_256_255_N_GenomeWideSNP_6_C01_1301330	9	44385979	44888127	48	0.3608
CROZE_p_TCGA_254_256_255_N_GenomeWideSNP_6_C01_1301330	9	44899920	45706359	45	-0.0339
CROZE_p_TCGA_254_256_255_N_GenomeWideSNP_6_C01_1301330	9	45706444	47217176	46	0.4276
CROZE_p_TCGA_254_256_255_N_GenomeWideSNP_6_C01_1301330	9	65616971	68183981	60	0.0246
CROZE_p_TCGA_254_256_255_N_GenomeWideSNP_6_C01_1301330	9	68186051	68209916	9	1.1967
CROZE_p_TCGA_254_256_255_N_GenomeWideSNP_6_C01_1301330	9	68210046	141091394	48017	-0.0012
CROZE_p_TCGA_254_256_255_N_GenomeWideSNP_6_C01_1301330	10	72759	27226804	21132	0.0018
CROZE_p_TCGA_254_256_255_N_GenomeWideSNP_6_C01_1301330	10	27227168	27228473	9	0.8045
CROZE_p_TCGA_254_256_255_N_GenomeWideSNP_6_C01_1301330	10	27229993	48902376	10935	-0.0058
CROZE_p_TCGA_254_256_255_N_GenomeWideSNP_6_C01_1301330	10	48928791	48934756	2	1.2965
CROZE_p_TCGA_254_256_255_N_GenomeWideSNP_6_C01_1301330	10	48947018	51830360	1465	-0.0124
CROZE_p_TCGA_254_256_255_N_GenomeWideSNP_6_C01_1301330	10	51840984	51857219	2	-2.3127
CROZE_p_TCGA_254_256_255_N_GenomeWideSNP_6_C01_1301330	10	51867234	58516521	4837	0.007
CROZE_p_TCGA_254_256_255_N_GenomeWideSNP_6_C01_1301330	10	58516539	58526837	38	-0.6459
CROZE_p_TCGA_254_256_255_N_GenomeWideSNP_6_C01_1301330	10	58532752	67306276	6086	0.0062
CROZE_p_TCGA_254_256_255_N_GenomeWideSNP_6_C01_1301330	10	67307923	67326066	32	-0.3539
CROZE_p_TCGA_254_256_255_N_GenomeWideSNP_6_C01_1301330	10	67326147	72479576	3496	-0.0028
CROZE_p_TCGA_254_256_255_N_GenomeWideSNP_6_C01_1301330	10	72479649	72483683	8	-0.6908
CROZE_p_TCGA_254_256_255_N_GenomeWideSNP_6_C01_1301330	10	72484910	81514175	5707	-0.0098
CROZE_p_TCGA_254_256_255_N_GenomeWideSNP_6_C01_1301330	10	81514190	81614702	23	-0.6117
CROZE_p_TCGA_254_256_255_N_GenomeWideSNP_6_C01_1301330	10	81617620	135506704	36846	-0.0024
CROZE_p_TCGA_254_256_255_N_GenomeWideSNP_6_C01_1301330	11	198510	367139	81	-0.069
CROZE_p_TCGA_254_256_255_N_GenomeWideSNP_6_C01_1301330	11	368246	456012	23	-0.4679
CROZE_p_TCGA_254_256_255_N_GenomeWideSNP_6_C01_1301330	11	456120	4967650	2363	-0.0252
CROZE_p_TCGA_254_256_255_N_GenomeWideSNP_6_C01_1301330	11	4968117	4976272	31	0.5507
CROZE_p_TCGA_254_256_255_N_GenomeWideSNP_6_C01_1301330	11	4976334	5783112	784	-0.004
CROZE_p_TCGA_254_256_255_N_GenomeWideSNP_6_C01_1301330	11	5783395	5809338	37	-0.7207
CROZE_p_TCGA_254_256_255_N_GenomeWideSNP_6_C01_1301330	11	5809461	18094243	8827	0.0052
CROZE_p_TCGA_254_256_255_N_GenomeWideSNP_6_C01_1301330	11	18099397	18099729	2	-1.2664
CROZE_p_TCGA_254_256_255_N_GenomeWideSNP_6_C01_1301330	11	18100574	24209320	4793	-4e-04
CROZE_p_TCGA_254_256_255_N_GenomeWideSNP_6_C01_1301330	11	24209700	24210175	2	-2.7267
CROZE_p_TCGA_254_256_255_N_GenomeWideSNP_6_C01_1301330	11	24212878	55363340	17517	0.0045
CROZE_p_TCGA_254_256_255_N_GenomeWideSNP_6_C01_1301330	11	55374032	55460683	61	0.3526
CROZE_p_TCGA_254_256_255_N_GenomeWideSNP_6_C01_1301330	11	55460788	134944770	52125	-0.0027
CROZE_p_TCGA_254_256_255_N_GenomeWideSNP_6_C01_1301330	12	150442	229947	31	-0.0431
CROZE_p_TCGA_254_256_255_N_GenomeWideSNP_6_C01_1301330	12	230307	263839	31	-0.3713
CROZE_p_TCGA_254_256_255_N_GenomeWideSNP_6_C01_1301330	12	266817	2235889	1195	-0.0095
CROZE_p_TCGA_254_256_255_N_GenomeWideSNP_6_C01_1301330	12	2245862	2257920	41	-0.7257
CROZE_p_TCGA_254_256_255_N_GenomeWideSNP_6_C01_1301330	12	2258023	9633870	4881	-0.0117
CROZE_p_TCGA_254_256_255_N_GenomeWideSNP_6_C01_1301330	12	9637909	9728292	24	-1.4787
CROZE_p_TCGA_254_256_255_N_GenomeWideSNP_6_C01_1301330	12	9734969	11214145	1037	0.0026
CROZE_p_TCGA_254_256_255_N_GenomeWideSNP_6_C01_1301330	12	11215372	11251874	16	0.6563
CROZE_p_TCGA_254_256_255_N_GenomeWideSNP_6_C01_1301330	12	11256829	30235421	13229	0.0042
CROZE_p_TCGA_254_256_255_N_GenomeWideSNP_6_C01_1301330	12	30235581	30243689	25	-0.6407
CROZE_p_TCGA_254_256_255_N_GenomeWideSNP_6_C01_1301330	12	30243722	33294622	2260	-0.0024
CROZE_p_TCGA_254_256_255_N_GenomeWideSNP_6_C01_1301330	12	33294644	33307374	29	-0.5605
CROZE_p_TCGA_254_256_255_N_GenomeWideSNP_6_C01_1301330	12	33308360	34435009	685	0.0449
CROZE_p_TCGA_254_256_255_N_GenomeWideSNP_6_C01_1301330	12	34439878	34545277	47	-0.317
CROZE_p_TCGA_254_256_255_N_GenomeWideSNP_6_C01_1301330	12	34547619	58721231	12062	6e-04
CROZE_p_TCGA_254_256_255_N_GenomeWideSNP_6_C01_1301330	12	58730151	58730162	2	2.0252
CROZE_p_TCGA_254_256_255_N_GenomeWideSNP_6_C01_1301330	12	58730848	99791814	26383	0.0036
CROZE_p_TCGA_254_256_255_N_GenomeWideSNP_6_C01_1301330	12	99795293	99798734	31	-0.4895
CROZE_p_TCGA_254_256_255_N_GenomeWideSNP_6_C01_1301330	12	99803093	133778189	22675	-0.0074
CROZE_p_TCGA_254_256_255_N_GenomeWideSNP_6_C01_1301330	13	19026949	19319635	73	0.0983
CROZE_p_TCGA_254_256_255_N_GenomeWideSNP_6_C01_1301330	13	19368654	19369592	9	-0.5913
CROZE_p_TCGA_254_256_255_N_GenomeWideSNP_6_C01_1301330	13	19395638	20121459	481	-5e-04
CROZE_p_TCGA_254_256_255_N_GenomeWideSNP_6_C01_1301330	13	20123895	20123910	2	-1.31
CROZE_p_TCGA_254_256_255_N_GenomeWideSNP_6_C01_1301330	13	20124501	26745831	4678	0.0024
CROZE_p_TCGA_254_256_255_N_GenomeWideSNP_6_C01_1301330	13	26747255	26751198	2	-1.856
CROZE_p_TCGA_254_256_255_N_GenomeWideSNP_6_C01_1301330	13	26751389	47131548	14457	0.0081
CROZE_p_TCGA_254_256_255_N_GenomeWideSNP_6_C01_1301330	13	47133122	47134306	4	-1.1187
CROZE_p_TCGA_254_256_255_N_GenomeWideSNP_6_C01_1301330	13	47140091	115108397	44195	0.005
CROZE_p_TCGA_254_256_255_N_GenomeWideSNP_6_C01_1301330	14	19002124	20210997	89	0.0611
CROZE_p_TCGA_254_256_255_N_GenomeWideSNP_6_C01_1301330	14	20211644	20422583	99	-0.3126
CROZE_p_TCGA_254_256_255_N_GenomeWideSNP_6_C01_1301330	14	20423372	74001123	33912	4e-04
CROZE_p_TCGA_254_256_255_N_GenomeWideSNP_6_C01_1301330	14	74006707	74020979	8	-1.8302
CROZE_p_TCGA_254_256_255_N_GenomeWideSNP_6_C01_1301330	14	74029900	106753859	20822	-0.0023
CROZE_p_TCGA_254_256_255_N_GenomeWideSNP_6_C01_1301330	14	106753862	106753867	2	2.1247
CROZE_p_TCGA_254_256_255_N_GenomeWideSNP_6_C01_1301330	14	106754003	106802053	22	-0.1433
CROZE_p_TCGA_254_256_255_N_GenomeWideSNP_6_C01_1301330	14	106815943	106820744	3	0.9224
CROZE_p_TCGA_254_256_255_N_GenomeWideSNP_6_C01_1301330	14	106821736	107241644	280	0.0364
CROZE_p_TCGA_254_256_255_N_GenomeWideSNP_6_C01_1301330	14	107242390	107285437	23	-0.261
CROZE_p_TCGA_254_256_255_N_GenomeWideSNP_6_C01_1301330	15	20016328	25419992	1917	0.0426
CROZE_p_TCGA_254_256_255_N_GenomeWideSNP_6_C01_1301330	15	25421607	25430243	8	-1.1708
CROZE_p_TCGA_254_256_255_N_GenomeWideSNP_6_C01_1301330	15	25433305	30779991	3258	-0.0029
CROZE_p_TCGA_254_256_255_N_GenomeWideSNP_6_C01_1301330	15	30780663	30887956	7	0.6961
CROZE_p_TCGA_254_256_255_N_GenomeWideSNP_6_C01_1301330	15	30900878	34678777	2586	0.0073
CROZE_p_TCGA_254_256_255_N_GenomeWideSNP_6_C01_1301330	15	34694636	34719795	6	-0.7017
CROZE_p_TCGA_254_256_255_N_GenomeWideSNP_6_C01_1301330	15	34719811	34830388	69	-2.293
CROZE_p_TCGA_254_256_255_N_GenomeWideSNP_6_C01_1301330	15	34830944	102469040	43930	-2e-04
CROZE_p_TCGA_254_256_255_N_GenomeWideSNP_6_C01_1301330	16	60777	16592713	11746	-0.0063
CROZE_p_TCGA_254_256_255_N_GenomeWideSNP_6_C01_1301330	16	16628062	16657460	9	0.7514
CROZE_p_TCGA_254_256_255_N_GenomeWideSNP_6_C01_1301330	16	16663576	18198717	990	0.0038
CROZE_p_TCGA_254_256_255_N_GenomeWideSNP_6_C01_1301330	16	18228118	18305985	10	-0.7865
CROZE_p_TCGA_254_256_255_N_GenomeWideSNP_6_C01_1301330	16	18314233	90287535	39452	-0.0071
CROZE_p_TCGA_254_256_255_N_GenomeWideSNP_6_C01_1301330	17	526	8126109	4464	-0.0111
CROZE_p_TCGA_254_256_255_N_GenomeWideSNP_6_C01_1301330	17	8129538	8132587	5	-1.2528
CROZE_p_TCGA_254_256_255_N_GenomeWideSNP_6_C01_1301330	17	8135146	18289923	6919	-0.004
CROZE_p_TCGA_254_256_255_N_GenomeWideSNP_6_C01_1301330	17	18293427	18412558	25	-0.5037
CROZE_p_TCGA_254_256_255_N_GenomeWideSNP_6_C01_1301330	17	18426461	75346931	30840	-0.0049
CROZE_p_TCGA_254_256_255_N_GenomeWideSNP_6_C01_1301330	17	75346970	75367327	21	-0.4745
CROZE_p_TCGA_254_256_255_N_GenomeWideSNP_6_C01_1301330	17	75367484	75508893	80	-0.077
CROZE_p_TCGA_254_256_255_N_GenomeWideSNP_6_C01_1301330	17	75508937	75523579	4	-0.9859
CROZE_p_TCGA_254_256_255_N_GenomeWideSNP_6_C01_1301330	17	75526339	81049726	2773	-0.0261
CROZE_p_TCGA_254_256_255_N_GenomeWideSNP_6_C01_1301330	18	11543	78015057	50537	-2e-04
CROZE_p_TCGA_254_256_255_N_GenomeWideSNP_6_C01_1301330	19	90910	827975	162	-0.039
CROZE_p_TCGA_254_256_255_N_GenomeWideSNP_6_C01_1301330	19	865374	939697	20	-0.4531
CROZE_p_TCGA_254_256_255_N_GenomeWideSNP_6_C01_1301330	19	939777	15038939	5928	-0.0073
CROZE_p_TCGA_254_256_255_N_GenomeWideSNP_6_C01_1301330	19	15045192	15049299	3	-1.5183
CROZE_p_TCGA_254_256_255_N_GenomeWideSNP_6_C01_1301330	19	15051287	35849171	10645	-0.0021
CROZE_p_TCGA_254_256_255_N_GenomeWideSNP_6_C01_1301330	19	35849187	35861848	26	-0.5724
CROZE_p_TCGA_254_256_255_N_GenomeWideSNP_6_C01_1301330	19	35866744	51328093	7530	-0.006
CROZE_p_TCGA_254_256_255_N_GenomeWideSNP_6_C01_1301330	19	51332267	51339207	7	-1.2635
CROZE_p_TCGA_254_256_255_N_GenomeWideSNP_6_C01_1301330	19	51345568	59097854	4934	-0.0082
CROZE_p_TCGA_254_256_255_N_GenomeWideSNP_6_C01_1301330	20	61305	4034389	2920	-0.0069
CROZE_p_TCGA_254_256_255_N_GenomeWideSNP_6_C01_1301330	20	4037528	4038666	5	-1.1248
CROZE_p_TCGA_254_256_255_N_GenomeWideSNP_6_C01_1301330	20	4039184	53766351	32891	-0.0024
CROZE_p_TCGA_254_256_255_N_GenomeWideSNP_6_C01_1301330	20	53772059	53772356	2	-2.1049
CROZE_p_TCGA_254_256_255_N_GenomeWideSNP_6_C01_1301330	20	53772387	58087757	3412	-0.0126
CROZE_p_TCGA_254_256_255_N_GenomeWideSNP_6_C01_1301330	20	58088194	58088207	2	-1.3309
CROZE_p_TCGA_254_256_255_N_GenomeWideSNP_6_C01_1301330	20	58088597	62956153	3038	-0.0389
CROZE_p_TCGA_254_256_255_N_GenomeWideSNP_6_C01_1301330	21	10736871	25126738	7562	0.0101
CROZE_p_TCGA_254_256_255_N_GenomeWideSNP_6_C01_1301330	21	25126781	25126789	2	1.3714
CROZE_p_TCGA_254_256_255_N_GenomeWideSNP_6_C01_1301330	21	25127082	44968053	14952	-0.0011
CROZE_p_TCGA_254_256_255_N_GenomeWideSNP_6_C01_1301330	21	44970873	44972812	2	-1.7501
CROZE_p_TCGA_254_256_255_N_GenomeWideSNP_6_C01_1301330	21	44973667	48096957	1761	-0.0266
CROZE_p_TCGA_254_256_255_N_GenomeWideSNP_6_C01_1301330	22	16052528	22752680	3638	-0.0417
CROZE_p_TCGA_254_256_255_N_GenomeWideSNP_6_C01_1301330	22	22752742	22752880	3	-1.1846
CROZE_p_TCGA_254_256_255_N_GenomeWideSNP_6_C01_1301330	22	22757321	25372291	1559	-0.0316
CROZE_p_TCGA_254_256_255_N_GenomeWideSNP_6_C01_1301330	22	25373813	25374503	4	-1.2654
CROZE_p_TCGA_254_256_255_N_GenomeWideSNP_6_C01_1301330	22	25374550	37742992	9458	-0.0093
CROZE_p_TCGA_254_256_255_N_GenomeWideSNP_6_C01_1301330	22	37748729	37749946	4	-1.4651
CROZE_p_TCGA_254_256_255_N_GenomeWideSNP_6_C01_1301330	22	37750667	49268700	7597	-0.011
CROZE_p_TCGA_254_256_255_N_GenomeWideSNP_6_C01_1301330	22	49269923	49273291	3	-1.4395
CROZE_p_TCGA_254_256_255_N_GenomeWideSNP_6_C01_1301330	22	49273726	49876931	586	-0.0635
CROZE_p_TCGA_254_256_255_N_GenomeWideSNP_6_C01_1301330	22	49878131	49882219	3	-1.2851
CROZE_p_TCGA_254_256_255_N_GenomeWideSNP_6_C01_1301330	22	49885698	51234455	638	-0.0872
CROZE_p_TCGA_254_256_255_N_GenomeWideSNP_6_C01_1301330	X	168477	3032451	335	-0.0682
CROZE_p_TCGA_254_256_255_N_GenomeWideSNP_6_C01_1301330	X	3032624	3036887	6	-0.6947
CROZE_p_TCGA_254_256_255_N_GenomeWideSNP_6_C01_1301330	X	3038604	4921915	1347	-0.0057
CROZE_p_TCGA_254_256_255_N_GenomeWideSNP_6_C01_1301330	X	4922196	4922943	2	-2.3153
CROZE_p_TCGA_254_256_255_N_GenomeWideSNP_6_C01_1301330	X	4926528	150292898	80066	0.0019
CROZE_p_TCGA_254_256_255_N_GenomeWideSNP_6_C01_1301330	X	150293934	150295459	2	-2.6196
CROZE_p_TCGA_254_256_255_N_GenomeWideSNP_6_C01_1301330	X	150296555	155182354	2418	-0.0163
CROZE_p_TCGA_254_256_255_N_GenomeWideSNP_6_C01_1301330	Y	2650438	2911223	132	-2.809
CROZE_p_TCGA_254_256_255_N_GenomeWideSNP_6_C01_1301330	Y	2912181	5944602	672	-2.3194
CROZE_p_TCGA_254_256_255_N_GenomeWideSNP_6_C01_1301330	Y	5944603	15590276	2769	-2.9431
CROZE_p_TCGA_254_256_255_N_GenomeWideSNP_6_C01_1301330	Y	15590342	15594523	3	-7.6439
CROZE_p_TCGA_254_256_255_N_GenomeWideSNP_6_C01_1301330	Y	15594889	19570632	2080	-2.9371
CROZE_p_TCGA_254_256_255_N_GenomeWideSNP_6_C01_1301330	Y	19571480	21088297	705	-3.4017
CROZE_p_TCGA_254_256_255_N_GenomeWideSNP_6_C01_1301330	Y	21088485	23859163	1052	-2.9793
CROZE_p_TCGA_254_256_255_N_GenomeWideSNP_6_C01_1301330	Y	23859468	27274970	685	-3.3384
CROZE_p_TCGA_254_256_255_N_GenomeWideSNP_6_C01_1301330	Y	27298371	27721084	96	-2.5804
CROZE_p_TCGA_254_256_255_N_GenomeWideSNP_6_C01_1301330	Y	27721117	28423938	250	-3.4663
CROZE_p_TCGA_254_256_255_N_GenomeWideSNP_6_C01_1301330	Y	28438116	59018259	183	-2.6398
