Sample	Chromosome	Start	End	Num_Probes	Segment_Mean
CUSKS_p_TCGAb47_SNP_1N_GenomeWideSNP_6_B08_628260	1	61735	25583341	14171	0.0392
CUSKS_p_TCGAb47_SNP_1N_GenomeWideSNP_6_B08_628260	1	25593128	25663344	33	0.8488
CUSKS_p_TCGAb47_SNP_1N_GenomeWideSNP_6_B08_628260	1	25673154	72768916	28861	0.029
CUSKS_p_TCGAb47_SNP_1N_GenomeWideSNP_6_B08_628260	1	72768936	72811148	45	-1.6976
CUSKS_p_TCGAb47_SNP_1N_GenomeWideSNP_6_B08_628260	1	72811904	81888456	5786	0.0114
CUSKS_p_TCGAb47_SNP_1N_GenomeWideSNP_6_B08_628260	1	81888602	81888605	2	-1.8549
CUSKS_p_TCGAb47_SNP_1N_GenomeWideSNP_6_B08_628260	1	81888667	104130168	14293	0.0184
CUSKS_p_TCGAb47_SNP_1N_GenomeWideSNP_6_B08_628260	1	104132359	104303403	38	-0.5378
CUSKS_p_TCGAb47_SNP_1N_GenomeWideSNP_6_B08_628260	1	104303501	110224427	3595	0.0071
CUSKS_p_TCGAb47_SNP_1N_GenomeWideSNP_6_B08_628260	1	110225642	110232974	14	-0.1961
CUSKS_p_TCGAb47_SNP_1N_GenomeWideSNP_6_B08_628260	1	110233037	110240178	16	-1.4692
CUSKS_p_TCGAb47_SNP_1N_GenomeWideSNP_6_B08_628260	1	110242953	149545386	8532	0.0332
CUSKS_p_TCGAb47_SNP_1N_GenomeWideSNP_6_B08_628260	1	149548713	149578722	3	1.1608
CUSKS_p_TCGAb47_SNP_1N_GenomeWideSNP_6_B08_628260	1	149617451	152555527	1491	0.0285
CUSKS_p_TCGAb47_SNP_1N_GenomeWideSNP_6_B08_628260	1	152555706	152586540	33	-2.2764
CUSKS_p_TCGAb47_SNP_1N_GenomeWideSNP_6_B08_628260	1	152586576	152759678	173	0.0025
CUSKS_p_TCGAb47_SNP_1N_GenomeWideSNP_6_B08_628260	1	152761923	152768700	37	0.4011
CUSKS_p_TCGAb47_SNP_1N_GenomeWideSNP_6_B08_628260	1	152773905	153672043	624	0.0118
CUSKS_p_TCGAb47_SNP_1N_GenomeWideSNP_6_B08_628260	1	153672247	153693248	9	0.6589
CUSKS_p_TCGAb47_SNP_1N_GenomeWideSNP_6_B08_628260	1	153695340	160933467	4385	0.0135
CUSKS_p_TCGAb47_SNP_1N_GenomeWideSNP_6_B08_628260	1	160933768	160940085	5	-0.7612
CUSKS_p_TCGAb47_SNP_1N_GenomeWideSNP_6_B08_628260	1	160942342	161508875	254	0.0334
CUSKS_p_TCGAb47_SNP_1N_GenomeWideSNP_6_B08_628260	1	161517939	161650375	51	0.4743
CUSKS_p_TCGAb47_SNP_1N_GenomeWideSNP_6_B08_628260	1	161650494	169216937	6013	0.0296
CUSKS_p_TCGAb47_SNP_1N_GenomeWideSNP_6_B08_628260	1	169233974	169241766	7	-2.9071
CUSKS_p_TCGAb47_SNP_1N_GenomeWideSNP_6_B08_628260	1	169242401	189286175	13222	0.0192
CUSKS_p_TCGAb47_SNP_1N_GenomeWideSNP_6_B08_628260	1	189288822	189288939	2	-1.4192
CUSKS_p_TCGAb47_SNP_1N_GenomeWideSNP_6_B08_628260	1	189289857	193155792	2582	0.0018
CUSKS_p_TCGAb47_SNP_1N_GenomeWideSNP_6_B08_628260	1	193156279	193156348	4	-1.7932
CUSKS_p_TCGAb47_SNP_1N_GenomeWideSNP_6_B08_628260	1	193159723	194448234	947	0.0169
CUSKS_p_TCGAb47_SNP_1N_GenomeWideSNP_6_B08_628260	1	194451411	194455018	2	2.0611
CUSKS_p_TCGAb47_SNP_1N_GenomeWideSNP_6_B08_628260	1	194457016	195832664	875	-0.0018
CUSKS_p_TCGAb47_SNP_1N_GenomeWideSNP_6_B08_628260	1	195836268	195836924	3	-1.198
CUSKS_p_TCGAb47_SNP_1N_GenomeWideSNP_6_B08_628260	1	195837030	196732086	580	0.0044
CUSKS_p_TCGAb47_SNP_1N_GenomeWideSNP_6_B08_628260	1	196738623	196762066	39	-0.7596
CUSKS_p_TCGAb47_SNP_1N_GenomeWideSNP_6_B08_628260	1	196762102	196791043	27	-0.1597
CUSKS_p_TCGAb47_SNP_1N_GenomeWideSNP_6_B08_628260	1	196798565	196815791	26	-0.5765
CUSKS_p_TCGAb47_SNP_1N_GenomeWideSNP_6_B08_628260	1	196816730	199111426	1382	0.0062
CUSKS_p_TCGAb47_SNP_1N_GenomeWideSNP_6_B08_628260	1	199111521	199113840	7	-1.1255
CUSKS_p_TCGAb47_SNP_1N_GenomeWideSNP_6_B08_628260	1	199114238	238855281	27443	0.0205
CUSKS_p_TCGAb47_SNP_1N_GenomeWideSNP_6_B08_628260	1	238855638	238856094	3	-1.2973
CUSKS_p_TCGAb47_SNP_1N_GenomeWideSNP_6_B08_628260	1	238862449	248737447	6949	0.0302
CUSKS_p_TCGAb47_SNP_1N_GenomeWideSNP_6_B08_628260	1	248749194	248825263	41	-0.8353
CUSKS_p_TCGAb47_SNP_1N_GenomeWideSNP_6_B08_628260	1	248825820	249224388	137	-0.0205
CUSKS_p_TCGAb47_SNP_1N_GenomeWideSNP_6_B08_628260	2	12784	4203580	2989	-3e-04
CUSKS_p_TCGAb47_SNP_1N_GenomeWideSNP_6_B08_628260	2	4205687	4224019	43	-0.6967
CUSKS_p_TCGAb47_SNP_1N_GenomeWideSNP_6_B08_628260	2	4230062	52741737	34185	0.0197
CUSKS_p_TCGAb47_SNP_1N_GenomeWideSNP_6_B08_628260	2	52743925	52781542	41	0.8152
CUSKS_p_TCGAb47_SNP_1N_GenomeWideSNP_6_B08_628260	2	52787949	208355178	90687	0.015
CUSKS_p_TCGAb47_SNP_1N_GenomeWideSNP_6_B08_628260	2	208355338	208356116	8	-1.485
CUSKS_p_TCGAb47_SNP_1N_GenomeWideSNP_6_B08_628260	2	208358287	213181322	3051	0.0121
CUSKS_p_TCGAb47_SNP_1N_GenomeWideSNP_6_B08_628260	2	213186549	213190035	9	-6.411
CUSKS_p_TCGAb47_SNP_1N_GenomeWideSNP_6_B08_628260	2	213190120	213191825	16	-2.581
CUSKS_p_TCGAb47_SNP_1N_GenomeWideSNP_6_B08_628260	2	213192126	218504762	3598	0.0178
CUSKS_p_TCGAb47_SNP_1N_GenomeWideSNP_6_B08_628260	2	218506412	218506585	2	-1.4749
CUSKS_p_TCGAb47_SNP_1N_GenomeWideSNP_6_B08_628260	2	218506653	243014630	15431	0.0162
CUSKS_p_TCGAb47_SNP_1N_GenomeWideSNP_6_B08_628260	2	243017183	243037669	28	0.3469
CUSKS_p_TCGAb47_SNP_1N_GenomeWideSNP_6_B08_628260	2	243043059	243089456	23	0.0515
CUSKS_p_TCGAb47_SNP_1N_GenomeWideSNP_6_B08_628260	3	60345	23900195	17895	0.0098
CUSKS_p_TCGAb47_SNP_1N_GenomeWideSNP_6_B08_628260	3	23900401	23900634	2	1.5112
CUSKS_p_TCGAb47_SNP_1N_GenomeWideSNP_6_B08_628260	3	23902336	26426191	2051	0.0177
CUSKS_p_TCGAb47_SNP_1N_GenomeWideSNP_6_B08_628260	3	26434124	26439343	5	-1.1543
CUSKS_p_TCGAb47_SNP_1N_GenomeWideSNP_6_B08_628260	3	26445973	59946469	20706	0.0237
CUSKS_p_TCGAb47_SNP_1N_GenomeWideSNP_6_B08_628260	3	59946710	59948570	4	-1.0625
CUSKS_p_TCGAb47_SNP_1N_GenomeWideSNP_6_B08_628260	3	59949140	65188453	4746	0.0154
CUSKS_p_TCGAb47_SNP_1N_GenomeWideSNP_6_B08_628260	3	65189235	65199568	30	-0.8885
CUSKS_p_TCGAb47_SNP_1N_GenomeWideSNP_6_B08_628260	3	65199702	65203528	6	0.305
CUSKS_p_TCGAb47_SNP_1N_GenomeWideSNP_6_B08_628260	3	65203532	65210452	17	-0.8537
CUSKS_p_TCGAb47_SNP_1N_GenomeWideSNP_6_B08_628260	3	65216349	68732028	2420	0.0179
CUSKS_p_TCGAb47_SNP_1N_GenomeWideSNP_6_B08_628260	3	68746164	68747413	15	1.0396
CUSKS_p_TCGAb47_SNP_1N_GenomeWideSNP_6_B08_628260	3	68748758	75406398	4876	0.0089
CUSKS_p_TCGAb47_SNP_1N_GenomeWideSNP_6_B08_628260	3	75415863	75639507	78	0.2538
CUSKS_p_TCGAb47_SNP_1N_GenomeWideSNP_6_B08_628260	3	75645384	84698683	4991	0.0016
CUSKS_p_TCGAb47_SNP_1N_GenomeWideSNP_6_B08_628260	3	84698834	84702015	16	-0.728
CUSKS_p_TCGAb47_SNP_1N_GenomeWideSNP_6_B08_628260	3	84702031	89671347	2878	-0.0025
CUSKS_p_TCGAb47_SNP_1N_GenomeWideSNP_6_B08_628260	3	89671659	89674140	6	-1.4651
CUSKS_p_TCGAb47_SNP_1N_GenomeWideSNP_6_B08_628260	3	89678599	93558926	275	0.0044
CUSKS_p_TCGAb47_SNP_1N_GenomeWideSNP_6_B08_628260	3	93559134	93561911	2	-1.8913
CUSKS_p_TCGAb47_SNP_1N_GenomeWideSNP_6_B08_628260	3	93562232	98937784	2842	0.0098
CUSKS_p_TCGAb47_SNP_1N_GenomeWideSNP_6_B08_628260	3	98944458	98945299	14	-1.8744
CUSKS_p_TCGAb47_SNP_1N_GenomeWideSNP_6_B08_628260	3	98945395	98949031	11	-3.5792
CUSKS_p_TCGAb47_SNP_1N_GenomeWideSNP_6_B08_628260	3	98949038	98949421	13	-1.6398
CUSKS_p_TCGAb47_SNP_1N_GenomeWideSNP_6_B08_628260	3	98950964	104629403	3369	0.0025
CUSKS_p_TCGAb47_SNP_1N_GenomeWideSNP_6_B08_628260	3	104631466	104631610	4	-0.9935
CUSKS_p_TCGAb47_SNP_1N_GenomeWideSNP_6_B08_628260	3	104631639	125669048	12984	0.017
CUSKS_p_TCGAb47_SNP_1N_GenomeWideSNP_6_B08_628260	3	125673383	125675963	3	-1.1059
CUSKS_p_TCGAb47_SNP_1N_GenomeWideSNP_6_B08_628260	3	125680500	140542539	9183	0.0189
CUSKS_p_TCGAb47_SNP_1N_GenomeWideSNP_6_B08_628260	3	140545701	140546984	2	-1.456
CUSKS_p_TCGAb47_SNP_1N_GenomeWideSNP_6_B08_628260	3	140560618	160695770	12392	0.0094
CUSKS_p_TCGAb47_SNP_1N_GenomeWideSNP_6_B08_628260	3	160696867	160697442	3	-1.1051
CUSKS_p_TCGAb47_SNP_1N_GenomeWideSNP_6_B08_628260	3	160697733	162513149	1168	-0.0138
CUSKS_p_TCGAb47_SNP_1N_GenomeWideSNP_6_B08_628260	3	162513459	162524858	8	0.8003
CUSKS_p_TCGAb47_SNP_1N_GenomeWideSNP_6_B08_628260	3	162528630	162530870	3	-0.4512
CUSKS_p_TCGAb47_SNP_1N_GenomeWideSNP_6_B08_628260	3	162532950	162540490	7	-1.727
CUSKS_p_TCGAb47_SNP_1N_GenomeWideSNP_6_B08_628260	3	162545716	162714517	120	0.0746
CUSKS_p_TCGAb47_SNP_1N_GenomeWideSNP_6_B08_628260	3	162717727	162719562	2	-3.5273
CUSKS_p_TCGAb47_SNP_1N_GenomeWideSNP_6_B08_628260	3	162726159	189360754	16620	0.0167
CUSKS_p_TCGAb47_SNP_1N_GenomeWideSNP_6_B08_628260	3	189363678	189370988	12	-1.047
CUSKS_p_TCGAb47_SNP_1N_GenomeWideSNP_6_B08_628260	3	189371014	192803962	2435	0.0073
CUSKS_p_TCGAb47_SNP_1N_GenomeWideSNP_6_B08_628260	3	192807527	192811289	3	-0.9887
CUSKS_p_TCGAb47_SNP_1N_GenomeWideSNP_6_B08_628260	3	192811405	192877902	61	-0.0056
CUSKS_p_TCGAb47_SNP_1N_GenomeWideSNP_6_B08_628260	3	192877962	192882903	19	-1.4872
CUSKS_p_TCGAb47_SNP_1N_GenomeWideSNP_6_B08_628260	3	192886435	195412212	1491	0.0101
CUSKS_p_TCGAb47_SNP_1N_GenomeWideSNP_6_B08_628260	3	195418263	195474763	41	0.7367
CUSKS_p_TCGAb47_SNP_1N_GenomeWideSNP_6_B08_628260	3	195478694	197896118	1174	0.0562
CUSKS_p_TCGAb47_SNP_1N_GenomeWideSNP_6_B08_628260	4	12281	10210390	5806	0.0233
CUSKS_p_TCGAb47_SNP_1N_GenomeWideSNP_6_B08_628260	4	10223416	10234266	30	-1.9823
CUSKS_p_TCGAb47_SNP_1N_GenomeWideSNP_6_B08_628260	4	10234608	34786500	17010	0.0155
CUSKS_p_TCGAb47_SNP_1N_GenomeWideSNP_6_B08_628260	4	34786955	34824183	36	0.6545
CUSKS_p_TCGAb47_SNP_1N_GenomeWideSNP_6_B08_628260	4	34824725	36520612	1135	-0.0045
CUSKS_p_TCGAb47_SNP_1N_GenomeWideSNP_6_B08_628260	4	36520615	36520861	2	-1.3134
CUSKS_p_TCGAb47_SNP_1N_GenomeWideSNP_6_B08_628260	4	36523139	49206439	7854	0.0223
CUSKS_p_TCGAb47_SNP_1N_GenomeWideSNP_6_B08_628260	4	49216534	49658612	28	0.4304
CUSKS_p_TCGAb47_SNP_1N_GenomeWideSNP_6_B08_628260	4	52685699	64693940	7584	0.0127
CUSKS_p_TCGAb47_SNP_1N_GenomeWideSNP_6_B08_628260	4	64697469	64717026	31	-0.5596
CUSKS_p_TCGAb47_SNP_1N_GenomeWideSNP_6_B08_628260	4	64718043	66565801	1183	-0.0015
CUSKS_p_TCGAb47_SNP_1N_GenomeWideSNP_6_B08_628260	4	66567056	66567198	3	-1.0907
CUSKS_p_TCGAb47_SNP_1N_GenomeWideSNP_6_B08_628260	4	66568768	69220383	1665	0.0145
CUSKS_p_TCGAb47_SNP_1N_GenomeWideSNP_6_B08_628260	4	69226848	69261064	10	1.3622
CUSKS_p_TCGAb47_SNP_1N_GenomeWideSNP_6_B08_628260	4	69282205	69288142	5	-1.7289
CUSKS_p_TCGAb47_SNP_1N_GenomeWideSNP_6_B08_628260	4	69294799	69374955	18	-0.1129
CUSKS_p_TCGAb47_SNP_1N_GenomeWideSNP_6_B08_628260	4	69375160	69506334	66	0.3604
CUSKS_p_TCGAb47_SNP_1N_GenomeWideSNP_6_B08_628260	4	69521409	86975223	10838	0.0101
CUSKS_p_TCGAb47_SNP_1N_GenomeWideSNP_6_B08_628260	4	86976094	86979764	19	-0.8902
CUSKS_p_TCGAb47_SNP_1N_GenomeWideSNP_6_B08_628260	4	86979944	115173700	16906	0.0139
CUSKS_p_TCGAb47_SNP_1N_GenomeWideSNP_6_B08_628260	4	115175323	115182175	23	-1.7064
CUSKS_p_TCGAb47_SNP_1N_GenomeWideSNP_6_B08_628260	4	115184229	161041304	27430	0.0123
CUSKS_p_TCGAb47_SNP_1N_GenomeWideSNP_6_B08_628260	4	161053591	161070789	39	-1.0115
CUSKS_p_TCGAb47_SNP_1N_GenomeWideSNP_6_B08_628260	4	161083870	161880141	597	0.0015
CUSKS_p_TCGAb47_SNP_1N_GenomeWideSNP_6_B08_628260	4	161880197	161884908	18	-0.8194
CUSKS_p_TCGAb47_SNP_1N_GenomeWideSNP_6_B08_628260	4	161884919	164283085	1577	0.0082
CUSKS_p_TCGAb47_SNP_1N_GenomeWideSNP_6_B08_628260	4	164286664	164293202	8	-0.7708
CUSKS_p_TCGAb47_SNP_1N_GenomeWideSNP_6_B08_628260	4	164295956	172374884	5095	0.0122
CUSKS_p_TCGAb47_SNP_1N_GenomeWideSNP_6_B08_628260	4	172374949	172377776	11	-0.6664
CUSKS_p_TCGAb47_SNP_1N_GenomeWideSNP_6_B08_628260	4	172380371	173428471	646	-0.0054
CUSKS_p_TCGAb47_SNP_1N_GenomeWideSNP_6_B08_628260	4	173428588	173428643	2	-1.6001
CUSKS_p_TCGAb47_SNP_1N_GenomeWideSNP_6_B08_628260	4	173441132	189221258	10712	0.0157
CUSKS_p_TCGAb47_SNP_1N_GenomeWideSNP_6_B08_628260	4	189221360	189221424	3	1.5885
CUSKS_p_TCGAb47_SNP_1N_GenomeWideSNP_6_B08_628260	4	189221439	191027923	1177	6e-04
CUSKS_p_TCGAb47_SNP_1N_GenomeWideSNP_6_B08_628260	5	15532	204082	105	-0.045
CUSKS_p_TCGAb47_SNP_1N_GenomeWideSNP_6_B08_628260	5	206016	232724	11	-0.5435
CUSKS_p_TCGAb47_SNP_1N_GenomeWideSNP_6_B08_628260	5	232969	773190	217	0.0016
CUSKS_p_TCGAb47_SNP_1N_GenomeWideSNP_6_B08_628260	5	773547	825307	29	-0.6593
CUSKS_p_TCGAb47_SNP_1N_GenomeWideSNP_6_B08_628260	5	825653	12791720	9867	0.0139
CUSKS_p_TCGAb47_SNP_1N_GenomeWideSNP_6_B08_628260	5	12800889	12826650	12	-1.8633
CUSKS_p_TCGAb47_SNP_1N_GenomeWideSNP_6_B08_628260	5	12833857	12998925	57	-0.0439
CUSKS_p_TCGAb47_SNP_1N_GenomeWideSNP_6_B08_628260	5	13005214	13014507	3	-1.9168
CUSKS_p_TCGAb47_SNP_1N_GenomeWideSNP_6_B08_628260	5	13015045	15719222	1920	0.013
CUSKS_p_TCGAb47_SNP_1N_GenomeWideSNP_6_B08_628260	5	15719350	15720597	10	-1.2814
CUSKS_p_TCGAb47_SNP_1N_GenomeWideSNP_6_B08_628260	5	15723346	15810314	55	0.0833
CUSKS_p_TCGAb47_SNP_1N_GenomeWideSNP_6_B08_628260	5	15812284	15823859	8	-0.5148
CUSKS_p_TCGAb47_SNP_1N_GenomeWideSNP_6_B08_628260	5	15828274	16124245	178	-0.0036
CUSKS_p_TCGAb47_SNP_1N_GenomeWideSNP_6_B08_628260	5	16125128	16125214	3	-1.0479
CUSKS_p_TCGAb47_SNP_1N_GenomeWideSNP_6_B08_628260	5	16127544	21376844	3263	0.0152
CUSKS_p_TCGAb47_SNP_1N_GenomeWideSNP_6_B08_628260	5	21377839	21377853	2	-2.4984
CUSKS_p_TCGAb47_SNP_1N_GenomeWideSNP_6_B08_628260	5	21386066	21449276	45	0.02
CUSKS_p_TCGAb47_SNP_1N_GenomeWideSNP_6_B08_628260	5	21451200	21452438	5	-2.3839
CUSKS_p_TCGAb47_SNP_1N_GenomeWideSNP_6_B08_628260	5	21452496	21727443	148	0.0181
CUSKS_p_TCGAb47_SNP_1N_GenomeWideSNP_6_B08_628260	5	21732264	21732914	3	-1.2435
CUSKS_p_TCGAb47_SNP_1N_GenomeWideSNP_6_B08_628260	5	21733331	46191884	14865	0.0173
CUSKS_p_TCGAb47_SNP_1N_GenomeWideSNP_6_B08_628260	5	46195883	46199435	4	-1.3135
CUSKS_p_TCGAb47_SNP_1N_GenomeWideSNP_6_B08_628260	5	46209299	46251306	13	0.1291
CUSKS_p_TCGAb47_SNP_1N_GenomeWideSNP_6_B08_628260	5	46271008	46273502	8	1.4319
CUSKS_p_TCGAb47_SNP_1N_GenomeWideSNP_6_B08_628260	5	46278212	57321646	5082	0.013
CUSKS_p_TCGAb47_SNP_1N_GenomeWideSNP_6_B08_628260	5	57326027	57333533	32	2.9079
CUSKS_p_TCGAb47_SNP_1N_GenomeWideSNP_6_B08_628260	5	57338357	61162114	2578	0.0207
CUSKS_p_TCGAb47_SNP_1N_GenomeWideSNP_6_B08_628260	5	61162152	61163819	2	-1.4955
CUSKS_p_TCGAb47_SNP_1N_GenomeWideSNP_6_B08_628260	5	61163865	61573372	258	0.0091
CUSKS_p_TCGAb47_SNP_1N_GenomeWideSNP_6_B08_628260	5	61574991	61576273	3	-1.4004
CUSKS_p_TCGAb47_SNP_1N_GenomeWideSNP_6_B08_628260	5	61582192	180374523	74196	0.0158
CUSKS_p_TCGAb47_SNP_1N_GenomeWideSNP_6_B08_628260	5	180378710	180417207	15	0.8699
CUSKS_p_TCGAb47_SNP_1N_GenomeWideSNP_6_B08_628260	5	180417614	180790320	175	0.0596
CUSKS_p_TCGAb47_SNP_1N_GenomeWideSNP_6_B08_628260	6	149661	254283	101	-0.0386
CUSKS_p_TCGAb47_SNP_1N_GenomeWideSNP_6_B08_628260	6	257353	294837	22	-0.4903
CUSKS_p_TCGAb47_SNP_1N_GenomeWideSNP_6_B08_628260	6	302306	381149	78	0.2513
CUSKS_p_TCGAb47_SNP_1N_GenomeWideSNP_6_B08_628260	6	382559	29836741	21552	0.0268
CUSKS_p_TCGAb47_SNP_1N_GenomeWideSNP_6_B08_628260	6	29837072	29901576	38	0.4259
CUSKS_p_TCGAb47_SNP_1N_GenomeWideSNP_6_B08_628260	6	29908469	32454523	1175	0.0238
CUSKS_p_TCGAb47_SNP_1N_GenomeWideSNP_6_B08_628260	6	32456683	32573771	31	1.6748
CUSKS_p_TCGAb47_SNP_1N_GenomeWideSNP_6_B08_628260	6	32574014	32624304	29	0.1844
CUSKS_p_TCGAb47_SNP_1N_GenomeWideSNP_6_B08_628260	6	32624591	32626618	5	1.8405
CUSKS_p_TCGAb47_SNP_1N_GenomeWideSNP_6_B08_628260	6	32650612	65710729	18350	0.0172
CUSKS_p_TCGAb47_SNP_1N_GenomeWideSNP_6_B08_628260	6	65711399	65713792	3	-1.2514
CUSKS_p_TCGAb47_SNP_1N_GenomeWideSNP_6_B08_628260	6	65717384	67040913	898	-0.0066
CUSKS_p_TCGAb47_SNP_1N_GenomeWideSNP_6_B08_628260	6	67041451	67043192	6	-0.7472
CUSKS_p_TCGAb47_SNP_1N_GenomeWideSNP_6_B08_628260	6	67043235	67213053	154	-0.0043
CUSKS_p_TCGAb47_SNP_1N_GenomeWideSNP_6_B08_628260	6	67213621	67214447	3	-0.944
CUSKS_p_TCGAb47_SNP_1N_GenomeWideSNP_6_B08_628260	6	67220922	69502611	1579	0.0022
CUSKS_p_TCGAb47_SNP_1N_GenomeWideSNP_6_B08_628260	6	69503064	69503366	5	-0.7356
CUSKS_p_TCGAb47_SNP_1N_GenomeWideSNP_6_B08_628260	6	69508690	69529229	24	-0.0071
CUSKS_p_TCGAb47_SNP_1N_GenomeWideSNP_6_B08_628260	6	69534039	69541228	8	-0.5967
CUSKS_p_TCGAb47_SNP_1N_GenomeWideSNP_6_B08_628260	6	69541331	74591858	3246	0.0223
CUSKS_p_TCGAb47_SNP_1N_GenomeWideSNP_6_B08_628260	6	74592225	74601410	10	0.9351
CUSKS_p_TCGAb47_SNP_1N_GenomeWideSNP_6_B08_628260	6	74603555	77436532	1768	0.0154
CUSKS_p_TCGAb47_SNP_1N_GenomeWideSNP_6_B08_628260	6	77439868	77452757	21	0.7429
CUSKS_p_TCGAb47_SNP_1N_GenomeWideSNP_6_B08_628260	6	77461073	78962889	980	0.0064
CUSKS_p_TCGAb47_SNP_1N_GenomeWideSNP_6_B08_628260	6	78969065	79035185	113	-3.2935
CUSKS_p_TCGAb47_SNP_1N_GenomeWideSNP_6_B08_628260	6	79039234	94652407	10024	0.0138
CUSKS_p_TCGAb47_SNP_1N_GenomeWideSNP_6_B08_628260	6	94652540	94657564	2	-1.4179
CUSKS_p_TCGAb47_SNP_1N_GenomeWideSNP_6_B08_628260	6	94659532	95190723	365	-0.0538
CUSKS_p_TCGAb47_SNP_1N_GenomeWideSNP_6_B08_628260	6	95193106	95193725	2	-1.335
CUSKS_p_TCGAb47_SNP_1N_GenomeWideSNP_6_B08_628260	6	95196646	103734829	5108	0.0051
CUSKS_p_TCGAb47_SNP_1N_GenomeWideSNP_6_B08_628260	6	103737976	103762061	46	-1.6696
CUSKS_p_TCGAb47_SNP_1N_GenomeWideSNP_6_B08_628260	6	103765470	134266268	19104	0.0099
CUSKS_p_TCGAb47_SNP_1N_GenomeWideSNP_6_B08_628260	6	134269071	134269632	2	-1.9645
CUSKS_p_TCGAb47_SNP_1N_GenomeWideSNP_6_B08_628260	6	134272072	161032565	17894	0.0193
CUSKS_p_TCGAb47_SNP_1N_GenomeWideSNP_6_B08_628260	6	161032719	161033283	5	1.282
CUSKS_p_TCGAb47_SNP_1N_GenomeWideSNP_6_B08_628260	6	161068042	162496594	1170	0.0029
CUSKS_p_TCGAb47_SNP_1N_GenomeWideSNP_6_B08_628260	6	162496609	162496652	2	1.3724
CUSKS_p_TCGAb47_SNP_1N_GenomeWideSNP_6_B08_628260	6	162496672	162800237	254	0.0022
CUSKS_p_TCGAb47_SNP_1N_GenomeWideSNP_6_B08_628260	6	162800915	162842477	37	-1.2276
CUSKS_p_TCGAb47_SNP_1N_GenomeWideSNP_6_B08_628260	6	162848929	171051005	5806	0.0105
CUSKS_p_TCGAb47_SNP_1N_GenomeWideSNP_6_B08_628260	7	43355	5956259	3083	0.0286
CUSKS_p_TCGAb47_SNP_1N_GenomeWideSNP_6_B08_628260	7	5965453	5986460	5	-0.7853
CUSKS_p_TCGAb47_SNP_1N_GenomeWideSNP_6_B08_628260	7	5999577	22434780	13028	0.0069
CUSKS_p_TCGAb47_SNP_1N_GenomeWideSNP_6_B08_628260	7	22435472	22436487	2	-3.4276
CUSKS_p_TCGAb47_SNP_1N_GenomeWideSNP_6_B08_628260	7	22438754	38391365	11466	0.0242
CUSKS_p_TCGAb47_SNP_1N_GenomeWideSNP_6_B08_628260	7	38392036	38398047	4	-1.8554
CUSKS_p_TCGAb47_SNP_1N_GenomeWideSNP_6_B08_628260	7	38400957	97395460	33191	0.0262
CUSKS_p_TCGAb47_SNP_1N_GenomeWideSNP_6_B08_628260	7	97395462	97402475	15	-0.8034
CUSKS_p_TCGAb47_SNP_1N_GenomeWideSNP_6_B08_628260	7	97404240	100325189	1287	0.0512
CUSKS_p_TCGAb47_SNP_1N_GenomeWideSNP_6_B08_628260	7	100329244	100329265	2	1.2973
CUSKS_p_TCGAb47_SNP_1N_GenomeWideSNP_6_B08_628260	7	100332842	109433798	5350	0.0315
CUSKS_p_TCGAb47_SNP_1N_GenomeWideSNP_6_B08_628260	7	109437092	109453982	36	0.4549
CUSKS_p_TCGAb47_SNP_1N_GenomeWideSNP_6_B08_628260	7	109454229	139965297	18777	0.0159
CUSKS_p_TCGAb47_SNP_1N_GenomeWideSNP_6_B08_628260	7	139968955	139979655	9	-0.9277
CUSKS_p_TCGAb47_SNP_1N_GenomeWideSNP_6_B08_628260	7	139980527	143909445	2578	0.0335
CUSKS_p_TCGAb47_SNP_1N_GenomeWideSNP_6_B08_628260	7	143911624	144075518	41	0.5316
CUSKS_p_TCGAb47_SNP_1N_GenomeWideSNP_6_B08_628260	7	144075749	159127004	9699	0.0206
CUSKS_p_TCGAb47_SNP_1N_GenomeWideSNP_6_B08_628260	8	31254	7238019	7862	0.0016
CUSKS_p_TCGAb47_SNP_1N_GenomeWideSNP_6_B08_628260	8	7250380	7809906	151	-0.5576
CUSKS_p_TCGAb47_SNP_1N_GenomeWideSNP_6_B08_628260	8	7826922	11949551	3292	0.0485
CUSKS_p_TCGAb47_SNP_1N_GenomeWideSNP_6_B08_628260	8	11987726	12034997	8	-0.9605
CUSKS_p_TCGAb47_SNP_1N_GenomeWideSNP_6_B08_628260	8	12162739	12247486	47	0.0354
CUSKS_p_TCGAb47_SNP_1N_GenomeWideSNP_6_B08_628260	8	12260927	12275741	11	-1.449
CUSKS_p_TCGAb47_SNP_1N_GenomeWideSNP_6_B08_628260	8	12275810	12646389	152	0.0132
CUSKS_p_TCGAb47_SNP_1N_GenomeWideSNP_6_B08_628260	8	12648728	12649178	2	-2.0271
CUSKS_p_TCGAb47_SNP_1N_GenomeWideSNP_6_B08_628260	8	12652105	14509568	1859	0.0208
CUSKS_p_TCGAb47_SNP_1N_GenomeWideSNP_6_B08_628260	8	14510032	14510074	3	-1.6313
CUSKS_p_TCGAb47_SNP_1N_GenomeWideSNP_6_B08_628260	8	14510396	15400924	774	-0.0102
CUSKS_p_TCGAb47_SNP_1N_GenomeWideSNP_6_B08_628260	8	15401178	15413447	10	-1.0741
CUSKS_p_TCGAb47_SNP_1N_GenomeWideSNP_6_B08_628260	8	15423270	23402308	6537	0.0268
CUSKS_p_TCGAb47_SNP_1N_GenomeWideSNP_6_B08_628260	8	23407740	23407871	5	-1.158
CUSKS_p_TCGAb47_SNP_1N_GenomeWideSNP_6_B08_628260	8	23407905	24972187	1139	0.0347
CUSKS_p_TCGAb47_SNP_1N_GenomeWideSNP_6_B08_628260	8	24974443	24984223	25	-0.3694
CUSKS_p_TCGAb47_SNP_1N_GenomeWideSNP_6_B08_628260	8	24984250	39230325	9047	0.0287
CUSKS_p_TCGAb47_SNP_1N_GenomeWideSNP_6_B08_628260	8	39230659	39408362	78	-0.2199
CUSKS_p_TCGAb47_SNP_1N_GenomeWideSNP_6_B08_628260	8	39408492	47521117	2756	0.036
CUSKS_p_TCGAb47_SNP_1N_GenomeWideSNP_6_B08_628260	8	47525576	47536546	10	0.6318
CUSKS_p_TCGAb47_SNP_1N_GenomeWideSNP_6_B08_628260	8	47546095	48165350	281	0.0215
CUSKS_p_TCGAb47_SNP_1N_GenomeWideSNP_6_B08_628260	8	48167435	48229039	20	0.8285
CUSKS_p_TCGAb47_SNP_1N_GenomeWideSNP_6_B08_628260	8	48235264	115632043	40830	0.0125
CUSKS_p_TCGAb47_SNP_1N_GenomeWideSNP_6_B08_628260	8	115634487	115641731	35	-0.7111
CUSKS_p_TCGAb47_SNP_1N_GenomeWideSNP_6_B08_628260	8	115650697	116470470	538	-0.0022
CUSKS_p_TCGAb47_SNP_1N_GenomeWideSNP_6_B08_628260	8	116471622	116473294	4	-1.0922
CUSKS_p_TCGAb47_SNP_1N_GenomeWideSNP_6_B08_628260	8	116476587	133452917	11908	0.0222
CUSKS_p_TCGAb47_SNP_1N_GenomeWideSNP_6_B08_628260	8	133456657	133458857	7	-1.5214
CUSKS_p_TCGAb47_SNP_1N_GenomeWideSNP_6_B08_628260	8	133461753	144290410	7976	0.0115
CUSKS_p_TCGAb47_SNP_1N_GenomeWideSNP_6_B08_628260	8	144295782	144309939	11	-0.5509
CUSKS_p_TCGAb47_SNP_1N_GenomeWideSNP_6_B08_628260	8	144309998	146298155	640	8e-04
CUSKS_p_TCGAb47_SNP_1N_GenomeWideSNP_6_B08_628260	9	46587	602903	513	0.032
CUSKS_p_TCGAb47_SNP_1N_GenomeWideSNP_6_B08_628260	9	606699	606961	4	-0.9179
CUSKS_p_TCGAb47_SNP_1N_GenomeWideSNP_6_B08_628260	9	607307	5079156	4740	0.0234
CUSKS_p_TCGAb47_SNP_1N_GenomeWideSNP_6_B08_628260	9	5081416	5081766	8	-0.8131
CUSKS_p_TCGAb47_SNP_1N_GenomeWideSNP_6_B08_628260	9	5081852	6655056	1097	0.0377
CUSKS_p_TCGAb47_SNP_1N_GenomeWideSNP_6_B08_628260	9	6657192	6661406	2	-1.2026
CUSKS_p_TCGAb47_SNP_1N_GenomeWideSNP_6_B08_628260	9	6661613	29091097	18470	0.0076
CUSKS_p_TCGAb47_SNP_1N_GenomeWideSNP_6_B08_628260	9	29094549	29097680	3	-1.2117
CUSKS_p_TCGAb47_SNP_1N_GenomeWideSNP_6_B08_628260	9	29100799	36147871	4565	0.0118
CUSKS_p_TCGAb47_SNP_1N_GenomeWideSNP_6_B08_628260	9	36149645	36152153	2	-1.4218
CUSKS_p_TCGAb47_SNP_1N_GenomeWideSNP_6_B08_628260	9	36152398	79554460	8850	0.0226
CUSKS_p_TCGAb47_SNP_1N_GenomeWideSNP_6_B08_628260	9	79556881	79559336	4	-1.6131
CUSKS_p_TCGAb47_SNP_1N_GenomeWideSNP_6_B08_628260	9	79566864	85364105	4052	0.0257
CUSKS_p_TCGAb47_SNP_1N_GenomeWideSNP_6_B08_628260	9	85364771	85384244	11	-0.7511
CUSKS_p_TCGAb47_SNP_1N_GenomeWideSNP_6_B08_628260	9	85391686	141091394	37649	0.0249
CUSKS_p_TCGAb47_SNP_1N_GenomeWideSNP_6_B08_628260	10	72759	4240107	3540	0.0124
CUSKS_p_TCGAb47_SNP_1N_GenomeWideSNP_6_B08_628260	10	4240722	4241572	4	-1.4084
CUSKS_p_TCGAb47_SNP_1N_GenomeWideSNP_6_B08_628260	10	4243998	20840874	13507	0.0249
CUSKS_p_TCGAb47_SNP_1N_GenomeWideSNP_6_B08_628260	10	20850112	20853503	5	-2.0206
CUSKS_p_TCGAb47_SNP_1N_GenomeWideSNP_6_B08_628260	10	20853534	46256781	14535	0.028
CUSKS_p_TCGAb47_SNP_1N_GenomeWideSNP_6_B08_628260	10	46293619	46312487	2	-1.5423
CUSKS_p_TCGAb47_SNP_1N_GenomeWideSNP_6_B08_628260	10	46485761	48694134	665	-0.0025
CUSKS_p_TCGAb47_SNP_1N_GenomeWideSNP_6_B08_628260	10	48695090	49241492	27	-0.4969
CUSKS_p_TCGAb47_SNP_1N_GenomeWideSNP_6_B08_628260	10	49270823	49292463	5	-1.9518
CUSKS_p_TCGAb47_SNP_1N_GenomeWideSNP_6_B08_628260	10	49292482	67306276	12482	0.0107
CUSKS_p_TCGAb47_SNP_1N_GenomeWideSNP_6_B08_628260	10	67307923	67308709	7	-1.2731
CUSKS_p_TCGAb47_SNP_1N_GenomeWideSNP_6_B08_628260	10	67308737	67314430	20	-2.9528
CUSKS_p_TCGAb47_SNP_1N_GenomeWideSNP_6_B08_628260	10	67314446	135506704	46334	0.0248
CUSKS_p_TCGAb47_SNP_1N_GenomeWideSNP_6_B08_628260	11	198510	4967650	2479	5e-04
CUSKS_p_TCGAb47_SNP_1N_GenomeWideSNP_6_B08_628260	11	4968117	4976814	39	0.5586
CUSKS_p_TCGAb47_SNP_1N_GenomeWideSNP_6_B08_628260	11	4976865	5787405	789	0.018
CUSKS_p_TCGAb47_SNP_1N_GenomeWideSNP_6_B08_628260	11	5788080	5809139	32	-0.6294
CUSKS_p_TCGAb47_SNP_1N_GenomeWideSNP_6_B08_628260	11	5809338	19740731	10202	0.0227
CUSKS_p_TCGAb47_SNP_1N_GenomeWideSNP_6_B08_628260	11	19744273	19749929	2	1.4704
CUSKS_p_TCGAb47_SNP_1N_GenomeWideSNP_6_B08_628260	11	19750100	24446368	3661	0.0124
CUSKS_p_TCGAb47_SNP_1N_GenomeWideSNP_6_B08_628260	11	24447892	24455176	5	-1.0372
CUSKS_p_TCGAb47_SNP_1N_GenomeWideSNP_6_B08_628260	11	24458306	49708375	16686	0.0159
CUSKS_p_TCGAb47_SNP_1N_GenomeWideSNP_6_B08_628260	11	49710861	49757671	19	-1.1045
CUSKS_p_TCGAb47_SNP_1N_GenomeWideSNP_6_B08_628260	11	49757767	55361431	762	0.0381
CUSKS_p_TCGAb47_SNP_1N_GenomeWideSNP_6_B08_628260	11	55363340	55496889	95	-0.2586
CUSKS_p_TCGAb47_SNP_1N_GenomeWideSNP_6_B08_628260	11	55497053	125075379	44834	0.0187
CUSKS_p_TCGAb47_SNP_1N_GenomeWideSNP_6_B08_628260	11	125075451	125083704	27	-1.1494
CUSKS_p_TCGAb47_SNP_1N_GenomeWideSNP_6_B08_628260	11	125088270	134944770	7553	0.0178
CUSKS_p_TCGAb47_SNP_1N_GenomeWideSNP_6_B08_628260	12	150442	9630556	6208	0.0266
CUSKS_p_TCGAb47_SNP_1N_GenomeWideSNP_6_B08_628260	12	9633870	9728292	25	-2.0764
CUSKS_p_TCGAb47_SNP_1N_GenomeWideSNP_6_B08_628260	12	9734969	11203572	1035	0.0214
CUSKS_p_TCGAb47_SNP_1N_GenomeWideSNP_6_B08_628260	12	11204156	11219423	9	-0.5727
CUSKS_p_TCGAb47_SNP_1N_GenomeWideSNP_6_B08_628260	12	11220724	13331338	1561	0.0213
CUSKS_p_TCGAb47_SNP_1N_GenomeWideSNP_6_B08_628260	12	13334659	13335140	3	-1.1261
CUSKS_p_TCGAb47_SNP_1N_GenomeWideSNP_6_B08_628260	12	13336367	33294660	14044	0.0162
CUSKS_p_TCGAb47_SNP_1N_GenomeWideSNP_6_B08_628260	12	33301406	33307078	26	0.3933
CUSKS_p_TCGAb47_SNP_1N_GenomeWideSNP_6_B08_628260	12	33307374	33385830	46	-0.0778
CUSKS_p_TCGAb47_SNP_1N_GenomeWideSNP_6_B08_628260	12	33386757	33395418	6	-0.9382
CUSKS_p_TCGAb47_SNP_1N_GenomeWideSNP_6_B08_628260	12	33399053	34250696	539	-0.0416
CUSKS_p_TCGAb47_SNP_1N_GenomeWideSNP_6_B08_628260	12	34256709	34264089	10	-1.2348
CUSKS_p_TCGAb47_SNP_1N_GenomeWideSNP_6_B08_628260	12	34275382	45904438	5029	0.013
CUSKS_p_TCGAb47_SNP_1N_GenomeWideSNP_6_B08_628260	12	45905840	45909537	3	1.2784
CUSKS_p_TCGAb47_SNP_1N_GenomeWideSNP_6_B08_628260	12	45913292	58721231	7217	0.0134
CUSKS_p_TCGAb47_SNP_1N_GenomeWideSNP_6_B08_628260	12	58730151	58730162	2	1.4265
CUSKS_p_TCGAb47_SNP_1N_GenomeWideSNP_6_B08_628260	12	58730848	61643932	1917	0.004
CUSKS_p_TCGAb47_SNP_1N_GenomeWideSNP_6_B08_628260	12	61649350	61649750	2	-1.8981
CUSKS_p_TCGAb47_SNP_1N_GenomeWideSNP_6_B08_628260	12	61650261	70871858	6066	0.0188
CUSKS_p_TCGAb47_SNP_1N_GenomeWideSNP_6_B08_628260	12	70872675	70878027	9	-0.7495
CUSKS_p_TCGAb47_SNP_1N_GenomeWideSNP_6_B08_628260	12	70879385	99791814	18549	0.0131
CUSKS_p_TCGAb47_SNP_1N_GenomeWideSNP_6_B08_628260	12	99795293	99803093	32	-0.6189
CUSKS_p_TCGAb47_SNP_1N_GenomeWideSNP_6_B08_628260	12	99803118	117312646	11762	0.0285
CUSKS_p_TCGAb47_SNP_1N_GenomeWideSNP_6_B08_628260	12	117326854	117422849	62	0.7081
CUSKS_p_TCGAb47_SNP_1N_GenomeWideSNP_6_B08_628260	12	117423264	130263623	8848	0.0255
CUSKS_p_TCGAb47_SNP_1N_GenomeWideSNP_6_B08_628260	12	130266041	130299753	29	0.651
CUSKS_p_TCGAb47_SNP_1N_GenomeWideSNP_6_B08_628260	12	130304281	133778189	2077	0.0199
CUSKS_p_TCGAb47_SNP_1N_GenomeWideSNP_6_B08_628260	13	19026949	57758270	26139	0.0214
CUSKS_p_TCGAb47_SNP_1N_GenomeWideSNP_6_B08_628260	13	57758289	57778380	33	-0.8979
CUSKS_p_TCGAb47_SNP_1N_GenomeWideSNP_6_B08_628260	13	57789714	64303536	3851	-0.0024
CUSKS_p_TCGAb47_SNP_1N_GenomeWideSNP_6_B08_628260	13	64304783	64307531	12	-0.5694
CUSKS_p_TCGAb47_SNP_1N_GenomeWideSNP_6_B08_628260	13	64317829	72476988	5144	-0.0104
CUSKS_p_TCGAb47_SNP_1N_GenomeWideSNP_6_B08_628260	13	72477555	72480556	4	1.2907
CUSKS_p_TCGAb47_SNP_1N_GenomeWideSNP_6_B08_628260	13	72480605	115108397	29166	0.0136
CUSKS_p_TCGAb47_SNP_1N_GenomeWideSNP_6_B08_628260	14	19002124	19689317	48	0.1693
CUSKS_p_TCGAb47_SNP_1N_GenomeWideSNP_6_B08_628260	14	19693231	19697885	3	-0.9973
CUSKS_p_TCGAb47_SNP_1N_GenomeWideSNP_6_B08_628260	14	19706758	20418957	134	-0.2586
CUSKS_p_TCGAb47_SNP_1N_GenomeWideSNP_6_B08_628260	14	20419259	20423372	5	-0.907
CUSKS_p_TCGAb47_SNP_1N_GenomeWideSNP_6_B08_628260	14	20424926	22393148	1356	0.0419
CUSKS_p_TCGAb47_SNP_1N_GenomeWideSNP_6_B08_628260	14	22393359	22393521	2	-2.5934
CUSKS_p_TCGAb47_SNP_1N_GenomeWideSNP_6_B08_628260	14	22393545	40608928	11573	0.0279
CUSKS_p_TCGAb47_SNP_1N_GenomeWideSNP_6_B08_628260	14	40613922	40616919	2	1.3589
CUSKS_p_TCGAb47_SNP_1N_GenomeWideSNP_6_B08_628260	14	40618165	41608358	721	0
CUSKS_p_TCGAb47_SNP_1N_GenomeWideSNP_6_B08_628260	14	41610496	41653977	13	-0.9584
CUSKS_p_TCGAb47_SNP_1N_GenomeWideSNP_6_B08_628260	14	41657249	70018047	17860	0.018
CUSKS_p_TCGAb47_SNP_1N_GenomeWideSNP_6_B08_628260	14	70018368	70022467	8	-0.8969
CUSKS_p_TCGAb47_SNP_1N_GenomeWideSNP_6_B08_628260	14	70022713	74001123	2629	0.0335
CUSKS_p_TCGAb47_SNP_1N_GenomeWideSNP_6_B08_628260	14	74006707	74029900	9	1.151
CUSKS_p_TCGAb47_SNP_1N_GenomeWideSNP_6_B08_628260	14	74029915	106751284	20922	0.019
CUSKS_p_TCGAb47_SNP_1N_GenomeWideSNP_6_B08_628260	14	106753859	106753867	3	-1.1648
CUSKS_p_TCGAb47_SNP_1N_GenomeWideSNP_6_B08_628260	14	106754003	106767739	10	-0.0656
CUSKS_p_TCGAb47_SNP_1N_GenomeWideSNP_6_B08_628260	14	106767801	106939788	104	0.2738
CUSKS_p_TCGAb47_SNP_1N_GenomeWideSNP_6_B08_628260	14	106943522	107285437	216	-0.0861
CUSKS_p_TCGAb47_SNP_1N_GenomeWideSNP_6_B08_628260	15	20016328	20206939	48	0.0712
CUSKS_p_TCGAb47_SNP_1N_GenomeWideSNP_6_B08_628260	15	20216955	20814977	106	0.8497
CUSKS_p_TCGAb47_SNP_1N_GenomeWideSNP_6_B08_628260	15	20820067	22042518	151	1.1272
CUSKS_p_TCGAb47_SNP_1N_GenomeWideSNP_6_B08_628260	15	22042753	22291024	7	2.1116
CUSKS_p_TCGAb47_SNP_1N_GenomeWideSNP_6_B08_628260	15	22293227	22586960	109	0.8867
CUSKS_p_TCGAb47_SNP_1N_GenomeWideSNP_6_B08_628260	15	22587474	36139406	8349	0.0367
CUSKS_p_TCGAb47_SNP_1N_GenomeWideSNP_6_B08_628260	15	36139757	36139786	2	-1.8014
CUSKS_p_TCGAb47_SNP_1N_GenomeWideSNP_6_B08_628260	15	36141952	53784888	10771	0.0282
CUSKS_p_TCGAb47_SNP_1N_GenomeWideSNP_6_B08_628260	15	53784991	53785279	6	-0.9859
CUSKS_p_TCGAb47_SNP_1N_GenomeWideSNP_6_B08_628260	15	53790247	102469040	32535	0.0309
CUSKS_p_TCGAb47_SNP_1N_GenomeWideSNP_6_B08_628260	16	60777	6633260	3847	0.0283
CUSKS_p_TCGAb47_SNP_1N_GenomeWideSNP_6_B08_628260	16	6635106	6835884	312	-1.2016
CUSKS_p_TCGAb47_SNP_1N_GenomeWideSNP_6_B08_628260	16	6838349	14457007	6814	0.0483
CUSKS_p_TCGAb47_SNP_1N_GenomeWideSNP_6_B08_628260	16	14457028	14472063	11	0.3232
CUSKS_p_TCGAb47_SNP_1N_GenomeWideSNP_6_B08_628260	16	14478289	14897816	139	0.104
CUSKS_p_TCGAb47_SNP_1N_GenomeWideSNP_6_B08_628260	16	14906858	15054188	35	0.3417
CUSKS_p_TCGAb47_SNP_1N_GenomeWideSNP_6_B08_628260	16	15054304	15058358	4	1.2233
CUSKS_p_TCGAb47_SNP_1N_GenomeWideSNP_6_B08_628260	16	15059345	19945899	2371	0.0974
CUSKS_p_TCGAb47_SNP_1N_GenomeWideSNP_6_B08_628260	16	19946133	19970818	29	0.4314
CUSKS_p_TCGAb47_SNP_1N_GenomeWideSNP_6_B08_628260	16	19970865	21412403	904	0.0515
CUSKS_p_TCGAb47_SNP_1N_GenomeWideSNP_6_B08_628260	16	21515074	21591340	22	0.4738
CUSKS_p_TCGAb47_SNP_1N_GenomeWideSNP_6_B08_628260	16	21593455	32113692	5610	0.0525
CUSKS_p_TCGAb47_SNP_1N_GenomeWideSNP_6_B08_628260	16	32124331	32588622	70	-0.1873
CUSKS_p_TCGAb47_SNP_1N_GenomeWideSNP_6_B08_628260	16	32588901	32588906	4	-3.6971
CUSKS_p_TCGAb47_SNP_1N_GenomeWideSNP_6_B08_628260	16	32588909	32900730	56	-0.2062
CUSKS_p_TCGAb47_SNP_1N_GenomeWideSNP_6_B08_628260	16	32902257	33436610	39	0.2247
CUSKS_p_TCGAb47_SNP_1N_GenomeWideSNP_6_B08_628260	16	33438549	33631830	72	-0.4577
CUSKS_p_TCGAb47_SNP_1N_GenomeWideSNP_6_B08_628260	16	33643399	66035743	13766	0.031
CUSKS_p_TCGAb47_SNP_1N_GenomeWideSNP_6_B08_628260	16	66036144	66036763	4	-1.2786
CUSKS_p_TCGAb47_SNP_1N_GenomeWideSNP_6_B08_628260	16	66043381	70125174	2005	0.033
CUSKS_p_TCGAb47_SNP_1N_GenomeWideSNP_6_B08_628260	16	70136868	70198356	17	0.9537
CUSKS_p_TCGAb47_SNP_1N_GenomeWideSNP_6_B08_628260	16	70198396	74384258	2429	0.0449
CUSKS_p_TCGAb47_SNP_1N_GenomeWideSNP_6_B08_628260	16	74397058	74456601	9	1.4268
CUSKS_p_TCGAb47_SNP_1N_GenomeWideSNP_6_B08_628260	16	74465396	78372846	3215	0.0348
CUSKS_p_TCGAb47_SNP_1N_GenomeWideSNP_6_B08_628260	16	78373337	78376711	5	-1.3927
CUSKS_p_TCGAb47_SNP_1N_GenomeWideSNP_6_B08_628260	16	78376934	79510358	1466	0.0506
CUSKS_p_TCGAb47_SNP_1N_GenomeWideSNP_6_B08_628260	16	79512541	79513098	3	-1.1411
CUSKS_p_TCGAb47_SNP_1N_GenomeWideSNP_6_B08_628260	16	79514155	81242102	1835	0.0305
CUSKS_p_TCGAb47_SNP_1N_GenomeWideSNP_6_B08_628260	16	81242637	81275401	32	0.3087
CUSKS_p_TCGAb47_SNP_1N_GenomeWideSNP_6_B08_628260	16	81275416	86770924	5510	0.0255
CUSKS_p_TCGAb47_SNP_1N_GenomeWideSNP_6_B08_628260	16	86771069	86771845	3	1.1319
CUSKS_p_TCGAb47_SNP_1N_GenomeWideSNP_6_B08_628260	16	86774324	90077135	1732	0.0109
CUSKS_p_TCGAb47_SNP_1N_GenomeWideSNP_6_B08_628260	16	90080155	90080446	2	-1.6808
CUSKS_p_TCGAb47_SNP_1N_GenomeWideSNP_6_B08_628260	16	90080998	90287535	70	-0.0645
CUSKS_p_TCGAb47_SNP_1N_GenomeWideSNP_6_B08_628260	17	526	16621758	10511	0.0386
CUSKS_p_TCGAb47_SNP_1N_GenomeWideSNP_6_B08_628260	17	16621818	16735532	16	0.6282
CUSKS_p_TCGAb47_SNP_1N_GenomeWideSNP_6_B08_628260	17	16738160	18319862	922	0.0128
CUSKS_p_TCGAb47_SNP_1N_GenomeWideSNP_6_B08_628260	17	18355392	18453437	26	-1.5199
CUSKS_p_TCGAb47_SNP_1N_GenomeWideSNP_6_B08_628260	17	18459272	39423090	9508	0.0249
CUSKS_p_TCGAb47_SNP_1N_GenomeWideSNP_6_B08_628260	17	39423103	39430531	19	0.8217
CUSKS_p_TCGAb47_SNP_1N_GenomeWideSNP_6_B08_628260	17	39432724	44401067	2640	0.0149
CUSKS_p_TCGAb47_SNP_1N_GenomeWideSNP_6_B08_628260	17	44408662	44752283	43	0.7296
CUSKS_p_TCGAb47_SNP_1N_GenomeWideSNP_6_B08_628260	17	44752300	56212100	7369	0.0248
CUSKS_p_TCGAb47_SNP_1N_GenomeWideSNP_6_B08_628260	17	56212514	56214094	3	-5.7805
CUSKS_p_TCGAb47_SNP_1N_GenomeWideSNP_6_B08_628260	17	56217398	75400737	11416	0.0304
CUSKS_p_TCGAb47_SNP_1N_GenomeWideSNP_6_B08_628260	17	75401563	75401636	2	-1.4124
CUSKS_p_TCGAb47_SNP_1N_GenomeWideSNP_6_B08_628260	17	75404108	81049726	2836	-0.002
CUSKS_p_TCGAb47_SNP_1N_GenomeWideSNP_6_B08_628260	18	11543	66743345	42623	0.0156
CUSKS_p_TCGAb47_SNP_1N_GenomeWideSNP_6_B08_628260	18	66746106	66757709	39	-0.9665
CUSKS_p_TCGAb47_SNP_1N_GenomeWideSNP_6_B08_628260	18	66757750	78015057	8176	-4e-04
CUSKS_p_TCGAb47_SNP_1N_GenomeWideSNP_6_B08_628260	19	90910	5506659	1598	0.0211
CUSKS_p_TCGAb47_SNP_1N_GenomeWideSNP_6_B08_628260	19	5510239	5510653	3	-2.9194
CUSKS_p_TCGAb47_SNP_1N_GenomeWideSNP_6_B08_628260	19	5510700	31284806	12080	0.0357
CUSKS_p_TCGAb47_SNP_1N_GenomeWideSNP_6_B08_628260	19	31288118	31288540	2	-1.5346
CUSKS_p_TCGAb47_SNP_1N_GenomeWideSNP_6_B08_628260	19	31290599	35849322	3148	0.0328
CUSKS_p_TCGAb47_SNP_1N_GenomeWideSNP_6_B08_628260	19	35849493	35861848	22	-0.5652
CUSKS_p_TCGAb47_SNP_1N_GenomeWideSNP_6_B08_628260	19	35866744	42058025	3202	0.0442
CUSKS_p_TCGAb47_SNP_1N_GenomeWideSNP_6_B08_628260	19	42059850	42061853	4	-0.9982
CUSKS_p_TCGAb47_SNP_1N_GenomeWideSNP_6_B08_628260	19	42062238	53327390	5715	0.0311
CUSKS_p_TCGAb47_SNP_1N_GenomeWideSNP_6_B08_628260	19	53327559	53371718	54	0.4688
CUSKS_p_TCGAb47_SNP_1N_GenomeWideSNP_6_B08_628260	19	53374562	59097854	3537	0.0534
CUSKS_p_TCGAb47_SNP_1N_GenomeWideSNP_6_B08_628260	20	61305	1567454	1210	0.0231
CUSKS_p_TCGAb47_SNP_1N_GenomeWideSNP_6_B08_628260	20	1567653	1582207	33	-0.7117
CUSKS_p_TCGAb47_SNP_1N_GenomeWideSNP_6_B08_628260	20	1590257	1593893	5	-2.3181
CUSKS_p_TCGAb47_SNP_1N_GenomeWideSNP_6_B08_628260	20	1597946	15960144	11059	0.0269
CUSKS_p_TCGAb47_SNP_1N_GenomeWideSNP_6_B08_628260	20	15961553	15961689	2	-1.3099
CUSKS_p_TCGAb47_SNP_1N_GenomeWideSNP_6_B08_628260	20	15968861	41243499	14571	0.0279
CUSKS_p_TCGAb47_SNP_1N_GenomeWideSNP_6_B08_628260	20	41250407	41292512	73	-0.9548
CUSKS_p_TCGAb47_SNP_1N_GenomeWideSNP_6_B08_628260	20	41292800	62956153	15560	0.0328
CUSKS_p_TCGAb47_SNP_1N_GenomeWideSNP_6_B08_628260	21	10736871	20641563	4203	0.0184
CUSKS_p_TCGAb47_SNP_1N_GenomeWideSNP_6_B08_628260	21	20641600	20641974	6	-1.1037
CUSKS_p_TCGAb47_SNP_1N_GenomeWideSNP_6_B08_628260	21	20643306	22976112	1734	-0.0023
CUSKS_p_TCGAb47_SNP_1N_GenomeWideSNP_6_B08_628260	21	22979873	22980876	3	-1.1881
CUSKS_p_TCGAb47_SNP_1N_GenomeWideSNP_6_B08_628260	21	22982574	33059243	7557	0.0112
CUSKS_p_TCGAb47_SNP_1N_GenomeWideSNP_6_B08_628260	21	33059589	33067024	2	-1.513
CUSKS_p_TCGAb47_SNP_1N_GenomeWideSNP_6_B08_628260	21	33068475	42122188	6997	0.0282
CUSKS_p_TCGAb47_SNP_1N_GenomeWideSNP_6_B08_628260	21	42123454	42124101	3	-1.2221
CUSKS_p_TCGAb47_SNP_1N_GenomeWideSNP_6_B08_628260	21	42127721	48096957	3920	-0.0023
CUSKS_p_TCGAb47_SNP_1N_GenomeWideSNP_6_B08_628260	22	16052528	24271745	4588	0.0532
CUSKS_p_TCGAb47_SNP_1N_GenomeWideSNP_6_B08_628260	22	24283016	24330218	26	-0.4429
CUSKS_p_TCGAb47_SNP_1N_GenomeWideSNP_6_B08_628260	22	24330269	24331967	2	-3.5995
CUSKS_p_TCGAb47_SNP_1N_GenomeWideSNP_6_B08_628260	22	24332625	24337949	4	-0.8953
CUSKS_p_TCGAb47_SNP_1N_GenomeWideSNP_6_B08_628260	22	24344422	24396814	20	0.9631
CUSKS_p_TCGAb47_SNP_1N_GenomeWideSNP_6_B08_628260	22	24401529	34173406	7275	0.0459
CUSKS_p_TCGAb47_SNP_1N_GenomeWideSNP_6_B08_628260	22	34174947	34174985	4	-2.7904
CUSKS_p_TCGAb47_SNP_1N_GenomeWideSNP_6_B08_628260	22	34181422	37722384	2779	0.0286
CUSKS_p_TCGAb47_SNP_1N_GenomeWideSNP_6_B08_628260	22	37727881	37749946	7	-0.9031
CUSKS_p_TCGAb47_SNP_1N_GenomeWideSNP_6_B08_628260	22	37750667	39290920	767	0.0208
CUSKS_p_TCGAb47_SNP_1N_GenomeWideSNP_6_B08_628260	22	39295255	39296904	3	-4.0678
CUSKS_p_TCGAb47_SNP_1N_GenomeWideSNP_6_B08_628260	22	39299114	50967032	7939	0.0253
CUSKS_p_TCGAb47_SNP_1N_GenomeWideSNP_6_B08_628260	22	50973108	50973116	5	-0.9979
CUSKS_p_TCGAb47_SNP_1N_GenomeWideSNP_6_B08_628260	22	50973754	51234455	147	-0.0036
CUSKS_p_TCGAb47_SNP_1N_GenomeWideSNP_6_B08_628260	X	168477	76349873	40162	0.0247
CUSKS_p_TCGAb47_SNP_1N_GenomeWideSNP_6_B08_628260	X	76353650	76555628	22	0.6283
CUSKS_p_TCGAb47_SNP_1N_GenomeWideSNP_6_B08_628260	X	76560219	87498631	6003	0.0194
CUSKS_p_TCGAb47_SNP_1N_GenomeWideSNP_6_B08_628260	X	87499348	87500114	2	-1.387
CUSKS_p_TCGAb47_SNP_1N_GenomeWideSNP_6_B08_628260	X	87506071	96599520	4705	0.0055
CUSKS_p_TCGAb47_SNP_1N_GenomeWideSNP_6_B08_628260	X	96608092	96608556	2	-1.3142
CUSKS_p_TCGAb47_SNP_1N_GenomeWideSNP_6_B08_628260	X	96612190	100526169	2149	0.0318
CUSKS_p_TCGAb47_SNP_1N_GenomeWideSNP_6_B08_628260	X	100529437	100532845	2	-1.3312
CUSKS_p_TCGAb47_SNP_1N_GenomeWideSNP_6_B08_628260	X	100532924	115133681	7780	0.0243
CUSKS_p_TCGAb47_SNP_1N_GenomeWideSNP_6_B08_628260	X	115137955	115150638	7	1.0296
CUSKS_p_TCGAb47_SNP_1N_GenomeWideSNP_6_B08_628260	X	115156419	155182354	23796	0.0171
CUSKS_p_TCGAb47_SNP_1N_GenomeWideSNP_6_B08_628260	Y	2650438	6101425	871	-2.9467
CUSKS_p_TCGAb47_SNP_1N_GenomeWideSNP_6_B08_628260	Y	6107901	6424299	128	-4.517
CUSKS_p_TCGAb47_SNP_1N_GenomeWideSNP_6_B08_628260	Y	6426233	7454037	457	-3.3263
CUSKS_p_TCGAb47_SNP_1N_GenomeWideSNP_6_B08_628260	Y	7454617	7472116	16	-5.3564
CUSKS_p_TCGAb47_SNP_1N_GenomeWideSNP_6_B08_628260	Y	7472222	9164747	972	-3.7914
CUSKS_p_TCGAb47_SNP_1N_GenomeWideSNP_6_B08_628260	Y	9167305	9391884	27	-5.5208
CUSKS_p_TCGAb47_SNP_1N_GenomeWideSNP_6_B08_628260	Y	9392195	9526990	62	-3.4868
CUSKS_p_TCGAb47_SNP_1N_GenomeWideSNP_6_B08_628260	Y	9531709	9631901	39	-4.7755
CUSKS_p_TCGAb47_SNP_1N_GenomeWideSNP_6_B08_628260	Y	9633865	9729972	34	-3.6873
CUSKS_p_TCGAb47_SNP_1N_GenomeWideSNP_6_B08_628260	Y	9730878	9759564	20	-4.9244
CUSKS_p_TCGAb47_SNP_1N_GenomeWideSNP_6_B08_628260	Y	9774614	19570632	3034	-3.5338
CUSKS_p_TCGAb47_SNP_1N_GenomeWideSNP_6_B08_628260	Y	19571480	21024613	672	-4.4544
CUSKS_p_TCGAb47_SNP_1N_GenomeWideSNP_6_B08_628260	Y	21025062	23884367	1097	-3.6475
CUSKS_p_TCGAb47_SNP_1N_GenomeWideSNP_6_B08_628260	Y	23886358	26631228	591	-4.2363
CUSKS_p_TCGAb47_SNP_1N_GenomeWideSNP_6_B08_628260	Y	26631371	27436702	85	-5.1129
CUSKS_p_TCGAb47_SNP_1N_GenomeWideSNP_6_B08_628260	Y	27444915	27720551	91	-3.4134
CUSKS_p_TCGAb47_SNP_1N_GenomeWideSNP_6_B08_628260	Y	27721084	28277692	195	-4.3245
CUSKS_p_TCGAb47_SNP_1N_GenomeWideSNP_6_B08_628260	Y	28289727	28322019	13	-6.4139
CUSKS_p_TCGAb47_SNP_1N_GenomeWideSNP_6_B08_628260	Y	28322083	28423938	43	-4.109
CUSKS_p_TCGAb47_SNP_1N_GenomeWideSNP_6_B08_628260	Y	28438116	59018259	183	-3.074
