Sample	Chromosome	Start	End	Num_Probes	Segment_Mean
CUSKS_p_TCGAb47_SNP_1N_GenomeWideSNP_6_A12_628274	1	61735	98588	16	0.3295
CUSKS_p_TCGAb47_SNP_1N_GenomeWideSNP_6_A12_628274	1	98602	12858053	6515	-0.3138
CUSKS_p_TCGAb47_SNP_1N_GenomeWideSNP_6_A12_628274	1	12859292	13793392	95	0.0241
CUSKS_p_TCGAb47_SNP_1N_GenomeWideSNP_6_A12_628274	1	13794825	16142960	1778	-0.3348
CUSKS_p_TCGAb47_SNP_1N_GenomeWideSNP_6_A12_628274	1	16147032	16154966	20	0.4586
CUSKS_p_TCGAb47_SNP_1N_GenomeWideSNP_6_A12_628274	1	16155010	16963313	328	-0.3456
CUSKS_p_TCGAb47_SNP_1N_GenomeWideSNP_6_A12_628274	1	16963545	17036888	47	0.0736
CUSKS_p_TCGAb47_SNP_1N_GenomeWideSNP_6_A12_628274	1	17037097	17056457	8	-0.7377
CUSKS_p_TCGAb47_SNP_1N_GenomeWideSNP_6_A12_628274	1	17076467	17112177	16	0.2784
CUSKS_p_TCGAb47_SNP_1N_GenomeWideSNP_6_A12_628274	1	17114427	38162707	11992	-0.3266
CUSKS_p_TCGAb47_SNP_1N_GenomeWideSNP_6_A12_628274	1	38162760	42542658	2537	0.3716
CUSKS_p_TCGAb47_SNP_1N_GenomeWideSNP_6_A12_628274	1	42542966	43468555	534	0.7288
CUSKS_p_TCGAb47_SNP_1N_GenomeWideSNP_6_A12_628274	1	43470766	52175217	4670	-0.3291
CUSKS_p_TCGAb47_SNP_1N_GenomeWideSNP_6_A12_628274	1	52182187	64703426	8929	0.6958
CUSKS_p_TCGAb47_SNP_1N_GenomeWideSNP_6_A12_628274	1	64704921	64704928	2	-1.6895
CUSKS_p_TCGAb47_SNP_1N_GenomeWideSNP_6_A12_628274	1	64707243	70997639	4428	0.6866
CUSKS_p_TCGAb47_SNP_1N_GenomeWideSNP_6_A12_628274	1	70997811	70997945	3	-1.5618
CUSKS_p_TCGAb47_SNP_1N_GenomeWideSNP_6_A12_628274	1	70998145	72750353	1132	0.6998
CUSKS_p_TCGAb47_SNP_1N_GenomeWideSNP_6_A12_628274	1	72756113	72763370	9	-1.349
CUSKS_p_TCGAb47_SNP_1N_GenomeWideSNP_6_A12_628274	1	72768418	72779091	13	1.2202
CUSKS_p_TCGAb47_SNP_1N_GenomeWideSNP_6_A12_628274	1	72779107	72811148	35	2.053
CUSKS_p_TCGAb47_SNP_1N_GenomeWideSNP_6_A12_628274	1	72811904	76381880	2151	0.6935
CUSKS_p_TCGAb47_SNP_1N_GenomeWideSNP_6_A12_628274	1	76383017	83829022	4952	-0.3832
CUSKS_p_TCGAb47_SNP_1N_GenomeWideSNP_6_A12_628274	1	83829357	83854308	15	-1.244
CUSKS_p_TCGAb47_SNP_1N_GenomeWideSNP_6_A12_628274	1	83857253	110232974	16606	-0.3633
CUSKS_p_TCGAb47_SNP_1N_GenomeWideSNP_6_A12_628274	1	110233037	110244998	18	-1.2952
CUSKS_p_TCGAb47_SNP_1N_GenomeWideSNP_6_A12_628274	1	110246126	110431422	134	-0.3787
CUSKS_p_TCGAb47_SNP_1N_GenomeWideSNP_6_A12_628274	1	110431514	110433921	2	-2.6145
CUSKS_p_TCGAb47_SNP_1N_GenomeWideSNP_6_A12_628274	1	110435809	111377575	708	-0.3272
CUSKS_p_TCGAb47_SNP_1N_GenomeWideSNP_6_A12_628274	1	111378895	111383225	21	-1.3137
CUSKS_p_TCGAb47_SNP_1N_GenomeWideSNP_6_A12_628274	1	111383334	112690326	1090	-0.3416
CUSKS_p_TCGAb47_SNP_1N_GenomeWideSNP_6_A12_628274	1	112695965	112697012	18	-2.2084
CUSKS_p_TCGAb47_SNP_1N_GenomeWideSNP_6_A12_628274	1	112697174	118799668	3894	-0.3512
CUSKS_p_TCGAb47_SNP_1N_GenomeWideSNP_6_A12_628274	1	118799927	120668364	1194	0.6954
CUSKS_p_TCGAb47_SNP_1N_GenomeWideSNP_6_A12_628274	1	120671582	120693215	10	1.4556
CUSKS_p_TCGAb47_SNP_1N_GenomeWideSNP_6_A12_628274	1	120696009	121482979	98	-0.3006
CUSKS_p_TCGAb47_SNP_1N_GenomeWideSNP_6_A12_628274	1	144007049	144549929	50	0.5127
CUSKS_p_TCGAb47_SNP_1N_GenomeWideSNP_6_A12_628274	1	144555185	144897676	48	-0.0603
CUSKS_p_TCGAb47_SNP_1N_GenomeWideSNP_6_A12_628274	1	144897697	144914863	13	-1.0593
CUSKS_p_TCGAb47_SNP_1N_GenomeWideSNP_6_A12_628274	1	144916995	145173423	126	0.1571
CUSKS_p_TCGAb47_SNP_1N_GenomeWideSNP_6_A12_628274	1	145180842	145372563	39	-0.3502
CUSKS_p_TCGAb47_SNP_1N_GenomeWideSNP_6_A12_628274	1	145382124	150800761	1608	0.6588
CUSKS_p_TCGAb47_SNP_1N_GenomeWideSNP_6_A12_628274	1	150801002	150811005	7	1.6158
CUSKS_p_TCGAb47_SNP_1N_GenomeWideSNP_6_A12_628274	1	150811028	151373721	248	0.6838
CUSKS_p_TCGAb47_SNP_1N_GenomeWideSNP_6_A12_628274	1	151373780	151390779	13	1.2704
CUSKS_p_TCGAb47_SNP_1N_GenomeWideSNP_6_A12_628274	1	151391093	152555176	703	0.7086
CUSKS_p_TCGAb47_SNP_1N_GenomeWideSNP_6_A12_628274	1	152555527	152586594	36	1.7003
CUSKS_p_TCGAb47_SNP_1N_GenomeWideSNP_6_A12_628274	1	152590494	152762438	180	0.6897
CUSKS_p_TCGAb47_SNP_1N_GenomeWideSNP_6_A12_628274	1	152762454	152773905	29	1.2158
CUSKS_p_TCGAb47_SNP_1N_GenomeWideSNP_6_A12_628274	1	152776755	158854768	3621	0.6845
CUSKS_p_TCGAb47_SNP_1N_GenomeWideSNP_6_A12_628274	1	158866472	158868501	3	2.4833
CUSKS_p_TCGAb47_SNP_1N_GenomeWideSNP_6_A12_628274	1	158869759	178660009	13789	0.6979
CUSKS_p_TCGAb47_SNP_1N_GenomeWideSNP_6_A12_628274	1	178660145	178666293	25	1.2077
CUSKS_p_TCGAb47_SNP_1N_GenomeWideSNP_6_A12_628274	1	178668655	193155792	9724	0.7027
CUSKS_p_TCGAb47_SNP_1N_GenomeWideSNP_6_A12_628274	1	193156279	193156348	4	-1.0362
CUSKS_p_TCGAb47_SNP_1N_GenomeWideSNP_6_A12_628274	1	193159723	198304536	3323	0.6842
CUSKS_p_TCGAb47_SNP_1N_GenomeWideSNP_6_A12_628274	1	198306932	198307779	2	-2.8832
CUSKS_p_TCGAb47_SNP_1N_GenomeWideSNP_6_A12_628274	1	198311359	248709670	34963	0.7012
CUSKS_p_TCGAb47_SNP_1N_GenomeWideSNP_6_A12_628274	1	248713868	248795289	35	-1.0576
CUSKS_p_TCGAb47_SNP_1N_GenomeWideSNP_6_A12_628274	1	248795852	249224388	148	0.7767
CUSKS_p_TCGAb47_SNP_1N_GenomeWideSNP_6_A12_628274	2	12784	36862	14	-0.1313
CUSKS_p_TCGAb47_SNP_1N_GenomeWideSNP_6_A12_628274	2	37100	4205687	2976	0.1737
CUSKS_p_TCGAb47_SNP_1N_GenomeWideSNP_6_A12_628274	2	4213864	4223567	38	-0.992
CUSKS_p_TCGAb47_SNP_1N_GenomeWideSNP_6_A12_628274	2	4223695	34520473	20996	0.1582
CUSKS_p_TCGAb47_SNP_1N_GenomeWideSNP_6_A12_628274	2	34523978	34525580	2	-3.056
CUSKS_p_TCGAb47_SNP_1N_GenomeWideSNP_6_A12_628274	2	34525967	34691069	95	0.0748
CUSKS_p_TCGAb47_SNP_1N_GenomeWideSNP_6_A12_628274	2	34699315	34737057	46	-1.8594
CUSKS_p_TCGAb47_SNP_1N_GenomeWideSNP_6_A12_628274	2	34737163	89966824	35986	0.1483
CUSKS_p_TCGAb47_SNP_1N_GenomeWideSNP_6_A12_628274	2	89972681	89995037	3	2.3464
CUSKS_p_TCGAb47_SNP_1N_GenomeWideSNP_6_A12_628274	2	89999062	92305784	284	0.1079
CUSKS_p_TCGAb47_SNP_1N_GenomeWideSNP_6_A12_628274	2	95327887	95801467	154	1.7046
CUSKS_p_TCGAb47_SNP_1N_GenomeWideSNP_6_A12_628274	2	95810616	98118212	753	0.151
CUSKS_p_TCGAb47_SNP_1N_GenomeWideSNP_6_A12_628274	2	98140747	98161710	8	-1.0446
CUSKS_p_TCGAb47_SNP_1N_GenomeWideSNP_6_A12_628274	2	98162189	106880095	5583	0.1583
CUSKS_p_TCGAb47_SNP_1N_GenomeWideSNP_6_A12_628274	2	106880713	106887255	12	1.2633
CUSKS_p_TCGAb47_SNP_1N_GenomeWideSNP_6_A12_628274	2	106887408	116543693	5191	0.1539
CUSKS_p_TCGAb47_SNP_1N_GenomeWideSNP_6_A12_628274	2	116548347	116628788	54	-0.2051
CUSKS_p_TCGAb47_SNP_1N_GenomeWideSNP_6_A12_628274	2	116630507	125957425	5966	0.1363
CUSKS_p_TCGAb47_SNP_1N_GenomeWideSNP_6_A12_628274	2	125957644	125957713	2	-1.9932
CUSKS_p_TCGAb47_SNP_1N_GenomeWideSNP_6_A12_628274	2	125958733	146862085	12745	-0.0187
CUSKS_p_TCGAb47_SNP_1N_GenomeWideSNP_6_A12_628274	2	146864404	146865369	11	1.0501
CUSKS_p_TCGAb47_SNP_1N_GenomeWideSNP_6_A12_628274	2	146865747	194687745	28923	-0.0867
CUSKS_p_TCGAb47_SNP_1N_GenomeWideSNP_6_A12_628274	2	194690304	194693798	2	2.048
CUSKS_p_TCGAb47_SNP_1N_GenomeWideSNP_6_A12_628274	2	194702314	208350626	8096	-0.0885
CUSKS_p_TCGAb47_SNP_1N_GenomeWideSNP_6_A12_628274	2	208350754	208359025	17	0.6827
CUSKS_p_TCGAb47_SNP_1N_GenomeWideSNP_6_A12_628274	2	208359149	243089456	22154	-0.0722
CUSKS_p_TCGAb47_SNP_1N_GenomeWideSNP_6_A12_628274	3	60345	221434	156	0.0279
CUSKS_p_TCGAb47_SNP_1N_GenomeWideSNP_6_A12_628274	3	224602	232800	5	-1.124
CUSKS_p_TCGAb47_SNP_1N_GenomeWideSNP_6_A12_628274	3	234877	1550301	1140	0.0362
CUSKS_p_TCGAb47_SNP_1N_GenomeWideSNP_6_A12_628274	3	1551341	1816699	280	-0.5246
CUSKS_p_TCGAb47_SNP_1N_GenomeWideSNP_6_A12_628274	3	1820234	1832057	16	-1.3467
CUSKS_p_TCGAb47_SNP_1N_GenomeWideSNP_6_A12_628274	3	1833607	3157051	1164	-0.4274
CUSKS_p_TCGAb47_SNP_1N_GenomeWideSNP_6_A12_628274	3	3161883	6646543	3089	0.1705
CUSKS_p_TCGAb47_SNP_1N_GenomeWideSNP_6_A12_628274	3	6651128	6653332	23	-0.6235
CUSKS_p_TCGAb47_SNP_1N_GenomeWideSNP_6_A12_628274	3	6655078	6743125	75	0.2233
CUSKS_p_TCGAb47_SNP_1N_GenomeWideSNP_6_A12_628274	3	6743581	10187081	2689	-0.3718
CUSKS_p_TCGAb47_SNP_1N_GenomeWideSNP_6_A12_628274	3	10187301	10200554	13	0.6259
CUSKS_p_TCGAb47_SNP_1N_GenomeWideSNP_6_A12_628274	3	10202884	12694902	1910	-0.3416
CUSKS_p_TCGAb47_SNP_1N_GenomeWideSNP_6_A12_628274	3	12694923	12716587	32	0.1735
CUSKS_p_TCGAb47_SNP_1N_GenomeWideSNP_6_A12_628274	3	12720017	14635095	1323	-0.3496
CUSKS_p_TCGAb47_SNP_1N_GenomeWideSNP_6_A12_628274	3	14638904	21286943	4047	0.723
CUSKS_p_TCGAb47_SNP_1N_GenomeWideSNP_6_A12_628274	3	21287604	21297947	3	1.9659
CUSKS_p_TCGAb47_SNP_1N_GenomeWideSNP_6_A12_628274	3	21298125	26613201	4122	0.7041
CUSKS_p_TCGAb47_SNP_1N_GenomeWideSNP_6_A12_628274	3	26614974	26614985	8	-0.6154
CUSKS_p_TCGAb47_SNP_1N_GenomeWideSNP_6_A12_628274	3	26615949	27813670	753	0.7356
CUSKS_p_TCGAb47_SNP_1N_GenomeWideSNP_6_A12_628274	3	27814028	28595118	517	0.2835
CUSKS_p_TCGAb47_SNP_1N_GenomeWideSNP_6_A12_628274	3	28595323	28917473	241	-0.3543
CUSKS_p_TCGAb47_SNP_1N_GenomeWideSNP_6_A12_628274	3	28920320	28959455	38	0.7508
CUSKS_p_TCGAb47_SNP_1N_GenomeWideSNP_6_A12_628274	3	28963576	29118009	104	-0.4281
CUSKS_p_TCGAb47_SNP_1N_GenomeWideSNP_6_A12_628274	3	29118336	29200525	61	0.2325
CUSKS_p_TCGAb47_SNP_1N_GenomeWideSNP_6_A12_628274	3	29200715	29221033	16	-0.3894
CUSKS_p_TCGAb47_SNP_1N_GenomeWideSNP_6_A12_628274	3	29223338	29236985	15	0.1577
CUSKS_p_TCGAb47_SNP_1N_GenomeWideSNP_6_A12_628274	3	29238081	29248834	12	-0.3331
CUSKS_p_TCGAb47_SNP_1N_GenomeWideSNP_6_A12_628274	3	29253044	29935660	537	0.7893
CUSKS_p_TCGAb47_SNP_1N_GenomeWideSNP_6_A12_628274	3	29938799	29950169	12	-0.3357
CUSKS_p_TCGAb47_SNP_1N_GenomeWideSNP_6_A12_628274	3	29954399	30745369	618	0.7678
CUSKS_p_TCGAb47_SNP_1N_GenomeWideSNP_6_A12_628274	3	30748409	33127867	1591	0.1829
CUSKS_p_TCGAb47_SNP_1N_GenomeWideSNP_6_A12_628274	3	33129542	33591528	260	0.6017
CUSKS_p_TCGAb47_SNP_1N_GenomeWideSNP_6_A12_628274	3	33600582	34288960	362	0.1696
CUSKS_p_TCGAb47_SNP_1N_GenomeWideSNP_6_A12_628274	3	34294343	35302385	630	-0.3702
CUSKS_p_TCGAb47_SNP_1N_GenomeWideSNP_6_A12_628274	3	35302803	35821443	332	0.2484
CUSKS_p_TCGAb47_SNP_1N_GenomeWideSNP_6_A12_628274	3	35823445	35931981	63	-0.1599
CUSKS_p_TCGAb47_SNP_1N_GenomeWideSNP_6_A12_628274	3	35932494	36772154	686	0.1946
CUSKS_p_TCGAb47_SNP_1N_GenomeWideSNP_6_A12_628274	3	36772521	38923000	1407	0.7241
CUSKS_p_TCGAb47_SNP_1N_GenomeWideSNP_6_A12_628274	3	38929270	39351457	278	0.1859
CUSKS_p_TCGAb47_SNP_1N_GenomeWideSNP_6_A12_628274	3	39357074	46832050	4671	-0.3499
CUSKS_p_TCGAb47_SNP_1N_GenomeWideSNP_6_A12_628274	3	46832081	46847538	11	-1.2633
CUSKS_p_TCGAb47_SNP_1N_GenomeWideSNP_6_A12_628274	3	46847616	53034380	2522	-0.3443
CUSKS_p_TCGAb47_SNP_1N_GenomeWideSNP_6_A12_628274	3	53034449	53037085	3	1.6975
CUSKS_p_TCGAb47_SNP_1N_GenomeWideSNP_6_A12_628274	3	53037240	54680629	1155	-0.3564
CUSKS_p_TCGAb47_SNP_1N_GenomeWideSNP_6_A12_628274	3	54686119	54804900	93	0.2396
CUSKS_p_TCGAb47_SNP_1N_GenomeWideSNP_6_A12_628274	3	54807240	54836426	31	-0.3642
CUSKS_p_TCGAb47_SNP_1N_GenomeWideSNP_6_A12_628274	3	54844691	55166721	305	0.1885
CUSKS_p_TCGAb47_SNP_1N_GenomeWideSNP_6_A12_628274	3	55184342	58827339	2364	-0.3647
CUSKS_p_TCGAb47_SNP_1N_GenomeWideSNP_6_A12_628274	3	58834033	58915995	39	-2.2418
CUSKS_p_TCGAb47_SNP_1N_GenomeWideSNP_6_A12_628274	3	58931032	65199250	5614	-0.3914
CUSKS_p_TCGAb47_SNP_1N_GenomeWideSNP_6_A12_628274	3	65199265	65216368	28	0.1722
CUSKS_p_TCGAb47_SNP_1N_GenomeWideSNP_6_A12_628274	3	65216483	67698815	1775	-0.3715
CUSKS_p_TCGAb47_SNP_1N_GenomeWideSNP_6_A12_628274	3	67708813	68855736	746	0.517
CUSKS_p_TCGAb47_SNP_1N_GenomeWideSNP_6_A12_628274	3	68858280	68947449	102	-0.3819
CUSKS_p_TCGAb47_SNP_1N_GenomeWideSNP_6_A12_628274	3	68951847	69678610	539	0.1924
CUSKS_p_TCGAb47_SNP_1N_GenomeWideSNP_6_A12_628274	3	69680114	70563744	708	-0.3473
CUSKS_p_TCGAb47_SNP_1N_GenomeWideSNP_6_A12_628274	3	70564075	70572557	14	-0.9697
CUSKS_p_TCGAb47_SNP_1N_GenomeWideSNP_6_A12_628274	3	70573976	70741446	115	-0.3244
CUSKS_p_TCGAb47_SNP_1N_GenomeWideSNP_6_A12_628274	3	70744974	71050546	208	0.2202
CUSKS_p_TCGAb47_SNP_1N_GenomeWideSNP_6_A12_628274	3	71051352	77909059	4514	-0.3819
CUSKS_p_TCGAb47_SNP_1N_GenomeWideSNP_6_A12_628274	3	77914154	79344397	787	0.1828
CUSKS_p_TCGAb47_SNP_1N_GenomeWideSNP_6_A12_628274	3	79344782	84903747	3008	-0.3883
CUSKS_p_TCGAb47_SNP_1N_GenomeWideSNP_6_A12_628274	3	84904026	85197732	198	0.5685
CUSKS_p_TCGAb47_SNP_1N_GenomeWideSNP_6_A12_628274	3	85210535	90502862	2816	-0.4005
CUSKS_p_TCGAb47_SNP_1N_GenomeWideSNP_6_A12_628274	3	93519478	98936963	2860	0.1825
CUSKS_p_TCGAb47_SNP_1N_GenomeWideSNP_6_A12_628274	3	98937784	98952443	44	0.6517
CUSKS_p_TCGAb47_SNP_1N_GenomeWideSNP_6_A12_628274	3	98953761	128380252	18110	0.1957
CUSKS_p_TCGAb47_SNP_1N_GenomeWideSNP_6_A12_628274	3	128381249	128421299	19	0.9834
CUSKS_p_TCGAb47_SNP_1N_GenomeWideSNP_6_A12_628274	3	128421595	129763698	623	0.1918
CUSKS_p_TCGAb47_SNP_1N_GenomeWideSNP_6_A12_628274	3	129766586	129786209	6	-0.5788
CUSKS_p_TCGAb47_SNP_1N_GenomeWideSNP_6_A12_628274	3	129786286	129806236	45	-1.7092
CUSKS_p_TCGAb47_SNP_1N_GenomeWideSNP_6_A12_628274	3	129806924	131988604	1439	0.2069
CUSKS_p_TCGAb47_SNP_1N_GenomeWideSNP_6_A12_628274	3	131988638	132000477	10	0.9212
CUSKS_p_TCGAb47_SNP_1N_GenomeWideSNP_6_A12_628274	3	132000940	136019099	2588	0.1991
CUSKS_p_TCGAb47_SNP_1N_GenomeWideSNP_6_A12_628274	3	136022951	136025426	2	2.2483
CUSKS_p_TCGAb47_SNP_1N_GenomeWideSNP_6_A12_628274	3	136038541	142346360	3640	0.2091
CUSKS_p_TCGAb47_SNP_1N_GenomeWideSNP_6_A12_628274	3	142346956	142354998	5	-0.9799
CUSKS_p_TCGAb47_SNP_1N_GenomeWideSNP_6_A12_628274	3	142355410	161921063	12232	0.1924
CUSKS_p_TCGAb47_SNP_1N_GenomeWideSNP_6_A12_628274	3	161921368	161929418	11	-0.5105
CUSKS_p_TCGAb47_SNP_1N_GenomeWideSNP_6_A12_628274	3	161932385	162532950	390	0.1674
CUSKS_p_TCGAb47_SNP_1N_GenomeWideSNP_6_A12_628274	3	162534730	162540009	4	-0.7467
CUSKS_p_TCGAb47_SNP_1N_GenomeWideSNP_6_A12_628274	3	162540473	162540490	2	-2.9688
CUSKS_p_TCGAb47_SNP_1N_GenomeWideSNP_6_A12_628274	3	162545716	162714517	120	-0.0107
CUSKS_p_TCGAb47_SNP_1N_GenomeWideSNP_6_A12_628274	3	162717727	162719562	2	-2.8893
CUSKS_p_TCGAb47_SNP_1N_GenomeWideSNP_6_A12_628274	3	162726159	165817341	1759	0.1387
CUSKS_p_TCGAb47_SNP_1N_GenomeWideSNP_6_A12_628274	3	165817802	165821588	2	-2.6733
CUSKS_p_TCGAb47_SNP_1N_GenomeWideSNP_6_A12_628274	3	165828416	169348944	2080	0.1769
CUSKS_p_TCGAb47_SNP_1N_GenomeWideSNP_6_A12_628274	3	169349862	169350604	2	-2.3396
CUSKS_p_TCGAb47_SNP_1N_GenomeWideSNP_6_A12_628274	3	169352458	192873704	15288	0.1824
CUSKS_p_TCGAb47_SNP_1N_GenomeWideSNP_6_A12_628274	3	192873807	192882903	22	1.7251
CUSKS_p_TCGAb47_SNP_1N_GenomeWideSNP_6_A12_628274	3	192886435	194903701	1350	0.1895
CUSKS_p_TCGAb47_SNP_1N_GenomeWideSNP_6_A12_628274	3	194906614	195430123	151	0.9301
CUSKS_p_TCGAb47_SNP_1N_GenomeWideSNP_6_A12_628274	3	195430789	195430899	3	2.8954
CUSKS_p_TCGAb47_SNP_1N_GenomeWideSNP_6_A12_628274	3	195433770	197838338	1182	0.9111
CUSKS_p_TCGAb47_SNP_1N_GenomeWideSNP_6_A12_628274	3	197838437	197896118	22	0.069
CUSKS_p_TCGAb47_SNP_1N_GenomeWideSNP_6_A12_628274	4	12281	9446047	5249	-0.0432
CUSKS_p_TCGAb47_SNP_1N_GenomeWideSNP_6_A12_628274	4	9446843	9496294	16	-0.6641
CUSKS_p_TCGAb47_SNP_1N_GenomeWideSNP_6_A12_628274	4	9497845	10210390	543	-0.0306
CUSKS_p_TCGAb47_SNP_1N_GenomeWideSNP_6_A12_628274	4	10214160	10229216	12	2.8655
CUSKS_p_TCGAb47_SNP_1N_GenomeWideSNP_6_A12_628274	4	10229276	10235166	22	1.5309
CUSKS_p_TCGAb47_SNP_1N_GenomeWideSNP_6_A12_628274	4	10235182	28216334	12944	-0.0596
CUSKS_p_TCGAb47_SNP_1N_GenomeWideSNP_6_A12_628274	4	28220935	28381589	132	-1.3317
CUSKS_p_TCGAb47_SNP_1N_GenomeWideSNP_6_A12_628274	4	28384914	61497136	18797	-0.0762
CUSKS_p_TCGAb47_SNP_1N_GenomeWideSNP_6_A12_628274	4	61500829	61501270	2	-5.3577
CUSKS_p_TCGAb47_SNP_1N_GenomeWideSNP_6_A12_628274	4	61503976	70148877	5087	-0.0916
CUSKS_p_TCGAb47_SNP_1N_GenomeWideSNP_6_A12_628274	4	70149157	70231799	39	-1.1017
CUSKS_p_TCGAb47_SNP_1N_GenomeWideSNP_6_A12_628274	4	70232022	70297892	37	-0.2087
CUSKS_p_TCGAb47_SNP_1N_GenomeWideSNP_6_A12_628274	4	70298418	70298623	3	-1.8913
CUSKS_p_TCGAb47_SNP_1N_GenomeWideSNP_6_A12_628274	4	70298721	70321812	15	-0.3339
CUSKS_p_TCGAb47_SNP_1N_GenomeWideSNP_6_A12_628274	4	70324818	115173700	27328	-0.0605
CUSKS_p_TCGAb47_SNP_1N_GenomeWideSNP_6_A12_628274	4	115175323	115182175	23	-1.408
CUSKS_p_TCGAb47_SNP_1N_GenomeWideSNP_6_A12_628274	4	115184229	133851241	10968	-0.0716
CUSKS_p_TCGAb47_SNP_1N_GenomeWideSNP_6_A12_628274	4	133851457	133905070	32	-0.595
CUSKS_p_TCGAb47_SNP_1N_GenomeWideSNP_6_A12_628274	4	133905498	134165324	124	-0.0034
CUSKS_p_TCGAb47_SNP_1N_GenomeWideSNP_6_A12_628274	4	134171702	134249433	37	-0.4688
CUSKS_p_TCGAb47_SNP_1N_GenomeWideSNP_6_A12_628274	4	134251875	165649927	19394	-0.0619
CUSKS_p_TCGAb47_SNP_1N_GenomeWideSNP_6_A12_628274	4	165650316	165671686	17	0.5474
CUSKS_p_TCGAb47_SNP_1N_GenomeWideSNP_6_A12_628274	4	165672949	168821776	1894	-0.0777
CUSKS_p_TCGAb47_SNP_1N_GenomeWideSNP_6_A12_628274	4	168821832	168828975	20	-0.6452
CUSKS_p_TCGAb47_SNP_1N_GenomeWideSNP_6_A12_628274	4	168828989	172987928	2684	-0.0707
CUSKS_p_TCGAb47_SNP_1N_GenomeWideSNP_6_A12_628274	4	172989148	172989533	12	1.2496
CUSKS_p_TCGAb47_SNP_1N_GenomeWideSNP_6_A12_628274	4	172995979	173422522	232	-0.108
CUSKS_p_TCGAb47_SNP_1N_GenomeWideSNP_6_A12_628274	4	173424947	173428342	4	1.5493
CUSKS_p_TCGAb47_SNP_1N_GenomeWideSNP_6_A12_628274	4	173428471	178602538	3125	-0.0651
CUSKS_p_TCGAb47_SNP_1N_GenomeWideSNP_6_A12_628274	4	178608792	178626266	17	-0.642
CUSKS_p_TCGAb47_SNP_1N_GenomeWideSNP_6_A12_628274	4	178630588	191027923	8749	-0.0915
CUSKS_p_TCGAb47_SNP_1N_GenomeWideSNP_6_A12_628274	5	15532	817850	351	0.7442
CUSKS_p_TCGAb47_SNP_1N_GenomeWideSNP_6_A12_628274	5	817992	852566	15	-0.1051
CUSKS_p_TCGAb47_SNP_1N_GenomeWideSNP_6_A12_628274	5	863797	3670636	2263	0.745
CUSKS_p_TCGAb47_SNP_1N_GenomeWideSNP_6_A12_628274	5	3670728	3715480	53	1.1286
CUSKS_p_TCGAb47_SNP_1N_GenomeWideSNP_6_A12_628274	5	3715665	12819313	7552	0.7314
CUSKS_p_TCGAb47_SNP_1N_GenomeWideSNP_6_A12_628274	5	12819375	12820076	6	1.7671
CUSKS_p_TCGAb47_SNP_1N_GenomeWideSNP_6_A12_628274	5	12824411	17469690	3157	0.5999
CUSKS_p_TCGAb47_SNP_1N_GenomeWideSNP_6_A12_628274	5	17469751	17829787	192	0.995
CUSKS_p_TCGAb47_SNP_1N_GenomeWideSNP_6_A12_628274	5	17833659	21376844	2151	0.5043
CUSKS_p_TCGAb47_SNP_1N_GenomeWideSNP_6_A12_628274	5	21377839	21377853	2	-2.1171
CUSKS_p_TCGAb47_SNP_1N_GenomeWideSNP_6_A12_628274	5	21386066	21449276	45	0.5378
CUSKS_p_TCGAb47_SNP_1N_GenomeWideSNP_6_A12_628274	5	21451200	21452438	5	-2.2372
CUSKS_p_TCGAb47_SNP_1N_GenomeWideSNP_6_A12_628274	5	21452496	21519186	10	0.5746
CUSKS_p_TCGAb47_SNP_1N_GenomeWideSNP_6_A12_628274	5	21519630	21550511	20	-0.0565
CUSKS_p_TCGAb47_SNP_1N_GenomeWideSNP_6_A12_628274	5	21550657	46271108	15008	0.6363
CUSKS_p_TCGAb47_SNP_1N_GenomeWideSNP_6_A12_628274	5	46271930	46273502	6	-2.5214
CUSKS_p_TCGAb47_SNP_1N_GenomeWideSNP_6_A12_628274	5	46278212	46389273	19	1.0905
CUSKS_p_TCGAb47_SNP_1N_GenomeWideSNP_6_A12_628274	5	49432831	57321646	5064	-0.2758
CUSKS_p_TCGAb47_SNP_1N_GenomeWideSNP_6_A12_628274	5	57326027	57333533	32	2.3192
CUSKS_p_TCGAb47_SNP_1N_GenomeWideSNP_6_A12_628274	5	57338357	69074991	7305	-0.3731
CUSKS_p_TCGAb47_SNP_1N_GenomeWideSNP_6_A12_628274	5	69117923	70306659	16	0.513
CUSKS_p_TCGAb47_SNP_1N_GenomeWideSNP_6_A12_628274	5	70306728	177197955	67884	-0.3684
CUSKS_p_TCGAb47_SNP_1N_GenomeWideSNP_6_A12_628274	5	177198449	177232605	4	2.4064
CUSKS_p_TCGAb47_SNP_1N_GenomeWideSNP_6_A12_628274	5	177254965	177303765	6	-0.5938
CUSKS_p_TCGAb47_SNP_1N_GenomeWideSNP_6_A12_628274	5	177306635	177391977	19	0.324
CUSKS_p_TCGAb47_SNP_1N_GenomeWideSNP_6_A12_628274	5	177392898	179065642	1029	-0.3262
CUSKS_p_TCGAb47_SNP_1N_GenomeWideSNP_6_A12_628274	5	179066006	179105328	43	0.1314
CUSKS_p_TCGAb47_SNP_1N_GenomeWideSNP_6_A12_628274	5	179108197	180137932	570	-0.3551
CUSKS_p_TCGAb47_SNP_1N_GenomeWideSNP_6_A12_628274	5	180139985	180140115	2	-2.0989
CUSKS_p_TCGAb47_SNP_1N_GenomeWideSNP_6_A12_628274	5	180140126	180195522	43	-0.1667
CUSKS_p_TCGAb47_SNP_1N_GenomeWideSNP_6_A12_628274	5	180196816	180209493	12	-0.8962
CUSKS_p_TCGAb47_SNP_1N_GenomeWideSNP_6_A12_628274	5	180210106	180374523	88	-0.3386
CUSKS_p_TCGAb47_SNP_1N_GenomeWideSNP_6_A12_628274	5	180378710	180433225	20	0.4207
CUSKS_p_TCGAb47_SNP_1N_GenomeWideSNP_6_A12_628274	5	180433264	180790320	170	-0.2812
CUSKS_p_TCGAb47_SNP_1N_GenomeWideSNP_6_A12_628274	6	149661	257353	102	-0.0841
CUSKS_p_TCGAb47_SNP_1N_GenomeWideSNP_6_A12_628274	6	258265	315197	26	-1.2168
CUSKS_p_TCGAb47_SNP_1N_GenomeWideSNP_6_A12_628274	6	318804	5340175	4155	-0.0691
CUSKS_p_TCGAb47_SNP_1N_GenomeWideSNP_6_A12_628274	6	5360933	5572111	205	1.188
CUSKS_p_TCGAb47_SNP_1N_GenomeWideSNP_6_A12_628274	6	5574319	6813723	1092	-0.0761
CUSKS_p_TCGAb47_SNP_1N_GenomeWideSNP_6_A12_628274	6	6815016	6853441	40	1.1556
CUSKS_p_TCGAb47_SNP_1N_GenomeWideSNP_6_A12_628274	6	6854509	7276327	334	-0.0544
CUSKS_p_TCGAb47_SNP_1N_GenomeWideSNP_6_A12_628274	6	7284096	7476706	107	1.4787
CUSKS_p_TCGAb47_SNP_1N_GenomeWideSNP_6_A12_628274	6	7478757	8357513	747	-0.0238
CUSKS_p_TCGAb47_SNP_1N_GenomeWideSNP_6_A12_628274	6	8361210	9265748	612	1.2636
CUSKS_p_TCGAb47_SNP_1N_GenomeWideSNP_6_A12_628274	6	9267801	9388030	73	0.5809
CUSKS_p_TCGAb47_SNP_1N_GenomeWideSNP_6_A12_628274	6	9390592	9703069	245	1.2633
CUSKS_p_TCGAb47_SNP_1N_GenomeWideSNP_6_A12_628274	6	9708697	9775340	41	1.703
CUSKS_p_TCGAb47_SNP_1N_GenomeWideSNP_6_A12_628274	6	9776058	10629930	696	1.4151
CUSKS_p_TCGAb47_SNP_1N_GenomeWideSNP_6_A12_628274	6	10630015	11104362	281	1.7887
CUSKS_p_TCGAb47_SNP_1N_GenomeWideSNP_6_A12_628274	6	11109669	11835876	618	1.3473
CUSKS_p_TCGAb47_SNP_1N_GenomeWideSNP_6_A12_628274	6	11836193	12160643	260	1.7699
CUSKS_p_TCGAb47_SNP_1N_GenomeWideSNP_6_A12_628274	6	12164475	12258458	99	0.5313
CUSKS_p_TCGAb47_SNP_1N_GenomeWideSNP_6_A12_628274	6	12261723	12267074	8	-0.1974
CUSKS_p_TCGAb47_SNP_1N_GenomeWideSNP_6_A12_628274	6	12276002	13351124	868	0.9386
CUSKS_p_TCGAb47_SNP_1N_GenomeWideSNP_6_A12_628274	6	13358986	13618088	197	1.3682
CUSKS_p_TCGAb47_SNP_1N_GenomeWideSNP_6_A12_628274	6	13619584	15369293	1183	0.5889
CUSKS_p_TCGAb47_SNP_1N_GenomeWideSNP_6_A12_628274	6	15369898	15372885	3	-0.2641
CUSKS_p_TCGAb47_SNP_1N_GenomeWideSNP_6_A12_628274	6	15373652	15426642	52	0.4597
CUSKS_p_TCGAb47_SNP_1N_GenomeWideSNP_6_A12_628274	6	15427810	25114809	7190	-0.0619
CUSKS_p_TCGAb47_SNP_1N_GenomeWideSNP_6_A12_628274	6	25115966	25117875	3	-1.8684
CUSKS_p_TCGAb47_SNP_1N_GenomeWideSNP_6_A12_628274	6	25118057	29837072	2512	-0.0788
CUSKS_p_TCGAb47_SNP_1N_GenomeWideSNP_6_A12_628274	6	29837187	29916486	44	0.7046
CUSKS_p_TCGAb47_SNP_1N_GenomeWideSNP_6_A12_628274	6	29916505	32452929	1166	-0.0276
CUSKS_p_TCGAb47_SNP_1N_GenomeWideSNP_6_A12_628274	6	32454275	32570365	32	2.1284
CUSKS_p_TCGAb47_SNP_1N_GenomeWideSNP_6_A12_628274	6	32573771	32625937	34	0.6973
CUSKS_p_TCGAb47_SNP_1N_GenomeWideSNP_6_A12_628274	6	32626618	32684468	35	-0.2222
CUSKS_p_TCGAb47_SNP_1N_GenomeWideSNP_6_A12_628274	6	32685550	32690027	11	0.4493
CUSKS_p_TCGAb47_SNP_1N_GenomeWideSNP_6_A12_628274	6	32690797	32690830	3	2.1675
CUSKS_p_TCGAb47_SNP_1N_GenomeWideSNP_6_A12_628274	6	32692227	33932442	748	-0.083
CUSKS_p_TCGAb47_SNP_1N_GenomeWideSNP_6_A12_628274	6	33934128	33937999	14	0.6713
CUSKS_p_TCGAb47_SNP_1N_GenomeWideSNP_6_A12_628274	6	33938743	33942705	7	-2.0402
CUSKS_p_TCGAb47_SNP_1N_GenomeWideSNP_6_A12_628274	6	33944586	65830854	17630	-0.0626
CUSKS_p_TCGAb47_SNP_1N_GenomeWideSNP_6_A12_628274	6	65831567	65907167	54	-0.4675
CUSKS_p_TCGAb47_SNP_1N_GenomeWideSNP_6_A12_628274	6	65907912	67008286	724	-0.0767
CUSKS_p_TCGAb47_SNP_1N_GenomeWideSNP_6_A12_628274	6	67009023	67048629	55	-1.6616
CUSKS_p_TCGAb47_SNP_1N_GenomeWideSNP_6_A12_628274	6	67049406	77436532	6785	-0.0585
CUSKS_p_TCGAb47_SNP_1N_GenomeWideSNP_6_A12_628274	6	77439868	77452392	16	-3.4698
CUSKS_p_TCGAb47_SNP_1N_GenomeWideSNP_6_A12_628274	6	77452446	77452757	5	-1.2299
CUSKS_p_TCGAb47_SNP_1N_GenomeWideSNP_6_A12_628274	6	77461073	78972776	992	-0.064
CUSKS_p_TCGAb47_SNP_1N_GenomeWideSNP_6_A12_628274	6	78972796	78979833	12	0.7367
CUSKS_p_TCGAb47_SNP_1N_GenomeWideSNP_6_A12_628274	6	78980348	88969864	6307	-0.0569
CUSKS_p_TCGAb47_SNP_1N_GenomeWideSNP_6_A12_628274	6	88971402	90433282	902	0.4028
CUSKS_p_TCGAb47_SNP_1N_GenomeWideSNP_6_A12_628274	6	90436319	92005578	1085	-0.0673
CUSKS_p_TCGAb47_SNP_1N_GenomeWideSNP_6_A12_628274	6	92008916	92013867	6	-1.2504
CUSKS_p_TCGAb47_SNP_1N_GenomeWideSNP_6_A12_628274	6	92014180	103535034	7150	-0.0828
CUSKS_p_TCGAb47_SNP_1N_GenomeWideSNP_6_A12_628274	6	103535717	103536823	3	-1.8034
CUSKS_p_TCGAb47_SNP_1N_GenomeWideSNP_6_A12_628274	6	103539393	103734829	132	-0.1591
CUSKS_p_TCGAb47_SNP_1N_GenomeWideSNP_6_A12_628274	6	103737976	103762061	46	-1.3291
CUSKS_p_TCGAb47_SNP_1N_GenomeWideSNP_6_A12_628274	6	103765470	104388439	416	-0.0732
CUSKS_p_TCGAb47_SNP_1N_GenomeWideSNP_6_A12_628274	6	104396904	104468144	34	-0.4662
CUSKS_p_TCGAb47_SNP_1N_GenomeWideSNP_6_A12_628274	6	104469545	118886961	8912	-0.0568
CUSKS_p_TCGAb47_SNP_1N_GenomeWideSNP_6_A12_628274	6	118887215	118928557	20	-0.6323
CUSKS_p_TCGAb47_SNP_1N_GenomeWideSNP_6_A12_628274	6	118930017	141461775	14415	-0.0445
CUSKS_p_TCGAb47_SNP_1N_GenomeWideSNP_6_A12_628274	6	141462411	141950362	264	-0.7506
CUSKS_p_TCGAb47_SNP_1N_GenomeWideSNP_6_A12_628274	6	141957228	145205718	2109	-0.0613
CUSKS_p_TCGAb47_SNP_1N_GenomeWideSNP_6_A12_628274	6	145205895	147826913	1608	-0.7264
CUSKS_p_TCGAb47_SNP_1N_GenomeWideSNP_6_A12_628274	6	147834827	147875706	35	0.6162
CUSKS_p_TCGAb47_SNP_1N_GenomeWideSNP_6_A12_628274	6	147876038	148080434	150	-0.8307
CUSKS_p_TCGAb47_SNP_1N_GenomeWideSNP_6_A12_628274	6	148081287	148093889	13	0.1218
CUSKS_p_TCGAb47_SNP_1N_GenomeWideSNP_6_A12_628274	6	148095291	155096462	5121	-0.74
CUSKS_p_TCGAb47_SNP_1N_GenomeWideSNP_6_A12_628274	6	155098809	156768502	1218	-0.0779
CUSKS_p_TCGAb47_SNP_1N_GenomeWideSNP_6_A12_628274	6	156770310	170919495	9909	-0.7508
CUSKS_p_TCGAb47_SNP_1N_GenomeWideSNP_6_A12_628274	6	170982327	171051005	4	-0.0023
CUSKS_p_TCGAb47_SNP_1N_GenomeWideSNP_6_A12_628274	7	43355	5907673	3066	-0.0144
CUSKS_p_TCGAb47_SNP_1N_GenomeWideSNP_6_A12_628274	7	5911291	5919110	6	1.2271
CUSKS_p_TCGAb47_SNP_1N_GenomeWideSNP_6_A12_628274	7	5923738	38319339	24394	-0.0624
CUSKS_p_TCGAb47_SNP_1N_GenomeWideSNP_6_A12_628274	7	38319378	38366512	97	0.4643
CUSKS_p_TCGAb47_SNP_1N_GenomeWideSNP_6_A12_628274	7	38370792	54386505	11036	-0.0459
CUSKS_p_TCGAb47_SNP_1N_GenomeWideSNP_6_A12_628274	7	54386509	54386517	5	-2.8406
CUSKS_p_TCGAb47_SNP_1N_GenomeWideSNP_6_A12_628274	7	54393488	91208142	18309	-0.0515
CUSKS_p_TCGAb47_SNP_1N_GenomeWideSNP_6_A12_628274	7	91218884	91219132	3	-2.0423
CUSKS_p_TCGAb47_SNP_1N_GenomeWideSNP_6_A12_628274	7	91225032	126046167	20597	-0.0387
CUSKS_p_TCGAb47_SNP_1N_GenomeWideSNP_6_A12_628274	7	126046489	126046615	4	-1.9816
CUSKS_p_TCGAb47_SNP_1N_GenomeWideSNP_6_A12_628274	7	126046876	133778637	4704	-0.0209
CUSKS_p_TCGAb47_SNP_1N_GenomeWideSNP_6_A12_628274	7	133778649	133790443	28	0.7527
CUSKS_p_TCGAb47_SNP_1N_GenomeWideSNP_6_A12_628274	7	133795634	133795704	3	-0.4952
CUSKS_p_TCGAb47_SNP_1N_GenomeWideSNP_6_A12_628274	7	133795841	133798846	7	0.7158
CUSKS_p_TCGAb47_SNP_1N_GenomeWideSNP_6_A12_628274	7	133799154	142436381	5672	-0.0196
CUSKS_p_TCGAb47_SNP_1N_GenomeWideSNP_6_A12_628274	7	142441159	142493129	62	0.428
CUSKS_p_TCGAb47_SNP_1N_GenomeWideSNP_6_A12_628274	7	142493650	150285104	4725	-0.0484
CUSKS_p_TCGAb47_SNP_1N_GenomeWideSNP_6_A12_628274	7	150285801	150312161	11	-1.2859
CUSKS_p_TCGAb47_SNP_1N_GenomeWideSNP_6_A12_628274	7	150312649	159127004	5831	-0.0249
CUSKS_p_TCGAb47_SNP_1N_GenomeWideSNP_6_A12_628274	8	31254	1360322	869	-0.0392
CUSKS_p_TCGAb47_SNP_1N_GenomeWideSNP_6_A12_628274	8	1360387	1363214	24	-0.6163
CUSKS_p_TCGAb47_SNP_1N_GenomeWideSNP_6_A12_628274	8	1363230	7291141	6988	-0.0828
CUSKS_p_TCGAb47_SNP_1N_GenomeWideSNP_6_A12_628274	8	7297340	7798758	128	-0.4302
CUSKS_p_TCGAb47_SNP_1N_GenomeWideSNP_6_A12_628274	8	7798851	15400574	6146	-0.0709
CUSKS_p_TCGAb47_SNP_1N_GenomeWideSNP_6_A12_628274	8	15400924	15413447	11	-1.2815
CUSKS_p_TCGAb47_SNP_1N_GenomeWideSNP_6_A12_628274	8	15423270	24974577	7690	-0.0638
CUSKS_p_TCGAb47_SNP_1N_GenomeWideSNP_6_A12_628274	8	24975500	24984250	22	0.6147
CUSKS_p_TCGAb47_SNP_1N_GenomeWideSNP_6_A12_628274	8	24984333	34808776	6665	-0.0592
CUSKS_p_TCGAb47_SNP_1N_GenomeWideSNP_6_A12_628274	8	34817581	34819123	2	-2.6357
CUSKS_p_TCGAb47_SNP_1N_GenomeWideSNP_6_A12_628274	8	34821675	34846335	15	-0.1273
CUSKS_p_TCGAb47_SNP_1N_GenomeWideSNP_6_A12_628274	8	34848520	34851847	3	1.4499
CUSKS_p_TCGAb47_SNP_1N_GenomeWideSNP_6_A12_628274	8	34853094	38741175	2133	-0.0408
CUSKS_p_TCGAb47_SNP_1N_GenomeWideSNP_6_A12_628274	8	38747174	75191692	20321	0.4681
CUSKS_p_TCGAb47_SNP_1N_GenomeWideSNP_6_A12_628274	8	75193142	75193280	2	-1.621
CUSKS_p_TCGAb47_SNP_1N_GenomeWideSNP_6_A12_628274	8	75193658	85257971	5877	0.5496
CUSKS_p_TCGAb47_SNP_1N_GenomeWideSNP_6_A12_628274	8	85257989	85266606	16	-0.0352
CUSKS_p_TCGAb47_SNP_1N_GenomeWideSNP_6_A12_628274	8	85266714	103992590	11149	0.5566
CUSKS_p_TCGAb47_SNP_1N_GenomeWideSNP_6_A12_628274	8	103994911	103995823	2	-3.2555
CUSKS_p_TCGAb47_SNP_1N_GenomeWideSNP_6_A12_628274	8	103997435	114031328	5938	0.5469
CUSKS_p_TCGAb47_SNP_1N_GenomeWideSNP_6_A12_628274	8	114034531	115772622	1009	1.1967
CUSKS_p_TCGAb47_SNP_1N_GenomeWideSNP_6_A12_628274	8	115772792	116238112	321	0.8012
CUSKS_p_TCGAb47_SNP_1N_GenomeWideSNP_6_A12_628274	8	116242519	116742047	303	0.1657
CUSKS_p_TCGAb47_SNP_1N_GenomeWideSNP_6_A12_628274	8	116746899	116764809	11	1.3913
CUSKS_p_TCGAb47_SNP_1N_GenomeWideSNP_6_A12_628274	8	116771793	116795827	14	0.2207
CUSKS_p_TCGAb47_SNP_1N_GenomeWideSNP_6_A12_628274	8	116800963	125259216	5794	0.8516
CUSKS_p_TCGAb47_SNP_1N_GenomeWideSNP_6_A12_628274	8	125263481	125496824	132	1.237
CUSKS_p_TCGAb47_SNP_1N_GenomeWideSNP_6_A12_628274	8	125498547	125543936	19	0.6637
CUSKS_p_TCGAb47_SNP_1N_GenomeWideSNP_6_A12_628274	8	125544839	126097473	439	0.1879
CUSKS_p_TCGAb47_SNP_1N_GenomeWideSNP_6_A12_628274	8	126099687	129438493	2483	0.8234
CUSKS_p_TCGAb47_SNP_1N_GenomeWideSNP_6_A12_628274	8	129442918	129447587	8	0.0132
CUSKS_p_TCGAb47_SNP_1N_GenomeWideSNP_6_A12_628274	8	129451697	129498584	42	1.144
CUSKS_p_TCGAb47_SNP_1N_GenomeWideSNP_6_A12_628274	8	129500293	129515441	15	0.036
CUSKS_p_TCGAb47_SNP_1N_GenomeWideSNP_6_A12_628274	8	129519609	129532670	13	1.0519
CUSKS_p_TCGAb47_SNP_1N_GenomeWideSNP_6_A12_628274	8	129540236	131050026	976	0.1638
CUSKS_p_TCGAb47_SNP_1N_GenomeWideSNP_6_A12_628274	8	131054290	132849156	1315	0.8211
CUSKS_p_TCGAb47_SNP_1N_GenomeWideSNP_6_A12_628274	8	132849635	134451148	1364	1.2242
CUSKS_p_TCGAb47_SNP_1N_GenomeWideSNP_6_A12_628274	8	134454222	136607853	1763	0.1644
CUSKS_p_TCGAb47_SNP_1N_GenomeWideSNP_6_A12_628274	8	136616564	136906443	214	1.2338
CUSKS_p_TCGAb47_SNP_1N_GenomeWideSNP_6_A12_628274	8	136907134	146298155	5790	0.1964
CUSKS_p_TCGAb47_SNP_1N_GenomeWideSNP_6_A12_628274	9	46587	24500455	21280	-0.0763
CUSKS_p_TCGAb47_SNP_1N_GenomeWideSNP_6_A12_628274	9	24500840	24519951	25	-0.9941
CUSKS_p_TCGAb47_SNP_1N_GenomeWideSNP_6_A12_628274	9	24520084	43169603	10101	-0.0789
CUSKS_p_TCGAb47_SNP_1N_GenomeWideSNP_6_A12_628274	9	43187967	44172678	54	-0.6492
CUSKS_p_TCGAb47_SNP_1N_GenomeWideSNP_6_A12_628274	9	44176342	44241817	17	0.2774
CUSKS_p_TCGAb47_SNP_1N_GenomeWideSNP_6_A12_628274	9	44243434	44629223	21	-0.6769
CUSKS_p_TCGAb47_SNP_1N_GenomeWideSNP_6_A12_628274	9	44727859	140234329	48046	-0.0529
CUSKS_p_TCGAb47_SNP_1N_GenomeWideSNP_6_A12_628274	9	140234409	140255833	9	1.0282
CUSKS_p_TCGAb47_SNP_1N_GenomeWideSNP_6_A12_628274	9	140273003	141091394	413	0.0186
CUSKS_p_TCGAb47_SNP_1N_GenomeWideSNP_6_A12_628274	10	72759	133551	15	0.1952
CUSKS_p_TCGAb47_SNP_1N_GenomeWideSNP_6_A12_628274	10	133665	143255	8	-1.2099
CUSKS_p_TCGAb47_SNP_1N_GenomeWideSNP_6_A12_628274	10	143543	47055711	31657	-0.0585
CUSKS_p_TCGAb47_SNP_1N_GenomeWideSNP_6_A12_628274	10	47058792	47067426	27	1.052
CUSKS_p_TCGAb47_SNP_1N_GenomeWideSNP_6_A12_628274	10	47067481	48771950	554	-0.0428
CUSKS_p_TCGAb47_SNP_1N_GenomeWideSNP_6_A12_628274	10	48837810	48840627	2	2.8828
CUSKS_p_TCGAb47_SNP_1N_GenomeWideSNP_6_A12_628274	10	48883402	63019465	9708	-0.0746
CUSKS_p_TCGAb47_SNP_1N_GenomeWideSNP_6_A12_628274	10	63022452	63022897	2	-2.0841
CUSKS_p_TCGAb47_SNP_1N_GenomeWideSNP_6_A12_628274	10	63026027	67306276	2798	-0.0727
CUSKS_p_TCGAb47_SNP_1N_GenomeWideSNP_6_A12_628274	10	67307923	67326066	32	0.5098
CUSKS_p_TCGAb47_SNP_1N_GenomeWideSNP_6_A12_628274	10	67326147	76894435	5885	-0.0592
CUSKS_p_TCGAb47_SNP_1N_GenomeWideSNP_6_A12_628274	10	76894766	76903492	2	3.4289
CUSKS_p_TCGAb47_SNP_1N_GenomeWideSNP_6_A12_628274	10	76903641	81355072	3360	-0.0456
CUSKS_p_TCGAb47_SNP_1N_GenomeWideSNP_6_A12_628274	10	81383874	81559312	21	0.5018
CUSKS_p_TCGAb47_SNP_1N_GenomeWideSNP_6_A12_628274	10	81559401	135506704	37071	-0.0498
CUSKS_p_TCGAb47_SNP_1N_GenomeWideSNP_6_A12_628274	11	198510	4967650	2478	-0.2097
CUSKS_p_TCGAb47_SNP_1N_GenomeWideSNP_6_A12_628274	11	4968117	4976371	33	0.5518
CUSKS_p_TCGAb47_SNP_1N_GenomeWideSNP_6_A12_628274	11	4976389	18937467	10250	-0.2232
CUSKS_p_TCGAb47_SNP_1N_GenomeWideSNP_6_A12_628274	11	18937632	18951506	21	-0.8064
CUSKS_p_TCGAb47_SNP_1N_GenomeWideSNP_6_A12_628274	11	18951693	18961708	37	-0.2026
CUSKS_p_TCGAb47_SNP_1N_GenomeWideSNP_6_A12_628274	11	18961738	18970748	10	0.7554
CUSKS_p_TCGAb47_SNP_1N_GenomeWideSNP_6_A12_628274	11	18971175	55009475	21639	-0.2389
CUSKS_p_TCGAb47_SNP_1N_GenomeWideSNP_6_A12_628274	11	55011144	55039257	9	-1.3305
CUSKS_p_TCGAb47_SNP_1N_GenomeWideSNP_6_A12_628274	11	55039802	55363340	193	-0.332
CUSKS_p_TCGAb47_SNP_1N_GenomeWideSNP_6_A12_628274	11	55374032	55452534	57	0.3286
CUSKS_p_TCGAb47_SNP_1N_GenomeWideSNP_6_A12_628274	11	55452977	67377062	6196	-0.2227
CUSKS_p_TCGAb47_SNP_1N_GenomeWideSNP_6_A12_628274	11	67381293	67414814	13	0.5056
CUSKS_p_TCGAb47_SNP_1N_GenomeWideSNP_6_A12_628274	11	67416190	78513437	5906	-0.2224
CUSKS_p_TCGAb47_SNP_1N_GenomeWideSNP_6_A12_628274	11	78516354	78518898	2	-2.3507
CUSKS_p_TCGAb47_SNP_1N_GenomeWideSNP_6_A12_628274	11	78518912	79982173	1215	-0.2372
CUSKS_p_TCGAb47_SNP_1N_GenomeWideSNP_6_A12_628274	11	79983340	79983598	2	-2.4983
CUSKS_p_TCGAb47_SNP_1N_GenomeWideSNP_6_A12_628274	11	79984715	89550224	6614	-0.2535
CUSKS_p_TCGAb47_SNP_1N_GenomeWideSNP_6_A12_628274	11	89567541	89580352	2	2.0759
CUSKS_p_TCGAb47_SNP_1N_GenomeWideSNP_6_A12_628274	11	89602573	134944770	32496	-0.237
CUSKS_p_TCGAb47_SNP_1N_GenomeWideSNP_6_A12_628274	12	150442	9630556	6208	0.197
CUSKS_p_TCGAb47_SNP_1N_GenomeWideSNP_6_A12_628274	12	9633870	9734970	27	1.2627
CUSKS_p_TCGAb47_SNP_1N_GenomeWideSNP_6_A12_628274	12	9735686	33294545	16647	0.1842
CUSKS_p_TCGAb47_SNP_1N_GenomeWideSNP_6_A12_628274	12	33294587	33306932	27	0.7588
CUSKS_p_TCGAb47_SNP_1N_GenomeWideSNP_6_A12_628274	12	33306947	38072273	867	0.131
CUSKS_p_TCGAb47_SNP_1N_GenomeWideSNP_6_A12_628274	12	38072436	38081283	6	1.5682
CUSKS_p_TCGAb47_SNP_1N_GenomeWideSNP_6_A12_628274	12	38104406	133778189	61342	0.1829
CUSKS_p_TCGAb47_SNP_1N_GenomeWideSNP_6_A12_628274	13	19026949	23633004	2904	-0.1772
CUSKS_p_TCGAb47_SNP_1N_GenomeWideSNP_6_A12_628274	13	23633131	23633515	6	-3.1266
CUSKS_p_TCGAb47_SNP_1N_GenomeWideSNP_6_A12_628274	13	23638195	57796630	23264	-0.194
CUSKS_p_TCGAb47_SNP_1N_GenomeWideSNP_6_A12_628274	13	57801201	57816595	12	-1.0509
CUSKS_p_TCGAb47_SNP_1N_GenomeWideSNP_6_A12_628274	13	57816716	115108397	38153	-0.2078
CUSKS_p_TCGAb47_SNP_1N_GenomeWideSNP_6_A12_628274	14	19002124	20157843	81	0.3705
CUSKS_p_TCGAb47_SNP_1N_GenomeWideSNP_6_A12_628274	14	20200183	24446717	2854	0.0173
CUSKS_p_TCGAb47_SNP_1N_GenomeWideSNP_6_A12_628274	14	24451431	24461854	10	-1.2104
CUSKS_p_TCGAb47_SNP_1N_GenomeWideSNP_6_A12_628274	14	24464512	26783903	1622	-0.072
CUSKS_p_TCGAb47_SNP_1N_GenomeWideSNP_6_A12_628274	14	26783911	26783918	7	1.3988
CUSKS_p_TCGAb47_SNP_1N_GenomeWideSNP_6_A12_628274	14	26784913	47707336	12817	-0.0776
CUSKS_p_TCGAb47_SNP_1N_GenomeWideSNP_6_A12_628274	14	47708286	47716983	7	-1.5458
CUSKS_p_TCGAb47_SNP_1N_GenomeWideSNP_6_A12_628274	14	47717447	96125649	31730	-0.0784
CUSKS_p_TCGAb47_SNP_1N_GenomeWideSNP_6_A12_628274	14	96126542	96143647	22	-1.2681
CUSKS_p_TCGAb47_SNP_1N_GenomeWideSNP_6_A12_628274	14	96150396	106530364	6039	-0.0839
CUSKS_p_TCGAb47_SNP_1N_GenomeWideSNP_6_A12_628274	14	106530687	106569463	18	1.0303
CUSKS_p_TCGAb47_SNP_1N_GenomeWideSNP_6_A12_628274	14	106574118	106914600	186	0.1529
CUSKS_p_TCGAb47_SNP_1N_GenomeWideSNP_6_A12_628274	14	106914651	107285437	230	-0.2231
CUSKS_p_TCGAb47_SNP_1N_GenomeWideSNP_6_A12_628274	15	20016328	20578421	96	-0.4251
CUSKS_p_TCGAb47_SNP_1N_GenomeWideSNP_6_A12_628274	15	20581451	20581564	7	0.8056
CUSKS_p_TCGAb47_SNP_1N_GenomeWideSNP_6_A12_628274	15	20585988	21197360	169	-0.6693
CUSKS_p_TCGAb47_SNP_1N_GenomeWideSNP_6_A12_628274	15	21200700	24460826	1062	-0.3428
CUSKS_p_TCGAb47_SNP_1N_GenomeWideSNP_6_A12_628274	15	24461718	24529896	40	-0.9837
CUSKS_p_TCGAb47_SNP_1N_GenomeWideSNP_6_A12_628274	15	24530467	101638962	50094	-0.3401
CUSKS_p_TCGAb47_SNP_1N_GenomeWideSNP_6_A12_628274	15	101638982	101697253	47	0.1168
CUSKS_p_TCGAb47_SNP_1N_GenomeWideSNP_6_A12_628274	15	101698459	102469040	549	-0.3438
CUSKS_p_TCGAb47_SNP_1N_GenomeWideSNP_6_A12_628274	16	60777	62016	3	-0.9292
CUSKS_p_TCGAb47_SNP_1N_GenomeWideSNP_6_A12_628274	16	85827	1527747	469	0.6576
CUSKS_p_TCGAb47_SNP_1N_GenomeWideSNP_6_A12_628274	16	1529011	1537839	3	2.1474
CUSKS_p_TCGAb47_SNP_1N_GenomeWideSNP_6_A12_628274	16	1538692	5607890	2155	0.5478
CUSKS_p_TCGAb47_SNP_1N_GenomeWideSNP_6_A12_628274	16	5608089	5608151	2	-1.393
CUSKS_p_TCGAb47_SNP_1N_GenomeWideSNP_6_A12_628274	16	5608337	32124331	17470	0.5715
CUSKS_p_TCGAb47_SNP_1N_GenomeWideSNP_6_A12_628274	16	32146886	32588622	69	0.2459
CUSKS_p_TCGAb47_SNP_1N_GenomeWideSNP_6_A12_628274	16	32588901	32588906	4	-2.9604
CUSKS_p_TCGAb47_SNP_1N_GenomeWideSNP_6_A12_628274	16	32588909	64257665	12564	0.1933
CUSKS_p_TCGAb47_SNP_1N_GenomeWideSNP_6_A12_628274	16	64258765	66513318	1756	0.5497
CUSKS_p_TCGAb47_SNP_1N_GenomeWideSNP_6_A12_628274	16	66514962	70836370	1906	-0.3284
CUSKS_p_TCGAb47_SNP_1N_GenomeWideSNP_6_A12_628274	16	70838203	71202797	147	0.2914
CUSKS_p_TCGAb47_SNP_1N_GenomeWideSNP_6_A12_628274	16	71205194	78371608	5234	-0.3436
CUSKS_p_TCGAb47_SNP_1N_GenomeWideSNP_6_A12_628274	16	78372440	78384765	17	1.0021
CUSKS_p_TCGAb47_SNP_1N_GenomeWideSNP_6_A12_628274	16	78385001	90287535	10640	-0.3183
CUSKS_p_TCGAb47_SNP_1N_GenomeWideSNP_6_A12_628274	17	526	12230985	7467	-0.32
CUSKS_p_TCGAb47_SNP_1N_GenomeWideSNP_6_A12_628274	17	12231999	12295643	47	0.6674
CUSKS_p_TCGAb47_SNP_1N_GenomeWideSNP_6_A12_628274	17	12297948	12384809	60	-0.3647
CUSKS_p_TCGAb47_SNP_1N_GenomeWideSNP_6_A12_628274	17	12384921	12514811	75	0.6706
CUSKS_p_TCGAb47_SNP_1N_GenomeWideSNP_6_A12_628274	17	12520487	14188793	1326	-0.3628
CUSKS_p_TCGAb47_SNP_1N_GenomeWideSNP_6_A12_628274	17	14189693	14190546	2	1.9507
CUSKS_p_TCGAb47_SNP_1N_GenomeWideSNP_6_A12_628274	17	14194902	16132995	1302	-0.3127
CUSKS_p_TCGAb47_SNP_1N_GenomeWideSNP_6_A12_628274	17	16150556	16757147	254	0.1538
CUSKS_p_TCGAb47_SNP_1N_GenomeWideSNP_6_A12_628274	17	16763555	17872149	645	-0.3453
CUSKS_p_TCGAb47_SNP_1N_GenomeWideSNP_6_A12_628274	17	17874828	20242446	1096	0.6491
CUSKS_p_TCGAb47_SNP_1N_GenomeWideSNP_6_A12_628274	17	20252479	20431269	41	0.1573
CUSKS_p_TCGAb47_SNP_1N_GenomeWideSNP_6_A12_628274	17	20433585	20754121	117	-0.3922
CUSKS_p_TCGAb47_SNP_1N_GenomeWideSNP_6_A12_628274	17	20759120	20852833	41	0.1102
CUSKS_p_TCGAb47_SNP_1N_GenomeWideSNP_6_A12_628274	17	20853295	21012523	87	-0.2537
CUSKS_p_TCGAb47_SNP_1N_GenomeWideSNP_6_A12_628274	17	21012803	21082627	31	0.1062
CUSKS_p_TCGAb47_SNP_1N_GenomeWideSNP_6_A12_628274	17	21084703	21467375	175	-0.3138
CUSKS_p_TCGAb47_SNP_1N_GenomeWideSNP_6_A12_628274	17	21470949	27891880	1528	0.4881
CUSKS_p_TCGAb47_SNP_1N_GenomeWideSNP_6_A12_628274	17	27901975	29852092	821	0.9144
CUSKS_p_TCGAb47_SNP_1N_GenomeWideSNP_6_A12_628274	17	29852653	30541677	348	-0.3699
CUSKS_p_TCGAb47_SNP_1N_GenomeWideSNP_6_A12_628274	17	30542292	31378785	518	0.1696
CUSKS_p_TCGAb47_SNP_1N_GenomeWideSNP_6_A12_628274	17	31379483	34586294	2461	0.8806
CUSKS_p_TCGAb47_SNP_1N_GenomeWideSNP_6_A12_628274	17	34629696	34909039	84	1.2224
CUSKS_p_TCGAb47_SNP_1N_GenomeWideSNP_6_A12_628274	17	34909107	35696108	559	0.8182
CUSKS_p_TCGAb47_SNP_1N_GenomeWideSNP_6_A12_628274	17	35699921	36130337	269	-0.3205
CUSKS_p_TCGAb47_SNP_1N_GenomeWideSNP_6_A12_628274	17	36131437	36624910	180	0.3907
CUSKS_p_TCGAb47_SNP_1N_GenomeWideSNP_6_A12_628274	17	36631609	36837308	92	2.1562
CUSKS_p_TCGAb47_SNP_1N_GenomeWideSNP_6_A12_628274	17	36845826	37399340	262	0.2824
CUSKS_p_TCGAb47_SNP_1N_GenomeWideSNP_6_A12_628274	17	37401051	37658856	101	2.6742
CUSKS_p_TCGAb47_SNP_1N_GenomeWideSNP_6_A12_628274	17	37661002	37848603	84	2.2314
CUSKS_p_TCGAb47_SNP_1N_GenomeWideSNP_6_A12_628274	17	37850710	37851040	5	3.4577
CUSKS_p_TCGAb47_SNP_1N_GenomeWideSNP_6_A12_628274	17	37851239	38178793	213	2.5809
CUSKS_p_TCGAb47_SNP_1N_GenomeWideSNP_6_A12_628274	17	38179492	39421708	689	0.3314
CUSKS_p_TCGAb47_SNP_1N_GenomeWideSNP_6_A12_628274	17	39423014	39430531	24	-0.4514
CUSKS_p_TCGAb47_SNP_1N_GenomeWideSNP_6_A12_628274	17	39432724	40078017	437	0.3329
CUSKS_p_TCGAb47_SNP_1N_GenomeWideSNP_6_A12_628274	17	40081995	41264014	616	-0.2996
CUSKS_p_TCGAb47_SNP_1N_GenomeWideSNP_6_A12_628274	17	41264461	41264546	3	1.0118
CUSKS_p_TCGAb47_SNP_1N_GenomeWideSNP_6_A12_628274	17	41264723	42688470	697	-0.3281
CUSKS_p_TCGAb47_SNP_1N_GenomeWideSNP_6_A12_628274	17	42692513	42693866	3	-1.7387
CUSKS_p_TCGAb47_SNP_1N_GenomeWideSNP_6_A12_628274	17	42694367	44428681	885	-0.2788
CUSKS_p_TCGAb47_SNP_1N_GenomeWideSNP_6_A12_628274	17	44429320	44557907	15	1.7279
CUSKS_p_TCGAb47_SNP_1N_GenomeWideSNP_6_A12_628274	17	44571637	44640722	3	-0.2005
CUSKS_p_TCGAb47_SNP_1N_GenomeWideSNP_6_A12_628274	17	44647143	45347892	331	1.7821
CUSKS_p_TCGAb47_SNP_1N_GenomeWideSNP_6_A12_628274	17	45348100	45677241	132	2.0978
CUSKS_p_TCGAb47_SNP_1N_GenomeWideSNP_6_A12_628274	17	45677485	45830948	82	-0.2804
CUSKS_p_TCGAb47_SNP_1N_GenomeWideSNP_6_A12_628274	17	45841001	45855956	10	0.317
CUSKS_p_TCGAb47_SNP_1N_GenomeWideSNP_6_A12_628274	17	45858836	45864399	7	-0.3069
CUSKS_p_TCGAb47_SNP_1N_GenomeWideSNP_6_A12_628274	17	45866224	46001470	70	0.2845
CUSKS_p_TCGAb47_SNP_1N_GenomeWideSNP_6_A12_628274	17	46003586	46319406	197	-0.3414
CUSKS_p_TCGAb47_SNP_1N_GenomeWideSNP_6_A12_628274	17	46322979	51357036	3048	0.1855
CUSKS_p_TCGAb47_SNP_1N_GenomeWideSNP_6_A12_628274	17	51357212	51444669	56	-0.3934
CUSKS_p_TCGAb47_SNP_1N_GenomeWideSNP_6_A12_628274	17	51445508	51545422	68	0.3971
CUSKS_p_TCGAb47_SNP_1N_GenomeWideSNP_6_A12_628274	17	51545996	51596683	28	0.8025
CUSKS_p_TCGAb47_SNP_1N_GenomeWideSNP_6_A12_628274	17	51598799	51697350	59	-0.3782
CUSKS_p_TCGAb47_SNP_1N_GenomeWideSNP_6_A12_628274	17	51703484	51929285	149	0.8092
CUSKS_p_TCGAb47_SNP_1N_GenomeWideSNP_6_A12_628274	17	51929857	53886040	1363	0.1661
CUSKS_p_TCGAb47_SNP_1N_GenomeWideSNP_6_A12_628274	17	53887966	55910556	1630	0.5492
CUSKS_p_TCGAb47_SNP_1N_GenomeWideSNP_6_A12_628274	17	55911997	56212782	164	0.1836
CUSKS_p_TCGAb47_SNP_1N_GenomeWideSNP_6_A12_628274	17	56213443	56217398	3	1.1239
CUSKS_p_TCGAb47_SNP_1N_GenomeWideSNP_6_A12_628274	17	56221035	56417691	121	0.1973
CUSKS_p_TCGAb47_SNP_1N_GenomeWideSNP_6_A12_628274	17	56423201	57126458	310	0.846
CUSKS_p_TCGAb47_SNP_1N_GenomeWideSNP_6_A12_628274	17	57127308	57249524	58	1.3341
CUSKS_p_TCGAb47_SNP_1N_GenomeWideSNP_6_A12_628274	17	57255046	58263507	460	0.8057
CUSKS_p_TCGAb47_SNP_1N_GenomeWideSNP_6_A12_628274	17	58263721	58757805	235	0.1692
CUSKS_p_TCGAb47_SNP_1N_GenomeWideSNP_6_A12_628274	17	58760683	59172565	218	-1.1555
CUSKS_p_TCGAb47_SNP_1N_GenomeWideSNP_6_A12_628274	17	59177984	59369465	105	-0.3577
CUSKS_p_TCGAb47_SNP_1N_GenomeWideSNP_6_A12_628274	17	59372034	59445857	46	-1.3031
CUSKS_p_TCGAb47_SNP_1N_GenomeWideSNP_6_A12_628274	17	59446195	81049726	12700	0.1997
CUSKS_p_TCGAb47_SNP_1N_GenomeWideSNP_6_A12_628274	18	11543	14351752	10133	-0.0756
CUSKS_p_TCGAb47_SNP_1N_GenomeWideSNP_6_A12_628274	18	14352852	14352869	2	-2.4943
CUSKS_p_TCGAb47_SNP_1N_GenomeWideSNP_6_A12_628274	18	14355173	38258727	12718	-0.0833
CUSKS_p_TCGAb47_SNP_1N_GenomeWideSNP_6_A12_628274	18	38260420	38265389	19	0.5823
CUSKS_p_TCGAb47_SNP_1N_GenomeWideSNP_6_A12_628274	18	38268024	63721579	17518	-0.0759
CUSKS_p_TCGAb47_SNP_1N_GenomeWideSNP_6_A12_628274	18	63727492	63728139	11	0.5732
CUSKS_p_TCGAb47_SNP_1N_GenomeWideSNP_6_A12_628274	18	63728340	64959323	823	-0.1097
CUSKS_p_TCGAb47_SNP_1N_GenomeWideSNP_6_A12_628274	18	64959372	64966472	17	-1.1449
CUSKS_p_TCGAb47_SNP_1N_GenomeWideSNP_6_A12_628274	18	64967265	70948334	4463	-0.1502
CUSKS_p_TCGAb47_SNP_1N_GenomeWideSNP_6_A12_628274	18	70948349	70951212	18	0.6858
CUSKS_p_TCGAb47_SNP_1N_GenomeWideSNP_6_A12_628274	18	70952073	76293527	4173	-0.0956
CUSKS_p_TCGAb47_SNP_1N_GenomeWideSNP_6_A12_628274	18	76293710	76298627	10	0.8086
CUSKS_p_TCGAb47_SNP_1N_GenomeWideSNP_6_A12_628274	18	76298718	78015057	934	-0.044
CUSKS_p_TCGAb47_SNP_1N_GenomeWideSNP_6_A12_628274	19	90910	59097854	29367	-0.0375
CUSKS_p_TCGAb47_SNP_1N_GenomeWideSNP_6_A12_628274	20	61305	1582207	1243	0.1843
CUSKS_p_TCGAb47_SNP_1N_GenomeWideSNP_6_A12_628274	20	1590257	1593893	5	-2.1676
CUSKS_p_TCGAb47_SNP_1N_GenomeWideSNP_6_A12_628274	20	1597946	26253682	18809	0.1548
CUSKS_p_TCGAb47_SNP_1N_GenomeWideSNP_6_A12_628274	20	26255704	29441595	21	0.705
CUSKS_p_TCGAb47_SNP_1N_GenomeWideSNP_6_A12_628274	20	29443421	41159141	6724	0.1685
CUSKS_p_TCGAb47_SNP_1N_GenomeWideSNP_6_A12_628274	20	41166455	41185138	22	-1.1238
CUSKS_p_TCGAb47_SNP_1N_GenomeWideSNP_6_A12_628274	20	41187459	52657717	8229	0.1677
CUSKS_p_TCGAb47_SNP_1N_GenomeWideSNP_6_A12_628274	20	52658073	52658164	2	2.1322
CUSKS_p_TCGAb47_SNP_1N_GenomeWideSNP_6_A12_628274	20	52658519	52665643	6	-0.3709
CUSKS_p_TCGAb47_SNP_1N_GenomeWideSNP_6_A12_628274	20	52666885	52681028	32	0.1701
CUSKS_p_TCGAb47_SNP_1N_GenomeWideSNP_6_A12_628274	20	52681107	52681881	7	-0.4098
CUSKS_p_TCGAb47_SNP_1N_GenomeWideSNP_6_A12_628274	20	52681913	52681928	2	-3.3574
CUSKS_p_TCGAb47_SNP_1N_GenomeWideSNP_6_A12_628274	20	52682258	62956153	7423	0.1617
CUSKS_p_TCGAb47_SNP_1N_GenomeWideSNP_6_A12_628274	21	10736871	10942932	34	-0.5883
CUSKS_p_TCGAb47_SNP_1N_GenomeWideSNP_6_A12_628274	21	10943554	48096957	24390	-0.0941
CUSKS_p_TCGAb47_SNP_1N_GenomeWideSNP_6_A12_628274	22	16052528	25661698	5464	0.282
CUSKS_p_TCGAb47_SNP_1N_GenomeWideSNP_6_A12_628274	22	25663985	25736345	53	0.8054
CUSKS_p_TCGAb47_SNP_1N_GenomeWideSNP_6_A12_628274	22	25736672	25745901	7	1.9616
CUSKS_p_TCGAb47_SNP_1N_GenomeWideSNP_6_A12_628274	22	25745916	25918709	234	0.9701
CUSKS_p_TCGAb47_SNP_1N_GenomeWideSNP_6_A12_628274	22	25922342	29869190	3236	0.189
CUSKS_p_TCGAb47_SNP_1N_GenomeWideSNP_6_A12_628274	22	29870258	29881717	6	1.6571
CUSKS_p_TCGAb47_SNP_1N_GenomeWideSNP_6_A12_628274	22	29881801	51027333	14466	0.2004
CUSKS_p_TCGAb47_SNP_1N_GenomeWideSNP_6_A12_628274	22	51027593	51027885	3	1.9494
CUSKS_p_TCGAb47_SNP_1N_GenomeWideSNP_6_A12_628274	22	51030749	51234455	106	0.3051
CUSKS_p_TCGAb47_SNP_1N_GenomeWideSNP_6_A12_628274	X	168477	2703391	96	0.3699
CUSKS_p_TCGAb47_SNP_1N_GenomeWideSNP_6_A12_628274	X	2703633	36018434	22481	0.0246
CUSKS_p_TCGAb47_SNP_1N_GenomeWideSNP_6_A12_628274	X	36019261	36019718	2	-2.0985
CUSKS_p_TCGAb47_SNP_1N_GenomeWideSNP_6_A12_628274	X	36023947	58549568	11098	0.0291
CUSKS_p_TCGAb47_SNP_1N_GenomeWideSNP_6_A12_628274	X	58561091	62006347	27	0.6739
CUSKS_p_TCGAb47_SNP_1N_GenomeWideSNP_6_A12_628274	X	62016788	100219903	19173	0.0141
CUSKS_p_TCGAb47_SNP_1N_GenomeWideSNP_6_A12_628274	X	100223628	100336665	58	0.4102
CUSKS_p_TCGAb47_SNP_1N_GenomeWideSNP_6_A12_628274	X	100338665	140509046	22668	0.0148
CUSKS_p_TCGAb47_SNP_1N_GenomeWideSNP_6_A12_628274	X	140513985	140696466	40	-0.4356
CUSKS_p_TCGAb47_SNP_1N_GenomeWideSNP_6_A12_628274	X	140697156	155182354	8991	0.0135
CUSKS_p_TCGAb47_SNP_1N_GenomeWideSNP_6_A12_628274	Y	2650438	2856353	101	-3.0472
CUSKS_p_TCGAb47_SNP_1N_GenomeWideSNP_6_A12_628274	Y	2857091	6110498	771	-2.6105
CUSKS_p_TCGAb47_SNP_1N_GenomeWideSNP_6_A12_628274	Y	6112554	6283866	78	-4.3336
CUSKS_p_TCGAb47_SNP_1N_GenomeWideSNP_6_A12_628274	Y	6287367	7368288	462	-2.9453
CUSKS_p_TCGAb47_SNP_1N_GenomeWideSNP_6_A12_628274	Y	7370728	9164747	1031	-3.3592
CUSKS_p_TCGAb47_SNP_1N_GenomeWideSNP_6_A12_628274	Y	9167305	9391884	27	-5.0409
CUSKS_p_TCGAb47_SNP_1N_GenomeWideSNP_6_A12_628274	Y	9392195	15024621	851	-3.0886
CUSKS_p_TCGAb47_SNP_1N_GenomeWideSNP_6_A12_628274	Y	15026424	15030817	5	-6.5941
CUSKS_p_TCGAb47_SNP_1N_GenomeWideSNP_6_A12_628274	Y	15032288	15590276	249	-3.1059
CUSKS_p_TCGAb47_SNP_1N_GenomeWideSNP_6_A12_628274	Y	15590342	15594523	3	-7.8202
CUSKS_p_TCGAb47_SNP_1N_GenomeWideSNP_6_A12_628274	Y	15594889	19570632	2081	-3.1878
CUSKS_p_TCGAb47_SNP_1N_GenomeWideSNP_6_A12_628274	Y	19571480	21088297	703	-3.9943
CUSKS_p_TCGAb47_SNP_1N_GenomeWideSNP_6_A12_628274	Y	21088485	23884367	1065	-3.2424
CUSKS_p_TCGAb47_SNP_1N_GenomeWideSNP_6_A12_628274	Y	23886358	26631228	591	-3.8372
CUSKS_p_TCGAb47_SNP_1N_GenomeWideSNP_6_A12_628274	Y	26631371	26949115	46	-5.2179
CUSKS_p_TCGAb47_SNP_1N_GenomeWideSNP_6_A12_628274	Y	26958025	28289727	326	-3.7934
CUSKS_p_TCGAb47_SNP_1N_GenomeWideSNP_6_A12_628274	Y	28289818	28322019	12	-6.4122
CUSKS_p_TCGAb47_SNP_1N_GenomeWideSNP_6_A12_628274	Y	28322083	28423938	43	-3.9123
CUSKS_p_TCGAb47_SNP_1N_GenomeWideSNP_6_A12_628274	Y	28438116	59018259	183	-2.8166
