Sample	Chromosome	Start	End	Num_Probes	Segment_Mean
CUSKS_p_TCGAb47_SNP_1N_GenomeWideSNP_6_F06_628216	1	61735	9807352	4935	0.0264
CUSKS_p_TCGAb47_SNP_1N_GenomeWideSNP_6_F06_628216	1	9809552	12859413	1591	-0.7041
CUSKS_p_TCGAb47_SNP_1N_GenomeWideSNP_6_F06_628216	1	12862241	13733517	83	-0.4181
CUSKS_p_TCGAb47_SNP_1N_GenomeWideSNP_6_F06_628216	1	13739156	16149343	1789	-0.6607
CUSKS_p_TCGAb47_SNP_1N_GenomeWideSNP_6_F06_628216	1	16149915	16154966	10	0.3018
CUSKS_p_TCGAb47_SNP_1N_GenomeWideSNP_6_F06_628216	1	16155010	16344827	83	-0.6736
CUSKS_p_TCGAb47_SNP_1N_GenomeWideSNP_6_F06_628216	1	16345255	16379416	8	-2.1525
CUSKS_p_TCGAb47_SNP_1N_GenomeWideSNP_6_F06_628216	1	16389566	17005776	254	-0.6749
CUSKS_p_TCGAb47_SNP_1N_GenomeWideSNP_6_F06_628216	1	17005978	17291894	130	-0.2666
CUSKS_p_TCGAb47_SNP_1N_GenomeWideSNP_6_F06_628216	1	17295212	28601359	6537	-0.6834
CUSKS_p_TCGAb47_SNP_1N_GenomeWideSNP_6_F06_628216	1	28604673	30741496	1136	0.0666
CUSKS_p_TCGAb47_SNP_1N_GenomeWideSNP_6_F06_628216	1	30741656	30745210	3	-0.859
CUSKS_p_TCGAb47_SNP_1N_GenomeWideSNP_6_F06_628216	1	30747576	32940452	1200	0.0551
CUSKS_p_TCGAb47_SNP_1N_GenomeWideSNP_6_F06_628216	1	32940614	33075709	56	0.4639
CUSKS_p_TCGAb47_SNP_1N_GenomeWideSNP_6_F06_628216	1	33079507	33098468	12	-0.0705
CUSKS_p_TCGAb47_SNP_1N_GenomeWideSNP_6_F06_628216	1	33104093	33461130	146	0.4926
CUSKS_p_TCGAb47_SNP_1N_GenomeWideSNP_6_F06_628216	1	33466560	55090200	12214	0.0814
CUSKS_p_TCGAb47_SNP_1N_GenomeWideSNP_6_F06_628216	1	55093291	55094389	2	1.3113
CUSKS_p_TCGAb47_SNP_1N_GenomeWideSNP_6_F06_628216	1	55096450	62112763	5435	0.1185
CUSKS_p_TCGAb47_SNP_1N_GenomeWideSNP_6_F06_628216	1	62113102	62119809	6	-0.8548
CUSKS_p_TCGAb47_SNP_1N_GenomeWideSNP_6_F06_628216	1	62119978	72768936	7383	0.0965
CUSKS_p_TCGAb47_SNP_1N_GenomeWideSNP_6_F06_628216	1	72771143	72811148	44	0.7563
CUSKS_p_TCGAb47_SNP_1N_GenomeWideSNP_6_F06_628216	1	72811904	89475255	10984	0.0943
CUSKS_p_TCGAb47_SNP_1N_GenomeWideSNP_6_F06_628216	1	89477958	89485298	5	-1.2631
CUSKS_p_TCGAb47_SNP_1N_GenomeWideSNP_6_F06_628216	1	89487657	101644210	7590	0.0849
CUSKS_p_TCGAb47_SNP_1N_GenomeWideSNP_6_F06_628216	1	101648328	101655292	2	-1.7084
CUSKS_p_TCGAb47_SNP_1N_GenomeWideSNP_6_F06_628216	1	101655670	102691323	777	0.0716
CUSKS_p_TCGAb47_SNP_1N_GenomeWideSNP_6_F06_628216	1	102695228	102696043	3	-1.0518
CUSKS_p_TCGAb47_SNP_1N_GenomeWideSNP_6_F06_628216	1	102699430	106019205	1681	0.0776
CUSKS_p_TCGAb47_SNP_1N_GenomeWideSNP_6_F06_628216	1	106019236	106022344	14	0.8869
CUSKS_p_TCGAb47_SNP_1N_GenomeWideSNP_6_F06_628216	1	106022360	111377368	3532	0.0911
CUSKS_p_TCGAb47_SNP_1N_GenomeWideSNP_6_F06_628216	1	111377565	111388226	38	-0.6922
CUSKS_p_TCGAb47_SNP_1N_GenomeWideSNP_6_F06_628216	1	111392067	112696087	1080	0.0801
CUSKS_p_TCGAb47_SNP_1N_GenomeWideSNP_6_F06_628216	1	112696193	112697390	23	0.6279
CUSKS_p_TCGAb47_SNP_1N_GenomeWideSNP_6_F06_628216	1	112705956	145151728	5396	0.0992
CUSKS_p_TCGAb47_SNP_1N_GenomeWideSNP_6_F06_628216	1	145151959	145152018	3	1.8664
CUSKS_p_TCGAb47_SNP_1N_GenomeWideSNP_6_F06_628216	1	145152050	148519976	931	0.1185
CUSKS_p_TCGAb47_SNP_1N_GenomeWideSNP_6_F06_628216	1	148526488	148660826	20	-0.6803
CUSKS_p_TCGAb47_SNP_1N_GenomeWideSNP_6_F06_628216	1	148661188	149545372	200	0.1263
CUSKS_p_TCGAb47_SNP_1N_GenomeWideSNP_6_F06_628216	1	149545386	149578722	4	-1.2171
CUSKS_p_TCGAb47_SNP_1N_GenomeWideSNP_6_F06_628216	1	149617451	152555527	1492	0.0702
CUSKS_p_TCGAb47_SNP_1N_GenomeWideSNP_6_F06_628216	1	152555706	152579621	27	0.5845
CUSKS_p_TCGAb47_SNP_1N_GenomeWideSNP_6_F06_628216	1	152579825	152761923	180	0.041
CUSKS_p_TCGAb47_SNP_1N_GenomeWideSNP_6_F06_628216	1	152761939	152768700	36	0.4972
CUSKS_p_TCGAb47_SNP_1N_GenomeWideSNP_6_F06_628216	1	152773905	160535596	4727	0.0529
CUSKS_p_TCGAb47_SNP_1N_GenomeWideSNP_6_F06_628216	1	160535846	160537721	4	-1.2127
CUSKS_p_TCGAb47_SNP_1N_GenomeWideSNP_6_F06_628216	1	160537895	196732086	24836	0.0974
CUSKS_p_TCGAb47_SNP_1N_GenomeWideSNP_6_F06_628216	1	196738623	196824600	98	-0.3995
CUSKS_p_TCGAb47_SNP_1N_GenomeWideSNP_6_F06_628216	1	196827855	210071062	8816	0.0908
CUSKS_p_TCGAb47_SNP_1N_GenomeWideSNP_6_F06_628216	1	210081613	210083984	3	1.5486
CUSKS_p_TCGAb47_SNP_1N_GenomeWideSNP_6_F06_628216	1	210086552	222600008	8768	0.1047
CUSKS_p_TCGAb47_SNP_1N_GenomeWideSNP_6_F06_628216	1	222601848	222602351	2	-1.4046
CUSKS_p_TCGAb47_SNP_1N_GenomeWideSNP_6_F06_628216	1	222605139	249224388	18369	0.1039
CUSKS_p_TCGAb47_SNP_1N_GenomeWideSNP_6_F06_628216	2	12784	34520473	24015	-0.1543
CUSKS_p_TCGAb47_SNP_1N_GenomeWideSNP_6_F06_628216	2	34523978	34525580	2	-2.9321
CUSKS_p_TCGAb47_SNP_1N_GenomeWideSNP_6_F06_628216	2	34525967	35975973	1017	-0.1786
CUSKS_p_TCGAb47_SNP_1N_GenomeWideSNP_6_F06_628216	2	35977790	35986716	4	-2.3534
CUSKS_p_TCGAb47_SNP_1N_GenomeWideSNP_6_F06_628216	2	35986908	46490132	7853	-0.156
CUSKS_p_TCGAb47_SNP_1N_GenomeWideSNP_6_F06_628216	2	46490801	46492272	2	-2.5159
CUSKS_p_TCGAb47_SNP_1N_GenomeWideSNP_6_F06_628216	2	46492682	52754468	4309	-0.1668
CUSKS_p_TCGAb47_SNP_1N_GenomeWideSNP_6_F06_628216	2	52754480	52781542	39	0.7055
CUSKS_p_TCGAb47_SNP_1N_GenomeWideSNP_6_F06_628216	2	52787949	108440736	30669	-0.1609
CUSKS_p_TCGAb47_SNP_1N_GenomeWideSNP_6_F06_628216	2	108446969	108480907	2	1.742
CUSKS_p_TCGAb47_SNP_1N_GenomeWideSNP_6_F06_628216	2	108492088	112138965	1647	-0.1301
CUSKS_p_TCGAb47_SNP_1N_GenomeWideSNP_6_F06_628216	2	112142905	112149534	3	-1.6531
CUSKS_p_TCGAb47_SNP_1N_GenomeWideSNP_6_F06_628216	2	112149595	129638078	10802	-0.1558
CUSKS_p_TCGAb47_SNP_1N_GenomeWideSNP_6_F06_628216	2	129638478	129640315	15	-1.0079
CUSKS_p_TCGAb47_SNP_1N_GenomeWideSNP_6_F06_628216	2	129640329	184084153	33375	-0.1531
CUSKS_p_TCGAb47_SNP_1N_GenomeWideSNP_6_F06_628216	2	184085453	184089724	10	-1.1153
CUSKS_p_TCGAb47_SNP_1N_GenomeWideSNP_6_F06_628216	2	184093998	185116339	629	-0.1516
CUSKS_p_TCGAb47_SNP_1N_GenomeWideSNP_6_F06_628216	2	185118891	185120778	9	-1.2345
CUSKS_p_TCGAb47_SNP_1N_GenomeWideSNP_6_F06_628216	2	185124989	213181322	16541	-0.1463
CUSKS_p_TCGAb47_SNP_1N_GenomeWideSNP_6_F06_628216	2	213186549	213191825	25	-1.0459
CUSKS_p_TCGAb47_SNP_1N_GenomeWideSNP_6_F06_628216	2	213192126	231181285	11769	-0.1398
CUSKS_p_TCGAb47_SNP_1N_GenomeWideSNP_6_F06_628216	2	231181432	231190446	12	-0.7683
CUSKS_p_TCGAb47_SNP_1N_GenomeWideSNP_6_F06_628216	2	231199475	243089456	7289	-0.1479
CUSKS_p_TCGAb47_SNP_1N_GenomeWideSNP_6_F06_628216	3	60345	16239063	12952	0.0674
CUSKS_p_TCGAb47_SNP_1N_GenomeWideSNP_6_F06_628216	3	16240556	16241179	6	-0.8993
CUSKS_p_TCGAb47_SNP_1N_GenomeWideSNP_6_F06_628216	3	16241325	23448863	4654	0.0607
CUSKS_p_TCGAb47_SNP_1N_GenomeWideSNP_6_F06_628216	3	23454790	23458291	4	-1.5982
CUSKS_p_TCGAb47_SNP_1N_GenomeWideSNP_6_F06_628216	3	23460232	28753098	3854	0.0737
CUSKS_p_TCGAb47_SNP_1N_GenomeWideSNP_6_F06_628216	3	28753806	28755787	2	-1.4362
CUSKS_p_TCGAb47_SNP_1N_GenomeWideSNP_6_F06_628216	3	28756119	57507281	17564	0.0728
CUSKS_p_TCGAb47_SNP_1N_GenomeWideSNP_6_F06_628216	3	57508012	57508380	3	-2.0456
CUSKS_p_TCGAb47_SNP_1N_GenomeWideSNP_6_F06_628216	3	57508538	61635156	3320	0.0792
CUSKS_p_TCGAb47_SNP_1N_GenomeWideSNP_6_F06_628216	3	61635260	61635308	2	1.6481
CUSKS_p_TCGAb47_SNP_1N_GenomeWideSNP_6_F06_628216	3	61635518	75568549	10474	0.0872
CUSKS_p_TCGAb47_SNP_1N_GenomeWideSNP_6_F06_628216	3	75572549	75608639	9	0.8928
CUSKS_p_TCGAb47_SNP_1N_GenomeWideSNP_6_F06_628216	3	75613174	97899419	10416	0.0521
CUSKS_p_TCGAb47_SNP_1N_GenomeWideSNP_6_F06_628216	3	97908670	97913425	3	-2.1308
CUSKS_p_TCGAb47_SNP_1N_GenomeWideSNP_6_F06_628216	3	97914817	107862464	6034	0.0185
CUSKS_p_TCGAb47_SNP_1N_GenomeWideSNP_6_F06_628216	3	107864963	107869728	5	-0.9773
CUSKS_p_TCGAb47_SNP_1N_GenomeWideSNP_6_F06_628216	3	107869895	128380252	12707	0.0201
CUSKS_p_TCGAb47_SNP_1N_GenomeWideSNP_6_F06_628216	3	128381249	128412331	16	1.0197
CUSKS_p_TCGAb47_SNP_1N_GenomeWideSNP_6_F06_628216	3	128414161	162137600	20704	0.0207
CUSKS_p_TCGAb47_SNP_1N_GenomeWideSNP_6_F06_628216	3	162137653	162142705	13	0.6264
CUSKS_p_TCGAb47_SNP_1N_GenomeWideSNP_6_F06_628216	3	162144248	162530870	276	-0.0231
CUSKS_p_TCGAb47_SNP_1N_GenomeWideSNP_6_F06_628216	3	162532950	162540490	7	-1.5858
CUSKS_p_TCGAb47_SNP_1N_GenomeWideSNP_6_F06_628216	3	162545716	162623853	44	-0.3686
CUSKS_p_TCGAb47_SNP_1N_GenomeWideSNP_6_F06_628216	3	162623881	175078518	7670	0.0185
CUSKS_p_TCGAb47_SNP_1N_GenomeWideSNP_6_F06_628216	3	175080592	175080611	2	-0.6513
CUSKS_p_TCGAb47_SNP_1N_GenomeWideSNP_6_F06_628216	3	175080747	175081226	4	-1.6407
CUSKS_p_TCGAb47_SNP_1N_GenomeWideSNP_6_F06_628216	3	175081325	183393303	4980	0.0211
CUSKS_p_TCGAb47_SNP_1N_GenomeWideSNP_6_F06_628216	3	183393324	183444447	21	0.4538
CUSKS_p_TCGAb47_SNP_1N_GenomeWideSNP_6_F06_628216	3	183445065	189360754	4022	0.0075
CUSKS_p_TCGAb47_SNP_1N_GenomeWideSNP_6_F06_628216	3	189363678	189364638	11	-0.9916
CUSKS_p_TCGAb47_SNP_1N_GenomeWideSNP_6_F06_628216	3	189370988	195383142	4006	0.0167
CUSKS_p_TCGAb47_SNP_1N_GenomeWideSNP_6_F06_628216	3	195390680	195462316	38	-0.6651
CUSKS_p_TCGAb47_SNP_1N_GenomeWideSNP_6_F06_628216	3	195464094	197833719	1140	0.0364
CUSKS_p_TCGAb47_SNP_1N_GenomeWideSNP_6_F06_628216	3	197833745	197833798	3	-1.1649
CUSKS_p_TCGAb47_SNP_1N_GenomeWideSNP_6_F06_628216	3	197833813	197896118	39	-0.0432
CUSKS_p_TCGAb47_SNP_1N_GenomeWideSNP_6_F06_628216	4	12281	1738252	680	0.0651
CUSKS_p_TCGAb47_SNP_1N_GenomeWideSNP_6_F06_628216	4	1738267	2082009	103	0.4617
CUSKS_p_TCGAb47_SNP_1N_GenomeWideSNP_6_F06_628216	4	2085858	4122828	925	0.0321
CUSKS_p_TCGAb47_SNP_1N_GenomeWideSNP_6_F06_628216	4	4134946	4152760	5	-1.0885
CUSKS_p_TCGAb47_SNP_1N_GenomeWideSNP_6_F06_628216	4	4160063	9456977	3539	0.0831
CUSKS_p_TCGAb47_SNP_1N_GenomeWideSNP_6_F06_628216	4	9461230	9479345	9	-1.1006
CUSKS_p_TCGAb47_SNP_1N_GenomeWideSNP_6_F06_628216	4	9486087	10223416	547	0.0891
CUSKS_p_TCGAb47_SNP_1N_GenomeWideSNP_6_F06_628216	4	10223628	10229630	14	1.278
CUSKS_p_TCGAb47_SNP_1N_GenomeWideSNP_6_F06_628216	4	10229920	34790516	17030	0.0841
CUSKS_p_TCGAb47_SNP_1N_GenomeWideSNP_6_F06_628216	4	34790694	34819110	27	-0.516
CUSKS_p_TCGAb47_SNP_1N_GenomeWideSNP_6_F06_628216	4	34819211	49267848	8997	0.0861
CUSKS_p_TCGAb47_SNP_1N_GenomeWideSNP_6_F06_628216	4	49291192	49291355	2	-2.255
CUSKS_p_TCGAb47_SNP_1N_GenomeWideSNP_6_F06_628216	4	49297220	69244434	10491	0.0701
CUSKS_p_TCGAb47_SNP_1N_GenomeWideSNP_6_F06_628216	4	69255070	69256759	3	-1.3377
CUSKS_p_TCGAb47_SNP_1N_GenomeWideSNP_6_F06_628216	4	69256760	69372003	25	0.0821
CUSKS_p_TCGAb47_SNP_1N_GenomeWideSNP_6_F06_628216	4	69374941	69528959	70	0.4938
CUSKS_p_TCGAb47_SNP_1N_GenomeWideSNP_6_F06_628216	4	69536788	70121263	322	0.0561
CUSKS_p_TCGAb47_SNP_1N_GenomeWideSNP_6_F06_628216	4	70123510	70149157	17	-0.6169
CUSKS_p_TCGAb47_SNP_1N_GenomeWideSNP_6_F06_628216	4	70149650	70174415	13	-1.1263
CUSKS_p_TCGAb47_SNP_1N_GenomeWideSNP_6_F06_628216	4	70175258	70290401	57	-0.4343
CUSKS_p_TCGAb47_SNP_1N_GenomeWideSNP_6_F06_628216	4	70294140	86975223	10426	0.07
CUSKS_p_TCGAb47_SNP_1N_GenomeWideSNP_6_F06_628216	4	86976094	86979764	19	-2.1605
CUSKS_p_TCGAb47_SNP_1N_GenomeWideSNP_6_F06_628216	4	86979944	104280563	10280	0.068
CUSKS_p_TCGAb47_SNP_1N_GenomeWideSNP_6_F06_628216	4	104281323	104285210	2	-1.5483
CUSKS_p_TCGAb47_SNP_1N_GenomeWideSNP_6_F06_628216	4	104285544	115173700	6621	0.066
CUSKS_p_TCGAb47_SNP_1N_GenomeWideSNP_6_F06_628216	4	115175323	115182175	23	-1.7247
CUSKS_p_TCGAb47_SNP_1N_GenomeWideSNP_6_F06_628216	4	115184229	115507624	226	0.0607
CUSKS_p_TCGAb47_SNP_1N_GenomeWideSNP_6_F06_628216	4	115508166	115514740	5	-0.9643
CUSKS_p_TCGAb47_SNP_1N_GenomeWideSNP_6_F06_628216	4	115516367	161874000	27831	0.0696
CUSKS_p_TCGAb47_SNP_1N_GenomeWideSNP_6_F06_628216	4	161880018	161880445	7	-0.8599
CUSKS_p_TCGAb47_SNP_1N_GenomeWideSNP_6_F06_628216	4	161880466	161884347	9	-0.309
CUSKS_p_TCGAb47_SNP_1N_GenomeWideSNP_6_F06_628216	4	161884363	161884919	6	-1.146
CUSKS_p_TCGAb47_SNP_1N_GenomeWideSNP_6_F06_628216	4	161884958	172369346	6679	0.061
CUSKS_p_TCGAb47_SNP_1N_GenomeWideSNP_6_F06_628216	4	172374884	172377444	8	2.0191
CUSKS_p_TCGAb47_SNP_1N_GenomeWideSNP_6_F06_628216	4	172377458	173428471	650	0.0605
CUSKS_p_TCGAb47_SNP_1N_GenomeWideSNP_6_F06_628216	4	173428588	173428643	2	-1.8857
CUSKS_p_TCGAb47_SNP_1N_GenomeWideSNP_6_F06_628216	4	173441132	189221360	10713	0.0669
CUSKS_p_TCGAb47_SNP_1N_GenomeWideSNP_6_F06_628216	4	189221375	189221424	2	1.9353
CUSKS_p_TCGAb47_SNP_1N_GenomeWideSNP_6_F06_628216	4	189221439	191027923	1177	0.0254
CUSKS_p_TCGAb47_SNP_1N_GenomeWideSNP_6_F06_628216	5	15532	788060	341	-0.0387
CUSKS_p_TCGAb47_SNP_1N_GenomeWideSNP_6_F06_628216	5	800686	852566	25	0.6116
CUSKS_p_TCGAb47_SNP_1N_GenomeWideSNP_6_F06_628216	5	863797	12800889	9862	0.1029
CUSKS_p_TCGAb47_SNP_1N_GenomeWideSNP_6_F06_628216	5	12815780	12838533	14	-1.5969
CUSKS_p_TCGAb47_SNP_1N_GenomeWideSNP_6_F06_628216	5	12849201	17601553	3183	0.097
CUSKS_p_TCGAb47_SNP_1N_GenomeWideSNP_6_F06_628216	5	17601728	17642551	22	-1.0262
CUSKS_p_TCGAb47_SNP_1N_GenomeWideSNP_6_F06_628216	5	17655138	57329115	22469	0.096
CUSKS_p_TCGAb47_SNP_1N_GenomeWideSNP_6_F06_628216	5	57329530	57333293	26	-0.7403
CUSKS_p_TCGAb47_SNP_1N_GenomeWideSNP_6_F06_628216	5	57333515	58303558	744	0.1066
CUSKS_p_TCGAb47_SNP_1N_GenomeWideSNP_6_F06_628216	5	58303626	58304570	4	-1.6541
CUSKS_p_TCGAb47_SNP_1N_GenomeWideSNP_6_F06_628216	5	58304705	98836572	23213	0.1017
CUSKS_p_TCGAb47_SNP_1N_GenomeWideSNP_6_F06_628216	5	98839874	98840626	2	-3.2041
CUSKS_p_TCGAb47_SNP_1N_GenomeWideSNP_6_F06_628216	5	98844337	103851221	2916	0.0922
CUSKS_p_TCGAb47_SNP_1N_GenomeWideSNP_6_F06_628216	5	103860373	103860604	4	2.2143
CUSKS_p_TCGAb47_SNP_1N_GenomeWideSNP_6_F06_628216	5	103861049	155472133	33490	0.1007
CUSKS_p_TCGAb47_SNP_1N_GenomeWideSNP_6_F06_628216	5	155475099	155482729	18	-0.5297
CUSKS_p_TCGAb47_SNP_1N_GenomeWideSNP_6_F06_628216	5	155495250	164512911	5960	0.0942
CUSKS_p_TCGAb47_SNP_1N_GenomeWideSNP_6_F06_628216	5	164519170	164525657	4	-2.1602
CUSKS_p_TCGAb47_SNP_1N_GenomeWideSNP_6_F06_628216	5	164526703	176765989	8732	0.1015
CUSKS_p_TCGAb47_SNP_1N_GenomeWideSNP_6_F06_628216	5	176766125	176776573	6	-0.6165
CUSKS_p_TCGAb47_SNP_1N_GenomeWideSNP_6_F06_628216	5	176776636	178936605	1095	0.0828
CUSKS_p_TCGAb47_SNP_1N_GenomeWideSNP_6_F06_628216	5	178936671	178936722	3	-1.4093
CUSKS_p_TCGAb47_SNP_1N_GenomeWideSNP_6_F06_628216	5	178937392	180378710	847	0.0693
CUSKS_p_TCGAb47_SNP_1N_GenomeWideSNP_6_F06_628216	5	180378888	180417614	15	0.6918
CUSKS_p_TCGAb47_SNP_1N_GenomeWideSNP_6_F06_628216	5	180417660	180790320	174	0.0618
CUSKS_p_TCGAb47_SNP_1N_GenomeWideSNP_6_F06_628216	6	149661	294837	123	0.0385
CUSKS_p_TCGAb47_SNP_1N_GenomeWideSNP_6_F06_628216	6	302306	375277	72	0.5113
CUSKS_p_TCGAb47_SNP_1N_GenomeWideSNP_6_F06_628216	6	375759	16087649	12398	0.0913
CUSKS_p_TCGAb47_SNP_1N_GenomeWideSNP_6_F06_628216	6	16088268	16088731	4	-1.6263
CUSKS_p_TCGAb47_SNP_1N_GenomeWideSNP_6_F06_628216	6	16089051	26739025	7701	0.0981
CUSKS_p_TCGAb47_SNP_1N_GenomeWideSNP_6_F06_628216	6	26742099	26755915	8	-0.8781
CUSKS_p_TCGAb47_SNP_1N_GenomeWideSNP_6_F06_628216	6	26758030	29837072	1450	0.0702
CUSKS_p_TCGAb47_SNP_1N_GenomeWideSNP_6_F06_628216	6	29837187	29874642	22	-1.0287
CUSKS_p_TCGAb47_SNP_1N_GenomeWideSNP_6_F06_628216	6	29874709	31277686	667	-0.0033
CUSKS_p_TCGAb47_SNP_1N_GenomeWideSNP_6_F06_628216	6	31280823	31295406	8	-2.4657
CUSKS_p_TCGAb47_SNP_1N_GenomeWideSNP_6_F06_628216	6	31295953	32454523	514	0.0446
CUSKS_p_TCGAb47_SNP_1N_GenomeWideSNP_6_F06_628216	6	32456683	32574381	35	1.2789
CUSKS_p_TCGAb47_SNP_1N_GenomeWideSNP_6_F06_628216	6	32578082	32686196	67	0.1597
CUSKS_p_TCGAb47_SNP_1N_GenomeWideSNP_6_F06_628216	6	32688615	32688853	3	-0.9773
CUSKS_p_TCGAb47_SNP_1N_GenomeWideSNP_6_F06_628216	6	32689324	35468873	1580	0.039
CUSKS_p_TCGAb47_SNP_1N_GenomeWideSNP_6_F06_628216	6	35471246	35473797	3	-0.9846
CUSKS_p_TCGAb47_SNP_1N_GenomeWideSNP_6_F06_628216	6	35476562	53925204	12122	0.0879
CUSKS_p_TCGAb47_SNP_1N_GenomeWideSNP_6_F06_628216	6	53931067	53931855	9	-1.5863
CUSKS_p_TCGAb47_SNP_1N_GenomeWideSNP_6_F06_628216	6	53935348	58422642	2419	0.1038
CUSKS_p_TCGAb47_SNP_1N_GenomeWideSNP_6_F06_628216	6	58426052	58427069	5	-1.1449
CUSKS_p_TCGAb47_SNP_1N_GenomeWideSNP_6_F06_628216	6	58432574	69938266	5098	0.0894
CUSKS_p_TCGAb47_SNP_1N_GenomeWideSNP_6_F06_628216	6	69938517	69940937	2	-1.6584
CUSKS_p_TCGAb47_SNP_1N_GenomeWideSNP_6_F06_628216	6	69940955	77014948	4480	0.1074
CUSKS_p_TCGAb47_SNP_1N_GenomeWideSNP_6_F06_628216	6	77016900	77016926	3	1.5344
CUSKS_p_TCGAb47_SNP_1N_GenomeWideSNP_6_F06_628216	6	77016993	77417470	278	0.0378
CUSKS_p_TCGAb47_SNP_1N_GenomeWideSNP_6_F06_628216	6	77418087	77418232	3	-1.1339
CUSKS_p_TCGAb47_SNP_1N_GenomeWideSNP_6_F06_628216	6	77420196	77436532	15	0.2408
CUSKS_p_TCGAb47_SNP_1N_GenomeWideSNP_6_F06_628216	6	77439868	77452392	16	-3.6476
CUSKS_p_TCGAb47_SNP_1N_GenomeWideSNP_6_F06_628216	6	77452446	77452757	5	-1.2618
CUSKS_p_TCGAb47_SNP_1N_GenomeWideSNP_6_F06_628216	6	77461073	78872705	907	0.0869
CUSKS_p_TCGAb47_SNP_1N_GenomeWideSNP_6_F06_628216	6	78875897	78969105	75	0.5964
CUSKS_p_TCGAb47_SNP_1N_GenomeWideSNP_6_F06_628216	6	78971697	79045766	117	0.0879
CUSKS_p_TCGAb47_SNP_1N_GenomeWideSNP_6_F06_628216	6	79045902	80404855	832	0.605
CUSKS_p_TCGAb47_SNP_1N_GenomeWideSNP_6_F06_628216	6	80408994	103734829	14643	-0.6684
CUSKS_p_TCGAb47_SNP_1N_GenomeWideSNP_6_F06_628216	6	103737976	103765470	47	0.0454
CUSKS_p_TCGAb47_SNP_1N_GenomeWideSNP_6_F06_628216	6	103765670	110569600	4313	-0.6778
CUSKS_p_TCGAb47_SNP_1N_GenomeWideSNP_6_F06_628216	6	110570105	110570669	3	-3.0813
CUSKS_p_TCGAb47_SNP_1N_GenomeWideSNP_6_F06_628216	6	110573892	117407713	4109	-0.6722
CUSKS_p_TCGAb47_SNP_1N_GenomeWideSNP_6_F06_628216	6	117411190	134266268	10649	0.0942
CUSKS_p_TCGAb47_SNP_1N_GenomeWideSNP_6_F06_628216	6	134269071	134269632	2	-1.7793
CUSKS_p_TCGAb47_SNP_1N_GenomeWideSNP_6_F06_628216	6	134272072	153957370	13192	0.0916
CUSKS_p_TCGAb47_SNP_1N_GenomeWideSNP_6_F06_628216	6	153960786	153961419	2	-2.46
CUSKS_p_TCGAb47_SNP_1N_GenomeWideSNP_6_F06_628216	6	153961899	171051005	11964	0.0679
CUSKS_p_TCGAb47_SNP_1N_GenomeWideSNP_6_F06_628216	7	43355	137957	89	-0.1126
CUSKS_p_TCGAb47_SNP_1N_GenomeWideSNP_6_F06_628216	7	145185	158626	12	-0.8746
CUSKS_p_TCGAb47_SNP_1N_GenomeWideSNP_6_F06_628216	7	161442	6885538	3357	0.0668
CUSKS_p_TCGAb47_SNP_1N_GenomeWideSNP_6_F06_628216	7	6893308	6920280	10	-0.5537
CUSKS_p_TCGAb47_SNP_1N_GenomeWideSNP_6_F06_628216	7	6928701	6942469	9	0.2421
CUSKS_p_TCGAb47_SNP_1N_GenomeWideSNP_6_F06_628216	7	6942659	6965895	9	-0.5963
CUSKS_p_TCGAb47_SNP_1N_GenomeWideSNP_6_F06_628216	7	6968187	26167492	15415	0.098
CUSKS_p_TCGAb47_SNP_1N_GenomeWideSNP_6_F06_628216	7	26175542	26219559	19	0.6304
CUSKS_p_TCGAb47_SNP_1N_GenomeWideSNP_6_F06_628216	7	26222452	38284199	8531	0.0983
CUSKS_p_TCGAb47_SNP_1N_GenomeWideSNP_6_F06_628216	7	38286205	38398047	131	0.4462
CUSKS_p_TCGAb47_SNP_1N_GenomeWideSNP_6_F06_628216	7	38400957	39077405	533	0.0972
CUSKS_p_TCGAb47_SNP_1N_GenomeWideSNP_6_F06_628216	7	39079473	39079600	2	-1.6272
CUSKS_p_TCGAb47_SNP_1N_GenomeWideSNP_6_F06_628216	7	39081494	52622194	9172	0.1016
CUSKS_p_TCGAb47_SNP_1N_GenomeWideSNP_6_F06_628216	7	52623567	52623687	2	-2.3743
CUSKS_p_TCGAb47_SNP_1N_GenomeWideSNP_6_F06_628216	7	52623937	54380373	1301	0.0819
CUSKS_p_TCGAb47_SNP_1N_GenomeWideSNP_6_F06_628216	7	54386505	54386517	6	-2.2759
CUSKS_p_TCGAb47_SNP_1N_GenomeWideSNP_6_F06_628216	7	54393488	71536663	7064	0.1092
CUSKS_p_TCGAb47_SNP_1N_GenomeWideSNP_6_F06_628216	7	71542111	71627133	49	0.4368
CUSKS_p_TCGAb47_SNP_1N_GenomeWideSNP_6_F06_628216	7	71627782	101052486	16627	0.0958
CUSKS_p_TCGAb47_SNP_1N_GenomeWideSNP_6_F06_628216	7	101059732	101059949	2	-3.1547
CUSKS_p_TCGAb47_SNP_1N_GenomeWideSNP_6_F06_628216	7	101062911	134604899	20568	0.0986
CUSKS_p_TCGAb47_SNP_1N_GenomeWideSNP_6_F06_628216	7	134609297	135247854	422	0.5696
CUSKS_p_TCGAb47_SNP_1N_GenomeWideSNP_6_F06_628216	7	135254315	135299736	19	0.8813
CUSKS_p_TCGAb47_SNP_1N_GenomeWideSNP_6_F06_628216	7	135302646	135362210	34	0.5462
CUSKS_p_TCGAb47_SNP_1N_GenomeWideSNP_6_F06_628216	7	135362669	141760830	4076	0.0933
CUSKS_p_TCGAb47_SNP_1N_GenomeWideSNP_6_F06_628216	7	141761874	141790203	43	-0.5399
CUSKS_p_TCGAb47_SNP_1N_GenomeWideSNP_6_F06_628216	7	141791908	142474939	453	0.1473
CUSKS_p_TCGAb47_SNP_1N_GenomeWideSNP_6_F06_628216	7	142476719	142486045	27	1.1243
CUSKS_p_TCGAb47_SNP_1N_GenomeWideSNP_6_F06_628216	7	142486115	143223918	473	0.0908
CUSKS_p_TCGAb47_SNP_1N_GenomeWideSNP_6_F06_628216	7	143226899	143227096	2	1.7961
CUSKS_p_TCGAb47_SNP_1N_GenomeWideSNP_6_F06_628216	7	143227117	143448381	48	0.0068
CUSKS_p_TCGAb47_SNP_1N_GenomeWideSNP_6_F06_628216	7	143448387	143504789	25	-0.3561
CUSKS_p_TCGAb47_SNP_1N_GenomeWideSNP_6_F06_628216	7	143511057	153147638	5919	0.0872
CUSKS_p_TCGAb47_SNP_1N_GenomeWideSNP_6_F06_628216	7	153147645	153147712	2	-3.1984
CUSKS_p_TCGAb47_SNP_1N_GenomeWideSNP_6_F06_628216	7	153147715	157740441	3251	0.0861
CUSKS_p_TCGAb47_SNP_1N_GenomeWideSNP_6_F06_628216	7	157740473	157744057	3	-1.4494
CUSKS_p_TCGAb47_SNP_1N_GenomeWideSNP_6_F06_628216	7	157745547	159127004	862	0.0512
CUSKS_p_TCGAb47_SNP_1N_GenomeWideSNP_6_F06_628216	8	31254	113380	4	0.2275
CUSKS_p_TCGAb47_SNP_1N_GenomeWideSNP_6_F06_628216	8	158062	7238019	7826	-0.7011
CUSKS_p_TCGAb47_SNP_1N_GenomeWideSNP_6_F06_628216	8	7250380	7832054	155	0.162
CUSKS_p_TCGAb47_SNP_1N_GenomeWideSNP_6_F06_628216	8	7838543	7962459	29	-0.595
CUSKS_p_TCGAb47_SNP_1N_GenomeWideSNP_6_F06_628216	8	7962597	8070303	32	-0.0944
CUSKS_p_TCGAb47_SNP_1N_GenomeWideSNP_6_F06_628216	8	8072303	11949551	3218	-0.6676
CUSKS_p_TCGAb47_SNP_1N_GenomeWideSNP_6_F06_628216	8	11987726	12034997	8	1.1411
CUSKS_p_TCGAb47_SNP_1N_GenomeWideSNP_6_F06_628216	8	12162739	12247486	47	-1.2002
CUSKS_p_TCGAb47_SNP_1N_GenomeWideSNP_6_F06_628216	8	12260927	12443055	64	0.0727
CUSKS_p_TCGAb47_SNP_1N_GenomeWideSNP_6_F06_628216	8	12473543	22256310	8584	-0.6467
CUSKS_p_TCGAb47_SNP_1N_GenomeWideSNP_6_F06_628216	8	22256359	22256689	2	-2.8887
CUSKS_p_TCGAb47_SNP_1N_GenomeWideSNP_6_F06_628216	8	22257302	24974577	1824	-0.639
CUSKS_p_TCGAb47_SNP_1N_GenomeWideSNP_6_F06_628216	8	24975500	24984333	23	-2.8711
CUSKS_p_TCGAb47_SNP_1N_GenomeWideSNP_6_F06_628216	8	24991104	30425905	3865	-0.6411
CUSKS_p_TCGAb47_SNP_1N_GenomeWideSNP_6_F06_628216	8	30427531	30974154	287	0.4824
CUSKS_p_TCGAb47_SNP_1N_GenomeWideSNP_6_F06_628216	8	30976055	30999428	17	-0.5137
CUSKS_p_TCGAb47_SNP_1N_GenomeWideSNP_6_F06_628216	8	30999803	35270095	2751	0.4958
CUSKS_p_TCGAb47_SNP_1N_GenomeWideSNP_6_F06_628216	8	35274907	35288403	11	-0.7486
CUSKS_p_TCGAb47_SNP_1N_GenomeWideSNP_6_F06_628216	8	35291190	37852167	1399	0.5952
CUSKS_p_TCGAb47_SNP_1N_GenomeWideSNP_6_F06_628216	8	37855519	38188401	139	-0.6472
CUSKS_p_TCGAb47_SNP_1N_GenomeWideSNP_6_F06_628216	8	38191803	39246675	569	0.5616
CUSKS_p_TCGAb47_SNP_1N_GenomeWideSNP_6_F06_628216	8	39247111	39386965	57	1.3387
CUSKS_p_TCGAb47_SNP_1N_GenomeWideSNP_6_F06_628216	8	39388299	40703367	1022	0.5713
CUSKS_p_TCGAb47_SNP_1N_GenomeWideSNP_6_F06_628216	8	40706797	40711350	4	-0.5897
CUSKS_p_TCGAb47_SNP_1N_GenomeWideSNP_6_F06_628216	8	40713672	40736197	21	0.6152
CUSKS_p_TCGAb47_SNP_1N_GenomeWideSNP_6_F06_628216	8	40739692	40751704	12	-0.5796
CUSKS_p_TCGAb47_SNP_1N_GenomeWideSNP_6_F06_628216	8	40751896	40937651	110	0.5538
CUSKS_p_TCGAb47_SNP_1N_GenomeWideSNP_6_F06_628216	8	40942755	40952511	7	-0.7498
CUSKS_p_TCGAb47_SNP_1N_GenomeWideSNP_6_F06_628216	8	40953239	41391588	275	0.574
CUSKS_p_TCGAb47_SNP_1N_GenomeWideSNP_6_F06_628216	8	41396567	41409027	4	-0.7725
CUSKS_p_TCGAb47_SNP_1N_GenomeWideSNP_6_F06_628216	8	41409808	47024153	1178	0.5768
CUSKS_p_TCGAb47_SNP_1N_GenomeWideSNP_6_F06_628216	8	47024349	49676436	1146	1.2011
CUSKS_p_TCGAb47_SNP_1N_GenomeWideSNP_6_F06_628216	8	49679941	52104024	1474	0.5854
CUSKS_p_TCGAb47_SNP_1N_GenomeWideSNP_6_F06_628216	8	52104537	52759145	445	1.1582
CUSKS_p_TCGAb47_SNP_1N_GenomeWideSNP_6_F06_628216	8	52761110	52790602	9	0.5404
CUSKS_p_TCGAb47_SNP_1N_GenomeWideSNP_6_F06_628216	8	52792866	52984338	121	1.0721
CUSKS_p_TCGAb47_SNP_1N_GenomeWideSNP_6_F06_628216	8	52985392	72212365	12096	0.5834
CUSKS_p_TCGAb47_SNP_1N_GenomeWideSNP_6_F06_628216	8	72215311	72216599	9	-0.8355
CUSKS_p_TCGAb47_SNP_1N_GenomeWideSNP_6_F06_628216	8	72219863	85257971	7979	0.5854
CUSKS_p_TCGAb47_SNP_1N_GenomeWideSNP_6_F06_628216	8	85257989	85268666	20	-0.8726
CUSKS_p_TCGAb47_SNP_1N_GenomeWideSNP_6_F06_628216	8	85270682	102393046	10055	0.5856
CUSKS_p_TCGAb47_SNP_1N_GenomeWideSNP_6_F06_628216	8	102393114	102399215	21	0.9872
CUSKS_p_TCGAb47_SNP_1N_GenomeWideSNP_6_F06_628216	8	102399227	112291494	6072	0.579
CUSKS_p_TCGAb47_SNP_1N_GenomeWideSNP_6_F06_628216	8	112294279	112295260	10	-1.7361
CUSKS_p_TCGAb47_SNP_1N_GenomeWideSNP_6_F06_628216	8	112300281	115632043	1829	0.5871
CUSKS_p_TCGAb47_SNP_1N_GenomeWideSNP_6_F06_628216	8	115634487	115641689	34	-0.0245
CUSKS_p_TCGAb47_SNP_1N_GenomeWideSNP_6_F06_628216	8	115641731	117981344	1467	0.5767
CUSKS_p_TCGAb47_SNP_1N_GenomeWideSNP_6_F06_628216	8	117984964	118441040	309	1.1991
CUSKS_p_TCGAb47_SNP_1N_GenomeWideSNP_6_F06_628216	8	118443525	143128774	18177	0.5797
CUSKS_p_TCGAb47_SNP_1N_GenomeWideSNP_6_F06_628216	8	143128775	143130738	3	-1.0505
CUSKS_p_TCGAb47_SNP_1N_GenomeWideSNP_6_F06_628216	8	143136640	146298155	1135	0.5098
CUSKS_p_TCGAb47_SNP_1N_GenomeWideSNP_6_F06_628216	9	46587	6536953	6263	0.0895
CUSKS_p_TCGAb47_SNP_1N_GenomeWideSNP_6_F06_628216	9	6542265	6548358	3	-1.5387
CUSKS_p_TCGAb47_SNP_1N_GenomeWideSNP_6_F06_628216	9	6548393	13912875	6523	0.0855
CUSKS_p_TCGAb47_SNP_1N_GenomeWideSNP_6_F06_628216	9	13913150	13913527	4	-1.4405
CUSKS_p_TCGAb47_SNP_1N_GenomeWideSNP_6_F06_628216	9	13916759	27918516	11093	0.0804
CUSKS_p_TCGAb47_SNP_1N_GenomeWideSNP_6_F06_628216	9	27921443	27924051	2	-2.3445
CUSKS_p_TCGAb47_SNP_1N_GenomeWideSNP_6_F06_628216	9	27924178	39305344	7408	0.0748
CUSKS_p_TCGAb47_SNP_1N_GenomeWideSNP_6_F06_628216	9	39310907	39314120	4	-2.3681
CUSKS_p_TCGAb47_SNP_1N_GenomeWideSNP_6_F06_628216	9	39315036	43169603	108	-0.1343
CUSKS_p_TCGAb47_SNP_1N_GenomeWideSNP_6_F06_628216	9	43187967	44396927	87	0.3202
CUSKS_p_TCGAb47_SNP_1N_GenomeWideSNP_6_F06_628216	9	44404912	68357984	251	-0.025
CUSKS_p_TCGAb47_SNP_1N_GenomeWideSNP_6_F06_628216	9	68358822	68837844	39	-0.4357
CUSKS_p_TCGAb47_SNP_1N_GenomeWideSNP_6_F06_628216	9	68995234	69978007	125	0.0427
CUSKS_p_TCGAb47_SNP_1N_GenomeWideSNP_6_F06_628216	9	69978022	106566497	24809	-0.6451
CUSKS_p_TCGAb47_SNP_1N_GenomeWideSNP_6_F06_628216	9	106568696	106569290	2	-4.2521
CUSKS_p_TCGAb47_SNP_1N_GenomeWideSNP_6_F06_628216	9	106570702	114974608	6584	-0.6296
CUSKS_p_TCGAb47_SNP_1N_GenomeWideSNP_6_F06_628216	9	114976485	125300796	7819	0.1192
CUSKS_p_TCGAb47_SNP_1N_GenomeWideSNP_6_F06_628216	9	125306402	125307608	4	-1.0376
CUSKS_p_TCGAb47_SNP_1N_GenomeWideSNP_6_F06_628216	9	125313720	138216412	7646	0.0577
CUSKS_p_TCGAb47_SNP_1N_GenomeWideSNP_6_F06_628216	9	138217797	138238938	34	-0.2906
CUSKS_p_TCGAb47_SNP_1N_GenomeWideSNP_6_F06_628216	9	138239887	141091394	1079	0.0478
CUSKS_p_TCGAb47_SNP_1N_GenomeWideSNP_6_F06_628216	10	72759	46256781	31586	0.0894
CUSKS_p_TCGAb47_SNP_1N_GenomeWideSNP_6_F06_628216	10	46293619	46674180	11	-0.415
CUSKS_p_TCGAb47_SNP_1N_GenomeWideSNP_6_F06_628216	10	46691159	46946708	8	1.0332
CUSKS_p_TCGAb47_SNP_1N_GenomeWideSNP_6_F06_628216	10	46946732	47047599	72	0.2048
CUSKS_p_TCGAb47_SNP_1N_GenomeWideSNP_6_F06_628216	10	47055654	47067412	28	-0.3245
CUSKS_p_TCGAb47_SNP_1N_GenomeWideSNP_6_F06_628216	10	47067426	47112099	37	0.3439
CUSKS_p_TCGAb47_SNP_1N_GenomeWideSNP_6_F06_628216	10	47112547	47119697	9	0.8102
CUSKS_p_TCGAb47_SNP_1N_GenomeWideSNP_6_F06_628216	10	47129684	48902376	513	0.0651
CUSKS_p_TCGAb47_SNP_1N_GenomeWideSNP_6_F06_628216	10	48928791	48934756	2	-1.7431
CUSKS_p_TCGAb47_SNP_1N_GenomeWideSNP_6_F06_628216	10	48947018	48958519	3	1.2768
CUSKS_p_TCGAb47_SNP_1N_GenomeWideSNP_6_F06_628216	10	49031175	51197138	1368	0.1131
CUSKS_p_TCGAb47_SNP_1N_GenomeWideSNP_6_F06_628216	10	51231576	51493079	9	0.8461
CUSKS_p_TCGAb47_SNP_1N_GenomeWideSNP_6_F06_628216	10	51496782	51595847	53	0.1637
CUSKS_p_TCGAb47_SNP_1N_GenomeWideSNP_6_F06_628216	10	51604698	51659444	4	-1.1999
CUSKS_p_TCGAb47_SNP_1N_GenomeWideSNP_6_F06_628216	10	51735651	57180153	3985	0.0926
CUSKS_p_TCGAb47_SNP_1N_GenomeWideSNP_6_F06_628216	10	57180241	57180317	3	-1.7906
CUSKS_p_TCGAb47_SNP_1N_GenomeWideSNP_6_F06_628216	10	57180321	67306276	7077	0.0934
CUSKS_p_TCGAb47_SNP_1N_GenomeWideSNP_6_F06_628216	10	67307923	67314430	27	0.5933
CUSKS_p_TCGAb47_SNP_1N_GenomeWideSNP_6_F06_628216	10	67314446	96497896	19360	0.1017
CUSKS_p_TCGAb47_SNP_1N_GenomeWideSNP_6_F06_628216	10	96501742	96558723	20	0.4783
CUSKS_p_TCGAb47_SNP_1N_GenomeWideSNP_6_F06_628216	10	96559177	97775466	736	0.1122
CUSKS_p_TCGAb47_SNP_1N_GenomeWideSNP_6_F06_628216	10	97775567	97781216	5	-0.7027
CUSKS_p_TCGAb47_SNP_1N_GenomeWideSNP_6_F06_628216	10	97783367	107056279	5620	0.0812
CUSKS_p_TCGAb47_SNP_1N_GenomeWideSNP_6_F06_628216	10	107057038	107059170	3	-1.0939
CUSKS_p_TCGAb47_SNP_1N_GenomeWideSNP_6_F06_628216	10	107062476	135506704	20593	0.0886
CUSKS_p_TCGAb47_SNP_1N_GenomeWideSNP_6_F06_628216	11	198510	211132	5	-0.361
CUSKS_p_TCGAb47_SNP_1N_GenomeWideSNP_6_F06_628216	11	211447	4970243	2477	0.0517
CUSKS_p_TCGAb47_SNP_1N_GenomeWideSNP_6_F06_628216	11	4970277	4975705	26	0.9484
CUSKS_p_TCGAb47_SNP_1N_GenomeWideSNP_6_F06_628216	11	4976257	5783923	799	0.0932
CUSKS_p_TCGAb47_SNP_1N_GenomeWideSNP_6_F06_628216	11	5787405	5809139	33	-0.487
CUSKS_p_TCGAb47_SNP_1N_GenomeWideSNP_6_F06_628216	11	5809338	25083175	14329	0.1034
CUSKS_p_TCGAb47_SNP_1N_GenomeWideSNP_6_F06_628216	11	25084215	25085737	4	-1.1475
CUSKS_p_TCGAb47_SNP_1N_GenomeWideSNP_6_F06_628216	11	25086509	37133536	8617	0.0969
CUSKS_p_TCGAb47_SNP_1N_GenomeWideSNP_6_F06_628216	11	37133698	37134171	6	-0.8178
CUSKS_p_TCGAb47_SNP_1N_GenomeWideSNP_6_F06_628216	11	37134252	48598422	7156	0.093
CUSKS_p_TCGAb47_SNP_1N_GenomeWideSNP_6_F06_628216	11	48601434	48602676	2	-1.4073
CUSKS_p_TCGAb47_SNP_1N_GenomeWideSNP_6_F06_628216	11	48606318	48710427	45	0.1019
CUSKS_p_TCGAb47_SNP_1N_GenomeWideSNP_6_F06_628216	11	48710429	48913644	52	0.3912
CUSKS_p_TCGAb47_SNP_1N_GenomeWideSNP_6_F06_628216	11	48928642	51337258	796	0.1018
CUSKS_p_TCGAb47_SNP_1N_GenomeWideSNP_6_F06_628216	11	51352990	51357245	3	-1.4197
CUSKS_p_TCGAb47_SNP_1N_GenomeWideSNP_6_F06_628216	11	51375310	79967513	13693	0.0741
CUSKS_p_TCGAb47_SNP_1N_GenomeWideSNP_6_F06_628216	11	79967548	79967564	2	-3.4977
CUSKS_p_TCGAb47_SNP_1N_GenomeWideSNP_6_F06_628216	11	79967686	95184355	10500	0.1021
CUSKS_p_TCGAb47_SNP_1N_GenomeWideSNP_6_F06_628216	11	95186029	95186100	2	-2.9578
CUSKS_p_TCGAb47_SNP_1N_GenomeWideSNP_6_F06_628216	11	95186307	99804677	3356	0.0829
CUSKS_p_TCGAb47_SNP_1N_GenomeWideSNP_6_F06_628216	11	99804727	134038949	24524	-0.6558
CUSKS_p_TCGAb47_SNP_1N_GenomeWideSNP_6_F06_628216	11	134044010	134044682	3	-2.2686
CUSKS_p_TCGAb47_SNP_1N_GenomeWideSNP_6_F06_628216	11	134048366	134944770	682	-0.8117
CUSKS_p_TCGAb47_SNP_1N_GenomeWideSNP_6_F06_628216	12	150442	173322	4	0.5729
CUSKS_p_TCGAb47_SNP_1N_GenomeWideSNP_6_F06_628216	12	178837	9630556	6205	0.0806
CUSKS_p_TCGAb47_SNP_1N_GenomeWideSNP_6_F06_628216	12	9633870	9728292	25	-1.9584
CUSKS_p_TCGAb47_SNP_1N_GenomeWideSNP_6_F06_628216	12	9734969	11215372	1041	0.0921
CUSKS_p_TCGAb47_SNP_1N_GenomeWideSNP_6_F06_628216	12	11216849	11251874	15	-1.2902
CUSKS_p_TCGAb47_SNP_1N_GenomeWideSNP_6_F06_628216	12	11256829	22239298	7446	0.0839
CUSKS_p_TCGAb47_SNP_1N_GenomeWideSNP_6_F06_628216	12	22243515	22243561	2	-1.8929
CUSKS_p_TCGAb47_SNP_1N_GenomeWideSNP_6_F06_628216	12	22243661	37961768	9009	0.0864
CUSKS_p_TCGAb47_SNP_1N_GenomeWideSNP_6_F06_628216	12	37961983	38437831	91	0.3002
CUSKS_p_TCGAb47_SNP_1N_GenomeWideSNP_6_F06_628216	12	38439599	64425423	15609	0.0711
CUSKS_p_TCGAb47_SNP_1N_GenomeWideSNP_6_F06_628216	12	64431195	87763329	14801	0.5146
CUSKS_p_TCGAb47_SNP_1N_GenomeWideSNP_6_F06_628216	12	87763387	87763624	8	-0.6152
CUSKS_p_TCGAb47_SNP_1N_GenomeWideSNP_6_F06_628216	12	87763795	109573147	14699	0.4719
CUSKS_p_TCGAb47_SNP_1N_GenomeWideSNP_6_F06_628216	12	109573394	109651224	54	0.7246
CUSKS_p_TCGAb47_SNP_1N_GenomeWideSNP_6_F06_628216	12	109652400	127307651	11294	0.4425
CUSKS_p_TCGAb47_SNP_1N_GenomeWideSNP_6_F06_628216	12	127308515	127315005	9	-0.9823
CUSKS_p_TCGAb47_SNP_1N_GenomeWideSNP_6_F06_628216	12	127317288	133778189	4814	0.4324
CUSKS_p_TCGAb47_SNP_1N_GenomeWideSNP_6_F06_628216	13	19026949	38071135	13515	-0.65
CUSKS_p_TCGAb47_SNP_1N_GenomeWideSNP_6_F06_628216	13	38072036	38084757	16	-2.8542
CUSKS_p_TCGAb47_SNP_1N_GenomeWideSNP_6_F06_628216	13	38088330	49531551	8008	-0.6539
CUSKS_p_TCGAb47_SNP_1N_GenomeWideSNP_6_F06_628216	13	49533715	49547000	5	-2.6162
CUSKS_p_TCGAb47_SNP_1N_GenomeWideSNP_6_F06_628216	13	49547067	91326532	25666	-0.6475
CUSKS_p_TCGAb47_SNP_1N_GenomeWideSNP_6_F06_628216	13	91327650	91333873	3	-3.1922
CUSKS_p_TCGAb47_SNP_1N_GenomeWideSNP_6_F06_628216	13	91334572	115108397	16937	-0.6694
CUSKS_p_TCGAb47_SNP_1N_GenomeWideSNP_6_F06_628216	14	19002124	20203898	88	0.1361
CUSKS_p_TCGAb47_SNP_1N_GenomeWideSNP_6_F06_628216	14	20210997	20424926	103	-0.228
CUSKS_p_TCGAb47_SNP_1N_GenomeWideSNP_6_F06_628216	14	20425509	22397143	1377	0.1111
CUSKS_p_TCGAb47_SNP_1N_GenomeWideSNP_6_F06_628216	14	22398015	22978775	514	0.4909
CUSKS_p_TCGAb47_SNP_1N_GenomeWideSNP_6_F06_628216	14	22983223	74001123	32272	0.0983
CUSKS_p_TCGAb47_SNP_1N_GenomeWideSNP_6_F06_628216	14	74006707	74029900	9	1.0318
CUSKS_p_TCGAb47_SNP_1N_GenomeWideSNP_6_F06_628216	14	74029915	100493846	18162	0.087
CUSKS_p_TCGAb47_SNP_1N_GenomeWideSNP_6_F06_628216	14	100497005	100952212	224	0.5065
CUSKS_p_TCGAb47_SNP_1N_GenomeWideSNP_6_F06_628216	14	100953455	106535295	2441	0.0612
CUSKS_p_TCGAb47_SNP_1N_GenomeWideSNP_6_F06_628216	14	106538062	106561441	13	-2.858
CUSKS_p_TCGAb47_SNP_1N_GenomeWideSNP_6_F06_628216	14	106567100	106706102	61	-0.0058
CUSKS_p_TCGAb47_SNP_1N_GenomeWideSNP_6_F06_628216	14	106706137	106802053	49	0.3566
CUSKS_p_TCGAb47_SNP_1N_GenomeWideSNP_6_F06_628216	14	106815943	106872062	32	-0.0811
CUSKS_p_TCGAb47_SNP_1N_GenomeWideSNP_6_F06_628216	14	106874361	106918108	52	0.4688
CUSKS_p_TCGAb47_SNP_1N_GenomeWideSNP_6_F06_628216	14	106918649	107285437	224	0.0139
CUSKS_p_TCGAb47_SNP_1N_GenomeWideSNP_6_F06_628216	15	20016328	21173886	267	0.0138
CUSKS_p_TCGAb47_SNP_1N_GenomeWideSNP_6_F06_628216	15	21186400	21192108	3	-1.4489
CUSKS_p_TCGAb47_SNP_1N_GenomeWideSNP_6_F06_628216	15	21192211	22681076	154	-0.0673
CUSKS_p_TCGAb47_SNP_1N_GenomeWideSNP_6_F06_628216	15	22681250	23300773	310	0.9093
CUSKS_p_TCGAb47_SNP_1N_GenomeWideSNP_6_F06_628216	15	23389113	24058799	318	0.1694
CUSKS_p_TCGAb47_SNP_1N_GenomeWideSNP_6_F06_628216	15	24058820	24059093	4	-0.7282
CUSKS_p_TCGAb47_SNP_1N_GenomeWideSNP_6_F06_628216	15	24059307	24667429	369	0.1702
CUSKS_p_TCGAb47_SNP_1N_GenomeWideSNP_6_F06_628216	15	24669656	24718596	42	-0.6154
CUSKS_p_TCGAb47_SNP_1N_GenomeWideSNP_6_F06_628216	15	24725293	60580207	22807	0.266
CUSKS_p_TCGAb47_SNP_1N_GenomeWideSNP_6_F06_628216	15	60580271	60583552	8	0.5753
CUSKS_p_TCGAb47_SNP_1N_GenomeWideSNP_6_F06_628216	15	60590414	76860210	10089	0.1596
CUSKS_p_TCGAb47_SNP_1N_GenomeWideSNP_6_F06_628216	15	76868227	76895775	26	0.6551
CUSKS_p_TCGAb47_SNP_1N_GenomeWideSNP_6_F06_628216	15	76902179	92765755	10248	0.1614
CUSKS_p_TCGAb47_SNP_1N_GenomeWideSNP_6_F06_628216	15	92765874	92766294	3	2.3921
CUSKS_p_TCGAb47_SNP_1N_GenomeWideSNP_6_F06_628216	15	92766758	102469040	7446	0.1754
CUSKS_p_TCGAb47_SNP_1N_GenomeWideSNP_6_F06_628216	16	60777	10823122	8108	0.5128
CUSKS_p_TCGAb47_SNP_1N_GenomeWideSNP_6_F06_628216	16	10825233	10826271	2	-0.2307
CUSKS_p_TCGAb47_SNP_1N_GenomeWideSNP_6_F06_628216	16	10826648	35283226	12750	0.4186
CUSKS_p_TCGAb47_SNP_1N_GenomeWideSNP_6_F06_628216	16	46463782	55794951	6456	-0.6401
CUSKS_p_TCGAb47_SNP_1N_GenomeWideSNP_6_F06_628216	16	55795048	55796594	6	-1.4518
CUSKS_p_TCGAb47_SNP_1N_GenomeWideSNP_6_F06_628216	16	55798222	55798779	3	3.4412
CUSKS_p_TCGAb47_SNP_1N_GenomeWideSNP_6_F06_628216	16	55804348	70854381	9042	-0.6612
CUSKS_p_TCGAb47_SNP_1N_GenomeWideSNP_6_F06_628216	16	70855202	71191941	136	-0.2277
CUSKS_p_TCGAb47_SNP_1N_GenomeWideSNP_6_F06_628216	16	71195355	78308940	5172	-0.6456
CUSKS_p_TCGAb47_SNP_1N_GenomeWideSNP_6_F06_628216	16	78308981	78309401	3	-2.9686
CUSKS_p_TCGAb47_SNP_1N_GenomeWideSNP_6_F06_628216	16	78314280	90163721	10660	-0.6832
CUSKS_p_TCGAb47_SNP_1N_GenomeWideSNP_6_F06_628216	16	90226124	90287535	3	0.2177
CUSKS_p_TCGAb47_SNP_1N_GenomeWideSNP_6_F06_628216	17	526	8565356	4744	-0.647
CUSKS_p_TCGAb47_SNP_1N_GenomeWideSNP_6_F06_628216	17	8566226	16654301	5762	0.6047
CUSKS_p_TCGAb47_SNP_1N_GenomeWideSNP_6_F06_628216	17	16657331	16741528	15	0.0499
CUSKS_p_TCGAb47_SNP_1N_GenomeWideSNP_6_F06_628216	17	16741784	18319862	919	0.5363
CUSKS_p_TCGAb47_SNP_1N_GenomeWideSNP_6_F06_628216	17	18355392	18464586	28	1.4104
CUSKS_p_TCGAb47_SNP_1N_GenomeWideSNP_6_F06_628216	17	18465221	21542097	1316	0.5416
CUSKS_p_TCGAb47_SNP_1N_GenomeWideSNP_6_F06_628216	17	21545222	34460387	5616	-0.6646
CUSKS_p_TCGAb47_SNP_1N_GenomeWideSNP_6_F06_628216	17	34461082	34465375	9	-1.6123
CUSKS_p_TCGAb47_SNP_1N_GenomeWideSNP_6_F06_628216	17	34465393	36189374	968	-0.6828
CUSKS_p_TCGAb47_SNP_1N_GenomeWideSNP_6_F06_628216	17	36193276	37997477	803	1.1758
CUSKS_p_TCGAb47_SNP_1N_GenomeWideSNP_6_F06_628216	17	37999082	38007955	7	2.0224
CUSKS_p_TCGAb47_SNP_1N_GenomeWideSNP_6_F06_628216	17	38010815	38481100	198	1.1271
CUSKS_p_TCGAb47_SNP_1N_GenomeWideSNP_6_F06_628216	17	38481295	38492628	12	0.6183
CUSKS_p_TCGAb47_SNP_1N_GenomeWideSNP_6_F06_628216	17	38505604	38850979	182	1.1834
CUSKS_p_TCGAb47_SNP_1N_GenomeWideSNP_6_F06_628216	17	38851024	39418372	377	0.8019
CUSKS_p_TCGAb47_SNP_1N_GenomeWideSNP_6_F06_628216	17	39421685	39423077	6	0.2361
CUSKS_p_TCGAb47_SNP_1N_GenomeWideSNP_6_F06_628216	17	39423090	39430531	20	-0.6773
CUSKS_p_TCGAb47_SNP_1N_GenomeWideSNP_6_F06_628216	17	39432724	39598183	167	0.7142
CUSKS_p_TCGAb47_SNP_1N_GenomeWideSNP_6_F06_628216	17	39598323	39884091	180	1.1562
CUSKS_p_TCGAb47_SNP_1N_GenomeWideSNP_6_F06_628216	17	39885491	47256732	3625	0.5413
CUSKS_p_TCGAb47_SNP_1N_GenomeWideSNP_6_F06_628216	17	47257122	48320115	560	1.5116
CUSKS_p_TCGAb47_SNP_1N_GenomeWideSNP_6_F06_628216	17	48326312	57087488	5947	0.9331
CUSKS_p_TCGAb47_SNP_1N_GenomeWideSNP_6_F06_628216	17	57089404	57144224	17	1.3569
CUSKS_p_TCGAb47_SNP_1N_GenomeWideSNP_6_F06_628216	17	57144693	57617916	237	0.8738
CUSKS_p_TCGAb47_SNP_1N_GenomeWideSNP_6_F06_628216	17	57622511	58117429	198	1.5375
CUSKS_p_TCGAb47_SNP_1N_GenomeWideSNP_6_F06_628216	17	58121453	68891829	6266	0.9136
CUSKS_p_TCGAb47_SNP_1N_GenomeWideSNP_6_F06_628216	17	68892238	68892350	2	-1.192
CUSKS_p_TCGAb47_SNP_1N_GenomeWideSNP_6_F06_628216	17	68893098	73708742	3355	0.8909
CUSKS_p_TCGAb47_SNP_1N_GenomeWideSNP_6_F06_628216	17	73709553	81049726	3761	0.4817
CUSKS_p_TCGAb47_SNP_1N_GenomeWideSNP_6_F06_628216	18	11543	14836846	10288	-0.2205
CUSKS_p_TCGAb47_SNP_1N_GenomeWideSNP_6_F06_628216	18	14837246	14842526	3	-2.0399
CUSKS_p_TCGAb47_SNP_1N_GenomeWideSNP_6_F06_628216	18	14843325	18818357	265	-0.2571
CUSKS_p_TCGAb47_SNP_1N_GenomeWideSNP_6_F06_628216	18	18823039	26195767	4562	0.333
CUSKS_p_TCGAb47_SNP_1N_GenomeWideSNP_6_F06_628216	18	26195995	26196130	3	-1.8884
CUSKS_p_TCGAb47_SNP_1N_GenomeWideSNP_6_F06_628216	18	26196632	38260480	7730	0.3324
CUSKS_p_TCGAb47_SNP_1N_GenomeWideSNP_6_F06_628216	18	38260490	38265389	14	0.9477
CUSKS_p_TCGAb47_SNP_1N_GenomeWideSNP_6_F06_628216	18	38268024	42304285	2560	0.3273
CUSKS_p_TCGAb47_SNP_1N_GenomeWideSNP_6_F06_628216	18	42307972	42307988	2	-1.266
CUSKS_p_TCGAb47_SNP_1N_GenomeWideSNP_6_F06_628216	18	42308172	47425114	3590	0.3489
CUSKS_p_TCGAb47_SNP_1N_GenomeWideSNP_6_F06_628216	18	47427170	48616656	995	-0.2661
CUSKS_p_TCGAb47_SNP_1N_GenomeWideSNP_6_F06_628216	18	48616861	48698166	47	-3.3406
CUSKS_p_TCGAb47_SNP_1N_GenomeWideSNP_6_F06_628216	18	48705372	49358194	452	-0.6603
CUSKS_p_TCGAb47_SNP_1N_GenomeWideSNP_6_F06_628216	18	49364196	59132316	6641	0.3383
CUSKS_p_TCGAb47_SNP_1N_GenomeWideSNP_6_F06_628216	18	59132568	59139083	4	-0.7019
CUSKS_p_TCGAb47_SNP_1N_GenomeWideSNP_6_F06_628216	18	59141040	59215814	51	0.3188
CUSKS_p_TCGAb47_SNP_1N_GenomeWideSNP_6_F06_628216	18	59218521	59374646	129	-0.6548
CUSKS_p_TCGAb47_SNP_1N_GenomeWideSNP_6_F06_628216	18	59377872	60878629	985	0.8943
CUSKS_p_TCGAb47_SNP_1N_GenomeWideSNP_6_F06_628216	18	60879686	60879799	3	-0.8931
CUSKS_p_TCGAb47_SNP_1N_GenomeWideSNP_6_F06_628216	18	60880296	63762300	2122	0.883
CUSKS_p_TCGAb47_SNP_1N_GenomeWideSNP_6_F06_628216	18	63767140	63767922	3	-2.6735
CUSKS_p_TCGAb47_SNP_1N_GenomeWideSNP_6_F06_628216	18	63775595	64953649	770	0.8903
CUSKS_p_TCGAb47_SNP_1N_GenomeWideSNP_6_F06_628216	18	64959207	64967265	21	-0.8534
CUSKS_p_TCGAb47_SNP_1N_GenomeWideSNP_6_F06_628216	18	64967718	65851888	670	0.8554
CUSKS_p_TCGAb47_SNP_1N_GenomeWideSNP_6_F06_628216	18	65852207	72203743	4889	0.3144
CUSKS_p_TCGAb47_SNP_1N_GenomeWideSNP_6_F06_628216	18	72205518	72809793	351	-0.6752
CUSKS_p_TCGAb47_SNP_1N_GenomeWideSNP_6_F06_628216	18	72811934	73229095	341	0.3327
CUSKS_p_TCGAb47_SNP_1N_GenomeWideSNP_6_F06_628216	18	73231277	73241143	12	-0.3268
CUSKS_p_TCGAb47_SNP_1N_GenomeWideSNP_6_F06_628216	18	73242531	75136588	1524	0.3291
CUSKS_p_TCGAb47_SNP_1N_GenomeWideSNP_6_F06_628216	18	75143743	77403088	1481	-0.7135
CUSKS_p_TCGAb47_SNP_1N_GenomeWideSNP_6_F06_628216	18	77405731	77406203	3	-2.4664
CUSKS_p_TCGAb47_SNP_1N_GenomeWideSNP_6_F06_628216	18	77410607	78015057	311	-0.7575
CUSKS_p_TCGAb47_SNP_1N_GenomeWideSNP_6_F06_628216	19	90910	10429983	3971	-0.0167
CUSKS_p_TCGAb47_SNP_1N_GenomeWideSNP_6_F06_628216	19	10438376	11241810	349	0.3864
CUSKS_p_TCGAb47_SNP_1N_GenomeWideSNP_6_F06_628216	19	11242044	39548800	14372	0.0446
CUSKS_p_TCGAb47_SNP_1N_GenomeWideSNP_6_F06_628216	19	39549906	39582285	27	0.4476
CUSKS_p_TCGAb47_SNP_1N_GenomeWideSNP_6_F06_628216	19	39582698	43247525	1853	0.0261
CUSKS_p_TCGAb47_SNP_1N_GenomeWideSNP_6_F06_628216	19	43255217	43387674	51	0.4951
CUSKS_p_TCGAb47_SNP_1N_GenomeWideSNP_6_F06_628216	19	43392923	43697333	152	0.0842
CUSKS_p_TCGAb47_SNP_1N_GenomeWideSNP_6_F06_628216	19	43703033	43756237	22	-0.7633
CUSKS_p_TCGAb47_SNP_1N_GenomeWideSNP_6_F06_628216	19	43766659	52142352	4171	0.0127
CUSKS_p_TCGAb47_SNP_1N_GenomeWideSNP_6_F06_628216	19	52142615	52148197	10	-0.8008
CUSKS_p_TCGAb47_SNP_1N_GenomeWideSNP_6_F06_628216	19	52154905	59004243	4358	0.0682
CUSKS_p_TCGAb47_SNP_1N_GenomeWideSNP_6_F06_628216	19	59004711	59097854	29	-0.1461
CUSKS_p_TCGAb47_SNP_1N_GenomeWideSNP_6_F06_628216	20	61305	61311	6	0.1073
CUSKS_p_TCGAb47_SNP_1N_GenomeWideSNP_6_F06_628216	20	61312	26274834	20008	-0.6579
CUSKS_p_TCGAb47_SNP_1N_GenomeWideSNP_6_F06_628216	20	26278316	26305579	9	0.0682
CUSKS_p_TCGAb47_SNP_1N_GenomeWideSNP_6_F06_628216	20	29420352	32248281	1313	0.9217
CUSKS_p_TCGAb47_SNP_1N_GenomeWideSNP_6_F06_628216	20	32253336	32425403	73	0.46
CUSKS_p_TCGAb47_SNP_1N_GenomeWideSNP_6_F06_628216	20	32427633	32490214	33	0.8981
CUSKS_p_TCGAb47_SNP_1N_GenomeWideSNP_6_F06_628216	20	32495585	37511454	2645	0.1518
CUSKS_p_TCGAb47_SNP_1N_GenomeWideSNP_6_F06_628216	20	37512698	40718159	2253	-0.638
CUSKS_p_TCGAb47_SNP_1N_GenomeWideSNP_6_F06_628216	20	40719841	41215666	451	0.2183
CUSKS_p_TCGAb47_SNP_1N_GenomeWideSNP_6_F06_628216	20	41218072	41236099	30	-0.0543
CUSKS_p_TCGAb47_SNP_1N_GenomeWideSNP_6_F06_628216	20	41236820	41236837	2	1.1919
CUSKS_p_TCGAb47_SNP_1N_GenomeWideSNP_6_F06_628216	20	41239274	41272862	62	-0.7426
CUSKS_p_TCGAb47_SNP_1N_GenomeWideSNP_6_F06_628216	20	41277097	46367942	3564	0.1918
CUSKS_p_TCGAb47_SNP_1N_GenomeWideSNP_6_F06_628216	20	46368577	62956153	12021	0.6413
CUSKS_p_TCGAb47_SNP_1N_GenomeWideSNP_6_F06_628216	21	10736871	14838552	298	-0.0877
CUSKS_p_TCGAb47_SNP_1N_GenomeWideSNP_6_F06_628216	21	14838857	14843717	2	-1.3805
CUSKS_p_TCGAb47_SNP_1N_GenomeWideSNP_6_F06_628216	21	14844117	15072817	75	0.1154
CUSKS_p_TCGAb47_SNP_1N_GenomeWideSNP_6_F06_628216	21	15075481	15100304	37	-0.2464
CUSKS_p_TCGAb47_SNP_1N_GenomeWideSNP_6_F06_628216	21	15100315	20056087	3302	0.0848
CUSKS_p_TCGAb47_SNP_1N_GenomeWideSNP_6_F06_628216	21	20057678	20080934	27	0.9982
CUSKS_p_TCGAb47_SNP_1N_GenomeWideSNP_6_F06_628216	21	20081875	39753346	14498	0.091
CUSKS_p_TCGAb47_SNP_1N_GenomeWideSNP_6_F06_628216	21	39753970	39754278	5	-0.9414
CUSKS_p_TCGAb47_SNP_1N_GenomeWideSNP_6_F06_628216	21	39754301	48096957	6173	0.0669
CUSKS_p_TCGAb47_SNP_1N_GenomeWideSNP_6_F06_628216	22	16052528	18732919	1217	0.1819
CUSKS_p_TCGAb47_SNP_1N_GenomeWideSNP_6_F06_628216	22	18748440	18748454	2	2.1855
CUSKS_p_TCGAb47_SNP_1N_GenomeWideSNP_6_F06_628216	22	18770421	24344422	3404	0.1469
CUSKS_p_TCGAb47_SNP_1N_GenomeWideSNP_6_F06_628216	22	24350529	24396814	19	-2.2523
CUSKS_p_TCGAb47_SNP_1N_GenomeWideSNP_6_F06_628216	22	24401529	25081338	354	0.1633
CUSKS_p_TCGAb47_SNP_1N_GenomeWideSNP_6_F06_628216	22	25082115	25082534	3	-0.9446
CUSKS_p_TCGAb47_SNP_1N_GenomeWideSNP_6_F06_628216	22	25087674	25661698	464	0.1883
CUSKS_p_TCGAb47_SNP_1N_GenomeWideSNP_6_F06_628216	22	25663985	25916386	293	0.7331
CUSKS_p_TCGAb47_SNP_1N_GenomeWideSNP_6_F06_628216	22	25918709	51234455	17817	0.1501
CUSKS_p_TCGAb47_SNP_1N_GenomeWideSNP_6_F06_628216	X	168477	115133681	60827	0.1699
CUSKS_p_TCGAb47_SNP_1N_GenomeWideSNP_6_F06_628216	X	115137955	115150638	7	-1.9662
CUSKS_p_TCGAb47_SNP_1N_GenomeWideSNP_6_F06_628216	X	115156419	126680266	6958	0.1621
CUSKS_p_TCGAb47_SNP_1N_GenomeWideSNP_6_F06_628216	X	126685486	134746902	4295	-0.5803
CUSKS_p_TCGAb47_SNP_1N_GenomeWideSNP_6_F06_628216	X	134748605	134812608	42	0.256
CUSKS_p_TCGAb47_SNP_1N_GenomeWideSNP_6_F06_628216	X	134813943	134848927	25	0.9333
CUSKS_p_TCGAb47_SNP_1N_GenomeWideSNP_6_F06_628216	X	134854929	134880074	8	-0.1449
CUSKS_p_TCGAb47_SNP_1N_GenomeWideSNP_6_F06_628216	X	134891648	134947387	34	0.47
CUSKS_p_TCGAb47_SNP_1N_GenomeWideSNP_6_F06_628216	X	134947830	154784326	12308	-0.5877
CUSKS_p_TCGAb47_SNP_1N_GenomeWideSNP_6_F06_628216	X	154785778	154789651	7	-3.1953
CUSKS_p_TCGAb47_SNP_1N_GenomeWideSNP_6_F06_628216	X	154803883	155182354	91	-0.4877
CUSKS_p_TCGAb47_SNP_1N_GenomeWideSNP_6_F06_628216	Y	2650438	2856042	100	-3.3919
CUSKS_p_TCGAb47_SNP_1N_GenomeWideSNP_6_F06_628216	Y	2856353	5944603	705	-2.7767
CUSKS_p_TCGAb47_SNP_1N_GenomeWideSNP_6_F06_628216	Y	5948100	6110498	68	-3.3016
CUSKS_p_TCGAb47_SNP_1N_GenomeWideSNP_6_F06_628216	Y	6112554	6296423	83	-4.7081
CUSKS_p_TCGAb47_SNP_1N_GenomeWideSNP_6_F06_628216	Y	6299046	7791746	715	-3.3523
CUSKS_p_TCGAb47_SNP_1N_GenomeWideSNP_6_F06_628216	Y	7792406	9164747	773	-3.7269
CUSKS_p_TCGAb47_SNP_1N_GenomeWideSNP_6_F06_628216	Y	9167305	9392195	28	-5.3283
CUSKS_p_TCGAb47_SNP_1N_GenomeWideSNP_6_F06_628216	Y	9392731	9822994	171	-3.937
CUSKS_p_TCGAb47_SNP_1N_GenomeWideSNP_6_F06_628216	Y	9823373	15024621	679	-3.2513
CUSKS_p_TCGAb47_SNP_1N_GenomeWideSNP_6_F06_628216	Y	15026424	15030817	5	-6.5672
CUSKS_p_TCGAb47_SNP_1N_GenomeWideSNP_6_F06_628216	Y	15032288	15590276	249	-3.3186
CUSKS_p_TCGAb47_SNP_1N_GenomeWideSNP_6_F06_628216	Y	15590342	15594523	3	-7.8202
CUSKS_p_TCGAb47_SNP_1N_GenomeWideSNP_6_F06_628216	Y	15594889	19570632	2081	-3.4503
CUSKS_p_TCGAb47_SNP_1N_GenomeWideSNP_6_F06_628216	Y	19571480	21024613	672	-4.2912
CUSKS_p_TCGAb47_SNP_1N_GenomeWideSNP_6_F06_628216	Y	21025062	23884101	1096	-3.533
CUSKS_p_TCGAb47_SNP_1N_GenomeWideSNP_6_F06_628216	Y	23884367	26630929	591	-4.1652
CUSKS_p_TCGAb47_SNP_1N_GenomeWideSNP_6_F06_628216	Y	26631228	26949115	47	-5.4345
CUSKS_p_TCGAb47_SNP_1N_GenomeWideSNP_6_F06_628216	Y	26958025	28277692	325	-4.0303
CUSKS_p_TCGAb47_SNP_1N_GenomeWideSNP_6_F06_628216	Y	28289727	28322019	13	-6.2059
CUSKS_p_TCGAb47_SNP_1N_GenomeWideSNP_6_F06_628216	Y	28322083	28423938	43	-4.0594
CUSKS_p_TCGAb47_SNP_1N_GenomeWideSNP_6_F06_628216	Y	28438116	59018259	183	-3.1454
