Sample	Chromosome	Start	End	Num_Probes	Segment_Mean
CUSKS_p_TCGAb47_SNP_1N_GenomeWideSNP_6_E09_628296	1	61735	25583341	14173	0.0092
CUSKS_p_TCGAb47_SNP_1N_GenomeWideSNP_6_E09_628296	1	25593128	25646946	27	-1.9476
CUSKS_p_TCGAb47_SNP_1N_GenomeWideSNP_6_E09_628296	1	25646986	30737373	2398	0.0452
CUSKS_p_TCGAb47_SNP_1N_GenomeWideSNP_6_E09_628296	1	30738355	30739796	7	-1.1992
CUSKS_p_TCGAb47_SNP_1N_GenomeWideSNP_6_E09_628296	1	30741496	72768916	26463	0.0043
CUSKS_p_TCGAb47_SNP_1N_GenomeWideSNP_6_E09_628296	1	72768936	72811148	45	-1.4592
CUSKS_p_TCGAb47_SNP_1N_GenomeWideSNP_6_E09_628296	1	72811904	83816477	7102	0.0214
CUSKS_p_TCGAb47_SNP_1N_GenomeWideSNP_6_E09_628296	1	83825577	83825590	2	-2.7964
CUSKS_p_TCGAb47_SNP_1N_GenomeWideSNP_6_E09_628296	1	83828273	106013376	13940	0.0288
CUSKS_p_TCGAb47_SNP_1N_GenomeWideSNP_6_E09_628296	1	106019205	106022375	17	0.8918
CUSKS_p_TCGAb47_SNP_1N_GenomeWideSNP_6_E09_628296	1	106024055	112695965	4649	0.0508
CUSKS_p_TCGAb47_SNP_1N_GenomeWideSNP_6_E09_628296	1	112696087	112697390	24	-0.482
CUSKS_p_TCGAb47_SNP_1N_GenomeWideSNP_6_E09_628296	1	112705956	148789848	6363	0.0205
CUSKS_p_TCGAb47_SNP_1N_GenomeWideSNP_6_E09_628296	1	148789864	149336827	166	-0.8269
CUSKS_p_TCGAb47_SNP_1N_GenomeWideSNP_6_E09_628296	1	149339585	152555176	1516	0.0511
CUSKS_p_TCGAb47_SNP_1N_GenomeWideSNP_6_E09_628296	1	152555527	152586594	36	0.4733
CUSKS_p_TCGAb47_SNP_1N_GenomeWideSNP_6_E09_628296	1	152590494	158866573	3832	0.0388
CUSKS_p_TCGAb47_SNP_1N_GenomeWideSNP_6_E09_628296	1	158868501	158869759	2	3.1118
CUSKS_p_TCGAb47_SNP_1N_GenomeWideSNP_6_E09_628296	1	158874818	249224388	62008	0.0129
CUSKS_p_TCGAb47_SNP_1N_GenomeWideSNP_6_E09_628296	2	12784	34691069	24124	0.0077
CUSKS_p_TCGAb47_SNP_1N_GenomeWideSNP_6_E09_628296	2	34699315	34737057	46	0.8976
CUSKS_p_TCGAb47_SNP_1N_GenomeWideSNP_6_E09_628296	2	34737163	35968036	877	0.0178
CUSKS_p_TCGAb47_SNP_1N_GenomeWideSNP_6_E09_628296	2	35975973	35987916	7	-1.7334
CUSKS_p_TCGAb47_SNP_1N_GenomeWideSNP_6_E09_628296	2	35987947	38372878	1919	0.0465
CUSKS_p_TCGAb47_SNP_1N_GenomeWideSNP_6_E09_628296	2	38373412	38373430	2	-1.9747
CUSKS_p_TCGAb47_SNP_1N_GenomeWideSNP_6_E09_628296	2	38373552	50975828	9031	0.0174
CUSKS_p_TCGAb47_SNP_1N_GenomeWideSNP_6_E09_628296	2	50976171	50984632	12	-0.8115
CUSKS_p_TCGAb47_SNP_1N_GenomeWideSNP_6_E09_628296	2	50985494	78700957	18037	0.0141
CUSKS_p_TCGAb47_SNP_1N_GenomeWideSNP_6_E09_628296	2	78702076	78708884	6	-1.2117
CUSKS_p_TCGAb47_SNP_1N_GenomeWideSNP_6_E09_628296	2	78712939	87513287	5332	0.0188
CUSKS_p_TCGAb47_SNP_1N_GenomeWideSNP_6_E09_628296	2	87514379	87514390	2	-2.1089
CUSKS_p_TCGAb47_SNP_1N_GenomeWideSNP_6_E09_628296	2	87520356	98118212	1959	-0.002
CUSKS_p_TCGAb47_SNP_1N_GenomeWideSNP_6_E09_628296	2	98140747	98162189	9	-1.3688
CUSKS_p_TCGAb47_SNP_1N_GenomeWideSNP_6_E09_628296	2	98166878	146862085	29556	0.0129
CUSKS_p_TCGAb47_SNP_1N_GenomeWideSNP_6_E09_628296	2	146864404	146865183	8	-1.0302
CUSKS_p_TCGAb47_SNP_1N_GenomeWideSNP_6_E09_628296	2	146865243	146866934	16	-2.4794
CUSKS_p_TCGAb47_SNP_1N_GenomeWideSNP_6_E09_628296	2	146877806	208355696	37020	0.0366
CUSKS_p_TCGAb47_SNP_1N_GenomeWideSNP_6_E09_628296	2	208355718	208359336	13	-0.8201
CUSKS_p_TCGAb47_SNP_1N_GenomeWideSNP_6_E09_628296	2	208359476	243089456	22157	0.0248
CUSKS_p_TCGAb47_SNP_1N_GenomeWideSNP_6_E09_628296	3	60345	34726721	25502	0.0225
CUSKS_p_TCGAb47_SNP_1N_GenomeWideSNP_6_E09_628296	3	34734024	34806683	31	-0.9617
CUSKS_p_TCGAb47_SNP_1N_GenomeWideSNP_6_E09_628296	3	34810784	65188453	19881	0.0149
CUSKS_p_TCGAb47_SNP_1N_GenomeWideSNP_6_E09_628296	3	65189235	65216368	55	-0.7474
CUSKS_p_TCGAb47_SNP_1N_GenomeWideSNP_6_E09_628296	3	65216483	98937784	18399	0.0201
CUSKS_p_TCGAb47_SNP_1N_GenomeWideSNP_6_E09_628296	3	98944458	98949301	35	0.6082
CUSKS_p_TCGAb47_SNP_1N_GenomeWideSNP_6_E09_628296	3	98949308	128394505	18125	0.0296
CUSKS_p_TCGAb47_SNP_1N_GenomeWideSNP_6_E09_628296	3	128395490	128412331	10	0.7871
CUSKS_p_TCGAb47_SNP_1N_GenomeWideSNP_6_E09_628296	3	128414161	129763698	626	0.0211
CUSKS_p_TCGAb47_SNP_1N_GenomeWideSNP_6_E09_628296	3	129766586	129806236	51	0.385
CUSKS_p_TCGAb47_SNP_1N_GenomeWideSNP_6_E09_628296	3	129806924	136019099	4037	0.0112
CUSKS_p_TCGAb47_SNP_1N_GenomeWideSNP_6_E09_628296	3	136022951	136040892	4	-1.607
CUSKS_p_TCGAb47_SNP_1N_GenomeWideSNP_6_E09_628296	3	136047189	162540490	16283	0.0263
CUSKS_p_TCGAb47_SNP_1N_GenomeWideSNP_6_E09_628296	3	162545716	162625980	47	0.6528
CUSKS_p_TCGAb47_SNP_1N_GenomeWideSNP_6_E09_628296	3	162625995	192873807	19207	0.0317
CUSKS_p_TCGAb47_SNP_1N_GenomeWideSNP_6_E09_628296	3	192874747	192882903	21	0.9137
CUSKS_p_TCGAb47_SNP_1N_GenomeWideSNP_6_E09_628296	3	192886435	197896118	2708	0.0279
CUSKS_p_TCGAb47_SNP_1N_GenomeWideSNP_6_E09_628296	4	12281	390686	201	-0.0206
CUSKS_p_TCGAb47_SNP_1N_GenomeWideSNP_6_E09_628296	4	406376	407068	2	-1.9688
CUSKS_p_TCGAb47_SNP_1N_GenomeWideSNP_6_E09_628296	4	407084	3599450	1309	0.0441
CUSKS_p_TCGAb47_SNP_1N_GenomeWideSNP_6_E09_628296	4	3599869	3602184	2	-2.303
CUSKS_p_TCGAb47_SNP_1N_GenomeWideSNP_6_E09_628296	4	3609390	4118957	193	-0.0534
CUSKS_p_TCGAb47_SNP_1N_GenomeWideSNP_6_E09_628296	4	4119686	4152760	7	-1.3207
CUSKS_p_TCGAb47_SNP_1N_GenomeWideSNP_6_E09_628296	4	4160063	10223628	4097	-0.008
CUSKS_p_TCGAb47_SNP_1N_GenomeWideSNP_6_E09_628296	4	10223848	10234266	28	-1.7929
CUSKS_p_TCGAb47_SNP_1N_GenomeWideSNP_6_E09_628296	4	10234608	61936938	32141	0.0204
CUSKS_p_TCGAb47_SNP_1N_GenomeWideSNP_6_E09_628296	4	61940935	61941952	2	-2.4679
CUSKS_p_TCGAb47_SNP_1N_GenomeWideSNP_6_E09_628296	4	61945686	64705785	1524	0.0311
CUSKS_p_TCGAb47_SNP_1N_GenomeWideSNP_6_E09_628296	4	64707581	64708258	8	1.0601
CUSKS_p_TCGAb47_SNP_1N_GenomeWideSNP_6_E09_628296	4	64716431	69360489	2881	0.0259
CUSKS_p_TCGAb47_SNP_1N_GenomeWideSNP_6_E09_628296	4	69367142	69558271	77	-0.4092
CUSKS_p_TCGAb47_SNP_1N_GenomeWideSNP_6_E09_628296	4	69582483	70138038	329	0.0551
CUSKS_p_TCGAb47_SNP_1N_GenomeWideSNP_6_E09_628296	4	70138047	70228656	40	0.4328
CUSKS_p_TCGAb47_SNP_1N_GenomeWideSNP_6_E09_628296	4	70229352	70389716	115	0.038
CUSKS_p_TCGAb47_SNP_1N_GenomeWideSNP_6_E09_628296	4	70389861	70390779	2	-2.6468
CUSKS_p_TCGAb47_SNP_1N_GenomeWideSNP_6_E09_628296	4	70391888	115175323	27272	0.0293
CUSKS_p_TCGAb47_SNP_1N_GenomeWideSNP_6_E09_628296	4	115175344	115182175	22	0.8416
CUSKS_p_TCGAb47_SNP_1N_GenomeWideSNP_6_E09_628296	4	115184229	115508166	227	0.0214
CUSKS_p_TCGAb47_SNP_1N_GenomeWideSNP_6_E09_628296	4	115509993	115510454	2	-2.337
CUSKS_p_TCGAb47_SNP_1N_GenomeWideSNP_6_E09_628296	4	115514426	172369346	34536	0.0247
CUSKS_p_TCGAb47_SNP_1N_GenomeWideSNP_6_E09_628296	4	172374884	172377710	10	2.1561
CUSKS_p_TCGAb47_SNP_1N_GenomeWideSNP_6_E09_628296	4	172377724	172987928	399	0.0132
CUSKS_p_TCGAb47_SNP_1N_GenomeWideSNP_6_E09_628296	4	172989148	172989533	12	-1.7381
CUSKS_p_TCGAb47_SNP_1N_GenomeWideSNP_6_E09_628296	4	172995979	173422522	232	0.0365
CUSKS_p_TCGAb47_SNP_1N_GenomeWideSNP_6_E09_628296	4	173424947	173428643	7	1.5388
CUSKS_p_TCGAb47_SNP_1N_GenomeWideSNP_6_E09_628296	4	173441132	191027923	11896	0.0101
CUSKS_p_TCGAb47_SNP_1N_GenomeWideSNP_6_E09_628296	5	15532	12800889	10231	-0.0053
CUSKS_p_TCGAb47_SNP_1N_GenomeWideSNP_6_E09_628296	5	12815780	12838533	14	0.7012
CUSKS_p_TCGAb47_SNP_1N_GenomeWideSNP_6_E09_628296	5	12849201	17625633	3197	-0.0039
CUSKS_p_TCGAb47_SNP_1N_GenomeWideSNP_6_E09_628296	5	17629520	17655138	9	-1.2139
CUSKS_p_TCGAb47_SNP_1N_GenomeWideSNP_6_E09_628296	5	17655339	46191884	17359	0.0247
CUSKS_p_TCGAb47_SNP_1N_GenomeWideSNP_6_E09_628296	5	46195883	46199435	4	-1.6318
CUSKS_p_TCGAb47_SNP_1N_GenomeWideSNP_6_E09_628296	5	46209299	46271108	15	-0.0124
CUSKS_p_TCGAb47_SNP_1N_GenomeWideSNP_6_E09_628296	5	46271930	46273502	6	1.5602
CUSKS_p_TCGAb47_SNP_1N_GenomeWideSNP_6_E09_628296	5	46278212	57321646	5084	0.0432
CUSKS_p_TCGAb47_SNP_1N_GenomeWideSNP_6_E09_628296	5	57326027	57333533	32	2.0396
CUSKS_p_TCGAb47_SNP_1N_GenomeWideSNP_6_E09_628296	5	57338357	140218722	50149	0.0306
CUSKS_p_TCGAb47_SNP_1N_GenomeWideSNP_6_E09_628296	5	140223836	140252163	14	-0.9253
CUSKS_p_TCGAb47_SNP_1N_GenomeWideSNP_6_E09_628296	5	140253787	180790320	27082	0.0146
CUSKS_p_TCGAb47_SNP_1N_GenomeWideSNP_6_E09_628296	6	149661	320872	130	0.0471
CUSKS_p_TCGAb47_SNP_1N_GenomeWideSNP_6_E09_628296	6	322696	381149	71	-0.3191
CUSKS_p_TCGAb47_SNP_1N_GenomeWideSNP_6_E09_628296	6	382559	6026211	4660	0.0081
CUSKS_p_TCGAb47_SNP_1N_GenomeWideSNP_6_E09_628296	6	6033931	6034436	3	-2.4968
CUSKS_p_TCGAb47_SNP_1N_GenomeWideSNP_6_E09_628296	6	6037045	26737438	15431	0.0179
CUSKS_p_TCGAb47_SNP_1N_GenomeWideSNP_6_E09_628296	6	26737457	26765068	21	-0.6594
CUSKS_p_TCGAb47_SNP_1N_GenomeWideSNP_6_E09_628296	6	26766440	29850274	1460	0.047
CUSKS_p_TCGAb47_SNP_1N_GenomeWideSNP_6_E09_628296	6	29850366	29901576	19	-0.9153
CUSKS_p_TCGAb47_SNP_1N_GenomeWideSNP_6_E09_628296	6	29908469	32449523	1171	0.1369
CUSKS_p_TCGAb47_SNP_1N_GenomeWideSNP_6_E09_628296	6	32452801	32456683	5	-1.2413
CUSKS_p_TCGAb47_SNP_1N_GenomeWideSNP_6_E09_628296	6	32456742	32595083	47	0.0485
CUSKS_p_TCGAb47_SNP_1N_GenomeWideSNP_6_E09_628296	6	32595232	32602107	3	2.0431
CUSKS_p_TCGAb47_SNP_1N_GenomeWideSNP_6_E09_628296	6	32602269	32624304	9	0.2038
CUSKS_p_TCGAb47_SNP_1N_GenomeWideSNP_6_E09_628296	6	32624591	32626618	5	-1.6162
CUSKS_p_TCGAb47_SNP_1N_GenomeWideSNP_6_E09_628296	6	32650612	67008286	19226	0.0288
CUSKS_p_TCGAb47_SNP_1N_GenomeWideSNP_6_E09_628296	6	67009023	67048629	55	-0.6645
CUSKS_p_TCGAb47_SNP_1N_GenomeWideSNP_6_E09_628296	6	67049406	77436532	6785	0.0238
CUSKS_p_TCGAb47_SNP_1N_GenomeWideSNP_6_E09_628296	6	77439868	77468466	23	0.634
CUSKS_p_TCGAb47_SNP_1N_GenomeWideSNP_6_E09_628296	6	77468588	110394906	20871	0.0303
CUSKS_p_TCGAb47_SNP_1N_GenomeWideSNP_6_E09_628296	6	110396191	110413237	18	-1.1315
CUSKS_p_TCGAb47_SNP_1N_GenomeWideSNP_6_E09_628296	6	110415428	171051005	40027	0.0301
CUSKS_p_TCGAb47_SNP_1N_GenomeWideSNP_6_E09_628296	7	43355	54265852	38525	0.0256
CUSKS_p_TCGAb47_SNP_1N_GenomeWideSNP_6_E09_628296	7	54269611	54285572	14	-0.5581
CUSKS_p_TCGAb47_SNP_1N_GenomeWideSNP_6_E09_628296	7	54286142	54386505	68	-0.0293
CUSKS_p_TCGAb47_SNP_1N_GenomeWideSNP_6_E09_628296	7	54386509	54386517	5	-2.3577
CUSKS_p_TCGAb47_SNP_1N_GenomeWideSNP_6_E09_628296	7	54393488	70420438	6299	-0.0443
CUSKS_p_TCGAb47_SNP_1N_GenomeWideSNP_6_E09_628296	7	70423250	70426141	2	-2.6467
CUSKS_p_TCGAb47_SNP_1N_GenomeWideSNP_6_E09_628296	7	70428243	97395462	15869	0.0205
CUSKS_p_TCGAb47_SNP_1N_GenomeWideSNP_6_E09_628296	7	97395465	97401932	7	-1.1511
CUSKS_p_TCGAb47_SNP_1N_GenomeWideSNP_6_E09_628296	7	97401959	97402227	5	-3.2513
CUSKS_p_TCGAb47_SNP_1N_GenomeWideSNP_6_E09_628296	7	97402288	126044974	16723	0.0245
CUSKS_p_TCGAb47_SNP_1N_GenomeWideSNP_6_E09_628296	7	126045482	126046877	14	0.9537
CUSKS_p_TCGAb47_SNP_1N_GenomeWideSNP_6_E09_628296	7	126046878	133785177	4704	0.0249
CUSKS_p_TCGAb47_SNP_1N_GenomeWideSNP_6_E09_628296	7	133785195	133790443	25	0.5916
CUSKS_p_TCGAb47_SNP_1N_GenomeWideSNP_6_E09_628296	7	133795634	142474939	5707	0.0065
CUSKS_p_TCGAb47_SNP_1N_GenomeWideSNP_6_E09_628296	7	142476719	142486045	27	0.7917
CUSKS_p_TCGAb47_SNP_1N_GenomeWideSNP_6_E09_628296	7	142486115	143870086	833	0.0564
CUSKS_p_TCGAb47_SNP_1N_GenomeWideSNP_6_E09_628296	7	143870257	143977056	27	0.5348
CUSKS_p_TCGAb47_SNP_1N_GenomeWideSNP_6_E09_628296	7	143977353	153147638	5606	0.0094
CUSKS_p_TCGAb47_SNP_1N_GenomeWideSNP_6_E09_628296	7	153147645	153147712	2	-3.0262
CUSKS_p_TCGAb47_SNP_1N_GenomeWideSNP_6_E09_628296	7	153147715	159127004	4116	-0.0136
CUSKS_p_TCGAb47_SNP_1N_GenomeWideSNP_6_E09_628296	8	31254	4002192	3794	4e-04
CUSKS_p_TCGAb47_SNP_1N_GenomeWideSNP_6_E09_628296	8	4002207	4002316	3	-2.1796
CUSKS_p_TCGAb47_SNP_1N_GenomeWideSNP_6_E09_628296	8	4002653	4003305	10	0.0896
CUSKS_p_TCGAb47_SNP_1N_GenomeWideSNP_6_E09_628296	8	4003463	4003478	2	-3.0628
CUSKS_p_TCGAb47_SNP_1N_GenomeWideSNP_6_E09_628296	8	4003561	6840297	3934	0.014
CUSKS_p_TCGAb47_SNP_1N_GenomeWideSNP_6_E09_628296	8	6858815	6859662	3	-1.8769
CUSKS_p_TCGAb47_SNP_1N_GenomeWideSNP_6_E09_628296	8	6876142	23402308	12965	0.0101
CUSKS_p_TCGAb47_SNP_1N_GenomeWideSNP_6_E09_628296	8	23407740	23410325	7	-1.0839
CUSKS_p_TCGAb47_SNP_1N_GenomeWideSNP_6_E09_628296	8	23410435	24974476	1141	0.0151
CUSKS_p_TCGAb47_SNP_1N_GenomeWideSNP_6_E09_628296	8	24974522	24991794	35	-0.4346
CUSKS_p_TCGAb47_SNP_1N_GenomeWideSNP_6_E09_628296	8	24991810	25466774	352	0.0032
CUSKS_p_TCGAb47_SNP_1N_GenomeWideSNP_6_E09_628296	8	25467328	25471267	2	-2.5118
CUSKS_p_TCGAb47_SNP_1N_GenomeWideSNP_6_E09_628296	8	25473689	39251487	8689	0.011
CUSKS_p_TCGAb47_SNP_1N_GenomeWideSNP_6_E09_628296	8	39256061	39356721	37	-0.5084
CUSKS_p_TCGAb47_SNP_1N_GenomeWideSNP_6_E09_628296	8	39356755	68547669	15574	0.0017
CUSKS_p_TCGAb47_SNP_1N_GenomeWideSNP_6_E09_628296	8	68548132	68548400	6	-1.1417
CUSKS_p_TCGAb47_SNP_1N_GenomeWideSNP_6_E09_628296	8	68548491	72212365	2359	0.0027
CUSKS_p_TCGAb47_SNP_1N_GenomeWideSNP_6_E09_628296	8	72215311	72216599	9	-2.6923
CUSKS_p_TCGAb47_SNP_1N_GenomeWideSNP_6_E09_628296	8	72219863	112294466	24150	0.0215
CUSKS_p_TCGAb47_SNP_1N_GenomeWideSNP_6_E09_628296	8	112294646	112295245	6	-1.5268
CUSKS_p_TCGAb47_SNP_1N_GenomeWideSNP_6_E09_628296	8	112295260	146298155	22950	0.0193
CUSKS_p_TCGAb47_SNP_1N_GenomeWideSNP_6_E09_628296	9	46587	23361805	20480	0.0231
CUSKS_p_TCGAb47_SNP_1N_GenomeWideSNP_6_E09_628296	9	23363115	23373484	8	1.2581
CUSKS_p_TCGAb47_SNP_1N_GenomeWideSNP_6_E09_628296	9	23378488	31506247	6020	0.0218
CUSKS_p_TCGAb47_SNP_1N_GenomeWideSNP_6_E09_628296	9	31511034	31511448	2	2.3661
CUSKS_p_TCGAb47_SNP_1N_GenomeWideSNP_6_E09_628296	9	31513345	44727859	4994	0.0193
CUSKS_p_TCGAb47_SNP_1N_GenomeWideSNP_6_E09_628296	9	44729751	44855737	35	0.4776
CUSKS_p_TCGAb47_SNP_1N_GenomeWideSNP_6_E09_628296	9	44866028	96470097	18547	0.0064
CUSKS_p_TCGAb47_SNP_1N_GenomeWideSNP_6_E09_628296	9	96470711	96470957	2	-3.6083
CUSKS_p_TCGAb47_SNP_1N_GenomeWideSNP_6_E09_628296	9	96472946	140252947	29478	0.0155
CUSKS_p_TCGAb47_SNP_1N_GenomeWideSNP_6_E09_628296	9	140255642	140255833	3	1.5692
CUSKS_p_TCGAb47_SNP_1N_GenomeWideSNP_6_E09_628296	9	140273003	141018694	395	0.0349
CUSKS_p_TCGAb47_SNP_1N_GenomeWideSNP_6_E09_628296	9	141025318	141033148	7	-1.1842
CUSKS_p_TCGAb47_SNP_1N_GenomeWideSNP_6_E09_628296	9	141045820	141091394	11	-0.036
CUSKS_p_TCGAb47_SNP_1N_GenomeWideSNP_6_E09_628296	10	72759	67307951	44777	0.0185
CUSKS_p_TCGAb47_SNP_1N_GenomeWideSNP_6_E09_628296	10	67308017	67314430	24	-2.7585
CUSKS_p_TCGAb47_SNP_1N_GenomeWideSNP_6_E09_628296	10	67314446	135506704	46342	0.0019
CUSKS_p_TCGAb47_SNP_1N_GenomeWideSNP_6_E09_628296	11	198510	4967650	2479	0.0434
CUSKS_p_TCGAb47_SNP_1N_GenomeWideSNP_6_E09_628296	11	4968117	4975705	29	0.6988
CUSKS_p_TCGAb47_SNP_1N_GenomeWideSNP_6_E09_628296	11	4976257	5782959	792	0.0287
CUSKS_p_TCGAb47_SNP_1N_GenomeWideSNP_6_E09_628296	11	5782976	5809461	41	0.4408
CUSKS_p_TCGAb47_SNP_1N_GenomeWideSNP_6_E09_628296	11	5812360	6107790	239	0.0128
CUSKS_p_TCGAb47_SNP_1N_GenomeWideSNP_6_E09_628296	11	6108269	6122094	8	-1.5018
CUSKS_p_TCGAb47_SNP_1N_GenomeWideSNP_6_E09_628296	11	6122503	18940870	9177	0.0189
CUSKS_p_TCGAb47_SNP_1N_GenomeWideSNP_6_E09_628296	11	18949072	18961708	52	0.416
CUSKS_p_TCGAb47_SNP_1N_GenomeWideSNP_6_E09_628296	11	18961738	48598422	20637	0.0109
CUSKS_p_TCGAb47_SNP_1N_GenomeWideSNP_6_E09_628296	11	48601434	48602676	2	-2.1473
CUSKS_p_TCGAb47_SNP_1N_GenomeWideSNP_6_E09_628296	11	48606318	55376634	1236	-0.0129
CUSKS_p_TCGAb47_SNP_1N_GenomeWideSNP_6_E09_628296	11	55376654	55442318	37	0.816
CUSKS_p_TCGAb47_SNP_1N_GenomeWideSNP_6_E09_628296	11	55444211	133491908	51402	0.0189
CUSKS_p_TCGAb47_SNP_1N_GenomeWideSNP_6_E09_628296	11	133492755	133492936	2	-2.6792
CUSKS_p_TCGAb47_SNP_1N_GenomeWideSNP_6_E09_628296	11	133495291	134597785	774	-0.0096
CUSKS_p_TCGAb47_SNP_1N_GenomeWideSNP_6_E09_628296	11	134597818	134616369	21	-0.5112
CUSKS_p_TCGAb47_SNP_1N_GenomeWideSNP_6_E09_628296	11	134617321	134944770	269	0.0248
CUSKS_p_TCGAb47_SNP_1N_GenomeWideSNP_6_E09_628296	12	150442	33294660	22882	0.034
CUSKS_p_TCGAb47_SNP_1N_GenomeWideSNP_6_E09_628296	12	33301406	33307374	27	-0.5735
CUSKS_p_TCGAb47_SNP_1N_GenomeWideSNP_6_E09_628296	12	33308360	45899825	5629	0.0138
CUSKS_p_TCGAb47_SNP_1N_GenomeWideSNP_6_E09_628296	12	45904438	45909537	4	-2.5956
CUSKS_p_TCGAb47_SNP_1N_GenomeWideSNP_6_E09_628296	12	45913292	99795737	33771	0.034
CUSKS_p_TCGAb47_SNP_1N_GenomeWideSNP_6_E09_628296	12	99795773	99798720	26	-0.6837
CUSKS_p_TCGAb47_SNP_1N_GenomeWideSNP_6_E09_628296	12	99798734	130000586	20400	-0.0044
CUSKS_p_TCGAb47_SNP_1N_GenomeWideSNP_6_E09_628296	12	130003490	130003594	2	-2.4041
CUSKS_p_TCGAb47_SNP_1N_GenomeWideSNP_6_E09_628296	12	130003770	133778189	2377	-0.0168
CUSKS_p_TCGAb47_SNP_1N_GenomeWideSNP_6_E09_628296	13	19026949	57751096	26142	0.0319
CUSKS_p_TCGAb47_SNP_1N_GenomeWideSNP_6_E09_628296	13	57758270	57790009	36	-0.7509
CUSKS_p_TCGAb47_SNP_1N_GenomeWideSNP_6_E09_628296	13	57792969	105679190	31472	0.0314
CUSKS_p_TCGAb47_SNP_1N_GenomeWideSNP_6_E09_628296	13	105680916	105690685	10	-1.1516
CUSKS_p_TCGAb47_SNP_1N_GenomeWideSNP_6_E09_628296	13	105693249	115108397	6699	0.0221
CUSKS_p_TCGAb47_SNP_1N_GenomeWideSNP_6_E09_628296	14	19002124	56313350	22944	0.0273
CUSKS_p_TCGAb47_SNP_1N_GenomeWideSNP_6_E09_628296	14	56314039	56314911	3	-2.1631
CUSKS_p_TCGAb47_SNP_1N_GenomeWideSNP_6_E09_628296	14	56322283	106535295	32258	0.0269
CUSKS_p_TCGAb47_SNP_1N_GenomeWideSNP_6_E09_628296	14	106538062	106567100	14	1.0692
CUSKS_p_TCGAb47_SNP_1N_GenomeWideSNP_6_E09_628296	14	106569463	107145564	320	0.0902
CUSKS_p_TCGAb47_SNP_1N_GenomeWideSNP_6_E09_628296	14	107152270	107184466	31	-0.4177
CUSKS_p_TCGAb47_SNP_1N_GenomeWideSNP_6_E09_628296	14	107184483	107285437	66	0.0791
CUSKS_p_TCGAb47_SNP_1N_GenomeWideSNP_6_E09_628296	15	20016328	25419992	1926	-0.027
CUSKS_p_TCGAb47_SNP_1N_GenomeWideSNP_6_E09_628296	15	25421607	25430243	8	-1.298
CUSKS_p_TCGAb47_SNP_1N_GenomeWideSNP_6_E09_628296	15	25433305	40848351	10182	-0.0147
CUSKS_p_TCGAb47_SNP_1N_GenomeWideSNP_6_E09_628296	15	40849698	40849828	2	1.9399
CUSKS_p_TCGAb47_SNP_1N_GenomeWideSNP_6_E09_628296	15	40851755	46098389	2497	0.0262
CUSKS_p_TCGAb47_SNP_1N_GenomeWideSNP_6_E09_628296	15	46100251	46105228	2	-2.0493
CUSKS_p_TCGAb47_SNP_1N_GenomeWideSNP_6_E09_628296	15	46111464	76891511	19759	0.0135
CUSKS_p_TCGAb47_SNP_1N_GenomeWideSNP_6_E09_628296	15	76891627	76902179	21	-2.1065
CUSKS_p_TCGAb47_SNP_1N_GenomeWideSNP_6_E09_628296	15	76902194	102469040	17696	-0.0076
CUSKS_p_TCGAb47_SNP_1N_GenomeWideSNP_6_E09_628296	16	60777	5010913	2116	0.0598
CUSKS_p_TCGAb47_SNP_1N_GenomeWideSNP_6_E09_628296	16	5014254	5018753	4	-1.0013
CUSKS_p_TCGAb47_SNP_1N_GenomeWideSNP_6_E09_628296	16	5019182	28632021	16873	-0.0306
CUSKS_p_TCGAb47_SNP_1N_GenomeWideSNP_6_E09_628296	16	28649203	28763848	5	1.0889
CUSKS_p_TCGAb47_SNP_1N_GenomeWideSNP_6_E09_628296	16	28823927	90287535	33454	-0.0043
CUSKS_p_TCGAb47_SNP_1N_GenomeWideSNP_6_E09_628296	17	526	4540647	2447	0.0538
CUSKS_p_TCGAb47_SNP_1N_GenomeWideSNP_6_E09_628296	17	4544331	4544551	3	-1.4031
CUSKS_p_TCGAb47_SNP_1N_GenomeWideSNP_6_E09_628296	17	4547179	16738160	8078	-0.0144
CUSKS_p_TCGAb47_SNP_1N_GenomeWideSNP_6_E09_628296	17	16740270	16741784	4	-1.2577
CUSKS_p_TCGAb47_SNP_1N_GenomeWideSNP_6_E09_628296	17	16757147	18319862	918	0.0198
CUSKS_p_TCGAb47_SNP_1N_GenomeWideSNP_6_E09_628296	17	18355392	18465221	29	0.81
CUSKS_p_TCGAb47_SNP_1N_GenomeWideSNP_6_E09_628296	17	18469197	26779053	2328	-0.0121
CUSKS_p_TCGAb47_SNP_1N_GenomeWideSNP_6_E09_628296	17	26781341	26782319	2	-1.8577
CUSKS_p_TCGAb47_SNP_1N_GenomeWideSNP_6_E09_628296	17	26789271	39423014	7171	0.0322
CUSKS_p_TCGAb47_SNP_1N_GenomeWideSNP_6_E09_628296	17	39423026	39430450	22	1.1492
CUSKS_p_TCGAb47_SNP_1N_GenomeWideSNP_6_E09_628296	17	39430531	44163098	2512	0.0373
CUSKS_p_TCGAb47_SNP_1N_GenomeWideSNP_6_E09_628296	17	44165803	44364170	125	0.6643
CUSKS_p_TCGAb47_SNP_1N_GenomeWideSNP_6_E09_628296	17	44394412	54159044	5862	0.0124
CUSKS_p_TCGAb47_SNP_1N_GenomeWideSNP_6_E09_628296	17	54160914	54172823	28	-0.9813
CUSKS_p_TCGAb47_SNP_1N_GenomeWideSNP_6_E09_628296	17	54173247	81049726	15787	0.0231
CUSKS_p_TCGAb47_SNP_1N_GenomeWideSNP_6_E09_628296	18	11543	63727545	40400	0.0145
CUSKS_p_TCGAb47_SNP_1N_GenomeWideSNP_6_E09_628296	18	63727599	63728340	10	-1.8118
CUSKS_p_TCGAb47_SNP_1N_GenomeWideSNP_6_E09_628296	18	63732738	63906866	147	0.0675
CUSKS_p_TCGAb47_SNP_1N_GenomeWideSNP_6_E09_628296	18	63907434	63911589	10	-1.0784
CUSKS_p_TCGAb47_SNP_1N_GenomeWideSNP_6_E09_628296	18	63911876	78015057	10282	0.0352
CUSKS_p_TCGAb47_SNP_1N_GenomeWideSNP_6_E09_628296	19	90910	12502214	4972	0.0473
CUSKS_p_TCGAb47_SNP_1N_GenomeWideSNP_6_E09_628296	19	12505873	12539878	34	-0.8919
CUSKS_p_TCGAb47_SNP_1N_GenomeWideSNP_6_E09_628296	19	12541661	55326613	22046	0.0168
CUSKS_p_TCGAb47_SNP_1N_GenomeWideSNP_6_E09_628296	19	55330654	55333827	2	-2.8861
CUSKS_p_TCGAb47_SNP_1N_GenomeWideSNP_6_E09_628296	19	55333884	55347342	8	-0.2799
CUSKS_p_TCGAb47_SNP_1N_GenomeWideSNP_6_E09_628296	19	55347674	55348691	3	-1.4817
CUSKS_p_TCGAb47_SNP_1N_GenomeWideSNP_6_E09_628296	19	55360538	59097854	2301	0.0276
CUSKS_p_TCGAb47_SNP_1N_GenomeWideSNP_6_E09_628296	20	61305	1570752	1217	0.0248
CUSKS_p_TCGAb47_SNP_1N_GenomeWideSNP_6_E09_628296	20	1570774	1582207	26	-0.4781
CUSKS_p_TCGAb47_SNP_1N_GenomeWideSNP_6_E09_628296	20	1590257	1593893	5	-2.8311
CUSKS_p_TCGAb47_SNP_1N_GenomeWideSNP_6_E09_628296	20	1597946	62956153	41268	-8e-04
CUSKS_p_TCGAb47_SNP_1N_GenomeWideSNP_6_E09_628296	21	10736871	44968053	22660	0.0204
CUSKS_p_TCGAb47_SNP_1N_GenomeWideSNP_6_E09_628296	21	44970873	44972812	2	-2.6271
CUSKS_p_TCGAb47_SNP_1N_GenomeWideSNP_6_E09_628296	21	44973667	48096957	1765	0.0754
CUSKS_p_TCGAb47_SNP_1N_GenomeWideSNP_6_E09_628296	22	16052528	16477516	66	-0.4494
CUSKS_p_TCGAb47_SNP_1N_GenomeWideSNP_6_E09_628296	22	16490546	24330218	4550	0.0274
CUSKS_p_TCGAb47_SNP_1N_GenomeWideSNP_6_E09_628296	22	24330269	24332933	4	-2.2115
CUSKS_p_TCGAb47_SNP_1N_GenomeWideSNP_6_E09_628296	22	24337307	24344422	3	0.0442
CUSKS_p_TCGAb47_SNP_1N_GenomeWideSNP_6_E09_628296	22	24350529	24396814	19	0.7709
CUSKS_p_TCGAb47_SNP_1N_GenomeWideSNP_6_E09_628296	22	24401529	51234455	18929	0.013
CUSKS_p_TCGAb47_SNP_1N_GenomeWideSNP_6_E09_628296	X	168477	103253775	54402	0.0175
CUSKS_p_TCGAb47_SNP_1N_GenomeWideSNP_6_E09_628296	X	103257989	103305358	59	0.6043
CUSKS_p_TCGAb47_SNP_1N_GenomeWideSNP_6_E09_628296	X	103311747	155182354	30171	0.0198
CUSKS_p_TCGAb47_SNP_1N_GenomeWideSNP_6_E09_628296	Y	2650438	2856042	100	-3.2267
CUSKS_p_TCGAb47_SNP_1N_GenomeWideSNP_6_E09_628296	Y	2856353	6110498	773	-2.8021
CUSKS_p_TCGAb47_SNP_1N_GenomeWideSNP_6_E09_628296	Y	6112554	6283866	78	-4.5143
CUSKS_p_TCGAb47_SNP_1N_GenomeWideSNP_6_E09_628296	Y	6287367	8365744	1132	-3.3247
CUSKS_p_TCGAb47_SNP_1N_GenomeWideSNP_6_E09_628296	Y	8367493	9759564	542	-3.7741
CUSKS_p_TCGAb47_SNP_1N_GenomeWideSNP_6_E09_628296	Y	9774614	15024621	696	-3.1827
CUSKS_p_TCGAb47_SNP_1N_GenomeWideSNP_6_E09_628296	Y	15026424	15030817	5	-6.6819
CUSKS_p_TCGAb47_SNP_1N_GenomeWideSNP_6_E09_628296	Y	15032288	15590276	249	-3.2288
CUSKS_p_TCGAb47_SNP_1N_GenomeWideSNP_6_E09_628296	Y	15590342	15594523	3	-7.8202
CUSKS_p_TCGAb47_SNP_1N_GenomeWideSNP_6_E09_628296	Y	15594889	19567406	2079	-3.3192
CUSKS_p_TCGAb47_SNP_1N_GenomeWideSNP_6_E09_628296	Y	19570247	21024613	674	-4.2069
CUSKS_p_TCGAb47_SNP_1N_GenomeWideSNP_6_E09_628296	Y	21025062	23995658	1129	-3.3823
CUSKS_p_TCGAb47_SNP_1N_GenomeWideSNP_6_E09_628296	Y	23997450	25975796	370	-3.9882
CUSKS_p_TCGAb47_SNP_1N_GenomeWideSNP_6_E09_628296	Y	25976129	26041989	23	-5.5534
CUSKS_p_TCGAb47_SNP_1N_GenomeWideSNP_6_E09_628296	Y	26044195	26408766	118	-3.8506
CUSKS_p_TCGAb47_SNP_1N_GenomeWideSNP_6_E09_628296	Y	26409789	26417092	4	-6.6511
CUSKS_p_TCGAb47_SNP_1N_GenomeWideSNP_6_E09_628296	Y	26417501	26631228	44	-3.5695
CUSKS_p_TCGAb47_SNP_1N_GenomeWideSNP_6_E09_628296	Y	26631371	27240184	78	-4.9376
CUSKS_p_TCGAb47_SNP_1N_GenomeWideSNP_6_E09_628296	Y	27254679	28277692	293	-3.9191
CUSKS_p_TCGAb47_SNP_1N_GenomeWideSNP_6_E09_628296	Y	28289727	28322019	13	-6.3399
CUSKS_p_TCGAb47_SNP_1N_GenomeWideSNP_6_E09_628296	Y	28322083	28423938	43	-4.0997
CUSKS_p_TCGAb47_SNP_1N_GenomeWideSNP_6_E09_628296	Y	28438116	59018259	183	-3.1455
