Sample	Chromosome	Start	End	Num_Probes	Segment_Mean
CUSKS_p_TCGAb47_SNP_1N_GenomeWideSNP_6_E08_628272	1	61735	25583291	14112	-0.0096
CUSKS_p_TCGAb47_SNP_1N_GenomeWideSNP_6_E08_628272	1	25583341	25646946	28	-1.9484
CUSKS_p_TCGAb47_SNP_1N_GenomeWideSNP_6_E08_628272	1	25646986	30696939	2335	0.0029
CUSKS_p_TCGAb47_SNP_1N_GenomeWideSNP_6_E08_628272	1	30698344	30705402	3	-1.6708
CUSKS_p_TCGAb47_SNP_1N_GenomeWideSNP_6_E08_628272	1	30706335	72768418	26458	0.0024
CUSKS_p_TCGAb47_SNP_1N_GenomeWideSNP_6_E08_628272	1	72768498	72797412	29	-2.0324
CUSKS_p_TCGAb47_SNP_1N_GenomeWideSNP_6_E08_628272	1	72798594	72811133	17	-0.9645
CUSKS_p_TCGAb47_SNP_1N_GenomeWideSNP_6_E08_628272	1	72811148	104163499	20068	-0.0137
CUSKS_p_TCGAb47_SNP_1N_GenomeWideSNP_6_E08_628272	1	104163787	104221631	4	-1.1279
CUSKS_p_TCGAb47_SNP_1N_GenomeWideSNP_6_E08_628272	1	104221647	104303403	23	-0.3934
CUSKS_p_TCGAb47_SNP_1N_GenomeWideSNP_6_E08_628272	1	104303501	106013376	919	0.0063
CUSKS_p_TCGAb47_SNP_1N_GenomeWideSNP_6_E08_628272	1	106019205	106024798	22	0.5564
CUSKS_p_TCGAb47_SNP_1N_GenomeWideSNP_6_E08_628272	1	106028674	110233037	2666	0.0058
CUSKS_p_TCGAb47_SNP_1N_GenomeWideSNP_6_E08_628272	1	110233053	110240178	15	-1.9659
CUSKS_p_TCGAb47_SNP_1N_GenomeWideSNP_6_E08_628272	1	110242953	111370372	830	0.0203
CUSKS_p_TCGAb47_SNP_1N_GenomeWideSNP_6_E08_628272	1	111370395	111382993	34	0.4202
CUSKS_p_TCGAb47_SNP_1N_GenomeWideSNP_6_E08_628272	1	111383225	112690248	1086	0.0416
CUSKS_p_TCGAb47_SNP_1N_GenomeWideSNP_6_E08_628272	1	112690326	112709073	41	0.5015
CUSKS_p_TCGAb47_SNP_1N_GenomeWideSNP_6_E08_628272	1	112709261	148870400	6340	0.0319
CUSKS_p_TCGAb47_SNP_1N_GenomeWideSNP_6_E08_628272	1	148870937	149336702	159	-0.7145
CUSKS_p_TCGAb47_SNP_1N_GenomeWideSNP_6_E08_628272	1	149336716	149386959	13	-0.0685
CUSKS_p_TCGAb47_SNP_1N_GenomeWideSNP_6_E08_628272	1	149387593	149429206	7	-0.7605
CUSKS_p_TCGAb47_SNP_1N_GenomeWideSNP_6_E08_628272	1	149436842	152555527	1499	0.0733
CUSKS_p_TCGAb47_SNP_1N_GenomeWideSNP_6_E08_628272	1	152555706	152586594	35	-2.2265
CUSKS_p_TCGAb47_SNP_1N_GenomeWideSNP_6_E08_628272	1	152590494	152641701	70	0.0595
CUSKS_p_TCGAb47_SNP_1N_GenomeWideSNP_6_E08_628272	1	152643406	152654923	9	-0.4265
CUSKS_p_TCGAb47_SNP_1N_GenomeWideSNP_6_E08_628272	1	152656542	152754630	84	0.0724
CUSKS_p_TCGAb47_SNP_1N_GenomeWideSNP_6_E08_628272	1	152756308	152773905	45	-0.4008
CUSKS_p_TCGAb47_SNP_1N_GenomeWideSNP_6_E08_628272	1	152776755	153336611	455	0.0885
CUSKS_p_TCGAb47_SNP_1N_GenomeWideSNP_6_E08_628272	1	153337057	153340824	6	-1.1767
CUSKS_p_TCGAb47_SNP_1N_GenomeWideSNP_6_E08_628272	1	153344374	161478751	4796	0.0536
CUSKS_p_TCGAb47_SNP_1N_GenomeWideSNP_6_E08_628272	1	161478993	161648621	58	0.3407
CUSKS_p_TCGAb47_SNP_1N_GenomeWideSNP_6_E08_628272	1	161650375	169216937	6003	0.0678
CUSKS_p_TCGAb47_SNP_1N_GenomeWideSNP_6_E08_628272	1	169233974	169241766	7	-2.7067
CUSKS_p_TCGAb47_SNP_1N_GenomeWideSNP_6_E08_628272	1	169242401	178893155	6214	0.049
CUSKS_p_TCGAb47_SNP_1N_GenomeWideSNP_6_E08_628272	1	178900497	178901653	2	-2.106
CUSKS_p_TCGAb47_SNP_1N_GenomeWideSNP_6_E08_628272	1	178908306	189648157	7233	0.039
CUSKS_p_TCGAb47_SNP_1N_GenomeWideSNP_6_E08_628272	1	189648483	189648527	2	-1.7867
CUSKS_p_TCGAb47_SNP_1N_GenomeWideSNP_6_E08_628272	1	189652047	196714873	4739	0.0138
CUSKS_p_TCGAb47_SNP_1N_GenomeWideSNP_6_E08_628272	1	196727850	196801805	89	-0.4632
CUSKS_p_TCGAb47_SNP_1N_GenomeWideSNP_6_E08_628272	1	196801850	234695188	25684	-0.0021
CUSKS_p_TCGAb47_SNP_1N_GenomeWideSNP_6_E08_628272	1	234696051	234696928	4	-1.5556
CUSKS_p_TCGAb47_SNP_1N_GenomeWideSNP_6_E08_628272	1	234697146	249224388	10205	-1e-04
CUSKS_p_TCGAb47_SNP_1N_GenomeWideSNP_6_E08_628272	2	12784	8309241	6435	-0.0168
CUSKS_p_TCGAb47_SNP_1N_GenomeWideSNP_6_E08_628272	2	8311074	8319409	3	-2.44
CUSKS_p_TCGAb47_SNP_1N_GenomeWideSNP_6_E08_628272	2	8324556	35968036	18551	0.0166
CUSKS_p_TCGAb47_SNP_1N_GenomeWideSNP_6_E08_628272	2	35975973	35987947	8	1.5163
CUSKS_p_TCGAb47_SNP_1N_GenomeWideSNP_6_E08_628272	2	35997473	38372878	1915	0.0084
CUSKS_p_TCGAb47_SNP_1N_GenomeWideSNP_6_E08_628272	2	38373412	38376029	8	-1.0959
CUSKS_p_TCGAb47_SNP_1N_GenomeWideSNP_6_E08_628272	2	38376569	48766969	7355	0.0272
CUSKS_p_TCGAb47_SNP_1N_GenomeWideSNP_6_E08_628272	2	48767176	48767258	2	-1.8116
CUSKS_p_TCGAb47_SNP_1N_GenomeWideSNP_6_E08_628272	2	48769377	52741737	2854	0.0064
CUSKS_p_TCGAb47_SNP_1N_GenomeWideSNP_6_E08_628272	2	52743925	52754881	8	-2.0759
CUSKS_p_TCGAb47_SNP_1N_GenomeWideSNP_6_E08_628272	2	52758753	87302107	22024	0.0199
CUSKS_p_TCGAb47_SNP_1N_GenomeWideSNP_6_E08_628272	2	87306948	87309263	2	-2.5015
CUSKS_p_TCGAb47_SNP_1N_GenomeWideSNP_6_E08_628272	2	87309834	98118212	2060	0.0275
CUSKS_p_TCGAb47_SNP_1N_GenomeWideSNP_6_E08_628272	2	98140747	98161710	8	-1.1863
CUSKS_p_TCGAb47_SNP_1N_GenomeWideSNP_6_E08_628272	2	98162189	138463757	24331	0.0097
CUSKS_p_TCGAb47_SNP_1N_GenomeWideSNP_6_E08_628272	2	138464686	138465036	2	-2.472
CUSKS_p_TCGAb47_SNP_1N_GenomeWideSNP_6_E08_628272	2	138465037	146862085	5166	0.0035
CUSKS_p_TCGAb47_SNP_1N_GenomeWideSNP_6_E08_628272	2	146864404	146866934	24	-2.5595
CUSKS_p_TCGAb47_SNP_1N_GenomeWideSNP_6_E08_628272	2	146877806	243089456	59085	0.0146
CUSKS_p_TCGAb47_SNP_1N_GenomeWideSNP_6_E08_628272	3	60345	1781516	1549	0.012
CUSKS_p_TCGAb47_SNP_1N_GenomeWideSNP_6_E08_628272	3	1781641	1787581	7	-1.1105
CUSKS_p_TCGAb47_SNP_1N_GenomeWideSNP_6_E08_628272	3	1789158	6646543	4282	0.0225
CUSKS_p_TCGAb47_SNP_1N_GenomeWideSNP_6_E08_628272	3	6651128	6653332	23	-0.6971
CUSKS_p_TCGAb47_SNP_1N_GenomeWideSNP_6_E08_628272	3	6655078	53032038	29897	0.0274
CUSKS_p_TCGAb47_SNP_1N_GenomeWideSNP_6_E08_628272	3	53033148	53039100	23	-0.8374
CUSKS_p_TCGAb47_SNP_1N_GenomeWideSNP_6_E08_628272	3	53039116	89387046	24685	0.0176
CUSKS_p_TCGAb47_SNP_1N_GenomeWideSNP_6_E08_628272	3	89387101	89394726	8	-0.7971
CUSKS_p_TCGAb47_SNP_1N_GenomeWideSNP_6_E08_628272	3	89394742	89405117	5	0.1451
CUSKS_p_TCGAb47_SNP_1N_GenomeWideSNP_6_E08_628272	3	89405754	89419381	39	-0.8803
CUSKS_p_TCGAb47_SNP_1N_GenomeWideSNP_6_E08_628272	3	89419921	105338237	7094	0.0266
CUSKS_p_TCGAb47_SNP_1N_GenomeWideSNP_6_E08_628272	3	105338258	105339059	3	-1.729
CUSKS_p_TCGAb47_SNP_1N_GenomeWideSNP_6_E08_628272	3	105340643	115237101	5976	0.025
CUSKS_p_TCGAb47_SNP_1N_GenomeWideSNP_6_E08_628272	3	115239407	115239647	2	-2.1219
CUSKS_p_TCGAb47_SNP_1N_GenomeWideSNP_6_E08_628272	3	115241953	131989347	10432	0.027
CUSKS_p_TCGAb47_SNP_1N_GenomeWideSNP_6_E08_628272	3	131992737	131995684	4	-2.5569
CUSKS_p_TCGAb47_SNP_1N_GenomeWideSNP_6_E08_628272	3	132000477	162530315	18834	0.0262
CUSKS_p_TCGAb47_SNP_1N_GenomeWideSNP_6_E08_628272	3	162530870	162540490	8	-1.9826
CUSKS_p_TCGAb47_SNP_1N_GenomeWideSNP_6_E08_628272	3	162545716	162607212	37	-0.4547
CUSKS_p_TCGAb47_SNP_1N_GenomeWideSNP_6_E08_628272	3	162613758	175078518	7665	0.0279
CUSKS_p_TCGAb47_SNP_1N_GenomeWideSNP_6_E08_628272	3	175080592	175081325	7	-1.4121
CUSKS_p_TCGAb47_SNP_1N_GenomeWideSNP_6_E08_628272	3	175086788	186413074	6783	0.0341
CUSKS_p_TCGAb47_SNP_1N_GenomeWideSNP_6_E08_628272	3	186413717	186416230	7	-1.9521
CUSKS_p_TCGAb47_SNP_1N_GenomeWideSNP_6_E08_628272	3	186417771	192878045	4729	0.0151
CUSKS_p_TCGAb47_SNP_1N_GenomeWideSNP_6_E08_628272	3	192878195	192882903	17	-1.5877
CUSKS_p_TCGAb47_SNP_1N_GenomeWideSNP_6_E08_628272	3	192886435	197896118	2703	0.0416
CUSKS_p_TCGAb47_SNP_1N_GenomeWideSNP_6_E08_628272	4	12281	9456977	5236	0.0168
CUSKS_p_TCGAb47_SNP_1N_GenomeWideSNP_6_E08_628272	4	9461230	9479345	9	-1.4343
CUSKS_p_TCGAb47_SNP_1N_GenomeWideSNP_6_E08_628272	4	9486087	10210390	543	-0.0157
CUSKS_p_TCGAb47_SNP_1N_GenomeWideSNP_6_E08_628272	4	10223416	10229117	9	-1.4068
CUSKS_p_TCGAb47_SNP_1N_GenomeWideSNP_6_E08_628272	4	10229186	10234266	21	-2.7665
CUSKS_p_TCGAb47_SNP_1N_GenomeWideSNP_6_E08_628272	4	10234608	34797156	17005	0.016
CUSKS_p_TCGAb47_SNP_1N_GenomeWideSNP_6_E08_628272	4	34797168	34821340	23	-0.5281
CUSKS_p_TCGAb47_SNP_1N_GenomeWideSNP_6_E08_628272	4	34824183	49206439	8986	0.028
CUSKS_p_TCGAb47_SNP_1N_GenomeWideSNP_6_E08_628272	4	49216534	49291355	6	-0.5869
CUSKS_p_TCGAb47_SNP_1N_GenomeWideSNP_6_E08_628272	4	49297220	64693940	7599	0.0249
CUSKS_p_TCGAb47_SNP_1N_GenomeWideSNP_6_E08_628272	4	64697469	64697828	6	-2.4605
CUSKS_p_TCGAb47_SNP_1N_GenomeWideSNP_6_E08_628272	4	64704293	64707605	17	-0.984
CUSKS_p_TCGAb47_SNP_1N_GenomeWideSNP_6_E08_628272	4	64707754	64708258	6	-3.1488
CUSKS_p_TCGAb47_SNP_1N_GenomeWideSNP_6_E08_628272	4	64716431	69288138	2864	0.0039
CUSKS_p_TCGAb47_SNP_1N_GenomeWideSNP_6_E08_628272	4	69288140	69372003	18	0.3147
CUSKS_p_TCGAb47_SNP_1N_GenomeWideSNP_6_E08_628272	4	69374941	69396462	11	-3.0098
CUSKS_p_TCGAb47_SNP_1N_GenomeWideSNP_6_E08_628272	4	69396466	69435612	19	-1.4134
CUSKS_p_TCGAb47_SNP_1N_GenomeWideSNP_6_E08_628272	4	69435902	69489335	36	-2.6076
CUSKS_p_TCGAb47_SNP_1N_GenomeWideSNP_6_E08_628272	4	69505115	86976529	10833	0.0224
CUSKS_p_TCGAb47_SNP_1N_GenomeWideSNP_6_E08_628272	4	86976579	86979944	15	-0.7383
CUSKS_p_TCGAb47_SNP_1N_GenomeWideSNP_6_E08_628272	4	86980089	138092195	30172	0.0223
CUSKS_p_TCGAb47_SNP_1N_GenomeWideSNP_6_E08_628272	4	138092239	138095121	18	-0.74
CUSKS_p_TCGAb47_SNP_1N_GenomeWideSNP_6_E08_628272	4	138108363	152789393	8876	0.0249
CUSKS_p_TCGAb47_SNP_1N_GenomeWideSNP_6_E08_628272	4	152789786	152792891	14	-1.0954
CUSKS_p_TCGAb47_SNP_1N_GenomeWideSNP_6_E08_628272	4	152794796	172369346	12567	0.0213
CUSKS_p_TCGAb47_SNP_1N_GenomeWideSNP_6_E08_628272	4	172374884	172377710	10	1.8809
CUSKS_p_TCGAb47_SNP_1N_GenomeWideSNP_6_E08_628272	4	172377724	173422522	643	0.029
CUSKS_p_TCGAb47_SNP_1N_GenomeWideSNP_6_E08_628272	4	173424947	173428643	7	1.5084
CUSKS_p_TCGAb47_SNP_1N_GenomeWideSNP_6_E08_628272	4	173441132	189221258	10695	0.0257
CUSKS_p_TCGAb47_SNP_1N_GenomeWideSNP_6_E08_628272	4	189221360	189221424	3	2.6605
CUSKS_p_TCGAb47_SNP_1N_GenomeWideSNP_6_E08_628272	4	189221439	191027923	1174	0.0363
CUSKS_p_TCGAb47_SNP_1N_GenomeWideSNP_6_E08_628272	5	15532	21449276	15744	0.0071
CUSKS_p_TCGAb47_SNP_1N_GenomeWideSNP_6_E08_628272	5	21451200	21452438	5	-2.3861
CUSKS_p_TCGAb47_SNP_1N_GenomeWideSNP_6_E08_628272	5	21452496	53873836	17750	0.0267
CUSKS_p_TCGAb47_SNP_1N_GenomeWideSNP_6_E08_628272	5	53873994	53874176	2	-2.3262
CUSKS_p_TCGAb47_SNP_1N_GenomeWideSNP_6_E08_628272	5	53875569	57321646	2345	0.0306
CUSKS_p_TCGAb47_SNP_1N_GenomeWideSNP_6_E08_628272	5	57326027	57333533	32	1.836
CUSKS_p_TCGAb47_SNP_1N_GenomeWideSNP_6_E08_628272	5	57338357	180790320	77113	0.0258
CUSKS_p_TCGAb47_SNP_1N_GenomeWideSNP_6_E08_628272	6	149661	343103	147	-0.0655
CUSKS_p_TCGAb47_SNP_1N_GenomeWideSNP_6_E08_628272	6	343144	387659	64	-0.4326
CUSKS_p_TCGAb47_SNP_1N_GenomeWideSNP_6_E08_628272	6	389319	27123082	20225	0.0177
CUSKS_p_TCGAb47_SNP_1N_GenomeWideSNP_6_E08_628272	6	27123315	27131375	2	-2.5558
CUSKS_p_TCGAb47_SNP_1N_GenomeWideSNP_6_E08_628272	6	27132928	27483816	157	-0.0626
CUSKS_p_TCGAb47_SNP_1N_GenomeWideSNP_6_E08_628272	6	27488602	27670182	85	0.239
CUSKS_p_TCGAb47_SNP_1N_GenomeWideSNP_6_E08_628272	6	27672702	29837188	1038	-0.0659
CUSKS_p_TCGAb47_SNP_1N_GenomeWideSNP_6_E08_628272	6	29837314	29849267	14	-1.111
CUSKS_p_TCGAb47_SNP_1N_GenomeWideSNP_6_E08_628272	6	29850196	31287222	677	-0.0684
CUSKS_p_TCGAb47_SNP_1N_GenomeWideSNP_6_E08_628272	6	31287501	31296451	6	-2.1468
CUSKS_p_TCGAb47_SNP_1N_GenomeWideSNP_6_E08_628272	6	31309924	32624304	568	-0.0947
CUSKS_p_TCGAb47_SNP_1N_GenomeWideSNP_6_E08_628272	6	32624591	32626618	5	-2.1952
CUSKS_p_TCGAb47_SNP_1N_GenomeWideSNP_6_E08_628272	6	32650612	53931067	13723	0.0219
CUSKS_p_TCGAb47_SNP_1N_GenomeWideSNP_6_E08_628272	6	53931084	53931855	8	-1.1374
CUSKS_p_TCGAb47_SNP_1N_GenomeWideSNP_6_E08_628272	6	53935348	54845685	603	0.0184
CUSKS_p_TCGAb47_SNP_1N_GenomeWideSNP_6_E08_628272	6	54848455	54850139	4	-1.6549
CUSKS_p_TCGAb47_SNP_1N_GenomeWideSNP_6_E08_628272	6	54852112	77436532	11689	0.0174
CUSKS_p_TCGAb47_SNP_1N_GenomeWideSNP_6_E08_628272	6	77439868	77452382	15	-3.9768
CUSKS_p_TCGAb47_SNP_1N_GenomeWideSNP_6_E08_628272	6	77452392	77452757	6	-1.3566
CUSKS_p_TCGAb47_SNP_1N_GenomeWideSNP_6_E08_628272	6	77461073	78980348	1006	0.0283
CUSKS_p_TCGAb47_SNP_1N_GenomeWideSNP_6_E08_628272	6	78980403	79014001	34	0.4584
CUSKS_p_TCGAb47_SNP_1N_GenomeWideSNP_6_E08_628272	6	79014016	103734829	15537	0.0089
CUSKS_p_TCGAb47_SNP_1N_GenomeWideSNP_6_E08_628272	6	103737976	103762061	46	-1.695
CUSKS_p_TCGAb47_SNP_1N_GenomeWideSNP_6_E08_628272	6	103765470	161032747	36948	0.0023
CUSKS_p_TCGAb47_SNP_1N_GenomeWideSNP_6_E08_628272	6	161032877	161033283	3	1.6852
CUSKS_p_TCGAb47_SNP_1N_GenomeWideSNP_6_E08_628272	6	161068042	171051005	7253	-3e-04
CUSKS_p_TCGAb47_SNP_1N_GenomeWideSNP_6_E08_628272	7	43355	197222	123	-0.2471
CUSKS_p_TCGAb47_SNP_1N_GenomeWideSNP_6_E08_628272	7	197267	197428	2	-2.8289
CUSKS_p_TCGAb47_SNP_1N_GenomeWideSNP_6_E08_628272	7	197497	6955310	3346	0.0164
CUSKS_p_TCGAb47_SNP_1N_GenomeWideSNP_6_E08_628272	7	6960802	6964519	4	-1.708
CUSKS_p_TCGAb47_SNP_1N_GenomeWideSNP_6_E08_628272	7	6965895	38290714	23939	0.0252
CUSKS_p_TCGAb47_SNP_1N_GenomeWideSNP_6_E08_628272	7	38294101	38357229	99	0.3663
CUSKS_p_TCGAb47_SNP_1N_GenomeWideSNP_6_E08_628272	7	38357245	64565585	14165	0.0274
CUSKS_p_TCGAb47_SNP_1N_GenomeWideSNP_6_E08_628272	7	64566957	64651349	12	-1.3539
CUSKS_p_TCGAb47_SNP_1N_GenomeWideSNP_6_E08_628272	7	64651640	67497602	1284	0.0966
CUSKS_p_TCGAb47_SNP_1N_GenomeWideSNP_6_E08_628272	7	67498152	67522384	14	0.6587
CUSKS_p_TCGAb47_SNP_1N_GenomeWideSNP_6_E08_628272	7	67523020	70420438	1852	0.0453
CUSKS_p_TCGAb47_SNP_1N_GenomeWideSNP_6_E08_628272	7	70423250	70426141	2	-2.6118
CUSKS_p_TCGAb47_SNP_1N_GenomeWideSNP_6_E08_628272	7	70428243	100325189	17153	0.0308
CUSKS_p_TCGAb47_SNP_1N_GenomeWideSNP_6_E08_628272	7	100329244	100332842	3	-2.0169
CUSKS_p_TCGAb47_SNP_1N_GenomeWideSNP_6_E08_628272	7	100351005	126045556	15419	0.0255
CUSKS_p_TCGAb47_SNP_1N_GenomeWideSNP_6_E08_628272	7	126045651	126046615	10	-2.0125
CUSKS_p_TCGAb47_SNP_1N_GenomeWideSNP_6_E08_628272	7	126046876	133785177	4704	0.0286
CUSKS_p_TCGAb47_SNP_1N_GenomeWideSNP_6_E08_628272	7	133785195	133787087	15	0.8751
CUSKS_p_TCGAb47_SNP_1N_GenomeWideSNP_6_E08_628272	7	133787146	141763124	5222	0.0336
CUSKS_p_TCGAb47_SNP_1N_GenomeWideSNP_6_E08_628272	7	141769643	141790183	39	-0.7149
CUSKS_p_TCGAb47_SNP_1N_GenomeWideSNP_6_E08_628272	7	141790203	154964560	8372	0.0206
CUSKS_p_TCGAb47_SNP_1N_GenomeWideSNP_6_E08_628272	7	154965379	154965392	2	-3.4373
CUSKS_p_TCGAb47_SNP_1N_GenomeWideSNP_6_E08_628272	7	154966514	159127004	2665	0.0096
CUSKS_p_TCGAb47_SNP_1N_GenomeWideSNP_6_E08_628272	8	31254	594973	328	-0.1717
CUSKS_p_TCGAb47_SNP_1N_GenomeWideSNP_6_E08_628272	8	595220	595875	6	0.9288
CUSKS_p_TCGAb47_SNP_1N_GenomeWideSNP_6_E08_628272	8	595892	595908	2	4.5073
CUSKS_p_TCGAb47_SNP_1N_GenomeWideSNP_6_E08_628272	8	601043	2247688	1310	-0.0722
CUSKS_p_TCGAb47_SNP_1N_GenomeWideSNP_6_E08_628272	8	2247827	2259329	12	-1.0821
CUSKS_p_TCGAb47_SNP_1N_GenomeWideSNP_6_E08_628272	8	2259358	7254341	6185	-0.0825
CUSKS_p_TCGAb47_SNP_1N_GenomeWideSNP_6_E08_628272	8	7255048	7398229	61	0.4127
CUSKS_p_TCGAb47_SNP_1N_GenomeWideSNP_6_E08_628272	8	7398557	11415518	3044	-0.058
CUSKS_p_TCGAb47_SNP_1N_GenomeWideSNP_6_E08_628272	8	11415794	11417328	4	-2.1255
CUSKS_p_TCGAb47_SNP_1N_GenomeWideSNP_6_E08_628272	8	11422583	12198254	338	-0.0882
CUSKS_p_TCGAb47_SNP_1N_GenomeWideSNP_6_E08_628272	8	12216009	12353761	72	0.4451
CUSKS_p_TCGAb47_SNP_1N_GenomeWideSNP_6_E08_628272	8	12358181	38574577	19203	0.0128
CUSKS_p_TCGAb47_SNP_1N_GenomeWideSNP_6_E08_628272	8	38575488	38580511	2	-2.3997
CUSKS_p_TCGAb47_SNP_1N_GenomeWideSNP_6_E08_628272	8	38587018	39230659	296	0.1929
CUSKS_p_TCGAb47_SNP_1N_GenomeWideSNP_6_E08_628272	8	39235603	39386965	59	0.9875
CUSKS_p_TCGAb47_SNP_1N_GenomeWideSNP_6_E08_628272	8	39388299	40771996	1074	0.1614
CUSKS_p_TCGAb47_SNP_1N_GenomeWideSNP_6_E08_628272	8	40777852	40778471	2	-2.7298
CUSKS_p_TCGAb47_SNP_1N_GenomeWideSNP_6_E08_628272	8	40783680	72212365	16831	0.1529
CUSKS_p_TCGAb47_SNP_1N_GenomeWideSNP_6_E08_628272	8	72215311	72216599	9	-0.8849
CUSKS_p_TCGAb47_SNP_1N_GenomeWideSNP_6_E08_628272	8	72219863	112291494	24113	0.1568
CUSKS_p_TCGAb47_SNP_1N_GenomeWideSNP_6_E08_628272	8	112294279	112295260	10	-1.788
CUSKS_p_TCGAb47_SNP_1N_GenomeWideSNP_6_E08_628272	8	112300281	146298155	22906	0.1466
CUSKS_p_TCGAb47_SNP_1N_GenomeWideSNP_6_E08_628272	9	46587	16906731	15314	8e-04
CUSKS_p_TCGAb47_SNP_1N_GenomeWideSNP_6_E08_628272	9	16907149	16912314	23	0.5069
CUSKS_p_TCGAb47_SNP_1N_GenomeWideSNP_6_E08_628272	9	16912325	23361805	5110	0.0045
CUSKS_p_TCGAb47_SNP_1N_GenomeWideSNP_6_E08_628272	9	23363115	23373484	8	-2.1401
CUSKS_p_TCGAb47_SNP_1N_GenomeWideSNP_6_E08_628272	9	23378488	28309878	3783	-0.0102
CUSKS_p_TCGAb47_SNP_1N_GenomeWideSNP_6_E08_628272	9	28310570	28311629	2	-1.862
CUSKS_p_TCGAb47_SNP_1N_GenomeWideSNP_6_E08_628272	9	28312061	39330197	7028	-9e-04
CUSKS_p_TCGAb47_SNP_1N_GenomeWideSNP_6_E08_628272	9	39337293	39342825	3	-1.46
CUSKS_p_TCGAb47_SNP_1N_GenomeWideSNP_6_E08_628272	9	39743166	41846811	68	0.04
CUSKS_p_TCGAb47_SNP_1N_GenomeWideSNP_6_E08_628272	9	41892866	41897112	2	-2.3925
CUSKS_p_TCGAb47_SNP_1N_GenomeWideSNP_6_E08_628272	9	41943711	43169603	27	0.1081
CUSKS_p_TCGAb47_SNP_1N_GenomeWideSNP_6_E08_628272	9	43187967	43780909	41	0.7383
CUSKS_p_TCGAb47_SNP_1N_GenomeWideSNP_6_E08_628272	9	43790346	45448944	124	-0.0492
CUSKS_p_TCGAb47_SNP_1N_GenomeWideSNP_6_E08_628272	9	45471390	45556541	9	0.9418
CUSKS_p_TCGAb47_SNP_1N_GenomeWideSNP_6_E08_628272	9	45556556	93598005	16579	-0.0376
CUSKS_p_TCGAb47_SNP_1N_GenomeWideSNP_6_E08_628272	9	93598856	93600298	4	-1.5788
CUSKS_p_TCGAb47_SNP_1N_GenomeWideSNP_6_E08_628272	9	93602967	140252947	31282	-0.0379
CUSKS_p_TCGAb47_SNP_1N_GenomeWideSNP_6_E08_628272	9	140255642	140255833	3	-2.3866
CUSKS_p_TCGAb47_SNP_1N_GenomeWideSNP_6_E08_628272	9	140273003	141091394	411	-0.076
CUSKS_p_TCGAb47_SNP_1N_GenomeWideSNP_6_E08_628272	10	72759	18121033	14867	0.0142
CUSKS_p_TCGAb47_SNP_1N_GenomeWideSNP_6_E08_628272	10	18128247	18196769	7	1.1207
CUSKS_p_TCGAb47_SNP_1N_GenomeWideSNP_6_E08_628272	10	18199813	24375263	4336	0.0134
CUSKS_p_TCGAb47_SNP_1N_GenomeWideSNP_6_E08_628272	10	24377674	24378054	11	-2.4228
CUSKS_p_TCGAb47_SNP_1N_GenomeWideSNP_6_E08_628272	10	24378908	90938673	41333	0.0197
CUSKS_p_TCGAb47_SNP_1N_GenomeWideSNP_6_E08_628272	10	90942967	90947968	10	-1.3095
CUSKS_p_TCGAb47_SNP_1N_GenomeWideSNP_6_E08_628272	10	90948030	92459927	1096	0.0187
CUSKS_p_TCGAb47_SNP_1N_GenomeWideSNP_6_E08_628272	10	92462715	92463291	4	-1.3739
CUSKS_p_TCGAb47_SNP_1N_GenomeWideSNP_6_E08_628272	10	92471580	131991181	27063	0.0263
CUSKS_p_TCGAb47_SNP_1N_GenomeWideSNP_6_E08_628272	10	131991689	131992202	2	-2.1039
CUSKS_p_TCGAb47_SNP_1N_GenomeWideSNP_6_E08_628272	10	131992367	133959754	1567	-0.062
CUSKS_p_TCGAb47_SNP_1N_GenomeWideSNP_6_E08_628272	10	133960517	133961494	2	-3.0783
CUSKS_p_TCGAb47_SNP_1N_GenomeWideSNP_6_E08_628272	10	133965487	135506704	656	-0.0178
CUSKS_p_TCGAb47_SNP_1N_GenomeWideSNP_6_E08_628272	11	198510	5793583	3309	-0.0014
CUSKS_p_TCGAb47_SNP_1N_GenomeWideSNP_6_E08_628272	11	5794245	5809139	22	-0.7244
CUSKS_p_TCGAb47_SNP_1N_GenomeWideSNP_6_E08_628272	11	5809338	55376280	31296	0.0264
CUSKS_p_TCGAb47_SNP_1N_GenomeWideSNP_6_E08_628272	11	55376498	55453009	51	0.7816
CUSKS_p_TCGAb47_SNP_1N_GenomeWideSNP_6_E08_628272	11	55453576	107230719	32421	0.0244
CUSKS_p_TCGAb47_SNP_1N_GenomeWideSNP_6_E08_628272	11	107238656	107239128	7	-2.9306
CUSKS_p_TCGAb47_SNP_1N_GenomeWideSNP_6_E08_628272	11	107252362	107648810	308	0.0066
CUSKS_p_TCGAb47_SNP_1N_GenomeWideSNP_6_E08_628272	11	107653743	107671601	16	0.7713
CUSKS_p_TCGAb47_SNP_1N_GenomeWideSNP_6_E08_628272	11	107672045	134944770	19605	0.0172
CUSKS_p_TCGAb47_SNP_1N_GenomeWideSNP_6_E08_628272	12	150442	30235581	20556	0.044
CUSKS_p_TCGAb47_SNP_1N_GenomeWideSNP_6_E08_628272	12	30239267	30243575	19	-0.9182
CUSKS_p_TCGAb47_SNP_1N_GenomeWideSNP_6_E08_628272	12	30243590	33294511	2265	0.059
CUSKS_p_TCGAb47_SNP_1N_GenomeWideSNP_6_E08_628272	12	33294545	33308360	33	-0.6007
CUSKS_p_TCGAb47_SNP_1N_GenomeWideSNP_6_E08_628272	12	33308387	133778189	62105	0.0417
CUSKS_p_TCGAb47_SNP_1N_GenomeWideSNP_6_E08_628272	13	19026949	49531551	21592	0.0265
CUSKS_p_TCGAb47_SNP_1N_GenomeWideSNP_6_E08_628272	13	49533715	49536504	2	-4.4008
CUSKS_p_TCGAb47_SNP_1N_GenomeWideSNP_6_E08_628272	13	49537705	115108397	42648	0.0129
CUSKS_p_TCGAb47_SNP_1N_GenomeWideSNP_6_E08_628272	14	19002124	19541714	39	0.1645
CUSKS_p_TCGAb47_SNP_1N_GenomeWideSNP_6_E08_628272	14	19557041	20424926	152	-0.3568
CUSKS_p_TCGAb47_SNP_1N_GenomeWideSNP_6_E08_628272	14	20425509	22394405	1365	-0.0123
CUSKS_p_TCGAb47_SNP_1N_GenomeWideSNP_6_E08_628272	14	22394448	22959937	477	0.2907
CUSKS_p_TCGAb47_SNP_1N_GenomeWideSNP_6_E08_628272	14	22959974	23563748	367	-0.0508
CUSKS_p_TCGAb47_SNP_1N_GenomeWideSNP_6_E08_628272	14	23569106	23570824	2	-2.9363
CUSKS_p_TCGAb47_SNP_1N_GenomeWideSNP_6_E08_628272	14	23571671	26783913	2153	-0.0409
CUSKS_p_TCGAb47_SNP_1N_GenomeWideSNP_6_E08_628272	14	26783914	26784913	6	-1.5513
CUSKS_p_TCGAb47_SNP_1N_GenomeWideSNP_6_E08_628272	14	26795104	41608358	9251	-0.0395
CUSKS_p_TCGAb47_SNP_1N_GenomeWideSNP_6_E08_628272	14	41610496	41637359	10	-0.9349
CUSKS_p_TCGAb47_SNP_1N_GenomeWideSNP_6_E08_628272	14	41637429	70013979	17835	-0.0401
CUSKS_p_TCGAb47_SNP_1N_GenomeWideSNP_6_E08_628272	14	70018047	70028547	13	-0.7967
CUSKS_p_TCGAb47_SNP_1N_GenomeWideSNP_6_E08_628272	14	70032826	96558595	17692	-0.0454
CUSKS_p_TCGAb47_SNP_1N_GenomeWideSNP_6_E08_628272	14	96558694	96562081	3	-2.2802
CUSKS_p_TCGAb47_SNP_1N_GenomeWideSNP_6_E08_628272	14	96563784	99305232	2161	-0.0685
CUSKS_p_TCGAb47_SNP_1N_GenomeWideSNP_6_E08_628272	14	99305363	99310871	2	-2.2859
CUSKS_p_TCGAb47_SNP_1N_GenomeWideSNP_6_E08_628272	14	99311587	106119639	3405	-0.0596
CUSKS_p_TCGAb47_SNP_1N_GenomeWideSNP_6_E08_628272	14	106123239	106199376	12	-0.7881
CUSKS_p_TCGAb47_SNP_1N_GenomeWideSNP_6_E08_628272	14	106218585	106910595	313	-0.0349
CUSKS_p_TCGAb47_SNP_1N_GenomeWideSNP_6_E08_628272	14	106910889	106943834	31	0.5586
CUSKS_p_TCGAb47_SNP_1N_GenomeWideSNP_6_E08_628272	14	106948568	107285437	214	-0.0847
CUSKS_p_TCGAb47_SNP_1N_GenomeWideSNP_6_E08_628272	15	20016328	20231906	50	0.1396
CUSKS_p_TCGAb47_SNP_1N_GenomeWideSNP_6_E08_628272	15	20246372	20578421	48	0.7494
CUSKS_p_TCGAb47_SNP_1N_GenomeWideSNP_6_E08_628272	15	20581451	20581455	5	-0.3145
CUSKS_p_TCGAb47_SNP_1N_GenomeWideSNP_6_E08_628272	15	20581562	21173886	164	0.7699
CUSKS_p_TCGAb47_SNP_1N_GenomeWideSNP_6_E08_628272	15	21186400	21909018	27	0.2159
CUSKS_p_TCGAb47_SNP_1N_GenomeWideSNP_6_E08_628272	15	21909391	22291024	18	1.0416
CUSKS_p_TCGAb47_SNP_1N_GenomeWideSNP_6_E08_628272	15	22293227	22922576	238	0.186
CUSKS_p_TCGAb47_SNP_1N_GenomeWideSNP_6_E08_628272	15	22930067	22930184	3	-1.6798
CUSKS_p_TCGAb47_SNP_1N_GenomeWideSNP_6_E08_628272	15	22930397	24667429	872	0.0491
CUSKS_p_TCGAb47_SNP_1N_GenomeWideSNP_6_E08_628272	15	24669656	24731872	46	-0.7248
CUSKS_p_TCGAb47_SNP_1N_GenomeWideSNP_6_E08_628272	15	24733240	42167485	11210	0.0281
CUSKS_p_TCGAb47_SNP_1N_GenomeWideSNP_6_E08_628272	15	42170103	42170342	2	-2.1693
CUSKS_p_TCGAb47_SNP_1N_GenomeWideSNP_6_E08_628272	15	42171462	102469040	39309	0.0307
CUSKS_p_TCGAb47_SNP_1N_GenomeWideSNP_6_E08_628272	16	60777	52410851	24527	0.1346
CUSKS_p_TCGAb47_SNP_1N_GenomeWideSNP_6_E08_628272	16	52412950	52414691	2	-1.8013
CUSKS_p_TCGAb47_SNP_1N_GenomeWideSNP_6_E08_628272	16	52417241	55796389	2756	-0.0187
CUSKS_p_TCGAb47_SNP_1N_GenomeWideSNP_6_E08_628272	16	55796510	55816646	17	-1.3316
CUSKS_p_TCGAb47_SNP_1N_GenomeWideSNP_6_E08_628272	16	55816705	78372846	14413	-0.0386
CUSKS_p_TCGAb47_SNP_1N_GenomeWideSNP_6_E08_628272	16	78373337	78383140	12	-1.1116
CUSKS_p_TCGAb47_SNP_1N_GenomeWideSNP_6_E08_628272	16	78384738	87301769	9268	-0.0596
CUSKS_p_TCGAb47_SNP_1N_GenomeWideSNP_6_E08_628272	16	87305229	87318235	23	0.6012
CUSKS_p_TCGAb47_SNP_1N_GenomeWideSNP_6_E08_628272	16	87319096	90287535	1305	-0.1419
CUSKS_p_TCGAb47_SNP_1N_GenomeWideSNP_6_E08_628272	17	526	6100784	3365	-0.0513
CUSKS_p_TCGAb47_SNP_1N_GenomeWideSNP_6_E08_628272	17	6100796	6100811	2	-2.4581
CUSKS_p_TCGAb47_SNP_1N_GenomeWideSNP_6_E08_628272	17	6101043	18355392	8054	-0.0296
CUSKS_p_TCGAb47_SNP_1N_GenomeWideSNP_6_E08_628272	17	18358946	18465221	28	0.7813
CUSKS_p_TCGAb47_SNP_1N_GenomeWideSNP_6_E08_628272	17	18469197	34415906	6891	0.0424
CUSKS_p_TCGAb47_SNP_1N_GenomeWideSNP_6_E08_628272	17	34416537	34463885	44	-0.3334
CUSKS_p_TCGAb47_SNP_1N_GenomeWideSNP_6_E08_628272	17	34465101	39423057	2554	0.0485
CUSKS_p_TCGAb47_SNP_1N_GenomeWideSNP_6_E08_628272	17	39423077	39430531	21	-1.0581
CUSKS_p_TCGAb47_SNP_1N_GenomeWideSNP_6_E08_628272	17	39432724	44163098	2505	0.0464
CUSKS_p_TCGAb47_SNP_1N_GenomeWideSNP_6_E08_628272	17	44165803	44362363	124	0.6325
CUSKS_p_TCGAb47_SNP_1N_GenomeWideSNP_6_E08_628272	17	44364170	44752300	49	-0.7004
CUSKS_p_TCGAb47_SNP_1N_GenomeWideSNP_6_E08_628272	17	44764994	77243063	19837	0.0522
CUSKS_p_TCGAb47_SNP_1N_GenomeWideSNP_6_E08_628272	17	77245660	77246390	3	-1.9089
CUSKS_p_TCGAb47_SNP_1N_GenomeWideSNP_6_E08_628272	17	77247044	81049726	1745	-0.0028
CUSKS_p_TCGAb47_SNP_1N_GenomeWideSNP_6_E08_628272	18	11543	1902886	1316	0.017
CUSKS_p_TCGAb47_SNP_1N_GenomeWideSNP_6_E08_628272	18	1905358	1980787	95	-1.2711
CUSKS_p_TCGAb47_SNP_1N_GenomeWideSNP_6_E08_628272	18	1986214	14661643	8798	6e-04
CUSKS_p_TCGAb47_SNP_1N_GenomeWideSNP_6_E08_628272	18	14663971	14672479	2	2.6535
CUSKS_p_TCGAb47_SNP_1N_GenomeWideSNP_6_E08_628272	18	14691685	78015057	40545	-0.0055
CUSKS_p_TCGAb47_SNP_1N_GenomeWideSNP_6_E08_628272	19	90910	30172284	12855	0.0239
CUSKS_p_TCGAb47_SNP_1N_GenomeWideSNP_6_E08_628272	19	30172341	30175549	2	-2.0333
CUSKS_p_TCGAb47_SNP_1N_GenomeWideSNP_6_E08_628272	19	30175997	35849493	3931	0.0248
CUSKS_p_TCGAb47_SNP_1N_GenomeWideSNP_6_E08_628272	19	35855353	35861848	21	-1.033
CUSKS_p_TCGAb47_SNP_1N_GenomeWideSNP_6_E08_628272	19	35866744	52144590	8106	0.0187
CUSKS_p_TCGAb47_SNP_1N_GenomeWideSNP_6_E08_628272	19	52145146	52148197	6	-1.196
CUSKS_p_TCGAb47_SNP_1N_GenomeWideSNP_6_E08_628272	19	52154905	59097854	4379	0.0231
CUSKS_p_TCGAb47_SNP_1N_GenomeWideSNP_6_E08_628272	20	61305	1560999	1201	-0.0693
CUSKS_p_TCGAb47_SNP_1N_GenomeWideSNP_6_E08_628272	20	1561580	1582092	35	1.2109
CUSKS_p_TCGAb47_SNP_1N_GenomeWideSNP_6_E08_628272	20	1582207	15301374	10400	0.0502
CUSKS_p_TCGAb47_SNP_1N_GenomeWideSNP_6_E08_628272	20	15301902	15302049	2	-3.2565
CUSKS_p_TCGAb47_SNP_1N_GenomeWideSNP_6_E08_628272	20	15302374	48782534	20426	0.0547
CUSKS_p_TCGAb47_SNP_1N_GenomeWideSNP_6_E08_628272	20	48791719	48792793	2	-2.1187
CUSKS_p_TCGAb47_SNP_1N_GenomeWideSNP_6_E08_628272	20	48794917	59562538	8556	0.045
CUSKS_p_TCGAb47_SNP_1N_GenomeWideSNP_6_E08_628272	20	59564091	59576820	13	-0.6371
CUSKS_p_TCGAb47_SNP_1N_GenomeWideSNP_6_E08_628272	20	59576867	62956153	1783	-0.0231
CUSKS_p_TCGAb47_SNP_1N_GenomeWideSNP_6_E08_628272	21	10736871	48096957	24386	0.0179
CUSKS_p_TCGAb47_SNP_1N_GenomeWideSNP_6_E08_628272	22	16052528	24344422	4608	-0.0737
CUSKS_p_TCGAb47_SNP_1N_GenomeWideSNP_6_E08_628272	22	24350529	24396814	19	-2.7506
CUSKS_p_TCGAb47_SNP_1N_GenomeWideSNP_6_E08_628272	22	24401529	39609849	10972	-0.0389
CUSKS_p_TCGAb47_SNP_1N_GenomeWideSNP_6_E08_628272	22	39610439	39610647	2	-2.421
CUSKS_p_TCGAb47_SNP_1N_GenomeWideSNP_6_E08_628272	22	39610854	51234455	7911	-0.0699
CUSKS_p_TCGAb47_SNP_1N_GenomeWideSNP_6_E08_628272	X	168477	62410541	33796	0.0211
CUSKS_p_TCGAb47_SNP_1N_GenomeWideSNP_6_E08_628272	X	62433552	62517002	29	1.2678
CUSKS_p_TCGAb47_SNP_1N_GenomeWideSNP_6_E08_628272	X	62517469	76349873	6299	0.0376
CUSKS_p_TCGAb47_SNP_1N_GenomeWideSNP_6_E08_628272	X	76353650	76545159	19	-0.5053
CUSKS_p_TCGAb47_SNP_1N_GenomeWideSNP_6_E08_628272	X	76546512	86289170	5188	0.0252
CUSKS_p_TCGAb47_SNP_1N_GenomeWideSNP_6_E08_628272	X	86292891	86308550	12	-1.2231
CUSKS_p_TCGAb47_SNP_1N_GenomeWideSNP_6_E08_628272	X	86312292	90968512	2382	0.0307
CUSKS_p_TCGAb47_SNP_1N_GenomeWideSNP_6_E08_628272	X	90970506	90971740	7	-1.6703
CUSKS_p_TCGAb47_SNP_1N_GenomeWideSNP_6_E08_628272	X	90971771	115133681	13046	0.0261
CUSKS_p_TCGAb47_SNP_1N_GenomeWideSNP_6_E08_628272	X	115137955	115156419	8	-2.2324
CUSKS_p_TCGAb47_SNP_1N_GenomeWideSNP_6_E08_628272	X	115156821	152823330	22856	0.0172
CUSKS_p_TCGAb47_SNP_1N_GenomeWideSNP_6_E08_628272	X	152823728	152833736	11	-0.5736
CUSKS_p_TCGAb47_SNP_1N_GenomeWideSNP_6_E08_628272	X	152834160	153567425	284	0.0055
CUSKS_p_TCGAb47_SNP_1N_GenomeWideSNP_6_E08_628272	X	153567619	153621019	61	-0.3784
CUSKS_p_TCGAb47_SNP_1N_GenomeWideSNP_6_E08_628272	X	153621387	155182354	555	0.0271
CUSKS_p_TCGAb47_SNP_1N_GenomeWideSNP_6_E08_628272	Y	2650438	6101425	870	-3.0096
CUSKS_p_TCGAb47_SNP_1N_GenomeWideSNP_6_E08_628272	Y	6107901	6424299	128	-4.6654
CUSKS_p_TCGAb47_SNP_1N_GenomeWideSNP_6_E08_628272	Y	6426233	6648761	61	-2.7488
CUSKS_p_TCGAb47_SNP_1N_GenomeWideSNP_6_E08_628272	Y	6658469	7782151	601	-3.5899
CUSKS_p_TCGAb47_SNP_1N_GenomeWideSNP_6_E08_628272	Y	7785414	8413014	463	-3.9212
CUSKS_p_TCGAb47_SNP_1N_GenomeWideSNP_6_E08_628272	Y	8413433	8590752	95	-4.6855
CUSKS_p_TCGAb47_SNP_1N_GenomeWideSNP_6_E08_628272	Y	8600133	9163699	223	-3.8944
CUSKS_p_TCGAb47_SNP_1N_GenomeWideSNP_6_E08_628272	Y	9164332	9391884	29	-5.6534
CUSKS_p_TCGAb47_SNP_1N_GenomeWideSNP_6_E08_628272	Y	9392195	9526990	62	-3.5031
CUSKS_p_TCGAb47_SNP_1N_GenomeWideSNP_6_E08_628272	Y	9531709	9631901	39	-5.1128
CUSKS_p_TCGAb47_SNP_1N_GenomeWideSNP_6_E08_628272	Y	9633865	9729972	34	-3.8455
CUSKS_p_TCGAb47_SNP_1N_GenomeWideSNP_6_E08_628272	Y	9730878	9759564	20	-5.0091
CUSKS_p_TCGAb47_SNP_1N_GenomeWideSNP_6_E08_628272	Y	9774614	19570632	3034	-3.5824
CUSKS_p_TCGAb47_SNP_1N_GenomeWideSNP_6_E08_628272	Y	19571480	21024613	671	-4.484
CUSKS_p_TCGAb47_SNP_1N_GenomeWideSNP_6_E08_628272	Y	21025062	23880233	1092	-3.7195
CUSKS_p_TCGAb47_SNP_1N_GenomeWideSNP_6_E08_628272	Y	23882903	24548177	202	-4.2736
CUSKS_p_TCGAb47_SNP_1N_GenomeWideSNP_6_E08_628272	Y	24560227	24964952	60	-5.1106
CUSKS_p_TCGAb47_SNP_1N_GenomeWideSNP_6_E08_628272	Y	24979518	25969009	142	-4.4288
CUSKS_p_TCGAb47_SNP_1N_GenomeWideSNP_6_E08_628272	Y	25969442	26078453	45	-5.3411
CUSKS_p_TCGAb47_SNP_1N_GenomeWideSNP_6_E08_628272	Y	26087049	26631228	146	-3.9349
CUSKS_p_TCGAb47_SNP_1N_GenomeWideSNP_6_E08_628272	Y	26631371	26802327	28	-5.9908
CUSKS_p_TCGAb47_SNP_1N_GenomeWideSNP_6_E08_628272	Y	26803166	28272116	342	-4.2925
CUSKS_p_TCGAb47_SNP_1N_GenomeWideSNP_6_E08_628272	Y	28277692	28322019	14	-6.4126
CUSKS_p_TCGAb47_SNP_1N_GenomeWideSNP_6_E08_628272	Y	28322083	28423938	43	-4.2877
CUSKS_p_TCGAb47_SNP_1N_GenomeWideSNP_6_E08_628272	Y	28438116	59018259	183	-3.1692
