Sample	Chromosome	Start	End	Num_Probes	Segment_Mean
CUSKS_p_TCGAb47_SNP_1N_GenomeWideSNP_6_B11_628298	1	61735	1627918	227	-0.0364
CUSKS_p_TCGAb47_SNP_1N_GenomeWideSNP_6_B11_628298	1	1628418	1672603	16	-1.4562
CUSKS_p_TCGAb47_SNP_1N_GenomeWideSNP_6_B11_628298	1	1687587	16830820	8484	0.0188
CUSKS_p_TCGAb47_SNP_1N_GenomeWideSNP_6_B11_628298	1	16831863	17190004	109	-0.4323
CUSKS_p_TCGAb47_SNP_1N_GenomeWideSNP_6_B11_628298	1	17190862	72768936	34225	0.0324
CUSKS_p_TCGAb47_SNP_1N_GenomeWideSNP_6_B11_628298	1	72771143	72811148	44	-1.4303
CUSKS_p_TCGAb47_SNP_1N_GenomeWideSNP_6_B11_628298	1	72811904	110232974	23730	0.0292
CUSKS_p_TCGAb47_SNP_1N_GenomeWideSNP_6_B11_628298	1	110233037	110235032	11	-2.102
CUSKS_p_TCGAb47_SNP_1N_GenomeWideSNP_6_B11_628298	1	110236932	145151728	7380	0.0148
CUSKS_p_TCGAb47_SNP_1N_GenomeWideSNP_6_B11_628298	1	145151959	145152018	3	2.465
CUSKS_p_TCGAb47_SNP_1N_GenomeWideSNP_6_B11_628298	1	145152050	148937905	977	0.017
CUSKS_p_TCGAb47_SNP_1N_GenomeWideSNP_6_B11_628298	1	148947710	149306068	147	-0.6444
CUSKS_p_TCGAb47_SNP_1N_GenomeWideSNP_6_B11_628298	1	149336636	152555527	1522	0.0088
CUSKS_p_TCGAb47_SNP_1N_GenomeWideSNP_6_B11_628298	1	152555706	152586238	31	1.696
CUSKS_p_TCGAb47_SNP_1N_GenomeWideSNP_6_B11_628298	1	152586278	173391895	14386	0.0344
CUSKS_p_TCGAb47_SNP_1N_GenomeWideSNP_6_B11_628298	1	173392024	173394422	2	-3.516
CUSKS_p_TCGAb47_SNP_1N_GenomeWideSNP_6_B11_628298	1	173395511	194196605	13766	0.028
CUSKS_p_TCGAb47_SNP_1N_GenomeWideSNP_6_B11_628298	1	194196784	194199501	2	-3.231
CUSKS_p_TCGAb47_SNP_1N_GenomeWideSNP_6_B11_628298	1	194201122	196738623	1614	0.0506
CUSKS_p_TCGAb47_SNP_1N_GenomeWideSNP_6_B11_628298	1	196738636	196815791	91	-0.4866
CUSKS_p_TCGAb47_SNP_1N_GenomeWideSNP_6_B11_628298	1	196816730	248737447	35776	0.0227
CUSKS_p_TCGAb47_SNP_1N_GenomeWideSNP_6_B11_628298	1	248749194	248797122	32	-0.9679
CUSKS_p_TCGAb47_SNP_1N_GenomeWideSNP_6_B11_628298	1	248797213	249224388	146	-0.0266
CUSKS_p_TCGAb47_SNP_1N_GenomeWideSNP_6_B11_628298	2	12784	34691069	24119	0.0208
CUSKS_p_TCGAb47_SNP_1N_GenomeWideSNP_6_B11_628298	2	34699315	34737057	46	0.8407
CUSKS_p_TCGAb47_SNP_1N_GenomeWideSNP_6_B11_628298	2	34737163	52754468	13048	0.0339
CUSKS_p_TCGAb47_SNP_1N_GenomeWideSNP_6_B11_628298	2	52754480	52781542	39	-2.4233
CUSKS_p_TCGAb47_SNP_1N_GenomeWideSNP_6_B11_628298	2	52787949	53624977	712	0.0454
CUSKS_p_TCGAb47_SNP_1N_GenomeWideSNP_6_B11_628298	2	53628348	53628924	2	-3.018
CUSKS_p_TCGAb47_SNP_1N_GenomeWideSNP_6_B11_628298	2	53629321	53701213	67	0.0682
CUSKS_p_TCGAb47_SNP_1N_GenomeWideSNP_6_B11_628298	2	53702172	53702834	2	-3.7371
CUSKS_p_TCGAb47_SNP_1N_GenomeWideSNP_6_B11_628298	2	53704053	146862085	52858	0.0266
CUSKS_p_TCGAb47_SNP_1N_GenomeWideSNP_6_B11_628298	2	146864404	146866909	23	1.0478
CUSKS_p_TCGAb47_SNP_1N_GenomeWideSNP_6_B11_628298	2	146866934	243089456	59174	0.0249
CUSKS_p_TCGAb47_SNP_1N_GenomeWideSNP_6_B11_628298	3	60345	1942933	1721	0.1037
CUSKS_p_TCGAb47_SNP_1N_GenomeWideSNP_6_B11_628298	3	1946217	1982655	30	-1.0571
CUSKS_p_TCGAb47_SNP_1N_GenomeWideSNP_6_B11_628298	3	1988020	7784626	5124	0.0249
CUSKS_p_TCGAb47_SNP_1N_GenomeWideSNP_6_B11_628298	3	7785526	7786538	2	-3.2235
CUSKS_p_TCGAb47_SNP_1N_GenomeWideSNP_6_B11_628298	3	7786554	24053792	11097	0.0249
CUSKS_p_TCGAb47_SNP_1N_GenomeWideSNP_6_B11_628298	3	24060351	24066929	3	-2.6926
CUSKS_p_TCGAb47_SNP_1N_GenomeWideSNP_6_B11_628298	3	24067969	46793377	15286	0.0248
CUSKS_p_TCGAb47_SNP_1N_GenomeWideSNP_6_B11_628298	3	46801817	46847616	38	-0.9614
CUSKS_p_TCGAb47_SNP_1N_GenomeWideSNP_6_B11_628298	3	46849179	53023211	2499	0.0448
CUSKS_p_TCGAb47_SNP_1N_GenomeWideSNP_6_B11_628298	3	53028375	53039116	37	-0.5544
CUSKS_p_TCGAb47_SNP_1N_GenomeWideSNP_6_B11_628298	3	53039217	68746164	12040	0.0284
CUSKS_p_TCGAb47_SNP_1N_GenomeWideSNP_6_B11_628298	3	68746259	68747413	14	-1.8327
CUSKS_p_TCGAb47_SNP_1N_GenomeWideSNP_6_B11_628298	3	68748758	75549946	4938	0.0254
CUSKS_p_TCGAb47_SNP_1N_GenomeWideSNP_6_B11_628298	3	75560526	75596246	11	-1.6695
CUSKS_p_TCGAb47_SNP_1N_GenomeWideSNP_6_B11_628298	3	75608639	148962268	41774	0.0268
CUSKS_p_TCGAb47_SNP_1N_GenomeWideSNP_6_B11_628298	3	148962605	148971191	33	-0.8628
CUSKS_p_TCGAb47_SNP_1N_GenomeWideSNP_6_B11_628298	3	148971304	162512739	8350	0.017
CUSKS_p_TCGAb47_SNP_1N_GenomeWideSNP_6_B11_628298	3	162513092	162628799	74	0.8376
CUSKS_p_TCGAb47_SNP_1N_GenomeWideSNP_6_B11_628298	3	162628912	192880473	19200	0.0284
CUSKS_p_TCGAb47_SNP_1N_GenomeWideSNP_6_B11_628298	3	192880587	192882903	12	-1.8379
CUSKS_p_TCGAb47_SNP_1N_GenomeWideSNP_6_B11_628298	3	192886435	195256652	1475	0.0097
CUSKS_p_TCGAb47_SNP_1N_GenomeWideSNP_6_B11_628298	3	195259301	195481811	63	0.583
CUSKS_p_TCGAb47_SNP_1N_GenomeWideSNP_6_B11_628298	3	195482370	197869571	1165	0.0232
CUSKS_p_TCGAb47_SNP_1N_GenomeWideSNP_6_B11_628298	3	197895985	197896118	4	-0.9691
CUSKS_p_TCGAb47_SNP_1N_GenomeWideSNP_6_B11_628298	4	12281	4095449	1701	0.0134
CUSKS_p_TCGAb47_SNP_1N_GenomeWideSNP_6_B11_628298	4	4095663	4152760	13	-1.2172
CUSKS_p_TCGAb47_SNP_1N_GenomeWideSNP_6_B11_628298	4	4160063	9446843	3534	0.0138
CUSKS_p_TCGAb47_SNP_1N_GenomeWideSNP_6_B11_628298	4	9449301	9479345	13	-0.9561
CUSKS_p_TCGAb47_SNP_1N_GenomeWideSNP_6_B11_628298	4	9486087	10210390	546	0.0073
CUSKS_p_TCGAb47_SNP_1N_GenomeWideSNP_6_B11_628298	4	10223416	10231498	28	-1.8635
CUSKS_p_TCGAb47_SNP_1N_GenomeWideSNP_6_B11_628298	4	10234214	34778975	17003	0.0233
CUSKS_p_TCGAb47_SNP_1N_GenomeWideSNP_6_B11_628298	4	34779004	34835562	50	0.74
CUSKS_p_TCGAb47_SNP_1N_GenomeWideSNP_6_B11_628298	4	34838992	40700573	3883	0.0264
CUSKS_p_TCGAb47_SNP_1N_GenomeWideSNP_6_B11_628298	4	40704011	40704192	3	-3.1981
CUSKS_p_TCGAb47_SNP_1N_GenomeWideSNP_6_B11_628298	4	40704687	63667834	12139	0.0266
CUSKS_p_TCGAb47_SNP_1N_GenomeWideSNP_6_B11_628298	4	63669936	63671662	8	-1.8018
CUSKS_p_TCGAb47_SNP_1N_GenomeWideSNP_6_B11_628298	4	63679630	70121263	3858	0.0479
CUSKS_p_TCGAb47_SNP_1N_GenomeWideSNP_6_B11_628298	4	70123510	70228624	51	-0.7315
CUSKS_p_TCGAb47_SNP_1N_GenomeWideSNP_6_B11_628298	4	70228656	190189043	74330	0.0239
CUSKS_p_TCGAb47_SNP_1N_GenomeWideSNP_6_B11_628298	4	190195118	190199264	4	-2.9848
CUSKS_p_TCGAb47_SNP_1N_GenomeWideSNP_6_B11_628298	4	190199771	191027923	385	-0.0292
CUSKS_p_TCGAb47_SNP_1N_GenomeWideSNP_6_B11_628298	5	15532	1262613	537	-0.044
CUSKS_p_TCGAb47_SNP_1N_GenomeWideSNP_6_B11_628298	5	1262663	1262893	5	-2.0606
CUSKS_p_TCGAb47_SNP_1N_GenomeWideSNP_6_B11_628298	5	1267317	9898962	7501	0.0296
CUSKS_p_TCGAb47_SNP_1N_GenomeWideSNP_6_B11_628298	5	9901952	9924497	32	-1.052
CUSKS_p_TCGAb47_SNP_1N_GenomeWideSNP_6_B11_628298	5	9926411	178283410	103668	0.0229
CUSKS_p_TCGAb47_SNP_1N_GenomeWideSNP_6_B11_628298	5	178289336	178291123	2	-4.0584
CUSKS_p_TCGAb47_SNP_1N_GenomeWideSNP_6_B11_628298	5	178291479	180378888	1239	0.01
CUSKS_p_TCGAb47_SNP_1N_GenomeWideSNP_6_B11_628298	5	180380203	180418103	17	0.7431
CUSKS_p_TCGAb47_SNP_1N_GenomeWideSNP_6_B11_628298	5	180433225	180790320	170	0.037
CUSKS_p_TCGAb47_SNP_1N_GenomeWideSNP_6_B11_628298	6	149661	32481987	22969	0.0264
CUSKS_p_TCGAb47_SNP_1N_GenomeWideSNP_6_B11_628298	6	32482969	32561295	21	1.4658
CUSKS_p_TCGAb47_SNP_1N_GenomeWideSNP_6_B11_628298	6	32570046	53925204	13783	0.0286
CUSKS_p_TCGAb47_SNP_1N_GenomeWideSNP_6_B11_628298	6	53931067	53935348	10	-1.209
CUSKS_p_TCGAb47_SNP_1N_GenomeWideSNP_6_B11_628298	6	53935415	66388951	5053	0.0373
CUSKS_p_TCGAb47_SNP_1N_GenomeWideSNP_6_B11_628298	6	66389091	66403852	28	-0.9303
CUSKS_p_TCGAb47_SNP_1N_GenomeWideSNP_6_B11_628298	6	66407127	78962874	8223	0.03
CUSKS_p_TCGAb47_SNP_1N_GenomeWideSNP_6_B11_628298	6	78962889	79035185	114	-0.6886
CUSKS_p_TCGAb47_SNP_1N_GenomeWideSNP_6_B11_628298	6	79039234	81277986	1430	0.0546
CUSKS_p_TCGAb47_SNP_1N_GenomeWideSNP_6_B11_628298	6	81277987	81298477	41	-0.8698
CUSKS_p_TCGAb47_SNP_1N_GenomeWideSNP_6_B11_628298	6	81298477	103734174	14022	0.0242
CUSKS_p_TCGAb47_SNP_1N_GenomeWideSNP_6_B11_628298	6	103734645	103762061	51	0.7796
CUSKS_p_TCGAb47_SNP_1N_GenomeWideSNP_6_B11_628298	6	103765470	124431774	12707	0.0114
CUSKS_p_TCGAb47_SNP_1N_GenomeWideSNP_6_B11_628298	6	124435941	124470365	20	0.8626
CUSKS_p_TCGAb47_SNP_1N_GenomeWideSNP_6_B11_628298	6	124470761	171051005	31540	0.014
CUSKS_p_TCGAb47_SNP_1N_GenomeWideSNP_6_B11_628298	7	43355	10775413	6616	0.0244
CUSKS_p_TCGAb47_SNP_1N_GenomeWideSNP_6_B11_628298	7	10780491	10806108	14	-1.2611
CUSKS_p_TCGAb47_SNP_1N_GenomeWideSNP_6_B11_628298	7	10807685	42109633	23458	0.0194
CUSKS_p_TCGAb47_SNP_1N_GenomeWideSNP_6_B11_628298	7	42113926	42114395	2	-3.9029
CUSKS_p_TCGAb47_SNP_1N_GenomeWideSNP_6_B11_628298	7	42114592	97385970	30678	0.0171
CUSKS_p_TCGAb47_SNP_1N_GenomeWideSNP_6_B11_628298	7	97395460	97402475	16	-2.108
CUSKS_p_TCGAb47_SNP_1N_GenomeWideSNP_6_B11_628298	7	97404240	141787273	26702	0.0198
CUSKS_p_TCGAb47_SNP_1N_GenomeWideSNP_6_B11_628298	7	141787310	141787973	7	-1.8894
CUSKS_p_TCGAb47_SNP_1N_GenomeWideSNP_6_B11_628298	7	141788003	158117595	10426	0.0107
CUSKS_p_TCGAb47_SNP_1N_GenomeWideSNP_6_B11_628298	7	158128588	158132165	2	2.8913
CUSKS_p_TCGAb47_SNP_1N_GenomeWideSNP_6_B11_628298	7	158136986	159127004	639	0.0199
CUSKS_p_TCGAb47_SNP_1N_GenomeWideSNP_6_B11_628298	8	31254	2232058	1642	0.0192
CUSKS_p_TCGAb47_SNP_1N_GenomeWideSNP_6_B11_628298	8	2232901	2259358	21	-0.9536
CUSKS_p_TCGAb47_SNP_1N_GenomeWideSNP_6_B11_628298	8	2270328	7738435	6311	0.0432
CUSKS_p_TCGAb47_SNP_1N_GenomeWideSNP_6_B11_628298	8	7744064	7747699	5	-2.1366
CUSKS_p_TCGAb47_SNP_1N_GenomeWideSNP_6_B11_628298	8	7752048	115634653	66915	0.0218
CUSKS_p_TCGAb47_SNP_1N_GenomeWideSNP_6_B11_628298	8	115634667	115641731	32	-2.2095
CUSKS_p_TCGAb47_SNP_1N_GenomeWideSNP_6_B11_628298	8	115650697	146298155	21077	0.0168
CUSKS_p_TCGAb47_SNP_1N_GenomeWideSNP_6_B11_628298	9	46587	23361805	20476	0.0321
CUSKS_p_TCGAb47_SNP_1N_GenomeWideSNP_6_B11_628298	9	23363115	23373484	8	-2.7557
CUSKS_p_TCGAb47_SNP_1N_GenomeWideSNP_6_B11_628298	9	23378488	41692510	10885	0.0302
CUSKS_p_TCGAb47_SNP_1N_GenomeWideSNP_6_B11_628298	9	41733629	41897112	6	-1.9951
CUSKS_p_TCGAb47_SNP_1N_GenomeWideSNP_6_B11_628298	9	41943711	43602726	43	-0.4583
CUSKS_p_TCGAb47_SNP_1N_GenomeWideSNP_6_B11_628298	9	43612162	44837527	110	0.479
CUSKS_p_TCGAb47_SNP_1N_GenomeWideSNP_6_B11_628298	9	44840918	68183981	157	-0.2591
CUSKS_p_TCGAb47_SNP_1N_GenomeWideSNP_6_B11_628298	9	68186051	68186057	4	3.3229
CUSKS_p_TCGAb47_SNP_1N_GenomeWideSNP_6_B11_628298	9	68186059	141091394	48261	0.0268
CUSKS_p_TCGAb47_SNP_1N_GenomeWideSNP_6_B11_628298	10	72759	24375263	19254	0.0234
CUSKS_p_TCGAb47_SNP_1N_GenomeWideSNP_6_B11_628298	10	24377674	24378054	11	-2.0588
CUSKS_p_TCGAb47_SNP_1N_GenomeWideSNP_6_B11_628298	10	24378908	55710420	17376	0.014
CUSKS_p_TCGAb47_SNP_1N_GenomeWideSNP_6_B11_628298	10	55712145	55716794	2	-2.7526
CUSKS_p_TCGAb47_SNP_1N_GenomeWideSNP_6_B11_628298	10	55717494	57180153	1041	0.0495
CUSKS_p_TCGAb47_SNP_1N_GenomeWideSNP_6_B11_628298	10	57180241	57180317	3	-2.7341
CUSKS_p_TCGAb47_SNP_1N_GenomeWideSNP_6_B11_628298	10	57180321	132369266	51516	0.0262
CUSKS_p_TCGAb47_SNP_1N_GenomeWideSNP_6_B11_628298	10	132372294	132372664	2	-3.7056
CUSKS_p_TCGAb47_SNP_1N_GenomeWideSNP_6_B11_628298	10	132373205	135506704	1912	0.0039
CUSKS_p_TCGAb47_SNP_1N_GenomeWideSNP_6_B11_628298	11	198510	4967650	2479	0.0135
CUSKS_p_TCGAb47_SNP_1N_GenomeWideSNP_6_B11_628298	11	4968117	4976257	30	0.9361
CUSKS_p_TCGAb47_SNP_1N_GenomeWideSNP_6_B11_628298	11	4976272	5787405	799	0.0229
CUSKS_p_TCGAb47_SNP_1N_GenomeWideSNP_6_B11_628298	11	5788080	5809139	32	-0.8695
CUSKS_p_TCGAb47_SNP_1N_GenomeWideSNP_6_B11_628298	11	5809338	6116105	244	0.0292
CUSKS_p_TCGAb47_SNP_1N_GenomeWideSNP_6_B11_628298	11	6116843	6122094	5	-1.9168
CUSKS_p_TCGAb47_SNP_1N_GenomeWideSNP_6_B11_628298	11	6122503	11301175	3691	0.0241
CUSKS_p_TCGAb47_SNP_1N_GenomeWideSNP_6_B11_628298	11	11301267	11301809	2	-2.8507
CUSKS_p_TCGAb47_SNP_1N_GenomeWideSNP_6_B11_628298	11	11301864	18940870	5487	0.0143
CUSKS_p_TCGAb47_SNP_1N_GenomeWideSNP_6_B11_628298	11	18949072	18960115	36	0.9819
CUSKS_p_TCGAb47_SNP_1N_GenomeWideSNP_6_B11_628298	11	18960750	49708375	21093	0.0317
CUSKS_p_TCGAb47_SNP_1N_GenomeWideSNP_6_B11_628298	11	49710861	49757767	20	-0.7488
CUSKS_p_TCGAb47_SNP_1N_GenomeWideSNP_6_B11_628298	11	49758273	79967513	14122	0.0316
CUSKS_p_TCGAb47_SNP_1N_GenomeWideSNP_6_B11_628298	11	79967548	79967564	2	-3.8948
CUSKS_p_TCGAb47_SNP_1N_GenomeWideSNP_6_B11_628298	11	79967686	134142634	38510	0.0317
CUSKS_p_TCGAb47_SNP_1N_GenomeWideSNP_6_B11_628298	11	134145611	134210862	39	-0.8823
CUSKS_p_TCGAb47_SNP_1N_GenomeWideSNP_6_B11_628298	11	134216865	134944770	593	-0.0188
CUSKS_p_TCGAb47_SNP_1N_GenomeWideSNP_6_B11_628298	12	150442	9633870	6207	0.0235
CUSKS_p_TCGAb47_SNP_1N_GenomeWideSNP_6_B11_628298	12	9637909	9734969	25	-2.0922
CUSKS_p_TCGAb47_SNP_1N_GenomeWideSNP_6_B11_628298	12	9734970	11219423	1042	0.0446
CUSKS_p_TCGAb47_SNP_1N_GenomeWideSNP_6_B11_628298	12	11220724	11241532	12	-1.9139
CUSKS_p_TCGAb47_SNP_1N_GenomeWideSNP_6_B11_628298	12	11251874	133778189	77813	0.0253
CUSKS_p_TCGAb47_SNP_1N_GenomeWideSNP_6_B11_628298	13	19026949	23632860	2900	0.013
CUSKS_p_TCGAb47_SNP_1N_GenomeWideSNP_6_B11_628298	13	23632876	23633515	10	-3.1464
CUSKS_p_TCGAb47_SNP_1N_GenomeWideSNP_6_B11_628298	13	23638195	38071135	10661	0.0269
CUSKS_p_TCGAb47_SNP_1N_GenomeWideSNP_6_B11_628298	13	38072036	38084757	16	1.0981
CUSKS_p_TCGAb47_SNP_1N_GenomeWideSNP_6_B11_628298	13	38088330	57749776	12545	0.0355
CUSKS_p_TCGAb47_SNP_1N_GenomeWideSNP_6_B11_628298	13	57750953	57778380	36	-0.8888
CUSKS_p_TCGAb47_SNP_1N_GenomeWideSNP_6_B11_628298	13	57789714	115108397	38174	0.0305
CUSKS_p_TCGAb47_SNP_1N_GenomeWideSNP_6_B11_628298	14	19002124	106796697	55308	0.0289
CUSKS_p_TCGAb47_SNP_1N_GenomeWideSNP_6_B11_628298	14	106801355	106802053	4	-2.3209
CUSKS_p_TCGAb47_SNP_1N_GenomeWideSNP_6_B11_628298	14	106815943	107285437	308	0.0955
CUSKS_p_TCGAb47_SNP_1N_GenomeWideSNP_6_B11_628298	15	20016328	76878362	34366	0.0242
CUSKS_p_TCGAb47_SNP_1N_GenomeWideSNP_6_B11_628298	15	76891241	76895775	22	1.0789
CUSKS_p_TCGAb47_SNP_1N_GenomeWideSNP_6_B11_628298	15	76902179	102469040	17688	0.0231
CUSKS_p_TCGAb47_SNP_1N_GenomeWideSNP_6_B11_628298	16	60777	15048844	11136	0.0268
CUSKS_p_TCGAb47_SNP_1N_GenomeWideSNP_6_B11_628298	16	15048860	15094442	54	-0.553
CUSKS_p_TCGAb47_SNP_1N_GenomeWideSNP_6_B11_628298	16	15094586	19944363	2338	-0.0246
CUSKS_p_TCGAb47_SNP_1N_GenomeWideSNP_6_B11_628298	16	19945650	19970490	31	-0.8863
CUSKS_p_TCGAb47_SNP_1N_GenomeWideSNP_6_B11_628298	16	19970818	34471492	6993	0.0229
CUSKS_p_TCGAb47_SNP_1N_GenomeWideSNP_6_B11_628298	16	34471520	34757071	164	0.5503
CUSKS_p_TCGAb47_SNP_1N_GenomeWideSNP_6_B11_628298	16	34760967	79391886	22401	0.0351
CUSKS_p_TCGAb47_SNP_1N_GenomeWideSNP_6_B11_628298	16	79392691	79392885	2	-3.2936
CUSKS_p_TCGAb47_SNP_1N_GenomeWideSNP_6_B11_628298	16	79393107	85738523	6352	0.013
CUSKS_p_TCGAb47_SNP_1N_GenomeWideSNP_6_B11_628298	16	85739249	85740708	2	-2.8884
CUSKS_p_TCGAb47_SNP_1N_GenomeWideSNP_6_B11_628298	16	85740750	90287535	2964	0.0271
CUSKS_p_TCGAb47_SNP_1N_GenomeWideSNP_6_B11_628298	17	526	44364170	23633	0.0229
CUSKS_p_TCGAb47_SNP_1N_GenomeWideSNP_6_B11_628298	17	44394412	44752033	46	1.0117
CUSKS_p_TCGAb47_SNP_1N_GenomeWideSNP_6_B11_628298	17	44752283	81049726	21630	0.0354
CUSKS_p_TCGAb47_SNP_1N_GenomeWideSNP_6_B11_628298	18	11543	26193428	15116	0.0191
CUSKS_p_TCGAb47_SNP_1N_GenomeWideSNP_6_B11_628298	18	26193536	26195767	2	-3.8885
CUSKS_p_TCGAb47_SNP_1N_GenomeWideSNP_6_B11_628298	18	26196112	78015057	35715	0.0259
CUSKS_p_TCGAb47_SNP_1N_GenomeWideSNP_6_B11_628298	19	90910	47856336	22819	0.039
CUSKS_p_TCGAb47_SNP_1N_GenomeWideSNP_6_B11_628298	19	47859557	47864256	3	-2.9424
CUSKS_p_TCGAb47_SNP_1N_GenomeWideSNP_6_B11_628298	19	47864270	49196722	733	0.0778
CUSKS_p_TCGAb47_SNP_1N_GenomeWideSNP_6_B11_628298	19	49200838	49201461	2	-3.0459
CUSKS_p_TCGAb47_SNP_1N_GenomeWideSNP_6_B11_628298	19	49203909	56282369	3950	0.0321
CUSKS_p_TCGAb47_SNP_1N_GenomeWideSNP_6_B11_628298	19	56282535	56283067	3	-3.3689
CUSKS_p_TCGAb47_SNP_1N_GenomeWideSNP_6_B11_628298	19	56286293	59097854	1850	0.062
CUSKS_p_TCGAb47_SNP_1N_GenomeWideSNP_6_B11_628298	20	61305	1560951	1205	0.0378
CUSKS_p_TCGAb47_SNP_1N_GenomeWideSNP_6_B11_628298	20	1560999	1582207	37	1.8075
CUSKS_p_TCGAb47_SNP_1N_GenomeWideSNP_6_B11_628298	20	1590257	62956153	41267	0.0274
CUSKS_p_TCGAb47_SNP_1N_GenomeWideSNP_6_B11_628298	21	10736871	48096957	24420	0.0215
CUSKS_p_TCGAb47_SNP_1N_GenomeWideSNP_6_B11_628298	22	16052528	24344422	4620	0.011
CUSKS_p_TCGAb47_SNP_1N_GenomeWideSNP_6_B11_628298	22	24350529	24396814	19	-2.3428
CUSKS_p_TCGAb47_SNP_1N_GenomeWideSNP_6_B11_628298	22	24401529	49268700	17690	0.0293
CUSKS_p_TCGAb47_SNP_1N_GenomeWideSNP_6_B11_628298	22	49269923	49270542	2	-3.2957
CUSKS_p_TCGAb47_SNP_1N_GenomeWideSNP_6_B11_628298	22	49273291	51234455	1233	-5e-04
CUSKS_p_TCGAb47_SNP_1N_GenomeWideSNP_6_B11_628298	X	168477	155182354	84617	0.0289
CUSKS_p_TCGAb47_SNP_1N_GenomeWideSNP_6_B11_628298	Y	2650438	5944602	803	-2.7255
CUSKS_p_TCGAb47_SNP_1N_GenomeWideSNP_6_B11_628298	Y	5944603	6110498	69	-3.1735
CUSKS_p_TCGAb47_SNP_1N_GenomeWideSNP_6_B11_628298	Y	6112554	6296423	83	-4.6915
CUSKS_p_TCGAb47_SNP_1N_GenomeWideSNP_6_B11_628298	Y	6299046	9168140	1489	-3.4231
CUSKS_p_TCGAb47_SNP_1N_GenomeWideSNP_6_B11_628298	Y	9170545	9391884	25	-5.361
CUSKS_p_TCGAb47_SNP_1N_GenomeWideSNP_6_B11_628298	Y	9392195	9759564	154	-3.7498
CUSKS_p_TCGAb47_SNP_1N_GenomeWideSNP_6_B11_628298	Y	9774614	15590276	950	-3.2118
CUSKS_p_TCGAb47_SNP_1N_GenomeWideSNP_6_B11_628298	Y	15590342	15594523	3	-7.8202
CUSKS_p_TCGAb47_SNP_1N_GenomeWideSNP_6_B11_628298	Y	15594889	18271243	1435	-3.3144
CUSKS_p_TCGAb47_SNP_1N_GenomeWideSNP_6_B11_628298	Y	18274055	18521128	93	-3.9785
CUSKS_p_TCGAb47_SNP_1N_GenomeWideSNP_6_B11_628298	Y	18527721	18544566	8	-5.2988
CUSKS_p_TCGAb47_SNP_1N_GenomeWideSNP_6_B11_628298	Y	18546247	19165254	343	-3.1977
CUSKS_p_TCGAb47_SNP_1N_GenomeWideSNP_6_B11_628298	Y	19166861	19179540	8	-6.1926
CUSKS_p_TCGAb47_SNP_1N_GenomeWideSNP_6_B11_628298	Y	19182271	19570632	194	-3.2791
CUSKS_p_TCGAb47_SNP_1N_GenomeWideSNP_6_B11_628298	Y	19571480	21024613	672	-4.2137
CUSKS_p_TCGAb47_SNP_1N_GenomeWideSNP_6_B11_628298	Y	21025062	23884367	1094	-3.4112
CUSKS_p_TCGAb47_SNP_1N_GenomeWideSNP_6_B11_628298	Y	23886358	26630929	590	-4.0386
CUSKS_p_TCGAb47_SNP_1N_GenomeWideSNP_6_B11_628298	Y	26631228	27274970	82	-4.9349
CUSKS_p_TCGAb47_SNP_1N_GenomeWideSNP_6_B11_628298	Y	27298371	28277692	290	-3.8049
CUSKS_p_TCGAb47_SNP_1N_GenomeWideSNP_6_B11_628298	Y	28289727	28322019	13	-6.414
CUSKS_p_TCGAb47_SNP_1N_GenomeWideSNP_6_B11_628298	Y	28322083	28423938	43	-3.9089
CUSKS_p_TCGAb47_SNP_1N_GenomeWideSNP_6_B11_628298	Y	28438116	59018259	183	-3.0602
