Sample	Chromosome	Start	End	Num_Probes	Segment_Mean
CUSKS_p_TCGAb47_SNP_1N_GenomeWideSNP_6_A03_628284	1	61735	25583291	14171	-0.1688
CUSKS_p_TCGAb47_SNP_1N_GenomeWideSNP_6_A03_628284	1	25583341	25646744	27	0.6602
CUSKS_p_TCGAb47_SNP_1N_GenomeWideSNP_6_A03_628284	1	25646946	46635209	11389	-0.1866
CUSKS_p_TCGAb47_SNP_1N_GenomeWideSNP_6_A03_628284	1	46646690	46647900	2	-2.3508
CUSKS_p_TCGAb47_SNP_1N_GenomeWideSNP_6_A03_628284	1	46648892	76050844	19456	-0.1806
CUSKS_p_TCGAb47_SNP_1N_GenomeWideSNP_6_A03_628284	1	76054763	76054854	2	-3.1474
CUSKS_p_TCGAb47_SNP_1N_GenomeWideSNP_6_A03_628284	1	76059509	104158309	18161	-0.2079
CUSKS_p_TCGAb47_SNP_1N_GenomeWideSNP_6_A03_628284	1	104159347	104163499	3	-2.2094
CUSKS_p_TCGAb47_SNP_1N_GenomeWideSNP_6_A03_628284	1	104163787	106012754	945	-0.2013
CUSKS_p_TCGAb47_SNP_1N_GenomeWideSNP_6_A03_628284	1	106013376	106022375	18	-1.0641
CUSKS_p_TCGAb47_SNP_1N_GenomeWideSNP_6_A03_628284	1	106024055	145287647	10126	-0.1919
CUSKS_p_TCGAb47_SNP_1N_GenomeWideSNP_6_A03_628284	1	145287875	152555527	2589	0.1174
CUSKS_p_TCGAb47_SNP_1N_GenomeWideSNP_6_A03_628284	1	152555706	152586594	35	-2.0023
CUSKS_p_TCGAb47_SNP_1N_GenomeWideSNP_6_A03_628284	1	152590494	152756308	164	0.1432
CUSKS_p_TCGAb47_SNP_1N_GenomeWideSNP_6_A03_628284	1	152756410	152778526	47	0.5126
CUSKS_p_TCGAb47_SNP_1N_GenomeWideSNP_6_A03_628284	1	152778558	161749841	5421	0.0947
CUSKS_p_TCGAb47_SNP_1N_GenomeWideSNP_6_A03_628284	1	161756947	161765698	5	-0.6567
CUSKS_p_TCGAb47_SNP_1N_GenomeWideSNP_6_A03_628284	1	161765884	162015740	188	-0.2103
CUSKS_p_TCGAb47_SNP_1N_GenomeWideSNP_6_A03_628284	1	162015874	162019541	2	-0.998
CUSKS_p_TCGAb47_SNP_1N_GenomeWideSNP_6_A03_628284	1	162020219	195642916	23225	0.3082
CUSKS_p_TCGAb47_SNP_1N_GenomeWideSNP_6_A03_628284	1	195644629	195647048	2	-1.962
CUSKS_p_TCGAb47_SNP_1N_GenomeWideSNP_6_A03_628284	1	195649242	210071062	9642	0.3877
CUSKS_p_TCGAb47_SNP_1N_GenomeWideSNP_6_A03_628284	1	210081613	210083984	3	-2.5803
CUSKS_p_TCGAb47_SNP_1N_GenomeWideSNP_6_A03_628284	1	210086552	249224388	27147	0.3875
CUSKS_p_TCGAb47_SNP_1N_GenomeWideSNP_6_A03_628284	2	12784	8130885	6308	0.1164
CUSKS_p_TCGAb47_SNP_1N_GenomeWideSNP_6_A03_628284	2	8131580	8136044	6	-6.8333
CUSKS_p_TCGAb47_SNP_1N_GenomeWideSNP_6_A03_628284	2	8136618	9513139	983	0.0972
CUSKS_p_TCGAb47_SNP_1N_GenomeWideSNP_6_A03_628284	2	9513850	24471161	10571	-0.6534
CUSKS_p_TCGAb47_SNP_1N_GenomeWideSNP_6_A03_628284	2	24472874	24512917	20	0.2284
CUSKS_p_TCGAb47_SNP_1N_GenomeWideSNP_6_A03_628284	2	24513610	25229386	391	-0.6368
CUSKS_p_TCGAb47_SNP_1N_GenomeWideSNP_6_A03_628284	2	25230413	31849768	4027	-0.0218
CUSKS_p_TCGAb47_SNP_1N_GenomeWideSNP_6_A03_628284	2	31852977	34029827	1249	-0.6315
CUSKS_p_TCGAb47_SNP_1N_GenomeWideSNP_6_A03_628284	2	34035466	34691069	552	0.0034
CUSKS_p_TCGAb47_SNP_1N_GenomeWideSNP_6_A03_628284	2	34699315	34701735	6	1.0473
CUSKS_p_TCGAb47_SNP_1N_GenomeWideSNP_6_A03_628284	2	34708632	34711390	9	0.0985
CUSKS_p_TCGAb47_SNP_1N_GenomeWideSNP_6_A03_628284	2	34711474	34737057	31	0.9562
CUSKS_p_TCGAb47_SNP_1N_GenomeWideSNP_6_A03_628284	2	34737163	35909573	843	-0.036
CUSKS_p_TCGAb47_SNP_1N_GenomeWideSNP_6_A03_628284	2	35925531	47714677	8791	-0.6637
CUSKS_p_TCGAb47_SNP_1N_GenomeWideSNP_6_A03_628284	2	47720420	49161556	839	-0.0426
CUSKS_p_TCGAb47_SNP_1N_GenomeWideSNP_6_A03_628284	2	49165092	49447224	218	-0.6548
CUSKS_p_TCGAb47_SNP_1N_GenomeWideSNP_6_A03_628284	2	49447719	49498378	40	-0.1149
CUSKS_p_TCGAb47_SNP_1N_GenomeWideSNP_6_A03_628284	2	49500895	52754881	2317	-0.6712
CUSKS_p_TCGAb47_SNP_1N_GenomeWideSNP_6_A03_628284	2	52758753	52781542	33	0.1313
CUSKS_p_TCGAb47_SNP_1N_GenomeWideSNP_6_A03_628284	2	52787949	58079843	3814	-0.6671
CUSKS_p_TCGAb47_SNP_1N_GenomeWideSNP_6_A03_628284	2	58083240	62118330	2494	-0.0244
CUSKS_p_TCGAb47_SNP_1N_GenomeWideSNP_6_A03_628284	2	62120305	62128711	3	-1.4896
CUSKS_p_TCGAb47_SNP_1N_GenomeWideSNP_6_A03_628284	2	62130287	64198873	965	-0.014
CUSKS_p_TCGAb47_SNP_1N_GenomeWideSNP_6_A03_628284	2	64211132	65448484	821	-0.6993
CUSKS_p_TCGAb47_SNP_1N_GenomeWideSNP_6_A03_628284	2	65454120	98118212	15985	-0.0281
CUSKS_p_TCGAb47_SNP_1N_GenomeWideSNP_6_A03_628284	2	98140747	98161710	8	1.393
CUSKS_p_TCGAb47_SNP_1N_GenomeWideSNP_6_A03_628284	2	98162189	146862085	29553	-0.0317
CUSKS_p_TCGAb47_SNP_1N_GenomeWideSNP_6_A03_628284	2	146864404	146866934	24	0.7003
CUSKS_p_TCGAb47_SNP_1N_GenomeWideSNP_6_A03_628284	2	146877806	184793851	23318	-0.0494
CUSKS_p_TCGAb47_SNP_1N_GenomeWideSNP_6_A03_628284	2	184794400	184802441	17	-1.1835
CUSKS_p_TCGAb47_SNP_1N_GenomeWideSNP_6_A03_628284	2	184808589	194687745	5577	-0.0681
CUSKS_p_TCGAb47_SNP_1N_GenomeWideSNP_6_A03_628284	2	194690304	194693798	2	2.2751
CUSKS_p_TCGAb47_SNP_1N_GenomeWideSNP_6_A03_628284	2	194702314	203637314	5107	-0.0676
CUSKS_p_TCGAb47_SNP_1N_GenomeWideSNP_6_A03_628284	2	203637722	203641552	2	-2.3638
CUSKS_p_TCGAb47_SNP_1N_GenomeWideSNP_6_A03_628284	2	203641759	243089456	25167	-0.0338
CUSKS_p_TCGAb47_SNP_1N_GenomeWideSNP_6_A03_628284	3	60345	6651211	5852	0.115
CUSKS_p_TCGAb47_SNP_1N_GenomeWideSNP_6_A03_628284	3	6651237	6653114	17	-0.7494
CUSKS_p_TCGAb47_SNP_1N_GenomeWideSNP_6_A03_628284	3	6653148	129786739	76807	0.132
CUSKS_p_TCGAb47_SNP_1N_GenomeWideSNP_6_A03_628284	3	129786753	129799597	39	0.7734
CUSKS_p_TCGAb47_SNP_1N_GenomeWideSNP_6_A03_628284	3	129799667	144605372	9240	0.1387
CUSKS_p_TCGAb47_SNP_1N_GenomeWideSNP_6_A03_628284	3	144606130	144610813	2	-2.2211
CUSKS_p_TCGAb47_SNP_1N_GenomeWideSNP_6_A03_628284	3	144611556	162540490	11086	0.1127
CUSKS_p_TCGAb47_SNP_1N_GenomeWideSNP_6_A03_628284	3	162545716	162625995	48	-0.348
CUSKS_p_TCGAb47_SNP_1N_GenomeWideSNP_6_A03_628284	3	162626572	189383430	16730	0.112
CUSKS_p_TCGAb47_SNP_1N_GenomeWideSNP_6_A03_628284	3	189394136	189394490	2	-1.9147
CUSKS_p_TCGAb47_SNP_1N_GenomeWideSNP_6_A03_628284	3	189398105	192877902	2477	0.1294
CUSKS_p_TCGAb47_SNP_1N_GenomeWideSNP_6_A03_628284	3	192877962	192882903	19	-1.3739
CUSKS_p_TCGAb47_SNP_1N_GenomeWideSNP_6_A03_628284	3	192886435	197833719	2666	0.1435
CUSKS_p_TCGAb47_SNP_1N_GenomeWideSNP_6_A03_628284	3	197833745	197833758	2	-2.1369
CUSKS_p_TCGAb47_SNP_1N_GenomeWideSNP_6_A03_628284	3	197833798	197896118	40	0.1601
CUSKS_p_TCGAb47_SNP_1N_GenomeWideSNP_6_A03_628284	4	12281	6738883	3807	-0.1771
CUSKS_p_TCGAb47_SNP_1N_GenomeWideSNP_6_A03_628284	4	6741564	6745008	3	-2.0937
CUSKS_p_TCGAb47_SNP_1N_GenomeWideSNP_6_A03_628284	4	6747880	10228927	2007	-0.1826
CUSKS_p_TCGAb47_SNP_1N_GenomeWideSNP_6_A03_628284	4	10229117	10231498	20	-2.3328
CUSKS_p_TCGAb47_SNP_1N_GenomeWideSNP_6_A03_628284	4	10234214	55668740	28170	-0.2035
CUSKS_p_TCGAb47_SNP_1N_GenomeWideSNP_6_A03_628284	4	55669590	58167508	1537	0.1744
CUSKS_p_TCGAb47_SNP_1N_GenomeWideSNP_6_A03_628284	4	58171142	60940192	1803	0.5391
CUSKS_p_TCGAb47_SNP_1N_GenomeWideSNP_6_A03_628284	4	60943264	61050409	56	-0.234
CUSKS_p_TCGAb47_SNP_1N_GenomeWideSNP_6_A03_628284	4	61051479	61165804	67	0.4318
CUSKS_p_TCGAb47_SNP_1N_GenomeWideSNP_6_A03_628284	4	61165861	63276656	1227	-0.1459
CUSKS_p_TCGAb47_SNP_1N_GenomeWideSNP_6_A03_628284	4	63279362	63667834	224	0.4611
CUSKS_p_TCGAb47_SNP_1N_GenomeWideSNP_6_A03_628284	4	63669936	63671662	8	-0.4596
CUSKS_p_TCGAb47_SNP_1N_GenomeWideSNP_6_A03_628284	4	63679630	64174876	259	0.5978
CUSKS_p_TCGAb47_SNP_1N_GenomeWideSNP_6_A03_628284	4	64176453	64697469	298	-0.287
CUSKS_p_TCGAb47_SNP_1N_GenomeWideSNP_6_A03_628284	4	64697517	64708258	28	0.341
CUSKS_p_TCGAb47_SNP_1N_GenomeWideSNP_6_A03_628284	4	64716431	69220383	2852	-0.2688
CUSKS_p_TCGAb47_SNP_1N_GenomeWideSNP_6_A03_628284	4	69226848	69284591	12	0.4269
CUSKS_p_TCGAb47_SNP_1N_GenomeWideSNP_6_A03_628284	4	69288138	69288142	3	-2.4218
CUSKS_p_TCGAb47_SNP_1N_GenomeWideSNP_6_A03_628284	4	69294799	69344612	12	-0.4467
CUSKS_p_TCGAb47_SNP_1N_GenomeWideSNP_6_A03_628284	4	69360488	69521409	73	0.156
CUSKS_p_TCGAb47_SNP_1N_GenomeWideSNP_6_A03_628284	4	69528959	70132370	332	-0.3803
CUSKS_p_TCGAb47_SNP_1N_GenomeWideSNP_6_A03_628284	4	70134680	70231799	46	-1.2298
CUSKS_p_TCGAb47_SNP_1N_GenomeWideSNP_6_A03_628284	4	70232022	92470003	13855	-0.2401
CUSKS_p_TCGAb47_SNP_1N_GenomeWideSNP_6_A03_628284	4	92473314	92478321	6	-1.8899
CUSKS_p_TCGAb47_SNP_1N_GenomeWideSNP_6_A03_628284	4	92481361	125303951	19564	-0.2313
CUSKS_p_TCGAb47_SNP_1N_GenomeWideSNP_6_A03_628284	4	125305626	125318289	6	-1.9768
CUSKS_p_TCGAb47_SNP_1N_GenomeWideSNP_6_A03_628284	4	125318298	172369346	28744	-0.1832
CUSKS_p_TCGAb47_SNP_1N_GenomeWideSNP_6_A03_628284	4	172374884	172377710	10	1.5862
CUSKS_p_TCGAb47_SNP_1N_GenomeWideSNP_6_A03_628284	4	172377724	173428471	648	-0.1967
CUSKS_p_TCGAb47_SNP_1N_GenomeWideSNP_6_A03_628284	4	173428588	173428643	2	-1.9035
CUSKS_p_TCGAb47_SNP_1N_GenomeWideSNP_6_A03_628284	4	173441132	173967771	280	-0.1608
CUSKS_p_TCGAb47_SNP_1N_GenomeWideSNP_6_A03_628284	4	173970208	191027923	11608	-0.6633
CUSKS_p_TCGAb47_SNP_1N_GenomeWideSNP_6_A03_628284	5	15532	1262613	537	0.0587
CUSKS_p_TCGAb47_SNP_1N_GenomeWideSNP_6_A03_628284	5	1262663	1262764	3	-2.1819
CUSKS_p_TCGAb47_SNP_1N_GenomeWideSNP_6_A03_628284	5	1262816	6166973	4349	0.1252
CUSKS_p_TCGAb47_SNP_1N_GenomeWideSNP_6_A03_628284	5	6167582	6168539	2	-1.9147
CUSKS_p_TCGAb47_SNP_1N_GenomeWideSNP_6_A03_628284	5	6172968	10907870	4009	0.1224
CUSKS_p_TCGAb47_SNP_1N_GenomeWideSNP_6_A03_628284	5	10907902	10908006	2	-1.8957
CUSKS_p_TCGAb47_SNP_1N_GenomeWideSNP_6_A03_628284	5	10910739	17513394	4524	0.1255
CUSKS_p_TCGAb47_SNP_1N_GenomeWideSNP_6_A03_628284	5	17513410	17665341	31	-1.053
CUSKS_p_TCGAb47_SNP_1N_GenomeWideSNP_6_A03_628284	5	17668235	41561373	15247	0.0965
CUSKS_p_TCGAb47_SNP_1N_GenomeWideSNP_6_A03_628284	5	41564126	41564438	2	-3.7884
CUSKS_p_TCGAb47_SNP_1N_GenomeWideSNP_6_A03_628284	5	41564562	46271108	2123	0.0913
CUSKS_p_TCGAb47_SNP_1N_GenomeWideSNP_6_A03_628284	5	46271930	46273502	6	-2.8204
CUSKS_p_TCGAb47_SNP_1N_GenomeWideSNP_6_A03_628284	5	46278212	180374523	82171	0.1024
CUSKS_p_TCGAb47_SNP_1N_GenomeWideSNP_6_A03_628284	5	180378710	180433264	21	0.8132
CUSKS_p_TCGAb47_SNP_1N_GenomeWideSNP_6_A03_628284	5	180442400	180790320	169	0.1993
CUSKS_p_TCGAb47_SNP_1N_GenomeWideSNP_6_A03_628284	6	149661	291082	118	0.0644
CUSKS_p_TCGAb47_SNP_1N_GenomeWideSNP_6_A03_628284	6	294286	373453	76	-0.262
CUSKS_p_TCGAb47_SNP_1N_GenomeWideSNP_6_A03_628284	6	375277	31280823	22256	0.1321
CUSKS_p_TCGAb47_SNP_1N_GenomeWideSNP_6_A03_628284	6	31286276	31295406	7	-2.4156
CUSKS_p_TCGAb47_SNP_1N_GenomeWideSNP_6_A03_628284	6	31295953	32624304	575	0.1513
CUSKS_p_TCGAb47_SNP_1N_GenomeWideSNP_6_A03_628284	6	32624591	32626618	5	-1.5702
CUSKS_p_TCGAb47_SNP_1N_GenomeWideSNP_6_A03_628284	6	32650612	38921362	3892	0.1174
CUSKS_p_TCGAb47_SNP_1N_GenomeWideSNP_6_A03_628284	6	38924431	38925283	2	-1.7685
CUSKS_p_TCGAb47_SNP_1N_GenomeWideSNP_6_A03_628284	6	38926557	47633927	5745	0.1359
CUSKS_p_TCGAb47_SNP_1N_GenomeWideSNP_6_A03_628284	6	47633989	49954295	1361	-0.6843
CUSKS_p_TCGAb47_SNP_1N_GenomeWideSNP_6_A03_628284	6	49960182	58759028	5337	0.1271
CUSKS_p_TCGAb47_SNP_1N_GenomeWideSNP_6_A03_628284	6	58774716	78971712	10733	-0.2188
CUSKS_p_TCGAb47_SNP_1N_GenomeWideSNP_6_A03_628284	6	78971781	79026588	94	-0.735
CUSKS_p_TCGAb47_SNP_1N_GenomeWideSNP_6_A03_628284	6	79026686	93576467	9272	-0.2186
CUSKS_p_TCGAb47_SNP_1N_GenomeWideSNP_6_A03_628284	6	93576889	93576928	3	-2.2556
CUSKS_p_TCGAb47_SNP_1N_GenomeWideSNP_6_A03_628284	6	93577053	95476002	1315	-0.2935
CUSKS_p_TCGAb47_SNP_1N_GenomeWideSNP_6_A03_628284	6	95476191	95477636	3	-2.5159
CUSKS_p_TCGAb47_SNP_1N_GenomeWideSNP_6_A03_628284	6	95479633	103734825	4921	-0.2217
CUSKS_p_TCGAb47_SNP_1N_GenomeWideSNP_6_A03_628284	6	103734829	103759725	41	0.666
CUSKS_p_TCGAb47_SNP_1N_GenomeWideSNP_6_A03_628284	6	103759825	146212675	26793	0.1685
CUSKS_p_TCGAb47_SNP_1N_GenomeWideSNP_6_A03_628284	6	146212844	146212957	2	-2.7104
CUSKS_p_TCGAb47_SNP_1N_GenomeWideSNP_6_A03_628284	6	146212992	171051005	17493	0.1754
CUSKS_p_TCGAb47_SNP_1N_GenomeWideSNP_6_A03_628284	7	43355	17279913	11936	-0.7009
CUSKS_p_TCGAb47_SNP_1N_GenomeWideSNP_6_A03_628284	7	17282067	17292034	5	-2.1391
CUSKS_p_TCGAb47_SNP_1N_GenomeWideSNP_6_A03_628284	7	17296429	17417812	63	-3.6747
CUSKS_p_TCGAb47_SNP_1N_GenomeWideSNP_6_A03_628284	7	17421105	38287927	15430	-0.6863
CUSKS_p_TCGAb47_SNP_1N_GenomeWideSNP_6_A03_628284	7	38290693	38400957	129	-0.1157
CUSKS_p_TCGAb47_SNP_1N_GenomeWideSNP_6_A03_628284	7	38402496	41646268	2155	-0.6851
CUSKS_p_TCGAb47_SNP_1N_GenomeWideSNP_6_A03_628284	7	41652363	42163542	404	1.2912
CUSKS_p_TCGAb47_SNP_1N_GenomeWideSNP_6_A03_628284	7	42163860	48622136	4213	0.6165
CUSKS_p_TCGAb47_SNP_1N_GenomeWideSNP_6_A03_628284	7	48622802	126045651	43158	0.0996
CUSKS_p_TCGAb47_SNP_1N_GenomeWideSNP_6_A03_628284	7	126045686	126046615	9	-1.1339
CUSKS_p_TCGAb47_SNP_1N_GenomeWideSNP_6_A03_628284	7	126046876	133785177	4709	0.1101
CUSKS_p_TCGAb47_SNP_1N_GenomeWideSNP_6_A03_628284	7	133785195	133790443	25	0.7713
CUSKS_p_TCGAb47_SNP_1N_GenomeWideSNP_6_A03_628284	7	133795634	143909445	6575	0.1168
CUSKS_p_TCGAb47_SNP_1N_GenomeWideSNP_6_A03_628284	7	143911624	144003667	23	-0.6047
CUSKS_p_TCGAb47_SNP_1N_GenomeWideSNP_6_A03_628284	7	144003746	153147638	5601	0.0948
CUSKS_p_TCGAb47_SNP_1N_GenomeWideSNP_6_A03_628284	7	153147645	153147712	2	-3.1697
CUSKS_p_TCGAb47_SNP_1N_GenomeWideSNP_6_A03_628284	7	153147715	159127004	4116	0.1031
CUSKS_p_TCGAb47_SNP_1N_GenomeWideSNP_6_A03_628284	8	31254	7215843	7846	-0.4053
CUSKS_p_TCGAb47_SNP_1N_GenomeWideSNP_6_A03_628284	8	7215873	7238019	15	-1.0899
CUSKS_p_TCGAb47_SNP_1N_GenomeWideSNP_6_A03_628284	8	7250380	7831645	154	0.4293
CUSKS_p_TCGAb47_SNP_1N_GenomeWideSNP_6_A03_628284	8	7832054	11895245	3285	-0.3338
CUSKS_p_TCGAb47_SNP_1N_GenomeWideSNP_6_A03_628284	8	11949551	12419667	109	0.1543
CUSKS_p_TCGAb47_SNP_1N_GenomeWideSNP_6_A03_628284	8	12419965	24974476	10443	-0.3585
CUSKS_p_TCGAb47_SNP_1N_GenomeWideSNP_6_A03_628284	8	24974522	24984250	24	0.4139
CUSKS_p_TCGAb47_SNP_1N_GenomeWideSNP_6_A03_628284	8	24984333	39250972	9049	-0.3736
CUSKS_p_TCGAb47_SNP_1N_GenomeWideSNP_6_A03_628284	8	39251487	39384700	51	0.0829
CUSKS_p_TCGAb47_SNP_1N_GenomeWideSNP_6_A03_628284	8	39384969	40771996	1078	-0.3541
CUSKS_p_TCGAb47_SNP_1N_GenomeWideSNP_6_A03_628284	8	40777852	40778471	2	-2.1441
CUSKS_p_TCGAb47_SNP_1N_GenomeWideSNP_6_A03_628284	8	40783680	41761083	619	-0.3789
CUSKS_p_TCGAb47_SNP_1N_GenomeWideSNP_6_A03_628284	8	41761807	41951908	91	0.6773
CUSKS_p_TCGAb47_SNP_1N_GenomeWideSNP_6_A03_628284	8	41958554	42991695	585	1.4877
CUSKS_p_TCGAb47_SNP_1N_GenomeWideSNP_6_A03_628284	8	42998553	46912314	224	-0.2896
CUSKS_p_TCGAb47_SNP_1N_GenomeWideSNP_6_A03_628284	8	46919273	51597844	2378	1.0113
CUSKS_p_TCGAb47_SNP_1N_GenomeWideSNP_6_A03_628284	8	51600061	53492873	1227	0.2477
CUSKS_p_TCGAb47_SNP_1N_GenomeWideSNP_6_A03_628284	8	53503829	56641223	2107	1.0084
CUSKS_p_TCGAb47_SNP_1N_GenomeWideSNP_6_A03_628284	8	56646952	59623189	1992	1.4255
CUSKS_p_TCGAb47_SNP_1N_GenomeWideSNP_6_A03_628284	8	59626056	70952739	6925	2.1568
CUSKS_p_TCGAb47_SNP_1N_GenomeWideSNP_6_A03_628284	8	70953927	70954354	3	0.358
CUSKS_p_TCGAb47_SNP_1N_GenomeWideSNP_6_A03_628284	8	70954676	71044785	63	2.1376
CUSKS_p_TCGAb47_SNP_1N_GenomeWideSNP_6_A03_628284	8	71046411	73635248	1660	1.5887
CUSKS_p_TCGAb47_SNP_1N_GenomeWideSNP_6_A03_628284	8	73635320	73635472	2	-0.5087
CUSKS_p_TCGAb47_SNP_1N_GenomeWideSNP_6_A03_628284	8	73635687	74187254	425	1.577
CUSKS_p_TCGAb47_SNP_1N_GenomeWideSNP_6_A03_628284	8	74188302	77546880	2045	2.2803
CUSKS_p_TCGAb47_SNP_1N_GenomeWideSNP_6_A03_628284	8	77549966	84959054	4314	1.5432
CUSKS_p_TCGAb47_SNP_1N_GenomeWideSNP_6_A03_628284	8	84959471	84962337	2	-0.9168
CUSKS_p_TCGAb47_SNP_1N_GenomeWideSNP_6_A03_628284	8	84965998	86183670	655	1.6432
CUSKS_p_TCGAb47_SNP_1N_GenomeWideSNP_6_A03_628284	8	86184778	86284807	56	2.3672
CUSKS_p_TCGAb47_SNP_1N_GenomeWideSNP_6_A03_628284	8	86285926	95557552	5334	1.4966
CUSKS_p_TCGAb47_SNP_1N_GenomeWideSNP_6_A03_628284	8	95557602	95557929	5	3.0689
CUSKS_p_TCGAb47_SNP_1N_GenomeWideSNP_6_A03_628284	8	95557992	112291494	10293	1.5067
CUSKS_p_TCGAb47_SNP_1N_GenomeWideSNP_6_A03_628284	8	112294279	112295260	10	-1.3066
CUSKS_p_TCGAb47_SNP_1N_GenomeWideSNP_6_A03_628284	8	112300281	144304632	22309	1.5592
CUSKS_p_TCGAb47_SNP_1N_GenomeWideSNP_6_A03_628284	8	144309755	144310617	10	0.185
CUSKS_p_TCGAb47_SNP_1N_GenomeWideSNP_6_A03_628284	8	144314377	144698815	117	1.5057
CUSKS_p_TCGAb47_SNP_1N_GenomeWideSNP_6_A03_628284	8	144698933	144707808	11	0.0827
CUSKS_p_TCGAb47_SNP_1N_GenomeWideSNP_6_A03_628284	8	144718989	146298155	506	1.5882
CUSKS_p_TCGAb47_SNP_1N_GenomeWideSNP_6_A03_628284	9	46587	1444746	1463	0.1567
CUSKS_p_TCGAb47_SNP_1N_GenomeWideSNP_6_A03_628284	9	1445232	1450320	15	-0.9257
CUSKS_p_TCGAb47_SNP_1N_GenomeWideSNP_6_A03_628284	9	1453039	37033159	28535	0.1095
CUSKS_p_TCGAb47_SNP_1N_GenomeWideSNP_6_A03_628284	9	37033361	37034617	2	-4.0114
CUSKS_p_TCGAb47_SNP_1N_GenomeWideSNP_6_A03_628284	9	37034669	72091267	2839	0.109
CUSKS_p_TCGAb47_SNP_1N_GenomeWideSNP_6_A03_628284	9	72097655	72120277	68	-0.8475
CUSKS_p_TCGAb47_SNP_1N_GenomeWideSNP_6_A03_628284	9	72127178	85376276	9392	0.106
CUSKS_p_TCGAb47_SNP_1N_GenomeWideSNP_6_A03_628284	9	85376571	85377966	5	-1.104
CUSKS_p_TCGAb47_SNP_1N_GenomeWideSNP_6_A03_628284	9	85378921	86409738	789	0.1204
CUSKS_p_TCGAb47_SNP_1N_GenomeWideSNP_6_A03_628284	9	86410882	88062639	1305	-0.6108
CUSKS_p_TCGAb47_SNP_1N_GenomeWideSNP_6_A03_628284	9	88073146	107658910	13326	-0.0177
CUSKS_p_TCGAb47_SNP_1N_GenomeWideSNP_6_A03_628284	9	107661122	117376466	7312	-0.6081
CUSKS_p_TCGAb47_SNP_1N_GenomeWideSNP_6_A03_628284	9	117381763	118405437	843	-0.0042
CUSKS_p_TCGAb47_SNP_1N_GenomeWideSNP_6_A03_628284	9	118408770	119100886	479	-0.6079
CUSKS_p_TCGAb47_SNP_1N_GenomeWideSNP_6_A03_628284	9	119103247	123144574	3481	0.1429
CUSKS_p_TCGAb47_SNP_1N_GenomeWideSNP_6_A03_628284	9	123147645	123834162	436	-0.6234
CUSKS_p_TCGAb47_SNP_1N_GenomeWideSNP_6_A03_628284	9	123834177	132314273	4885	-0.0184
CUSKS_p_TCGAb47_SNP_1N_GenomeWideSNP_6_A03_628284	9	132314825	133000950	378	-0.6912
CUSKS_p_TCGAb47_SNP_1N_GenomeWideSNP_6_A03_628284	9	133001708	133904437	596	-0.0512
CUSKS_p_TCGAb47_SNP_1N_GenomeWideSNP_6_A03_628284	9	133910311	138523900	2895	-0.6661
CUSKS_p_TCGAb47_SNP_1N_GenomeWideSNP_6_A03_628284	9	138525778	141091394	924	-0.0488
CUSKS_p_TCGAb47_SNP_1N_GenomeWideSNP_6_A03_628284	10	72759	3138673	2544	-0.198
CUSKS_p_TCGAb47_SNP_1N_GenomeWideSNP_6_A03_628284	10	3140461	3375666	231	0.9532
CUSKS_p_TCGAb47_SNP_1N_GenomeWideSNP_6_A03_628284	10	3376744	3377699	2	-1.9169
CUSKS_p_TCGAb47_SNP_1N_GenomeWideSNP_6_A03_628284	10	3378262	24377675	16483	0.8656
CUSKS_p_TCGAb47_SNP_1N_GenomeWideSNP_6_A03_628284	10	24377676	24377921	8	1.6594
CUSKS_p_TCGAb47_SNP_1N_GenomeWideSNP_6_A03_628284	10	24378054	30577451	4545	0.8088
CUSKS_p_TCGAb47_SNP_1N_GenomeWideSNP_6_A03_628284	10	30579211	33476141	1954	0.4714
CUSKS_p_TCGAb47_SNP_1N_GenomeWideSNP_6_A03_628284	10	33483097	42433540	3432	-0.182
CUSKS_p_TCGAb47_SNP_1N_GenomeWideSNP_6_A03_628284	10	42433752	47419711	2581	0.1718
CUSKS_p_TCGAb47_SNP_1N_GenomeWideSNP_6_A03_628284	10	47541189	47743501	190	0.6611
CUSKS_p_TCGAb47_SNP_1N_GenomeWideSNP_6_A03_628284	10	47743516	113966486	43568	0.1567
CUSKS_p_TCGAb47_SNP_1N_GenomeWideSNP_6_A03_628284	10	113969079	114005723	28	-0.7993
CUSKS_p_TCGAb47_SNP_1N_GenomeWideSNP_6_A03_628284	10	114016879	135506704	15582	0.1798
CUSKS_p_TCGAb47_SNP_1N_GenomeWideSNP_6_A03_628284	11	198510	4967650	2479	0.0827
CUSKS_p_TCGAb47_SNP_1N_GenomeWideSNP_6_A03_628284	11	4968117	4976614	38	0.7906
CUSKS_p_TCGAb47_SNP_1N_GenomeWideSNP_6_A03_628284	11	4976814	50508724	31752	0.1074
CUSKS_p_TCGAb47_SNP_1N_GenomeWideSNP_6_A03_628284	11	50519187	55376511	426	0.5212
CUSKS_p_TCGAb47_SNP_1N_GenomeWideSNP_6_A03_628284	11	55376634	55453009	49	0.7307
CUSKS_p_TCGAb47_SNP_1N_GenomeWideSNP_6_A03_628284	11	55453576	55572485	87	0.0565
CUSKS_p_TCGAb47_SNP_1N_GenomeWideSNP_6_A03_628284	11	55572545	55685799	84	0.5024
CUSKS_p_TCGAb47_SNP_1N_GenomeWideSNP_6_A03_628284	11	55689110	56221406	359	1.7178
CUSKS_p_TCGAb47_SNP_1N_GenomeWideSNP_6_A03_628284	11	56228448	57813855	935	0.131
CUSKS_p_TCGAb47_SNP_1N_GenomeWideSNP_6_A03_628284	11	57815862	58463619	422	-0.6655
CUSKS_p_TCGAb47_SNP_1N_GenomeWideSNP_6_A03_628284	11	58472382	59110186	353	1.8735
CUSKS_p_TCGAb47_SNP_1N_GenomeWideSNP_6_A03_628284	11	59111736	59129594	10	0.1106
CUSKS_p_TCGAb47_SNP_1N_GenomeWideSNP_6_A03_628284	11	59132293	59156405	11	1.6492
CUSKS_p_TCGAb47_SNP_1N_GenomeWideSNP_6_A03_628284	11	59156571	59183939	15	2.2284
CUSKS_p_TCGAb47_SNP_1N_GenomeWideSNP_6_A03_628284	11	59184192	59205263	15	1.7616
CUSKS_p_TCGAb47_SNP_1N_GenomeWideSNP_6_A03_628284	11	59215209	59278442	56	-0.2176
CUSKS_p_TCGAb47_SNP_1N_GenomeWideSNP_6_A03_628284	11	59280957	59348693	29	0.2568
CUSKS_p_TCGAb47_SNP_1N_GenomeWideSNP_6_A03_628284	11	59349094	59382271	16	-0.0585
CUSKS_p_TCGAb47_SNP_1N_GenomeWideSNP_6_A03_628284	11	59382306	60138079	501	0.6058
CUSKS_p_TCGAb47_SNP_1N_GenomeWideSNP_6_A03_628284	11	60141859	60283923	98	2.0495
CUSKS_p_TCGAb47_SNP_1N_GenomeWideSNP_6_A03_628284	11	60290095	61157904	484	0.5749
CUSKS_p_TCGAb47_SNP_1N_GenomeWideSNP_6_A03_628284	11	61165280	61404052	110	1.4783
CUSKS_p_TCGAb47_SNP_1N_GenomeWideSNP_6_A03_628284	11	61408449	67662476	2706	-0.658
CUSKS_p_TCGAb47_SNP_1N_GenomeWideSNP_6_A03_628284	11	67678457	67922668	94	0.0771
CUSKS_p_TCGAb47_SNP_1N_GenomeWideSNP_6_A03_628284	11	67928192	67933642	6	-0.5553
CUSKS_p_TCGAb47_SNP_1N_GenomeWideSNP_6_A03_628284	11	67936547	67939573	5	0.152
CUSKS_p_TCGAb47_SNP_1N_GenomeWideSNP_6_A03_628284	11	67941868	69148114	601	-0.6613
CUSKS_p_TCGAb47_SNP_1N_GenomeWideSNP_6_A03_628284	11	69150723	69198708	33	0.2052
CUSKS_p_TCGAb47_SNP_1N_GenomeWideSNP_6_A03_628284	11	69200693	69699980	331	1.5214
CUSKS_p_TCGAb47_SNP_1N_GenomeWideSNP_6_A03_628284	11	69800156	70231307	247	1.9724
CUSKS_p_TCGAb47_SNP_1N_GenomeWideSNP_6_A03_628284	11	70231516	70255375	11	0.8743
CUSKS_p_TCGAb47_SNP_1N_GenomeWideSNP_6_A03_628284	11	70258232	72263910	1111	-0.6275
CUSKS_p_TCGAb47_SNP_1N_GenomeWideSNP_6_A03_628284	11	72267489	72378337	69	0.6872
CUSKS_p_TCGAb47_SNP_1N_GenomeWideSNP_6_A03_628284	11	72379892	73052224	299	2.0252
CUSKS_p_TCGAb47_SNP_1N_GenomeWideSNP_6_A03_628284	11	73057624	74530374	800	2.4522
CUSKS_p_TCGAb47_SNP_1N_GenomeWideSNP_6_A03_628284	11	74530984	74781079	116	2.0095
CUSKS_p_TCGAb47_SNP_1N_GenomeWideSNP_6_A03_628284	11	74781124	75227447	265	1.6243
CUSKS_p_TCGAb47_SNP_1N_GenomeWideSNP_6_A03_628284	11	75234485	76128293	485	0.5922
CUSKS_p_TCGAb47_SNP_1N_GenomeWideSNP_6_A03_628284	11	76130339	78604092	1411	1.4575
CUSKS_p_TCGAb47_SNP_1N_GenomeWideSNP_6_A03_628284	11	78606939	79250168	593	0.6249
CUSKS_p_TCGAb47_SNP_1N_GenomeWideSNP_6_A03_628284	11	79255210	79947120	506	1.469
CUSKS_p_TCGAb47_SNP_1N_GenomeWideSNP_6_A03_628284	11	79948040	79956151	5	-0.1916
CUSKS_p_TCGAb47_SNP_1N_GenomeWideSNP_6_A03_628284	11	79956462	81515327	1345	-0.6687
CUSKS_p_TCGAb47_SNP_1N_GenomeWideSNP_6_A03_628284	11	81515696	81517158	4	-4.8554
CUSKS_p_TCGAb47_SNP_1N_GenomeWideSNP_6_A03_628284	11	81522632	134944770	37786	-0.6469
CUSKS_p_TCGAb47_SNP_1N_GenomeWideSNP_6_A03_628284	12	150442	11219423	7278	0.1458
CUSKS_p_TCGAb47_SNP_1N_GenomeWideSNP_6_A03_628284	12	11220724	11241532	12	0.9289
CUSKS_p_TCGAb47_SNP_1N_GenomeWideSNP_6_A03_628284	12	11251874	33301520	15601	0.1387
CUSKS_p_TCGAb47_SNP_1N_GenomeWideSNP_6_A03_628284	12	33301534	33307374	24	0.6128
CUSKS_p_TCGAb47_SNP_1N_GenomeWideSNP_6_A03_628284	12	33308360	38894298	1149	0.1422
CUSKS_p_TCGAb47_SNP_1N_GenomeWideSNP_6_A03_628284	12	38895319	38895508	2	-1.7721
CUSKS_p_TCGAb47_SNP_1N_GenomeWideSNP_6_A03_628284	12	38900427	55323513	9843	0.1196
CUSKS_p_TCGAb47_SNP_1N_GenomeWideSNP_6_A03_628284	12	55325988	55327598	2	-2.1322
CUSKS_p_TCGAb47_SNP_1N_GenomeWideSNP_6_A03_628284	12	55327830	84163187	18306	0.1141
CUSKS_p_TCGAb47_SNP_1N_GenomeWideSNP_6_A03_628284	12	84163290	84165568	9	-0.9841
CUSKS_p_TCGAb47_SNP_1N_GenomeWideSNP_6_A03_628284	12	84165587	119983825	23806	0.1337
CUSKS_p_TCGAb47_SNP_1N_GenomeWideSNP_6_A03_628284	12	119988887	119990761	16	-0.8361
CUSKS_p_TCGAb47_SNP_1N_GenomeWideSNP_6_A03_628284	12	119994041	123445596	1618	0.1142
CUSKS_p_TCGAb47_SNP_1N_GenomeWideSNP_6_A03_628284	12	123447326	123718879	90	-0.6068
CUSKS_p_TCGAb47_SNP_1N_GenomeWideSNP_6_A03_628284	12	123719444	133778189	7372	0.1504
CUSKS_p_TCGAb47_SNP_1N_GenomeWideSNP_6_A03_628284	13	19026949	25013023	4034	-0.6401
CUSKS_p_TCGAb47_SNP_1N_GenomeWideSNP_6_A03_628284	13	25020024	25039598	24	-0.0526
CUSKS_p_TCGAb47_SNP_1N_GenomeWideSNP_6_A03_628284	13	25039678	38071135	9501	-0.6621
CUSKS_p_TCGAb47_SNP_1N_GenomeWideSNP_6_A03_628284	13	38072036	38088387	19	0.2006
CUSKS_p_TCGAb47_SNP_1N_GenomeWideSNP_6_A03_628284	13	38088609	62806981	15597	-0.6606
CUSKS_p_TCGAb47_SNP_1N_GenomeWideSNP_6_A03_628284	13	62809274	62809482	2	-3.5111
CUSKS_p_TCGAb47_SNP_1N_GenomeWideSNP_6_A03_628284	13	62818093	62961967	88	-0.7266
CUSKS_p_TCGAb47_SNP_1N_GenomeWideSNP_6_A03_628284	13	62962910	62963600	3	-2.9193
CUSKS_p_TCGAb47_SNP_1N_GenomeWideSNP_6_A03_628284	13	62967188	115108397	35030	-0.6782
CUSKS_p_TCGAb47_SNP_1N_GenomeWideSNP_6_A03_628284	14	19002124	19438611	33	0.1175
CUSKS_p_TCGAb47_SNP_1N_GenomeWideSNP_6_A03_628284	14	19451076	19620051	13	0.9924
CUSKS_p_TCGAb47_SNP_1N_GenomeWideSNP_6_A03_628284	14	19660853	22421677	1545	0.1799
CUSKS_p_TCGAb47_SNP_1N_GenomeWideSNP_6_A03_628284	14	22422976	22970050	465	0.6203
CUSKS_p_TCGAb47_SNP_1N_GenomeWideSNP_6_A03_628284	14	22970236	40608928	11068	0.1498
CUSKS_p_TCGAb47_SNP_1N_GenomeWideSNP_6_A03_628284	14	40613922	40616919	2	-3.2457
CUSKS_p_TCGAb47_SNP_1N_GenomeWideSNP_6_A03_628284	14	40618165	45887707	3186	0.1229
CUSKS_p_TCGAb47_SNP_1N_GenomeWideSNP_6_A03_628284	14	45888624	45896611	4	-1.5292
CUSKS_p_TCGAb47_SNP_1N_GenomeWideSNP_6_A03_628284	14	45896662	74001123	18047	0.1482
CUSKS_p_TCGAb47_SNP_1N_GenomeWideSNP_6_A03_628284	14	74006707	74029900	9	-2.1008
CUSKS_p_TCGAb47_SNP_1N_GenomeWideSNP_6_A03_628284	14	74029915	106460902	20803	0.1666
CUSKS_p_TCGAb47_SNP_1N_GenomeWideSNP_6_A03_628284	14	106479675	106479941	2	2.3213
CUSKS_p_TCGAb47_SNP_1N_GenomeWideSNP_6_A03_628284	14	106482128	106872062	179	0.2073
CUSKS_p_TCGAb47_SNP_1N_GenomeWideSNP_6_A03_628284	14	106874361	106943522	61	-0.4823
CUSKS_p_TCGAb47_SNP_1N_GenomeWideSNP_6_A03_628284	14	106943834	107285437	215	0.1432
CUSKS_p_TCGAb47_SNP_1N_GenomeWideSNP_6_A03_628284	15	20016328	20586483	110	-0.2344
CUSKS_p_TCGAb47_SNP_1N_GenomeWideSNP_6_A03_628284	15	20586659	22506802	286	-0.7559
CUSKS_p_TCGAb47_SNP_1N_GenomeWideSNP_6_A03_628284	15	22515481	76891627	33976	-0.2546
CUSKS_p_TCGAb47_SNP_1N_GenomeWideSNP_6_A03_628284	15	76891741	76895344	12	-2.329
CUSKS_p_TCGAb47_SNP_1N_GenomeWideSNP_6_A03_628284	15	76895767	102469040	17702	-0.2437
CUSKS_p_TCGAb47_SNP_1N_GenomeWideSNP_6_A03_628284	16	60777	205284	95	-0.5557
CUSKS_p_TCGAb47_SNP_1N_GenomeWideSNP_6_A03_628284	16	205332	221057	3	-1.839
CUSKS_p_TCGAb47_SNP_1N_GenomeWideSNP_6_A03_628284	16	232086	310380	34	-0.4365
CUSKS_p_TCGAb47_SNP_1N_GenomeWideSNP_6_A03_628284	16	311853	312635	2	-3.3791
CUSKS_p_TCGAb47_SNP_1N_GenomeWideSNP_6_A03_628284	16	313270	15094300	11042	-0.6108
CUSKS_p_TCGAb47_SNP_1N_GenomeWideSNP_6_A03_628284	16	15094368	15094442	2	-2.9098
CUSKS_p_TCGAb47_SNP_1N_GenomeWideSNP_6_A03_628284	16	15094586	16262559	560	-0.5142
CUSKS_p_TCGAb47_SNP_1N_GenomeWideSNP_6_A03_628284	16	16263150	16263361	2	-3.5573
CUSKS_p_TCGAb47_SNP_1N_GenomeWideSNP_6_A03_628284	16	16263713	32366858	8358	-0.6112
CUSKS_p_TCGAb47_SNP_1N_GenomeWideSNP_6_A03_628284	16	32380951	33754991	230	-0.3114
CUSKS_p_TCGAb47_SNP_1N_GenomeWideSNP_6_A03_628284	16	33767169	34835799	402	-0.7267
CUSKS_p_TCGAb47_SNP_1N_GenomeWideSNP_6_A03_628284	16	34840404	35216048	95	0.7081
CUSKS_p_TCGAb47_SNP_1N_GenomeWideSNP_6_A03_628284	16	35223661	55795214	6469	-0.6075
CUSKS_p_TCGAb47_SNP_1N_GenomeWideSNP_6_A03_628284	16	55796389	55798779	7	-1.4184
CUSKS_p_TCGAb47_SNP_1N_GenomeWideSNP_6_A03_628284	16	55804348	55816646	11	-2.7456
CUSKS_p_TCGAb47_SNP_1N_GenomeWideSNP_6_A03_628284	16	55816705	78371608	14421	-0.6285
CUSKS_p_TCGAb47_SNP_1N_GenomeWideSNP_6_A03_628284	16	78372440	78381263	14	-1.8163
CUSKS_p_TCGAb47_SNP_1N_GenomeWideSNP_6_A03_628284	16	78383140	83951866	6292	-0.6213
CUSKS_p_TCGAb47_SNP_1N_GenomeWideSNP_6_A03_628284	16	83953185	83957119	2	-3.0358
CUSKS_p_TCGAb47_SNP_1N_GenomeWideSNP_6_A03_628284	16	83961693	86118553	1746	-0.6213
CUSKS_p_TCGAb47_SNP_1N_GenomeWideSNP_6_A03_628284	16	86119907	86238171	117	0.6897
CUSKS_p_TCGAb47_SNP_1N_GenomeWideSNP_6_A03_628284	16	86244517	86280250	55	-0.6569
CUSKS_p_TCGAb47_SNP_1N_GenomeWideSNP_6_A03_628284	16	86280891	87116863	951	0.6828
CUSKS_p_TCGAb47_SNP_1N_GenomeWideSNP_6_A03_628284	16	87119809	87134336	9	-0.3936
CUSKS_p_TCGAb47_SNP_1N_GenomeWideSNP_6_A03_628284	16	87135953	87369578	199	0.6435
CUSKS_p_TCGAb47_SNP_1N_GenomeWideSNP_6_A03_628284	16	87374212	88082063	403	-0.6981
CUSKS_p_TCGAb47_SNP_1N_GenomeWideSNP_6_A03_628284	16	88093461	88136668	28	0.6044
CUSKS_p_TCGAb47_SNP_1N_GenomeWideSNP_6_A03_628284	16	88149603	88985896	286	-0.7134
CUSKS_p_TCGAb47_SNP_1N_GenomeWideSNP_6_A03_628284	16	88993580	89105207	26	0.6263
CUSKS_p_TCGAb47_SNP_1N_GenomeWideSNP_6_A03_628284	16	89110168	89281093	70	-0.7058
CUSKS_p_TCGAb47_SNP_1N_GenomeWideSNP_6_A03_628284	16	89281141	89281218	2	-2.9073
CUSKS_p_TCGAb47_SNP_1N_GenomeWideSNP_6_A03_628284	16	89282866	90287535	450	-0.5859
CUSKS_p_TCGAb47_SNP_1N_GenomeWideSNP_6_A03_628284	17	526	2944661	1479	-0.6235
CUSKS_p_TCGAb47_SNP_1N_GenomeWideSNP_6_A03_628284	17	2949048	5787582	1652	0.6055
CUSKS_p_TCGAb47_SNP_1N_GenomeWideSNP_6_A03_628284	17	5795753	5893473	84	-0.6803
CUSKS_p_TCGAb47_SNP_1N_GenomeWideSNP_6_A03_628284	17	5895643	6249301	321	0.6363
CUSKS_p_TCGAb47_SNP_1N_GenomeWideSNP_6_A03_628284	17	6250239	7722365	789	-0.6872
CUSKS_p_TCGAb47_SNP_1N_GenomeWideSNP_6_A03_628284	17	7733979	10414796	1795	0.6247
CUSKS_p_TCGAb47_SNP_1N_GenomeWideSNP_6_A03_628284	17	10417439	10446588	21	-0.5764
CUSKS_p_TCGAb47_SNP_1N_GenomeWideSNP_6_A03_628284	17	10449177	10788306	199	0.7015
CUSKS_p_TCGAb47_SNP_1N_GenomeWideSNP_6_A03_628284	17	10789111	25326960	6700	-0.6361
CUSKS_p_TCGAb47_SNP_1N_GenomeWideSNP_6_A03_628284	17	25329474	26810246	774	-0.0093
CUSKS_p_TCGAb47_SNP_1N_GenomeWideSNP_6_A03_628284	17	26810808	27144608	123	0.9012
CUSKS_p_TCGAb47_SNP_1N_GenomeWideSNP_6_A03_628284	17	27148617	28996693	814	-0.6726
CUSKS_p_TCGAb47_SNP_1N_GenomeWideSNP_6_A03_628284	17	28997791	29149493	51	-0.2311
CUSKS_p_TCGAb47_SNP_1N_GenomeWideSNP_6_A03_628284	17	29150037	29327128	74	-0.6201
CUSKS_p_TCGAb47_SNP_1N_GenomeWideSNP_6_A03_628284	17	29333516	29818974	206	0.7127
CUSKS_p_TCGAb47_SNP_1N_GenomeWideSNP_6_A03_628284	17	29824011	32735169	2180	-0.6412
CUSKS_p_TCGAb47_SNP_1N_GenomeWideSNP_6_A03_628284	17	32735562	32737046	3	-2.5875
CUSKS_p_TCGAb47_SNP_1N_GenomeWideSNP_6_A03_628284	17	32738357	35835870	1884	-0.673
CUSKS_p_TCGAb47_SNP_1N_GenomeWideSNP_6_A03_628284	17	35836517	37401051	728	0.4003
CUSKS_p_TCGAb47_SNP_1N_GenomeWideSNP_6_A03_628284	17	37409865	37640730	96	1.8082
CUSKS_p_TCGAb47_SNP_1N_GenomeWideSNP_6_A03_628284	17	37643780	37766439	59	-0.6006
CUSKS_p_TCGAb47_SNP_1N_GenomeWideSNP_6_A03_628284	17	37779521	37848545	28	1.6055
CUSKS_p_TCGAb47_SNP_1N_GenomeWideSNP_6_A03_628284	17	37848603	38356815	283	2.1465
CUSKS_p_TCGAb47_SNP_1N_GenomeWideSNP_6_A03_628284	17	38368800	38590503	93	0.1161
CUSKS_p_TCGAb47_SNP_1N_GenomeWideSNP_6_A03_628284	17	38592563	38764681	100	-0.6846
CUSKS_p_TCGAb47_SNP_1N_GenomeWideSNP_6_A03_628284	17	38770286	38799643	23	1.0234
CUSKS_p_TCGAb47_SNP_1N_GenomeWideSNP_6_A03_628284	17	38806107	39701347	701	-0.6711
CUSKS_p_TCGAb47_SNP_1N_GenomeWideSNP_6_A03_628284	17	39705864	39842758	58	0.7568
CUSKS_p_TCGAb47_SNP_1N_GenomeWideSNP_6_A03_628284	17	39843245	41415522	776	-0.6581
CUSKS_p_TCGAb47_SNP_1N_GenomeWideSNP_6_A03_628284	17	41418287	41727467	186	0.5706
CUSKS_p_TCGAb47_SNP_1N_GenomeWideSNP_6_A03_628284	17	41736076	41752937	12	-0.877
CUSKS_p_TCGAb47_SNP_1N_GenomeWideSNP_6_A03_628284	17	41754456	41927284	111	1.6267
CUSKS_p_TCGAb47_SNP_1N_GenomeWideSNP_6_A03_628284	17	41929497	42019494	61	-0.1852
CUSKS_p_TCGAb47_SNP_1N_GenomeWideSNP_6_A03_628284	17	42021248	42400480	160	-0.6156
CUSKS_p_TCGAb47_SNP_1N_GenomeWideSNP_6_A03_628284	17	42417496	42501692	31	1.4929
CUSKS_p_TCGAb47_SNP_1N_GenomeWideSNP_6_A03_628284	17	42504086	43175922	330	0.4879
CUSKS_p_TCGAb47_SNP_1N_GenomeWideSNP_6_A03_628284	17	43183028	43533182	155	-0.6811
CUSKS_p_TCGAb47_SNP_1N_GenomeWideSNP_6_A03_628284	17	43537168	43703814	32	-0.0954
CUSKS_p_TCGAb47_SNP_1N_GenomeWideSNP_6_A03_628284	17	43710164	44150787	321	0.8235
CUSKS_p_TCGAb47_SNP_1N_GenomeWideSNP_6_A03_628284	17	44151786	44216322	51	-0.6572
CUSKS_p_TCGAb47_SNP_1N_GenomeWideSNP_6_A03_628284	17	44219555	44249838	33	0.6381
CUSKS_p_TCGAb47_SNP_1N_GenomeWideSNP_6_A03_628284	17	44253294	44267617	11	-0.6086
CUSKS_p_TCGAb47_SNP_1N_GenomeWideSNP_6_A03_628284	17	44267647	44272000	6	-1.354
CUSKS_p_TCGAb47_SNP_1N_GenomeWideSNP_6_A03_628284	17	44276383	44311975	21	-0.622
CUSKS_p_TCGAb47_SNP_1N_GenomeWideSNP_6_A03_628284	17	44325554	44394420	16	0.5893
CUSKS_p_TCGAb47_SNP_1N_GenomeWideSNP_6_A03_628284	17	44401067	45147324	260	1.5865
CUSKS_p_TCGAb47_SNP_1N_GenomeWideSNP_6_A03_628284	17	45151549	48135917	1535	1.2564
CUSKS_p_TCGAb47_SNP_1N_GenomeWideSNP_6_A03_628284	17	48139007	48298966	85	1.7851
CUSKS_p_TCGAb47_SNP_1N_GenomeWideSNP_6_A03_628284	17	48305968	49890861	945	0.2736
CUSKS_p_TCGAb47_SNP_1N_GenomeWideSNP_6_A03_628284	17	49892488	49894777	2	-1.7328
CUSKS_p_TCGAb47_SNP_1N_GenomeWideSNP_6_A03_628284	17	49894923	51448225	1132	0.1611
CUSKS_p_TCGAb47_SNP_1N_GenomeWideSNP_6_A03_628284	17	51453691	51457361	3	0.8236
CUSKS_p_TCGAb47_SNP_1N_GenomeWideSNP_6_A03_628284	17	51458029	51598799	91	1.7859
CUSKS_p_TCGAb47_SNP_1N_GenomeWideSNP_6_A03_628284	17	51606369	51691622	53	1.3673
CUSKS_p_TCGAb47_SNP_1N_GenomeWideSNP_6_A03_628284	17	51691755	52572332	511	0.8336
CUSKS_p_TCGAb47_SNP_1N_GenomeWideSNP_6_A03_628284	17	52576842	71666898	12128	0.4547
CUSKS_p_TCGAb47_SNP_1N_GenomeWideSNP_6_A03_628284	17	71667181	71693990	21	1.2049
CUSKS_p_TCGAb47_SNP_1N_GenomeWideSNP_6_A03_628284	17	71698048	78952387	4138	0.3949
CUSKS_p_TCGAb47_SNP_1N_GenomeWideSNP_6_A03_628284	17	78962881	79631416	225	1.0556
CUSKS_p_TCGAb47_SNP_1N_GenomeWideSNP_6_A03_628284	17	79633277	80070333	66	1.6867
CUSKS_p_TCGAb47_SNP_1N_GenomeWideSNP_6_A03_628284	17	80071049	81049726	484	0.3522
CUSKS_p_TCGAb47_SNP_1N_GenomeWideSNP_6_A03_628284	18	11543	78015057	50853	0.1131
CUSKS_p_TCGAb47_SNP_1N_GenomeWideSNP_6_A03_628284	19	90910	22603091	10152	0.0924
CUSKS_p_TCGAb47_SNP_1N_GenomeWideSNP_6_A03_628284	19	22603496	22609399	3	-1.5207
CUSKS_p_TCGAb47_SNP_1N_GenomeWideSNP_6_A03_628284	19	22615166	24507124	1106	0.1474
CUSKS_p_TCGAb47_SNP_1N_GenomeWideSNP_6_A03_628284	19	24507134	36830311	6036	0.6131
CUSKS_p_TCGAb47_SNP_1N_GenomeWideSNP_6_A03_628284	19	36845875	36847498	11	-0.7983
CUSKS_p_TCGAb47_SNP_1N_GenomeWideSNP_6_A03_628284	19	36847637	46693917	5060	0.5859
CUSKS_p_TCGAb47_SNP_1N_GenomeWideSNP_6_A03_628284	19	46695194	50402613	1632	0.9238
CUSKS_p_TCGAb47_SNP_1N_GenomeWideSNP_6_A03_628284	19	50409165	50416257	3	-2.0045
CUSKS_p_TCGAb47_SNP_1N_GenomeWideSNP_6_A03_628284	19	50417490	52131813	969	0.9521
CUSKS_p_TCGAb47_SNP_1N_GenomeWideSNP_6_A03_628284	19	52142352	52147936	10	1.8566
CUSKS_p_TCGAb47_SNP_1N_GenomeWideSNP_6_A03_628284	19	52148197	52606876	305	1.0228
CUSKS_p_TCGAb47_SNP_1N_GenomeWideSNP_6_A03_628284	19	52607087	52607783	3	-0.981
CUSKS_p_TCGAb47_SNP_1N_GenomeWideSNP_6_A03_628284	19	52610003	53333888	500	0.902
CUSKS_p_TCGAb47_SNP_1N_GenomeWideSNP_6_A03_628284	19	53333903	53334165	2	-2.2766
CUSKS_p_TCGAb47_SNP_1N_GenomeWideSNP_6_A03_628284	19	53334728	56282369	1723	1.0006
CUSKS_p_TCGAb47_SNP_1N_GenomeWideSNP_6_A03_628284	19	56282535	56283067	3	-3.0359
CUSKS_p_TCGAb47_SNP_1N_GenomeWideSNP_6_A03_628284	19	56286293	58597405	1574	0.9135
CUSKS_p_TCGAb47_SNP_1N_GenomeWideSNP_6_A03_628284	19	58601221	58611723	3	2.3218
CUSKS_p_TCGAb47_SNP_1N_GenomeWideSNP_6_A03_628284	19	58614021	58688430	66	1.4756
CUSKS_p_TCGAb47_SNP_1N_GenomeWideSNP_6_A03_628284	19	58703085	58733379	21	2.0193
CUSKS_p_TCGAb47_SNP_1N_GenomeWideSNP_6_A03_628284	19	58734330	59097854	186	-0.1797
CUSKS_p_TCGAb47_SNP_1N_GenomeWideSNP_6_A03_628284	20	61305	1552503	1186	0.4224
CUSKS_p_TCGAb47_SNP_1N_GenomeWideSNP_6_A03_628284	20	1557190	1582092	56	-0.5339
CUSKS_p_TCGAb47_SNP_1N_GenomeWideSNP_6_A03_628284	20	1582207	1593893	6	1.036
CUSKS_p_TCGAb47_SNP_1N_GenomeWideSNP_6_A03_628284	20	1597946	4308547	1910	0.4034
CUSKS_p_TCGAb47_SNP_1N_GenomeWideSNP_6_A03_628284	20	4308750	4406556	103	-0.2325
CUSKS_p_TCGAb47_SNP_1N_GenomeWideSNP_6_A03_628284	20	4406631	4514960	97	0.1757
CUSKS_p_TCGAb47_SNP_1N_GenomeWideSNP_6_A03_628284	20	4516684	4579170	55	-0.2184
CUSKS_p_TCGAb47_SNP_1N_GenomeWideSNP_6_A03_628284	20	4582997	23677912	15069	0.1607
CUSKS_p_TCGAb47_SNP_1N_GenomeWideSNP_6_A03_628284	20	23678890	24160549	379	0.6145
CUSKS_p_TCGAb47_SNP_1N_GenomeWideSNP_6_A03_628284	20	24162776	26018291	1098	0.1866
CUSKS_p_TCGAb47_SNP_1N_GenomeWideSNP_6_A03_628284	20	26057295	29835049	176	0.6077
CUSKS_p_TCGAb47_SNP_1N_GenomeWideSNP_6_A03_628284	20	29835471	30608046	360	-0.1586
CUSKS_p_TCGAb47_SNP_1N_GenomeWideSNP_6_A03_628284	20	30611199	30861529	118	0.3759
CUSKS_p_TCGAb47_SNP_1N_GenomeWideSNP_6_A03_628284	20	30864279	32067562	709	-0.1916
CUSKS_p_TCGAb47_SNP_1N_GenomeWideSNP_6_A03_628284	20	32087001	32210001	48	0.3684
CUSKS_p_TCGAb47_SNP_1N_GenomeWideSNP_6_A03_628284	20	32212543	32298800	26	-0.1615
CUSKS_p_TCGAb47_SNP_1N_GenomeWideSNP_6_A03_628284	20	32303607	34079237	814	0.6696
CUSKS_p_TCGAb47_SNP_1N_GenomeWideSNP_6_A03_628284	20	34081644	62956153	20311	-0.1693
CUSKS_p_TCGAb47_SNP_1N_GenomeWideSNP_6_A03_628284	21	10736871	15041223	360	0.0139
CUSKS_p_TCGAb47_SNP_1N_GenomeWideSNP_6_A03_628284	21	15050296	15056982	4	-1.6576
CUSKS_p_TCGAb47_SNP_1N_GenomeWideSNP_6_A03_628284	21	15058681	20056087	3352	0.1119
CUSKS_p_TCGAb47_SNP_1N_GenomeWideSNP_6_A03_628284	21	20057678	20080384	26	0.6359
CUSKS_p_TCGAb47_SNP_1N_GenomeWideSNP_6_A03_628284	21	20080934	48096957	20686	0.1177
CUSKS_p_TCGAb47_SNP_1N_GenomeWideSNP_6_A03_628284	22	16052528	24096996	4468	0.2155
CUSKS_p_TCGAb47_SNP_1N_GenomeWideSNP_6_A03_628284	22	24097015	24288457	129	0.7939
CUSKS_p_TCGAb47_SNP_1N_GenomeWideSNP_6_A03_628284	22	24292264	24293856	3	-0.6669
CUSKS_p_TCGAb47_SNP_1N_GenomeWideSNP_6_A03_628284	22	24300797	24344422	23	0.9219
CUSKS_p_TCGAb47_SNP_1N_GenomeWideSNP_6_A03_628284	22	24350529	24396814	19	-2.1783
CUSKS_p_TCGAb47_SNP_1N_GenomeWideSNP_6_A03_628284	22	24401529	24605185	135	0.9079
CUSKS_p_TCGAb47_SNP_1N_GenomeWideSNP_6_A03_628284	22	24608924	26343061	1386	0.1449
CUSKS_p_TCGAb47_SNP_1N_GenomeWideSNP_6_A03_628284	22	26344024	26754908	401	-0.1864
CUSKS_p_TCGAb47_SNP_1N_GenomeWideSNP_6_A03_628284	22	26754921	27162254	346	0.1475
CUSKS_p_TCGAb47_SNP_1N_GenomeWideSNP_6_A03_628284	22	27162907	27431862	307	-0.1857
CUSKS_p_TCGAb47_SNP_1N_GenomeWideSNP_6_A03_628284	22	27434599	27530422	146	0.2128
CUSKS_p_TCGAb47_SNP_1N_GenomeWideSNP_6_A03_628284	22	27532926	28847975	1060	0.6134
CUSKS_p_TCGAb47_SNP_1N_GenomeWideSNP_6_A03_628284	22	28859067	29511620	376	-0.1608
CUSKS_p_TCGAb47_SNP_1N_GenomeWideSNP_6_A03_628284	22	29512811	29601204	40	0.4714
CUSKS_p_TCGAb47_SNP_1N_GenomeWideSNP_6_A03_628284	22	29603796	29869190	153	-0.6795
CUSKS_p_TCGAb47_SNP_1N_GenomeWideSNP_6_A03_628284	22	29870258	29881717	6	0.4417
CUSKS_p_TCGAb47_SNP_1N_GenomeWideSNP_6_A03_628284	22	29881801	30113960	134	-0.6783
CUSKS_p_TCGAb47_SNP_1N_GenomeWideSNP_6_A03_628284	22	30128394	30259342	75	0.5703
CUSKS_p_TCGAb47_SNP_1N_GenomeWideSNP_6_A03_628284	22	30261219	30272623	3	-0.5425
CUSKS_p_TCGAb47_SNP_1N_GenomeWideSNP_6_A03_628284	22	30280162	31459278	687	0.0186
CUSKS_p_TCGAb47_SNP_1N_GenomeWideSNP_6_A03_628284	22	31465184	32671092	693	-0.642
CUSKS_p_TCGAb47_SNP_1N_GenomeWideSNP_6_A03_628284	22	32675800	33089036	319	-0.126
CUSKS_p_TCGAb47_SNP_1N_GenomeWideSNP_6_A03_628284	22	33091905	39282343	4550	-0.6395
CUSKS_p_TCGAb47_SNP_1N_GenomeWideSNP_6_A03_628284	22	39286977	40612444	665	0.1146
CUSKS_p_TCGAb47_SNP_1N_GenomeWideSNP_6_A03_628284	22	40613036	42012079	801	0.5517
CUSKS_p_TCGAb47_SNP_1N_GenomeWideSNP_6_A03_628284	22	42012286	43256798	683	-0.6794
CUSKS_p_TCGAb47_SNP_1N_GenomeWideSNP_6_A03_628284	22	43259953	46643774	2442	0.6089
CUSKS_p_TCGAb47_SNP_1N_GenomeWideSNP_6_A03_628284	22	46650308	51234455	3508	-0.7011
CUSKS_p_TCGAb47_SNP_1N_GenomeWideSNP_6_A03_628284	X	168477	16337398	10073	0.1481
CUSKS_p_TCGAb47_SNP_1N_GenomeWideSNP_6_A03_628284	X	16338203	16354529	14	-0.9807
CUSKS_p_TCGAb47_SNP_1N_GenomeWideSNP_6_A03_628284	X	16356421	21870394	2878	0.1576
CUSKS_p_TCGAb47_SNP_1N_GenomeWideSNP_6_A03_628284	X	21870439	24261585	1867	-0.196
CUSKS_p_TCGAb47_SNP_1N_GenomeWideSNP_6_A03_628284	X	24263022	87840922	31626	0.1571
CUSKS_p_TCGAb47_SNP_1N_GenomeWideSNP_6_A03_628284	X	87847637	126436916	21188	-0.2097
CUSKS_p_TCGAb47_SNP_1N_GenomeWideSNP_6_A03_628284	X	126436948	126445960	3	-2.2937
CUSKS_p_TCGAb47_SNP_1N_GenomeWideSNP_6_A03_628284	X	126446002	133537668	3818	-0.2181
CUSKS_p_TCGAb47_SNP_1N_GenomeWideSNP_6_A03_628284	X	133541815	155182354	13174	0.1272
CUSKS_p_TCGAb47_SNP_1N_GenomeWideSNP_6_A03_628284	Y	2650438	2856042	100	-3.1281
CUSKS_p_TCGAb47_SNP_1N_GenomeWideSNP_6_A03_628284	Y	2856353	6101425	771	-2.7701
CUSKS_p_TCGAb47_SNP_1N_GenomeWideSNP_6_A03_628284	Y	6107901	6281935	78	-4.6501
CUSKS_p_TCGAb47_SNP_1N_GenomeWideSNP_6_A03_628284	Y	6282097	9164747	1495	-3.4422
CUSKS_p_TCGAb47_SNP_1N_GenomeWideSNP_6_A03_628284	Y	9167305	9391884	27	-5.2597
CUSKS_p_TCGAb47_SNP_1N_GenomeWideSNP_6_A03_628284	Y	9392195	9759564	155	-3.8293
CUSKS_p_TCGAb47_SNP_1N_GenomeWideSNP_6_A03_628284	Y	9774614	15024621	696	-3.1684
CUSKS_p_TCGAb47_SNP_1N_GenomeWideSNP_6_A03_628284	Y	15026424	15030817	5	-6.5812
CUSKS_p_TCGAb47_SNP_1N_GenomeWideSNP_6_A03_628284	Y	15032288	15590276	249	-3.2209
CUSKS_p_TCGAb47_SNP_1N_GenomeWideSNP_6_A03_628284	Y	15590342	15594523	3	-7.8202
CUSKS_p_TCGAb47_SNP_1N_GenomeWideSNP_6_A03_628284	Y	15594889	19570632	2081	-3.3411
CUSKS_p_TCGAb47_SNP_1N_GenomeWideSNP_6_A03_628284	Y	19571480	21028957	674	-4.2086
CUSKS_p_TCGAb47_SNP_1N_GenomeWideSNP_6_A03_628284	Y	21029230	23884101	1094	-3.4275
CUSKS_p_TCGAb47_SNP_1N_GenomeWideSNP_6_A03_628284	Y	23884367	26631228	592	-4.0161
CUSKS_p_TCGAb47_SNP_1N_GenomeWideSNP_6_A03_628284	Y	26631371	26802327	28	-5.6965
CUSKS_p_TCGAb47_SNP_1N_GenomeWideSNP_6_A03_628284	Y	26803166	27315972	55	-4.5297
CUSKS_p_TCGAb47_SNP_1N_GenomeWideSNP_6_A03_628284	Y	27367487	27899940	164	-3.5589
CUSKS_p_TCGAb47_SNP_1N_GenomeWideSNP_6_A03_628284	Y	27902491	28423938	180	-4.3518
CUSKS_p_TCGAb47_SNP_1N_GenomeWideSNP_6_A03_628284	Y	28438116	59018259	183	-3.047
