Sample	Chromosome	Start	End	Num_Probes	Segment_Mean
CUSKS_p_TCGAb47_SNP_1N_GenomeWideSNP_6_H02_628288	1	61735	750334	44	0.5326
CUSKS_p_TCGAb47_SNP_1N_GenomeWideSNP_6_H02_628288	1	752566	16149915	8372	0.0047
CUSKS_p_TCGAb47_SNP_1N_GenomeWideSNP_6_H02_628288	1	16153497	16153925	6	-3.1222
CUSKS_p_TCGAb47_SNP_1N_GenomeWideSNP_6_H02_628288	1	16154201	16807224	289	0.0055
CUSKS_p_TCGAb47_SNP_1N_GenomeWideSNP_6_H02_628288	1	16808694	17005978	60	0.3991
CUSKS_p_TCGAb47_SNP_1N_GenomeWideSNP_6_H02_628288	1	17011450	17012741	12	-0.6369
CUSKS_p_TCGAb47_SNP_1N_GenomeWideSNP_6_H02_628288	1	17012785	17190862	48	0.4601
CUSKS_p_TCGAb47_SNP_1N_GenomeWideSNP_6_H02_628288	1	17195155	17257943	44	-0.4598
CUSKS_p_TCGAb47_SNP_1N_GenomeWideSNP_6_H02_628288	1	17258139	22301198	3360	0.0051
CUSKS_p_TCGAb47_SNP_1N_GenomeWideSNP_6_H02_628288	1	22301476	22318183	5	-0.574
CUSKS_p_TCGAb47_SNP_1N_GenomeWideSNP_6_H02_628288	1	22319001	22338125	8	-1.4063
CUSKS_p_TCGAb47_SNP_1N_GenomeWideSNP_6_H02_628288	1	22342389	35091674	6906	9e-04
CUSKS_p_TCGAb47_SNP_1N_GenomeWideSNP_6_H02_628288	1	35102654	35104491	20	-0.572
CUSKS_p_TCGAb47_SNP_1N_GenomeWideSNP_6_H02_628288	1	35114268	39959701	2644	-0.0014
CUSKS_p_TCGAb47_SNP_1N_GenomeWideSNP_6_H02_628288	1	39963260	39975142	8	-0.8708
CUSKS_p_TCGAb47_SNP_1N_GenomeWideSNP_6_H02_628288	1	39982457	65897747	16627	0.0087
CUSKS_p_TCGAb47_SNP_1N_GenomeWideSNP_6_H02_628288	1	65897869	65931904	18	-0.444
CUSKS_p_TCGAb47_SNP_1N_GenomeWideSNP_6_H02_628288	1	65934386	72768916	4574	0.0115
CUSKS_p_TCGAb47_SNP_1N_GenomeWideSNP_6_H02_628288	1	72768936	72797412	27	-2.2255
CUSKS_p_TCGAb47_SNP_1N_GenomeWideSNP_6_H02_628288	1	72798594	72808719	9	-0.8212
CUSKS_p_TCGAb47_SNP_1N_GenomeWideSNP_6_H02_628288	1	72808751	72811133	8	-1.9738
CUSKS_p_TCGAb47_SNP_1N_GenomeWideSNP_6_H02_628288	1	72811148	81779554	5705	0.0108
CUSKS_p_TCGAb47_SNP_1N_GenomeWideSNP_6_H02_628288	1	81780540	81780763	2	1.3672
CUSKS_p_TCGAb47_SNP_1N_GenomeWideSNP_6_H02_628288	1	81787087	81888456	80	0.0147
CUSKS_p_TCGAb47_SNP_1N_GenomeWideSNP_6_H02_628288	1	81888602	81888681	4	-0.9185
CUSKS_p_TCGAb47_SNP_1N_GenomeWideSNP_6_H02_628288	1	81888694	104221647	14307	0.0046
CUSKS_p_TCGAb47_SNP_1N_GenomeWideSNP_6_H02_628288	1	104221812	104268222	21	0.8413
CUSKS_p_TCGAb47_SNP_1N_GenomeWideSNP_6_H02_628288	1	104303403	106019236	922	0.0092
CUSKS_p_TCGAb47_SNP_1N_GenomeWideSNP_6_H02_628288	1	106019310	106022375	15	0.9791
CUSKS_p_TCGAb47_SNP_1N_GenomeWideSNP_6_H02_628288	1	106024055	110207321	2651	0.0178
CUSKS_p_TCGAb47_SNP_1N_GenomeWideSNP_6_H02_628288	1	110219008	110260742	59	0.3058
CUSKS_p_TCGAb47_SNP_1N_GenomeWideSNP_6_H02_628288	1	110264612	112690326	1936	0.0318
CUSKS_p_TCGAb47_SNP_1N_GenomeWideSNP_6_H02_628288	1	112695965	112697241	23	-0.4975
CUSKS_p_TCGAb47_SNP_1N_GenomeWideSNP_6_H02_628288	1	112697376	120568607	5070	0.0083
CUSKS_p_TCGAb47_SNP_1N_GenomeWideSNP_6_H02_628288	1	120578053	120852611	29	0.3754
CUSKS_p_TCGAb47_SNP_1N_GenomeWideSNP_6_H02_628288	1	120858756	121355881	88	-0.034
CUSKS_p_TCGAb47_SNP_1N_GenomeWideSNP_6_H02_628288	1	121436219	145372563	279	0.3454
CUSKS_p_TCGAb47_SNP_1N_GenomeWideSNP_6_H02_628288	1	145382124	147825662	853	0.0303
CUSKS_p_TCGAb47_SNP_1N_GenomeWideSNP_6_H02_628288	1	147827821	149844995	307	0.2472
CUSKS_p_TCGAb47_SNP_1N_GenomeWideSNP_6_H02_628288	1	149850351	152555527	1416	0.0168
CUSKS_p_TCGAb47_SNP_1N_GenomeWideSNP_6_H02_628288	1	152555706	152586576	34	-2.4426
CUSKS_p_TCGAb47_SNP_1N_GenomeWideSNP_6_H02_628288	1	152586594	152761923	173	0.0175
CUSKS_p_TCGAb47_SNP_1N_GenomeWideSNP_6_H02_628288	1	152761939	152768700	36	-0.4393
CUSKS_p_TCGAb47_SNP_1N_GenomeWideSNP_6_H02_628288	1	152773905	153673674	626	0.0138
CUSKS_p_TCGAb47_SNP_1N_GenomeWideSNP_6_H02_628288	1	153676562	153678097	3	1.0037
CUSKS_p_TCGAb47_SNP_1N_GenomeWideSNP_6_H02_628288	1	153680016	153718220	14	0.0568
CUSKS_p_TCGAb47_SNP_1N_GenomeWideSNP_6_H02_628288	1	153718472	153718746	2	-1.2416
CUSKS_p_TCGAb47_SNP_1N_GenomeWideSNP_6_H02_628288	1	153725210	158866573	2975	0.0246
CUSKS_p_TCGAb47_SNP_1N_GenomeWideSNP_6_H02_628288	1	158868501	158869759	2	2.2763
CUSKS_p_TCGAb47_SNP_1N_GenomeWideSNP_6_H02_628288	1	158874818	165036995	4391	0.0206
CUSKS_p_TCGAb47_SNP_1N_GenomeWideSNP_6_H02_628288	1	165045465	165045534	2	-1.403
CUSKS_p_TCGAb47_SNP_1N_GenomeWideSNP_6_H02_628288	1	165045554	169216937	3316	0.0111
CUSKS_p_TCGAb47_SNP_1N_GenomeWideSNP_6_H02_628288	1	169233974	169241766	7	0.6605
CUSKS_p_TCGAb47_SNP_1N_GenomeWideSNP_6_H02_628288	1	169242401	193155792	15802	0.0073
CUSKS_p_TCGAb47_SNP_1N_GenomeWideSNP_6_H02_628288	1	193156279	193156348	4	-1.8916
CUSKS_p_TCGAb47_SNP_1N_GenomeWideSNP_6_H02_628288	1	193159723	196732086	2406	0.0138
CUSKS_p_TCGAb47_SNP_1N_GenomeWideSNP_6_H02_628288	1	196738623	196857198	133	0.3303
CUSKS_p_TCGAb47_SNP_1N_GenomeWideSNP_6_H02_628288	1	196857448	214637808	11878	0.0026
CUSKS_p_TCGAb47_SNP_1N_GenomeWideSNP_6_H02_628288	1	214638436	214638457	2	-1.6377
CUSKS_p_TCGAb47_SNP_1N_GenomeWideSNP_6_H02_628288	1	214639253	237989980	16145	-0.0029
CUSKS_p_TCGAb47_SNP_1N_GenomeWideSNP_6_H02_628288	1	237990152	237990337	2	-1.4947
CUSKS_p_TCGAb47_SNP_1N_GenomeWideSNP_6_H02_628288	1	237992060	238855281	753	-0.0014
CUSKS_p_TCGAb47_SNP_1N_GenomeWideSNP_6_H02_628288	1	238855638	238856094	3	-1.4542
CUSKS_p_TCGAb47_SNP_1N_GenomeWideSNP_6_H02_628288	1	238862449	243048740	3273	-0.0092
CUSKS_p_TCGAb47_SNP_1N_GenomeWideSNP_6_H02_628288	1	243049874	243059774	38	0.5088
CUSKS_p_TCGAb47_SNP_1N_GenomeWideSNP_6_H02_628288	1	243062601	243063040	4	-0.6447
CUSKS_p_TCGAb47_SNP_1N_GenomeWideSNP_6_H02_628288	1	243063883	243064142	7	0.7516
CUSKS_p_TCGAb47_SNP_1N_GenomeWideSNP_6_H02_628288	1	243065369	246840420	2468	0.0077
CUSKS_p_TCGAb47_SNP_1N_GenomeWideSNP_6_H02_628288	1	246840434	246873394	22	-0.4279
CUSKS_p_TCGAb47_SNP_1N_GenomeWideSNP_6_H02_628288	1	246874875	248600297	1095	0.0238
CUSKS_p_TCGAb47_SNP_1N_GenomeWideSNP_6_H02_628288	1	248600796	248660184	20	0.6168
CUSKS_p_TCGAb47_SNP_1N_GenomeWideSNP_6_H02_628288	1	248660552	248736075	19	-0.0177
CUSKS_p_TCGAb47_SNP_1N_GenomeWideSNP_6_H02_628288	1	248737447	248797213	34	-0.7351
CUSKS_p_TCGAb47_SNP_1N_GenomeWideSNP_6_H02_628288	1	248805339	249224388	145	0.0355
CUSKS_p_TCGAb47_SNP_1N_GenomeWideSNP_6_H02_628288	2	12784	4216452	2994	0.0247
CUSKS_p_TCGAb47_SNP_1N_GenomeWideSNP_6_H02_628288	2	4216469	4222432	26	0.3669
CUSKS_p_TCGAb47_SNP_1N_GenomeWideSNP_6_H02_628288	2	4222484	14358157	7730	0.0047
CUSKS_p_TCGAb47_SNP_1N_GenomeWideSNP_6_H02_628288	2	14358170	14360747	13	0.4778
CUSKS_p_TCGAb47_SNP_1N_GenomeWideSNP_6_H02_628288	2	14360764	15009071	496	0.009
CUSKS_p_TCGAb47_SNP_1N_GenomeWideSNP_6_H02_628288	2	15012057	15064586	48	-1.1179
CUSKS_p_TCGAb47_SNP_1N_GenomeWideSNP_6_H02_628288	2	15071092	24599249	6640	0.0071
CUSKS_p_TCGAb47_SNP_1N_GenomeWideSNP_6_H02_628288	2	24601511	24611128	20	-2.2448
CUSKS_p_TCGAb47_SNP_1N_GenomeWideSNP_6_H02_628288	2	24611727	98023306	43349	0.009
CUSKS_p_TCGAb47_SNP_1N_GenomeWideSNP_6_H02_628288	2	98025647	98249659	31	0.6319
CUSKS_p_TCGAb47_SNP_1N_GenomeWideSNP_6_H02_628288	2	98254740	106135637	4903	0.0034
CUSKS_p_TCGAb47_SNP_1N_GenomeWideSNP_6_H02_628288	2	106138125	106139216	3	-1.0195
CUSKS_p_TCGAb47_SNP_1N_GenomeWideSNP_6_H02_628288	2	106140211	106874722	652	0.0088
CUSKS_p_TCGAb47_SNP_1N_GenomeWideSNP_6_H02_628288	2	106880095	106887255	13	0.7787
CUSKS_p_TCGAb47_SNP_1N_GenomeWideSNP_6_H02_628288	2	106887408	129638078	13456	0.0173
CUSKS_p_TCGAb47_SNP_1N_GenomeWideSNP_6_H02_628288	2	129638478	129640297	14	-0.936
CUSKS_p_TCGAb47_SNP_1N_GenomeWideSNP_6_H02_628288	2	129640315	130788774	878	0.0172
CUSKS_p_TCGAb47_SNP_1N_GenomeWideSNP_6_H02_628288	2	130793856	130826342	12	0.8281
CUSKS_p_TCGAb47_SNP_1N_GenomeWideSNP_6_H02_628288	2	130849237	194687745	38525	0.0084
CUSKS_p_TCGAb47_SNP_1N_GenomeWideSNP_6_H02_628288	2	194690304	194693798	2	1.9
CUSKS_p_TCGAb47_SNP_1N_GenomeWideSNP_6_H02_628288	2	194702314	208354912	8100	-0.0074
CUSKS_p_TCGAb47_SNP_1N_GenomeWideSNP_6_H02_628288	2	208354955	208359336	17	0.5057
CUSKS_p_TCGAb47_SNP_1N_GenomeWideSNP_6_H02_628288	2	208359476	215723306	4691	0.0028
CUSKS_p_TCGAb47_SNP_1N_GenomeWideSNP_6_H02_628288	2	215729750	215730821	2	-2.1096
CUSKS_p_TCGAb47_SNP_1N_GenomeWideSNP_6_H02_628288	2	215731190	229757006	9200	-0.0051
CUSKS_p_TCGAb47_SNP_1N_GenomeWideSNP_6_H02_628288	2	229759479	229759913	8	-0.9033
CUSKS_p_TCGAb47_SNP_1N_GenomeWideSNP_6_H02_628288	2	229760083	233124685	1926	-0.0108
CUSKS_p_TCGAb47_SNP_1N_GenomeWideSNP_6_H02_628288	2	233124875	233137318	4	-1.2017
CUSKS_p_TCGAb47_SNP_1N_GenomeWideSNP_6_H02_628288	2	233141265	243089456	6310	0.0061
CUSKS_p_TCGAb47_SNP_1N_GenomeWideSNP_6_H02_628288	3	60345	6651128	5850	0.0373
CUSKS_p_TCGAb47_SNP_1N_GenomeWideSNP_6_H02_628288	3	6651211	6655248	24	0.3908
CUSKS_p_TCGAb47_SNP_1N_GenomeWideSNP_6_H02_628288	3	6655371	26426191	14071	0.0067
CUSKS_p_TCGAb47_SNP_1N_GenomeWideSNP_6_H02_628288	3	26434124	26439343	5	-1.2207
CUSKS_p_TCGAb47_SNP_1N_GenomeWideSNP_6_H02_628288	3	26445973	56084367	18221	0.0054
CUSKS_p_TCGAb47_SNP_1N_GenomeWideSNP_6_H02_628288	3	56087377	56087647	2	1.5073
CUSKS_p_TCGAb47_SNP_1N_GenomeWideSNP_6_H02_628288	3	56090190	65199568	7262	0.0116
CUSKS_p_TCGAb47_SNP_1N_GenomeWideSNP_6_H02_628288	3	65199702	65203528	6	0.7195
CUSKS_p_TCGAb47_SNP_1N_GenomeWideSNP_6_H02_628288	3	65203532	68746164	2438	-0.0067
CUSKS_p_TCGAb47_SNP_1N_GenomeWideSNP_6_H02_628288	3	68746259	68747364	13	0.4766
CUSKS_p_TCGAb47_SNP_1N_GenomeWideSNP_6_H02_628288	3	68747413	76409334	5282	0.0094
CUSKS_p_TCGAb47_SNP_1N_GenomeWideSNP_6_H02_628288	3	76409384	76410012	3	1.2782
CUSKS_p_TCGAb47_SNP_1N_GenomeWideSNP_6_H02_628288	3	76411788	98937784	10674	0.0096
CUSKS_p_TCGAb47_SNP_1N_GenomeWideSNP_6_H02_628288	3	98944458	98949308	36	-2.5005
CUSKS_p_TCGAb47_SNP_1N_GenomeWideSNP_6_H02_628288	3	98949314	162512739	39104	0.0083
CUSKS_p_TCGAb47_SNP_1N_GenomeWideSNP_6_H02_628288	3	162513092	162530315	12	0.6572
CUSKS_p_TCGAb47_SNP_1N_GenomeWideSNP_6_H02_628288	3	162530870	162540490	8	-1.802
CUSKS_p_TCGAb47_SNP_1N_GenomeWideSNP_6_H02_628288	3	162545716	162623842	43	0.6838
CUSKS_p_TCGAb47_SNP_1N_GenomeWideSNP_6_H02_628288	3	162623853	169348944	3919	0.0253
CUSKS_p_TCGAb47_SNP_1N_GenomeWideSNP_6_H02_628288	3	169349862	169352825	4	-1.8239
CUSKS_p_TCGAb47_SNP_1N_GenomeWideSNP_6_H02_628288	3	169353852	175080611	3749	0.0092
CUSKS_p_TCGAb47_SNP_1N_GenomeWideSNP_6_H02_628288	3	175080747	175081226	4	-4.5928
CUSKS_p_TCGAb47_SNP_1N_GenomeWideSNP_6_H02_628288	3	175081325	192877962	11531	0.0018
CUSKS_p_TCGAb47_SNP_1N_GenomeWideSNP_6_H02_628288	3	192878045	192882903	18	-1.651
CUSKS_p_TCGAb47_SNP_1N_GenomeWideSNP_6_H02_628288	3	192886435	196478001	1991	-0.0104
CUSKS_p_TCGAb47_SNP_1N_GenomeWideSNP_6_H02_628288	3	196478213	196497890	6	-0.7672
CUSKS_p_TCGAb47_SNP_1N_GenomeWideSNP_6_H02_628288	3	196502817	197896118	707	0.0028
CUSKS_p_TCGAb47_SNP_1N_GenomeWideSNP_6_H02_628288	4	12281	10210390	5804	0.0221
CUSKS_p_TCGAb47_SNP_1N_GenomeWideSNP_6_H02_628288	4	10214160	10229920	17	2.6253
CUSKS_p_TCGAb47_SNP_1N_GenomeWideSNP_6_H02_628288	4	10229950	10230797	6	1.8227
CUSKS_p_TCGAb47_SNP_1N_GenomeWideSNP_6_H02_628288	4	10230812	10235268	13	1.2226
CUSKS_p_TCGAb47_SNP_1N_GenomeWideSNP_6_H02_628288	4	10236142	10272093	42	-0.0107
CUSKS_p_TCGAb47_SNP_1N_GenomeWideSNP_6_H02_628288	4	10272788	10274994	11	-1.3374
CUSKS_p_TCGAb47_SNP_1N_GenomeWideSNP_6_H02_628288	4	10275982	10398611	122	0.0407
CUSKS_p_TCGAb47_SNP_1N_GenomeWideSNP_6_H02_628288	4	10398737	10400668	11	-1.0529
CUSKS_p_TCGAb47_SNP_1N_GenomeWideSNP_6_H02_628288	4	10402718	26022874	11374	0.0023
CUSKS_p_TCGAb47_SNP_1N_GenomeWideSNP_6_H02_628288	4	26027719	26027797	2	-1.417
CUSKS_p_TCGAb47_SNP_1N_GenomeWideSNP_6_H02_628288	4	26028187	29316074	2136	-0.0111
CUSKS_p_TCGAb47_SNP_1N_GenomeWideSNP_6_H02_628288	4	29318239	29318249	2	-2.6045
CUSKS_p_TCGAb47_SNP_1N_GenomeWideSNP_6_H02_628288	4	29318265	34778860	3294	0.0112
CUSKS_p_TCGAb47_SNP_1N_GenomeWideSNP_6_H02_628288	4	34778962	34829872	45	0.7091
CUSKS_p_TCGAb47_SNP_1N_GenomeWideSNP_6_H02_628288	4	34829913	49179856	8985	0.007
CUSKS_p_TCGAb47_SNP_1N_GenomeWideSNP_6_H02_628288	4	49205918	49309854	11	0.7342
CUSKS_p_TCGAb47_SNP_1N_GenomeWideSNP_6_H02_628288	4	49503166	63667834	7038	0.0033
CUSKS_p_TCGAb47_SNP_1N_GenomeWideSNP_6_H02_628288	4	63669936	63679630	9	-0.6914
CUSKS_p_TCGAb47_SNP_1N_GenomeWideSNP_6_H02_628288	4	63684502	64697469	556	0.0404
CUSKS_p_TCGAb47_SNP_1N_GenomeWideSNP_6_H02_628288	4	64697517	64727390	38	0.4045
CUSKS_p_TCGAb47_SNP_1N_GenomeWideSNP_6_H02_628288	4	64730805	69261064	2852	0.0138
CUSKS_p_TCGAb47_SNP_1N_GenomeWideSNP_6_H02_628288	4	69282205	69288142	5	-1.9044
CUSKS_p_TCGAb47_SNP_1N_GenomeWideSNP_6_H02_628288	4	69294799	69485979	81	-0.3692
CUSKS_p_TCGAb47_SNP_1N_GenomeWideSNP_6_H02_628288	4	69489335	95301734	15719	0.0105
CUSKS_p_TCGAb47_SNP_1N_GenomeWideSNP_6_H02_628288	4	95302604	95306319	2	-1.4511
CUSKS_p_TCGAb47_SNP_1N_GenomeWideSNP_6_H02_628288	4	95308132	100293062	3024	-0.0019
CUSKS_p_TCGAb47_SNP_1N_GenomeWideSNP_6_H02_628288	4	100293197	100296452	3	-1.8058
CUSKS_p_TCGAb47_SNP_1N_GenomeWideSNP_6_H02_628288	4	100299102	133880854	20019	0.0076
CUSKS_p_TCGAb47_SNP_1N_GenomeWideSNP_6_H02_628288	4	133884621	133973653	42	0.2951
CUSKS_p_TCGAb47_SNP_1N_GenomeWideSNP_6_H02_628288	4	133977828	138080761	2236	0.0172
CUSKS_p_TCGAb47_SNP_1N_GenomeWideSNP_6_H02_628288	4	138082638	138108487	27	0.415
CUSKS_p_TCGAb47_SNP_1N_GenomeWideSNP_6_H02_628288	4	138108980	148928801	6743	0.0041
CUSKS_p_TCGAb47_SNP_1N_GenomeWideSNP_6_H02_628288	4	148929238	148930587	4	-1.262
CUSKS_p_TCGAb47_SNP_1N_GenomeWideSNP_6_H02_628288	4	148937058	161880018	8027	0.004
CUSKS_p_TCGAb47_SNP_1N_GenomeWideSNP_6_H02_628288	4	161880124	161921412	52	0.3588
CUSKS_p_TCGAb47_SNP_1N_GenomeWideSNP_6_H02_628288	4	161921728	168829902	4379	0.0071
CUSKS_p_TCGAb47_SNP_1N_GenomeWideSNP_6_H02_628288	4	168835403	168835407	2	1.3635
CUSKS_p_TCGAb47_SNP_1N_GenomeWideSNP_6_H02_628288	4	168835591	168978811	87	0.109
CUSKS_p_TCGAb47_SNP_1N_GenomeWideSNP_6_H02_628288	4	168979183	168979263	3	1.4397
CUSKS_p_TCGAb47_SNP_1N_GenomeWideSNP_6_H02_628288	4	168979316	172369346	2175	0.005
CUSKS_p_TCGAb47_SNP_1N_GenomeWideSNP_6_H02_628288	4	172374884	172377776	12	-0.7885
CUSKS_p_TCGAb47_SNP_1N_GenomeWideSNP_6_H02_628288	4	172380371	172987928	397	0.0263
CUSKS_p_TCGAb47_SNP_1N_GenomeWideSNP_6_H02_628288	4	172989148	172989533	12	-2.0933
CUSKS_p_TCGAb47_SNP_1N_GenomeWideSNP_6_H02_628288	4	172995979	173422522	232	0.0328
CUSKS_p_TCGAb47_SNP_1N_GenomeWideSNP_6_H02_628288	4	173424947	173428643	7	-1.3317
CUSKS_p_TCGAb47_SNP_1N_GenomeWideSNP_6_H02_628288	4	173441132	180093706	4142	0.0171
CUSKS_p_TCGAb47_SNP_1N_GenomeWideSNP_6_H02_628288	4	180097988	180098338	2	-2.9038
CUSKS_p_TCGAb47_SNP_1N_GenomeWideSNP_6_H02_628288	4	180101922	186394957	4596	0.0082
CUSKS_p_TCGAb47_SNP_1N_GenomeWideSNP_6_H02_628288	4	186396019	186417689	16	-0.9345
CUSKS_p_TCGAb47_SNP_1N_GenomeWideSNP_6_H02_628288	4	186421566	187089542	529	0.0039
CUSKS_p_TCGAb47_SNP_1N_GenomeWideSNP_6_H02_628288	4	187093988	187097398	2	1.4275
CUSKS_p_TCGAb47_SNP_1N_GenomeWideSNP_6_H02_628288	4	187106870	187621281	384	0.0013
CUSKS_p_TCGAb47_SNP_1N_GenomeWideSNP_6_H02_628288	4	187621568	187622150	2	-1.5092
CUSKS_p_TCGAb47_SNP_1N_GenomeWideSNP_6_H02_628288	4	187624194	191027923	2217	0.0407
CUSKS_p_TCGAb47_SNP_1N_GenomeWideSNP_6_H02_628288	5	15532	685748	307	0.0217
CUSKS_p_TCGAb47_SNP_1N_GenomeWideSNP_6_H02_628288	5	698371	866370	61	0.6174
CUSKS_p_TCGAb47_SNP_1N_GenomeWideSNP_6_H02_628288	5	866430	8766520	6663	0.0215
CUSKS_p_TCGAb47_SNP_1N_GenomeWideSNP_6_H02_628288	5	8767977	8768044	2	-1.385
CUSKS_p_TCGAb47_SNP_1N_GenomeWideSNP_6_H02_628288	5	8768529	12800889	3194	0.0143
CUSKS_p_TCGAb47_SNP_1N_GenomeWideSNP_6_H02_628288	5	12815780	12826650	11	0.8577
CUSKS_p_TCGAb47_SNP_1N_GenomeWideSNP_6_H02_628288	5	12833857	15718492	1977	0.0184
CUSKS_p_TCGAb47_SNP_1N_GenomeWideSNP_6_H02_628288	5	15719222	15720597	11	-0.8294
CUSKS_p_TCGAb47_SNP_1N_GenomeWideSNP_6_H02_628288	5	15723346	21376844	3507	0.0199
CUSKS_p_TCGAb47_SNP_1N_GenomeWideSNP_6_H02_628288	5	21377839	21377853	2	2.3658
CUSKS_p_TCGAb47_SNP_1N_GenomeWideSNP_6_H02_628288	5	21386066	21449276	45	0.1452
CUSKS_p_TCGAb47_SNP_1N_GenomeWideSNP_6_H02_628288	5	21451200	21452438	5	1.1105
CUSKS_p_TCGAb47_SNP_1N_GenomeWideSNP_6_H02_628288	5	21452496	21549830	28	0.1266
CUSKS_p_TCGAb47_SNP_1N_GenomeWideSNP_6_H02_628288	5	21550394	21566621	9	0.6128
CUSKS_p_TCGAb47_SNP_1N_GenomeWideSNP_6_H02_628288	5	21567036	46271108	14997	0.0105
CUSKS_p_TCGAb47_SNP_1N_GenomeWideSNP_6_H02_628288	5	46271930	46273502	6	-3.0845
CUSKS_p_TCGAb47_SNP_1N_GenomeWideSNP_6_H02_628288	5	46278212	57321586	5083	0.0041
CUSKS_p_TCGAb47_SNP_1N_GenomeWideSNP_6_H02_628288	5	57321646	57333533	33	-0.6978
CUSKS_p_TCGAb47_SNP_1N_GenomeWideSNP_6_H02_628288	5	57338357	98759032	23917	0.0029
CUSKS_p_TCGAb47_SNP_1N_GenomeWideSNP_6_H02_628288	5	98767744	98813855	35	-1.0229
CUSKS_p_TCGAb47_SNP_1N_GenomeWideSNP_6_H02_628288	5	98814760	101463189	1604	0.0474
CUSKS_p_TCGAb47_SNP_1N_GenomeWideSNP_6_H02_628288	5	101464844	101473187	3	-1.1748
CUSKS_p_TCGAb47_SNP_1N_GenomeWideSNP_6_H02_628288	5	101475627	103851221	1317	0.0031
CUSKS_p_TCGAb47_SNP_1N_GenomeWideSNP_6_H02_628288	5	103860373	103860604	4	1.6812
CUSKS_p_TCGAb47_SNP_1N_GenomeWideSNP_6_H02_628288	5	103861049	155475105	33490	0.0052
CUSKS_p_TCGAb47_SNP_1N_GenomeWideSNP_6_H02_628288	5	155476772	155495259	18	-0.6192
CUSKS_p_TCGAb47_SNP_1N_GenomeWideSNP_6_H02_628288	5	155500992	169705161	9959	0.0044
CUSKS_p_TCGAb47_SNP_1N_GenomeWideSNP_6_H02_628288	5	169708691	169755110	56	0.2399
CUSKS_p_TCGAb47_SNP_1N_GenomeWideSNP_6_H02_628288	5	169755799	175373508	4071	8e-04
CUSKS_p_TCGAb47_SNP_1N_GenomeWideSNP_6_H02_628288	5	175387546	175393612	3	1.5108
CUSKS_p_TCGAb47_SNP_1N_GenomeWideSNP_6_H02_628288	5	175393750	175426693	5	0.513
CUSKS_p_TCGAb47_SNP_1N_GenomeWideSNP_6_H02_628288	5	175431575	177198449	736	0.0209
CUSKS_p_TCGAb47_SNP_1N_GenomeWideSNP_6_H02_628288	5	177227551	177228579	2	2.286
CUSKS_p_TCGAb47_SNP_1N_GenomeWideSNP_6_H02_628288	5	177232605	178895399	943	-0.012
CUSKS_p_TCGAb47_SNP_1N_GenomeWideSNP_6_H02_628288	5	178896619	178896874	4	0.9085
CUSKS_p_TCGAb47_SNP_1N_GenomeWideSNP_6_H02_628288	5	178899733	180175501	754	-0.0105
CUSKS_p_TCGAb47_SNP_1N_GenomeWideSNP_6_H02_628288	5	180177342	180193199	7	0.7877
CUSKS_p_TCGAb47_SNP_1N_GenomeWideSNP_6_H02_628288	5	180193779	180374484	103	-0.0094
CUSKS_p_TCGAb47_SNP_1N_GenomeWideSNP_6_H02_628288	5	180374523	180433264	22	-0.4762
CUSKS_p_TCGAb47_SNP_1N_GenomeWideSNP_6_H02_628288	5	180442400	180509910	55	0.0045
CUSKS_p_TCGAb47_SNP_1N_GenomeWideSNP_6_H02_628288	5	180510947	180527309	6	-1.0405
CUSKS_p_TCGAb47_SNP_1N_GenomeWideSNP_6_H02_628288	5	180532296	180790320	108	0.0251
CUSKS_p_TCGAb47_SNP_1N_GenomeWideSNP_6_H02_628288	6	149661	254283	101	0.1379
CUSKS_p_TCGAb47_SNP_1N_GenomeWideSNP_6_H02_628288	6	257353	320872	29	-0.5651
CUSKS_p_TCGAb47_SNP_1N_GenomeWideSNP_6_H02_628288	6	322696	7913546	6345	0.0044
CUSKS_p_TCGAb47_SNP_1N_GenomeWideSNP_6_H02_628288	6	7913683	7917086	4	-1.3475
CUSKS_p_TCGAb47_SNP_1N_GenomeWideSNP_6_H02_628288	6	7917528	29836741	15272	-0.0017
CUSKS_p_TCGAb47_SNP_1N_GenomeWideSNP_6_H02_628288	6	29837072	29916486	45	0.5539
CUSKS_p_TCGAb47_SNP_1N_GenomeWideSNP_6_H02_628288	6	29916505	31286305	648	0.0082
CUSKS_p_TCGAb47_SNP_1N_GenomeWideSNP_6_H02_628288	6	31286531	31296451	9	-1.7592
CUSKS_p_TCGAb47_SNP_1N_GenomeWideSNP_6_H02_628288	6	31309924	32624304	570	-0.0114
CUSKS_p_TCGAb47_SNP_1N_GenomeWideSNP_6_H02_628288	6	32624591	32626618	5	-1.8813
CUSKS_p_TCGAb47_SNP_1N_GenomeWideSNP_6_H02_628288	6	32650612	67038046	19254	0.0163
CUSKS_p_TCGAb47_SNP_1N_GenomeWideSNP_6_H02_628288	6	67040913	67042897	6	-2.6121
CUSKS_p_TCGAb47_SNP_1N_GenomeWideSNP_6_H02_628288	6	67043192	78962889	7801	0.0103
CUSKS_p_TCGAb47_SNP_1N_GenomeWideSNP_6_H02_628288	6	78969065	79035185	113	-3.4622
CUSKS_p_TCGAb47_SNP_1N_GenomeWideSNP_6_H02_628288	6	79039234	89163505	6330	0.0013
CUSKS_p_TCGAb47_SNP_1N_GenomeWideSNP_6_H02_628288	6	89164038	89164433	3	-1.106
CUSKS_p_TCGAb47_SNP_1N_GenomeWideSNP_6_H02_628288	6	89164698	103734829	9165	0.0143
CUSKS_p_TCGAb47_SNP_1N_GenomeWideSNP_6_H02_628288	6	103737976	103762049	45	-1.6286
CUSKS_p_TCGAb47_SNP_1N_GenomeWideSNP_6_H02_628288	6	103762061	110394906	4236	4e-04
CUSKS_p_TCGAb47_SNP_1N_GenomeWideSNP_6_H02_628288	6	110396191	110413237	18	-1.3132
CUSKS_p_TCGAb47_SNP_1N_GenomeWideSNP_6_H02_628288	6	110415428	157779495	30574	-0.0021
CUSKS_p_TCGAb47_SNP_1N_GenomeWideSNP_6_H02_628288	6	157781264	157796076	3	1.3946
CUSKS_p_TCGAb47_SNP_1N_GenomeWideSNP_6_H02_628288	6	157796994	161032565	2165	-0.0103
CUSKS_p_TCGAb47_SNP_1N_GenomeWideSNP_6_H02_628288	6	161032719	161032877	3	1.8192
CUSKS_p_TCGAb47_SNP_1N_GenomeWideSNP_6_H02_628288	6	161033247	165724052	3644	-0.001
CUSKS_p_TCGAb47_SNP_1N_GenomeWideSNP_6_H02_628288	6	165731526	165731928	2	1.4602
CUSKS_p_TCGAb47_SNP_1N_GenomeWideSNP_6_H02_628288	6	165734652	171051005	3622	0.0208
CUSKS_p_TCGAb47_SNP_1N_GenomeWideSNP_6_H02_628288	7	43355	4477024	2356	-0.0034
CUSKS_p_TCGAb47_SNP_1N_GenomeWideSNP_6_H02_628288	7	4477587	4588027	83	-0.2759
CUSKS_p_TCGAb47_SNP_1N_GenomeWideSNP_6_H02_628288	7	4590120	7488911	1513	-0.0112
CUSKS_p_TCGAb47_SNP_1N_GenomeWideSNP_6_H02_628288	7	7489145	7489576	3	-1.276
CUSKS_p_TCGAb47_SNP_1N_GenomeWideSNP_6_H02_628288	7	7492402	8825885	1132	0.0187
CUSKS_p_TCGAb47_SNP_1N_GenomeWideSNP_6_H02_628288	7	8827170	8865997	49	-1.1854
CUSKS_p_TCGAb47_SNP_1N_GenomeWideSNP_6_H02_628288	7	8872996	38294101	22318	0.0149
CUSKS_p_TCGAb47_SNP_1N_GenomeWideSNP_6_H02_628288	7	38294996	38378556	114	-0.3496
CUSKS_p_TCGAb47_SNP_1N_GenomeWideSNP_6_H02_628288	7	38378730	38396476	10	0.3909
CUSKS_p_TCGAb47_SNP_1N_GenomeWideSNP_6_H02_628288	7	38398047	53478663	10372	0.0032
CUSKS_p_TCGAb47_SNP_1N_GenomeWideSNP_6_H02_628288	7	53479719	53479734	2	1.3874
CUSKS_p_TCGAb47_SNP_1N_GenomeWideSNP_6_H02_628288	7	53480678	54380373	644	0.0214
CUSKS_p_TCGAb47_SNP_1N_GenomeWideSNP_6_H02_628288	7	54386505	54386517	6	-2.1176
CUSKS_p_TCGAb47_SNP_1N_GenomeWideSNP_6_H02_628288	7	54393488	64938589	3313	0.0117
CUSKS_p_TCGAb47_SNP_1N_GenomeWideSNP_6_H02_628288	7	64940827	65067001	35	0.3802
CUSKS_p_TCGAb47_SNP_1N_GenomeWideSNP_6_H02_628288	7	65067049	70420438	2951	-0.0286
CUSKS_p_TCGAb47_SNP_1N_GenomeWideSNP_6_H02_628288	7	70423250	70426141	2	-2.9141
CUSKS_p_TCGAb47_SNP_1N_GenomeWideSNP_6_H02_628288	7	70428243	71544484	767	-0.0378
CUSKS_p_TCGAb47_SNP_1N_GenomeWideSNP_6_H02_628288	7	71546947	71583501	21	-0.5146
CUSKS_p_TCGAb47_SNP_1N_GenomeWideSNP_6_H02_628288	7	71584536	91357450	11318	0.018
CUSKS_p_TCGAb47_SNP_1N_GenomeWideSNP_6_H02_628288	7	91357854	91358540	5	-0.9659
CUSKS_p_TCGAb47_SNP_1N_GenomeWideSNP_6_H02_628288	7	91358771	100325189	5057	-0.0018
CUSKS_p_TCGAb47_SNP_1N_GenomeWideSNP_6_H02_628288	7	100329244	100332842	3	-1.9184
CUSKS_p_TCGAb47_SNP_1N_GenomeWideSNP_6_H02_628288	7	100351005	101135224	304	-0.0782
CUSKS_p_TCGAb47_SNP_1N_GenomeWideSNP_6_H02_628288	7	101135398	101137314	2	-1.9773
CUSKS_p_TCGAb47_SNP_1N_GenomeWideSNP_6_H02_628288	7	101141867	109437772	5058	-0.0068
CUSKS_p_TCGAb47_SNP_1N_GenomeWideSNP_6_H02_628288	7	109437774	109453982	21	0.8586
CUSKS_p_TCGAb47_SNP_1N_GenomeWideSNP_6_H02_628288	7	109454229	111940462	1659	0.0226
CUSKS_p_TCGAb47_SNP_1N_GenomeWideSNP_6_H02_628288	7	111944382	111960100	11	-1.2934
CUSKS_p_TCGAb47_SNP_1N_GenomeWideSNP_6_H02_628288	7	111963829	126244330	8527	0.0097
CUSKS_p_TCGAb47_SNP_1N_GenomeWideSNP_6_H02_628288	7	126247731	126262856	4	1.1582
CUSKS_p_TCGAb47_SNP_1N_GenomeWideSNP_6_H02_628288	7	126262995	126956165	505	0.0307
CUSKS_p_TCGAb47_SNP_1N_GenomeWideSNP_6_H02_628288	7	126957722	126958565	2	-1.4489
CUSKS_p_TCGAb47_SNP_1N_GenomeWideSNP_6_H02_628288	7	126960862	133778429	4049	-0.0084
CUSKS_p_TCGAb47_SNP_1N_GenomeWideSNP_6_H02_628288	7	133778468	133798543	38	0.6052
CUSKS_p_TCGAb47_SNP_1N_GenomeWideSNP_6_H02_628288	7	133798558	140826432	4590	-0.0207
CUSKS_p_TCGAb47_SNP_1N_GenomeWideSNP_6_H02_628288	7	140829799	140835276	6	-0.9215
CUSKS_p_TCGAb47_SNP_1N_GenomeWideSNP_6_H02_628288	7	140835959	141762694	607	-0.0028
CUSKS_p_TCGAb47_SNP_1N_GenomeWideSNP_6_H02_628288	7	141763124	141807886	50	0.3805
CUSKS_p_TCGAb47_SNP_1N_GenomeWideSNP_6_H02_628288	7	141808573	142474939	444	0.0246
CUSKS_p_TCGAb47_SNP_1N_GenomeWideSNP_6_H02_628288	7	142476719	142479665	7	-3.5393
CUSKS_p_TCGAb47_SNP_1N_GenomeWideSNP_6_H02_628288	7	142479722	142485771	16	-1.3447
CUSKS_p_TCGAb47_SNP_1N_GenomeWideSNP_6_H02_628288	7	142485785	142486045	4	-3.8744
CUSKS_p_TCGAb47_SNP_1N_GenomeWideSNP_6_H02_628288	7	142486115	143223081	471	0.0217
CUSKS_p_TCGAb47_SNP_1N_GenomeWideSNP_6_H02_628288	7	143223768	143532998	89	0.4947
CUSKS_p_TCGAb47_SNP_1N_GenomeWideSNP_6_H02_628288	7	143543851	147713993	2731	0.0106
CUSKS_p_TCGAb47_SNP_1N_GenomeWideSNP_6_H02_628288	7	147714781	147716165	5	-1.0608
CUSKS_p_TCGAb47_SNP_1N_GenomeWideSNP_6_H02_628288	7	147717262	150285104	1442	-0.0104
CUSKS_p_TCGAb47_SNP_1N_GenomeWideSNP_6_H02_628288	7	150285801	150301569	8	-1.1818
CUSKS_p_TCGAb47_SNP_1N_GenomeWideSNP_6_H02_628288	7	150307922	154387125	2587	0.0115
CUSKS_p_TCGAb47_SNP_1N_GenomeWideSNP_6_H02_628288	7	154389895	154399613	5	1.2579
CUSKS_p_TCGAb47_SNP_1N_GenomeWideSNP_6_H02_628288	7	154400830	159127004	3243	0.0046
CUSKS_p_TCGAb47_SNP_1N_GenomeWideSNP_6_H02_628288	8	31254	113380	4	0.7619
CUSKS_p_TCGAb47_SNP_1N_GenomeWideSNP_6_H02_628288	8	158062	594973	325	0.0343
CUSKS_p_TCGAb47_SNP_1N_GenomeWideSNP_6_H02_628288	8	595220	595875	6	1.308
CUSKS_p_TCGAb47_SNP_1N_GenomeWideSNP_6_H02_628288	8	595892	595908	2	5.726
CUSKS_p_TCGAb47_SNP_1N_GenomeWideSNP_6_H02_628288	8	606117	1359156	526	0.0388
CUSKS_p_TCGAb47_SNP_1N_GenomeWideSNP_6_H02_628288	8	1359930	1368016	45	0.3131
CUSKS_p_TCGAb47_SNP_1N_GenomeWideSNP_6_H02_628288	8	1369636	2080495	579	-0.0055
CUSKS_p_TCGAb47_SNP_1N_GenomeWideSNP_6_H02_628288	8	2080528	2081407	6	0.7123
CUSKS_p_TCGAb47_SNP_1N_GenomeWideSNP_6_H02_628288	8	2081748	2701934	629	0.0431
CUSKS_p_TCGAb47_SNP_1N_GenomeWideSNP_6_H02_628288	8	2703533	2703899	7	-1.6468
CUSKS_p_TCGAb47_SNP_1N_GenomeWideSNP_6_H02_628288	8	2707171	3481876	857	-0.0096
CUSKS_p_TCGAb47_SNP_1N_GenomeWideSNP_6_H02_628288	8	3482631	3488044	4	-0.9442
CUSKS_p_TCGAb47_SNP_1N_GenomeWideSNP_6_H02_628288	8	3488302	3630475	243	0.0706
CUSKS_p_TCGAb47_SNP_1N_GenomeWideSNP_6_H02_628288	8	3630902	3631248	2	-2.3503
CUSKS_p_TCGAb47_SNP_1N_GenomeWideSNP_6_H02_628288	8	3631314	6826456	4492	0.0257
CUSKS_p_TCGAb47_SNP_1N_GenomeWideSNP_6_H02_628288	8	6826484	6876142	17	-0.7807
CUSKS_p_TCGAb47_SNP_1N_GenomeWideSNP_6_H02_628288	8	6878188	7011075	77	0.1537
CUSKS_p_TCGAb47_SNP_1N_GenomeWideSNP_6_H02_628288	8	7012924	7238019	39	0.6888
CUSKS_p_TCGAb47_SNP_1N_GenomeWideSNP_6_H02_628288	8	7250380	12247486	3497	0.0212
CUSKS_p_TCGAb47_SNP_1N_GenomeWideSNP_6_H02_628288	8	12260927	12554743	94	0.3205
CUSKS_p_TCGAb47_SNP_1N_GenomeWideSNP_6_H02_628288	8	12556042	24975500	10398	0.0098
CUSKS_p_TCGAb47_SNP_1N_GenomeWideSNP_6_H02_628288	8	24975570	24978492	6	-0.9069
CUSKS_p_TCGAb47_SNP_1N_GenomeWideSNP_6_H02_628288	8	24978537	25573265	461	-0.013
CUSKS_p_TCGAb47_SNP_1N_GenomeWideSNP_6_H02_628288	8	25580768	25587642	6	0.7692
CUSKS_p_TCGAb47_SNP_1N_GenomeWideSNP_6_H02_628288	8	25594276	39230325	8586	-0.0013
CUSKS_p_TCGAb47_SNP_1N_GenomeWideSNP_6_H02_628288	8	39230659	39386965	60	0.8619
CUSKS_p_TCGAb47_SNP_1N_GenomeWideSNP_6_H02_628288	8	39388299	40771996	1075	0.0092
CUSKS_p_TCGAb47_SNP_1N_GenomeWideSNP_6_H02_628288	8	40777852	40778471	2	-2.7019
CUSKS_p_TCGAb47_SNP_1N_GenomeWideSNP_6_H02_628288	8	40783680	112291494	40992	0.0025
CUSKS_p_TCGAb47_SNP_1N_GenomeWideSNP_6_H02_628288	8	112294279	112295260	10	-2.0797
CUSKS_p_TCGAb47_SNP_1N_GenomeWideSNP_6_H02_628288	8	112300281	115634554	1831	0.026
CUSKS_p_TCGAb47_SNP_1N_GenomeWideSNP_6_H02_628288	8	115634653	115640817	20	0.3949
CUSKS_p_TCGAb47_SNP_1N_GenomeWideSNP_6_H02_628288	8	115640908	120152010	3124	0.0032
CUSKS_p_TCGAb47_SNP_1N_GenomeWideSNP_6_H02_628288	8	120154784	120159446	4	-1.0723
CUSKS_p_TCGAb47_SNP_1N_GenomeWideSNP_6_H02_628288	8	120162854	129756266	6698	-0.0037
CUSKS_p_TCGAb47_SNP_1N_GenomeWideSNP_6_H02_628288	8	129763135	129764085	2	-3.7677
CUSKS_p_TCGAb47_SNP_1N_GenomeWideSNP_6_H02_628288	8	129777454	134083413	3125	-0.0028
CUSKS_p_TCGAb47_SNP_1N_GenomeWideSNP_6_H02_628288	8	134083839	134084432	4	-1.0236
CUSKS_p_TCGAb47_SNP_1N_GenomeWideSNP_6_H02_628288	8	134086338	145285128	7804	0.0203
CUSKS_p_TCGAb47_SNP_1N_GenomeWideSNP_6_H02_628288	8	145285188	145508268	6	-0.7521
CUSKS_p_TCGAb47_SNP_1N_GenomeWideSNP_6_H02_628288	8	145508691	146298155	322	0.0363
CUSKS_p_TCGAb47_SNP_1N_GenomeWideSNP_6_H02_628288	9	46587	1830840	2009	0.02
CUSKS_p_TCGAb47_SNP_1N_GenomeWideSNP_6_H02_628288	9	1831723	1837057	10	-1.384
CUSKS_p_TCGAb47_SNP_1N_GenomeWideSNP_6_H02_628288	9	1842060	4008653	2016	0.005
CUSKS_p_TCGAb47_SNP_1N_GenomeWideSNP_6_H02_628288	9	4008954	4015190	16	0.5263
CUSKS_p_TCGAb47_SNP_1N_GenomeWideSNP_6_H02_628288	9	4015267	5078059	1196	0.0082
CUSKS_p_TCGAb47_SNP_1N_GenomeWideSNP_6_H02_628288	9	5078263	5081766	14	0.5354
CUSKS_p_TCGAb47_SNP_1N_GenomeWideSNP_6_H02_628288	9	5081852	6553298	1008	0.0287
CUSKS_p_TCGAb47_SNP_1N_GenomeWideSNP_6_H02_628288	9	6555079	6557665	7	-0.6553
CUSKS_p_TCGAb47_SNP_1N_GenomeWideSNP_6_H02_628288	9	6558574	6655056	82	-0.0841
CUSKS_p_TCGAb47_SNP_1N_GenomeWideSNP_6_H02_628288	9	6657192	6672624	13	-0.8026
CUSKS_p_TCGAb47_SNP_1N_GenomeWideSNP_6_H02_628288	9	6672699	23361805	14104	0.0181
CUSKS_p_TCGAb47_SNP_1N_GenomeWideSNP_6_H02_628288	9	23363115	23373484	8	0.8144
CUSKS_p_TCGAb47_SNP_1N_GenomeWideSNP_6_H02_628288	9	23378488	23868891	408	5e-04
CUSKS_p_TCGAb47_SNP_1N_GenomeWideSNP_6_H02_628288	9	23872417	23872550	2	1.3149
CUSKS_p_TCGAb47_SNP_1N_GenomeWideSNP_6_H02_628288	9	23874047	24503816	388	0.0196
CUSKS_p_TCGAb47_SNP_1N_GenomeWideSNP_6_H02_628288	9	24504125	24517682	18	-1.1879
CUSKS_p_TCGAb47_SNP_1N_GenomeWideSNP_6_H02_628288	9	24519684	28044704	2735	0.0174
CUSKS_p_TCGAb47_SNP_1N_GenomeWideSNP_6_H02_628288	9	28047588	28050691	5	-1.1355
CUSKS_p_TCGAb47_SNP_1N_GenomeWideSNP_6_H02_628288	9	28055603	38805380	7173	0.0064
CUSKS_p_TCGAb47_SNP_1N_GenomeWideSNP_6_H02_628288	9	38808958	44243434	262	0.2349
CUSKS_p_TCGAb47_SNP_1N_GenomeWideSNP_6_H02_628288	9	44244880	44629223	20	-0.1691
CUSKS_p_TCGAb47_SNP_1N_GenomeWideSNP_6_H02_628288	9	44727859	44855737	36	-1.2311
CUSKS_p_TCGAb47_SNP_1N_GenomeWideSNP_6_H02_628288	9	44866028	47217176	95	0.3686
CUSKS_p_TCGAb47_SNP_1N_GenomeWideSNP_6_H02_628288	9	65616971	65672607	4	-1.0721
CUSKS_p_TCGAb47_SNP_1N_GenomeWideSNP_6_H02_628288	9	66323059	69941942	250	0.247
CUSKS_p_TCGAb47_SNP_1N_GenomeWideSNP_6_H02_628288	9	69941943	141032943	48057	0.0108
CUSKS_p_TCGAb47_SNP_1N_GenomeWideSNP_6_H02_628288	9	141033148	141091394	12	0.7573
CUSKS_p_TCGAb47_SNP_1N_GenomeWideSNP_6_H02_628288	10	72759	24375263	19257	-0.0037
CUSKS_p_TCGAb47_SNP_1N_GenomeWideSNP_6_H02_628288	10	24377674	24378054	11	1.0484
CUSKS_p_TCGAb47_SNP_1N_GenomeWideSNP_6_H02_628288	10	24378908	42652785	9958	-0.0057
CUSKS_p_TCGAb47_SNP_1N_GenomeWideSNP_6_H02_628288	10	42654802	42760053	16	0.5542
CUSKS_p_TCGAb47_SNP_1N_GenomeWideSNP_6_H02_628288	10	42763230	43524628	435	-0.0032
CUSKS_p_TCGAb47_SNP_1N_GenomeWideSNP_6_H02_628288	10	43524701	43525742	2	-1.4336
CUSKS_p_TCGAb47_SNP_1N_GenomeWideSNP_6_H02_628288	10	43526023	46943377	1927	0.0202
CUSKS_p_TCGAb47_SNP_1N_GenomeWideSNP_6_H02_628288	10	46946708	47419711	170	0.441
CUSKS_p_TCGAb47_SNP_1N_GenomeWideSNP_6_H02_628288	10	47541189	47897394	193	0.1634
CUSKS_p_TCGAb47_SNP_1N_GenomeWideSNP_6_H02_628288	10	47912899	47948060	3	-2.3557
CUSKS_p_TCGAb47_SNP_1N_GenomeWideSNP_6_H02_628288	10	47960476	67307936	12798	0.0163
CUSKS_p_TCGAb47_SNP_1N_GenomeWideSNP_6_H02_628288	10	67307951	67314430	25	0.6248
CUSKS_p_TCGAb47_SNP_1N_GenomeWideSNP_6_H02_628288	10	67314446	68122644	649	0.0192
CUSKS_p_TCGAb47_SNP_1N_GenomeWideSNP_6_H02_628288	10	68124610	68126695	5	-0.9893
CUSKS_p_TCGAb47_SNP_1N_GenomeWideSNP_6_H02_628288	10	68128645	124344109	37743	0.0078
CUSKS_p_TCGAb47_SNP_1N_GenomeWideSNP_6_H02_628288	10	124344223	124346978	4	-1.1547
CUSKS_p_TCGAb47_SNP_1N_GenomeWideSNP_6_H02_628288	10	124351013	135506704	7925	0.0238
CUSKS_p_TCGAb47_SNP_1N_GenomeWideSNP_6_H02_628288	11	198510	3267999	1270	0.0205
CUSKS_p_TCGAb47_SNP_1N_GenomeWideSNP_6_H02_628288	11	3282568	3363765	7	0.9153
CUSKS_p_TCGAb47_SNP_1N_GenomeWideSNP_6_H02_628288	11	3363846	3487665	70	0.0236
CUSKS_p_TCGAb47_SNP_1N_GenomeWideSNP_6_H02_628288	11	3488430	3488541	2	-1.2818
CUSKS_p_TCGAb47_SNP_1N_GenomeWideSNP_6_H02_628288	11	3506526	4968117	1127	0.0182
CUSKS_p_TCGAb47_SNP_1N_GenomeWideSNP_6_H02_628288	11	4968510	4975705	28	-2.0969
CUSKS_p_TCGAb47_SNP_1N_GenomeWideSNP_6_H02_628288	11	4976257	5520975	552	-0.0034
CUSKS_p_TCGAb47_SNP_1N_GenomeWideSNP_6_H02_628288	11	5522151	5523593	7	-0.8284
CUSKS_p_TCGAb47_SNP_1N_GenomeWideSNP_6_H02_628288	11	5524464	5787405	239	-0.0104
CUSKS_p_TCGAb47_SNP_1N_GenomeWideSNP_6_H02_628288	11	5788080	5809461	34	0.5383
CUSKS_p_TCGAb47_SNP_1N_GenomeWideSNP_6_H02_628288	11	5812360	18961922	9478	0.0062
CUSKS_p_TCGAb47_SNP_1N_GenomeWideSNP_6_H02_628288	11	18961935	18970705	6	0.9593
CUSKS_p_TCGAb47_SNP_1N_GenomeWideSNP_6_H02_628288	11	18970748	18975452	15	0.3051
CUSKS_p_TCGAb47_SNP_1N_GenomeWideSNP_6_H02_628288	11	18977660	51176743	21450	0.0111
CUSKS_p_TCGAb47_SNP_1N_GenomeWideSNP_6_H02_628288	11	51183575	51183906	3	-1.1331
CUSKS_p_TCGAb47_SNP_1N_GenomeWideSNP_6_H02_628288	11	51192870	51282226	30	-0.0627
CUSKS_p_TCGAb47_SNP_1N_GenomeWideSNP_6_H02_628288	11	51282427	54826813	115	0.1689
CUSKS_p_TCGAb47_SNP_1N_GenomeWideSNP_6_H02_628288	11	54828062	54840271	6	-0.7704
CUSKS_p_TCGAb47_SNP_1N_GenomeWideSNP_6_H02_628288	11	54840330	55374048	229	0.1302
CUSKS_p_TCGAb47_SNP_1N_GenomeWideSNP_6_H02_628288	11	55374188	55453009	57	0.7646
CUSKS_p_TCGAb47_SNP_1N_GenomeWideSNP_6_H02_628288	11	55453576	107230719	32477	0.0142
CUSKS_p_TCGAb47_SNP_1N_GenomeWideSNP_6_H02_628288	11	107238656	107239128	7	-2.5966
CUSKS_p_TCGAb47_SNP_1N_GenomeWideSNP_6_H02_628288	11	107252362	134944770	19964	0.0107
CUSKS_p_TCGAb47_SNP_1N_GenomeWideSNP_6_H02_628288	12	150442	869198	419	-0.0212
CUSKS_p_TCGAb47_SNP_1N_GenomeWideSNP_6_H02_628288	12	869263	874029	16	-1.0887
CUSKS_p_TCGAb47_SNP_1N_GenomeWideSNP_6_H02_628288	12	875354	8357507	5120	-5e-04
CUSKS_p_TCGAb47_SNP_1N_GenomeWideSNP_6_H02_628288	12	8362050	8378251	11	1.4306
CUSKS_p_TCGAb47_SNP_1N_GenomeWideSNP_6_H02_628288	12	8393828	22248674	9180	0.0052
CUSKS_p_TCGAb47_SNP_1N_GenomeWideSNP_6_H02_628288	12	22248688	22249227	11	0.6238
CUSKS_p_TCGAb47_SNP_1N_GenomeWideSNP_6_H02_628288	12	22252932	26989021	3507	0.0013
CUSKS_p_TCGAb47_SNP_1N_GenomeWideSNP_6_H02_628288	12	26990798	26991598	2	-1.3323
CUSKS_p_TCGAb47_SNP_1N_GenomeWideSNP_6_H02_628288	12	26991923	27645986	409	-0.0124
CUSKS_p_TCGAb47_SNP_1N_GenomeWideSNP_6_H02_628288	12	27645992	27651362	29	-0.8395
CUSKS_p_TCGAb47_SNP_1N_GenomeWideSNP_6_H02_628288	12	27657161	30235581	1880	-0.0013
CUSKS_p_TCGAb47_SNP_1N_GenomeWideSNP_6_H02_628288	12	30239267	30243631	22	-0.6905
CUSKS_p_TCGAb47_SNP_1N_GenomeWideSNP_6_H02_628288	12	30243665	31373394	927	0.0071
CUSKS_p_TCGAb47_SNP_1N_GenomeWideSNP_6_H02_628288	12	31373446	31374529	3	-1.4923
CUSKS_p_TCGAb47_SNP_1N_GenomeWideSNP_6_H02_628288	12	31376208	33301426	1343	-0.0353
CUSKS_p_TCGAb47_SNP_1N_GenomeWideSNP_6_H02_628288	12	33301520	33308360	26	-0.65
CUSKS_p_TCGAb47_SNP_1N_GenomeWideSNP_6_H02_628288	12	33308387	40813333	2297	0.042
CUSKS_p_TCGAb47_SNP_1N_GenomeWideSNP_6_H02_628288	12	40813426	40816047	9	-0.5681
CUSKS_p_TCGAb47_SNP_1N_GenomeWideSNP_6_H02_628288	12	40816125	45899825	3321	0.0025
CUSKS_p_TCGAb47_SNP_1N_GenomeWideSNP_6_H02_628288	12	45904438	45909537	4	1.2765
CUSKS_p_TCGAb47_SNP_1N_GenomeWideSNP_6_H02_628288	12	45913292	81420692	21949	0.0015
CUSKS_p_TCGAb47_SNP_1N_GenomeWideSNP_6_H02_628288	12	81423752	81425386	4	-1.1513
CUSKS_p_TCGAb47_SNP_1N_GenomeWideSNP_6_H02_628288	12	81429964	99791814	11801	0.0017
CUSKS_p_TCGAb47_SNP_1N_GenomeWideSNP_6_H02_628288	12	99795293	99798734	31	-0.4258
CUSKS_p_TCGAb47_SNP_1N_GenomeWideSNP_6_H02_628288	12	99803093	114110674	9110	-0.0069
CUSKS_p_TCGAb47_SNP_1N_GenomeWideSNP_6_H02_628288	12	114113481	114113602	2	-1.395
CUSKS_p_TCGAb47_SNP_1N_GenomeWideSNP_6_H02_628288	12	114117600	119983825	4567	-0.0037
CUSKS_p_TCGAb47_SNP_1N_GenomeWideSNP_6_H02_628288	12	119988887	119990761	16	-0.9652
CUSKS_p_TCGAb47_SNP_1N_GenomeWideSNP_6_H02_628288	12	119994041	129231076	5987	-0.0076
CUSKS_p_TCGAb47_SNP_1N_GenomeWideSNP_6_H02_628288	12	129231313	129232297	3	-2.269
CUSKS_p_TCGAb47_SNP_1N_GenomeWideSNP_6_H02_628288	12	129232545	130269577	985	0.0231
CUSKS_p_TCGAb47_SNP_1N_GenomeWideSNP_6_H02_628288	12	130270002	130274591	2	-2.025
CUSKS_p_TCGAb47_SNP_1N_GenomeWideSNP_6_H02_628288	12	130275738	133778189	2097	0.0127
CUSKS_p_TCGAb47_SNP_1N_GenomeWideSNP_6_H02_628288	13	19026949	53094799	23495	-2e-04
CUSKS_p_TCGAb47_SNP_1N_GenomeWideSNP_6_H02_628288	13	53097984	53105785	3	-2.2269
CUSKS_p_TCGAb47_SNP_1N_GenomeWideSNP_6_H02_628288	13	53117879	69242255	9567	0.0186
CUSKS_p_TCGAb47_SNP_1N_GenomeWideSNP_6_H02_628288	13	69248299	69268242	39	-0.8833
CUSKS_p_TCGAb47_SNP_1N_GenomeWideSNP_6_H02_628288	13	69269119	115108397	31227	0.0057
CUSKS_p_TCGAb47_SNP_1N_GenomeWideSNP_6_H02_628288	14	19002124	20422583	189	0.4534
CUSKS_p_TCGAb47_SNP_1N_GenomeWideSNP_6_H02_628288	14	20423372	22394783	1372	-0.0149
CUSKS_p_TCGAb47_SNP_1N_GenomeWideSNP_6_H02_628288	14	22396222	22396632	6	0.4588
CUSKS_p_TCGAb47_SNP_1N_GenomeWideSNP_6_H02_628288	14	22397143	22995108	520	-0.3736
CUSKS_p_TCGAb47_SNP_1N_GenomeWideSNP_6_H02_628288	14	22995817	74001123	32253	0.0038
CUSKS_p_TCGAb47_SNP_1N_GenomeWideSNP_6_H02_628288	14	74006707	74029900	9	-2.1612
CUSKS_p_TCGAb47_SNP_1N_GenomeWideSNP_6_H02_628288	14	74029915	106290762	20730	0.004
CUSKS_p_TCGAb47_SNP_1N_GenomeWideSNP_6_H02_628288	14	106290842	106303042	10	-0.6084
CUSKS_p_TCGAb47_SNP_1N_GenomeWideSNP_6_H02_628288	14	106303372	106535295	78	0.1269
CUSKS_p_TCGAb47_SNP_1N_GenomeWideSNP_6_H02_628288	14	106538062	106567100	14	-2.5871
CUSKS_p_TCGAb47_SNP_1N_GenomeWideSNP_6_H02_628288	14	106569463	106689549	55	0.1857
CUSKS_p_TCGAb47_SNP_1N_GenomeWideSNP_6_H02_628288	14	106692797	106747099	27	-0.1626
CUSKS_p_TCGAb47_SNP_1N_GenomeWideSNP_6_H02_628288	14	106750880	106863526	55	0.226
CUSKS_p_TCGAb47_SNP_1N_GenomeWideSNP_6_H02_628288	14	106864722	106918069	54	-0.5607
CUSKS_p_TCGAb47_SNP_1N_GenomeWideSNP_6_H02_628288	14	106918094	107285437	226	0.085
CUSKS_p_TCGAb47_SNP_1N_GenomeWideSNP_6_H02_628288	15	20016328	20206939	48	0.1479
CUSKS_p_TCGAb47_SNP_1N_GenomeWideSNP_6_H02_628288	15	20216955	20392821	12	-1.2325
CUSKS_p_TCGAb47_SNP_1N_GenomeWideSNP_6_H02_628288	15	20395529	20581564	45	0.0908
CUSKS_p_TCGAb47_SNP_1N_GenomeWideSNP_6_H02_628288	15	20585988	20586957	12	-1.2664
CUSKS_p_TCGAb47_SNP_1N_GenomeWideSNP_6_H02_628288	15	20590027	22385001	225	0.0297
CUSKS_p_TCGAb47_SNP_1N_GenomeWideSNP_6_H02_628288	15	22386915	22752520	90	0.4
CUSKS_p_TCGAb47_SNP_1N_GenomeWideSNP_6_H02_628288	15	22752709	102469040	51637	0.0117
CUSKS_p_TCGAb47_SNP_1N_GenomeWideSNP_6_H02_628288	16	60777	19944363	13529	3e-04
CUSKS_p_TCGAb47_SNP_1N_GenomeWideSNP_6_H02_628288	16	19945650	19967362	29	-1.1396
CUSKS_p_TCGAb47_SNP_1N_GenomeWideSNP_6_H02_628288	16	19970254	21533222	910	0.0296
CUSKS_p_TCGAb47_SNP_1N_GenomeWideSNP_6_H02_628288	16	21534304	21596313	21	-0.3926
CUSKS_p_TCGAb47_SNP_1N_GenomeWideSNP_6_H02_628288	16	21598275	22577603	369	-0.0232
CUSKS_p_TCGAb47_SNP_1N_GenomeWideSNP_6_H02_628288	16	22587465	22625636	12	-0.8839
CUSKS_p_TCGAb47_SNP_1N_GenomeWideSNP_6_H02_628288	16	22625771	22712979	56	-0.3137
CUSKS_p_TCGAb47_SNP_1N_GenomeWideSNP_6_H02_628288	16	22717588	32588622	5238	-0.0073
CUSKS_p_TCGAb47_SNP_1N_GenomeWideSNP_6_H02_628288	16	32588901	32588909	5	-3.1912
CUSKS_p_TCGAb47_SNP_1N_GenomeWideSNP_6_H02_628288	16	32609274	32655523	25	-0.3437
CUSKS_p_TCGAb47_SNP_1N_GenomeWideSNP_6_H02_628288	16	32743289	33375884	63	0.1681
CUSKS_p_TCGAb47_SNP_1N_GenomeWideSNP_6_H02_628288	16	33380766	33627826	77	-0.3429
CUSKS_p_TCGAb47_SNP_1N_GenomeWideSNP_6_H02_628288	16	33631830	70151527	15774	0.0166
CUSKS_p_TCGAb47_SNP_1N_GenomeWideSNP_6_H02_628288	16	70151560	70234536	18	0.6504
CUSKS_p_TCGAb47_SNP_1N_GenomeWideSNP_6_H02_628288	16	70245925	70919814	299	-0.0325
CUSKS_p_TCGAb47_SNP_1N_GenomeWideSNP_6_H02_628288	16	70920094	71207728	112	0.2364
CUSKS_p_TCGAb47_SNP_1N_GenomeWideSNP_6_H02_628288	16	71207879	74397987	2016	-0.0111
CUSKS_p_TCGAb47_SNP_1N_GenomeWideSNP_6_H02_628288	16	74398029	74407379	5	0.8686
CUSKS_p_TCGAb47_SNP_1N_GenomeWideSNP_6_H02_628288	16	74452036	75242729	476	-0.0386
CUSKS_p_TCGAb47_SNP_1N_GenomeWideSNP_6_H02_628288	16	75246042	75255129	7	-0.761
CUSKS_p_TCGAb47_SNP_1N_GenomeWideSNP_6_H02_628288	16	75255217	78371608	2729	-0.0013
CUSKS_p_TCGAb47_SNP_1N_GenomeWideSNP_6_H02_628288	16	78372440	78384738	16	0.9697
CUSKS_p_TCGAb47_SNP_1N_GenomeWideSNP_6_H02_628288	16	78384765	78654819	373	-0.0515
CUSKS_p_TCGAb47_SNP_1N_GenomeWideSNP_6_H02_628288	16	78657737	78657904	3	-1.2778
CUSKS_p_TCGAb47_SNP_1N_GenomeWideSNP_6_H02_628288	16	78660845	90287535	10263	0.0011
CUSKS_p_TCGAb47_SNP_1N_GenomeWideSNP_6_H02_628288	17	526	15044159	9712	-0.0057
CUSKS_p_TCGAb47_SNP_1N_GenomeWideSNP_6_H02_628288	17	15044515	15054466	24	0.4442
CUSKS_p_TCGAb47_SNP_1N_GenomeWideSNP_6_H02_628288	17	15054502	18358946	1711	0.0175
CUSKS_p_TCGAb47_SNP_1N_GenomeWideSNP_6_H02_628288	17	18358949	18465221	27	0.9709
CUSKS_p_TCGAb47_SNP_1N_GenomeWideSNP_6_H02_628288	17	18469197	34436708	6920	0.0234
CUSKS_p_TCGAb47_SNP_1N_GenomeWideSNP_6_H02_628288	17	34437128	34629696	42	0.5793
CUSKS_p_TCGAb47_SNP_1N_GenomeWideSNP_6_H02_628288	17	34816256	39421708	2537	0.0012
CUSKS_p_TCGAb47_SNP_1N_GenomeWideSNP_6_H02_628288	17	39423014	39423305	10	1.221
CUSKS_p_TCGAb47_SNP_1N_GenomeWideSNP_6_H02_628288	17	39423320	39430157	10	0.1934
CUSKS_p_TCGAb47_SNP_1N_GenomeWideSNP_6_H02_628288	17	39430173	39430531	4	1.4257
CUSKS_p_TCGAb47_SNP_1N_GenomeWideSNP_6_H02_628288	17	39432724	44166455	2514	0.0051
CUSKS_p_TCGAb47_SNP_1N_GenomeWideSNP_6_H02_628288	17	44166500	44752283	168	0.4584
CUSKS_p_TCGAb47_SNP_1N_GenomeWideSNP_6_H02_628288	17	44752300	81049726	21607	0.0044
CUSKS_p_TCGAb47_SNP_1N_GenomeWideSNP_6_H02_628288	18	11543	38260470	22852	0.0062
CUSKS_p_TCGAb47_SNP_1N_GenomeWideSNP_6_H02_628288	18	38260480	38265389	15	0.8811
CUSKS_p_TCGAb47_SNP_1N_GenomeWideSNP_6_H02_628288	18	38268024	55930550	11917	0.0096
CUSKS_p_TCGAb47_SNP_1N_GenomeWideSNP_6_H02_628288	18	55930862	55935962	23	-0.9774
CUSKS_p_TCGAb47_SNP_1N_GenomeWideSNP_6_H02_628288	18	55938939	56391311	312	0
CUSKS_p_TCGAb47_SNP_1N_GenomeWideSNP_6_H02_628288	18	56393793	56407088	3	-1.0902
CUSKS_p_TCGAb47_SNP_1N_GenomeWideSNP_6_H02_628288	18	56409002	63461362	5053	0.0031
CUSKS_p_TCGAb47_SNP_1N_GenomeWideSNP_6_H02_628288	18	63461753	63462127	2	-1.1929
CUSKS_p_TCGAb47_SNP_1N_GenomeWideSNP_6_H02_628288	18	63462474	78015057	10661	0.0194
CUSKS_p_TCGAb47_SNP_1N_GenomeWideSNP_6_H02_628288	19	90910	9274672	3411	-0.0141
CUSKS_p_TCGAb47_SNP_1N_GenomeWideSNP_6_H02_628288	19	9275352	9278121	4	-1.2619
CUSKS_p_TCGAb47_SNP_1N_GenomeWideSNP_6_H02_628288	19	9284760	23707408	7343	-0.0123
CUSKS_p_TCGAb47_SNP_1N_GenomeWideSNP_6_H02_628288	19	23709320	23709348	2	-1.6867
CUSKS_p_TCGAb47_SNP_1N_GenomeWideSNP_6_H02_628288	19	23712967	31284806	2916	0.0109
CUSKS_p_TCGAb47_SNP_1N_GenomeWideSNP_6_H02_628288	19	31288118	31288540	2	-1.8232
CUSKS_p_TCGAb47_SNP_1N_GenomeWideSNP_6_H02_628288	19	31290599	35849322	3145	0.0035
CUSKS_p_TCGAb47_SNP_1N_GenomeWideSNP_6_H02_628288	19	35849493	35861848	22	-2.4427
CUSKS_p_TCGAb47_SNP_1N_GenomeWideSNP_6_H02_628288	19	35866744	40374809	2305	-0.0264
CUSKS_p_TCGAb47_SNP_1N_GenomeWideSNP_6_H02_628288	19	40374820	40393821	13	0.5901
CUSKS_p_TCGAb47_SNP_1N_GenomeWideSNP_6_H02_628288	19	40404633	53518514	6753	-0.0093
CUSKS_p_TCGAb47_SNP_1N_GenomeWideSNP_6_H02_628288	19	53518747	53552229	22	0.9581
CUSKS_p_TCGAb47_SNP_1N_GenomeWideSNP_6_H02_628288	19	53554240	55252385	1084	-0.0517
CUSKS_p_TCGAb47_SNP_1N_GenomeWideSNP_6_H02_628288	19	55283843	55378699	47	-0.8103
CUSKS_p_TCGAb47_SNP_1N_GenomeWideSNP_6_H02_628288	19	55379455	56278050	431	-0.0228
CUSKS_p_TCGAb47_SNP_1N_GenomeWideSNP_6_H02_628288	19	56282070	56286293	6	0.8936
CUSKS_p_TCGAb47_SNP_1N_GenomeWideSNP_6_H02_628288	19	56288941	59097854	1848	-0.0324
CUSKS_p_TCGAb47_SNP_1N_GenomeWideSNP_6_H02_628288	20	61305	1560999	1207	0.0028
CUSKS_p_TCGAb47_SNP_1N_GenomeWideSNP_6_H02_628288	20	1561580	1582207	36	1.711
CUSKS_p_TCGAb47_SNP_1N_GenomeWideSNP_6_H02_628288	20	1590257	14771472	9929	0.0095
CUSKS_p_TCGAb47_SNP_1N_GenomeWideSNP_6_H02_628288	20	14781684	14830596	70	-1.0717
CUSKS_p_TCGAb47_SNP_1N_GenomeWideSNP_6_H02_628288	20	14831625	23428458	7035	0.0189
CUSKS_p_TCGAb47_SNP_1N_GenomeWideSNP_6_H02_628288	20	23430230	23431555	3	-1.0345
CUSKS_p_TCGAb47_SNP_1N_GenomeWideSNP_6_H02_628288	20	23432046	23549911	106	0.1021
CUSKS_p_TCGAb47_SNP_1N_GenomeWideSNP_6_H02_628288	20	23550313	23552298	3	-0.9719
CUSKS_p_TCGAb47_SNP_1N_GenomeWideSNP_6_H02_628288	20	23552673	23763450	148	0.0732
CUSKS_p_TCGAb47_SNP_1N_GenomeWideSNP_6_H02_628288	20	23767800	23790589	15	0.4847
CUSKS_p_TCGAb47_SNP_1N_GenomeWideSNP_6_H02_628288	20	23791659	38034463	5911	0.0118
CUSKS_p_TCGAb47_SNP_1N_GenomeWideSNP_6_H02_628288	20	38038991	38042046	3	-1.5597
CUSKS_p_TCGAb47_SNP_1N_GenomeWideSNP_6_H02_628288	20	38046128	62956153	18031	0.0132
CUSKS_p_TCGAb47_SNP_1N_GenomeWideSNP_6_H02_628288	21	10736871	15100304	412	0.1768
CUSKS_p_TCGAb47_SNP_1N_GenomeWideSNP_6_H02_628288	21	15100315	15147452	18	-0.5178
CUSKS_p_TCGAb47_SNP_1N_GenomeWideSNP_6_H02_628288	21	15158439	48096957	23988	0.0071
CUSKS_p_TCGAb47_SNP_1N_GenomeWideSNP_6_H02_628288	22	16052528	16444877	64	0.6084
CUSKS_p_TCGAb47_SNP_1N_GenomeWideSNP_6_H02_628288	22	16477054	21465672	2785	0.0402
CUSKS_p_TCGAb47_SNP_1N_GenomeWideSNP_6_H02_628288	22	21465835	21572214	4	1.2504
CUSKS_p_TCGAb47_SNP_1N_GenomeWideSNP_6_H02_628288	22	21595029	21708108	6	0.4378
CUSKS_p_TCGAb47_SNP_1N_GenomeWideSNP_6_H02_628288	22	21721603	22468619	439	0.0181
CUSKS_p_TCGAb47_SNP_1N_GenomeWideSNP_6_H02_628288	22	22473918	22474613	6	-0.8681
CUSKS_p_TCGAb47_SNP_1N_GenomeWideSNP_6_H02_628288	22	22481498	51223995	20256	0.02
CUSKS_p_TCGAb47_SNP_1N_GenomeWideSNP_6_H02_628288	22	51231658	51234455	2	1.2329
CUSKS_p_TCGAb47_SNP_1N_GenomeWideSNP_6_H02_628288	X	168477	155182354	84643	-0.0059
CUSKS_p_TCGAb47_SNP_1N_GenomeWideSNP_6_H02_628288	Y	2650438	59018259	8630	-1.0174
