Sample	Chromosome	Start	End	Num_Probes	Segment_Mean
CUSKS_p_TCGAb47_SNP_1N_GenomeWideSNP_6_H04_628310	1	61735	10246129	5119	-0.0691
CUSKS_p_TCGAb47_SNP_1N_GenomeWideSNP_6_H04_628310	1	10246654	10255256	5	0.8189
CUSKS_p_TCGAb47_SNP_1N_GenomeWideSNP_6_H04_628310	1	10256355	15489638	2864	0.0605
CUSKS_p_TCGAb47_SNP_1N_GenomeWideSNP_6_H04_628310	1	15489657	15489862	4	1.0383
CUSKS_p_TCGAb47_SNP_1N_GenomeWideSNP_6_H04_628310	1	15489931	16149915	424	0.0874
CUSKS_p_TCGAb47_SNP_1N_GenomeWideSNP_6_H04_628310	1	16153497	16153925	6	-2.6964
CUSKS_p_TCGAb47_SNP_1N_GenomeWideSNP_6_H04_628310	1	16154201	17005978	350	0.0618
CUSKS_p_TCGAb47_SNP_1N_GenomeWideSNP_6_H04_628310	1	17011450	17012456	11	-0.4985
CUSKS_p_TCGAb47_SNP_1N_GenomeWideSNP_6_H04_628310	1	17012741	17190862	49	0.2287
CUSKS_p_TCGAb47_SNP_1N_GenomeWideSNP_6_H04_628310	1	17195155	17283075	65	-0.329
CUSKS_p_TCGAb47_SNP_1N_GenomeWideSNP_6_H04_628310	1	17284920	17769898	366	0.0769
CUSKS_p_TCGAb47_SNP_1N_GenomeWideSNP_6_H04_628310	1	17775897	17785453	6	-0.604
CUSKS_p_TCGAb47_SNP_1N_GenomeWideSNP_6_H04_628310	1	17785736	35091674	9892	0.0533
CUSKS_p_TCGAb47_SNP_1N_GenomeWideSNP_6_H04_628310	1	35102654	35104491	20	-0.51
CUSKS_p_TCGAb47_SNP_1N_GenomeWideSNP_6_H04_628310	1	35114268	39963260	2645	0.0485
CUSKS_p_TCGAb47_SNP_1N_GenomeWideSNP_6_H04_628310	1	39966193	39975142	7	-0.775
CUSKS_p_TCGAb47_SNP_1N_GenomeWideSNP_6_H04_628310	1	39982457	72768916	21218	0.0773
CUSKS_p_TCGAb47_SNP_1N_GenomeWideSNP_6_H04_628310	1	72768936	72811133	44	-1.673
CUSKS_p_TCGAb47_SNP_1N_GenomeWideSNP_6_H04_628310	1	72811148	104159384	20094	0.0732
CUSKS_p_TCGAb47_SNP_1N_GenomeWideSNP_6_H04_628310	1	104163499	104261206	26	0.5076
CUSKS_p_TCGAb47_SNP_1N_GenomeWideSNP_6_H04_628310	1	104268222	106012754	920	0.0676
CUSKS_p_TCGAb47_SNP_1N_GenomeWideSNP_6_H04_628310	1	106013376	106022375	18	0.7603
CUSKS_p_TCGAb47_SNP_1N_GenomeWideSNP_6_H04_628310	1	106024055	152555527	12714	0.0836
CUSKS_p_TCGAb47_SNP_1N_GenomeWideSNP_6_H04_628310	1	152555706	152586594	35	-2.1606
CUSKS_p_TCGAb47_SNP_1N_GenomeWideSNP_6_H04_628310	1	152590494	152762394	179	0.0757
CUSKS_p_TCGAb47_SNP_1N_GenomeWideSNP_6_H04_628310	1	152762438	152768700	29	-0.3602
CUSKS_p_TCGAb47_SNP_1N_GenomeWideSNP_6_H04_628310	1	152773905	158866573	3621	0.0404
CUSKS_p_TCGAb47_SNP_1N_GenomeWideSNP_6_H04_628310	1	158868501	158869759	2	2.8311
CUSKS_p_TCGAb47_SNP_1N_GenomeWideSNP_6_H04_628310	1	158874818	169216937	7716	0.0692
CUSKS_p_TCGAb47_SNP_1N_GenomeWideSNP_6_H04_628310	1	169233974	169241766	7	0.9244
CUSKS_p_TCGAb47_SNP_1N_GenomeWideSNP_6_H04_628310	1	169242401	189277278	13215	0.0688
CUSKS_p_TCGAb47_SNP_1N_GenomeWideSNP_6_H04_628310	1	189277546	189289857	7	-0.5707
CUSKS_p_TCGAb47_SNP_1N_GenomeWideSNP_6_H04_628310	1	189292234	193155792	2581	0.0436
CUSKS_p_TCGAb47_SNP_1N_GenomeWideSNP_6_H04_628310	1	193156279	193156332	3	-2.2289
CUSKS_p_TCGAb47_SNP_1N_GenomeWideSNP_6_H04_628310	1	193156348	194832934	1156	0.0548
CUSKS_p_TCGAb47_SNP_1N_GenomeWideSNP_6_H04_628310	1	194834213	196711067	1245	0.5555
CUSKS_p_TCGAb47_SNP_1N_GenomeWideSNP_6_H04_628310	1	196711187	196791043	73	0.1404
CUSKS_p_TCGAb47_SNP_1N_GenomeWideSNP_6_H04_628310	1	196798565	202567272	3722	0.5462
CUSKS_p_TCGAb47_SNP_1N_GenomeWideSNP_6_H04_628310	1	202567553	202567786	3	-0.7691
CUSKS_p_TCGAb47_SNP_1N_GenomeWideSNP_6_H04_628310	1	202568542	210068997	5123	0.5474
CUSKS_p_TCGAb47_SNP_1N_GenomeWideSNP_6_H04_628310	1	210071062	210086552	5	1.7571
CUSKS_p_TCGAb47_SNP_1N_GenomeWideSNP_6_H04_628310	1	210093494	211207008	855	0.5656
CUSKS_p_TCGAb47_SNP_1N_GenomeWideSNP_6_H04_628310	1	211208482	211215092	6	-0.6909
CUSKS_p_TCGAb47_SNP_1N_GenomeWideSNP_6_H04_628310	1	211220531	214637808	2239	0.5457
CUSKS_p_TCGAb47_SNP_1N_GenomeWideSNP_6_H04_628310	1	214638436	214638457	2	-1.0315
CUSKS_p_TCGAb47_SNP_1N_GenomeWideSNP_6_H04_628310	1	214639253	219691711	3645	0.5599
CUSKS_p_TCGAb47_SNP_1N_GenomeWideSNP_6_H04_628310	1	219692313	219693590	5	-0.7343
CUSKS_p_TCGAb47_SNP_1N_GenomeWideSNP_6_H04_628310	1	219695224	240391247	14453	0.5536
CUSKS_p_TCGAb47_SNP_1N_GenomeWideSNP_6_H04_628310	1	240391740	240396105	8	-0.2745
CUSKS_p_TCGAb47_SNP_1N_GenomeWideSNP_6_H04_628310	1	240398028	243062627	2119	0.5447
CUSKS_p_TCGAb47_SNP_1N_GenomeWideSNP_6_H04_628310	1	243062642	243064142	9	1.4363
CUSKS_p_TCGAb47_SNP_1N_GenomeWideSNP_6_H04_628310	1	243065369	248592872	3585	0.5599
CUSKS_p_TCGAb47_SNP_1N_GenomeWideSNP_6_H04_628310	1	248593241	248637264	17	0.9703
CUSKS_p_TCGAb47_SNP_1N_GenomeWideSNP_6_H04_628310	1	248638626	248688615	18	0.5066
CUSKS_p_TCGAb47_SNP_1N_GenomeWideSNP_6_H04_628310	1	248697391	248737447	8	0.158
CUSKS_p_TCGAb47_SNP_1N_GenomeWideSNP_6_H04_628310	1	248749194	248797213	33	-0.6712
CUSKS_p_TCGAb47_SNP_1N_GenomeWideSNP_6_H04_628310	1	248805339	249224388	145	0.5293
CUSKS_p_TCGAb47_SNP_1N_GenomeWideSNP_6_H04_628310	2	12784	1297772	850	0.0403
CUSKS_p_TCGAb47_SNP_1N_GenomeWideSNP_6_H04_628310	2	1298915	1301012	3	-1.1355
CUSKS_p_TCGAb47_SNP_1N_GenomeWideSNP_6_H04_628310	2	1301567	15009071	10406	-0.0906
CUSKS_p_TCGAb47_SNP_1N_GenomeWideSNP_6_H04_628310	2	15012057	15064586	49	-1.0759
CUSKS_p_TCGAb47_SNP_1N_GenomeWideSNP_6_H04_628310	2	15071092	24599249	6638	-0.114
CUSKS_p_TCGAb47_SNP_1N_GenomeWideSNP_6_H04_628310	2	24601511	24611128	20	-1.9858
CUSKS_p_TCGAb47_SNP_1N_GenomeWideSNP_6_H04_628310	2	24611727	98118212	43363	0.0731
CUSKS_p_TCGAb47_SNP_1N_GenomeWideSNP_6_H04_628310	2	98140747	98179580	17	0.7044
CUSKS_p_TCGAb47_SNP_1N_GenomeWideSNP_6_H04_628310	2	98187302	117588586	11374	0.0776
CUSKS_p_TCGAb47_SNP_1N_GenomeWideSNP_6_H04_628310	2	117589767	117591245	3	-1.4778
CUSKS_p_TCGAb47_SNP_1N_GenomeWideSNP_6_H04_628310	2	117591704	118315191	459	0.0353
CUSKS_p_TCGAb47_SNP_1N_GenomeWideSNP_6_H04_628310	2	118315232	118316309	2	-1.3537
CUSKS_p_TCGAb47_SNP_1N_GenomeWideSNP_6_H04_628310	2	118320968	124366721	3966	0.0909
CUSKS_p_TCGAb47_SNP_1N_GenomeWideSNP_6_H04_628310	2	124368544	129638078	3226	-0.7427
CUSKS_p_TCGAb47_SNP_1N_GenomeWideSNP_6_H04_628310	2	129638478	129640315	15	-2.4223
CUSKS_p_TCGAb47_SNP_1N_GenomeWideSNP_6_H04_628310	2	129640329	146865094	10458	-0.7305
CUSKS_p_TCGAb47_SNP_1N_GenomeWideSNP_6_H04_628310	2	146865183	146866934	17	-1.7751
CUSKS_p_TCGAb47_SNP_1N_GenomeWideSNP_6_H04_628310	2	146877806	153569259	4052	-0.7283
CUSKS_p_TCGAb47_SNP_1N_GenomeWideSNP_6_H04_628310	2	153577111	161552880	4773	0.0812
CUSKS_p_TCGAb47_SNP_1N_GenomeWideSNP_6_H04_628310	2	161553241	161553331	2	-1.3724
CUSKS_p_TCGAb47_SNP_1N_GenomeWideSNP_6_H04_628310	2	161557056	171958801	6338	0.0827
CUSKS_p_TCGAb47_SNP_1N_GenomeWideSNP_6_H04_628310	2	171962676	171972927	8	-0.7068
CUSKS_p_TCGAb47_SNP_1N_GenomeWideSNP_6_H04_628310	2	171976294	192040564	12248	0.0792
CUSKS_p_TCGAb47_SNP_1N_GenomeWideSNP_6_H04_628310	2	192045160	192053184	7	-0.7337
CUSKS_p_TCGAb47_SNP_1N_GenomeWideSNP_6_H04_628310	2	192055438	194687745	1469	0.0674
CUSKS_p_TCGAb47_SNP_1N_GenomeWideSNP_6_H04_628310	2	194690304	194693798	2	2.1087
CUSKS_p_TCGAb47_SNP_1N_GenomeWideSNP_6_H04_628310	2	194702314	208354955	8103	0.0714
CUSKS_p_TCGAb47_SNP_1N_GenomeWideSNP_6_H04_628310	2	208355178	208359336	16	0.7262
CUSKS_p_TCGAb47_SNP_1N_GenomeWideSNP_6_H04_628310	2	208359476	229759479	13897	0.0862
CUSKS_p_TCGAb47_SNP_1N_GenomeWideSNP_6_H04_628310	2	229759646	229760083	8	-0.9374
CUSKS_p_TCGAb47_SNP_1N_GenomeWideSNP_6_H04_628310	2	229760135	235775041	3797	0.0722
CUSKS_p_TCGAb47_SNP_1N_GenomeWideSNP_6_H04_628310	2	235776889	235777013	2	-3.4291
CUSKS_p_TCGAb47_SNP_1N_GenomeWideSNP_6_H04_628310	2	235779262	243089456	4439	0.0817
CUSKS_p_TCGAb47_SNP_1N_GenomeWideSNP_6_H04_628310	3	60345	26426191	19947	0.0616
CUSKS_p_TCGAb47_SNP_1N_GenomeWideSNP_6_H04_628310	3	26434124	26439343	5	-0.9493
CUSKS_p_TCGAb47_SNP_1N_GenomeWideSNP_6_H04_628310	3	26445973	26598888	113	0.08
CUSKS_p_TCGAb47_SNP_1N_GenomeWideSNP_6_H04_628310	3	26601100	26614984	25	-0.3003
CUSKS_p_TCGAb47_SNP_1N_GenomeWideSNP_6_H04_628310	3	26614985	98937784	43766	0.072
CUSKS_p_TCGAb47_SNP_1N_GenomeWideSNP_6_H04_628310	3	98944458	98949421	38	-2.5262
CUSKS_p_TCGAb47_SNP_1N_GenomeWideSNP_6_H04_628310	3	98950964	112442211	8198	0.0725
CUSKS_p_TCGAb47_SNP_1N_GenomeWideSNP_6_H04_628310	3	112449230	129760622	10556	0.5592
CUSKS_p_TCGAb47_SNP_1N_GenomeWideSNP_6_H04_628310	3	129761124	129799597	51	-0.033
CUSKS_p_TCGAb47_SNP_1N_GenomeWideSNP_6_H04_628310	3	129799667	157465793	17233	0.5616
CUSKS_p_TCGAb47_SNP_1N_GenomeWideSNP_6_H04_628310	3	157470241	162508268	3071	0.1149
CUSKS_p_TCGAb47_SNP_1N_GenomeWideSNP_6_H04_628310	3	162512657	162524858	12	0.7995
CUSKS_p_TCGAb47_SNP_1N_GenomeWideSNP_6_H04_628310	3	162528630	162530870	3	-0.6102
CUSKS_p_TCGAb47_SNP_1N_GenomeWideSNP_6_H04_628310	3	162532950	162540490	7	-1.9717
CUSKS_p_TCGAb47_SNP_1N_GenomeWideSNP_6_H04_628310	3	162545716	162615915	42	0.6579
CUSKS_p_TCGAb47_SNP_1N_GenomeWideSNP_6_H04_628310	3	162623842	174509183	7217	0.1525
CUSKS_p_TCGAb47_SNP_1N_GenomeWideSNP_6_H04_628310	3	174511328	174575228	43	-0.5295
CUSKS_p_TCGAb47_SNP_1N_GenomeWideSNP_6_H04_628310	3	174579438	174804388	152	0.1645
CUSKS_p_TCGAb47_SNP_1N_GenomeWideSNP_6_H04_628310	3	174804968	174807929	2	-1.4644
CUSKS_p_TCGAb47_SNP_1N_GenomeWideSNP_6_H04_628310	3	174808332	175080611	259	0.2025
CUSKS_p_TCGAb47_SNP_1N_GenomeWideSNP_6_H04_628310	3	175080747	175081325	5	-2.8833
CUSKS_p_TCGAb47_SNP_1N_GenomeWideSNP_6_H04_628310	3	175086788	183319054	4938	0.176
CUSKS_p_TCGAb47_SNP_1N_GenomeWideSNP_6_H04_628310	3	183319354	183322101	3	1.1373
CUSKS_p_TCGAb47_SNP_1N_GenomeWideSNP_6_H04_628310	3	183327689	192877902	6593	0.1787
CUSKS_p_TCGAb47_SNP_1N_GenomeWideSNP_6_H04_628310	3	192877962	192882903	19	-1.4663
CUSKS_p_TCGAb47_SNP_1N_GenomeWideSNP_6_H04_628310	3	192886435	197896118	2705	0.2015
CUSKS_p_TCGAb47_SNP_1N_GenomeWideSNP_6_H04_628310	4	12281	10210390	5783	-0.7513
CUSKS_p_TCGAb47_SNP_1N_GenomeWideSNP_6_H04_628310	4	10214160	10235166	34	0.989
CUSKS_p_TCGAb47_SNP_1N_GenomeWideSNP_6_H04_628310	4	10235182	10272093	43	-0.7209
CUSKS_p_TCGAb47_SNP_1N_GenomeWideSNP_6_H04_628310	4	10272788	10274994	11	-4.2873
CUSKS_p_TCGAb47_SNP_1N_GenomeWideSNP_6_H04_628310	4	10275982	25070882	10835	-0.7307
CUSKS_p_TCGAb47_SNP_1N_GenomeWideSNP_6_H04_628310	4	25077766	25088756	19	-4.2428
CUSKS_p_TCGAb47_SNP_1N_GenomeWideSNP_6_H04_628310	4	25097862	34786500	6067	-0.7283
CUSKS_p_TCGAb47_SNP_1N_GenomeWideSNP_6_H04_628310	4	34786955	34824725	37	0.1207
CUSKS_p_TCGAb47_SNP_1N_GenomeWideSNP_6_H04_628310	4	34829872	40160534	3538	-0.7375
CUSKS_p_TCGAb47_SNP_1N_GenomeWideSNP_6_H04_628310	4	40161772	40162868	3	-2.646
CUSKS_p_TCGAb47_SNP_1N_GenomeWideSNP_6_H04_628310	4	40162971	40457127	187	-0.7685
CUSKS_p_TCGAb47_SNP_1N_GenomeWideSNP_6_H04_628310	4	40461733	61935064	11358	0.0776
CUSKS_p_TCGAb47_SNP_1N_GenomeWideSNP_6_H04_628310	4	61936938	61941952	3	1.521
CUSKS_p_TCGAb47_SNP_1N_GenomeWideSNP_6_H04_628310	4	61945686	64705785	1524	0.0711
CUSKS_p_TCGAb47_SNP_1N_GenomeWideSNP_6_H04_628310	4	64707581	64716431	9	0.8624
CUSKS_p_TCGAb47_SNP_1N_GenomeWideSNP_6_H04_628310	4	64717026	69220383	2851	0.0648
CUSKS_p_TCGAb47_SNP_1N_GenomeWideSNP_6_H04_628310	4	69226848	69256759	6	1.4658
CUSKS_p_TCGAb47_SNP_1N_GenomeWideSNP_6_H04_628310	4	69256760	69528959	95	-0.3463
CUSKS_p_TCGAb47_SNP_1N_GenomeWideSNP_6_H04_628310	4	69536788	96054027	16164	0.0729
CUSKS_p_TCGAb47_SNP_1N_GenomeWideSNP_6_H04_628310	4	96055475	96090835	32	-0.6899
CUSKS_p_TCGAb47_SNP_1N_GenomeWideSNP_6_H04_628310	4	96092629	148928801	31613	0.078
CUSKS_p_TCGAb47_SNP_1N_GenomeWideSNP_6_H04_628310	4	148929238	148930587	4	-1.1461
CUSKS_p_TCGAb47_SNP_1N_GenomeWideSNP_6_H04_628310	4	148937058	155803005	4104	0.0845
CUSKS_p_TCGAb47_SNP_1N_GenomeWideSNP_6_H04_628310	4	155803057	155803078	2	1.442
CUSKS_p_TCGAb47_SNP_1N_GenomeWideSNP_6_H04_628310	4	155803199	169979856	9199	0.0776
CUSKS_p_TCGAb47_SNP_1N_GenomeWideSNP_6_H04_628310	4	169985502	172369346	1425	0.5638
CUSKS_p_TCGAb47_SNP_1N_GenomeWideSNP_6_H04_628310	4	172374884	172377776	12	-0.4254
CUSKS_p_TCGAb47_SNP_1N_GenomeWideSNP_6_H04_628310	4	172380371	172987928	397	0.5807
CUSKS_p_TCGAb47_SNP_1N_GenomeWideSNP_6_H04_628310	4	172989148	172989533	12	-1.9656
CUSKS_p_TCGAb47_SNP_1N_GenomeWideSNP_6_H04_628310	4	172995979	173422341	231	0.5975
CUSKS_p_TCGAb47_SNP_1N_GenomeWideSNP_6_H04_628310	4	173422522	173428471	6	-0.2674
CUSKS_p_TCGAb47_SNP_1N_GenomeWideSNP_6_H04_628310	4	173428588	173428643	2	-2.1189
CUSKS_p_TCGAb47_SNP_1N_GenomeWideSNP_6_H04_628310	4	173441132	180093706	4142	0.5562
CUSKS_p_TCGAb47_SNP_1N_GenomeWideSNP_6_H04_628310	4	180097988	180098338	2	-2.9398
CUSKS_p_TCGAb47_SNP_1N_GenomeWideSNP_6_H04_628310	4	180101922	189230795	6587	0.5719
CUSKS_p_TCGAb47_SNP_1N_GenomeWideSNP_6_H04_628310	4	189230820	189232114	11	1.185
CUSKS_p_TCGAb47_SNP_1N_GenomeWideSNP_6_H04_628310	4	189232324	190542814	964	0.5496
CUSKS_p_TCGAb47_SNP_1N_GenomeWideSNP_6_H04_628310	4	190542878	190703431	62	0.2459
CUSKS_p_TCGAb47_SNP_1N_GenomeWideSNP_6_H04_628310	4	190705469	190967249	121	0.5465
CUSKS_p_TCGAb47_SNP_1N_GenomeWideSNP_6_H04_628310	4	190973560	191027923	5	0.0237
CUSKS_p_TCGAb47_SNP_1N_GenomeWideSNP_6_H04_628310	5	15532	722205	315	0.0827
CUSKS_p_TCGAb47_SNP_1N_GenomeWideSNP_6_H04_628310	5	722396	833628	50	0.6286
CUSKS_p_TCGAb47_SNP_1N_GenomeWideSNP_6_H04_628310	5	852566	12800889	9862	0.0782
CUSKS_p_TCGAb47_SNP_1N_GenomeWideSNP_6_H04_628310	5	12815780	12826650	11	0.7094
CUSKS_p_TCGAb47_SNP_1N_GenomeWideSNP_6_H04_628310	5	12833857	15719350	1980	0.0849
CUSKS_p_TCGAb47_SNP_1N_GenomeWideSNP_6_H04_628310	5	15720075	15720597	9	-0.8922
CUSKS_p_TCGAb47_SNP_1N_GenomeWideSNP_6_H04_628310	5	15723346	21449219	3552	0.069
CUSKS_p_TCGAb47_SNP_1N_GenomeWideSNP_6_H04_628310	5	21449276	21452438	6	1.3044
CUSKS_p_TCGAb47_SNP_1N_GenomeWideSNP_6_H04_628310	5	21452496	46271108	15034	0.076
CUSKS_p_TCGAb47_SNP_1N_GenomeWideSNP_6_H04_628310	5	46271930	46273502	6	-2.8303
CUSKS_p_TCGAb47_SNP_1N_GenomeWideSNP_6_H04_628310	5	46278212	49572718	48	0.3606
CUSKS_p_TCGAb47_SNP_1N_GenomeWideSNP_6_H04_628310	5	49573125	57319482	5033	0.0752
CUSKS_p_TCGAb47_SNP_1N_GenomeWideSNP_6_H04_628310	5	57321586	57333515	33	-0.4067
CUSKS_p_TCGAb47_SNP_1N_GenomeWideSNP_6_H04_628310	5	57333533	98759032	23924	0.0762
CUSKS_p_TCGAb47_SNP_1N_GenomeWideSNP_6_H04_628310	5	98767744	98813855	35	-0.9111
CUSKS_p_TCGAb47_SNP_1N_GenomeWideSNP_6_H04_628310	5	98814760	177198449	51266	0.0855
CUSKS_p_TCGAb47_SNP_1N_GenomeWideSNP_6_H04_628310	5	177227551	177232605	3	2.9478
CUSKS_p_TCGAb47_SNP_1N_GenomeWideSNP_6_H04_628310	5	177254965	180790320	2003	0.0761
CUSKS_p_TCGAb47_SNP_1N_GenomeWideSNP_6_H04_628310	6	149661	253861	99	0.0585
CUSKS_p_TCGAb47_SNP_1N_GenomeWideSNP_6_H04_628310	6	254267	384546	107	-0.3909
CUSKS_p_TCGAb47_SNP_1N_GenomeWideSNP_6_H04_628310	6	385056	14097509	10881	0.0728
CUSKS_p_TCGAb47_SNP_1N_GenomeWideSNP_6_H04_628310	6	14098638	14105507	3	-1.0358
CUSKS_p_TCGAb47_SNP_1N_GenomeWideSNP_6_H04_628310	6	14107193	26005461	8769	0.076
CUSKS_p_TCGAb47_SNP_1N_GenomeWideSNP_6_H04_628310	6	26008260	26180161	98	0.4715
CUSKS_p_TCGAb47_SNP_1N_GenomeWideSNP_6_H04_628310	6	26184041	29837072	1800	0.0558
CUSKS_p_TCGAb47_SNP_1N_GenomeWideSNP_6_H04_628310	6	29837187	29901576	37	0.6144
CUSKS_p_TCGAb47_SNP_1N_GenomeWideSNP_6_H04_628310	6	29908469	31287222	658	0.0312
CUSKS_p_TCGAb47_SNP_1N_GenomeWideSNP_6_H04_628310	6	31287501	31296451	6	-2.0235
CUSKS_p_TCGAb47_SNP_1N_GenomeWideSNP_6_H04_628310	6	31309924	32454523	511	0.0704
CUSKS_p_TCGAb47_SNP_1N_GenomeWideSNP_6_H04_628310	6	32456683	32573771	31	-0.3816
CUSKS_p_TCGAb47_SNP_1N_GenomeWideSNP_6_H04_628310	6	32574014	32624304	29	0.0609
CUSKS_p_TCGAb47_SNP_1N_GenomeWideSNP_6_H04_628310	6	32624591	32625937	4	-1.7519
CUSKS_p_TCGAb47_SNP_1N_GenomeWideSNP_6_H04_628310	6	32626618	36112397	1967	0.0346
CUSKS_p_TCGAb47_SNP_1N_GenomeWideSNP_6_H04_628310	6	36113035	36116425	2	-1.3155
CUSKS_p_TCGAb47_SNP_1N_GenomeWideSNP_6_H04_628310	6	36117380	53931230	11786	0.0753
CUSKS_p_TCGAb47_SNP_1N_GenomeWideSNP_6_H04_628310	6	53931275	53931803	4	0.9523
CUSKS_p_TCGAb47_SNP_1N_GenomeWideSNP_6_H04_628310	6	53931855	67038046	5500	0.0653
CUSKS_p_TCGAb47_SNP_1N_GenomeWideSNP_6_H04_628310	6	67040913	67042897	6	-2.5582
CUSKS_p_TCGAb47_SNP_1N_GenomeWideSNP_6_H04_628310	6	67043192	77014948	6498	0.0786
CUSKS_p_TCGAb47_SNP_1N_GenomeWideSNP_6_H04_628310	6	77016900	77017069	7	-0.7572
CUSKS_p_TCGAb47_SNP_1N_GenomeWideSNP_6_H04_628310	6	77017077	78962889	1293	0.0601
CUSKS_p_TCGAb47_SNP_1N_GenomeWideSNP_6_H04_628310	6	78969065	79035185	113	-3.2213
CUSKS_p_TCGAb47_SNP_1N_GenomeWideSNP_6_H04_628310	6	79039234	81509779	1630	0.0887
CUSKS_p_TCGAb47_SNP_1N_GenomeWideSNP_6_H04_628310	6	81515796	81516540	4	-1.0629
CUSKS_p_TCGAb47_SNP_1N_GenomeWideSNP_6_H04_628310	6	81519905	97351180	9988	0.0653
CUSKS_p_TCGAb47_SNP_1N_GenomeWideSNP_6_H04_628310	6	97356570	103734829	3874	-0.7459
CUSKS_p_TCGAb47_SNP_1N_GenomeWideSNP_6_H04_628310	6	103737976	103762061	46	-1.5935
CUSKS_p_TCGAb47_SNP_1N_GenomeWideSNP_6_H04_628310	6	103765470	125309524	13253	-0.7334
CUSKS_p_TCGAb47_SNP_1N_GenomeWideSNP_6_H04_628310	6	125310360	125695080	303	0.0446
CUSKS_p_TCGAb47_SNP_1N_GenomeWideSNP_6_H04_628310	6	125706719	125706966	2	-2.311
CUSKS_p_TCGAb47_SNP_1N_GenomeWideSNP_6_H04_628310	6	125712903	126182763	324	0.0622
CUSKS_p_TCGAb47_SNP_1N_GenomeWideSNP_6_H04_628310	6	126183692	126186776	3	-1.9346
CUSKS_p_TCGAb47_SNP_1N_GenomeWideSNP_6_H04_628310	6	126188893	134266268	5188	0.0548
CUSKS_p_TCGAb47_SNP_1N_GenomeWideSNP_6_H04_628310	6	134269071	134269632	2	-1.7495
CUSKS_p_TCGAb47_SNP_1N_GenomeWideSNP_6_H04_628310	6	134272072	151316041	11217	0.055
CUSKS_p_TCGAb47_SNP_1N_GenomeWideSNP_6_H04_628310	6	151318538	151319827	3	-1.4787
CUSKS_p_TCGAb47_SNP_1N_GenomeWideSNP_6_H04_628310	6	151320626	157779495	4498	0.0659
CUSKS_p_TCGAb47_SNP_1N_GenomeWideSNP_6_H04_628310	6	157781264	157796076	3	1.6804
CUSKS_p_TCGAb47_SNP_1N_GenomeWideSNP_6_H04_628310	6	157796994	171051005	9436	0.059
CUSKS_p_TCGAb47_SNP_1N_GenomeWideSNP_6_H04_628310	7	43355	231145	136	-0.6247
CUSKS_p_TCGAb47_SNP_1N_GenomeWideSNP_6_H04_628310	7	704573	6963659	3347	0.1603
CUSKS_p_TCGAb47_SNP_1N_GenomeWideSNP_6_H04_628310	7	6964024	6965895	3	-1.0809
CUSKS_p_TCGAb47_SNP_1N_GenomeWideSNP_6_H04_628310	7	6968187	8825885	1604	0.0889
CUSKS_p_TCGAb47_SNP_1N_GenomeWideSNP_6_H04_628310	7	8827170	8865997	50	-1.0026
CUSKS_p_TCGAb47_SNP_1N_GenomeWideSNP_6_H04_628310	7	8872996	38290714	22317	0.077
CUSKS_p_TCGAb47_SNP_1N_GenomeWideSNP_6_H04_628310	7	38294101	38398047	126	0.5949
CUSKS_p_TCGAb47_SNP_1N_GenomeWideSNP_6_H04_628310	7	38400957	54380373	11017	0.0785
CUSKS_p_TCGAb47_SNP_1N_GenomeWideSNP_6_H04_628310	7	54386505	54386517	6	-2.0571
CUSKS_p_TCGAb47_SNP_1N_GenomeWideSNP_6_H04_628310	7	54393488	57067592	1633	0.0781
CUSKS_p_TCGAb47_SNP_1N_GenomeWideSNP_6_H04_628310	7	57068740	57084132	2	-1.8206
CUSKS_p_TCGAb47_SNP_1N_GenomeWideSNP_6_H04_628310	7	57116468	70420438	4665	0.0877
CUSKS_p_TCGAb47_SNP_1N_GenomeWideSNP_6_H04_628310	7	70423250	70426141	2	-2.2407
CUSKS_p_TCGAb47_SNP_1N_GenomeWideSNP_6_H04_628310	7	70428243	71872935	989	0.055
CUSKS_p_TCGAb47_SNP_1N_GenomeWideSNP_6_H04_628310	7	71876946	71922544	33	-0.9009
CUSKS_p_TCGAb47_SNP_1N_GenomeWideSNP_6_H04_628310	7	71926044	91357869	11087	0.0765
CUSKS_p_TCGAb47_SNP_1N_GenomeWideSNP_6_H04_628310	7	91358294	91358540	3	-1.2111
CUSKS_p_TCGAb47_SNP_1N_GenomeWideSNP_6_H04_628310	7	91358771	97395509	3763	0.0805
CUSKS_p_TCGAb47_SNP_1N_GenomeWideSNP_6_H04_628310	7	97401932	97402091	5	0.8368
CUSKS_p_TCGAb47_SNP_1N_GenomeWideSNP_6_H04_628310	7	97402227	98804406	740	0.0659
CUSKS_p_TCGAb47_SNP_1N_GenomeWideSNP_6_H04_628310	7	98807839	98810612	5	-1.0386
CUSKS_p_TCGAb47_SNP_1N_GenomeWideSNP_6_H04_628310	7	98812521	100917308	757	0.0116
CUSKS_p_TCGAb47_SNP_1N_GenomeWideSNP_6_H04_628310	7	100918485	101105017	77	0.2829
CUSKS_p_TCGAb47_SNP_1N_GenomeWideSNP_6_H04_628310	7	101109690	101551959	225	0.0314
CUSKS_p_TCGAb47_SNP_1N_GenomeWideSNP_6_H04_628310	7	101558899	101563033	4	-0.7617
CUSKS_p_TCGAb47_SNP_1N_GenomeWideSNP_6_H04_628310	7	101566292	109433798	4835	0.0875
CUSKS_p_TCGAb47_SNP_1N_GenomeWideSNP_6_H04_628310	7	109437092	109437774	16	0.8583
CUSKS_p_TCGAb47_SNP_1N_GenomeWideSNP_6_H04_628310	7	109440917	109441212	8	0.0648
CUSKS_p_TCGAb47_SNP_1N_GenomeWideSNP_6_H04_628310	7	109441244	109453910	11	1.0428
CUSKS_p_TCGAb47_SNP_1N_GenomeWideSNP_6_H04_628310	7	109453982	111940462	1660	0.1031
CUSKS_p_TCGAb47_SNP_1N_GenomeWideSNP_6_H04_628310	7	111944382	111960100	11	-1.0873
CUSKS_p_TCGAb47_SNP_1N_GenomeWideSNP_6_H04_628310	7	111963829	126044974	8373	0.0846
CUSKS_p_TCGAb47_SNP_1N_GenomeWideSNP_6_H04_628310	7	126045482	126046615	12	0.6246
CUSKS_p_TCGAb47_SNP_1N_GenomeWideSNP_6_H04_628310	7	126046876	126247731	143	0.0218
CUSKS_p_TCGAb47_SNP_1N_GenomeWideSNP_6_H04_628310	7	126260750	126262856	3	1.3065
CUSKS_p_TCGAb47_SNP_1N_GenomeWideSNP_6_H04_628310	7	126262995	128104287	1239	0.0702
CUSKS_p_TCGAb47_SNP_1N_GenomeWideSNP_6_H04_628310	7	128104859	128257869	41	0.4832
CUSKS_p_TCGAb47_SNP_1N_GenomeWideSNP_6_H04_628310	7	128260473	133785177	3282	0.0775
CUSKS_p_TCGAb47_SNP_1N_GenomeWideSNP_6_H04_628310	7	133785195	133795634	26	0.5976
CUSKS_p_TCGAb47_SNP_1N_GenomeWideSNP_6_H04_628310	7	133795665	141883685	5318	0.0864
CUSKS_p_TCGAb47_SNP_1N_GenomeWideSNP_6_H04_628310	7	141887466	141890648	4	0.9184
CUSKS_p_TCGAb47_SNP_1N_GenomeWideSNP_6_H04_628310	7	141892707	142474939	383	0.2184
CUSKS_p_TCGAb47_SNP_1N_GenomeWideSNP_6_H04_628310	7	142476719	142479722	8	-3.2336
CUSKS_p_TCGAb47_SNP_1N_GenomeWideSNP_6_H04_628310	7	142479807	142485699	14	-1.2923
CUSKS_p_TCGAb47_SNP_1N_GenomeWideSNP_6_H04_628310	7	142485771	142486045	5	-3.2251
CUSKS_p_TCGAb47_SNP_1N_GenomeWideSNP_6_H04_628310	7	142486115	144003667	866	0.1072
CUSKS_p_TCGAb47_SNP_1N_GenomeWideSNP_6_H04_628310	7	144003746	144009564	3	-1.1724
CUSKS_p_TCGAb47_SNP_1N_GenomeWideSNP_6_H04_628310	7	144014189	147713993	2423	0.0618
CUSKS_p_TCGAb47_SNP_1N_GenomeWideSNP_6_H04_628310	7	147714781	147716165	5	-0.9267
CUSKS_p_TCGAb47_SNP_1N_GenomeWideSNP_6_H04_628310	7	147717262	150285104	1442	0.0557
CUSKS_p_TCGAb47_SNP_1N_GenomeWideSNP_6_H04_628310	7	150285801	150312161	11	-1.3181
CUSKS_p_TCGAb47_SNP_1N_GenomeWideSNP_6_H04_628310	7	150312649	154389895	2584	0.0714
CUSKS_p_TCGAb47_SNP_1N_GenomeWideSNP_6_H04_628310	7	154393171	154399613	4	1.3183
CUSKS_p_TCGAb47_SNP_1N_GenomeWideSNP_6_H04_628310	7	154400830	159127004	3246	0.0968
CUSKS_p_TCGAb47_SNP_1N_GenomeWideSNP_6_H04_628310	8	31254	158062	5	0.2076
CUSKS_p_TCGAb47_SNP_1N_GenomeWideSNP_6_H04_628310	8	161222	594973	324	-0.7542
CUSKS_p_TCGAb47_SNP_1N_GenomeWideSNP_6_H04_628310	8	595220	595875	6	0.6936
CUSKS_p_TCGAb47_SNP_1N_GenomeWideSNP_6_H04_628310	8	595892	595908	2	4.5333
CUSKS_p_TCGAb47_SNP_1N_GenomeWideSNP_6_H04_628310	8	606117	2296727	1382	-0.7306
CUSKS_p_TCGAb47_SNP_1N_GenomeWideSNP_6_H04_628310	8	2296933	2297223	4	-3.0716
CUSKS_p_TCGAb47_SNP_1N_GenomeWideSNP_6_H04_628310	8	2297291	2701934	392	-0.7351
CUSKS_p_TCGAb47_SNP_1N_GenomeWideSNP_6_H04_628310	8	2703533	2703899	7	-2.2904
CUSKS_p_TCGAb47_SNP_1N_GenomeWideSNP_6_H04_628310	8	2707171	6840297	5593	-0.7533
CUSKS_p_TCGAb47_SNP_1N_GenomeWideSNP_6_H04_628310	8	6858815	6876142	4	-2.276
CUSKS_p_TCGAb47_SNP_1N_GenomeWideSNP_6_H04_628310	8	6878188	7011075	78	-0.734
CUSKS_p_TCGAb47_SNP_1N_GenomeWideSNP_6_H04_628310	8	7012924	7237903	38	-0.2662
CUSKS_p_TCGAb47_SNP_1N_GenomeWideSNP_6_H04_628310	8	7238019	8003045	206	-0.6571
CUSKS_p_TCGAb47_SNP_1N_GenomeWideSNP_6_H04_628310	8	8003216	8070303	11	0.2135
CUSKS_p_TCGAb47_SNP_1N_GenomeWideSNP_6_H04_628310	8	8072303	12216009	3232	-0.7169
CUSKS_p_TCGAb47_SNP_1N_GenomeWideSNP_6_H04_628310	8	12216848	12239835	10	-1.8209
CUSKS_p_TCGAb47_SNP_1N_GenomeWideSNP_6_H04_628310	8	12240162	24972187	10490	-0.7276
CUSKS_p_TCGAb47_SNP_1N_GenomeWideSNP_6_H04_628310	8	24974443	24991274	31	-0.0928
CUSKS_p_TCGAb47_SNP_1N_GenomeWideSNP_6_H04_628310	8	24991289	32678550	5431	-0.7184
CUSKS_p_TCGAb47_SNP_1N_GenomeWideSNP_6_H04_628310	8	32678656	32688413	12	0.0433
CUSKS_p_TCGAb47_SNP_1N_GenomeWideSNP_6_H04_628310	8	32692106	34198845	849	-0.7141
CUSKS_p_TCGAb47_SNP_1N_GenomeWideSNP_6_H04_628310	8	34204100	39230659	2728	0.081
CUSKS_p_TCGAb47_SNP_1N_GenomeWideSNP_6_H04_628310	8	39235603	39386965	59	0.912
CUSKS_p_TCGAb47_SNP_1N_GenomeWideSNP_6_H04_628310	8	39388299	103571193	36821	0.1061
CUSKS_p_TCGAb47_SNP_1N_GenomeWideSNP_6_H04_628310	8	103571442	112291494	5252	0.5636
CUSKS_p_TCGAb47_SNP_1N_GenomeWideSNP_6_H04_628310	8	112294279	112295260	10	-1.6627
CUSKS_p_TCGAb47_SNP_1N_GenomeWideSNP_6_H04_628310	8	112300281	130211328	11944	0.5723
CUSKS_p_TCGAb47_SNP_1N_GenomeWideSNP_6_H04_628310	8	130221779	139627188	7438	0.0766
CUSKS_p_TCGAb47_SNP_1N_GenomeWideSNP_6_H04_628310	8	139634170	139764832	129	-0.7624
CUSKS_p_TCGAb47_SNP_1N_GenomeWideSNP_6_H04_628310	8	139766243	141899639	1562	0.1114
CUSKS_p_TCGAb47_SNP_1N_GenomeWideSNP_6_H04_628310	8	141900347	141944028	21	0.4828
CUSKS_p_TCGAb47_SNP_1N_GenomeWideSNP_6_H04_628310	8	141946294	142570845	384	0.0921
CUSKS_p_TCGAb47_SNP_1N_GenomeWideSNP_6_H04_628310	8	142571042	142571174	2	-1.3205
CUSKS_p_TCGAb47_SNP_1N_GenomeWideSNP_6_H04_628310	8	142571223	143128774	330	0.0842
CUSKS_p_TCGAb47_SNP_1N_GenomeWideSNP_6_H04_628310	8	143128775	143130738	3	-1.1398
CUSKS_p_TCGAb47_SNP_1N_GenomeWideSNP_6_H04_628310	8	143136640	146298155	1133	0.0876
CUSKS_p_TCGAb47_SNP_1N_GenomeWideSNP_6_H04_628310	9	46587	68920	8	-0.6631
CUSKS_p_TCGAb47_SNP_1N_GenomeWideSNP_6_H04_628310	9	88030	1830369	2001	0.0551
CUSKS_p_TCGAb47_SNP_1N_GenomeWideSNP_6_H04_628310	9	1830840	1837057	11	-1.1272
CUSKS_p_TCGAb47_SNP_1N_GenomeWideSNP_6_H04_628310	9	1842060	23361805	18455	0.0568
CUSKS_p_TCGAb47_SNP_1N_GenomeWideSNP_6_H04_628310	9	23363115	23373484	8	1.1044
CUSKS_p_TCGAb47_SNP_1N_GenomeWideSNP_6_H04_628310	9	23378488	23380445	3	-0.9204
CUSKS_p_TCGAb47_SNP_1N_GenomeWideSNP_6_H04_628310	9	23380834	24500840	793	0.0408
CUSKS_p_TCGAb47_SNP_1N_GenomeWideSNP_6_H04_628310	9	24503816	24517682	20	-1.0839
CUSKS_p_TCGAb47_SNP_1N_GenomeWideSNP_6_H04_628310	9	24519684	27227152	1968	0.0479
CUSKS_p_TCGAb47_SNP_1N_GenomeWideSNP_6_H04_628310	9	27228503	27230509	8	-0.9113
CUSKS_p_TCGAb47_SNP_1N_GenomeWideSNP_6_H04_628310	9	27232298	28044704	758	0.0623
CUSKS_p_TCGAb47_SNP_1N_GenomeWideSNP_6_H04_628310	9	28047588	28049833	4	-1.3386
CUSKS_p_TCGAb47_SNP_1N_GenomeWideSNP_6_H04_628310	9	28050691	29088729	787	0.0314
CUSKS_p_TCGAb47_SNP_1N_GenomeWideSNP_6_H04_628310	9	29089610	29100799	7	-0.7601
CUSKS_p_TCGAb47_SNP_1N_GenomeWideSNP_6_H04_628310	9	29101432	41952516	6545	0.0619
CUSKS_p_TCGAb47_SNP_1N_GenomeWideSNP_6_H04_628310	9	41972506	41985187	3	-1.416
CUSKS_p_TCGAb47_SNP_1N_GenomeWideSNP_6_H04_628310	9	42023107	43675611	50	0.1076
CUSKS_p_TCGAb47_SNP_1N_GenomeWideSNP_6_H04_628310	9	43689899	43767558	10	0.6512
CUSKS_p_TCGAb47_SNP_1N_GenomeWideSNP_6_H04_628310	9	43772050	44629223	54	-0.1013
CUSKS_p_TCGAb47_SNP_1N_GenomeWideSNP_6_H04_628310	9	44727859	44855737	36	-1.2919
CUSKS_p_TCGAb47_SNP_1N_GenomeWideSNP_6_H04_628310	9	44866028	90770447	14748	0.0735
CUSKS_p_TCGAb47_SNP_1N_GenomeWideSNP_6_H04_628310	9	90771310	90780151	12	-0.7717
CUSKS_p_TCGAb47_SNP_1N_GenomeWideSNP_6_H04_628310	9	90783151	141071527	33667	0.0634
CUSKS_p_TCGAb47_SNP_1N_GenomeWideSNP_6_H04_628310	9	141071940	141091394	6	1.518
CUSKS_p_TCGAb47_SNP_1N_GenomeWideSNP_6_H04_628310	10	72759	24377674	19257	0.0735
CUSKS_p_TCGAb47_SNP_1N_GenomeWideSNP_6_H04_628310	10	24377675	24378054	10	1.2324
CUSKS_p_TCGAb47_SNP_1N_GenomeWideSNP_6_H04_628310	10	24378908	27223903	1993	0.0644
CUSKS_p_TCGAb47_SNP_1N_GenomeWideSNP_6_H04_628310	10	27225904	27230675	15	0.6046
CUSKS_p_TCGAb47_SNP_1N_GenomeWideSNP_6_H04_628310	10	27230737	31246492	3039	0.0691
CUSKS_p_TCGAb47_SNP_1N_GenomeWideSNP_6_H04_628310	10	31246510	31251738	11	0.5326
CUSKS_p_TCGAb47_SNP_1N_GenomeWideSNP_6_H04_628310	10	31251779	47059821	7381	0.0677
CUSKS_p_TCGAb47_SNP_1N_GenomeWideSNP_6_H04_628310	10	47062311	47541189	74	0.4383
CUSKS_p_TCGAb47_SNP_1N_GenomeWideSNP_6_H04_628310	10	47542094	47897394	192	0.1034
CUSKS_p_TCGAb47_SNP_1N_GenomeWideSNP_6_H04_628310	10	47912899	47948060	3	-2.3054
CUSKS_p_TCGAb47_SNP_1N_GenomeWideSNP_6_H04_628310	10	47960476	67306158	12797	0.0708
CUSKS_p_TCGAb47_SNP_1N_GenomeWideSNP_6_H04_628310	10	67306276	67314430	28	0.5686
CUSKS_p_TCGAb47_SNP_1N_GenomeWideSNP_6_H04_628310	10	67314446	68124610	650	0.0607
CUSKS_p_TCGAb47_SNP_1N_GenomeWideSNP_6_H04_628310	10	68125672	68129088	6	-0.6505
CUSKS_p_TCGAb47_SNP_1N_GenomeWideSNP_6_H04_628310	10	68131328	70410630	1345	0.0547
CUSKS_p_TCGAb47_SNP_1N_GenomeWideSNP_6_H04_628310	10	70411536	70439266	13	-0.6623
CUSKS_p_TCGAb47_SNP_1N_GenomeWideSNP_6_H04_628310	10	70443854	74832602	2981	0.0542
CUSKS_p_TCGAb47_SNP_1N_GenomeWideSNP_6_H04_628310	10	74840101	74857936	10	-0.709
CUSKS_p_TCGAb47_SNP_1N_GenomeWideSNP_6_H04_628310	10	74866850	135506704	41326	0.0798
CUSKS_p_TCGAb47_SNP_1N_GenomeWideSNP_6_H04_628310	11	198510	3267999	1260	-0.7927
CUSKS_p_TCGAb47_SNP_1N_GenomeWideSNP_6_H04_628310	11	3282568	3346743	6	0.6191
CUSKS_p_TCGAb47_SNP_1N_GenomeWideSNP_6_H04_628310	11	3363765	4967396	1195	-0.705
CUSKS_p_TCGAb47_SNP_1N_GenomeWideSNP_6_H04_628310	11	4967650	4975675	29	-1.8283
CUSKS_p_TCGAb47_SNP_1N_GenomeWideSNP_6_H04_628310	11	4975705	8193949	2592	-0.7173
CUSKS_p_TCGAb47_SNP_1N_GenomeWideSNP_6_H04_628310	11	8194544	8195264	2	-7.0621
CUSKS_p_TCGAb47_SNP_1N_GenomeWideSNP_6_H04_628310	11	8195349	9241357	714	-0.766
CUSKS_p_TCGAb47_SNP_1N_GenomeWideSNP_6_H04_628310	11	9241448	9398238	55	-0.4436
CUSKS_p_TCGAb47_SNP_1N_GenomeWideSNP_6_H04_628310	11	9398354	9845112	264	-0.7439
CUSKS_p_TCGAb47_SNP_1N_GenomeWideSNP_6_H04_628310	11	9847307	9908298	49	0.0786
CUSKS_p_TCGAb47_SNP_1N_GenomeWideSNP_6_H04_628310	11	9910676	9932063	21	-0.7018
CUSKS_p_TCGAb47_SNP_1N_GenomeWideSNP_6_H04_628310	11	9933512	9933910	4	0.1922
CUSKS_p_TCGAb47_SNP_1N_GenomeWideSNP_6_H04_628310	11	9934160	10437339	323	-0.7147
CUSKS_p_TCGAb47_SNP_1N_GenomeWideSNP_6_H04_628310	11	10437501	10438353	2	-2.3825
CUSKS_p_TCGAb47_SNP_1N_GenomeWideSNP_6_H04_628310	11	10440344	10520520	55	-0.6552
CUSKS_p_TCGAb47_SNP_1N_GenomeWideSNP_6_H04_628310	11	10521337	55376280	28080	0.0878
CUSKS_p_TCGAb47_SNP_1N_GenomeWideSNP_6_H04_628310	11	55376498	55452534	49	0.8126
CUSKS_p_TCGAb47_SNP_1N_GenomeWideSNP_6_H04_628310	11	55452977	65107169	5313	0.0633
CUSKS_p_TCGAb47_SNP_1N_GenomeWideSNP_6_H04_628310	11	65107454	70089853	2229	0.541
CUSKS_p_TCGAb47_SNP_1N_GenomeWideSNP_6_H04_628310	11	70091636	85177232	9520	0.08
CUSKS_p_TCGAb47_SNP_1N_GenomeWideSNP_6_H04_628310	11	85183646	107230719	15383	-0.7175
CUSKS_p_TCGAb47_SNP_1N_GenomeWideSNP_6_H04_628310	11	107238656	107239128	7	-2.8304
CUSKS_p_TCGAb47_SNP_1N_GenomeWideSNP_6_H04_628310	11	107252362	129172872	15560	-0.738
CUSKS_p_TCGAb47_SNP_1N_GenomeWideSNP_6_H04_628310	11	129173235	134933715	4348	0.0823
CUSKS_p_TCGAb47_SNP_1N_GenomeWideSNP_6_H04_628310	11	134933972	134944770	6	-0.3919
CUSKS_p_TCGAb47_SNP_1N_GenomeWideSNP_6_H04_628310	12	150442	869198	415	-0.6918
CUSKS_p_TCGAb47_SNP_1N_GenomeWideSNP_6_H04_628310	12	869263	874029	16	-2.6947
CUSKS_p_TCGAb47_SNP_1N_GenomeWideSNP_6_H04_628310	12	875354	8357507	5104	-0.7357
CUSKS_p_TCGAb47_SNP_1N_GenomeWideSNP_6_H04_628310	12	8362050	8378251	11	1.1192
CUSKS_p_TCGAb47_SNP_1N_GenomeWideSNP_6_H04_628310	12	8393828	8584672	77	-0.4512
CUSKS_p_TCGAb47_SNP_1N_GenomeWideSNP_6_H04_628310	12	8594894	9633870	563	-0.8014
CUSKS_p_TCGAb47_SNP_1N_GenomeWideSNP_6_H04_628310	12	9637909	9713674	21	-1.4612
CUSKS_p_TCGAb47_SNP_1N_GenomeWideSNP_6_H04_628310	12	9714954	11219423	1043	-0.7415
CUSKS_p_TCGAb47_SNP_1N_GenomeWideSNP_6_H04_628310	12	11220724	11251874	13	-1.3563
CUSKS_p_TCGAb47_SNP_1N_GenomeWideSNP_6_H04_628310	12	11256829	13075397	1384	-0.7074
CUSKS_p_TCGAb47_SNP_1N_GenomeWideSNP_6_H04_628310	12	13075437	27645992	10002	0.0784
CUSKS_p_TCGAb47_SNP_1N_GenomeWideSNP_6_H04_628310	12	27647741	27651362	28	-0.8166
CUSKS_p_TCGAb47_SNP_1N_GenomeWideSNP_6_H04_628310	12	27657161	30235421	1880	0.0711
CUSKS_p_TCGAb47_SNP_1N_GenomeWideSNP_6_H04_628310	12	30235581	30243689	25	-0.5988
CUSKS_p_TCGAb47_SNP_1N_GenomeWideSNP_6_H04_628310	12	30243722	33301426	2272	0.0772
CUSKS_p_TCGAb47_SNP_1N_GenomeWideSNP_6_H04_628310	12	33301520	33308360	26	-0.4742
CUSKS_p_TCGAb47_SNP_1N_GenomeWideSNP_6_H04_628310	12	33308387	45899504	5626	0.0647
CUSKS_p_TCGAb47_SNP_1N_GenomeWideSNP_6_H04_628310	12	45899825	45909537	5	1.1473
CUSKS_p_TCGAb47_SNP_1N_GenomeWideSNP_6_H04_628310	12	45913292	48725019	1716	0.0657
CUSKS_p_TCGAb47_SNP_1N_GenomeWideSNP_6_H04_628310	12	48725042	48725415	4	-0.7171
CUSKS_p_TCGAb47_SNP_1N_GenomeWideSNP_6_H04_628310	12	48730036	92626452	27016	0.0674
CUSKS_p_TCGAb47_SNP_1N_GenomeWideSNP_6_H04_628310	12	92627100	92634415	8	-0.8224
CUSKS_p_TCGAb47_SNP_1N_GenomeWideSNP_6_H04_628310	12	92636928	99791792	5017	0.0661
CUSKS_p_TCGAb47_SNP_1N_GenomeWideSNP_6_H04_628310	12	99791814	99798734	32	-0.2889
CUSKS_p_TCGAb47_SNP_1N_GenomeWideSNP_6_H04_628310	12	99803093	119983825	13683	0.0766
CUSKS_p_TCGAb47_SNP_1N_GenomeWideSNP_6_H04_628310	12	119988887	119990761	16	-0.753
CUSKS_p_TCGAb47_SNP_1N_GenomeWideSNP_6_H04_628310	12	119994041	129228886	5985	0.0524
CUSKS_p_TCGAb47_SNP_1N_GenomeWideSNP_6_H04_628310	12	129230513	129232297	6	-1.2825
CUSKS_p_TCGAb47_SNP_1N_GenomeWideSNP_6_H04_628310	12	129232545	133778189	3085	0.0914
CUSKS_p_TCGAb47_SNP_1N_GenomeWideSNP_6_H04_628310	13	19026949	23633004	2897	-0.6997
CUSKS_p_TCGAb47_SNP_1N_GenomeWideSNP_6_H04_628310	13	23633131	23633515	6	-2.8922
CUSKS_p_TCGAb47_SNP_1N_GenomeWideSNP_6_H04_628310	13	23638195	45591664	15914	-0.7292
CUSKS_p_TCGAb47_SNP_1N_GenomeWideSNP_6_H04_628310	13	45595547	45601701	6	-2.2955
CUSKS_p_TCGAb47_SNP_1N_GenomeWideSNP_6_H04_628310	13	45610686	115108397	45312	-0.7278
CUSKS_p_TCGAb47_SNP_1N_GenomeWideSNP_6_H04_628310	14	19002124	19464193	37	-0.0011
CUSKS_p_TCGAb47_SNP_1N_GenomeWideSNP_6_H04_628310	14	19469520	20420151	150	0.3426
CUSKS_p_TCGAb47_SNP_1N_GenomeWideSNP_6_H04_628310	14	20420239	22394264	1367	0.0816
CUSKS_p_TCGAb47_SNP_1N_GenomeWideSNP_6_H04_628310	14	22394325	22394693	5	0.8983
CUSKS_p_TCGAb47_SNP_1N_GenomeWideSNP_6_H04_628310	14	22394731	22563717	129	0.3298
CUSKS_p_TCGAb47_SNP_1N_GenomeWideSNP_6_H04_628310	14	22564172	22959937	349	0.6295
CUSKS_p_TCGAb47_SNP_1N_GenomeWideSNP_6_H04_628310	14	22959974	62539017	25003	0.0847
CUSKS_p_TCGAb47_SNP_1N_GenomeWideSNP_6_H04_628310	14	62539199	68864311	3857	-0.7087
CUSKS_p_TCGAb47_SNP_1N_GenomeWideSNP_6_H04_628310	14	68864457	68865027	2	-2.3514
CUSKS_p_TCGAb47_SNP_1N_GenomeWideSNP_6_H04_628310	14	68867795	69123723	212	-0.7868
CUSKS_p_TCGAb47_SNP_1N_GenomeWideSNP_6_H04_628310	14	69123935	69126558	2	-2.4948
CUSKS_p_TCGAb47_SNP_1N_GenomeWideSNP_6_H04_628310	14	69126756	74001123	3218	-0.7347
CUSKS_p_TCGAb47_SNP_1N_GenomeWideSNP_6_H04_628310	14	74006707	74029900	9	-2.2669
CUSKS_p_TCGAb47_SNP_1N_GenomeWideSNP_6_H04_628310	14	74029915	82229521	5393	-0.7393
CUSKS_p_TCGAb47_SNP_1N_GenomeWideSNP_6_H04_628310	14	82231587	82287806	46	0.1164
CUSKS_p_TCGAb47_SNP_1N_GenomeWideSNP_6_H04_628310	14	82289716	85339229	2003	-0.7328
CUSKS_p_TCGAb47_SNP_1N_GenomeWideSNP_6_H04_628310	14	85343630	106526966	13353	0.0747
CUSKS_p_TCGAb47_SNP_1N_GenomeWideSNP_6_H04_628310	14	106530364	106538062	5	-0.9854
CUSKS_p_TCGAb47_SNP_1N_GenomeWideSNP_6_H04_628310	14	106541753	106561441	12	-2.9399
CUSKS_p_TCGAb47_SNP_1N_GenomeWideSNP_6_H04_628310	14	106567100	106872062	142	0.0969
CUSKS_p_TCGAb47_SNP_1N_GenomeWideSNP_6_H04_628310	14	106874361	106918094	51	-0.3906
CUSKS_p_TCGAb47_SNP_1N_GenomeWideSNP_6_H04_628310	14	106918108	107285437	225	0.0306
CUSKS_p_TCGAb47_SNP_1N_GenomeWideSNP_6_H04_628310	15	20016328	20206939	48	0.0787
CUSKS_p_TCGAb47_SNP_1N_GenomeWideSNP_6_H04_628310	15	20216955	20581564	57	-0.3268
CUSKS_p_TCGAb47_SNP_1N_GenomeWideSNP_6_H04_628310	15	20585988	20586957	12	-1.3842
CUSKS_p_TCGAb47_SNP_1N_GenomeWideSNP_6_H04_628310	15	20590027	20820067	38	-0.3915
CUSKS_p_TCGAb47_SNP_1N_GenomeWideSNP_6_H04_628310	15	20820159	69329815	29959	0.0814
CUSKS_p_TCGAb47_SNP_1N_GenomeWideSNP_6_H04_628310	15	69331285	69331360	2	1.4635
CUSKS_p_TCGAb47_SNP_1N_GenomeWideSNP_6_H04_628310	15	69337675	76869789	4250	0.0685
CUSKS_p_TCGAb47_SNP_1N_GenomeWideSNP_6_H04_628310	15	76869929	76906394	38	0.4735
CUSKS_p_TCGAb47_SNP_1N_GenomeWideSNP_6_H04_628310	15	76910031	77323029	181	0.0681
CUSKS_p_TCGAb47_SNP_1N_GenomeWideSNP_6_H04_628310	15	77326251	77345247	7	0.8361
CUSKS_p_TCGAb47_SNP_1N_GenomeWideSNP_6_H04_628310	15	77345364	97939373	14126	0.0801
CUSKS_p_TCGAb47_SNP_1N_GenomeWideSNP_6_H04_628310	15	97939932	98757076	640	0.5871
CUSKS_p_TCGAb47_SNP_1N_GenomeWideSNP_6_H04_628310	15	98761373	98761607	2	-0.8761
CUSKS_p_TCGAb47_SNP_1N_GenomeWideSNP_6_H04_628310	15	98764685	100415600	1145	0.5571
CUSKS_p_TCGAb47_SNP_1N_GenomeWideSNP_6_H04_628310	15	100420913	100421243	2	-0.9015
CUSKS_p_TCGAb47_SNP_1N_GenomeWideSNP_6_H04_628310	15	100424605	102469040	1576	0.5938
CUSKS_p_TCGAb47_SNP_1N_GenomeWideSNP_6_H04_628310	16	60777	62016	3	-1.0422
CUSKS_p_TCGAb47_SNP_1N_GenomeWideSNP_6_H04_628310	16	85827	22559057	14860	0.574
CUSKS_p_TCGAb47_SNP_1N_GenomeWideSNP_6_H04_628310	16	22577590	22588050	5	0.1131
CUSKS_p_TCGAb47_SNP_1N_GenomeWideSNP_6_H04_628310	16	22590878	22603164	4	-1.1898
CUSKS_p_TCGAb47_SNP_1N_GenomeWideSNP_6_H04_628310	16	22615804	28649203	4120	0.5495
CUSKS_p_TCGAb47_SNP_1N_GenomeWideSNP_6_H04_628310	16	28708199	28824871	7	-0.4118
CUSKS_p_TCGAb47_SNP_1N_GenomeWideSNP_6_H04_628310	16	28825605	32124331	1104	0.059
CUSKS_p_TCGAb47_SNP_1N_GenomeWideSNP_6_H04_628310	16	32146886	32588622	69	-0.2557
CUSKS_p_TCGAb47_SNP_1N_GenomeWideSNP_6_H04_628310	16	32588901	32588909	5	-2.864
CUSKS_p_TCGAb47_SNP_1N_GenomeWideSNP_6_H04_628310	16	32609274	33776085	186	-0.267
CUSKS_p_TCGAb47_SNP_1N_GenomeWideSNP_6_H04_628310	16	33794655	55808680	6981	0.0876
CUSKS_p_TCGAb47_SNP_1N_GenomeWideSNP_6_H04_628310	16	55809224	55809466	2	-1.5896
CUSKS_p_TCGAb47_SNP_1N_GenomeWideSNP_6_H04_628310	16	55810021	70139542	8773	0.0656
CUSKS_p_TCGAb47_SNP_1N_GenomeWideSNP_6_H04_628310	16	70151527	70234536	19	0.6913
CUSKS_p_TCGAb47_SNP_1N_GenomeWideSNP_6_H04_628310	16	70245925	74337104	2405	0.085
CUSKS_p_TCGAb47_SNP_1N_GenomeWideSNP_6_H04_628310	16	74338535	74407379	27	0.5182
CUSKS_p_TCGAb47_SNP_1N_GenomeWideSNP_6_H04_628310	16	74452036	78371608	3213	0.0783
CUSKS_p_TCGAb47_SNP_1N_GenomeWideSNP_6_H04_628310	16	78372440	78384738	16	1.1896
CUSKS_p_TCGAb47_SNP_1N_GenomeWideSNP_6_H04_628310	16	78384765	82206983	4175	0.0829
CUSKS_p_TCGAb47_SNP_1N_GenomeWideSNP_6_H04_628310	16	82207815	82213517	4	0.5328
CUSKS_p_TCGAb47_SNP_1N_GenomeWideSNP_6_H04_628310	16	82213799	90287535	6429	-0.739
CUSKS_p_TCGAb47_SNP_1N_GenomeWideSNP_6_H04_628310	17	526	18319862	11412	-0.7451
CUSKS_p_TCGAb47_SNP_1N_GenomeWideSNP_6_H04_628310	17	18355392	18496306	32	0.1383
CUSKS_p_TCGAb47_SNP_1N_GenomeWideSNP_6_H04_628310	17	18497303	25399131	1598	-0.7011
CUSKS_p_TCGAb47_SNP_1N_GenomeWideSNP_6_H04_628310	17	25400113	30917269	2581	0.0339
CUSKS_p_TCGAb47_SNP_1N_GenomeWideSNP_6_H04_628310	17	30918182	30918210	2	-2.3085
CUSKS_p_TCGAb47_SNP_1N_GenomeWideSNP_6_H04_628310	17	30919107	34387918	2688	0.0678
CUSKS_p_TCGAb47_SNP_1N_GenomeWideSNP_6_H04_628310	17	34389436	34485091	79	0.3326
CUSKS_p_TCGAb47_SNP_1N_GenomeWideSNP_6_H04_628310	17	34528125	38670328	2055	0.0335
CUSKS_p_TCGAb47_SNP_1N_GenomeWideSNP_6_H04_628310	17	38670513	39421708	488	0.5326
CUSKS_p_TCGAb47_SNP_1N_GenomeWideSNP_6_H04_628310	17	39423014	39430450	23	1.1891
CUSKS_p_TCGAb47_SNP_1N_GenomeWideSNP_6_H04_628310	17	39430531	41197274	947	0.5055
CUSKS_p_TCGAb47_SNP_1N_GenomeWideSNP_6_H04_628310	17	41202810	41210179	26	-0.0617
CUSKS_p_TCGAb47_SNP_1N_GenomeWideSNP_6_H04_628310	17	41221596	44162597	1537	0.5182
CUSKS_p_TCGAb47_SNP_1N_GenomeWideSNP_6_H04_628310	17	44163098	44673675	158	1.0439
CUSKS_p_TCGAb47_SNP_1N_GenomeWideSNP_6_H04_628310	17	44677882	51123223	3716	0.5353
CUSKS_p_TCGAb47_SNP_1N_GenomeWideSNP_6_H04_628310	17	51130376	57049658	4079	1.2718
CUSKS_p_TCGAb47_SNP_1N_GenomeWideSNP_6_H04_628310	17	57053421	57202284	66	1.6556
CUSKS_p_TCGAb47_SNP_1N_GenomeWideSNP_6_H04_628310	17	57210069	65634097	4552	1.3742
CUSKS_p_TCGAb47_SNP_1N_GenomeWideSNP_6_H04_628310	17	65634644	68891829	2115	0.9071
CUSKS_p_TCGAb47_SNP_1N_GenomeWideSNP_6_H04_628310	17	68892238	68892350	2	-0.3368
CUSKS_p_TCGAb47_SNP_1N_GenomeWideSNP_6_H04_628310	17	68893098	74152366	3514	0.9016
CUSKS_p_TCGAb47_SNP_1N_GenomeWideSNP_6_H04_628310	17	74153646	74178358	23	0.0138
CUSKS_p_TCGAb47_SNP_1N_GenomeWideSNP_6_H04_628310	17	74196721	81049726	3578	0.8746
CUSKS_p_TCGAb47_SNP_1N_GenomeWideSNP_6_H04_628310	18	11543	12957055	9267	0.0827
CUSKS_p_TCGAb47_SNP_1N_GenomeWideSNP_6_H04_628310	18	12957604	12964133	4	-0.9765
CUSKS_p_TCGAb47_SNP_1N_GenomeWideSNP_6_H04_628310	18	12966908	13514092	384	0.069
CUSKS_p_TCGAb47_SNP_1N_GenomeWideSNP_6_H04_628310	18	13514870	13515208	2	-1.2094
CUSKS_p_TCGAb47_SNP_1N_GenomeWideSNP_6_H04_628310	18	13515340	24211710	4152	0.0656
CUSKS_p_TCGAb47_SNP_1N_GenomeWideSNP_6_H04_628310	18	24214286	24222241	11	-0.5745
CUSKS_p_TCGAb47_SNP_1N_GenomeWideSNP_6_H04_628310	18	24224977	55930550	20964	0.079
CUSKS_p_TCGAb47_SNP_1N_GenomeWideSNP_6_H04_628310	18	55930862	55935962	23	-0.927
CUSKS_p_TCGAb47_SNP_1N_GenomeWideSNP_6_H04_628310	18	55938939	66656981	7736	0.07
CUSKS_p_TCGAb47_SNP_1N_GenomeWideSNP_6_H04_628310	18	66657001	66751978	109	-0.7096
CUSKS_p_TCGAb47_SNP_1N_GenomeWideSNP_6_H04_628310	18	66752325	66753063	3	0.2854
CUSKS_p_TCGAb47_SNP_1N_GenomeWideSNP_6_H04_628310	18	66753078	66757787	10	-0.8874
CUSKS_p_TCGAb47_SNP_1N_GenomeWideSNP_6_H04_628310	18	66758140	74337641	5776	0.0528
CUSKS_p_TCGAb47_SNP_1N_GenomeWideSNP_6_H04_628310	18	74340767	78015057	2392	-0.7571
CUSKS_p_TCGAb47_SNP_1N_GenomeWideSNP_6_H04_628310	19	90910	634032	133	0.5368
CUSKS_p_TCGAb47_SNP_1N_GenomeWideSNP_6_H04_628310	19	634095	827975	29	1.1168
CUSKS_p_TCGAb47_SNP_1N_GenomeWideSNP_6_H04_628310	19	865374	5581564	1467	-0.7838
CUSKS_p_TCGAb47_SNP_1N_GenomeWideSNP_6_H04_628310	19	5582027	5885365	121	1.1341
CUSKS_p_TCGAb47_SNP_1N_GenomeWideSNP_6_H04_628310	19	5893613	6382151	244	0.4736
CUSKS_p_TCGAb47_SNP_1N_GenomeWideSNP_6_H04_628310	19	6382912	6901194	261	0.0283
CUSKS_p_TCGAb47_SNP_1N_GenomeWideSNP_6_H04_628310	19	6901242	7574918	321	0.4651
CUSKS_p_TCGAb47_SNP_1N_GenomeWideSNP_6_H04_628310	19	7575408	7602421	4	0.8878
CUSKS_p_TCGAb47_SNP_1N_GenomeWideSNP_6_H04_628310	19	7604935	8173892	266	1.0499
CUSKS_p_TCGAb47_SNP_1N_GenomeWideSNP_6_H04_628310	19	8174208	8964703	353	1.4432
CUSKS_p_TCGAb47_SNP_1N_GenomeWideSNP_6_H04_628310	19	8964718	9179399	155	0.8564
CUSKS_p_TCGAb47_SNP_1N_GenomeWideSNP_6_H04_628310	19	9184606	9273800	50	0.0228
CUSKS_p_TCGAb47_SNP_1N_GenomeWideSNP_6_H04_628310	19	9274672	9278121	5	-0.6415
CUSKS_p_TCGAb47_SNP_1N_GenomeWideSNP_6_H04_628310	19	9284760	9323705	27	0.1151
CUSKS_p_TCGAb47_SNP_1N_GenomeWideSNP_6_H04_628310	19	9327708	9696963	214	0.8378
CUSKS_p_TCGAb47_SNP_1N_GenomeWideSNP_6_H04_628310	19	9711586	9791900	36	-0.0462
CUSKS_p_TCGAb47_SNP_1N_GenomeWideSNP_6_H04_628310	19	9793351	9892111	52	0.8802
CUSKS_p_TCGAb47_SNP_1N_GenomeWideSNP_6_H04_628310	19	9895769	10059519	79	0.4423
CUSKS_p_TCGAb47_SNP_1N_GenomeWideSNP_6_H04_628310	19	10061303	10641730	230	0.8259
CUSKS_p_TCGAb47_SNP_1N_GenomeWideSNP_6_H04_628310	19	10645495	12520305	928	0.0163
CUSKS_p_TCGAb47_SNP_1N_GenomeWideSNP_6_H04_628310	19	12521940	12562511	36	0.2956
CUSKS_p_TCGAb47_SNP_1N_GenomeWideSNP_6_H04_628310	19	12565430	14699369	843	-0.0048
CUSKS_p_TCGAb47_SNP_1N_GenomeWideSNP_6_H04_628310	19	14701069	14936237	162	0.8663
CUSKS_p_TCGAb47_SNP_1N_GenomeWideSNP_6_H04_628310	19	14938711	15107929	139	0.0811
CUSKS_p_TCGAb47_SNP_1N_GenomeWideSNP_6_H04_628310	19	15108663	16037359	665	0.8319
CUSKS_p_TCGAb47_SNP_1N_GenomeWideSNP_6_H04_628310	19	16038300	21911116	2901	1.126
CUSKS_p_TCGAb47_SNP_1N_GenomeWideSNP_6_H04_628310	19	21912967	27865904	1551	0.5674
CUSKS_p_TCGAb47_SNP_1N_GenomeWideSNP_6_H04_628310	19	27866421	35849322	5549	0.0543
CUSKS_p_TCGAb47_SNP_1N_GenomeWideSNP_6_H04_628310	19	35849493	35861848	22	-2.0806
CUSKS_p_TCGAb47_SNP_1N_GenomeWideSNP_6_H04_628310	19	35866744	39524836	1827	0.0186
CUSKS_p_TCGAb47_SNP_1N_GenomeWideSNP_6_H04_628310	19	39525781	39582285	39	0.4254
CUSKS_p_TCGAb47_SNP_1N_GenomeWideSNP_6_H04_628310	19	39582698	52131813	6249	0.027
CUSKS_p_TCGAb47_SNP_1N_GenomeWideSNP_6_H04_628310	19	52142352	52147936	10	0.8198
CUSKS_p_TCGAb47_SNP_1N_GenomeWideSNP_6_H04_628310	19	52148197	53518514	948	0.0812
CUSKS_p_TCGAb47_SNP_1N_GenomeWideSNP_6_H04_628310	19	53518747	53552229	22	1.1391
CUSKS_p_TCGAb47_SNP_1N_GenomeWideSNP_6_H04_628310	19	53554240	55252385	1084	0.0899
CUSKS_p_TCGAb47_SNP_1N_GenomeWideSNP_6_H04_628310	19	55283843	55378699	47	-0.8484
CUSKS_p_TCGAb47_SNP_1N_GenomeWideSNP_6_H04_628310	19	55379455	56282369	433	0.0265
CUSKS_p_TCGAb47_SNP_1N_GenomeWideSNP_6_H04_628310	19	56282535	56283067	3	1.0695
CUSKS_p_TCGAb47_SNP_1N_GenomeWideSNP_6_H04_628310	19	56286293	59097854	1850	0.0537
CUSKS_p_TCGAb47_SNP_1N_GenomeWideSNP_6_H04_628310	20	61305	1560999	1207	0.0682
CUSKS_p_TCGAb47_SNP_1N_GenomeWideSNP_6_H04_628310	20	1561580	1582207	36	1.6681
CUSKS_p_TCGAb47_SNP_1N_GenomeWideSNP_6_H04_628310	20	1590257	14771472	9932	0.07
CUSKS_p_TCGAb47_SNP_1N_GenomeWideSNP_6_H04_628310	20	14781684	14823905	69	-0.885
CUSKS_p_TCGAb47_SNP_1N_GenomeWideSNP_6_H04_628310	20	14830596	23550313	7143	0.0917
CUSKS_p_TCGAb47_SNP_1N_GenomeWideSNP_6_H04_628310	20	23551816	23552298	2	-1.2471
CUSKS_p_TCGAb47_SNP_1N_GenomeWideSNP_6_H04_628310	20	23552673	48975885	13850	0.0715
CUSKS_p_TCGAb47_SNP_1N_GenomeWideSNP_6_H04_628310	20	48977465	48977740	2	-1.1682
CUSKS_p_TCGAb47_SNP_1N_GenomeWideSNP_6_H04_628310	20	48978686	51526050	1883	0.0801
CUSKS_p_TCGAb47_SNP_1N_GenomeWideSNP_6_H04_628310	20	51526340	62956153	8380	0.5689
CUSKS_p_TCGAb47_SNP_1N_GenomeWideSNP_6_H04_628310	21	10736871	15114485	420	-0.0318
CUSKS_p_TCGAb47_SNP_1N_GenomeWideSNP_6_H04_628310	21	15120636	15147452	10	-1.0421
CUSKS_p_TCGAb47_SNP_1N_GenomeWideSNP_6_H04_628310	21	15158439	44291678	21822	0.0686
CUSKS_p_TCGAb47_SNP_1N_GenomeWideSNP_6_H04_628310	21	44293649	44309971	10	-0.6795
CUSKS_p_TCGAb47_SNP_1N_GenomeWideSNP_6_H04_628310	21	44313979	44968053	391	0.0484
CUSKS_p_TCGAb47_SNP_1N_GenomeWideSNP_6_H04_628310	21	44970873	44972812	2	-3.0322
CUSKS_p_TCGAb47_SNP_1N_GenomeWideSNP_6_H04_628310	21	44973667	46890771	1058	0.0415
CUSKS_p_TCGAb47_SNP_1N_GenomeWideSNP_6_H04_628310	21	46891566	46892651	2	-1.1181
CUSKS_p_TCGAb47_SNP_1N_GenomeWideSNP_6_H04_628310	21	46894021	48096957	705	0.0729
CUSKS_p_TCGAb47_SNP_1N_GenomeWideSNP_6_H04_628310	22	16052528	18904838	1258	0.0859
CUSKS_p_TCGAb47_SNP_1N_GenomeWideSNP_6_H04_628310	22	18904992	18904995	2	-1.3213
CUSKS_p_TCGAb47_SNP_1N_GenomeWideSNP_6_H04_628310	22	18905117	20836459	986	0.1527
CUSKS_p_TCGAb47_SNP_1N_GenomeWideSNP_6_H04_628310	22	20842384	21465672	603	-0.5636
CUSKS_p_TCGAb47_SNP_1N_GenomeWideSNP_6_H04_628310	22	21465835	21721603	11	0.4718
CUSKS_p_TCGAb47_SNP_1N_GenomeWideSNP_6_H04_628310	22	21721720	22468619	437	-0.6813
CUSKS_p_TCGAb47_SNP_1N_GenomeWideSNP_6_H04_628310	22	22473918	22474613	6	-2.4042
CUSKS_p_TCGAb47_SNP_1N_GenomeWideSNP_6_H04_628310	22	22481498	24344422	1312	-0.7
CUSKS_p_TCGAb47_SNP_1N_GenomeWideSNP_6_H04_628310	22	24350529	24402461	23	-0.0695
CUSKS_p_TCGAb47_SNP_1N_GenomeWideSNP_6_H04_628310	22	24402736	28587134	3621	-0.7265
CUSKS_p_TCGAb47_SNP_1N_GenomeWideSNP_6_H04_628310	22	28593455	28600328	5	-2.6336
CUSKS_p_TCGAb47_SNP_1N_GenomeWideSNP_6_H04_628310	22	28611441	51199978	15210	-0.7536
CUSKS_p_TCGAb47_SNP_1N_GenomeWideSNP_6_H04_628310	22	51200532	51234455	10	-0.0834
CUSKS_p_TCGAb47_SNP_1N_GenomeWideSNP_6_H04_628310	X	168477	32227719	19915	-0.1679
CUSKS_p_TCGAb47_SNP_1N_GenomeWideSNP_6_H04_628310	X	32229008	32229853	2	4.2168
CUSKS_p_TCGAb47_SNP_1N_GenomeWideSNP_6_H04_628310	X	32229901	54003025	11605	-0.1776
CUSKS_p_TCGAb47_SNP_1N_GenomeWideSNP_6_H04_628310	X	54007889	54008998	2	5.1541
CUSKS_p_TCGAb47_SNP_1N_GenomeWideSNP_6_H04_628310	X	54011927	69274660	5428	-0.1702
CUSKS_p_TCGAb47_SNP_1N_GenomeWideSNP_6_H04_628310	X	69276436	69307450	12	1.1418
CUSKS_p_TCGAb47_SNP_1N_GenomeWideSNP_6_H04_628310	X	69308198	88658295	9806	-0.1914
CUSKS_p_TCGAb47_SNP_1N_GenomeWideSNP_6_H04_628310	X	88660350	89283172	191	0.5302
CUSKS_p_TCGAb47_SNP_1N_GenomeWideSNP_6_H04_628310	X	89283747	89298639	10	2.0646
CUSKS_p_TCGAb47_SNP_1N_GenomeWideSNP_6_H04_628310	X	89298969	89631372	129	0.5776
CUSKS_p_TCGAb47_SNP_1N_GenomeWideSNP_6_H04_628310	X	89633630	90280855	206	0.2713
CUSKS_p_TCGAb47_SNP_1N_GenomeWideSNP_6_H04_628310	X	90281495	91491190	566	0.5389
CUSKS_p_TCGAb47_SNP_1N_GenomeWideSNP_6_H04_628310	X	91491692	91551226	44	1.0271
CUSKS_p_TCGAb47_SNP_1N_GenomeWideSNP_6_H04_628310	X	91551377	92303642	244	0.5668
CUSKS_p_TCGAb47_SNP_1N_GenomeWideSNP_6_H04_628310	X	92304210	92359734	55	0.07
CUSKS_p_TCGAb47_SNP_1N_GenomeWideSNP_6_H04_628310	X	92363393	92529428	121	0.7319
CUSKS_p_TCGAb47_SNP_1N_GenomeWideSNP_6_H04_628310	X	92538725	92784609	153	0.4524
CUSKS_p_TCGAb47_SNP_1N_GenomeWideSNP_6_H04_628310	X	92784996	93398178	365	0.7753
CUSKS_p_TCGAb47_SNP_1N_GenomeWideSNP_6_H04_628310	X	93402976	93407037	5	-0.3436
CUSKS_p_TCGAb47_SNP_1N_GenomeWideSNP_6_H04_628310	X	93413609	100591470	4081	0.7165
CUSKS_p_TCGAb47_SNP_1N_GenomeWideSNP_6_H04_628310	X	100598682	102678514	997	-3.2487
CUSKS_p_TCGAb47_SNP_1N_GenomeWideSNP_6_H04_628310	X	102683261	102832979	77	0.7826
CUSKS_p_TCGAb47_SNP_1N_GenomeWideSNP_6_H04_628310	X	102838110	103183473	197	-3.4831
CUSKS_p_TCGAb47_SNP_1N_GenomeWideSNP_6_H04_628310	X	103183625	103574544	240	-2.6627
CUSKS_p_TCGAb47_SNP_1N_GenomeWideSNP_6_H04_628310	X	103578026	103695503	54	0.7402
CUSKS_p_TCGAb47_SNP_1N_GenomeWideSNP_6_H04_628310	X	103698543	104028745	170	-3.4182
CUSKS_p_TCGAb47_SNP_1N_GenomeWideSNP_6_H04_628310	X	104028754	106290159	1140	-2.8512
CUSKS_p_TCGAb47_SNP_1N_GenomeWideSNP_6_H04_628310	X	106290404	107611148	678	-3.4267
CUSKS_p_TCGAb47_SNP_1N_GenomeWideSNP_6_H04_628310	X	107623743	107763951	65	0.7527
CUSKS_p_TCGAb47_SNP_1N_GenomeWideSNP_6_H04_628310	X	107765183	108003701	95	-2.36
CUSKS_p_TCGAb47_SNP_1N_GenomeWideSNP_6_H04_628310	X	108005663	109432562	823	-3.2558
CUSKS_p_TCGAb47_SNP_1N_GenomeWideSNP_6_H04_628310	X	109434799	109595378	59	-2.3956
CUSKS_p_TCGAb47_SNP_1N_GenomeWideSNP_6_H04_628310	X	109597805	146558772	22030	0.6031
CUSKS_p_TCGAb47_SNP_1N_GenomeWideSNP_6_H04_628310	X	146558841	146559209	2	5.1345
CUSKS_p_TCGAb47_SNP_1N_GenomeWideSNP_6_H04_628310	X	146561418	148643710	1431	0.4942
CUSKS_p_TCGAb47_SNP_1N_GenomeWideSNP_6_H04_628310	X	148644546	148839824	91	0.1262
CUSKS_p_TCGAb47_SNP_1N_GenomeWideSNP_6_H04_628310	X	148875597	155182354	3260	0.5536
CUSKS_p_TCGAb47_SNP_1N_GenomeWideSNP_6_H04_628310	Y	2650438	8056578	1862	-0.8241
CUSKS_p_TCGAb47_SNP_1N_GenomeWideSNP_6_H04_628310	Y	8057944	8060845	2	1.0301
CUSKS_p_TCGAb47_SNP_1N_GenomeWideSNP_6_H04_628310	Y	8067548	9164747	580	-0.9101
CUSKS_p_TCGAb47_SNP_1N_GenomeWideSNP_6_H04_628310	Y	9167305	9386636	21	-1.6547
CUSKS_p_TCGAb47_SNP_1N_GenomeWideSNP_6_H04_628310	Y	9387444	19490315	3162	-0.811
CUSKS_p_TCGAb47_SNP_1N_GenomeWideSNP_6_H04_628310	Y	19491401	59018259	3003	-0.0887
