Sample	Chromosome	Start	End	Num_Probes	Segment_Mean
DOUSE_p_TCGA_287_288_289_N_GenomeWideSNP_6_B01_1361058	1	61735	235670	25	-0.1159
DOUSE_p_TCGA_287_288_289_N_GenomeWideSNP_6_B01_1361058	1	235728	534551	6	0.6853
DOUSE_p_TCGA_287_288_289_N_GenomeWideSNP_6_B01_1361058	1	564621	875032	46	-0.2458
DOUSE_p_TCGA_287_288_289_N_GenomeWideSNP_6_B01_1361058	1	884772	2579341	454	-0.5037
DOUSE_p_TCGA_287_288_289_N_GenomeWideSNP_6_B01_1361058	1	2694445	8337589	3609	0.025
DOUSE_p_TCGA_287_288_289_N_GenomeWideSNP_6_B01_1361058	1	8340241	8343281	3	-1.5208
DOUSE_p_TCGA_287_288_289_N_GenomeWideSNP_6_B01_1361058	1	8343495	9339205	542	0.0168
DOUSE_p_TCGA_287_288_289_N_GenomeWideSNP_6_B01_1361058	1	9341890	9404693	47	-0.4711
DOUSE_p_TCGA_287_288_289_N_GenomeWideSNP_6_B01_1361058	1	9406979	12867801	1792	-0.0143
DOUSE_p_TCGA_287_288_289_N_GenomeWideSNP_6_B01_1361058	1	12867837	13159083	21	0.5259
DOUSE_p_TCGA_287_288_289_N_GenomeWideSNP_6_B01_1361058	1	13178385	16869363	2149	0.0076
DOUSE_p_TCGA_287_288_289_N_GenomeWideSNP_6_B01_1361058	1	16871278	16970456	42	-0.7981
DOUSE_p_TCGA_287_288_289_N_GenomeWideSNP_6_B01_1361058	1	17005734	17212714	68	-0.3497
DOUSE_p_TCGA_287_288_289_N_GenomeWideSNP_6_B01_1361058	1	17214822	21606783	2980	0.0274
DOUSE_p_TCGA_287_288_289_N_GenomeWideSNP_6_B01_1361058	1	21608002	21643745	23	-0.5127
DOUSE_p_TCGA_287_288_289_N_GenomeWideSNP_6_B01_1361058	1	21644569	22319001	390	-0.052
DOUSE_p_TCGA_287_288_289_N_GenomeWideSNP_6_B01_1361058	1	22320515	22324705	3	-1.8478
DOUSE_p_TCGA_287_288_289_N_GenomeWideSNP_6_B01_1361058	1	22328279	31197799	4715	-0.0139
DOUSE_p_TCGA_287_288_289_N_GenomeWideSNP_6_B01_1361058	1	31199828	31251051	36	-0.4648
DOUSE_p_TCGA_287_288_289_N_GenomeWideSNP_6_B01_1361058	1	31251264	45234484	7871	0.0032
DOUSE_p_TCGA_287_288_289_N_GenomeWideSNP_6_B01_1361058	1	45235976	45281704	12	-0.6265
DOUSE_p_TCGA_287_288_289_N_GenomeWideSNP_6_B01_1361058	1	45289218	55090200	5271	0.0168
DOUSE_p_TCGA_287_288_289_N_GenomeWideSNP_6_B01_1361058	1	55093291	55094389	2	-2.7189
DOUSE_p_TCGA_287_288_289_N_GenomeWideSNP_6_B01_1361058	1	55096450	72746567	12742	0.0013
DOUSE_p_TCGA_287_288_289_N_GenomeWideSNP_6_B01_1361058	1	72746581	72768498	14	-0.9085
DOUSE_p_TCGA_287_288_289_N_GenomeWideSNP_6_B01_1361058	1	72768916	72812440	48	0.3205
DOUSE_p_TCGA_287_288_289_N_GenomeWideSNP_6_B01_1361058	1	72816755	81888456	5758	0.0198
DOUSE_p_TCGA_287_288_289_N_GenomeWideSNP_6_B01_1361058	1	81888602	81888605	2	1.5292
DOUSE_p_TCGA_287_288_289_N_GenomeWideSNP_6_B01_1361058	1	81888667	108545066	16978	0.0044
DOUSE_p_TCGA_287_288_289_N_GenomeWideSNP_6_B01_1361058	1	108546121	108557103	4	-1.4549
DOUSE_p_TCGA_287_288_289_N_GenomeWideSNP_6_B01_1361058	1	108557705	110227500	872	-0.0394
DOUSE_p_TCGA_287_288_289_N_GenomeWideSNP_6_B01_1361058	1	110227515	110240178	18	0.7975
DOUSE_p_TCGA_287_288_289_N_GenomeWideSNP_6_B01_1361058	1	110242953	112690211	1938	-0.039
DOUSE_p_TCGA_287_288_289_N_GenomeWideSNP_6_B01_1361058	1	112690248	112706218	40	0.3389
DOUSE_p_TCGA_287_288_289_N_GenomeWideSNP_6_B01_1361058	1	112709053	145390170	5427	0.0036
DOUSE_p_TCGA_287_288_289_N_GenomeWideSNP_6_B01_1361058	1	145391761	145554080	68	-0.4324
DOUSE_p_TCGA_287_288_289_N_GenomeWideSNP_6_B01_1361058	1	145554450	149024808	837	-0.0452
DOUSE_p_TCGA_287_288_289_N_GenomeWideSNP_6_B01_1361058	1	149036524	149422459	161	-0.7328
DOUSE_p_TCGA_287_288_289_N_GenomeWideSNP_6_B01_1361058	1	149422617	149713871	28	0.0635
DOUSE_p_TCGA_287_288_289_N_GenomeWideSNP_6_B01_1361058	1	149715562	149879545	72	-0.5655
DOUSE_p_TCGA_287_288_289_N_GenomeWideSNP_6_B01_1361058	1	149881398	152555527	1394	-0.0624
DOUSE_p_TCGA_287_288_289_N_GenomeWideSNP_6_B01_1361058	1	152555706	152586540	33	-1.8733
DOUSE_p_TCGA_287_288_289_N_GenomeWideSNP_6_B01_1361058	1	152586576	152767482	194	0.0327
DOUSE_p_TCGA_287_288_289_N_GenomeWideSNP_6_B01_1361058	1	152767503	152768570	14	0.6799
DOUSE_p_TCGA_287_288_289_N_GenomeWideSNP_6_B01_1361058	1	152768700	155180360	1333	-0.0602
DOUSE_p_TCGA_287_288_289_N_GenomeWideSNP_6_B01_1361058	1	155180466	155218852	19	-0.6815
DOUSE_p_TCGA_287_288_289_N_GenomeWideSNP_6_B01_1361058	1	155219009	168450124	9227	-0.0132
DOUSE_p_TCGA_287_288_289_N_GenomeWideSNP_6_B01_1361058	1	168450775	168453972	3	1.125
DOUSE_p_TCGA_287_288_289_N_GenomeWideSNP_6_B01_1361058	1	168456955	168853612	354	0.0033
DOUSE_p_TCGA_287_288_289_N_GenomeWideSNP_6_B01_1361058	1	168853615	168860125	2	-1.5359
DOUSE_p_TCGA_287_288_289_N_GenomeWideSNP_6_B01_1361058	1	168860168	169216937	324	0.0243
DOUSE_p_TCGA_287_288_289_N_GenomeWideSNP_6_B01_1361058	1	169233974	169241766	7	-2.3668
DOUSE_p_TCGA_287_288_289_N_GenomeWideSNP_6_B01_1361058	1	169242401	176509241	4636	0.011
DOUSE_p_TCGA_287_288_289_N_GenomeWideSNP_6_B01_1361058	1	176510009	176510088	2	-1.654
DOUSE_p_TCGA_287_288_289_N_GenomeWideSNP_6_B01_1361058	1	176510730	196709760	13504	-0.001
DOUSE_p_TCGA_287_288_289_N_GenomeWideSNP_6_B01_1361058	1	196711067	196816730	101	0.7528
DOUSE_p_TCGA_287_288_289_N_GenomeWideSNP_6_B01_1361058	1	196823317	228535561	21000	-0.0066
DOUSE_p_TCGA_287_288_289_N_GenomeWideSNP_6_B01_1361058	1	228543303	228791784	82	-0.2902
DOUSE_p_TCGA_287_288_289_N_GenomeWideSNP_6_B01_1361058	1	228793246	247966095	14097	0.0094
DOUSE_p_TCGA_287_288_289_N_GenomeWideSNP_6_B01_1361058	1	247967505	247972111	9	-1.0694
DOUSE_p_TCGA_287_288_289_N_GenomeWideSNP_6_B01_1361058	1	247975304	248593241	392	0.0841
DOUSE_p_TCGA_287_288_289_N_GenomeWideSNP_6_B01_1361058	1	248595681	248601320	4	-1.2479
DOUSE_p_TCGA_287_288_289_N_GenomeWideSNP_6_B01_1361058	1	248605752	248872658	114	0.1318
DOUSE_p_TCGA_287_288_289_N_GenomeWideSNP_6_B01_1361058	1	248876308	249224388	102	-0.248
DOUSE_p_TCGA_287_288_289_N_GenomeWideSNP_6_B01_1361058	2	12784	30426596	21229	0.0104
DOUSE_p_TCGA_287_288_289_N_GenomeWideSNP_6_B01_1361058	2	30427310	30433569	3	-2.0421
DOUSE_p_TCGA_287_288_289_N_GenomeWideSNP_6_B01_1361058	2	30437777	34717128	2817	0.0099
DOUSE_p_TCGA_287_288_289_N_GenomeWideSNP_6_B01_1361058	2	34717468	34737057	23	-0.8309
DOUSE_p_TCGA_287_288_289_N_GenomeWideSNP_6_B01_1361058	2	34737163	52754468	12989	0.0152
DOUSE_p_TCGA_287_288_289_N_GenomeWideSNP_6_B01_1361058	2	52754480	52764475	18	0.6349
DOUSE_p_TCGA_287_288_289_N_GenomeWideSNP_6_B01_1361058	2	52764813	54620599	1398	0.0401
DOUSE_p_TCGA_287_288_289_N_GenomeWideSNP_6_B01_1361058	2	54624436	54624852	2	1.709
DOUSE_p_TCGA_287_288_289_N_GenomeWideSNP_6_B01_1361058	2	54625508	64414892	6001	0.0094
DOUSE_p_TCGA_287_288_289_N_GenomeWideSNP_6_B01_1361058	2	64415054	64527360	81	-0.3389
DOUSE_p_TCGA_287_288_289_N_GenomeWideSNP_6_B01_1361058	2	64527375	87761615	14627	0.0018
DOUSE_p_TCGA_287_288_289_N_GenomeWideSNP_6_B01_1361058	2	87763297	87765018	2	-2.5248
DOUSE_p_TCGA_287_288_289_N_GenomeWideSNP_6_B01_1361058	2	87766225	111388632	9702	0.0024
DOUSE_p_TCGA_287_288_289_N_GenomeWideSNP_6_B01_1361058	2	111396765	111397799	2	1.5471
DOUSE_p_TCGA_287_288_289_N_GenomeWideSNP_6_B01_1361058	2	111400662	198132451	52435	0.0089
DOUSE_p_TCGA_287_288_289_N_GenomeWideSNP_6_B01_1361058	2	198132524	198222654	59	-0.38
DOUSE_p_TCGA_287_288_289_N_GenomeWideSNP_6_B01_1361058	2	198229613	216780951	11423	0.0059
DOUSE_p_TCGA_287_288_289_N_GenomeWideSNP_6_B01_1361058	2	216783829	216784108	2	-2.1432
DOUSE_p_TCGA_287_288_289_N_GenomeWideSNP_6_B01_1361058	2	216786534	232367823	10047	0.0054
DOUSE_p_TCGA_287_288_289_N_GenomeWideSNP_6_B01_1361058	2	232369401	232462504	59	-0.4451
DOUSE_p_TCGA_287_288_289_N_GenomeWideSNP_6_B01_1361058	2	232463816	240316462	5107	0.0072
DOUSE_p_TCGA_287_288_289_N_GenomeWideSNP_6_B01_1361058	2	240317966	240329646	8	-0.9708
DOUSE_p_TCGA_287_288_289_N_GenomeWideSNP_6_B01_1361058	2	240331389	242471244	1267	-0.0446
DOUSE_p_TCGA_287_288_289_N_GenomeWideSNP_6_B01_1361058	2	242471730	242719476	50	-0.4247
DOUSE_p_TCGA_287_288_289_N_GenomeWideSNP_6_B01_1361058	2	242719805	243089456	156	-0.057
DOUSE_p_TCGA_287_288_289_N_GenomeWideSNP_6_B01_1361058	3	60345	8750918	7641	0.0352
DOUSE_p_TCGA_287_288_289_N_GenomeWideSNP_6_B01_1361058	3	8751490	8751601	2	1.2726
DOUSE_p_TCGA_287_288_289_N_GenomeWideSNP_6_B01_1361058	3	8756392	10187301	941	-0.0289
DOUSE_p_TCGA_287_288_289_N_GenomeWideSNP_6_B01_1361058	3	10191045	10301300	100	-0.3834
DOUSE_p_TCGA_287_288_289_N_GenomeWideSNP_6_B01_1361058	3	10302960	60844642	32816	0.0054
DOUSE_p_TCGA_287_288_289_N_GenomeWideSNP_6_B01_1361058	3	60849404	60850181	2	1.7158
DOUSE_p_TCGA_287_288_289_N_GenomeWideSNP_6_B01_1361058	3	60850476	68746164	6156	0.0066
DOUSE_p_TCGA_287_288_289_N_GenomeWideSNP_6_B01_1361058	3	68746259	68747413	14	1.857
DOUSE_p_TCGA_287_288_289_N_GenomeWideSNP_6_B01_1361058	3	68748758	89384121	12619	0.006
DOUSE_p_TCGA_287_288_289_N_GenomeWideSNP_6_B01_1361058	3	89384151	89413220	40	0.3377
DOUSE_p_TCGA_287_288_289_N_GenomeWideSNP_6_B01_1361058	3	89413278	97899419	2660	0.0071
DOUSE_p_TCGA_287_288_289_N_GenomeWideSNP_6_B01_1361058	3	97908670	97913425	3	-1.5027
DOUSE_p_TCGA_287_288_289_N_GenomeWideSNP_6_B01_1361058	3	97914817	98936963	589	0.007
DOUSE_p_TCGA_287_288_289_N_GenomeWideSNP_6_B01_1361058	3	98937784	98949056	28	-0.6491
DOUSE_p_TCGA_287_288_289_N_GenomeWideSNP_6_B01_1361058	3	98949069	145633406	28594	-0.0023
DOUSE_p_TCGA_287_288_289_N_GenomeWideSNP_6_B01_1361058	3	145641922	145641934	2	-2.1757
DOUSE_p_TCGA_287_288_289_N_GenomeWideSNP_6_B01_1361058	3	145642365	162512739	10340	-0.0047
DOUSE_p_TCGA_287_288_289_N_GenomeWideSNP_6_B01_1361058	3	162513092	162524858	10	0.9411
DOUSE_p_TCGA_287_288_289_N_GenomeWideSNP_6_B01_1361058	3	162528630	162540490	10	-0.6495
DOUSE_p_TCGA_287_288_289_N_GenomeWideSNP_6_B01_1361058	3	162545716	162625995	48	0.854
DOUSE_p_TCGA_287_288_289_N_GenomeWideSNP_6_B01_1361058	3	162626572	162714517	71	0.0015
DOUSE_p_TCGA_287_288_289_N_GenomeWideSNP_6_B01_1361058	3	162717727	162719562	2	-3.3202
DOUSE_p_TCGA_287_288_289_N_GenomeWideSNP_6_B01_1361058	3	162726159	184355479	12980	-0.0027
DOUSE_p_TCGA_287_288_289_N_GenomeWideSNP_6_B01_1361058	3	184355688	184356355	3	-1.3883
DOUSE_p_TCGA_287_288_289_N_GenomeWideSNP_6_B01_1361058	3	184356658	192877902	6056	0.0036
DOUSE_p_TCGA_287_288_289_N_GenomeWideSNP_6_B01_1361058	3	192877962	192882903	19	-1.3704
DOUSE_p_TCGA_287_288_289_N_GenomeWideSNP_6_B01_1361058	3	192886435	195456048	1514	-0.004
DOUSE_p_TCGA_287_288_289_N_GenomeWideSNP_6_B01_1361058	3	195456889	195479748	14	-0.8683
DOUSE_p_TCGA_287_288_289_N_GenomeWideSNP_6_B01_1361058	3	195481811	196358479	403	-0.0568
DOUSE_p_TCGA_287_288_289_N_GenomeWideSNP_6_B01_1361058	3	196365765	196708631	163	-0.2879
DOUSE_p_TCGA_287_288_289_N_GenomeWideSNP_6_B01_1361058	3	196710992	197896118	600	-0.0499
DOUSE_p_TCGA_287_288_289_N_GenomeWideSNP_6_B01_1361058	4	12281	502911	246	0.0332
DOUSE_p_TCGA_287_288_289_N_GenomeWideSNP_6_B01_1361058	4	504423	1629689	370	-0.3172
DOUSE_p_TCGA_287_288_289_N_GenomeWideSNP_6_B01_1361058	4	1629704	9456977	4615	-0.0018
DOUSE_p_TCGA_287_288_289_N_GenomeWideSNP_6_B01_1361058	4	9461230	9486087	9	-1.4553
DOUSE_p_TCGA_287_288_289_N_GenomeWideSNP_6_B01_1361058	4	9496294	10210390	542	-0.0273
DOUSE_p_TCGA_287_288_289_N_GenomeWideSNP_6_B01_1361058	4	10223416	10234266	30	0.4943
DOUSE_p_TCGA_287_288_289_N_GenomeWideSNP_6_B01_1361058	4	10234608	10392354	176	-0.0408
DOUSE_p_TCGA_287_288_289_N_GenomeWideSNP_6_B01_1361058	4	10393154	10400668	15	-0.7877
DOUSE_p_TCGA_287_288_289_N_GenomeWideSNP_6_B01_1361058	4	10402718	34765771	16745	0.0059
DOUSE_p_TCGA_287_288_289_N_GenomeWideSNP_6_B01_1361058	4	34770306	34843431	63	0.3187
DOUSE_p_TCGA_287_288_289_N_GenomeWideSNP_6_B01_1361058	4	34843498	69372003	19426	0.0063
DOUSE_p_TCGA_287_288_289_N_GenomeWideSNP_6_B01_1361058	4	69374941	69521409	69	0.6228
DOUSE_p_TCGA_287_288_289_N_GenomeWideSNP_6_B01_1361058	4	69528959	70123510	324	0.0448
DOUSE_p_TCGA_287_288_289_N_GenomeWideSNP_6_B01_1361058	4	70127644	70242029	61	0.4321
DOUSE_p_TCGA_287_288_289_N_GenomeWideSNP_6_B01_1361058	4	70242896	86975223	10404	-0.0081
DOUSE_p_TCGA_287_288_289_N_GenomeWideSNP_6_B01_1361058	4	86976094	86979147	15	-0.8139
DOUSE_p_TCGA_287_288_289_N_GenomeWideSNP_6_B01_1361058	4	86979382	104745571	10549	0.0014
DOUSE_p_TCGA_287_288_289_N_GenomeWideSNP_6_B01_1361058	4	104751630	104751637	5	1.3513
DOUSE_p_TCGA_287_288_289_N_GenomeWideSNP_6_B01_1361058	4	104751644	115173700	6289	0.0016
DOUSE_p_TCGA_287_288_289_N_GenomeWideSNP_6_B01_1361058	4	115175323	115182175	23	-1.5803
DOUSE_p_TCGA_287_288_289_N_GenomeWideSNP_6_B01_1361058	4	115184229	155577992	23878	-4e-04
DOUSE_p_TCGA_287_288_289_N_GenomeWideSNP_6_B01_1361058	4	155578291	155580418	2	-1.9118
DOUSE_p_TCGA_287_288_289_N_GenomeWideSNP_6_B01_1361058	4	155584767	161874000	4064	0.0042
DOUSE_p_TCGA_287_288_289_N_GenomeWideSNP_6_B01_1361058	4	161880018	161884958	23	-0.6916
DOUSE_p_TCGA_287_288_289_N_GenomeWideSNP_6_B01_1361058	4	161884967	172369346	6645	0.0123
DOUSE_p_TCGA_287_288_289_N_GenomeWideSNP_6_B01_1361058	4	172374884	172377710	10	-1.3016
DOUSE_p_TCGA_287_288_289_N_GenomeWideSNP_6_B01_1361058	4	172377724	185641998	8877	0.0085
DOUSE_p_TCGA_287_288_289_N_GenomeWideSNP_6_B01_1361058	4	185642115	185672257	21	-0.6996
DOUSE_p_TCGA_287_288_289_N_GenomeWideSNP_6_B01_1361058	4	185673134	190958143	3577	0.0099
DOUSE_p_TCGA_287_288_289_N_GenomeWideSNP_6_B01_1361058	4	190967249	191027923	6	1.1466
DOUSE_p_TCGA_287_288_289_N_GenomeWideSNP_6_B01_1361058	5	15532	12785262	10171	-0.0224
DOUSE_p_TCGA_287_288_289_N_GenomeWideSNP_6_B01_1361058	5	12790869	12791045	2	1.3424
DOUSE_p_TCGA_287_288_289_N_GenomeWideSNP_6_B01_1361058	5	12791720	12819375	6	0.0987
DOUSE_p_TCGA_287_288_289_N_GenomeWideSNP_6_B01_1361058	5	12819666	12826650	7	-0.6736
DOUSE_p_TCGA_287_288_289_N_GenomeWideSNP_6_B01_1361058	5	12833857	15718492	1971	0.0215
DOUSE_p_TCGA_287_288_289_N_GenomeWideSNP_6_B01_1361058	5	15719222	15720597	11	-0.8679
DOUSE_p_TCGA_287_288_289_N_GenomeWideSNP_6_B01_1361058	5	15723346	29077647	8004	0.0205
DOUSE_p_TCGA_287_288_289_N_GenomeWideSNP_6_B01_1361058	5	29077782	29078634	11	-1.1213
DOUSE_p_TCGA_287_288_289_N_GenomeWideSNP_6_B01_1361058	5	29082580	131696088	60582	0.0041
DOUSE_p_TCGA_287_288_289_N_GenomeWideSNP_6_B01_1361058	5	131703883	131875588	123	-0.3086
DOUSE_p_TCGA_287_288_289_N_GenomeWideSNP_6_B01_1361058	5	131876719	157939517	16717	-0.0018
DOUSE_p_TCGA_287_288_289_N_GenomeWideSNP_6_B01_1361058	5	157942072	157942696	2	-2.2503
DOUSE_p_TCGA_287_288_289_N_GenomeWideSNP_6_B01_1361058	5	157945180	158890106	644	-0.013
DOUSE_p_TCGA_287_288_289_N_GenomeWideSNP_6_B01_1361058	5	158896779	158897025	2	-1.2559
DOUSE_p_TCGA_287_288_289_N_GenomeWideSNP_6_B01_1361058	5	158899210	161716627	1849	0.0055
DOUSE_p_TCGA_287_288_289_N_GenomeWideSNP_6_B01_1361058	5	161717284	161717317	2	1.6343
DOUSE_p_TCGA_287_288_289_N_GenomeWideSNP_6_B01_1361058	5	161720325	169722348	5743	0.0143
DOUSE_p_TCGA_287_288_289_N_GenomeWideSNP_6_B01_1361058	5	169722918	169753454	43	-0.4712
DOUSE_p_TCGA_287_288_289_N_GenomeWideSNP_6_B01_1361058	5	169755110	171437033	1100	0.0023
DOUSE_p_TCGA_287_288_289_N_GenomeWideSNP_6_B01_1361058	5	171441073	171611427	137	-0.4762
DOUSE_p_TCGA_287_288_289_N_GenomeWideSNP_6_B01_1361058	5	171611968	173207353	1156	-0.0639
DOUSE_p_TCGA_287_288_289_N_GenomeWideSNP_6_B01_1361058	5	173208608	173208886	2	1.5679
DOUSE_p_TCGA_287_288_289_N_GenomeWideSNP_6_B01_1361058	5	173209000	175460087	1662	0.0121
DOUSE_p_TCGA_287_288_289_N_GenomeWideSNP_6_B01_1361058	5	175465689	175469507	2	-1.897
DOUSE_p_TCGA_287_288_289_N_GenomeWideSNP_6_B01_1361058	5	175470324	180378888	2537	-0.0577
DOUSE_p_TCGA_287_288_289_N_GenomeWideSNP_6_B01_1361058	5	180380203	180398271	4	-1.8325
DOUSE_p_TCGA_287_288_289_N_GenomeWideSNP_6_B01_1361058	5	180399373	180790320	183	-0.2904
DOUSE_p_TCGA_287_288_289_N_GenomeWideSNP_6_B01_1361058	6	149661	771504	526	-0.0507
DOUSE_p_TCGA_287_288_289_N_GenomeWideSNP_6_B01_1361058	6	771711	776878	4	1.12
DOUSE_p_TCGA_287_288_289_N_GenomeWideSNP_6_B01_1361058	6	779944	9612277	7137	-0.0059
DOUSE_p_TCGA_287_288_289_N_GenomeWideSNP_6_B01_1361058	6	9613309	9613597	2	-1.6943
DOUSE_p_TCGA_287_288_289_N_GenomeWideSNP_6_B01_1361058	6	9614735	24946671	11333	-0.0038
DOUSE_p_TCGA_287_288_289_N_GenomeWideSNP_6_B01_1361058	6	24947772	24947805	2	1.5656
DOUSE_p_TCGA_287_288_289_N_GenomeWideSNP_6_B01_1361058	6	24951199	31184196	3256	-0.0635
DOUSE_p_TCGA_287_288_289_N_GenomeWideSNP_6_B01_1361058	6	31184425	31916013	336	-0.5592
DOUSE_p_TCGA_287_288_289_N_GenomeWideSNP_6_B01_1361058	6	31916400	35505311	1944	-0.1013
DOUSE_p_TCGA_287_288_289_N_GenomeWideSNP_6_B01_1361058	6	35506731	35568574	31	-0.444
DOUSE_p_TCGA_287_288_289_N_GenomeWideSNP_6_B01_1361058	6	35569119	35752792	99	-0.0222
DOUSE_p_TCGA_287_288_289_N_GenomeWideSNP_6_B01_1361058	6	35756850	35769721	5	0.7687
DOUSE_p_TCGA_287_288_289_N_GenomeWideSNP_6_B01_1361058	6	35775499	53931151	11923	-0.0069
DOUSE_p_TCGA_287_288_289_N_GenomeWideSNP_6_B01_1361058	6	53931230	53931855	6	-1.9267
DOUSE_p_TCGA_287_288_289_N_GenomeWideSNP_6_B01_1361058	6	53935348	74592225	10482	0.0176
DOUSE_p_TCGA_287_288_289_N_GenomeWideSNP_6_B01_1361058	6	74592457	74597341	8	-3.0402
DOUSE_p_TCGA_287_288_289_N_GenomeWideSNP_6_B01_1361058	6	74601410	78971802	2771	0.0242
DOUSE_p_TCGA_287_288_289_N_GenomeWideSNP_6_B01_1361058	6	78971834	79032592	102	0.3448
DOUSE_p_TCGA_287_288_289_N_GenomeWideSNP_6_B01_1361058	6	79034940	93574282	9214	-0.0018
DOUSE_p_TCGA_287_288_289_N_GenomeWideSNP_6_B01_1361058	6	93574297	93578630	34	0.3206
DOUSE_p_TCGA_287_288_289_N_GenomeWideSNP_6_B01_1361058	6	93582923	126182763	20094	0.002
DOUSE_p_TCGA_287_288_289_N_GenomeWideSNP_6_B01_1361058	6	126183692	126186776	3	-2.1923
DOUSE_p_TCGA_287_288_289_N_GenomeWideSNP_6_B01_1361058	6	126188893	171051005	30200	-5e-04
DOUSE_p_TCGA_287_288_289_N_GenomeWideSNP_6_B01_1361058	7	43355	145185	89	-0.3636
DOUSE_p_TCGA_287_288_289_N_GenomeWideSNP_6_B01_1361058	7	148300	941749	133	-0.0978
DOUSE_p_TCGA_287_288_289_N_GenomeWideSNP_6_B01_1361058	7	967199	1243731	134	-0.5131
DOUSE_p_TCGA_287_288_289_N_GenomeWideSNP_6_B01_1361058	7	1243749	2380364	412	0.0283
DOUSE_p_TCGA_287_288_289_N_GenomeWideSNP_6_B01_1361058	7	2391851	2648886	106	-0.3071
DOUSE_p_TCGA_287_288_289_N_GenomeWideSNP_6_B01_1361058	7	2649264	54380373	37549	0.0024
DOUSE_p_TCGA_287_288_289_N_GenomeWideSNP_6_B01_1361058	7	54386505	54386517	6	1.3372
DOUSE_p_TCGA_287_288_289_N_GenomeWideSNP_6_B01_1361058	7	54393488	63006698	2426	0.0313
DOUSE_p_TCGA_287_288_289_N_GenomeWideSNP_6_B01_1361058	7	63026601	63043061	4	-1.193
DOUSE_p_TCGA_287_288_289_N_GenomeWideSNP_6_B01_1361058	7	63054741	64594341	705	0.0069
DOUSE_p_TCGA_287_288_289_N_GenomeWideSNP_6_B01_1361058	7	64594929	64595698	4	1.2905
DOUSE_p_TCGA_287_288_289_N_GenomeWideSNP_6_B01_1361058	7	64637128	70420438	3134	0.0296
DOUSE_p_TCGA_287_288_289_N_GenomeWideSNP_6_B01_1361058	7	70423250	70426141	2	-2.1194
DOUSE_p_TCGA_287_288_289_N_GenomeWideSNP_6_B01_1361058	7	70428243	72390673	1176	0.0164
DOUSE_p_TCGA_287_288_289_N_GenomeWideSNP_6_B01_1361058	7	72399459	72761076	53	-0.3221
DOUSE_p_TCGA_287_288_289_N_GenomeWideSNP_6_B01_1361058	7	72761420	91357869	10841	0.0059
DOUSE_p_TCGA_287_288_289_N_GenomeWideSNP_6_B01_1361058	7	91358294	91359033	7	1.1558
DOUSE_p_TCGA_287_288_289_N_GenomeWideSNP_6_B01_1361058	7	91359336	105916637	8144	-0.0078
DOUSE_p_TCGA_287_288_289_N_GenomeWideSNP_6_B01_1361058	7	105916708	106068062	109	-0.3213
DOUSE_p_TCGA_287_288_289_N_GenomeWideSNP_6_B01_1361058	7	106068427	114663499	5238	-0.0106
DOUSE_p_TCGA_287_288_289_N_GenomeWideSNP_6_B01_1361058	7	114664305	114664779	2	-1.744
DOUSE_p_TCGA_287_288_289_N_GenomeWideSNP_6_B01_1361058	7	114664888	126044974	6914	9e-04
DOUSE_p_TCGA_287_288_289_N_GenomeWideSNP_6_B01_1361058	7	126045482	126046615	12	1.1743
DOUSE_p_TCGA_287_288_289_N_GenomeWideSNP_6_B01_1361058	7	126046876	128104859	1381	-0.0297
DOUSE_p_TCGA_287_288_289_N_GenomeWideSNP_6_B01_1361058	7	128106870	128107345	2	-1.915
DOUSE_p_TCGA_287_288_289_N_GenomeWideSNP_6_B01_1361058	7	128122143	133785177	3309	0.0162
DOUSE_p_TCGA_287_288_289_N_GenomeWideSNP_6_B01_1361058	7	133785195	133795665	27	-0.5935
DOUSE_p_TCGA_287_288_289_N_GenomeWideSNP_6_B01_1361058	7	133795704	135136719	1008	-0.0046
DOUSE_p_TCGA_287_288_289_N_GenomeWideSNP_6_B01_1361058	7	135141751	135143082	4	-1.0557
DOUSE_p_TCGA_287_288_289_N_GenomeWideSNP_6_B01_1361058	7	135147425	141003045	3696	0.0035
DOUSE_p_TCGA_287_288_289_N_GenomeWideSNP_6_B01_1361058	7	141004026	141004310	2	1.5428
DOUSE_p_TCGA_287_288_289_N_GenomeWideSNP_6_B01_1361058	7	141004466	142469083	969	0.01
DOUSE_p_TCGA_287_288_289_N_GenomeWideSNP_6_B01_1361058	7	142470574	142474939	7	-0.3701
DOUSE_p_TCGA_287_288_289_N_GenomeWideSNP_6_B01_1361058	7	142476719	142479722	8	-3.5396
DOUSE_p_TCGA_287_288_289_N_GenomeWideSNP_6_B01_1361058	7	142479807	142486045	19	-1.5105
DOUSE_p_TCGA_287_288_289_N_GenomeWideSNP_6_B01_1361058	7	142486115	150285104	4720	0.0044
DOUSE_p_TCGA_287_288_289_N_GenomeWideSNP_6_B01_1361058	7	150285801	150312161	11	-1.3478
DOUSE_p_TCGA_287_288_289_N_GenomeWideSNP_6_B01_1361058	7	150312649	159127004	5817	-0.0124
DOUSE_p_TCGA_287_288_289_N_GenomeWideSNP_6_B01_1361058	8	31254	594973	328	-0.0745
DOUSE_p_TCGA_287_288_289_N_GenomeWideSNP_6_B01_1361058	8	595220	595875	6	-0.8356
DOUSE_p_TCGA_287_288_289_N_GenomeWideSNP_6_B01_1361058	8	595892	595908	2	-3.6857
DOUSE_p_TCGA_287_288_289_N_GenomeWideSNP_6_B01_1361058	8	601043	2701934	1778	0.0129
DOUSE_p_TCGA_287_288_289_N_GenomeWideSNP_6_B01_1361058	8	2703533	2703899	7	-1.4098
DOUSE_p_TCGA_287_288_289_N_GenomeWideSNP_6_B01_1361058	8	2707171	4003305	1667	0.033
DOUSE_p_TCGA_287_288_289_N_GenomeWideSNP_6_B01_1361058	8	4003463	4003478	2	-3.0495
DOUSE_p_TCGA_287_288_289_N_GenomeWideSNP_6_B01_1361058	8	4003561	6840297	3916	0.0517
DOUSE_p_TCGA_287_288_289_N_GenomeWideSNP_6_B01_1361058	8	6858815	6859662	3	-1.5376
DOUSE_p_TCGA_287_288_289_N_GenomeWideSNP_6_B01_1361058	8	6876142	7186632	92	0.0172
DOUSE_p_TCGA_287_288_289_N_GenomeWideSNP_6_B01_1361058	8	7186646	7831645	180	0.6336
DOUSE_p_TCGA_287_288_289_N_GenomeWideSNP_6_B01_1361058	8	7832054	8385797	348	-0.06
DOUSE_p_TCGA_287_288_289_N_GenomeWideSNP_6_B01_1361058	8	8386150	8386442	4	1.0493
DOUSE_p_TCGA_287_288_289_N_GenomeWideSNP_6_B01_1361058	8	8388307	8912705	502	2e-04
DOUSE_p_TCGA_287_288_289_N_GenomeWideSNP_6_B01_1361058	8	8917073	8969433	54	-0.3358
DOUSE_p_TCGA_287_288_289_N_GenomeWideSNP_6_B01_1361058	8	8975895	11934660	2364	0.004
DOUSE_p_TCGA_287_288_289_N_GenomeWideSNP_6_B01_1361058	8	11949551	12001123	7	1.2116
DOUSE_p_TCGA_287_288_289_N_GenomeWideSNP_6_B01_1361058	8	12034307	24974476	10492	0.0121
DOUSE_p_TCGA_287_288_289_N_GenomeWideSNP_6_B01_1361058	8	24974522	24984333	25	-0.783
DOUSE_p_TCGA_287_288_289_N_GenomeWideSNP_6_B01_1361058	8	24991104	39230659	8997	0.0066
DOUSE_p_TCGA_287_288_289_N_GenomeWideSNP_6_B01_1361058	8	39235603	39386965	59	-2.5196
DOUSE_p_TCGA_287_288_289_N_GenomeWideSNP_6_B01_1361058	8	39388299	47521117	2765	0.0011
DOUSE_p_TCGA_287_288_289_N_GenomeWideSNP_6_B01_1361058	8	47525576	47547349	12	0.6382
DOUSE_p_TCGA_287_288_289_N_GenomeWideSNP_6_B01_1361058	8	47548786	51032071	1810	0.0058
DOUSE_p_TCGA_287_288_289_N_GenomeWideSNP_6_B01_1361058	8	51032211	51033423	5	-1.0186
DOUSE_p_TCGA_287_288_289_N_GenomeWideSNP_6_B01_1361058	8	51038578	64848636	9020	-0.0086
DOUSE_p_TCGA_287_288_289_N_GenomeWideSNP_6_B01_1361058	8	64848897	64849510	7	1.056
DOUSE_p_TCGA_287_288_289_N_GenomeWideSNP_6_B01_1361058	8	64849723	112294466	28268	0.0025
DOUSE_p_TCGA_287_288_289_N_GenomeWideSNP_6_B01_1361058	8	112294646	112295260	7	-2.1974
DOUSE_p_TCGA_287_288_289_N_GenomeWideSNP_6_B01_1361058	8	112300281	115632043	1826	0.0227
DOUSE_p_TCGA_287_288_289_N_GenomeWideSNP_6_B01_1361058	8	115634487	115641689	34	-0.4814
DOUSE_p_TCGA_287_288_289_N_GenomeWideSNP_6_B01_1361058	8	115641731	134098665	12906	0.0056
DOUSE_p_TCGA_287_288_289_N_GenomeWideSNP_6_B01_1361058	8	134099049	134219833	167	-0.2835
DOUSE_p_TCGA_287_288_289_N_GenomeWideSNP_6_B01_1361058	8	134220063	146298155	7926	-0.0358
DOUSE_p_TCGA_287_288_289_N_GenomeWideSNP_6_B01_1361058	9	46587	6695986	6363	0.0095
DOUSE_p_TCGA_287_288_289_N_GenomeWideSNP_6_B01_1361058	9	6701145	6708357	7	-1.0775
DOUSE_p_TCGA_287_288_289_N_GenomeWideSNP_6_B01_1361058	9	6712314	28309878	17762	0.026
DOUSE_p_TCGA_287_288_289_N_GenomeWideSNP_6_B01_1361058	9	28310570	28311629	2	2.2341
DOUSE_p_TCGA_287_288_289_N_GenomeWideSNP_6_B01_1361058	9	28312061	33702623	3797	0.0114
DOUSE_p_TCGA_287_288_289_N_GenomeWideSNP_6_B01_1361058	9	33705185	33705620	3	-2.0142
DOUSE_p_TCGA_287_288_289_N_GenomeWideSNP_6_B01_1361058	9	33706452	43127225	3309	0.001
DOUSE_p_TCGA_287_288_289_N_GenomeWideSNP_6_B01_1361058	9	43127313	44155888	52	0.4769
DOUSE_p_TCGA_287_288_289_N_GenomeWideSNP_6_B01_1361058	9	44156374	44241817	24	0.1966
DOUSE_p_TCGA_287_288_289_N_GenomeWideSNP_6_B01_1361058	9	44243434	44273241	13	-0.7363
DOUSE_p_TCGA_287_288_289_N_GenomeWideSNP_6_B01_1361058	9	44385979	44629223	8	0.1209
DOUSE_p_TCGA_287_288_289_N_GenomeWideSNP_6_B01_1361058	9	44727859	44837527	34	-1.3303
DOUSE_p_TCGA_287_288_289_N_GenomeWideSNP_6_B01_1361058	9	44840918	79070461	6260	0.0094
DOUSE_p_TCGA_287_288_289_N_GenomeWideSNP_6_B01_1361058	9	79075652	79078413	3	-2.3279
DOUSE_p_TCGA_287_288_289_N_GenomeWideSNP_6_B01_1361058	9	79078673	89147815	7121	0.0049
DOUSE_p_TCGA_287_288_289_N_GenomeWideSNP_6_B01_1361058	9	89151028	89155447	2	-1.6066
DOUSE_p_TCGA_287_288_289_N_GenomeWideSNP_6_B01_1361058	9	89156063	90522594	1172	0.0191
DOUSE_p_TCGA_287_288_289_N_GenomeWideSNP_6_B01_1361058	9	90554151	90554219	2	-2.3025
DOUSE_p_TCGA_287_288_289_N_GenomeWideSNP_6_B01_1361058	9	90557957	91009601	274	0.0357
DOUSE_p_TCGA_287_288_289_N_GenomeWideSNP_6_B01_1361058	9	91011725	91014254	5	-0.8343
DOUSE_p_TCGA_287_288_289_N_GenomeWideSNP_6_B01_1361058	9	91016746	100373289	6074	0.0019
DOUSE_p_TCGA_287_288_289_N_GenomeWideSNP_6_B01_1361058	9	100373359	100374354	2	1.3074
DOUSE_p_TCGA_287_288_289_N_GenomeWideSNP_6_B01_1361058	9	100377081	106566497	4230	0.0074
DOUSE_p_TCGA_287_288_289_N_GenomeWideSNP_6_B01_1361058	9	106568696	106569290	2	-3.613
DOUSE_p_TCGA_287_288_289_N_GenomeWideSNP_6_B01_1361058	9	106570702	136946333	21229	0.0101
DOUSE_p_TCGA_287_288_289_N_GenomeWideSNP_6_B01_1361058	9	136947331	137230790	94	-0.3981
DOUSE_p_TCGA_287_288_289_N_GenomeWideSNP_6_B01_1361058	9	137231411	139059275	1021	0.0146
DOUSE_p_TCGA_287_288_289_N_GenomeWideSNP_6_B01_1361058	9	139060656	139120043	17	-0.8957
DOUSE_p_TCGA_287_288_289_N_GenomeWideSNP_6_B01_1361058	9	139120635	141091394	688	-0.0936
DOUSE_p_TCGA_287_288_289_N_GenomeWideSNP_6_B01_1361058	10	72809	70775969	46801	0.0112
DOUSE_p_TCGA_287_288_289_N_GenomeWideSNP_6_B01_1361058	10	70777713	70778486	3	-2.2052
DOUSE_p_TCGA_287_288_289_N_GenomeWideSNP_6_B01_1361058	10	70781491	73497843	2114	-0.0064
DOUSE_p_TCGA_287_288_289_N_GenomeWideSNP_6_B01_1361058	10	73498415	73505636	10	-0.9887
DOUSE_p_TCGA_287_288_289_N_GenomeWideSNP_6_B01_1361058	10	73506129	127063668	35771	-0.0035
DOUSE_p_TCGA_287_288_289_N_GenomeWideSNP_6_B01_1361058	10	127067490	127074060	4	1.2277
DOUSE_p_TCGA_287_288_289_N_GenomeWideSNP_6_B01_1361058	10	127079102	135234192	5871	-0.0178
DOUSE_p_TCGA_287_288_289_N_GenomeWideSNP_6_B01_1361058	10	135242873	135387240	111	0.4608
DOUSE_p_TCGA_287_288_289_N_GenomeWideSNP_6_B01_1361058	10	135387867	135506704	36	-0.1566
DOUSE_p_TCGA_287_288_289_N_GenomeWideSNP_6_B01_1361058	11	198510	748946	181	-0.5283
DOUSE_p_TCGA_287_288_289_N_GenomeWideSNP_6_B01_1361058	11	749776	1760556	368	-0.0605
DOUSE_p_TCGA_287_288_289_N_GenomeWideSNP_6_B01_1361058	11	1761804	1904701	38	-0.5764
DOUSE_p_TCGA_287_288_289_N_GenomeWideSNP_6_B01_1361058	11	1904857	5783923	2701	-0.0183
DOUSE_p_TCGA_287_288_289_N_GenomeWideSNP_6_B01_1361058	11	5787405	5809461	35	-0.6561
DOUSE_p_TCGA_287_288_289_N_GenomeWideSNP_6_B01_1361058	11	5812360	9245965	2475	-0.0071
DOUSE_p_TCGA_287_288_289_N_GenomeWideSNP_6_B01_1361058	11	9249914	9271511	14	-0.5243
DOUSE_p_TCGA_287_288_289_N_GenomeWideSNP_6_B01_1361058	11	9273889	9324353	12	0.0923
DOUSE_p_TCGA_287_288_289_N_GenomeWideSNP_6_B01_1361058	11	9330053	9352951	11	-0.8999
DOUSE_p_TCGA_287_288_289_N_GenomeWideSNP_6_B01_1361058	11	9358140	12083579	2148	0.005
DOUSE_p_TCGA_287_288_289_N_GenomeWideSNP_6_B01_1361058	11	12083803	12098647	22	-0.4251
DOUSE_p_TCGA_287_288_289_N_GenomeWideSNP_6_B01_1361058	11	12099176	18949109	4690	0.0077
DOUSE_p_TCGA_287_288_289_N_GenomeWideSNP_6_B01_1361058	11	18949325	18961314	41	-0.5061
DOUSE_p_TCGA_287_288_289_N_GenomeWideSNP_6_B01_1361058	11	18961329	21191289	2039	0.0164
DOUSE_p_TCGA_287_288_289_N_GenomeWideSNP_6_B01_1361058	11	21191413	21203157	28	0.4187
DOUSE_p_TCGA_287_288_289_N_GenomeWideSNP_6_B01_1361058	11	21205677	25707051	3263	0.0196
DOUSE_p_TCGA_287_288_289_N_GenomeWideSNP_6_B01_1361058	11	25707067	25718626	17	0.568
DOUSE_p_TCGA_287_288_289_N_GenomeWideSNP_6_B01_1361058	11	25718845	61829542	20253	0.0176
DOUSE_p_TCGA_287_288_289_N_GenomeWideSNP_6_B01_1361058	11	61829724	61835423	5	-0.8908
DOUSE_p_TCGA_287_288_289_N_GenomeWideSNP_6_B01_1361058	11	61837544	62387850	339	-0.0453
DOUSE_p_TCGA_287_288_289_N_GenomeWideSNP_6_B01_1361058	11	62394881	62447495	19	-0.6399
DOUSE_p_TCGA_287_288_289_N_GenomeWideSNP_6_B01_1361058	11	62448576	63691938	608	0.0029
DOUSE_p_TCGA_287_288_289_N_GenomeWideSNP_6_B01_1361058	11	63692803	63755215	30	-0.5896
DOUSE_p_TCGA_287_288_289_N_GenomeWideSNP_6_B01_1361058	11	63755961	64592726	331	-0.0642
DOUSE_p_TCGA_287_288_289_N_GenomeWideSNP_6_B01_1361058	11	64592908	65693067	420	-0.6208
DOUSE_p_TCGA_287_288_289_N_GenomeWideSNP_6_B01_1361058	11	65694808	134944770	46655	0.0044
DOUSE_p_TCGA_287_288_289_N_GenomeWideSNP_6_B01_1361058	12	150442	6098452	4422	-0.0132
DOUSE_p_TCGA_287_288_289_N_GenomeWideSNP_6_B01_1361058	12	6098604	6099849	2	-1.2565
DOUSE_p_TCGA_287_288_289_N_GenomeWideSNP_6_B01_1361058	12	6100611	9456821	1671	-0.0741
DOUSE_p_TCGA_287_288_289_N_GenomeWideSNP_6_B01_1361058	12	9460534	9483089	13	-0.6052
DOUSE_p_TCGA_287_288_289_N_GenomeWideSNP_6_B01_1361058	12	9483501	12536415	2131	-0.0062
DOUSE_p_TCGA_287_288_289_N_GenomeWideSNP_6_B01_1361058	12	12536646	12542880	15	-0.8277
DOUSE_p_TCGA_287_288_289_N_GenomeWideSNP_6_B01_1361058	12	12542914	29159781	11453	0.0053
DOUSE_p_TCGA_287_288_289_N_GenomeWideSNP_6_B01_1361058	12	29163628	29164522	3	-1.6983
DOUSE_p_TCGA_287_288_289_N_GenomeWideSNP_6_B01_1361058	12	29167983	30239742	783	-0.0027
DOUSE_p_TCGA_287_288_289_N_GenomeWideSNP_6_B01_1361058	12	30239911	30243722	20	0.5772
DOUSE_p_TCGA_287_288_289_N_GenomeWideSNP_6_B01_1361058	12	30243933	32019262	1324	-0.0117
DOUSE_p_TCGA_287_288_289_N_GenomeWideSNP_6_B01_1361058	12	32019875	32050799	37	-0.4456
DOUSE_p_TCGA_287_288_289_N_GenomeWideSNP_6_B01_1361058	12	32053232	40817013	3236	0.0495
DOUSE_p_TCGA_287_288_289_N_GenomeWideSNP_6_B01_1361058	12	40817157	40817243	2	1.5592
DOUSE_p_TCGA_287_288_289_N_GenomeWideSNP_6_B01_1361058	12	40817515	48725042	5004	0.0128
DOUSE_p_TCGA_287_288_289_N_GenomeWideSNP_6_B01_1361058	12	48725239	48725415	3	-1.5102
DOUSE_p_TCGA_287_288_289_N_GenomeWideSNP_6_B01_1361058	12	48730036	58721080	5464	-0.0128
DOUSE_p_TCGA_287_288_289_N_GenomeWideSNP_6_B01_1361058	12	58721095	58730162	6	0.9261
DOUSE_p_TCGA_287_288_289_N_GenomeWideSNP_6_B01_1361058	12	58730848	68664458	6485	0.0038
DOUSE_p_TCGA_287_288_289_N_GenomeWideSNP_6_B01_1361058	12	68665489	68667269	3	1.4889
DOUSE_p_TCGA_287_288_289_N_GenomeWideSNP_6_B01_1361058	12	68667462	69022296	253	-0.004
DOUSE_p_TCGA_287_288_289_N_GenomeWideSNP_6_B01_1361058	12	69022440	69032248	7	-0.9543
DOUSE_p_TCGA_287_288_289_N_GenomeWideSNP_6_B01_1361058	12	69033365	83166956	8977	0.0054
DOUSE_p_TCGA_287_288_289_N_GenomeWideSNP_6_B01_1361058	12	83168061	83207794	38	-0.8698
DOUSE_p_TCGA_287_288_289_N_GenomeWideSNP_6_B01_1361058	12	83215381	90482843	4234	0.0091
DOUSE_p_TCGA_287_288_289_N_GenomeWideSNP_6_B01_1361058	12	90483347	90492074	9	0.7841
DOUSE_p_TCGA_287_288_289_N_GenomeWideSNP_6_B01_1361058	12	90493557	99791814	6429	0.0071
DOUSE_p_TCGA_287_288_289_N_GenomeWideSNP_6_B01_1361058	12	99795293	99798062	24	0.5939
DOUSE_p_TCGA_287_288_289_N_GenomeWideSNP_6_B01_1361058	12	99798152	127588646	18130	0.0138
DOUSE_p_TCGA_287_288_289_N_GenomeWideSNP_6_B01_1361058	12	127588658	127590550	6	1.2228
DOUSE_p_TCGA_287_288_289_N_GenomeWideSNP_6_B01_1361058	12	127590620	133778189	4534	0.014
DOUSE_p_TCGA_287_288_289_N_GenomeWideSNP_6_B01_1361058	13	19026949	22092040	1737	-0.0229
DOUSE_p_TCGA_287_288_289_N_GenomeWideSNP_6_B01_1361058	13	22092280	22100532	2	-1.5654
DOUSE_p_TCGA_287_288_289_N_GenomeWideSNP_6_B01_1361058	13	22102635	24998557	2272	0.0082
DOUSE_p_TCGA_287_288_289_N_GenomeWideSNP_6_B01_1361058	13	25001077	25039598	30	-0.4309
DOUSE_p_TCGA_287_288_289_N_GenomeWideSNP_6_B01_1361058	13	25039678	39052811	10170	-0.0023
DOUSE_p_TCGA_287_288_289_N_GenomeWideSNP_6_B01_1361058	13	39057572	39058056	2	-2.4325
DOUSE_p_TCGA_287_288_289_N_GenomeWideSNP_6_B01_1361058	13	39065057	47031713	5447	0.0016
DOUSE_p_TCGA_287_288_289_N_GenomeWideSNP_6_B01_1361058	13	47034809	47036022	2	-1.5118
DOUSE_p_TCGA_287_288_289_N_GenomeWideSNP_6_B01_1361058	13	47047212	51545054	2939	-0.0231
DOUSE_p_TCGA_287_288_289_N_GenomeWideSNP_6_B01_1361058	13	51546911	51549198	2	1.2757
DOUSE_p_TCGA_287_288_289_N_GenomeWideSNP_6_B01_1361058	13	51549557	57704063	3391	0.02
DOUSE_p_TCGA_287_288_289_N_GenomeWideSNP_6_B01_1361058	13	57712800	57789714	48	0.7519
DOUSE_p_TCGA_287_288_289_N_GenomeWideSNP_6_B01_1361058	13	57790009	69242255	6867	0.0309
DOUSE_p_TCGA_287_288_289_N_GenomeWideSNP_6_B01_1361058	13	69248299	69249481	7	-1.1292
DOUSE_p_TCGA_287_288_289_N_GenomeWideSNP_6_B01_1361058	13	69250779	69251505	6	0.4856
DOUSE_p_TCGA_287_288_289_N_GenomeWideSNP_6_B01_1361058	13	69251649	69268242	26	-0.859
DOUSE_p_TCGA_287_288_289_N_GenomeWideSNP_6_B01_1361058	13	69269119	70762936	970	0.0043
DOUSE_p_TCGA_287_288_289_N_GenomeWideSNP_6_B01_1361058	13	70763262	70763372	2	1.506
DOUSE_p_TCGA_287_288_289_N_GenomeWideSNP_6_B01_1361058	13	70763388	72476988	1081	5e-04
DOUSE_p_TCGA_287_288_289_N_GenomeWideSNP_6_B01_1361058	13	72477555	72480556	4	-1.8898
DOUSE_p_TCGA_287_288_289_N_GenomeWideSNP_6_B01_1361058	13	72480605	98700442	16981	0.0129
DOUSE_p_TCGA_287_288_289_N_GenomeWideSNP_6_B01_1361058	13	98700617	98703602	2	-1.4364
DOUSE_p_TCGA_287_288_289_N_GenomeWideSNP_6_B01_1361058	13	98705539	115108397	12046	-0.0039
DOUSE_p_TCGA_287_288_289_N_GenomeWideSNP_6_B01_1361058	14	19002124	19541714	39	0.1841
DOUSE_p_TCGA_287_288_289_N_GenomeWideSNP_6_B01_1361058	14	19557041	19801755	22	0.615
DOUSE_p_TCGA_287_288_289_N_GenomeWideSNP_6_B01_1361058	14	19802541	40608928	12987	-0.0099
DOUSE_p_TCGA_287_288_289_N_GenomeWideSNP_6_B01_1361058	14	40613922	40616919	2	-2.0616
DOUSE_p_TCGA_287_288_289_N_GenomeWideSNP_6_B01_1361058	14	40618165	61055940	12947	0.0169
DOUSE_p_TCGA_287_288_289_N_GenomeWideSNP_6_B01_1361058	14	61058142	61059136	2	-3.696
DOUSE_p_TCGA_287_288_289_N_GenomeWideSNP_6_B01_1361058	14	61066218	73995774	8167	-0.0013
DOUSE_p_TCGA_287_288_289_N_GenomeWideSNP_6_B01_1361058	14	74001123	74029900	10	1.7709
DOUSE_p_TCGA_287_288_289_N_GenomeWideSNP_6_B01_1361058	14	74029915	106872062	20878	0.0072
DOUSE_p_TCGA_287_288_289_N_GenomeWideSNP_6_B01_1361058	14	106874361	106939788	59	-0.6585
DOUSE_p_TCGA_287_288_289_N_GenomeWideSNP_6_B01_1361058	14	106943522	107285437	216	-0.0925
DOUSE_p_TCGA_287_288_289_N_GenomeWideSNP_6_B01_1361058	15	20016328	20412026	64	0.1217
DOUSE_p_TCGA_287_288_289_N_GenomeWideSNP_6_B01_1361058	15	20412478	21173886	202	-0.4043
DOUSE_p_TCGA_287_288_289_N_GenomeWideSNP_6_B01_1361058	15	21186400	21909391	28	0.1632
DOUSE_p_TCGA_287_288_289_N_GenomeWideSNP_6_B01_1361058	15	21909901	22752709	138	-0.3779
DOUSE_p_TCGA_287_288_289_N_GenomeWideSNP_6_B01_1361058	15	22755172	30505109	4675	0.0306
DOUSE_p_TCGA_287_288_289_N_GenomeWideSNP_6_B01_1361058	15	30505160	30920624	92	-0.4303
DOUSE_p_TCGA_287_288_289_N_GenomeWideSNP_6_B01_1361058	15	30925605	32648732	1088	-0.0236
DOUSE_p_TCGA_287_288_289_N_GenomeWideSNP_6_B01_1361058	15	32655371	32811604	17	-0.5824
DOUSE_p_TCGA_287_288_289_N_GenomeWideSNP_6_B01_1361058	15	32812529	83551383	31849	0.0065
DOUSE_p_TCGA_287_288_289_N_GenomeWideSNP_6_B01_1361058	15	83557883	83558071	3	-1.3471
DOUSE_p_TCGA_287_288_289_N_GenomeWideSNP_6_B01_1361058	15	83559421	90842205	4813	0.0147
DOUSE_p_TCGA_287_288_289_N_GenomeWideSNP_6_B01_1361058	15	90845057	90947304	67	-0.3939
DOUSE_p_TCGA_287_288_289_N_GenomeWideSNP_6_B01_1361058	15	90947453	101647837	8241	0.0044
DOUSE_p_TCGA_287_288_289_N_GenomeWideSNP_6_B01_1361058	15	101648966	101685552	34	-0.2873
DOUSE_p_TCGA_287_288_289_N_GenomeWideSNP_6_B01_1361058	15	101689056	101691448	4	-1.7249
DOUSE_p_TCGA_287_288_289_N_GenomeWideSNP_6_B01_1361058	15	101693881	102469040	550	-0.137
DOUSE_p_TCGA_287_288_289_N_GenomeWideSNP_6_B01_1361058	16	60777	653459	279	-0.4301
DOUSE_p_TCGA_287_288_289_N_GenomeWideSNP_6_B01_1361058	16	653503	3685616	1053	-0.1736
DOUSE_p_TCGA_287_288_289_N_GenomeWideSNP_6_B01_1361058	16	3685782	3719344	19	-0.7055
DOUSE_p_TCGA_287_288_289_N_GenomeWideSNP_6_B01_1361058	16	3726636	7012472	2968	0.0391
DOUSE_p_TCGA_287_288_289_N_GenomeWideSNP_6_B01_1361058	16	7013200	7013568	2	2.1575
DOUSE_p_TCGA_287_288_289_N_GenomeWideSNP_6_B01_1361058	16	7015770	7030497	14	-0.0158
DOUSE_p_TCGA_287_288_289_N_GenomeWideSNP_6_B01_1361058	16	7030590	7033748	4	1.2335
DOUSE_p_TCGA_287_288_289_N_GenomeWideSNP_6_B01_1361058	16	7034268	8939620	2048	0.0591
DOUSE_p_TCGA_287_288_289_N_GenomeWideSNP_6_B01_1361058	16	8940177	9225974	182	-0.274
DOUSE_p_TCGA_287_288_289_N_GenomeWideSNP_6_B01_1361058	16	9226370	28605318	12321	0.0073
DOUSE_p_TCGA_287_288_289_N_GenomeWideSNP_6_B01_1361058	16	28631585	28649203	2	0.7775
DOUSE_p_TCGA_287_288_289_N_GenomeWideSNP_6_B01_1361058	16	28708199	28992420	56	-0.4158
DOUSE_p_TCGA_287_288_289_N_GenomeWideSNP_6_B01_1361058	16	28993049	29438339	153	-0.0192
DOUSE_p_TCGA_287_288_289_N_GenomeWideSNP_6_B01_1361058	16	29517711	30546488	276	-0.4207
DOUSE_p_TCGA_287_288_289_N_GenomeWideSNP_6_B01_1361058	16	30546506	32092834	611	-0.0822
DOUSE_p_TCGA_287_288_289_N_GenomeWideSNP_6_B01_1361058	16	32102544	33828754	276	0.2964
DOUSE_p_TCGA_287_288_289_N_GenomeWideSNP_6_B01_1361058	16	33835319	51064083	3163	0.018
DOUSE_p_TCGA_287_288_289_N_GenomeWideSNP_6_B01_1361058	16	51064172	51064572	2	1.3595
DOUSE_p_TCGA_287_288_289_N_GenomeWideSNP_6_B01_1361058	16	51066965	55225083	3258	0.009
DOUSE_p_TCGA_287_288_289_N_GenomeWideSNP_6_B01_1361058	16	55227539	55228864	3	-2.575
DOUSE_p_TCGA_287_288_289_N_GenomeWideSNP_6_B01_1361058	16	55230682	74368691	11700	0.0108
DOUSE_p_TCGA_287_288_289_N_GenomeWideSNP_6_B01_1361058	16	74369531	74452036	11	-0.6857
DOUSE_p_TCGA_287_288_289_N_GenomeWideSNP_6_B01_1361058	16	74456601	75565845	634	-0.0029
DOUSE_p_TCGA_287_288_289_N_GenomeWideSNP_6_B01_1361058	16	75565896	75575998	11	-0.6206
DOUSE_p_TCGA_287_288_289_N_GenomeWideSNP_6_B01_1361058	16	75580117	78371608	2556	0.0203
DOUSE_p_TCGA_287_288_289_N_GenomeWideSNP_6_B01_1361058	16	78372440	78384765	16	-2.4248
DOUSE_p_TCGA_287_288_289_N_GenomeWideSNP_6_B01_1361058	16	78385001	81495626	3501	0.0138
DOUSE_p_TCGA_287_288_289_N_GenomeWideSNP_6_B01_1361058	16	81495885	81513473	31	-0.6278
DOUSE_p_TCGA_287_288_289_N_GenomeWideSNP_6_B01_1361058	16	81514166	88525831	6373	-0.0327
DOUSE_p_TCGA_287_288_289_N_GenomeWideSNP_6_B01_1361058	16	88526284	90287535	677	-0.4676
DOUSE_p_TCGA_287_288_289_N_GenomeWideSNP_6_B01_1361058	17	526	1180023	554	-0.3176
DOUSE_p_TCGA_287_288_289_N_GenomeWideSNP_6_B01_1361058	17	1180657	21845701	12243	-0.0089
DOUSE_p_TCGA_287_288_289_N_GenomeWideSNP_6_B01_1361058	17	21848342	22235650	169	0.7282
DOUSE_p_TCGA_287_288_289_N_GenomeWideSNP_6_B01_1361058	17	25270411	39421708	7902	0.0021
DOUSE_p_TCGA_287_288_289_N_GenomeWideSNP_6_B01_1361058	17	39423014	39430531	24	-1.1247
DOUSE_p_TCGA_287_288_289_N_GenomeWideSNP_6_B01_1361058	17	39432724	41313698	1085	-0.0344
DOUSE_p_TCGA_287_288_289_N_GenomeWideSNP_6_B01_1361058	17	41317430	41472834	42	-0.4904
DOUSE_p_TCGA_287_288_289_N_GenomeWideSNP_6_B01_1361058	17	41474054	44213712	1411	-0.048
DOUSE_p_TCGA_287_288_289_N_GenomeWideSNP_6_B01_1361058	17	44214166	44505241	100	0.2995
DOUSE_p_TCGA_287_288_289_N_GenomeWideSNP_6_B01_1361058	17	44523711	44523726	2	-1.7354
DOUSE_p_TCGA_287_288_289_N_GenomeWideSNP_6_B01_1361058	17	44546329	44752283	32	0.0851
DOUSE_p_TCGA_287_288_289_N_GenomeWideSNP_6_B01_1361058	17	44752300	44784678	4	0.9798
DOUSE_p_TCGA_287_288_289_N_GenomeWideSNP_6_B01_1361058	17	44784982	62904579	10520	0.0145
DOUSE_p_TCGA_287_288_289_N_GenomeWideSNP_6_B01_1361058	17	62925717	62926038	2	1.5542
DOUSE_p_TCGA_287_288_289_N_GenomeWideSNP_6_B01_1361058	17	62926689	75332456	8132	-0.0065
DOUSE_p_TCGA_287_288_289_N_GenomeWideSNP_6_B01_1361058	17	75332832	75370468	36	-0.544
DOUSE_p_TCGA_287_288_289_N_GenomeWideSNP_6_B01_1361058	17	75371721	79209107	2154	-0.0879
DOUSE_p_TCGA_287_288_289_N_GenomeWideSNP_6_B01_1361058	17	79223495	79247195	15	-0.6609
DOUSE_p_TCGA_287_288_289_N_GenomeWideSNP_6_B01_1361058	17	79247798	79437717	65	-0.1264
DOUSE_p_TCGA_287_288_289_N_GenomeWideSNP_6_B01_1361058	17	79439318	79452162	6	-0.8207
DOUSE_p_TCGA_287_288_289_N_GenomeWideSNP_6_B01_1361058	17	79452336	80083556	132	-0.0905
DOUSE_p_TCGA_287_288_289_N_GenomeWideSNP_6_B01_1361058	17	80086246	80215586	55	-0.5917
DOUSE_p_TCGA_287_288_289_N_GenomeWideSNP_6_B01_1361058	17	80217381	80965044	383	-0.0812
DOUSE_p_TCGA_287_288_289_N_GenomeWideSNP_6_B01_1361058	17	80965378	81049726	35	-0.6807
DOUSE_p_TCGA_287_288_289_N_GenomeWideSNP_6_B01_1361058	18	11543	7748661	5557	0.0036
DOUSE_p_TCGA_287_288_289_N_GenomeWideSNP_6_B01_1361058	18	7752784	7755226	2	1.6405
DOUSE_p_TCGA_287_288_289_N_GenomeWideSNP_6_B01_1361058	18	7755352	9464919	1290	0.0083
DOUSE_p_TCGA_287_288_289_N_GenomeWideSNP_6_B01_1361058	18	9465903	9466467	2	-1.4861
DOUSE_p_TCGA_287_288_289_N_GenomeWideSNP_6_B01_1361058	18	9466978	38258082	15896	0.0094
DOUSE_p_TCGA_287_288_289_N_GenomeWideSNP_6_B01_1361058	18	38258096	38258705	12	0.69
DOUSE_p_TCGA_287_288_289_N_GenomeWideSNP_6_B01_1361058	18	38258727	39929760	1129	0.0174
DOUSE_p_TCGA_287_288_289_N_GenomeWideSNP_6_B01_1361058	18	39929977	39930041	3	-1.0058
DOUSE_p_TCGA_287_288_289_N_GenomeWideSNP_6_B01_1361058	18	39930091	40056939	104	0.0421
DOUSE_p_TCGA_287_288_289_N_GenomeWideSNP_6_B01_1361058	18	40056954	40057767	16	0.5397
DOUSE_p_TCGA_287_288_289_N_GenomeWideSNP_6_B01_1361058	18	40058395	63762300	16266	0.0102
DOUSE_p_TCGA_287_288_289_N_GenomeWideSNP_6_B01_1361058	18	63767140	63767922	3	-2.3913
DOUSE_p_TCGA_287_288_289_N_GenomeWideSNP_6_B01_1361058	18	63775595	66746346	2163	0.0227
DOUSE_p_TCGA_287_288_289_N_GenomeWideSNP_6_B01_1361058	18	66746541	66757750	37	-0.7523
DOUSE_p_TCGA_287_288_289_N_GenomeWideSNP_6_B01_1361058	18	66757787	74778515	6050	0.023
DOUSE_p_TCGA_287_288_289_N_GenomeWideSNP_6_B01_1361058	18	74778548	74826423	45	-0.6059
DOUSE_p_TCGA_287_288_289_N_GenomeWideSNP_6_B01_1361058	18	74828395	77113956	1623	0.0036
DOUSE_p_TCGA_287_288_289_N_GenomeWideSNP_6_B01_1361058	18	77119344	78015057	427	-0.2323
DOUSE_p_TCGA_287_288_289_N_GenomeWideSNP_6_B01_1361058	19	90910	881161	166	-0.1997
DOUSE_p_TCGA_287_288_289_N_GenomeWideSNP_6_B01_1361058	19	885818	887275	3	-1.972
DOUSE_p_TCGA_287_288_289_N_GenomeWideSNP_6_B01_1361058	19	895638	939673	12	-0.6704
DOUSE_p_TCGA_287_288_289_N_GenomeWideSNP_6_B01_1361058	19	939697	2592250	444	-0.2525
DOUSE_p_TCGA_287_288_289_N_GenomeWideSNP_6_B01_1361058	19	2596031	2646940	15	-0.9005
DOUSE_p_TCGA_287_288_289_N_GenomeWideSNP_6_B01_1361058	19	2648182	3282630	244	-0.0649
DOUSE_p_TCGA_287_288_289_N_GenomeWideSNP_6_B01_1361058	19	3283186	3321710	11	-0.7318
DOUSE_p_TCGA_287_288_289_N_GenomeWideSNP_6_B01_1361058	19	3327943	4424374	276	-0.0967
DOUSE_p_TCGA_287_288_289_N_GenomeWideSNP_6_B01_1361058	19	4425612	4599172	43	-0.6236
DOUSE_p_TCGA_287_288_289_N_GenomeWideSNP_6_B01_1361058	19	4605239	4772763	56	-0.1701
DOUSE_p_TCGA_287_288_289_N_GenomeWideSNP_6_B01_1361058	19	4772824	4822630	16	-0.5396
DOUSE_p_TCGA_287_288_289_N_GenomeWideSNP_6_B01_1361058	19	4822828	8411656	1664	-0.0367
DOUSE_p_TCGA_287_288_289_N_GenomeWideSNP_6_B01_1361058	19	8412172	8414301	2	-2.873
DOUSE_p_TCGA_287_288_289_N_GenomeWideSNP_6_B01_1361058	19	8421007	9273300	446	0.0048
DOUSE_p_TCGA_287_288_289_N_GenomeWideSNP_6_B01_1361058	19	9273800	9278121	6	-1.2368
DOUSE_p_TCGA_287_288_289_N_GenomeWideSNP_6_B01_1361058	19	9284760	16676327	3750	-0.0231
DOUSE_p_TCGA_287_288_289_N_GenomeWideSNP_6_B01_1361058	19	16677289	16727129	33	-0.6515
DOUSE_p_TCGA_287_288_289_N_GenomeWideSNP_6_B01_1361058	19	16728605	20594676	1761	-0.0638
DOUSE_p_TCGA_287_288_289_N_GenomeWideSNP_6_B01_1361058	19	20596206	20716349	69	-0.7468
DOUSE_p_TCGA_287_288_289_N_GenomeWideSNP_6_B01_1361058	19	20716389	35849171	7741	0.0265
DOUSE_p_TCGA_287_288_289_N_GenomeWideSNP_6_B01_1361058	19	35849187	35870348	31	-0.8207
DOUSE_p_TCGA_287_288_289_N_GenomeWideSNP_6_B01_1361058	19	35870436	35874383	2	0.705
DOUSE_p_TCGA_287_288_289_N_GenomeWideSNP_6_B01_1361058	19	35874783	41360574	2784	-0.0193
DOUSE_p_TCGA_287_288_289_N_GenomeWideSNP_6_B01_1361058	19	41361094	41375952	22	0.4846
DOUSE_p_TCGA_287_288_289_N_GenomeWideSNP_6_B01_1361058	19	41375966	42007428	354	-0.0683
DOUSE_p_TCGA_287_288_289_N_GenomeWideSNP_6_B01_1361058	19	42007875	42031592	4	-1.1656
DOUSE_p_TCGA_287_288_289_N_GenomeWideSNP_6_B01_1361058	19	42032407	42685720	297	-0.1417
DOUSE_p_TCGA_287_288_289_N_GenomeWideSNP_6_B01_1361058	19	42687937	42709883	9	-0.9372
DOUSE_p_TCGA_287_288_289_N_GenomeWideSNP_6_B01_1361058	19	42713835	43713377	430	0.0365
DOUSE_p_TCGA_287_288_289_N_GenomeWideSNP_6_B01_1361058	19	43713734	43756237	16	-0.7633
DOUSE_p_TCGA_287_288_289_N_GenomeWideSNP_6_B01_1361058	19	43766659	45825626	1215	-0.0324
DOUSE_p_TCGA_287_288_289_N_GenomeWideSNP_6_B01_1361058	19	45825698	45903474	26	-0.4946
DOUSE_p_TCGA_287_288_289_N_GenomeWideSNP_6_B01_1361058	19	45910968	46158473	79	-0.1636
DOUSE_p_TCGA_287_288_289_N_GenomeWideSNP_6_B01_1361058	19	46158513	46167901	6	-0.8765
DOUSE_p_TCGA_287_288_289_N_GenomeWideSNP_6_B01_1361058	19	46170357	52146792	2834	-0.0494
DOUSE_p_TCGA_287_288_289_N_GenomeWideSNP_6_B01_1361058	19	52147581	52148197	4	-1.8075
DOUSE_p_TCGA_287_288_289_N_GenomeWideSNP_6_B01_1361058	19	52154905	53517082	941	-0.109
DOUSE_p_TCGA_287_288_289_N_GenomeWideSNP_6_B01_1361058	19	53518514	53554240	24	0.3621
DOUSE_p_TCGA_287_288_289_N_GenomeWideSNP_6_B01_1361058	19	53554319	54697869	749	-0.1031
DOUSE_p_TCGA_287_288_289_N_GenomeWideSNP_6_B01_1361058	19	54698127	54849399	85	-0.6155
DOUSE_p_TCGA_287_288_289_N_GenomeWideSNP_6_B01_1361058	19	54849463	55440357	324	-0.056
DOUSE_p_TCGA_287_288_289_N_GenomeWideSNP_6_B01_1361058	19	55440885	55502610	32	0.4458
DOUSE_p_TCGA_287_288_289_N_GenomeWideSNP_6_B01_1361058	19	55502690	58305572	1776	-0.0217
DOUSE_p_TCGA_287_288_289_N_GenomeWideSNP_6_B01_1361058	19	58306935	58344173	20	-0.5872
DOUSE_p_TCGA_287_288_289_N_GenomeWideSNP_6_B01_1361058	19	58352289	58881729	315	-0.0717
DOUSE_p_TCGA_287_288_289_N_GenomeWideSNP_6_B01_1361058	19	58883897	59097854	101	-0.5066
DOUSE_p_TCGA_287_288_289_N_GenomeWideSNP_6_B01_1361058	20	61305	1560999	1200	-0.0714
DOUSE_p_TCGA_287_288_289_N_GenomeWideSNP_6_B01_1361058	20	1561580	1593893	40	2.6059
DOUSE_p_TCGA_287_288_289_N_GenomeWideSNP_6_B01_1361058	20	1597946	3829667	1566	-0.0275
DOUSE_p_TCGA_287_288_289_N_GenomeWideSNP_6_B01_1361058	20	3832260	4067578	146	-0.3201
DOUSE_p_TCGA_287_288_289_N_GenomeWideSNP_6_B01_1361058	20	4067854	4773597	617	0.0228
DOUSE_p_TCGA_287_288_289_N_GenomeWideSNP_6_B01_1361058	20	4773997	4878673	89	-0.2571
DOUSE_p_TCGA_287_288_289_N_GenomeWideSNP_6_B01_1361058	20	4878981	9246494	3369	-0.0027
DOUSE_p_TCGA_287_288_289_N_GenomeWideSNP_6_B01_1361058	20	9248620	9250975	3	1.4034
DOUSE_p_TCGA_287_288_289_N_GenomeWideSNP_6_B01_1361058	20	9252883	12629981	2617	0.0013
DOUSE_p_TCGA_287_288_289_N_GenomeWideSNP_6_B01_1361058	20	12630720	12630804	3	-2.0229
DOUSE_p_TCGA_287_288_289_N_GenomeWideSNP_6_B01_1361058	20	12632043	50647593	23685	0.0082
DOUSE_p_TCGA_287_288_289_N_GenomeWideSNP_6_B01_1361058	20	50652797	50654400	4	-1.1445
DOUSE_p_TCGA_287_288_289_N_GenomeWideSNP_6_B01_1361058	20	50654576	52543711	1387	0.0252
DOUSE_p_TCGA_287_288_289_N_GenomeWideSNP_6_B01_1361058	20	52546089	52546810	2	-1.5716
DOUSE_p_TCGA_287_288_289_N_GenomeWideSNP_6_B01_1361058	20	52547660	62218916	7257	-0.0018
DOUSE_p_TCGA_287_288_289_N_GenomeWideSNP_6_B01_1361058	20	62219648	62956153	314	-0.5065
DOUSE_p_TCGA_287_288_289_N_GenomeWideSNP_6_B01_1361058	21	10736871	37475489	16631	0.0153
DOUSE_p_TCGA_287_288_289_N_GenomeWideSNP_6_B01_1361058	21	37476359	37484880	3	1.1604
DOUSE_p_TCGA_287_288_289_N_GenomeWideSNP_6_B01_1361058	21	37484942	37611892	94	-0.3169
DOUSE_p_TCGA_287_288_289_N_GenomeWideSNP_6_B01_1361058	21	37617142	44539726	5595	-0.0032
DOUSE_p_TCGA_287_288_289_N_GenomeWideSNP_6_B01_1361058	21	44546802	44817248	142	-0.3795
DOUSE_p_TCGA_287_288_289_N_GenomeWideSNP_6_B01_1361058	21	44822257	45763642	501	-0.0513
DOUSE_p_TCGA_287_288_289_N_GenomeWideSNP_6_B01_1361058	21	45763739	45768598	7	-0.8983
DOUSE_p_TCGA_287_288_289_N_GenomeWideSNP_6_B01_1361058	21	45772388	46739353	575	-0.136
DOUSE_p_TCGA_287_288_289_N_GenomeWideSNP_6_B01_1361058	21	46739879	47041808	148	-0.5715
DOUSE_p_TCGA_287_288_289_N_GenomeWideSNP_6_B01_1361058	21	47044749	48096957	621	-0.1222
DOUSE_p_TCGA_287_288_289_N_GenomeWideSNP_6_B01_1361058	22	16052528	18904838	1255	0.0277
DOUSE_p_TCGA_287_288_289_N_GenomeWideSNP_6_B01_1361058	22	18904992	21460372	1562	-0.2688
DOUSE_p_TCGA_287_288_289_N_GenomeWideSNP_6_B01_1361058	22	21460385	21461017	9	0.5998
DOUSE_p_TCGA_287_288_289_N_GenomeWideSNP_6_B01_1361058	22	21461122	22141229	179	-0.3567
DOUSE_p_TCGA_287_288_289_N_GenomeWideSNP_6_B01_1361058	22	22141243	24732432	1813	-0.0955
DOUSE_p_TCGA_287_288_289_N_GenomeWideSNP_6_B01_1361058	22	24735513	24897508	74	-0.4206
DOUSE_p_TCGA_287_288_289_N_GenomeWideSNP_6_B01_1361058	22	24898310	36679215	9011	0.0232
DOUSE_p_TCGA_287_288_289_N_GenomeWideSNP_6_B01_1361058	22	36686159	36715837	32	-0.6482
DOUSE_p_TCGA_287_288_289_N_GenomeWideSNP_6_B01_1361058	22	36716314	42296703	3112	-0.0697
DOUSE_p_TCGA_287_288_289_N_GenomeWideSNP_6_B01_1361058	22	42297154	42375304	38	-0.4811
DOUSE_p_TCGA_287_288_289_N_GenomeWideSNP_6_B01_1361058	22	42378573	42705371	177	-0.0043
DOUSE_p_TCGA_287_288_289_N_GenomeWideSNP_6_B01_1361058	22	42710052	42731540	15	-0.5052
DOUSE_p_TCGA_287_288_289_N_GenomeWideSNP_6_B01_1361058	22	42732835	42781623	27	0.0951
DOUSE_p_TCGA_287_288_289_N_GenomeWideSNP_6_B01_1361058	22	42784201	42925614	80	-0.4534
DOUSE_p_TCGA_287_288_289_N_GenomeWideSNP_6_B01_1361058	22	42932317	50218714	5687	0.0142
DOUSE_p_TCGA_287_288_289_N_GenomeWideSNP_6_B01_1361058	22	50223579	51234455	405	-0.4828
DOUSE_p_TCGA_287_288_289_N_GenomeWideSNP_6_B01_1361058	X	168477	153398515	83664	0.0016
DOUSE_p_TCGA_287_288_289_N_GenomeWideSNP_6_B01_1361058	X	153400594	153537445	15	-0.6093
DOUSE_p_TCGA_287_288_289_N_GenomeWideSNP_6_B01_1361058	X	153540977	153562458	22	-0.0382
DOUSE_p_TCGA_287_288_289_N_GenomeWideSNP_6_B01_1361058	X	153562778	153621019	66	-0.4589
DOUSE_p_TCGA_287_288_289_N_GenomeWideSNP_6_B01_1361058	X	153621387	155182354	555	-0.0753
DOUSE_p_TCGA_287_288_289_N_GenomeWideSNP_6_B01_1361058	Y	2650438	6101425	870	-2.5008
DOUSE_p_TCGA_287_288_289_N_GenomeWideSNP_6_B01_1361058	Y	6107901	6344503	106	-3.925
DOUSE_p_TCGA_287_288_289_N_GenomeWideSNP_6_B01_1361058	Y	6356305	8361119	1098	-3.0583
DOUSE_p_TCGA_287_288_289_N_GenomeWideSNP_6_B01_1361058	Y	8361606	9759564	550	-3.4874
DOUSE_p_TCGA_287_288_289_N_GenomeWideSNP_6_B01_1361058	Y	9774614	19170442	2835	-3.0586
DOUSE_p_TCGA_287_288_289_N_GenomeWideSNP_6_B01_1361058	Y	19179335	19179540	3	-7.6487
DOUSE_p_TCGA_287_288_289_N_GenomeWideSNP_6_B01_1361058	Y	19182271	19584800	201	-3.145
DOUSE_p_TCGA_287_288_289_N_GenomeWideSNP_6_B01_1361058	Y	19585097	21095350	701	-3.6423
DOUSE_p_TCGA_287_288_289_N_GenomeWideSNP_6_B01_1361058	Y	21095548	23859163	1047	-3.1212
DOUSE_p_TCGA_287_288_289_N_GenomeWideSNP_6_B01_1361058	Y	23859468	26287832	521	-3.7095
DOUSE_p_TCGA_287_288_289_N_GenomeWideSNP_6_B01_1361058	Y	26288175	26408766	35	-2.8302
DOUSE_p_TCGA_287_288_289_N_GenomeWideSNP_6_B01_1361058	Y	26409789	26412603	3	-5.9472
DOUSE_p_TCGA_287_288_289_N_GenomeWideSNP_6_B01_1361058	Y	26417092	26630929	44	-2.8124
DOUSE_p_TCGA_287_288_289_N_GenomeWideSNP_6_B01_1361058	Y	26631228	27002736	62	-4.2156
DOUSE_p_TCGA_287_288_289_N_GenomeWideSNP_6_B01_1361058	Y	27022387	27022389	3	0.0835
DOUSE_p_TCGA_287_288_289_N_GenomeWideSNP_6_B01_1361058	Y	27041129	27315972	19	-4.4691
DOUSE_p_TCGA_287_288_289_N_GenomeWideSNP_6_B01_1361058	Y	27367487	27695095	88	-2.8094
DOUSE_p_TCGA_287_288_289_N_GenomeWideSNP_6_B01_1361058	Y	27717799	28423938	256	-3.7067
DOUSE_p_TCGA_287_288_289_N_GenomeWideSNP_6_B01_1361058	Y	28438116	59018259	182	-2.7949
