Sample	Chromosome	Start	End	Num_Probes	Segment_Mean
DOUSE_p_TCGA_287_288_289_N_GenomeWideSNP_6_D02_1361036	1	61735	229619	23	-0.8078
DOUSE_p_TCGA_287_288_289_N_GenomeWideSNP_6_D02_1361036	1	229677	15789733	8172	-2e-04
DOUSE_p_TCGA_287_288_289_N_GenomeWideSNP_6_D02_1361036	1	15792426	15811221	13	-0.8237
DOUSE_p_TCGA_287_288_289_N_GenomeWideSNP_6_D02_1361036	1	15811346	16153925	190	0.0098
DOUSE_p_TCGA_287_288_289_N_GenomeWideSNP_6_D02_1361036	1	16154201	16167799	7	-0.686
DOUSE_p_TCGA_287_288_289_N_GenomeWideSNP_6_D02_1361036	1	16167855	16886135	300	-0.0112
DOUSE_p_TCGA_287_288_289_N_GenomeWideSNP_6_D02_1361036	1	16886193	17295212	173	-0.4955
DOUSE_p_TCGA_287_288_289_N_GenomeWideSNP_6_D02_1361036	1	17297698	110201580	57658	6e-04
DOUSE_p_TCGA_287_288_289_N_GenomeWideSNP_6_D02_1361036	1	110205975	110232974	24	-0.4961
DOUSE_p_TCGA_287_288_289_N_GenomeWideSNP_6_D02_1361036	1	110233037	110240178	16	-1.3612
DOUSE_p_TCGA_287_288_289_N_GenomeWideSNP_6_D02_1361036	1	110242953	111376081	837	-0.0156
DOUSE_p_TCGA_287_288_289_N_GenomeWideSNP_6_D02_1361036	1	111376220	111383954	37	-0.8739
DOUSE_p_TCGA_287_288_289_N_GenomeWideSNP_6_D02_1361036	1	111383972	145079996	6431	-0.0035
DOUSE_p_TCGA_287_288_289_N_GenomeWideSNP_6_D02_1361036	1	145080051	145372563	101	-0.3756
DOUSE_p_TCGA_287_288_289_N_GenomeWideSNP_6_D02_1361036	1	145382124	147823776	847	0.0127
DOUSE_p_TCGA_287_288_289_N_GenomeWideSNP_6_D02_1361036	1	147824176	149061980	85	-0.3319
DOUSE_p_TCGA_287_288_289_N_GenomeWideSNP_6_D02_1361036	1	149062827	149243072	91	-0.0351
DOUSE_p_TCGA_287_288_289_N_GenomeWideSNP_6_D02_1361036	1	149243241	149246030	7	0.87
DOUSE_p_TCGA_287_288_289_N_GenomeWideSNP_6_D02_1361036	1	149246275	152555527	1539	0.0103
DOUSE_p_TCGA_287_288_289_N_GenomeWideSNP_6_D02_1361036	1	152555706	152586594	35	-2.0582
DOUSE_p_TCGA_287_288_289_N_GenomeWideSNP_6_D02_1361036	1	152590494	161502894	5446	1e-04
DOUSE_p_TCGA_287_288_289_N_GenomeWideSNP_6_D02_1361036	1	161508791	161648237	50	0.4488
DOUSE_p_TCGA_287_288_289_N_GenomeWideSNP_6_D02_1361036	1	161648621	194368175	22620	4e-04
DOUSE_p_TCGA_287_288_289_N_GenomeWideSNP_6_D02_1361036	1	194368842	194374916	3	-2.0122
DOUSE_p_TCGA_287_288_289_N_GenomeWideSNP_6_D02_1361036	1	194377156	196789767	1568	-0.0208
DOUSE_p_TCGA_287_288_289_N_GenomeWideSNP_6_D02_1361036	1	196789834	196799159	19	-0.7131
DOUSE_p_TCGA_287_288_289_N_GenomeWideSNP_6_D02_1361036	1	196799288	196812507	17	-0.0374
DOUSE_p_TCGA_287_288_289_N_GenomeWideSNP_6_D02_1361036	1	196812530	196815791	2	2.8479
DOUSE_p_TCGA_287_288_289_N_GenomeWideSNP_6_D02_1361036	1	196816730	248709616	35619	2e-04
DOUSE_p_TCGA_287_288_289_N_GenomeWideSNP_6_D02_1361036	1	248709670	248797122	38	0.3501
DOUSE_p_TCGA_287_288_289_N_GenomeWideSNP_6_D02_1361036	1	248797213	249224388	146	-0.0526
DOUSE_p_TCGA_287_288_289_N_GenomeWideSNP_6_D02_1361036	2	12784	98025647	61112	0.005
DOUSE_p_TCGA_287_288_289_N_GenomeWideSNP_6_D02_1361036	2	98063372	98177312	18	-1.2011
DOUSE_p_TCGA_287_288_289_N_GenomeWideSNP_6_D02_1361036	2	98179204	146862085	29418	-0.0014
DOUSE_p_TCGA_287_288_289_N_GenomeWideSNP_6_D02_1361036	2	146864404	146866934	24	-2.1506
DOUSE_p_TCGA_287_288_289_N_GenomeWideSNP_6_D02_1361036	2	146877806	184794400	23226	0.0029
DOUSE_p_TCGA_287_288_289_N_GenomeWideSNP_6_D02_1361036	2	184794514	184802441	16	-0.9857
DOUSE_p_TCGA_287_288_289_N_GenomeWideSNP_6_D02_1361036	2	184808589	208354955	13629	0.0048
DOUSE_p_TCGA_287_288_289_N_GenomeWideSNP_6_D02_1361036	2	208355178	208359476	17	-0.984
DOUSE_p_TCGA_287_288_289_N_GenomeWideSNP_6_D02_1361036	2	208359519	243089456	22074	0.0075
DOUSE_p_TCGA_287_288_289_N_GenomeWideSNP_6_D02_1361036	3	60345	6646543	5806	0.0018
DOUSE_p_TCGA_287_288_289_N_GenomeWideSNP_6_D02_1361036	3	6651128	6653332	23	-0.9589
DOUSE_p_TCGA_287_288_289_N_GenomeWideSNP_6_D02_1361036	3	6655078	14568667	5965	0.0018
DOUSE_p_TCGA_287_288_289_N_GenomeWideSNP_6_D02_1361036	3	14569733	14571956	5	-1.04
DOUSE_p_TCGA_287_288_289_N_GenomeWideSNP_6_D02_1361036	3	14572596	26612027	8189	0.0029
DOUSE_p_TCGA_287_288_289_N_GenomeWideSNP_6_D02_1361036	3	26612110	26614985	13	-0.9361
DOUSE_p_TCGA_287_288_289_N_GenomeWideSNP_6_D02_1361036	3	26615949	28809786	1424	0.0031
DOUSE_p_TCGA_287_288_289_N_GenomeWideSNP_6_D02_1361036	3	28810441	28812560	5	-1.1699
DOUSE_p_TCGA_287_288_289_N_GenomeWideSNP_6_D02_1361036	3	28816082	68890638	26370	0.0022
DOUSE_p_TCGA_287_288_289_N_GenomeWideSNP_6_D02_1361036	3	68895125	68895162	2	-1.924
DOUSE_p_TCGA_287_288_289_N_GenomeWideSNP_6_D02_1361036	3	68897036	75532431	4795	-0.0029
DOUSE_p_TCGA_287_288_289_N_GenomeWideSNP_6_D02_1361036	3	75538843	75560545	12	-0.669
DOUSE_p_TCGA_287_288_289_N_GenomeWideSNP_6_D02_1361036	3	75561141	75700048	31	0.0832
DOUSE_p_TCGA_287_288_289_N_GenomeWideSNP_6_D02_1361036	3	75702487	75792056	29	-0.5512
DOUSE_p_TCGA_287_288_289_N_GenomeWideSNP_6_D02_1361036	3	75796656	95456106	9080	-5e-04
DOUSE_p_TCGA_287_288_289_N_GenomeWideSNP_6_D02_1361036	3	95466880	95468110	2	-3.0176
DOUSE_p_TCGA_287_288_289_N_GenomeWideSNP_6_D02_1361036	3	95468680	129762859	20558	-0.002
DOUSE_p_TCGA_287_288_289_N_GenomeWideSNP_6_D02_1361036	3	129763698	129806236	52	-1.8338
DOUSE_p_TCGA_287_288_289_N_GenomeWideSNP_6_D02_1361036	3	129806924	162123366	19936	-0.0013
DOUSE_p_TCGA_287_288_289_N_GenomeWideSNP_6_D02_1361036	3	162137600	162142705	14	-2.5484
DOUSE_p_TCGA_287_288_289_N_GenomeWideSNP_6_D02_1361036	3	162144248	162513092	262	-0.0085
DOUSE_p_TCGA_287_288_289_N_GenomeWideSNP_6_D02_1361036	3	162513149	162626572	68	0.7642
DOUSE_p_TCGA_287_288_289_N_GenomeWideSNP_6_D02_1361036	3	162626603	195285898	20612	0.0012
DOUSE_p_TCGA_287_288_289_N_GenomeWideSNP_6_D02_1361036	3	195383142	195474182	45	-0.7886
DOUSE_p_TCGA_287_288_289_N_GenomeWideSNP_6_D02_1361036	3	195474763	196884452	660	0.0091
DOUSE_p_TCGA_287_288_289_N_GenomeWideSNP_6_D02_1361036	3	196884466	196885119	3	-1.4074
DOUSE_p_TCGA_287_288_289_N_GenomeWideSNP_6_D02_1361036	3	196885209	197896118	507	-0.0331
DOUSE_p_TCGA_287_288_289_N_GenomeWideSNP_6_D02_1361036	4	12281	4110230	1699	0.0024
DOUSE_p_TCGA_287_288_289_N_GenomeWideSNP_6_D02_1361036	4	4113921	4135000	6	-1.4512
DOUSE_p_TCGA_287_288_289_N_GenomeWideSNP_6_D02_1361036	4	4135331	9456977	3528	0.0012
DOUSE_p_TCGA_287_288_289_N_GenomeWideSNP_6_D02_1361036	4	9461230	9479345	8	-1.7609
DOUSE_p_TCGA_287_288_289_N_GenomeWideSNP_6_D02_1361036	4	9486087	10210390	543	-0.0461
DOUSE_p_TCGA_287_288_289_N_GenomeWideSNP_6_D02_1361036	4	10223416	10231498	28	-2.383
DOUSE_p_TCGA_287_288_289_N_GenomeWideSNP_6_D02_1361036	4	10234214	10235268	7	-0.759
DOUSE_p_TCGA_287_288_289_N_GenomeWideSNP_6_D02_1361036	4	10236142	61936938	32027	-0.003
DOUSE_p_TCGA_287_288_289_N_GenomeWideSNP_6_D02_1361036	4	61940935	61941952	2	-1.9344
DOUSE_p_TCGA_287_288_289_N_GenomeWideSNP_6_D02_1361036	4	61945686	69372003	4401	0.0015
DOUSE_p_TCGA_287_288_289_N_GenomeWideSNP_6_D02_1361036	4	69374941	69485979	65	-1.9224
DOUSE_p_TCGA_287_288_289_N_GenomeWideSNP_6_D02_1361036	4	69489335	70123510	328	-0.0048
DOUSE_p_TCGA_287_288_289_N_GenomeWideSNP_6_D02_1361036	4	70127644	70228656	51	-0.662
DOUSE_p_TCGA_287_288_289_N_GenomeWideSNP_6_D02_1361036	4	70229352	122281973	31638	0.0018
DOUSE_p_TCGA_287_288_289_N_GenomeWideSNP_6_D02_1361036	4	122282468	122284982	27	-0.9238
DOUSE_p_TCGA_287_288_289_N_GenomeWideSNP_6_D02_1361036	4	122285135	155802548	19677	-3e-04
DOUSE_p_TCGA_287_288_289_N_GenomeWideSNP_6_D02_1361036	4	155803005	155803078	3	-4.2995
DOUSE_p_TCGA_287_288_289_N_GenomeWideSNP_6_D02_1361036	4	155803199	156968180	838	-0.0119
DOUSE_p_TCGA_287_288_289_N_GenomeWideSNP_6_D02_1361036	4	156968283	156968298	2	-2.0755
DOUSE_p_TCGA_287_288_289_N_GenomeWideSNP_6_D02_1361036	4	156968473	161880141	3064	0.0027
DOUSE_p_TCGA_287_288_289_N_GenomeWideSNP_6_D02_1361036	4	161880197	161884908	18	-0.7691
DOUSE_p_TCGA_287_288_289_N_GenomeWideSNP_6_D02_1361036	4	161884919	172369346	6649	0.0038
DOUSE_p_TCGA_287_288_289_N_GenomeWideSNP_6_D02_1361036	4	172374884	172377776	12	-0.9661
DOUSE_p_TCGA_287_288_289_N_GenomeWideSNP_6_D02_1361036	4	172380371	172989148	395	0.0081
DOUSE_p_TCGA_287_288_289_N_GenomeWideSNP_6_D02_1361036	4	172989166	172989505	9	0.7873
DOUSE_p_TCGA_287_288_289_N_GenomeWideSNP_6_D02_1361036	4	172989519	173425227	235	0.0099
DOUSE_p_TCGA_287_288_289_N_GenomeWideSNP_6_D02_1361036	4	173428342	173428643	4	-1.2268
DOUSE_p_TCGA_287_288_289_N_GenomeWideSNP_6_D02_1361036	4	173441132	190189043	11452	0.0047
DOUSE_p_TCGA_287_288_289_N_GenomeWideSNP_6_D02_1361036	4	190195118	190199771	5	-3.3249
DOUSE_p_TCGA_287_288_289_N_GenomeWideSNP_6_D02_1361036	4	190211271	191027923	385	-0.0689
DOUSE_p_TCGA_287_288_289_N_GenomeWideSNP_6_D02_1361036	5	15532	36402905	25128	-0.0048
DOUSE_p_TCGA_287_288_289_N_GenomeWideSNP_6_D02_1361036	5	36403547	36404174	2	-1.9725
DOUSE_p_TCGA_287_288_289_N_GenomeWideSNP_6_D02_1361036	5	36405462	46271108	5568	-0.0076
DOUSE_p_TCGA_287_288_289_N_GenomeWideSNP_6_D02_1361036	5	46271930	46273502	6	-3.2389
DOUSE_p_TCGA_287_288_289_N_GenomeWideSNP_6_D02_1361036	5	46278212	57331694	5079	-0.0158
DOUSE_p_TCGA_287_288_289_N_GenomeWideSNP_6_D02_1361036	5	57331731	57332275	5	-1.2311
DOUSE_p_TCGA_287_288_289_N_GenomeWideSNP_6_D02_1361036	5	57332291	68829033	7281	-0.0025
DOUSE_p_TCGA_287_288_289_N_GenomeWideSNP_6_D02_1361036	5	68829347	69118135	7	-1.1947
DOUSE_p_TCGA_287_288_289_N_GenomeWideSNP_6_D02_1361036	5	69233427	96387033	15181	-0.0023
DOUSE_p_TCGA_287_288_289_N_GenomeWideSNP_6_D02_1361036	5	96387928	96390734	2	-2.138
DOUSE_p_TCGA_287_288_289_N_GenomeWideSNP_6_D02_1361036	5	96391060	103851221	4316	-0.0045
DOUSE_p_TCGA_287_288_289_N_GenomeWideSNP_6_D02_1361036	5	103860373	103860604	4	1.9029
DOUSE_p_TCGA_287_288_289_N_GenomeWideSNP_6_D02_1361036	5	103861049	117386617	9364	0.001
DOUSE_p_TCGA_287_288_289_N_GenomeWideSNP_6_D02_1361036	5	117388422	117389085	11	-0.8794
DOUSE_p_TCGA_287_288_289_N_GenomeWideSNP_6_D02_1361036	5	117404340	151515386	21301	-0.0014
DOUSE_p_TCGA_287_288_289_N_GenomeWideSNP_6_D02_1361036	5	151515470	151518351	13	-1.0799
DOUSE_p_TCGA_287_288_289_N_GenomeWideSNP_6_D02_1361036	5	151520271	162858174	7567	0.0116
DOUSE_p_TCGA_287_288_289_N_GenomeWideSNP_6_D02_1361036	5	162862184	162862542	2	-2.041
DOUSE_p_TCGA_287_288_289_N_GenomeWideSNP_6_D02_1361036	5	162866548	175460087	9138	-0.001
DOUSE_p_TCGA_287_288_289_N_GenomeWideSNP_6_D02_1361036	5	175465689	175469507	2	-3.2584
DOUSE_p_TCGA_287_288_289_N_GenomeWideSNP_6_D02_1361036	5	175470324	179084269	1790	-0.0018
DOUSE_p_TCGA_287_288_289_N_GenomeWideSNP_6_D02_1361036	5	179085185	179085845	7	0.9763
DOUSE_p_TCGA_287_288_289_N_GenomeWideSNP_6_D02_1361036	5	179086103	180175429	628	0.0027
DOUSE_p_TCGA_287_288_289_N_GenomeWideSNP_6_D02_1361036	5	180175501	180193184	8	1.2127
DOUSE_p_TCGA_287_288_289_N_GenomeWideSNP_6_D02_1361036	5	180193199	180378710	105	0.0159
DOUSE_p_TCGA_287_288_289_N_GenomeWideSNP_6_D02_1361036	5	180378888	180418103	18	-0.5973
DOUSE_p_TCGA_287_288_289_N_GenomeWideSNP_6_D02_1361036	5	180433225	180790320	170	0.0239
DOUSE_p_TCGA_287_288_289_N_GenomeWideSNP_6_D02_1361036	6	149661	254283	101	-0.0329
DOUSE_p_TCGA_287_288_289_N_GenomeWideSNP_6_D02_1361036	6	257353	315197	27	-0.9832
DOUSE_p_TCGA_287_288_289_N_GenomeWideSNP_6_D02_1361036	6	318804	376937	69	-0.443
DOUSE_p_TCGA_287_288_289_N_GenomeWideSNP_6_D02_1361036	6	378703	381149	4	-1.0634
DOUSE_p_TCGA_287_288_289_N_GenomeWideSNP_6_D02_1361036	6	382559	19040119	14549	-0.0032
DOUSE_p_TCGA_287_288_289_N_GenomeWideSNP_6_D02_1361036	6	19042181	19044869	8	-1.0219
DOUSE_p_TCGA_287_288_289_N_GenomeWideSNP_6_D02_1361036	6	19044898	23060991	2917	-1e-04
DOUSE_p_TCGA_287_288_289_N_GenomeWideSNP_6_D02_1361036	6	23060995	23064254	3	-1.7797
DOUSE_p_TCGA_287_288_289_N_GenomeWideSNP_6_D02_1361036	6	23067645	26823560	2573	-0.0021
DOUSE_p_TCGA_287_288_289_N_GenomeWideSNP_6_D02_1361036	6	26825468	26826945	2	-2.1431
DOUSE_p_TCGA_287_288_289_N_GenomeWideSNP_6_D02_1361036	6	26829911	29837188	1413	0.0185
DOUSE_p_TCGA_287_288_289_N_GenomeWideSNP_6_D02_1361036	6	29837314	29850380	18	0.5115
DOUSE_p_TCGA_287_288_289_N_GenomeWideSNP_6_D02_1361036	6	29871636	29898897	12	-0.9602
DOUSE_p_TCGA_287_288_289_N_GenomeWideSNP_6_D02_1361036	6	29899677	32481987	1171	0.0686
DOUSE_p_TCGA_287_288_289_N_GenomeWideSNP_6_D02_1361036	6	32482969	32561295	21	1.2783
DOUSE_p_TCGA_287_288_289_N_GenomeWideSNP_6_D02_1361036	6	32570046	32658310	44	0.4125
DOUSE_p_TCGA_287_288_289_N_GenomeWideSNP_6_D02_1361036	6	32663564	67004973	19117	-0.0053
DOUSE_p_TCGA_287_288_289_N_GenomeWideSNP_6_D02_1361036	6	67009023	67011601	5	-5.137
DOUSE_p_TCGA_287_288_289_N_GenomeWideSNP_6_D02_1361036	6	67024334	67044418	46	-2.4989
DOUSE_p_TCGA_287_288_289_N_GenomeWideSNP_6_D02_1361036	6	67044466	67048629	4	-6.6516
DOUSE_p_TCGA_287_288_289_N_GenomeWideSNP_6_D02_1361036	6	67049406	77436532	6772	-0.007
DOUSE_p_TCGA_287_288_289_N_GenomeWideSNP_6_D02_1361036	6	77439868	77452392	16	-3.8163
DOUSE_p_TCGA_287_288_289_N_GenomeWideSNP_6_D02_1361036	6	77452446	77452757	5	-1.3127
DOUSE_p_TCGA_287_288_289_N_GenomeWideSNP_6_D02_1361036	6	77461073	103734829	16529	-0.0047
DOUSE_p_TCGA_287_288_289_N_GenomeWideSNP_6_D02_1361036	6	103737976	103762032	44	0.4044
DOUSE_p_TCGA_287_288_289_N_GenomeWideSNP_6_D02_1361036	6	103762049	161032089	36824	-7e-04
DOUSE_p_TCGA_287_288_289_N_GenomeWideSNP_6_D02_1361036	6	161032103	161033283	9	-1.2608
DOUSE_p_TCGA_287_288_289_N_GenomeWideSNP_6_D02_1361036	6	161068042	170919495	7225	0.0081
DOUSE_p_TCGA_287_288_289_N_GenomeWideSNP_6_D02_1361036	6	170982327	171051005	4	-1.2278
DOUSE_p_TCGA_287_288_289_N_GenomeWideSNP_6_D02_1361036	7	43355	11920350	7564	0.0086
DOUSE_p_TCGA_287_288_289_N_GenomeWideSNP_6_D02_1361036	7	11921009	11921305	3	-1.5773
DOUSE_p_TCGA_287_288_289_N_GenomeWideSNP_6_D02_1361036	7	11921419	57007841	32503	-0.0041
DOUSE_p_TCGA_287_288_289_N_GenomeWideSNP_6_D02_1361036	7	57065360	57155720	11	-0.7791
DOUSE_p_TCGA_287_288_289_N_GenomeWideSNP_6_D02_1361036	7	57155738	70420438	4635	-0.0147
DOUSE_p_TCGA_287_288_289_N_GenomeWideSNP_6_D02_1361036	7	70423250	70426141	2	-2.2389
DOUSE_p_TCGA_287_288_289_N_GenomeWideSNP_6_D02_1361036	7	70428243	102102164	17883	-0.0073
DOUSE_p_TCGA_287_288_289_N_GenomeWideSNP_6_D02_1361036	7	102235712	102317109	8	-0.9568
DOUSE_p_TCGA_287_288_289_N_GenomeWideSNP_6_D02_1361036	7	102335787	120522483	11175	-0.0049
DOUSE_p_TCGA_287_288_289_N_GenomeWideSNP_6_D02_1361036	7	120524574	120549120	11	-1.1774
DOUSE_p_TCGA_287_288_289_N_GenomeWideSNP_6_D02_1361036	7	120549452	126045686	3422	-1e-04
DOUSE_p_TCGA_287_288_289_N_GenomeWideSNP_6_D02_1361036	7	126045744	126046543	6	-1.9274
DOUSE_p_TCGA_287_288_289_N_GenomeWideSNP_6_D02_1361036	7	126046600	133785340	4700	-0.0011
DOUSE_p_TCGA_287_288_289_N_GenomeWideSNP_6_D02_1361036	7	133785377	133798558	30	-0.6018
DOUSE_p_TCGA_287_288_289_N_GenomeWideSNP_6_D02_1361036	7	133798846	143218858	6178	0.0072
DOUSE_p_TCGA_287_288_289_N_GenomeWideSNP_6_D02_1361036	7	143218968	143530969	88	-0.2992
DOUSE_p_TCGA_287_288_289_N_GenomeWideSNP_6_D02_1361036	7	143532868	156385674	8361	0.0023
DOUSE_p_TCGA_287_288_289_N_GenomeWideSNP_6_D02_1361036	7	156391790	156394059	3	-2.3254
DOUSE_p_TCGA_287_288_289_N_GenomeWideSNP_6_D02_1361036	7	156394179	159127004	1626	-4e-04
DOUSE_p_TCGA_287_288_289_N_GenomeWideSNP_6_D02_1361036	8	31254	595220	329	-0.0054
DOUSE_p_TCGA_287_288_289_N_GenomeWideSNP_6_D02_1361036	8	595443	595875	5	-1.1796
DOUSE_p_TCGA_287_288_289_N_GenomeWideSNP_6_D02_1361036	8	595892	595908	2	-3.8314
DOUSE_p_TCGA_287_288_289_N_GenomeWideSNP_6_D02_1361036	8	601043	6825852	7357	0.0045
DOUSE_p_TCGA_287_288_289_N_GenomeWideSNP_6_D02_1361036	8	6826263	6837933	14	-0.8617
DOUSE_p_TCGA_287_288_289_N_GenomeWideSNP_6_D02_1361036	8	6839705	6876142	6	0.605
DOUSE_p_TCGA_287_288_289_N_GenomeWideSNP_6_D02_1361036	8	6878188	10181541	2198	-0.0032
DOUSE_p_TCGA_287_288_289_N_GenomeWideSNP_6_D02_1361036	8	10181957	10182124	2	-1.6151
DOUSE_p_TCGA_287_288_289_N_GenomeWideSNP_6_D02_1361036	8	10182144	11949551	1344	0.0045
DOUSE_p_TCGA_287_288_289_N_GenomeWideSNP_6_D02_1361036	8	11987726	12001123	6	-1.4555
DOUSE_p_TCGA_287_288_289_N_GenomeWideSNP_6_D02_1361036	8	12034307	12247157	44	0.01
DOUSE_p_TCGA_287_288_289_N_GenomeWideSNP_6_D02_1361036	8	12247188	12247486	5	1.1171
DOUSE_p_TCGA_287_288_289_N_GenomeWideSNP_6_D02_1361036	8	12260927	24972187	10443	-5e-04
DOUSE_p_TCGA_287_288_289_N_GenomeWideSNP_6_D02_1361036	8	24974443	24974476	2	-1.1166
DOUSE_p_TCGA_287_288_289_N_GenomeWideSNP_6_D02_1361036	8	24974522	24984333	25	-2.8292
DOUSE_p_TCGA_287_288_289_N_GenomeWideSNP_6_D02_1361036	8	24991104	39235603	9004	-0.0036
DOUSE_p_TCGA_287_288_289_N_GenomeWideSNP_6_D02_1361036	8	39246675	39388299	59	-0.6417
DOUSE_p_TCGA_287_288_289_N_GenomeWideSNP_6_D02_1361036	8	39388779	40771996	1070	0.0043
DOUSE_p_TCGA_287_288_289_N_GenomeWideSNP_6_D02_1361036	8	40777852	40778471	2	-2.1902
DOUSE_p_TCGA_287_288_289_N_GenomeWideSNP_6_D02_1361036	8	40783680	58117486	8097	-0.0101
DOUSE_p_TCGA_287_288_289_N_GenomeWideSNP_6_D02_1361036	8	58118052	58130025	3	-2.529
DOUSE_p_TCGA_287_288_289_N_GenomeWideSNP_6_D02_1361036	8	58132798	112294294	32721	-0.0012
DOUSE_p_TCGA_287_288_289_N_GenomeWideSNP_6_D02_1361036	8	112294466	112295260	8	1.0231
DOUSE_p_TCGA_287_288_289_N_GenomeWideSNP_6_D02_1361036	8	112300281	115634554	1828	-0.005
DOUSE_p_TCGA_287_288_289_N_GenomeWideSNP_6_D02_1361036	8	115634653	115672960	40	-0.6198
DOUSE_p_TCGA_287_288_289_N_GenomeWideSNP_6_D02_1361036	8	115674064	144568375	20448	0.0023
DOUSE_p_TCGA_287_288_289_N_GenomeWideSNP_6_D02_1361036	8	144568459	144572758	2	-2.0252
DOUSE_p_TCGA_287_288_289_N_GenomeWideSNP_6_D02_1361036	8	144573123	146298155	553	-0.0042
DOUSE_p_TCGA_287_288_289_N_GenomeWideSNP_6_D02_1361036	9	46587	138226631	78505	-0.0029
DOUSE_p_TCGA_287_288_289_N_GenomeWideSNP_6_D02_1361036	9	138226768	138226865	2	-1.9273
DOUSE_p_TCGA_287_288_289_N_GenomeWideSNP_6_D02_1361036	9	138227003	141091394	1090	0.0044
DOUSE_p_TCGA_287_288_289_N_GenomeWideSNP_6_D02_1361036	10	72809	4290814	3571	0.0133
DOUSE_p_TCGA_287_288_289_N_GenomeWideSNP_6_D02_1361036	10	4290838	4291016	3	-1.66
DOUSE_p_TCGA_287_288_289_N_GenomeWideSNP_6_D02_1361036	10	4294071	17927554	11253	0.0062
DOUSE_p_TCGA_287_288_289_N_GenomeWideSNP_6_D02_1361036	10	17938208	17949857	2	2.3076
DOUSE_p_TCGA_287_288_289_N_GenomeWideSNP_6_D02_1361036	10	17971816	24375263	4344	0.0061
DOUSE_p_TCGA_287_288_289_N_GenomeWideSNP_6_D02_1361036	10	24377674	24377921	10	-0.7105
DOUSE_p_TCGA_287_288_289_N_GenomeWideSNP_6_D02_1361036	10	24378054	31246510	5027	1e-04
DOUSE_p_TCGA_287_288_289_N_GenomeWideSNP_6_D02_1361036	10	31251334	31251779	11	-0.9217
DOUSE_p_TCGA_287_288_289_N_GenomeWideSNP_6_D02_1361036	10	31251822	56456787	12857	-0.0011
DOUSE_p_TCGA_287_288_289_N_GenomeWideSNP_6_D02_1361036	10	56457173	56468437	10	1.0379
DOUSE_p_TCGA_287_288_289_N_GenomeWideSNP_6_D02_1361036	10	56472264	56680277	150	-0.0383
DOUSE_p_TCGA_287_288_289_N_GenomeWideSNP_6_D02_1361036	10	56683090	56692599	6	-1.2487
DOUSE_p_TCGA_287_288_289_N_GenomeWideSNP_6_D02_1361036	10	56695418	67306276	7336	-0.0011
DOUSE_p_TCGA_287_288_289_N_GenomeWideSNP_6_D02_1361036	10	67307923	67314446	28	-0.8959
DOUSE_p_TCGA_287_288_289_N_GenomeWideSNP_6_D02_1361036	10	67322795	82878159	10097	0.0045
DOUSE_p_TCGA_287_288_289_N_GenomeWideSNP_6_D02_1361036	10	82881330	82889783	10	-1.0163
DOUSE_p_TCGA_287_288_289_N_GenomeWideSNP_6_D02_1361036	10	82894469	135506704	36030	-1e-04
DOUSE_p_TCGA_287_288_289_N_GenomeWideSNP_6_D02_1361036	11	198510	4967103	2465	-0.0032
DOUSE_p_TCGA_287_288_289_N_GenomeWideSNP_6_D02_1361036	11	4967230	4973733	25	0.4492
DOUSE_p_TCGA_287_288_289_N_GenomeWideSNP_6_D02_1361036	11	4973748	18940856	10214	0.005
DOUSE_p_TCGA_287_288_289_N_GenomeWideSNP_6_D02_1361036	11	18940870	18961708	53	-0.5142
DOUSE_p_TCGA_287_288_289_N_GenomeWideSNP_6_D02_1361036	11	18961738	49708375	20978	0.0016
DOUSE_p_TCGA_287_288_289_N_GenomeWideSNP_6_D02_1361036	11	49710861	49758856	23	-0.8741
DOUSE_p_TCGA_287_288_289_N_GenomeWideSNP_6_D02_1361036	11	49759555	101594384	29350	-9e-04
DOUSE_p_TCGA_287_288_289_N_GenomeWideSNP_6_D02_1361036	11	101597860	101597964	4	1.8172
DOUSE_p_TCGA_287_288_289_N_GenomeWideSNP_6_D02_1361036	11	101598212	134944770	23667	0.001
DOUSE_p_TCGA_287_288_289_N_GenomeWideSNP_6_D02_1361036	12	150442	865970	417	0.0742
DOUSE_p_TCGA_287_288_289_N_GenomeWideSNP_6_D02_1361036	12	869109	874029	17	-0.9533
DOUSE_p_TCGA_287_288_289_N_GenomeWideSNP_6_D02_1361036	12	875354	8556693	5170	0.007
DOUSE_p_TCGA_287_288_289_N_GenomeWideSNP_6_D02_1361036	12	8558488	8567639	13	-0.7529
DOUSE_p_TCGA_287_288_289_N_GenomeWideSNP_6_D02_1361036	12	8574510	9630556	570	-0.0046
DOUSE_p_TCGA_287_288_289_N_GenomeWideSNP_6_D02_1361036	12	9633870	9713674	21	0.7825
DOUSE_p_TCGA_287_288_289_N_GenomeWideSNP_6_D02_1361036	12	9714954	11219423	1042	-0.0165
DOUSE_p_TCGA_287_288_289_N_GenomeWideSNP_6_D02_1361036	12	11220724	11241532	12	0.7597
DOUSE_p_TCGA_287_288_289_N_GenomeWideSNP_6_D02_1361036	12	11251874	19474770	5559	-0.0034
DOUSE_p_TCGA_287_288_289_N_GenomeWideSNP_6_D02_1361036	12	19475072	19580504	52	0.5532
DOUSE_p_TCGA_287_288_289_N_GenomeWideSNP_6_D02_1361036	12	19581304	65082934	26762	0.0012
DOUSE_p_TCGA_287_288_289_N_GenomeWideSNP_6_D02_1361036	12	65083557	65089502	2	-1.9525
DOUSE_p_TCGA_287_288_289_N_GenomeWideSNP_6_D02_1361036	12	65090451	99791792	22411	0.0029
DOUSE_p_TCGA_287_288_289_N_GenomeWideSNP_6_D02_1361036	12	99791814	99798062	25	-0.6062
DOUSE_p_TCGA_287_288_289_N_GenomeWideSNP_6_D02_1361036	12	99798152	111972279	7801	0.0039
DOUSE_p_TCGA_287_288_289_N_GenomeWideSNP_6_D02_1361036	12	111978144	111979997	3	-2.3046
DOUSE_p_TCGA_287_288_289_N_GenomeWideSNP_6_D02_1361036	12	111984707	130964718	13359	-8e-04
DOUSE_p_TCGA_287_288_289_N_GenomeWideSNP_6_D02_1361036	12	130967846	130971710	2	-2.0573
DOUSE_p_TCGA_287_288_289_N_GenomeWideSNP_6_D02_1361036	12	130973189	132120715	925	0.0063
DOUSE_p_TCGA_287_288_289_N_GenomeWideSNP_6_D02_1361036	12	132132584	132133335	13	-2.467
DOUSE_p_TCGA_287_288_289_N_GenomeWideSNP_6_D02_1361036	12	132142331	133778189	571	0.0266
DOUSE_p_TCGA_287_288_289_N_GenomeWideSNP_6_D02_1361036	13	19026949	20121459	564	-0.0498
DOUSE_p_TCGA_287_288_289_N_GenomeWideSNP_6_D02_1361036	13	20123895	20123910	2	-2.4859
DOUSE_p_TCGA_287_288_289_N_GenomeWideSNP_6_D02_1361036	13	20124501	38071135	12936	0.009
DOUSE_p_TCGA_287_288_289_N_GenomeWideSNP_6_D02_1361036	13	38072036	38084321	13	-0.9309
DOUSE_p_TCGA_287_288_289_N_GenomeWideSNP_6_D02_1361036	13	38084543	49531551	8007	0.0023
DOUSE_p_TCGA_287_288_289_N_GenomeWideSNP_6_D02_1361036	13	49533715	49536504	2	-2.7156
DOUSE_p_TCGA_287_288_289_N_GenomeWideSNP_6_D02_1361036	13	49537705	53094799	1870	-0.011
DOUSE_p_TCGA_287_288_289_N_GenomeWideSNP_6_D02_1361036	13	53097984	53105785	3	-1.4549
DOUSE_p_TCGA_287_288_289_N_GenomeWideSNP_6_D02_1361036	13	53117879	57763147	2624	-0.0053
DOUSE_p_TCGA_287_288_289_N_GenomeWideSNP_6_D02_1361036	13	57763290	57789714	29	0.8352
DOUSE_p_TCGA_287_288_289_N_GenomeWideSNP_6_D02_1361036	13	57790009	115108397	38004	-0.001
DOUSE_p_TCGA_287_288_289_N_GenomeWideSNP_6_D02_1361036	14	19002124	19416191	27	-0.138
DOUSE_p_TCGA_287_288_289_N_GenomeWideSNP_6_D02_1361036	14	19417203	19557041	13	0.4255
DOUSE_p_TCGA_287_288_289_N_GenomeWideSNP_6_D02_1361036	14	19562139	19795585	19	-0.9499
DOUSE_p_TCGA_287_288_289_N_GenomeWideSNP_6_D02_1361036	14	19796184	19974849	12	0.2133
DOUSE_p_TCGA_287_288_289_N_GenomeWideSNP_6_D02_1361036	14	19975977	20422583	118	-0.619
DOUSE_p_TCGA_287_288_289_N_GenomeWideSNP_6_D02_1361036	14	20423372	40608928	12859	0.0065
DOUSE_p_TCGA_287_288_289_N_GenomeWideSNP_6_D02_1361036	14	40613922	40616919	2	-3.0504
DOUSE_p_TCGA_287_288_289_N_GenomeWideSNP_6_D02_1361036	14	40618165	41607634	717	-0.0046
DOUSE_p_TCGA_287_288_289_N_GenomeWideSNP_6_D02_1361036	14	41608358	41657349	16	-0.897
DOUSE_p_TCGA_287_288_289_N_GenomeWideSNP_6_D02_1361036	14	41670102	106460902	41119	0.0035
DOUSE_p_TCGA_287_288_289_N_GenomeWideSNP_6_D02_1361036	14	106479675	106479941	2	-3.0391
DOUSE_p_TCGA_287_288_289_N_GenomeWideSNP_6_D02_1361036	14	106482128	107153173	364	-0.079
DOUSE_p_TCGA_287_288_289_N_GenomeWideSNP_6_D02_1361036	14	107160325	107176213	14	-1.0455
DOUSE_p_TCGA_287_288_289_N_GenomeWideSNP_6_D02_1361036	14	107177931	107285437	76	-0.0803
DOUSE_p_TCGA_287_288_289_N_GenomeWideSNP_6_D02_1361036	15	20016328	20581562	104	-0.1516
DOUSE_p_TCGA_287_288_289_N_GenomeWideSNP_6_D02_1361036	15	20581564	20586957	13	-1.1406
DOUSE_p_TCGA_287_288_289_N_GenomeWideSNP_6_D02_1361036	15	20590027	24674751	1305	-0.0694
DOUSE_p_TCGA_287_288_289_N_GenomeWideSNP_6_D02_1361036	15	24674887	24714839	34	-0.9656
DOUSE_p_TCGA_287_288_289_N_GenomeWideSNP_6_D02_1361036	15	24714858	30523305	3666	0
DOUSE_p_TCGA_287_288_289_N_GenomeWideSNP_6_D02_1361036	15	30523577	30593018	20	-0.5527
DOUSE_p_TCGA_287_288_289_N_GenomeWideSNP_6_D02_1361036	15	30596229	56789475	16357	9e-04
DOUSE_p_TCGA_287_288_289_N_GenomeWideSNP_6_D02_1361036	15	56789529	56800977	27	-0.7163
DOUSE_p_TCGA_287_288_289_N_GenomeWideSNP_6_D02_1361036	15	56801623	70520077	9297	0.0024
DOUSE_p_TCGA_287_288_289_N_GenomeWideSNP_6_D02_1361036	15	70524507	70525379	3	-1.5866
DOUSE_p_TCGA_287_288_289_N_GenomeWideSNP_6_D02_1361036	15	70529197	76892041	3424	0.003
DOUSE_p_TCGA_287_288_289_N_GenomeWideSNP_6_D02_1361036	15	76892193	76902470	21	-0.5
DOUSE_p_TCGA_287_288_289_N_GenomeWideSNP_6_D02_1361036	15	76902638	83083432	3643	-0.0026
DOUSE_p_TCGA_287_288_289_N_GenomeWideSNP_6_D02_1361036	15	83108458	83108839	2	-3.4775
DOUSE_p_TCGA_287_288_289_N_GenomeWideSNP_6_D02_1361036	15	83169549	93853885	7515	-0.0021
DOUSE_p_TCGA_287_288_289_N_GenomeWideSNP_6_D02_1361036	15	93855311	93857552	2	-3.5437
DOUSE_p_TCGA_287_288_289_N_GenomeWideSNP_6_D02_1361036	15	93862414	94094247	229	0.04
DOUSE_p_TCGA_287_288_289_N_GenomeWideSNP_6_D02_1361036	15	94094582	94095636	2	-2.1639
DOUSE_p_TCGA_287_288_289_N_GenomeWideSNP_6_D02_1361036	15	94097067	102469040	6213	0.004
DOUSE_p_TCGA_287_288_289_N_GenomeWideSNP_6_D02_1361036	16	60777	31960151	19974	0.0059
DOUSE_p_TCGA_287_288_289_N_GenomeWideSNP_6_D02_1361036	16	31965616	32588622	109	-0.5463
DOUSE_p_TCGA_287_288_289_N_GenomeWideSNP_6_D02_1361036	16	32588901	32588906	4	-3.7803
DOUSE_p_TCGA_287_288_289_N_GenomeWideSNP_6_D02_1361036	16	32588909	33862863	204	-0.5839
DOUSE_p_TCGA_287_288_289_N_GenomeWideSNP_6_D02_1361036	16	33864359	50081778	2541	-0.0138
DOUSE_p_TCGA_287_288_289_N_GenomeWideSNP_6_D02_1361036	16	50086297	50086999	2	-1.6294
DOUSE_p_TCGA_287_288_289_N_GenomeWideSNP_6_D02_1361036	16	50089770	53458017	2367	-0.0084
DOUSE_p_TCGA_287_288_289_N_GenomeWideSNP_6_D02_1361036	16	53469387	53469929	4	1.4363
DOUSE_p_TCGA_287_288_289_N_GenomeWideSNP_6_D02_1361036	16	53469944	83195951	21730	-0.0041
DOUSE_p_TCGA_287_288_289_N_GenomeWideSNP_6_D02_1361036	16	83196225	83210956	20	-1.027
DOUSE_p_TCGA_287_288_289_N_GenomeWideSNP_6_D02_1361036	16	83211524	90287535	5274	0.0184
DOUSE_p_TCGA_287_288_289_N_GenomeWideSNP_6_D02_1361036	17	526	18317394	11400	0.0064
DOUSE_p_TCGA_287_288_289_N_GenomeWideSNP_6_D02_1361036	17	18319862	18465221	30	-1.2438
DOUSE_p_TCGA_287_288_289_N_GenomeWideSNP_6_D02_1361036	17	18469197	34447127	6896	0.0038
DOUSE_p_TCGA_287_288_289_N_GenomeWideSNP_6_D02_1361036	17	34447402	34528125	31	-0.3005
DOUSE_p_TCGA_287_288_289_N_GenomeWideSNP_6_D02_1361036	17	34535651	34629696	4	-1.0091
DOUSE_p_TCGA_287_288_289_N_GenomeWideSNP_6_D02_1361036	17	34816256	39421708	2527	0.0216
DOUSE_p_TCGA_287_288_289_N_GenomeWideSNP_6_D02_1361036	17	39423014	39430531	24	-1.4289
DOUSE_p_TCGA_287_288_289_N_GenomeWideSNP_6_D02_1361036	17	39432724	41860060	1369	0.004
DOUSE_p_TCGA_287_288_289_N_GenomeWideSNP_6_D02_1361036	17	41860089	41869329	11	0.8773
DOUSE_p_TCGA_287_288_289_N_GenomeWideSNP_6_D02_1361036	17	41876736	43655090	780	-0.0065
DOUSE_p_TCGA_287_288_289_N_GenomeWideSNP_6_D02_1361036	17	43656380	43659426	6	-1.0573
DOUSE_p_TCGA_287_288_289_N_GenomeWideSNP_6_D02_1361036	17	43664693	44364170	462	-0.0306
DOUSE_p_TCGA_287_288_289_N_GenomeWideSNP_6_D02_1361036	17	44394412	44752300	48	0.413
DOUSE_p_TCGA_287_288_289_N_GenomeWideSNP_6_D02_1361036	17	44764994	55687489	6990	-0.0012
DOUSE_p_TCGA_287_288_289_N_GenomeWideSNP_6_D02_1361036	17	55688333	55688993	2	1.7439
DOUSE_p_TCGA_287_288_289_N_GenomeWideSNP_6_D02_1361036	17	55691993	65427549	5224	-0.0073
DOUSE_p_TCGA_287_288_289_N_GenomeWideSNP_6_D02_1361036	17	65431265	65444493	9	-1.0457
DOUSE_p_TCGA_287_288_289_N_GenomeWideSNP_6_D02_1361036	17	65444882	81049726	9323	-0.0025
DOUSE_p_TCGA_287_288_289_N_GenomeWideSNP_6_D02_1361036	18	11543	78015057	50642	-9e-04
DOUSE_p_TCGA_287_288_289_N_GenomeWideSNP_6_D02_1361036	19	90910	19831544	8525	0.0115
DOUSE_p_TCGA_287_288_289_N_GenomeWideSNP_6_D02_1361036	19	19835753	19836676	2	-2.8156
DOUSE_p_TCGA_287_288_289_N_GenomeWideSNP_6_D02_1361036	19	19840768	24460818	2679	-0.014
DOUSE_p_TCGA_287_288_289_N_GenomeWideSNP_6_D02_1361036	19	24461420	24464957	9	-0.9046
DOUSE_p_TCGA_287_288_289_N_GenomeWideSNP_6_D02_1361036	19	24487682	35849309	5556	0.0026
DOUSE_p_TCGA_287_288_289_N_GenomeWideSNP_6_D02_1361036	19	35849322	35861779	22	-0.8435
DOUSE_p_TCGA_287_288_289_N_GenomeWideSNP_6_D02_1361036	19	35861848	41066461	2649	0.022
DOUSE_p_TCGA_287_288_289_N_GenomeWideSNP_6_D02_1361036	19	41068931	41071823	3	1.4655
DOUSE_p_TCGA_287_288_289_N_GenomeWideSNP_6_D02_1361036	19	41079340	51328093	4875	0.0014
DOUSE_p_TCGA_287_288_289_N_GenomeWideSNP_6_D02_1361036	19	51332267	51332481	3	-1.4587
DOUSE_p_TCGA_287_288_289_N_GenomeWideSNP_6_D02_1361036	19	51333174	51333238	2	-4.3505
DOUSE_p_TCGA_287_288_289_N_GenomeWideSNP_6_D02_1361036	19	51339207	59097854	4936	0.0169
DOUSE_p_TCGA_287_288_289_N_GenomeWideSNP_6_D02_1361036	20	61305	1557219	1181	0.019
DOUSE_p_TCGA_287_288_289_N_GenomeWideSNP_6_D02_1361036	20	1557236	1582092	53	-0.6179
DOUSE_p_TCGA_287_288_289_N_GenomeWideSNP_6_D02_1361036	20	1582207	1593893	6	1.2983
DOUSE_p_TCGA_287_288_289_N_GenomeWideSNP_6_D02_1361036	20	1597946	26305491	18725	0.0026
DOUSE_p_TCGA_287_288_289_N_GenomeWideSNP_6_D02_1361036	20	26305579	29505830	23	-0.7792
DOUSE_p_TCGA_287_288_289_N_GenomeWideSNP_6_D02_1361036	20	29505893	62915568	22323	0.003
DOUSE_p_TCGA_287_288_289_N_GenomeWideSNP_6_D02_1361036	20	62916068	62956153	6	-1.0356
DOUSE_p_TCGA_287_288_289_N_GenomeWideSNP_6_D02_1361036	21	10736871	10935910	32	-0.4931
DOUSE_p_TCGA_287_288_289_N_GenomeWideSNP_6_D02_1361036	21	10940642	15091271	370	-0.1263
DOUSE_p_TCGA_287_288_289_N_GenomeWideSNP_6_D02_1361036	21	15099284	15100262	7	-0.7282
DOUSE_p_TCGA_287_288_289_N_GenomeWideSNP_6_D02_1361036	21	15100304	48096957	23914	8e-04
DOUSE_p_TCGA_287_288_289_N_GenomeWideSNP_6_D02_1361036	22	16052528	16239487	30	-0.4954
DOUSE_p_TCGA_287_288_289_N_GenomeWideSNP_6_D02_1361036	22	16239968	21542615	2817	0.0042
DOUSE_p_TCGA_287_288_289_N_GenomeWideSNP_6_D02_1361036	22	21567231	21595178	4	-1.2724
DOUSE_p_TCGA_287_288_289_N_GenomeWideSNP_6_D02_1361036	22	21607084	22473918	442	-0.0287
DOUSE_p_TCGA_287_288_289_N_GenomeWideSNP_6_D02_1361036	22	22474023	22474613	5	-1.2197
DOUSE_p_TCGA_287_288_289_N_GenomeWideSNP_6_D02_1361036	22	22481498	22734158	320	-0.0029
DOUSE_p_TCGA_287_288_289_N_GenomeWideSNP_6_D02_1361036	22	22740312	22740317	2	-1.8984
DOUSE_p_TCGA_287_288_289_N_GenomeWideSNP_6_D02_1361036	22	22740319	24271661	956	-0.0279
DOUSE_p_TCGA_287_288_289_N_GenomeWideSNP_6_D02_1361036	22	24271679	24344422	36	-0.4921
DOUSE_p_TCGA_287_288_289_N_GenomeWideSNP_6_D02_1361036	22	24350529	24396814	19	0.7234
DOUSE_p_TCGA_287_288_289_N_GenomeWideSNP_6_D02_1361036	22	24401529	25664801	821	-0.0095
DOUSE_p_TCGA_287_288_289_N_GenomeWideSNP_6_D02_1361036	22	25664832	25918709	289	-1.0432
DOUSE_p_TCGA_287_288_289_N_GenomeWideSNP_6_D02_1361036	22	25922342	51234455	17750	-0.001
DOUSE_p_TCGA_287_288_289_N_GenomeWideSNP_6_D02_1361036	X	168477	5706907	2369	0.0228
DOUSE_p_TCGA_287_288_289_N_GenomeWideSNP_6_D02_1361036	X	5706920	5711237	2	-1.9028
DOUSE_p_TCGA_287_288_289_N_GenomeWideSNP_6_D02_1361036	X	5712133	55702659	29850	-0.0019
DOUSE_p_TCGA_287_288_289_N_GenomeWideSNP_6_D02_1361036	X	55703315	55707556	2	-2.693
DOUSE_p_TCGA_287_288_289_N_GenomeWideSNP_6_D02_1361036	X	55707686	58504096	1330	0.0145
DOUSE_p_TCGA_287_288_289_N_GenomeWideSNP_6_D02_1361036	X	58542157	58542973	2	2.1496
DOUSE_p_TCGA_287_288_289_N_GenomeWideSNP_6_D02_1361036	X	58549568	84241847	10308	0.0094
DOUSE_p_TCGA_287_288_289_N_GenomeWideSNP_6_D02_1361036	X	84241860	84242329	2	-2.1104
DOUSE_p_TCGA_287_288_289_N_GenomeWideSNP_6_D02_1361036	X	84243425	115137955	16750	0.0018
DOUSE_p_TCGA_287_288_289_N_GenomeWideSNP_6_D02_1361036	X	115138403	115150638	6	-2.4878
DOUSE_p_TCGA_287_288_289_N_GenomeWideSNP_6_D02_1361036	X	115156419	155182354	23718	3e-04
DOUSE_p_TCGA_287_288_289_N_GenomeWideSNP_6_D02_1361036	Y	2650438	6107901	871	-2.7646
DOUSE_p_TCGA_287_288_289_N_GenomeWideSNP_6_D02_1361036	Y	6110498	6426233	128	-4.0055
DOUSE_p_TCGA_287_288_289_N_GenomeWideSNP_6_D02_1361036	Y	6426853	8396128	1112	-3.2459
DOUSE_p_TCGA_287_288_289_N_GenomeWideSNP_6_D02_1361036	Y	8396230	9759564	513	-3.7299
DOUSE_p_TCGA_287_288_289_N_GenomeWideSNP_6_D02_1361036	Y	9774614	19570632	3032	-3.2408
DOUSE_p_TCGA_287_288_289_N_GenomeWideSNP_6_D02_1361036	Y	19571480	21088485	703	-3.8668
DOUSE_p_TCGA_287_288_289_N_GenomeWideSNP_6_D02_1361036	Y	21092444	23884367	1064	-3.2983
DOUSE_p_TCGA_287_288_289_N_GenomeWideSNP_6_D02_1361036	Y	23886358	26631228	592	-3.7697
DOUSE_p_TCGA_287_288_289_N_GenomeWideSNP_6_D02_1361036	Y	26631371	26805564	32	-4.9622
DOUSE_p_TCGA_287_288_289_N_GenomeWideSNP_6_D02_1361036	Y	26812798	28423938	395	-3.712
DOUSE_p_TCGA_287_288_289_N_GenomeWideSNP_6_D02_1361036	Y	28438116	28642437	97	-3.024
DOUSE_p_TCGA_287_288_289_N_GenomeWideSNP_6_D02_1361036	Y	28645367	28651301	6	-4.6223
DOUSE_p_TCGA_287_288_289_N_GenomeWideSNP_6_D02_1361036	Y	28651993	59018259	79	-2.8434
