Sample	Chromosome	Start	End	Num_Probes	Segment_Mean
DRIPS_p_TCGA_295_296_297_N_GenomeWideSNP_6_E03_1343866	1	61735	86341	15	1.0259
DRIPS_p_TCGA_295_296_297_N_GenomeWideSNP_6_E03_1343866	1	98588	564621	17	-0.5259
DRIPS_p_TCGA_295_296_297_N_GenomeWideSNP_6_E03_1343866	1	603590	8751268	4296	0.2368
DRIPS_p_TCGA_295_296_297_N_GenomeWideSNP_6_E03_1343866	1	8753018	8812390	49	0.8118
DRIPS_p_TCGA_295_296_297_N_GenomeWideSNP_6_E03_1343866	1	8812672	10367344	811	0.2214
DRIPS_p_TCGA_295_296_297_N_GenomeWideSNP_6_E03_1343866	1	10370402	10377983	19	-0.5389
DRIPS_p_TCGA_295_296_297_N_GenomeWideSNP_6_E03_1343866	1	10381772	17017078	3570	0.2752
DRIPS_p_TCGA_295_296_297_N_GenomeWideSNP_6_E03_1343866	1	17017530	17114712	37	-0.5509
DRIPS_p_TCGA_295_296_297_N_GenomeWideSNP_6_E03_1343866	1	17177045	22297426	3395	0.2732
DRIPS_p_TCGA_295_296_297_N_GenomeWideSNP_6_E03_1343866	1	22298285	22337243	16	-0.5098
DRIPS_p_TCGA_295_296_297_N_GenomeWideSNP_6_E03_1343866	1	22338125	23363177	680	0.2653
DRIPS_p_TCGA_295_296_297_N_GenomeWideSNP_6_E03_1343866	1	23370579	24366741	449	0.7573
DRIPS_p_TCGA_295_296_297_N_GenomeWideSNP_6_E03_1343866	1	24373887	33873971	4827	0.2267
DRIPS_p_TCGA_295_296_297_N_GenomeWideSNP_6_E03_1343866	1	33880813	33922432	31	-0.5917
DRIPS_p_TCGA_295_296_297_N_GenomeWideSNP_6_E03_1343866	1	33925967	34711805	613	0.317
DRIPS_p_TCGA_295_296_297_N_GenomeWideSNP_6_E03_1343866	1	34715462	34715774	4	-0.6342
DRIPS_p_TCGA_295_296_297_N_GenomeWideSNP_6_E03_1343866	1	34715899	35091674	288	0.2895
DRIPS_p_TCGA_295_296_297_N_GenomeWideSNP_6_E03_1343866	1	35102654	35104491	20	-0.5874
DRIPS_p_TCGA_295_296_297_N_GenomeWideSNP_6_E03_1343866	1	35114268	36937414	832	0.233
DRIPS_p_TCGA_295_296_297_N_GenomeWideSNP_6_E03_1343866	1	36937496	37066858	81	0.8701
DRIPS_p_TCGA_295_296_297_N_GenomeWideSNP_6_E03_1343866	1	37070248	41797944	2684	0.2451
DRIPS_p_TCGA_295_296_297_N_GenomeWideSNP_6_E03_1343866	1	41799535	42006005	148	0.8395
DRIPS_p_TCGA_295_296_297_N_GenomeWideSNP_6_E03_1343866	1	42008148	52742259	5844	0.2592
DRIPS_p_TCGA_295_296_297_N_GenomeWideSNP_6_E03_1343866	1	52744167	55724204	1900	-0.5649
DRIPS_p_TCGA_295_296_297_N_GenomeWideSNP_6_E03_1343866	1	55724236	55729368	3	-3.2107
DRIPS_p_TCGA_295_296_297_N_GenomeWideSNP_6_E03_1343866	1	55731217	60408569	3715	-0.5665
DRIPS_p_TCGA_295_296_297_N_GenomeWideSNP_6_E03_1343866	1	60408975	60409195	3	1.9296
DRIPS_p_TCGA_295_296_297_N_GenomeWideSNP_6_E03_1343866	1	60413890	72653433	8489	-0.5425
DRIPS_p_TCGA_295_296_297_N_GenomeWideSNP_6_E03_1343866	1	72658214	72750353	62	0.2879
DRIPS_p_TCGA_295_296_297_N_GenomeWideSNP_6_E03_1343866	1	72756113	72763370	9	-2.6857
DRIPS_p_TCGA_295_296_297_N_GenomeWideSNP_6_E03_1343866	1	72768418	72811148	48	1.8375
DRIPS_p_TCGA_295_296_297_N_GenomeWideSNP_6_E03_1343866	1	72811904	75163624	1420	0.2605
DRIPS_p_TCGA_295_296_297_N_GenomeWideSNP_6_E03_1343866	1	75164235	79288819	2638	-0.5669
DRIPS_p_TCGA_295_296_297_N_GenomeWideSNP_6_E03_1343866	1	79293697	79293815	2	-2.8384
DRIPS_p_TCGA_295_296_297_N_GenomeWideSNP_6_E03_1343866	1	79295415	83041505	2495	-0.5498
DRIPS_p_TCGA_295_296_297_N_GenomeWideSNP_6_E03_1343866	1	83049032	83055625	8	0.2625
DRIPS_p_TCGA_295_296_297_N_GenomeWideSNP_6_E03_1343866	1	83057803	83138619	76	-0.6145
DRIPS_p_TCGA_295_296_297_N_GenomeWideSNP_6_E03_1343866	1	83140885	83142952	2	-2.0655
DRIPS_p_TCGA_295_296_297_N_GenomeWideSNP_6_E03_1343866	1	83143151	85974030	1953	-0.5623
DRIPS_p_TCGA_295_296_297_N_GenomeWideSNP_6_E03_1343866	1	85979932	86003166	12	0.2605
DRIPS_p_TCGA_295_296_297_N_GenomeWideSNP_6_E03_1343866	1	86006009	93909285	4958	-0.5949
DRIPS_p_TCGA_295_296_297_N_GenomeWideSNP_6_E03_1343866	1	93924486	104155802	6455	0.2428
DRIPS_p_TCGA_295_296_297_N_GenomeWideSNP_6_E03_1343866	1	104157161	104303403	34	0.9375
DRIPS_p_TCGA_295_296_297_N_GenomeWideSNP_6_E03_1343866	1	104303501	106013376	916	0.2383
DRIPS_p_TCGA_295_296_297_N_GenomeWideSNP_6_E03_1343866	1	106019205	106022375	17	1.1034
DRIPS_p_TCGA_295_296_297_N_GenomeWideSNP_6_E03_1343866	1	106024055	110227515	2664	0.2365
DRIPS_p_TCGA_295_296_297_N_GenomeWideSNP_6_E03_1343866	1	110232974	110233037	2	2.2967
DRIPS_p_TCGA_295_296_297_N_GenomeWideSNP_6_E03_1343866	1	110233053	110240178	15	0.7235
DRIPS_p_TCGA_295_296_297_N_GenomeWideSNP_6_E03_1343866	1	110242953	112696087	1947	0.2065
DRIPS_p_TCGA_295_296_297_N_GenomeWideSNP_6_E03_1343866	1	112696193	112706082	27	0.8558
DRIPS_p_TCGA_295_296_297_N_GenomeWideSNP_6_E03_1343866	1	112706118	117821380	3327	0.2306
DRIPS_p_TCGA_295_296_297_N_GenomeWideSNP_6_E03_1343866	1	117826699	117835699	14	0.8876
DRIPS_p_TCGA_295_296_297_N_GenomeWideSNP_6_E03_1343866	1	117837615	144036779	1854	0.2598
DRIPS_p_TCGA_295_296_297_N_GenomeWideSNP_6_E03_1343866	1	144038074	144921857	92	0.8244
DRIPS_p_TCGA_295_296_297_N_GenomeWideSNP_6_E03_1343866	1	144935489	145080051	62	0.3208
DRIPS_p_TCGA_295_296_297_N_GenomeWideSNP_6_E03_1343866	1	145083864	145151728	31	0.694
DRIPS_p_TCGA_295_296_297_N_GenomeWideSNP_6_E03_1343866	1	145151959	145152757	5	1.7849
DRIPS_p_TCGA_295_296_297_N_GenomeWideSNP_6_E03_1343866	1	145156301	149429206	1139	0.7782
DRIPS_p_TCGA_295_296_297_N_GenomeWideSNP_6_E03_1343866	1	149436842	149617488	10	-0.3946
DRIPS_p_TCGA_295_296_297_N_GenomeWideSNP_6_E03_1343866	1	149644953	149713871	16	0.6097
DRIPS_p_TCGA_295_296_297_N_GenomeWideSNP_6_E03_1343866	1	149715562	149831914	35	1.4107
DRIPS_p_TCGA_295_296_297_N_GenomeWideSNP_6_E03_1343866	1	149833370	149835493	21	1.1198
DRIPS_p_TCGA_295_296_297_N_GenomeWideSNP_6_E03_1343866	1	149844995	156275281	3465	0.737
DRIPS_p_TCGA_295_296_297_N_GenomeWideSNP_6_E03_1343866	1	156275308	158392563	1361	1.156
DRIPS_p_TCGA_295_296_297_N_GenomeWideSNP_6_E03_1343866	1	158392604	161612246	2098	0.732
DRIPS_p_TCGA_295_296_297_N_GenomeWideSNP_6_E03_1343866	1	161616864	161638513	38	0.336
DRIPS_p_TCGA_295_296_297_N_GenomeWideSNP_6_E03_1343866	1	161648237	164553551	2267	0.7885
DRIPS_p_TCGA_295_296_297_N_GenomeWideSNP_6_E03_1343866	1	164555286	165283640	638	1.2385
DRIPS_p_TCGA_295_296_297_N_GenomeWideSNP_6_E03_1343866	1	165283682	177498916	8403	0.7663
DRIPS_p_TCGA_295_296_297_N_GenomeWideSNP_6_E03_1343866	1	177503346	196802072	12931	-0.0326
DRIPS_p_TCGA_295_296_297_N_GenomeWideSNP_6_E03_1343866	1	196812507	196905159	66	-1.059
DRIPS_p_TCGA_295_296_297_N_GenomeWideSNP_6_E03_1343866	1	196909645	197514625	303	0.0012
DRIPS_p_TCGA_295_296_297_N_GenomeWideSNP_6_E03_1343866	1	197518789	199107702	1007	0.3594
DRIPS_p_TCGA_295_296_297_N_GenomeWideSNP_6_E03_1343866	1	199111363	199113011	8	-1.8095
DRIPS_p_TCGA_295_296_297_N_GenomeWideSNP_6_E03_1343866	1	199113840	210071062	7414	0.4326
DRIPS_p_TCGA_295_296_297_N_GenomeWideSNP_6_E03_1343866	1	210081613	210083984	3	-2.3339
DRIPS_p_TCGA_295_296_297_N_GenomeWideSNP_6_E03_1343866	1	210086552	211653066	1067	0.4576
DRIPS_p_TCGA_295_296_297_N_GenomeWideSNP_6_E03_1343866	1	211656238	211656269	2	-1.1945
DRIPS_p_TCGA_295_296_297_N_GenomeWideSNP_6_E03_1343866	1	211657467	248605752	25757	0.4599
DRIPS_p_TCGA_295_296_297_N_GenomeWideSNP_6_E03_1343866	1	248610056	248688615	29	-0.5083
DRIPS_p_TCGA_295_296_297_N_GenomeWideSNP_6_E03_1343866	1	248697391	248753364	13	0.2636
DRIPS_p_TCGA_295_296_297_N_GenomeWideSNP_6_E03_1343866	1	248753427	248809369	33	1.0361
DRIPS_p_TCGA_295_296_297_N_GenomeWideSNP_6_E03_1343866	1	248818483	249224388	140	0.249
DRIPS_p_TCGA_295_296_297_N_GenomeWideSNP_6_E03_1343866	2	12784	362574	230	0.2189
DRIPS_p_TCGA_295_296_297_N_GenomeWideSNP_6_E03_1343866	2	367565	367736	2	-1.8896
DRIPS_p_TCGA_295_296_297_N_GenomeWideSNP_6_E03_1343866	2	368398	3841739	2474	0.2519
DRIPS_p_TCGA_295_296_297_N_GenomeWideSNP_6_E03_1343866	2	3849512	4240306	331	0.7709
DRIPS_p_TCGA_295_296_297_N_GenomeWideSNP_6_E03_1343866	2	4242383	6298140	1647	0.2763
DRIPS_p_TCGA_295_296_297_N_GenomeWideSNP_6_E03_1343866	2	6300037	6307875	33	-0.7151
DRIPS_p_TCGA_295_296_297_N_GenomeWideSNP_6_E03_1343866	2	6310503	10840927	3480	0.2587
DRIPS_p_TCGA_295_296_297_N_GenomeWideSNP_6_E03_1343866	2	10844922	11100051	230	-0.7059
DRIPS_p_TCGA_295_296_297_N_GenomeWideSNP_6_E03_1343866	2	11102890	24893059	9644	0.2004
DRIPS_p_TCGA_295_296_297_N_GenomeWideSNP_6_E03_1343866	2	24894864	25951018	536	0.6513
DRIPS_p_TCGA_295_296_297_N_GenomeWideSNP_6_E03_1343866	2	25954014	41238235	10303	0.0537
DRIPS_p_TCGA_295_296_297_N_GenomeWideSNP_6_E03_1343866	2	41238443	41245887	23	-0.6525
DRIPS_p_TCGA_295_296_297_N_GenomeWideSNP_6_E03_1343866	2	41251233	45695479	3205	0.0372
DRIPS_p_TCGA_295_296_297_N_GenomeWideSNP_6_E03_1343866	2	45697943	46322172	511	0.6201
DRIPS_p_TCGA_295_296_297_N_GenomeWideSNP_6_E03_1343866	2	46322795	46322951	2	-2.208
DRIPS_p_TCGA_295_296_297_N_GenomeWideSNP_6_E03_1343866	2	46326669	47355143	863	0.6221
DRIPS_p_TCGA_295_296_297_N_GenomeWideSNP_6_E03_1343866	2	47355180	51118661	2459	0.2195
DRIPS_p_TCGA_295_296_297_N_GenomeWideSNP_6_E03_1343866	2	51120223	51120735	4	1.1318
DRIPS_p_TCGA_295_296_297_N_GenomeWideSNP_6_E03_1343866	2	51125058	51651967	369	0.2305
DRIPS_p_TCGA_295_296_297_N_GenomeWideSNP_6_E03_1343866	2	51652025	51652260	7	-0.6572
DRIPS_p_TCGA_295_296_297_N_GenomeWideSNP_6_E03_1343866	2	51654130	66357905	9579	0.2068
DRIPS_p_TCGA_295_296_297_N_GenomeWideSNP_6_E03_1343866	2	66360462	66361370	3	-1.6452
DRIPS_p_TCGA_295_296_297_N_GenomeWideSNP_6_E03_1343866	2	66361747	87128201	13155	0.2082
DRIPS_p_TCGA_295_296_297_N_GenomeWideSNP_6_E03_1343866	2	87129203	87137385	2	-1.6001
DRIPS_p_TCGA_295_296_297_N_GenomeWideSNP_6_E03_1343866	2	87161853	87445912	67	0.133
DRIPS_p_TCGA_295_296_297_N_GenomeWideSNP_6_E03_1343866	2	87445957	87448720	2	-1.614
DRIPS_p_TCGA_295_296_297_N_GenomeWideSNP_6_E03_1343866	2	87450469	97857927	1964	0.2076
DRIPS_p_TCGA_295_296_297_N_GenomeWideSNP_6_E03_1343866	2	97865337	97877173	15	-0.4162
DRIPS_p_TCGA_295_296_297_N_GenomeWideSNP_6_E03_1343866	2	97886334	98023306	20	0.2495
DRIPS_p_TCGA_295_296_297_N_GenomeWideSNP_6_E03_1343866	2	98025647	98177312	19	0.7024
DRIPS_p_TCGA_295_296_297_N_GenomeWideSNP_6_E03_1343866	2	98179204	98855703	332	0.1822
DRIPS_p_TCGA_295_296_297_N_GenomeWideSNP_6_E03_1343866	2	98858308	98878056	51	-0.524
DRIPS_p_TCGA_295_296_297_N_GenomeWideSNP_6_E03_1343866	2	98881195	108589639	6243	0.2126
DRIPS_p_TCGA_295_296_297_N_GenomeWideSNP_6_E03_1343866	2	108589853	110816590	1065	0.7762
DRIPS_p_TCGA_295_296_297_N_GenomeWideSNP_6_E03_1343866	2	110826254	118395615	4183	0.0978
DRIPS_p_TCGA_295_296_297_N_GenomeWideSNP_6_E03_1343866	2	118395972	118416015	16	0.6068
DRIPS_p_TCGA_295_296_297_N_GenomeWideSNP_6_E03_1343866	2	118418815	118798912	262	0.095
DRIPS_p_TCGA_295_296_297_N_GenomeWideSNP_6_E03_1343866	2	118800148	119676029	638	0.7026
DRIPS_p_TCGA_295_296_297_N_GenomeWideSNP_6_E03_1343866	2	119677162	133034717	7836	0.1023
DRIPS_p_TCGA_295_296_297_N_GenomeWideSNP_6_E03_1343866	2	133038340	133114639	29	-0.4117
DRIPS_p_TCGA_295_296_297_N_GenomeWideSNP_6_E03_1343866	2	133115037	146864583	8828	0.1989
DRIPS_p_TCGA_295_296_297_N_GenomeWideSNP_6_E03_1343866	2	146865079	146866934	19	0.6641
DRIPS_p_TCGA_295_296_297_N_GenomeWideSNP_6_E03_1343866	2	146877806	148439221	824	0.1881
DRIPS_p_TCGA_295_296_297_N_GenomeWideSNP_6_E03_1343866	2	148439796	150101909	803	0.8282
DRIPS_p_TCGA_295_296_297_N_GenomeWideSNP_6_E03_1343866	2	150102442	150102947	2	-0.5199
DRIPS_p_TCGA_295_296_297_N_GenomeWideSNP_6_E03_1343866	2	150105603	150236754	63	0.8908
DRIPS_p_TCGA_295_296_297_N_GenomeWideSNP_6_E03_1343866	2	150240601	159377524	5678	0.2012
DRIPS_p_TCGA_295_296_297_N_GenomeWideSNP_6_E03_1343866	2	159390154	160231354	598	0.8717
DRIPS_p_TCGA_295_296_297_N_GenomeWideSNP_6_E03_1343866	2	160232059	183931033	14743	0.295
DRIPS_p_TCGA_295_296_297_N_GenomeWideSNP_6_E03_1343866	2	183933191	184202875	163	-0.6255
DRIPS_p_TCGA_295_296_297_N_GenomeWideSNP_6_E03_1343866	2	184207072	187374643	1849	0.3383
DRIPS_p_TCGA_295_296_297_N_GenomeWideSNP_6_E03_1343866	2	187376720	187407732	19	1.2442
DRIPS_p_TCGA_295_296_297_N_GenomeWideSNP_6_E03_1343866	2	187416202	191322272	2174	0.3367
DRIPS_p_TCGA_295_296_297_N_GenomeWideSNP_6_E03_1343866	2	191325135	191334087	7	1.1617
DRIPS_p_TCGA_295_296_297_N_GenomeWideSNP_6_E03_1343866	2	191342007	202920503	6618	0.3406
DRIPS_p_TCGA_295_296_297_N_GenomeWideSNP_6_E03_1343866	2	202925231	203231039	166	0.878
DRIPS_p_TCGA_295_296_297_N_GenomeWideSNP_6_E03_1343866	2	203232735	203293091	29	0.3429
DRIPS_p_TCGA_295_296_297_N_GenomeWideSNP_6_E03_1343866	2	203295775	203312201	41	-0.4032
DRIPS_p_TCGA_295_296_297_N_GenomeWideSNP_6_E03_1343866	2	203313482	204325284	425	0.3822
DRIPS_p_TCGA_295_296_297_N_GenomeWideSNP_6_E03_1343866	2	204326266	205131349	504	0.8268
DRIPS_p_TCGA_295_296_297_N_GenomeWideSNP_6_E03_1343866	2	205132626	205132819	2	-0.7916
DRIPS_p_TCGA_295_296_297_N_GenomeWideSNP_6_E03_1343866	2	205133037	207600203	1686	0.8668
DRIPS_p_TCGA_295_296_297_N_GenomeWideSNP_6_E03_1343866	2	207603474	207603535	2	-0.9101
DRIPS_p_TCGA_295_296_297_N_GenomeWideSNP_6_E03_1343866	2	207603964	208427690	570	0.8163
DRIPS_p_TCGA_295_296_297_N_GenomeWideSNP_6_E03_1343866	2	208430690	208775761	172	1.5156
DRIPS_p_TCGA_295_296_297_N_GenomeWideSNP_6_E03_1343866	2	208778604	210013393	807	0.8493
DRIPS_p_TCGA_295_296_297_N_GenomeWideSNP_6_E03_1343866	2	210015372	210693996	412	1.2739
DRIPS_p_TCGA_295_296_297_N_GenomeWideSNP_6_E03_1343866	2	210694720	221807026	7162	0.8505
DRIPS_p_TCGA_295_296_297_N_GenomeWideSNP_6_E03_1343866	2	221812441	232165063	6741	0.3721
DRIPS_p_TCGA_295_296_297_N_GenomeWideSNP_6_E03_1343866	2	232169033	232198327	21	-0.6612
DRIPS_p_TCGA_295_296_297_N_GenomeWideSNP_6_E03_1343866	2	232204940	232764615	244	0.1693
DRIPS_p_TCGA_295_296_297_N_GenomeWideSNP_6_E03_1343866	2	232768558	239689765	4641	-0.6898
DRIPS_p_TCGA_295_296_297_N_GenomeWideSNP_6_E03_1343866	2	239702379	240066417	184	0.0849
DRIPS_p_TCGA_295_296_297_N_GenomeWideSNP_6_E03_1343866	2	240075035	240114137	30	1.1073
DRIPS_p_TCGA_295_296_297_N_GenomeWideSNP_6_E03_1343866	2	240115620	243089456	1606	0.0543
DRIPS_p_TCGA_295_296_297_N_GenomeWideSNP_6_E03_1343866	3	60345	1448595	1196	0.8446
DRIPS_p_TCGA_295_296_297_N_GenomeWideSNP_6_E03_1343866	3	1449055	1449068	2	-2.6145
DRIPS_p_TCGA_295_296_297_N_GenomeWideSNP_6_E03_1343866	3	1450673	1916976	479	0.9099
DRIPS_p_TCGA_295_296_297_N_GenomeWideSNP_6_E03_1343866	3	1918149	1921232	5	-2.7401
DRIPS_p_TCGA_295_296_297_N_GenomeWideSNP_6_E03_1343866	3	1922965	3650588	1567	0.944
DRIPS_p_TCGA_295_296_297_N_GenomeWideSNP_6_E03_1343866	3	3652064	6107920	2062	-0.2234
DRIPS_p_TCGA_295_296_297_N_GenomeWideSNP_6_E03_1343866	3	6108772	6111839	2	2.0074
DRIPS_p_TCGA_295_296_297_N_GenomeWideSNP_6_E03_1343866	3	6112290	8825908	2407	-0.1934
DRIPS_p_TCGA_295_296_297_N_GenomeWideSNP_6_E03_1343866	3	8826121	8829477	3	-1.8101
DRIPS_p_TCGA_295_296_297_N_GenomeWideSNP_6_E03_1343866	3	8833387	33899932	17132	-0.4685
DRIPS_p_TCGA_295_296_297_N_GenomeWideSNP_6_E03_1343866	3	33903170	33918729	14	0.4735
DRIPS_p_TCGA_295_296_297_N_GenomeWideSNP_6_E03_1343866	3	33923463	46802245	8232	-0.3999
DRIPS_p_TCGA_295_296_297_N_GenomeWideSNP_6_E03_1343866	3	46802917	46849179	34	-2.0639
DRIPS_p_TCGA_295_296_297_N_GenomeWideSNP_6_E03_1343866	3	46849589	59124168	6569	-0.5772
DRIPS_p_TCGA_295_296_297_N_GenomeWideSNP_6_E03_1343866	3	59126952	59127314	2	-3.0726
DRIPS_p_TCGA_295_296_297_N_GenomeWideSNP_6_E03_1343866	3	59128550	63696913	4171	-0.5863
DRIPS_p_TCGA_295_296_297_N_GenomeWideSNP_6_E03_1343866	3	63702126	63702195	2	-2.9703
DRIPS_p_TCGA_295_296_297_N_GenomeWideSNP_6_E03_1343866	3	63702475	68725751	3758	-0.5704
DRIPS_p_TCGA_295_296_297_N_GenomeWideSNP_6_E03_1343866	3	68732028	68747413	16	0.5474
DRIPS_p_TCGA_295_296_297_N_GenomeWideSNP_6_E03_1343866	3	68748758	75819252	4992	-0.5944
DRIPS_p_TCGA_295_296_297_N_GenomeWideSNP_6_E03_1343866	3	75822459	75826186	3	-2.5861
DRIPS_p_TCGA_295_296_297_N_GenomeWideSNP_6_E03_1343866	3	75827610	84694372	4926	-0.6033
DRIPS_p_TCGA_295_296_297_N_GenomeWideSNP_6_E03_1343866	3	84698683	84699684	6	0.5945
DRIPS_p_TCGA_295_296_297_N_GenomeWideSNP_6_E03_1343866	3	84699758	84702161	15	-0.108
DRIPS_p_TCGA_295_296_297_N_GenomeWideSNP_6_E03_1343866	3	84702235	84706284	5	0.5997
DRIPS_p_TCGA_295_296_297_N_GenomeWideSNP_6_E03_1343866	3	84707065	87912338	1787	-0.6119
DRIPS_p_TCGA_295_296_297_N_GenomeWideSNP_6_E03_1343866	3	87918397	99348411	4491	-0.2938
DRIPS_p_TCGA_295_296_297_N_GenomeWideSNP_6_E03_1343866	3	99352604	99851022	271	0.6243
DRIPS_p_TCGA_295_296_297_N_GenomeWideSNP_6_E03_1343866	3	99852948	107494345	4536	0.9876
DRIPS_p_TCGA_295_296_297_N_GenomeWideSNP_6_E03_1343866	3	107495938	108255227	552	1.3406
DRIPS_p_TCGA_295_296_297_N_GenomeWideSNP_6_E03_1343866	3	108256310	114655782	3831	0.9468
DRIPS_p_TCGA_295_296_297_N_GenomeWideSNP_6_E03_1343866	3	114660592	114669018	8	-0.5189
DRIPS_p_TCGA_295_296_297_N_GenomeWideSNP_6_E03_1343866	3	114669033	115656554	591	0.9195
DRIPS_p_TCGA_295_296_297_N_GenomeWideSNP_6_E03_1343866	3	115657604	116074056	270	1.4012
DRIPS_p_TCGA_295_296_297_N_GenomeWideSNP_6_E03_1343866	3	116078107	121374063	3368	0.7974
DRIPS_p_TCGA_295_296_297_N_GenomeWideSNP_6_E03_1343866	3	121376721	122181261	438	1.1803
DRIPS_p_TCGA_295_296_297_N_GenomeWideSNP_6_E03_1343866	3	122186188	125712213	2206	0.823
DRIPS_p_TCGA_295_296_297_N_GenomeWideSNP_6_E03_1343866	3	125712270	125720648	18	-0.3649
DRIPS_p_TCGA_295_296_297_N_GenomeWideSNP_6_E03_1343866	3	125720955	125721862	12	-1.1465
DRIPS_p_TCGA_295_296_297_N_GenomeWideSNP_6_E03_1343866	3	125722332	126375779	475	0.8131
DRIPS_p_TCGA_295_296_297_N_GenomeWideSNP_6_E03_1343866	3	126379827	129277680	1629	0.2344
DRIPS_p_TCGA_295_296_297_N_GenomeWideSNP_6_E03_1343866	3	129289213	129370432	44	-0.6526
DRIPS_p_TCGA_295_296_297_N_GenomeWideSNP_6_E03_1343866	3	129371519	129766586	184	0.1894
DRIPS_p_TCGA_295_296_297_N_GenomeWideSNP_6_E03_1343866	3	129775858	129806924	51	0.6755
DRIPS_p_TCGA_295_296_297_N_GenomeWideSNP_6_E03_1343866	3	129806998	131992737	1435	0.2154
DRIPS_p_TCGA_295_296_297_N_GenomeWideSNP_6_E03_1343866	3	131992773	131995684	3	-1.6076
DRIPS_p_TCGA_295_296_297_N_GenomeWideSNP_6_E03_1343866	3	132000477	134389538	1499	0.2251
DRIPS_p_TCGA_295_296_297_N_GenomeWideSNP_6_E03_1343866	3	134390066	137027679	1534	0.794
DRIPS_p_TCGA_295_296_297_N_GenomeWideSNP_6_E03_1343866	3	137027954	137027963	7	-0.1747
DRIPS_p_TCGA_295_296_297_N_GenomeWideSNP_6_E03_1343866	3	137030829	141559175	2817	0.815
DRIPS_p_TCGA_295_296_297_N_GenomeWideSNP_6_E03_1343866	3	141561964	141927192	185	1.2421
DRIPS_p_TCGA_295_296_297_N_GenomeWideSNP_6_E03_1343866	3	141931241	149215798	4603	0.7846
DRIPS_p_TCGA_295_296_297_N_GenomeWideSNP_6_E03_1343866	3	149217361	154873320	3479	1.2156
DRIPS_p_TCGA_295_296_297_N_GenomeWideSNP_6_E03_1343866	3	154876625	155174843	195	1.5764
DRIPS_p_TCGA_295_296_297_N_GenomeWideSNP_6_E03_1343866	3	155175025	158159317	1758	1.2348
DRIPS_p_TCGA_295_296_297_N_GenomeWideSNP_6_E03_1343866	3	158163767	159310223	737	1.6765
DRIPS_p_TCGA_295_296_297_N_GenomeWideSNP_6_E03_1343866	3	159312260	162513092	1973	1.245
DRIPS_p_TCGA_295_296_297_N_GenomeWideSNP_6_E03_1343866	3	162513149	162552081	24	2.06
DRIPS_p_TCGA_295_296_297_N_GenomeWideSNP_6_E03_1343866	3	162563331	162623881	40	1.4767
DRIPS_p_TCGA_295_296_297_N_GenomeWideSNP_6_E03_1343866	3	162623897	162626603	5	-0.5328
DRIPS_p_TCGA_295_296_297_N_GenomeWideSNP_6_E03_1343866	3	162628614	162714517	70	1.2686
DRIPS_p_TCGA_295_296_297_N_GenomeWideSNP_6_E03_1343866	3	162717727	162719562	2	-2.3621
DRIPS_p_TCGA_295_296_297_N_GenomeWideSNP_6_E03_1343866	3	162726159	162917440	136	1.156
DRIPS_p_TCGA_295_296_297_N_GenomeWideSNP_6_E03_1343866	3	162917765	163412145	227	0.7053
DRIPS_p_TCGA_295_296_297_N_GenomeWideSNP_6_E03_1343866	3	163419415	163653428	140	1.2162
DRIPS_p_TCGA_295_296_297_N_GenomeWideSNP_6_E03_1343866	3	163658943	163658973	7	0.1661
DRIPS_p_TCGA_295_296_297_N_GenomeWideSNP_6_E03_1343866	3	163659075	167355676	2034	1.2492
DRIPS_p_TCGA_295_296_297_N_GenomeWideSNP_6_E03_1343866	3	167359293	167711041	215	1.5898
DRIPS_p_TCGA_295_296_297_N_GenomeWideSNP_6_E03_1343866	3	167719331	181903629	8885	1.2229
DRIPS_p_TCGA_295_296_297_N_GenomeWideSNP_6_E03_1343866	3	181904297	189360754	4931	0.7645
DRIPS_p_TCGA_295_296_297_N_GenomeWideSNP_6_E03_1343866	3	189363678	189370988	12	-0.5619
DRIPS_p_TCGA_295_296_297_N_GenomeWideSNP_6_E03_1343866	3	189371014	194449155	3537	0.775
DRIPS_p_TCGA_295_296_297_N_GenomeWideSNP_6_E03_1343866	3	194452556	197834346	1638	1.1139
DRIPS_p_TCGA_295_296_297_N_GenomeWideSNP_6_E03_1343866	3	197834410	197896118	35	0.6476
DRIPS_p_TCGA_295_296_297_N_GenomeWideSNP_6_E03_1343866	4	12281	48894	41	-0.2979
DRIPS_p_TCGA_295_296_297_N_GenomeWideSNP_6_E03_1343866	4	49215	10210390	5739	0.2151
DRIPS_p_TCGA_295_296_297_N_GenomeWideSNP_6_E03_1343866	4	10214160	10235268	36	1.3253
DRIPS_p_TCGA_295_296_297_N_GenomeWideSNP_6_E03_1343866	4	10236142	18118576	6082	0.2369
DRIPS_p_TCGA_295_296_297_N_GenomeWideSNP_6_E03_1343866	4	18120985	34773515	10855	-0.6217
DRIPS_p_TCGA_295_296_297_N_GenomeWideSNP_6_E03_1343866	4	34778860	34824183	44	-0.0912
DRIPS_p_TCGA_295_296_297_N_GenomeWideSNP_6_E03_1343866	4	34824725	37804045	2100	-0.6347
DRIPS_p_TCGA_295_296_297_N_GenomeWideSNP_6_E03_1343866	4	37806100	37806106	2	-2.5628
DRIPS_p_TCGA_295_296_297_N_GenomeWideSNP_6_E03_1343866	4	37806327	41070095	2020	-0.6313
DRIPS_p_TCGA_295_296_297_N_GenomeWideSNP_6_E03_1343866	4	41071428	41071521	2	-2.7022
DRIPS_p_TCGA_295_296_297_N_GenomeWideSNP_6_E03_1343866	4	41072293	61497136	10637	-0.6111
DRIPS_p_TCGA_295_296_297_N_GenomeWideSNP_6_E03_1343866	4	61500829	61501270	2	-4.0312
DRIPS_p_TCGA_295_296_297_N_GenomeWideSNP_6_E03_1343866	4	61503976	69374955	4664	-0.6331
DRIPS_p_TCGA_295_296_297_N_GenomeWideSNP_6_E03_1343866	4	69375160	69484109	61	-1.47
DRIPS_p_TCGA_295_296_297_N_GenomeWideSNP_6_E03_1343866	4	69485840	69591612	14	-0.0597
DRIPS_p_TCGA_295_296_297_N_GenomeWideSNP_6_E03_1343866	4	69591782	70002062	254	-0.6416
DRIPS_p_TCGA_295_296_297_N_GenomeWideSNP_6_E03_1343866	4	70004010	70043507	22	0.8291
DRIPS_p_TCGA_295_296_297_N_GenomeWideSNP_6_E03_1343866	4	70044558	87230801	10676	-0.6352
DRIPS_p_TCGA_295_296_297_N_GenomeWideSNP_6_E03_1343866	4	87232146	87373400	84	-1.1451
DRIPS_p_TCGA_295_296_297_N_GenomeWideSNP_6_E03_1343866	4	87379653	99008132	6853	-0.635
DRIPS_p_TCGA_295_296_297_N_GenomeWideSNP_6_E03_1343866	4	99010145	99010336	2	-3.1669
DRIPS_p_TCGA_295_296_297_N_GenomeWideSNP_6_E03_1343866	4	99010844	104751634	3446	-0.6568
DRIPS_p_TCGA_295_296_297_N_GenomeWideSNP_6_E03_1343866	4	104751636	104751637	2	1.2463
DRIPS_p_TCGA_295_296_297_N_GenomeWideSNP_6_E03_1343866	4	104751644	106937068	1231	-0.6422
DRIPS_p_TCGA_295_296_297_N_GenomeWideSNP_6_E03_1343866	4	106942927	106943177	2	-2.4241
DRIPS_p_TCGA_295_296_297_N_GenomeWideSNP_6_E03_1343866	4	106946435	108066842	631	-0.6311
DRIPS_p_TCGA_295_296_297_N_GenomeWideSNP_6_E03_1343866	4	108068235	108071888	10	0.4808
DRIPS_p_TCGA_295_296_297_N_GenomeWideSNP_6_E03_1343866	4	108073507	112092066	2418	-0.6279
DRIPS_p_TCGA_295_296_297_N_GenomeWideSNP_6_E03_1343866	4	112092226	113143068	664	0.1713
DRIPS_p_TCGA_295_296_297_N_GenomeWideSNP_6_E03_1343866	4	113145498	115179352	1346	-0.6542
DRIPS_p_TCGA_295_296_297_N_GenomeWideSNP_6_E03_1343866	4	115179428	115181394	9	-1.8625
DRIPS_p_TCGA_295_296_297_N_GenomeWideSNP_6_E03_1343866	4	115181828	121656722	3942	-0.6319
DRIPS_p_TCGA_295_296_297_N_GenomeWideSNP_6_E03_1343866	4	121657528	122112474	273	0.1916
DRIPS_p_TCGA_295_296_297_N_GenomeWideSNP_6_E03_1343866	4	122118972	152789786	17860	-0.6295
DRIPS_p_TCGA_295_296_297_N_GenomeWideSNP_6_E03_1343866	4	152791533	152792567	12	-3.3442
DRIPS_p_TCGA_295_296_297_N_GenomeWideSNP_6_E03_1343866	4	152792891	159808216	4479	-0.6425
DRIPS_p_TCGA_295_296_297_N_GenomeWideSNP_6_E03_1343866	4	159809498	159842390	23	0.0297
DRIPS_p_TCGA_295_296_297_N_GenomeWideSNP_6_E03_1343866	4	159845084	161873846	1340	-0.6261
DRIPS_p_TCGA_295_296_297_N_GenomeWideSNP_6_E03_1343866	4	161873906	161885165	34	-0.2214
DRIPS_p_TCGA_295_296_297_N_GenomeWideSNP_6_E03_1343866	4	161885178	163275311	911	-0.6132
DRIPS_p_TCGA_295_296_297_N_GenomeWideSNP_6_E03_1343866	4	163277763	163278457	2	-3.6089
DRIPS_p_TCGA_295_296_297_N_GenomeWideSNP_6_E03_1343866	4	163281547	173422522	6366	-0.6463
DRIPS_p_TCGA_295_296_297_N_GenomeWideSNP_6_E03_1343866	4	173424947	173428643	7	1.0835
DRIPS_p_TCGA_295_296_297_N_GenomeWideSNP_6_E03_1343866	4	173441132	176261635	1604	-0.651
DRIPS_p_TCGA_295_296_297_N_GenomeWideSNP_6_E03_1343866	4	176263679	176264480	2	-3.923
DRIPS_p_TCGA_295_296_297_N_GenomeWideSNP_6_E03_1343866	4	176270885	184984802	6114	-0.6657
DRIPS_p_TCGA_295_296_297_N_GenomeWideSNP_6_E03_1343866	4	184986009	184989191	5	-3.4792
DRIPS_p_TCGA_295_296_297_N_GenomeWideSNP_6_E03_1343866	4	184989428	191027923	4100	-0.6767
DRIPS_p_TCGA_295_296_297_N_GenomeWideSNP_6_E03_1343866	5	15532	806141	343	0.0809
DRIPS_p_TCGA_295_296_297_N_GenomeWideSNP_6_E03_1343866	5	806225	823770	14	1.2619
DRIPS_p_TCGA_295_296_297_N_GenomeWideSNP_6_E03_1343866	5	824066	15718492	11813	0.2252
DRIPS_p_TCGA_295_296_297_N_GenomeWideSNP_6_E03_1343866	5	15719222	15720597	11	-3.2582
DRIPS_p_TCGA_295_296_297_N_GenomeWideSNP_6_E03_1343866	5	15723346	21376844	3500	0.2206
DRIPS_p_TCGA_295_296_297_N_GenomeWideSNP_6_E03_1343866	5	21377839	21377853	2	-2.0531
DRIPS_p_TCGA_295_296_297_N_GenomeWideSNP_6_E03_1343866	5	21386066	21449276	45	0.1845
DRIPS_p_TCGA_295_296_297_N_GenomeWideSNP_6_E03_1343866	5	21451200	21452438	5	-1.9353
DRIPS_p_TCGA_295_296_297_N_GenomeWideSNP_6_E03_1343866	5	21452496	22592530	600	0.2268
DRIPS_p_TCGA_295_296_297_N_GenomeWideSNP_6_E03_1343866	5	22599163	23290519	419	1.1706
DRIPS_p_TCGA_295_296_297_N_GenomeWideSNP_6_E03_1343866	5	23290622	23290723	7	0.1518
DRIPS_p_TCGA_295_296_297_N_GenomeWideSNP_6_E03_1343866	5	23291447	23979666	395	1.1193
DRIPS_p_TCGA_295_296_297_N_GenomeWideSNP_6_E03_1343866	5	23989312	25537101	949	0.1959
DRIPS_p_TCGA_295_296_297_N_GenomeWideSNP_6_E03_1343866	5	25542064	25546208	4	-2.2855
DRIPS_p_TCGA_295_296_297_N_GenomeWideSNP_6_E03_1343866	5	25551812	26112933	367	0.1813
DRIPS_p_TCGA_295_296_297_N_GenomeWideSNP_6_E03_1343866	5	26116182	26116348	2	-2.7185
DRIPS_p_TCGA_295_296_297_N_GenomeWideSNP_6_E03_1343866	5	26117100	28158781	1158	0.191
DRIPS_p_TCGA_295_296_297_N_GenomeWideSNP_6_E03_1343866	5	28161068	34072915	3989	-0.5233
DRIPS_p_TCGA_295_296_297_N_GenomeWideSNP_6_E03_1343866	5	34074346	34083642	4	-2.4381
DRIPS_p_TCGA_295_296_297_N_GenomeWideSNP_6_E03_1343866	5	34087506	34504434	184	-0.4106
DRIPS_p_TCGA_295_296_297_N_GenomeWideSNP_6_E03_1343866	5	34504668	34508479	7	-5.8175
DRIPS_p_TCGA_295_296_297_N_GenomeWideSNP_6_E03_1343866	5	34515385	39311758	3237	-0.5914
DRIPS_p_TCGA_295_296_297_N_GenomeWideSNP_6_E03_1343866	5	39313433	39533331	152	0.2636
DRIPS_p_TCGA_295_296_297_N_GenomeWideSNP_6_E03_1343866	5	39545413	44599864	2895	-0.6293
DRIPS_p_TCGA_295_296_297_N_GenomeWideSNP_6_E03_1343866	5	44602173	58548231	6671	-0.0239
DRIPS_p_TCGA_295_296_297_N_GenomeWideSNP_6_E03_1343866	5	58554904	59127303	444	-1.1343
DRIPS_p_TCGA_295_296_297_N_GenomeWideSNP_6_E03_1343866	5	59137788	63226451	2398	-0.0323
DRIPS_p_TCGA_295_296_297_N_GenomeWideSNP_6_E03_1343866	5	63229897	63696628	194	0.5436
DRIPS_p_TCGA_295_296_297_N_GenomeWideSNP_6_E03_1343866	5	63701875	63719296	10	-0.3079
DRIPS_p_TCGA_295_296_297_N_GenomeWideSNP_6_E03_1343866	5	63721516	63968893	169	0.5917
DRIPS_p_TCGA_295_296_297_N_GenomeWideSNP_6_E03_1343866	5	63970546	64253211	141	-0.0319
DRIPS_p_TCGA_295_296_297_N_GenomeWideSNP_6_E03_1343866	5	64253383	64978327	411	0.3606
DRIPS_p_TCGA_295_296_297_N_GenomeWideSNP_6_E03_1343866	5	64978757	65665913	449	-0.0895
DRIPS_p_TCGA_295_296_297_N_GenomeWideSNP_6_E03_1343866	5	65667246	65667478	2	-2.1611
DRIPS_p_TCGA_295_296_297_N_GenomeWideSNP_6_E03_1343866	5	65671410	95704305	16833	-0.1011
DRIPS_p_TCGA_295_296_297_N_GenomeWideSNP_6_E03_1343866	5	95709170	95959753	181	-1.0743
DRIPS_p_TCGA_295_296_297_N_GenomeWideSNP_6_E03_1343866	5	95964019	106797311	6432	-0.0259
DRIPS_p_TCGA_295_296_297_N_GenomeWideSNP_6_E03_1343866	5	106801163	106829413	36	0.4774
DRIPS_p_TCGA_295_296_297_N_GenomeWideSNP_6_E03_1343866	5	106833151	110909372	2619	0.001
DRIPS_p_TCGA_295_296_297_N_GenomeWideSNP_6_E03_1343866	5	110909503	110910654	4	-1.0706
DRIPS_p_TCGA_295_296_297_N_GenomeWideSNP_6_E03_1343866	5	110911045	114338758	2577	0.0601
DRIPS_p_TCGA_295_296_297_N_GenomeWideSNP_6_E03_1343866	5	114339255	114577358	153	0.5059
DRIPS_p_TCGA_295_296_297_N_GenomeWideSNP_6_E03_1343866	5	114583701	117238471	2059	0.0084
DRIPS_p_TCGA_295_296_297_N_GenomeWideSNP_6_E03_1343866	5	117239454	117239474	2	-1.6317
DRIPS_p_TCGA_295_296_297_N_GenomeWideSNP_6_E03_1343866	5	117246760	139286462	13483	-0.0468
DRIPS_p_TCGA_295_296_297_N_GenomeWideSNP_6_E03_1343866	5	139289219	140121428	388	0.36
DRIPS_p_TCGA_295_296_297_N_GenomeWideSNP_6_E03_1343866	5	140124786	150065600	6539	-0.0527
DRIPS_p_TCGA_295_296_297_N_GenomeWideSNP_6_E03_1343866	5	150069514	150085469	12	0.5665
DRIPS_p_TCGA_295_296_297_N_GenomeWideSNP_6_E03_1343866	5	150088161	150202205	59	-0.1095
DRIPS_p_TCGA_295_296_297_N_GenomeWideSNP_6_E03_1343866	5	150205500	150218604	8	-0.942
DRIPS_p_TCGA_295_296_297_N_GenomeWideSNP_6_E03_1343866	5	150223387	155672995	3759	-0.053
DRIPS_p_TCGA_295_296_297_N_GenomeWideSNP_6_E03_1343866	5	155680139	155715803	32	-1.2379
DRIPS_p_TCGA_295_296_297_N_GenomeWideSNP_6_E03_1343866	5	155720978	158975210	2227	-0.0802
DRIPS_p_TCGA_295_296_297_N_GenomeWideSNP_6_E03_1343866	5	158975500	158984796	11	-0.7184
DRIPS_p_TCGA_295_296_297_N_GenomeWideSNP_6_E03_1343866	5	158984845	162667149	2393	-0.0634
DRIPS_p_TCGA_295_296_297_N_GenomeWideSNP_6_E03_1343866	5	162670982	163258459	427	0.3689
DRIPS_p_TCGA_295_296_297_N_GenomeWideSNP_6_E03_1343866	5	163258924	166855795	2352	-0.0679
DRIPS_p_TCGA_295_296_297_N_GenomeWideSNP_6_E03_1343866	5	166857015	166857342	2	1.4678
DRIPS_p_TCGA_295_296_297_N_GenomeWideSNP_6_E03_1343866	5	166864323	168267907	1131	-0.0245
DRIPS_p_TCGA_295_296_297_N_GenomeWideSNP_6_E03_1343866	5	168268371	168268387	2	-2.5026
DRIPS_p_TCGA_295_296_297_N_GenomeWideSNP_6_E03_1343866	5	168270244	180790320	8096	-0.0044
DRIPS_p_TCGA_295_296_297_N_GenomeWideSNP_6_E03_1343866	6	149661	1749928	1407	-0.5566
DRIPS_p_TCGA_295_296_297_N_GenomeWideSNP_6_E03_1343866	6	1757134	2039044	200	0.4016
DRIPS_p_TCGA_295_296_297_N_GenomeWideSNP_6_E03_1343866	6	2041698	4987597	2352	-0.5045
DRIPS_p_TCGA_295_296_297_N_GenomeWideSNP_6_E03_1343866	6	4990660	5245274	221	0.3598
DRIPS_p_TCGA_295_296_297_N_GenomeWideSNP_6_E03_1343866	6	5246118	7824236	2168	-0.5966
DRIPS_p_TCGA_295_296_297_N_GenomeWideSNP_6_E03_1343866	6	7826084	11099407	2361	0.2209
DRIPS_p_TCGA_295_296_297_N_GenomeWideSNP_6_E03_1343866	6	11101918	29915751	12996	0.6873
DRIPS_p_TCGA_295_296_297_N_GenomeWideSNP_6_E03_1343866	6	29916368	29937311	18	-0.2399
DRIPS_p_TCGA_295_296_297_N_GenomeWideSNP_6_E03_1343866	6	29938777	32050544	911	0.5533
DRIPS_p_TCGA_295_296_297_N_GenomeWideSNP_6_E03_1343866	6	32057313	32057503	7	1.3638
DRIPS_p_TCGA_295_296_297_N_GenomeWideSNP_6_E03_1343866	6	32059191	32448129	219	0.592
DRIPS_p_TCGA_295_296_297_N_GenomeWideSNP_6_E03_1343866	6	32449050	32573771	37	0.1473
DRIPS_p_TCGA_295_296_297_N_GenomeWideSNP_6_E03_1343866	6	32574014	33938743	836	0.5778
DRIPS_p_TCGA_295_296_297_N_GenomeWideSNP_6_E03_1343866	6	33942011	33942705	6	-0.7088
DRIPS_p_TCGA_295_296_297_N_GenomeWideSNP_6_E03_1343866	6	33944586	40245483	4026	0.5813
DRIPS_p_TCGA_295_296_297_N_GenomeWideSNP_6_E03_1343866	6	40248700	54138197	9004	0.1771
DRIPS_p_TCGA_295_296_297_N_GenomeWideSNP_6_E03_1343866	6	54141651	54157356	16	0.7123
DRIPS_p_TCGA_295_296_297_N_GenomeWideSNP_6_E03_1343866	6	54159146	55784278	1022	0.2064
DRIPS_p_TCGA_295_296_297_N_GenomeWideSNP_6_E03_1343866	6	55787185	56252040	300	0.7455
DRIPS_p_TCGA_295_296_297_N_GenomeWideSNP_6_E03_1343866	6	56256974	74591858	9012	0.2067
DRIPS_p_TCGA_295_296_297_N_GenomeWideSNP_6_E03_1343866	6	74592225	74597341	9	1.0697
DRIPS_p_TCGA_295_296_297_N_GenomeWideSNP_6_E03_1343866	6	74601410	76182437	1017	0.1827
DRIPS_p_TCGA_295_296_297_N_GenomeWideSNP_6_E03_1343866	6	76189094	76192998	8	0.895
DRIPS_p_TCGA_295_296_297_N_GenomeWideSNP_6_E03_1343866	6	76196306	76884959	357	0.2346
DRIPS_p_TCGA_295_296_297_N_GenomeWideSNP_6_E03_1343866	6	76886987	76910582	21	0.7163
DRIPS_p_TCGA_295_296_297_N_GenomeWideSNP_6_E03_1343866	6	76912478	77014948	67	0.1703
DRIPS_p_TCGA_295_296_297_N_GenomeWideSNP_6_E03_1343866	6	77016900	77016926	3	1.2445
DRIPS_p_TCGA_295_296_297_N_GenomeWideSNP_6_E03_1343866	6	77016993	103734825	16856	0.1928
DRIPS_p_TCGA_295_296_297_N_GenomeWideSNP_6_E03_1343866	6	103734829	103762061	46	0.9163
DRIPS_p_TCGA_295_296_297_N_GenomeWideSNP_6_E03_1343866	6	103765470	111548430	4891	0.1906
DRIPS_p_TCGA_295_296_297_N_GenomeWideSNP_6_E03_1343866	6	111548813	112670087	723	0.726
DRIPS_p_TCGA_295_296_297_N_GenomeWideSNP_6_E03_1343866	6	112674369	112677274	5	0.0184
DRIPS_p_TCGA_295_296_297_N_GenomeWideSNP_6_E03_1343866	6	112685839	112917244	127	0.7099
DRIPS_p_TCGA_295_296_297_N_GenomeWideSNP_6_E03_1343866	6	112918530	114219631	902	1.1341
DRIPS_p_TCGA_295_296_297_N_GenomeWideSNP_6_E03_1343866	6	114220349	116320067	1156	0.7312
DRIPS_p_TCGA_295_296_297_N_GenomeWideSNP_6_E03_1343866	6	116327218	121749927	3205	0.213
DRIPS_p_TCGA_295_296_297_N_GenomeWideSNP_6_E03_1343866	6	121758907	123609484	1050	0.7124
DRIPS_p_TCGA_295_296_297_N_GenomeWideSNP_6_E03_1343866	6	123613861	123614014	3	-0.3868
DRIPS_p_TCGA_295_296_297_N_GenomeWideSNP_6_E03_1343866	6	123615473	124237244	420	0.7231
DRIPS_p_TCGA_295_296_297_N_GenomeWideSNP_6_E03_1343866	6	124237825	126301033	1441	0.1942
DRIPS_p_TCGA_295_296_297_N_GenomeWideSNP_6_E03_1343866	6	126302201	126890788	276	-0.6553
DRIPS_p_TCGA_295_296_297_N_GenomeWideSNP_6_E03_1343866	6	126901819	126921856	8	-1.5779
DRIPS_p_TCGA_295_296_297_N_GenomeWideSNP_6_E03_1343866	6	126922808	127433176	266	-2.9675
DRIPS_p_TCGA_295_296_297_N_GenomeWideSNP_6_E03_1343866	6	127433226	165892395	26084	-0.6741
DRIPS_p_TCGA_295_296_297_N_GenomeWideSNP_6_E03_1343866	6	165893758	169503245	2526	0.1082
DRIPS_p_TCGA_295_296_297_N_GenomeWideSNP_6_E03_1343866	6	169503331	169503796	7	-0.8189
DRIPS_p_TCGA_295_296_297_N_GenomeWideSNP_6_E03_1343866	6	169503976	169599832	106	0.1323
DRIPS_p_TCGA_295_296_297_N_GenomeWideSNP_6_E03_1343866	6	169601309	169601313	2	-1.9563
DRIPS_p_TCGA_295_296_297_N_GenomeWideSNP_6_E03_1343866	6	169602961	171051005	842	0.1251
DRIPS_p_TCGA_295_296_297_N_GenomeWideSNP_6_E03_1343866	7	43355	5512789	2869	0.3741
DRIPS_p_TCGA_295_296_297_N_GenomeWideSNP_6_E03_1343866	7	5515695	5683933	64	0.8342
DRIPS_p_TCGA_295_296_297_N_GenomeWideSNP_6_E03_1343866	7	5684201	12130831	4841	0.3492
DRIPS_p_TCGA_295_296_297_N_GenomeWideSNP_6_E03_1343866	7	12130912	12912663	570	0.8358
DRIPS_p_TCGA_295_296_297_N_GenomeWideSNP_6_E03_1343866	7	12917029	12927121	10	1.4049
DRIPS_p_TCGA_295_296_297_N_GenomeWideSNP_6_E03_1343866	7	12929034	13080567	108	0.8059
DRIPS_p_TCGA_295_296_297_N_GenomeWideSNP_6_E03_1343866	7	13080760	15481039	1972	0.3572
DRIPS_p_TCGA_295_296_297_N_GenomeWideSNP_6_E03_1343866	7	15483498	15496242	19	0.9453
DRIPS_p_TCGA_295_296_297_N_GenomeWideSNP_6_E03_1343866	7	15496883	17582940	1679	0.3988
DRIPS_p_TCGA_295_296_297_N_GenomeWideSNP_6_E03_1343866	7	17584021	17635119	48	0.9283
DRIPS_p_TCGA_295_296_297_N_GenomeWideSNP_6_E03_1343866	7	17648777	23050506	4350	0.4049
DRIPS_p_TCGA_295_296_297_N_GenomeWideSNP_6_E03_1343866	7	23053948	23138474	40	0.8541
DRIPS_p_TCGA_295_296_297_N_GenomeWideSNP_6_E03_1343866	7	23140407	23141175	6	-0.7683
DRIPS_p_TCGA_295_296_297_N_GenomeWideSNP_6_E03_1343866	7	23145295	23575803	278	0.8741
DRIPS_p_TCGA_295_296_297_N_GenomeWideSNP_6_E03_1343866	7	23579399	24302171	531	0.3744
DRIPS_p_TCGA_295_296_297_N_GenomeWideSNP_6_E03_1343866	7	24302257	24316557	24	-0.1713
DRIPS_p_TCGA_295_296_297_N_GenomeWideSNP_6_E03_1343866	7	24316706	26131087	1407	0.4174
DRIPS_p_TCGA_295_296_297_N_GenomeWideSNP_6_E03_1343866	7	26131657	26145413	6	-0.2432
DRIPS_p_TCGA_295_296_297_N_GenomeWideSNP_6_E03_1343866	7	26147219	34667197	5955	0.4061
DRIPS_p_TCGA_295_296_297_N_GenomeWideSNP_6_E03_1343866	7	34668163	34895350	139	-0.5781
DRIPS_p_TCGA_295_296_297_N_GenomeWideSNP_6_E03_1343866	7	34899573	34901588	4	-5.3129
DRIPS_p_TCGA_295_296_297_N_GenomeWideSNP_6_E03_1343866	7	34903764	37859213	2089	-0.649
DRIPS_p_TCGA_295_296_297_N_GenomeWideSNP_6_E03_1343866	7	37865954	53451474	10794	0.2762
DRIPS_p_TCGA_295_296_297_N_GenomeWideSNP_6_E03_1343866	7	53455603	53468953	9	-0.5329
DRIPS_p_TCGA_295_296_297_N_GenomeWideSNP_6_E03_1343866	7	53470557	54386510	653	0.2703
DRIPS_p_TCGA_295_296_297_N_GenomeWideSNP_6_E03_1343866	7	54386512	54386517	3	-2.0752
DRIPS_p_TCGA_295_296_297_N_GenomeWideSNP_6_E03_1343866	7	54393488	54488242	60	0.2957
DRIPS_p_TCGA_295_296_297_N_GenomeWideSNP_6_E03_1343866	7	54493204	54496292	2	-0.8017
DRIPS_p_TCGA_295_296_297_N_GenomeWideSNP_6_E03_1343866	7	54497328	54846618	268	0.3647
DRIPS_p_TCGA_295_296_297_N_GenomeWideSNP_6_E03_1343866	7	54846631	55509253	646	0.8805
DRIPS_p_TCGA_295_296_297_N_GenomeWideSNP_6_E03_1343866	7	55509528	68367179	4061	0.2517
DRIPS_p_TCGA_295_296_297_N_GenomeWideSNP_6_E03_1343866	7	68368119	68369079	3	1.7167
DRIPS_p_TCGA_295_296_297_N_GenomeWideSNP_6_E03_1343866	7	68369386	73892616	2887	0.3188
DRIPS_p_TCGA_295_296_297_N_GenomeWideSNP_6_E03_1343866	7	73897255	79721630	2911	0.7802
DRIPS_p_TCGA_295_296_297_N_GenomeWideSNP_6_E03_1343866	7	79722087	79903870	144	0.3201
DRIPS_p_TCGA_295_296_297_N_GenomeWideSNP_6_E03_1343866	7	79905897	80487604	418	0.8889
DRIPS_p_TCGA_295_296_297_N_GenomeWideSNP_6_E03_1343866	7	80488068	81446720	637	0.3343
DRIPS_p_TCGA_295_296_297_N_GenomeWideSNP_6_E03_1343866	7	81447251	91208142	6239	0.835
DRIPS_p_TCGA_295_296_297_N_GenomeWideSNP_6_E03_1343866	7	91218884	91219132	3	-0.5569
DRIPS_p_TCGA_295_296_297_N_GenomeWideSNP_6_E03_1343866	7	91225032	97611341	3967	0.8268
DRIPS_p_TCGA_295_296_297_N_GenomeWideSNP_6_E03_1343866	7	97612024	97612048	2	-0.9508
DRIPS_p_TCGA_295_296_297_N_GenomeWideSNP_6_E03_1343866	7	97613771	98848546	649	0.8415
DRIPS_p_TCGA_295_296_297_N_GenomeWideSNP_6_E03_1343866	7	98852275	99165186	116	1.5349
DRIPS_p_TCGA_295_296_297_N_GenomeWideSNP_6_E03_1343866	7	99171412	100329244	412	0.7652
DRIPS_p_TCGA_295_296_297_N_GenomeWideSNP_6_E03_1343866	7	100329265	100332842	2	-1.5754
DRIPS_p_TCGA_295_296_297_N_GenomeWideSNP_6_E03_1343866	7	100351005	102760511	977	0.8219
DRIPS_p_TCGA_295_296_297_N_GenomeWideSNP_6_E03_1343866	7	102763216	102785110	11	-0.4963
DRIPS_p_TCGA_295_296_297_N_GenomeWideSNP_6_E03_1343866	7	102787135	123077751	12592	0.8503
DRIPS_p_TCGA_295_296_297_N_GenomeWideSNP_6_E03_1343866	7	123082910	123082912	2	-0.7721
DRIPS_p_TCGA_295_296_297_N_GenomeWideSNP_6_E03_1343866	7	123083689	123829244	399	0.8519
DRIPS_p_TCGA_295_296_297_N_GenomeWideSNP_6_E03_1343866	7	123829370	123932537	87	1.4004
DRIPS_p_TCGA_295_296_297_N_GenomeWideSNP_6_E03_1343866	7	123932606	124658427	401	0.8998
DRIPS_p_TCGA_295_296_297_N_GenomeWideSNP_6_E03_1343866	7	124658508	124658697	5	1.6611
DRIPS_p_TCGA_295_296_297_N_GenomeWideSNP_6_E03_1343866	7	124659327	125249884	361	0.9048
DRIPS_p_TCGA_295_296_297_N_GenomeWideSNP_6_E03_1343866	7	125251771	125463717	149	-0.4489
DRIPS_p_TCGA_295_296_297_N_GenomeWideSNP_6_E03_1343866	7	125472699	125476043	4	-2.1068
DRIPS_p_TCGA_295_296_297_N_GenomeWideSNP_6_E03_1343866	7	125479578	131183779	3300	-0.4163
DRIPS_p_TCGA_295_296_297_N_GenomeWideSNP_6_E03_1343866	7	131189112	131248708	42	0.4888
DRIPS_p_TCGA_295_296_297_N_GenomeWideSNP_6_E03_1343866	7	131254512	133775462	1749	-0.4027
DRIPS_p_TCGA_295_296_297_N_GenomeWideSNP_6_E03_1343866	7	133778429	133798558	40	0.2251
DRIPS_p_TCGA_295_296_297_N_GenomeWideSNP_6_E03_1343866	7	133798846	142474939	5666	-0.4102
DRIPS_p_TCGA_295_296_297_N_GenomeWideSNP_6_E03_1343866	7	142476719	142486115	28	0.4144
DRIPS_p_TCGA_295_296_297_N_GenomeWideSNP_6_E03_1343866	7	142486345	143532868	555	-0.4375
DRIPS_p_TCGA_295_296_297_N_GenomeWideSNP_6_E03_1343866	7	143532978	143547272	11	-1.2071
DRIPS_p_TCGA_295_296_297_N_GenomeWideSNP_6_E03_1343866	7	143568059	143709699	123	-0.3659
DRIPS_p_TCGA_295_296_297_N_GenomeWideSNP_6_E03_1343866	7	143710096	143711151	7	-1.2007
DRIPS_p_TCGA_295_296_297_N_GenomeWideSNP_6_E03_1343866	7	143711169	143896252	139	-0.3294
DRIPS_p_TCGA_295_296_297_N_GenomeWideSNP_6_E03_1343866	7	143904279	144066947	43	0.2598
DRIPS_p_TCGA_295_296_297_N_GenomeWideSNP_6_E03_1343866	7	144074929	144737562	447	-0.3872
DRIPS_p_TCGA_295_296_297_N_GenomeWideSNP_6_E03_1343866	7	144747824	144747973	3	0.7602
DRIPS_p_TCGA_295_296_297_N_GenomeWideSNP_6_E03_1343866	7	144750542	145907854	658	-0.425
DRIPS_p_TCGA_295_296_297_N_GenomeWideSNP_6_E03_1343866	7	145910001	145910193	3	-3.2092
DRIPS_p_TCGA_295_296_297_N_GenomeWideSNP_6_E03_1343866	7	145911502	146133867	158	-0.4312
DRIPS_p_TCGA_295_296_297_N_GenomeWideSNP_6_E03_1343866	7	146135189	146139030	3	-4.6997
DRIPS_p_TCGA_295_296_297_N_GenomeWideSNP_6_E03_1343866	7	146139906	151863555	3539	-0.3848
DRIPS_p_TCGA_295_296_297_N_GenomeWideSNP_6_E03_1343866	7	151864074	152199859	117	-2.1537
DRIPS_p_TCGA_295_296_297_N_GenomeWideSNP_6_E03_1343866	7	152199898	152861595	404	-3.293
DRIPS_p_TCGA_295_296_297_N_GenomeWideSNP_6_E03_1343866	7	152867892	154393171	1090	-0.3267
DRIPS_p_TCGA_295_296_297_N_GenomeWideSNP_6_E03_1343866	7	154396107	154399613	3	-2.0404
DRIPS_p_TCGA_295_296_297_N_GenomeWideSNP_6_E03_1343866	7	154400830	154508703	98	-0.2652
DRIPS_p_TCGA_295_296_297_N_GenomeWideSNP_6_E03_1343866	7	154511163	154552343	35	0.5516
DRIPS_p_TCGA_295_296_297_N_GenomeWideSNP_6_E03_1343866	7	154557874	159127004	3097	-0.3227
DRIPS_p_TCGA_295_296_297_N_GenomeWideSNP_6_E03_1343866	8	31254	593041	324	-0.6451
DRIPS_p_TCGA_295_296_297_N_GenomeWideSNP_6_E03_1343866	8	594944	595908	10	0.5672
DRIPS_p_TCGA_295_296_297_N_GenomeWideSNP_6_E03_1343866	8	601043	2247827	1305	-0.5869
DRIPS_p_TCGA_295_296_297_N_GenomeWideSNP_6_E03_1343866	8	2254638	2272426	23	-1.6586
DRIPS_p_TCGA_295_296_297_N_GenomeWideSNP_6_E03_1343866	8	2280513	2701934	447	-0.6197
DRIPS_p_TCGA_295_296_297_N_GenomeWideSNP_6_E03_1343866	8	2703533	2703899	7	-2.1452
DRIPS_p_TCGA_295_296_297_N_GenomeWideSNP_6_E03_1343866	8	2707171	3586120	1024	-0.5267
DRIPS_p_TCGA_295_296_297_N_GenomeWideSNP_6_E03_1343866	8	3586477	3587232	2	-2.6079
DRIPS_p_TCGA_295_296_297_N_GenomeWideSNP_6_E03_1343866	8	3587622	3731967	208	-0.5629
DRIPS_p_TCGA_295_296_297_N_GenomeWideSNP_6_E03_1343866	8	3732413	3734649	3	-3.9807
DRIPS_p_TCGA_295_296_297_N_GenomeWideSNP_6_E03_1343866	8	3734727	7272181	4470	-0.5427
DRIPS_p_TCGA_295_296_297_N_GenomeWideSNP_6_E03_1343866	8	7272240	8087144	210	-0.0833
DRIPS_p_TCGA_295_296_297_N_GenomeWideSNP_6_E03_1343866	8	8092025	12291824	3276	-0.531
DRIPS_p_TCGA_295_296_297_N_GenomeWideSNP_6_E03_1343866	8	12304112	12304656	3	-2.1161
DRIPS_p_TCGA_295_296_297_N_GenomeWideSNP_6_E03_1343866	8	12310684	16197191	3513	-0.3446
DRIPS_p_TCGA_295_296_297_N_GenomeWideSNP_6_E03_1343866	8	16206954	16207123	8	-1.3897
DRIPS_p_TCGA_295_296_297_N_GenomeWideSNP_6_E03_1343866	8	16212084	17396380	1021	-0.3343
DRIPS_p_TCGA_295_296_297_N_GenomeWideSNP_6_E03_1343866	8	17396635	17412493	21	0.5099
DRIPS_p_TCGA_295_296_297_N_GenomeWideSNP_6_E03_1343866	8	17413155	23402308	4730	-0.3278
DRIPS_p_TCGA_295_296_297_N_GenomeWideSNP_6_E03_1343866	8	23407740	23410325	7	-2.0829
DRIPS_p_TCGA_295_296_297_N_GenomeWideSNP_6_E03_1343866	8	23410435	25920967	1900	-0.3223
DRIPS_p_TCGA_295_296_297_N_GenomeWideSNP_6_E03_1343866	8	25921960	25922108	3	-1.8701
DRIPS_p_TCGA_295_296_297_N_GenomeWideSNP_6_E03_1343866	8	25922641	27388199	1100	-0.3437
DRIPS_p_TCGA_295_296_297_N_GenomeWideSNP_6_E03_1343866	8	27389167	27399518	15	-2.6297
DRIPS_p_TCGA_295_296_297_N_GenomeWideSNP_6_E03_1343866	8	27400638	27405158	8	-1.186
DRIPS_p_TCGA_295_296_297_N_GenomeWideSNP_6_E03_1343866	8	27405173	32678866	3551	-0.3476
DRIPS_p_TCGA_295_296_297_N_GenomeWideSNP_6_E03_1343866	8	32683098	32688413	8	1.4912
DRIPS_p_TCGA_295_296_297_N_GenomeWideSNP_6_E03_1343866	8	32692106	37941867	2893	-0.3316
DRIPS_p_TCGA_295_296_297_N_GenomeWideSNP_6_E03_1343866	8	37943546	39226349	678	0.037
DRIPS_p_TCGA_295_296_297_N_GenomeWideSNP_6_E03_1343866	8	39230183	39388299	63	0.4414
DRIPS_p_TCGA_295_296_297_N_GenomeWideSNP_6_E03_1343866	8	39388779	50921688	4512	0.0612
DRIPS_p_TCGA_295_296_297_N_GenomeWideSNP_6_E03_1343866	8	50921942	50922208	2	-1.6139
DRIPS_p_TCGA_295_296_297_N_GenomeWideSNP_6_E03_1343866	8	50922608	57196239	4074	0.0565
DRIPS_p_TCGA_295_296_297_N_GenomeWideSNP_6_E03_1343866	8	57196361	57213763	16	-0.5283
DRIPS_p_TCGA_295_296_297_N_GenomeWideSNP_6_E03_1343866	8	57214372	57432470	127	0.0789
DRIPS_p_TCGA_295_296_297_N_GenomeWideSNP_6_E03_1343866	8	57437426	57648762	134	0.5012
DRIPS_p_TCGA_295_296_297_N_GenomeWideSNP_6_E03_1343866	8	57648795	63213378	3788	0.0263
DRIPS_p_TCGA_295_296_297_N_GenomeWideSNP_6_E03_1343866	8	63217551	63224085	7	-0.8392
DRIPS_p_TCGA_295_296_297_N_GenomeWideSNP_6_E03_1343866	8	63229146	67036573	2112	0.0401
DRIPS_p_TCGA_295_296_297_N_GenomeWideSNP_6_E03_1343866	8	67037110	67037464	2	-1.7562
DRIPS_p_TCGA_295_296_297_N_GenomeWideSNP_6_E03_1343866	8	67039389	78713978	7272	0.044
DRIPS_p_TCGA_295_296_297_N_GenomeWideSNP_6_E03_1343866	8	78714614	79409435	391	0.4937
DRIPS_p_TCGA_295_296_297_N_GenomeWideSNP_6_E03_1343866	8	79409951	85292571	3461	0.0232
DRIPS_p_TCGA_295_296_297_N_GenomeWideSNP_6_E03_1343866	8	85293666	85346393	27	0.5679
DRIPS_p_TCGA_295_296_297_N_GenomeWideSNP_6_E03_1343866	8	85349461	90918503	3046	0.0295
DRIPS_p_TCGA_295_296_297_N_GenomeWideSNP_6_E03_1343866	8	90922104	91101529	116	0.6185
DRIPS_p_TCGA_295_296_297_N_GenomeWideSNP_6_E03_1343866	8	91111193	95167247	2361	0.0273
DRIPS_p_TCGA_295_296_297_N_GenomeWideSNP_6_E03_1343866	8	95167569	95206269	42	0.587
DRIPS_p_TCGA_295_296_297_N_GenomeWideSNP_6_E03_1343866	8	95207798	95557552	209	0.0429
DRIPS_p_TCGA_295_296_297_N_GenomeWideSNP_6_E03_1343866	8	95557602	95557992	6	1.3308
DRIPS_p_TCGA_295_296_297_N_GenomeWideSNP_6_E03_1343866	8	95558115	98284106	1869	0.0559
DRIPS_p_TCGA_295_296_297_N_GenomeWideSNP_6_E03_1343866	8	98286287	98306699	16	0.6264
DRIPS_p_TCGA_295_296_297_N_GenomeWideSNP_6_E03_1343866	8	98314492	99173194	576	0.0778
DRIPS_p_TCGA_295_296_297_N_GenomeWideSNP_6_E03_1343866	8	99174495	102039707	1467	-0.9492
DRIPS_p_TCGA_295_296_297_N_GenomeWideSNP_6_E03_1343866	8	102040496	103515130	1036	0.691
DRIPS_p_TCGA_295_296_297_N_GenomeWideSNP_6_E03_1343866	8	103516774	111658091	4956	1.25
DRIPS_p_TCGA_295_296_297_N_GenomeWideSNP_6_E03_1343866	8	111659902	112291494	330	1.8602
DRIPS_p_TCGA_295_296_297_N_GenomeWideSNP_6_E03_1343866	8	112294279	112295260	10	3.054
DRIPS_p_TCGA_295_296_297_N_GenomeWideSNP_6_E03_1343866	8	112300281	113078404	404	1.83
DRIPS_p_TCGA_295_296_297_N_GenomeWideSNP_6_E03_1343866	8	113080325	113099835	4	0.5557
DRIPS_p_TCGA_295_296_297_N_GenomeWideSNP_6_E03_1343866	8	113100839	114574126	798	1.8247
DRIPS_p_TCGA_295_296_297_N_GenomeWideSNP_6_E03_1343866	8	114579611	114579612	2	-0.2366
DRIPS_p_TCGA_295_296_297_N_GenomeWideSNP_6_E03_1343866	8	114592701	119379554	3124	1.8128
DRIPS_p_TCGA_295_296_297_N_GenomeWideSNP_6_E03_1343866	8	119379645	120152010	628	2.433
DRIPS_p_TCGA_295_296_297_N_GenomeWideSNP_6_E03_1343866	8	120154784	120159446	4	0.4346
DRIPS_p_TCGA_295_296_297_N_GenomeWideSNP_6_E03_1343866	8	120162854	120296549	102	2.4643
DRIPS_p_TCGA_295_296_297_N_GenomeWideSNP_6_E03_1343866	8	120311108	121016850	461	1.7488
DRIPS_p_TCGA_295_296_297_N_GenomeWideSNP_6_E03_1343866	8	121018175	130792234	6829	1.1998
DRIPS_p_TCGA_295_296_297_N_GenomeWideSNP_6_E03_1343866	8	130808973	130828984	13	0.2766
DRIPS_p_TCGA_295_296_297_N_GenomeWideSNP_6_E03_1343866	8	130829037	131156071	156	1.2321
DRIPS_p_TCGA_295_296_297_N_GenomeWideSNP_6_E03_1343866	8	131164346	143128775	9224	0.7007
DRIPS_p_TCGA_295_296_297_N_GenomeWideSNP_6_E03_1343866	8	143130579	143145749	10	-0.278
DRIPS_p_TCGA_295_296_297_N_GenomeWideSNP_6_E03_1343866	8	143148417	146213458	1080	0.6513
DRIPS_p_TCGA_295_296_297_N_GenomeWideSNP_6_E03_1343866	8	146213873	146298155	42	-1.042
DRIPS_p_TCGA_295_296_297_N_GenomeWideSNP_6_E03_1343866	9	46587	947161	933	0.7013
DRIPS_p_TCGA_295_296_297_N_GenomeWideSNP_6_E03_1343866	9	947880	2920872	2160	1.1561
DRIPS_p_TCGA_295_296_297_N_GenomeWideSNP_6_E03_1343866	9	2923452	3755197	658	0.7695
DRIPS_p_TCGA_295_296_297_N_GenomeWideSNP_6_E03_1343866	9	3757758	4200802	577	0.2432
DRIPS_p_TCGA_295_296_297_N_GenomeWideSNP_6_E03_1343866	9	4202667	4846754	631	0.721
DRIPS_p_TCGA_295_296_297_N_GenomeWideSNP_6_E03_1343866	9	4848297	4888401	44	1.0353
DRIPS_p_TCGA_295_296_297_N_GenomeWideSNP_6_E03_1343866	9	4888441	10649660	5220	0.7361
DRIPS_p_TCGA_295_296_297_N_GenomeWideSNP_6_E03_1343866	9	10649864	10657332	6	-0.2879
DRIPS_p_TCGA_295_296_297_N_GenomeWideSNP_6_E03_1343866	9	10657520	26962559	12747	0.7604
DRIPS_p_TCGA_295_296_297_N_GenomeWideSNP_6_E03_1343866	9	26971329	28168157	1066	1.1302
DRIPS_p_TCGA_295_296_297_N_GenomeWideSNP_6_E03_1343866	9	28168979	34622466	4440	0.7399
DRIPS_p_TCGA_295_296_297_N_GenomeWideSNP_6_E03_1343866	9	34623235	68183978	3078	0.1994
DRIPS_p_TCGA_295_296_297_N_GenomeWideSNP_6_E03_1343866	9	68183981	68209916	10	1.2327
DRIPS_p_TCGA_295_296_297_N_GenomeWideSNP_6_E03_1343866	9	68210046	103969076	23107	-0.3575
DRIPS_p_TCGA_295_296_297_N_GenomeWideSNP_6_E03_1343866	9	103970732	103974339	5	-2.0121
DRIPS_p_TCGA_295_296_297_N_GenomeWideSNP_6_E03_1343866	9	103978830	136126177	22605	-0.3368
DRIPS_p_TCGA_295_296_297_N_GenomeWideSNP_6_E03_1343866	9	136128546	136132873	4	-4.5093
DRIPS_p_TCGA_295_296_297_N_GenomeWideSNP_6_E03_1343866	9	136133699	141091394	2334	-0.3746
DRIPS_p_TCGA_295_296_297_N_GenomeWideSNP_6_E03_1343866	10	72759	1900886	1293	0.0051
DRIPS_p_TCGA_295_296_297_N_GenomeWideSNP_6_E03_1343866	10	1902085	1902670	9	-1.2464
DRIPS_p_TCGA_295_296_297_N_GenomeWideSNP_6_E03_1343866	10	1902688	3140540	1234	0.023
DRIPS_p_TCGA_295_296_297_N_GenomeWideSNP_6_E03_1343866	10	3141086	3173364	29	-0.954
DRIPS_p_TCGA_295_296_297_N_GenomeWideSNP_6_E03_1343866	10	3175763	3818415	558	0.014
DRIPS_p_TCGA_295_296_297_N_GenomeWideSNP_6_E03_1343866	10	3818438	3818477	3	2.2644
DRIPS_p_TCGA_295_296_297_N_GenomeWideSNP_6_E03_1343866	10	3819040	4201507	364	0.1372
DRIPS_p_TCGA_295_296_297_N_GenomeWideSNP_6_E03_1343866	10	4202297	4202518	2	-2.1021
DRIPS_p_TCGA_295_296_297_N_GenomeWideSNP_6_E03_1343866	10	4203580	4885536	716	0.1784
DRIPS_p_TCGA_295_296_297_N_GenomeWideSNP_6_E03_1343866	10	4891112	9715351	4078	0.7204
DRIPS_p_TCGA_295_296_297_N_GenomeWideSNP_6_E03_1343866	10	9720142	10375643	479	1.1418
DRIPS_p_TCGA_295_296_297_N_GenomeWideSNP_6_E03_1343866	10	10376616	11838400	1259	0.7282
DRIPS_p_TCGA_295_296_297_N_GenomeWideSNP_6_E03_1343866	10	11838669	15376857	2911	0.2082
DRIPS_p_TCGA_295_296_297_N_GenomeWideSNP_6_E03_1343866	10	15378398	16022395	502	0.7269
DRIPS_p_TCGA_295_296_297_N_GenomeWideSNP_6_E03_1343866	10	16022543	18615237	1736	0.1775
DRIPS_p_TCGA_295_296_297_N_GenomeWideSNP_6_E03_1343866	10	18617051	19189952	477	0.7132
DRIPS_p_TCGA_295_296_297_N_GenomeWideSNP_6_E03_1343866	10	19190079	24283903	3484	0.2127
DRIPS_p_TCGA_295_296_297_N_GenomeWideSNP_6_E03_1343866	10	24284529	24284764	4	-0.7569
DRIPS_p_TCGA_295_296_297_N_GenomeWideSNP_6_E03_1343866	10	24300721	25595373	875	0.2723
DRIPS_p_TCGA_295_296_297_N_GenomeWideSNP_6_E03_1343866	10	25597308	25600208	2	-1.5205
DRIPS_p_TCGA_295_296_297_N_GenomeWideSNP_6_E03_1343866	10	25601033	34028908	6074	0.2257
DRIPS_p_TCGA_295_296_297_N_GenomeWideSNP_6_E03_1343866	10	34030666	34036872	8	0.9414
DRIPS_p_TCGA_295_296_297_N_GenomeWideSNP_6_E03_1343866	10	34037355	34216806	141	0.3083
DRIPS_p_TCGA_295_296_297_N_GenomeWideSNP_6_E03_1343866	10	34218093	35056039	571	0.9334
DRIPS_p_TCGA_295_296_297_N_GenomeWideSNP_6_E03_1343866	10	35060434	35266784	132	1.3422
DRIPS_p_TCGA_295_296_297_N_GenomeWideSNP_6_E03_1343866	10	35267367	36083302	452	0.7897
DRIPS_p_TCGA_295_296_297_N_GenomeWideSNP_6_E03_1343866	10	36089397	37813590	1124	0.2574
DRIPS_p_TCGA_295_296_297_N_GenomeWideSNP_6_E03_1343866	10	37821765	37821989	4	-1.0855
DRIPS_p_TCGA_295_296_297_N_GenomeWideSNP_6_E03_1343866	10	37825489	39076221	573	0.2216
DRIPS_p_TCGA_295_296_297_N_GenomeWideSNP_6_E03_1343866	10	42433540	47069619	2505	-0.5753
DRIPS_p_TCGA_295_296_297_N_GenomeWideSNP_6_E03_1343866	10	47069690	47117349	38	-1.3446
DRIPS_p_TCGA_295_296_297_N_GenomeWideSNP_6_E03_1343866	10	47117366	47897394	218	-0.6492
DRIPS_p_TCGA_295_296_297_N_GenomeWideSNP_6_E03_1343866	10	47912899	47913401	2	2.9143
DRIPS_p_TCGA_295_296_297_N_GenomeWideSNP_6_E03_1343866	10	47948060	60406129	8034	-0.5718
DRIPS_p_TCGA_295_296_297_N_GenomeWideSNP_6_E03_1343866	10	60406478	62681391	1744	0.2792
DRIPS_p_TCGA_295_296_297_N_GenomeWideSNP_6_E03_1343866	10	62682169	67781998	3397	-0.5616
DRIPS_p_TCGA_295_296_297_N_GenomeWideSNP_6_E03_1343866	10	67784429	67785037	2	-2.7682
DRIPS_p_TCGA_295_296_297_N_GenomeWideSNP_6_E03_1343866	10	67785177	67877035	83	-0.598
DRIPS_p_TCGA_295_296_297_N_GenomeWideSNP_6_E03_1343866	10	67879440	68073381	122	0.257
DRIPS_p_TCGA_295_296_297_N_GenomeWideSNP_6_E03_1343866	10	68077592	129186179	41019	-0.5863
DRIPS_p_TCGA_295_296_297_N_GenomeWideSNP_6_E03_1343866	10	129186195	129505819	286	-0.154
DRIPS_p_TCGA_295_296_297_N_GenomeWideSNP_6_E03_1343866	10	129512111	133642777	3317	-0.6433
DRIPS_p_TCGA_295_296_297_N_GenomeWideSNP_6_E03_1343866	10	133647132	133658347	18	-5.6501
DRIPS_p_TCGA_295_296_297_N_GenomeWideSNP_6_E03_1343866	10	133658715	135506704	838	-0.7007
DRIPS_p_TCGA_295_296_297_N_GenomeWideSNP_6_E03_1343866	11	198510	4239054	1785	0.0753
DRIPS_p_TCGA_295_296_297_N_GenomeWideSNP_6_E03_1343866	11	4250013	4301391	19	-0.7146
DRIPS_p_TCGA_295_296_297_N_GenomeWideSNP_6_E03_1343866	11	4307420	4967650	666	0.101
DRIPS_p_TCGA_295_296_297_N_GenomeWideSNP_6_E03_1343866	11	4968117	4976493	35	1.255
DRIPS_p_TCGA_295_296_297_N_GenomeWideSNP_6_E03_1343866	11	4976534	5787405	789	0.1504
DRIPS_p_TCGA_295_296_297_N_GenomeWideSNP_6_E03_1343866	11	5788080	5809139	32	-2.3191
DRIPS_p_TCGA_295_296_297_N_GenomeWideSNP_6_E03_1343866	11	5809338	5871523	67	0.0667
DRIPS_p_TCGA_295_296_297_N_GenomeWideSNP_6_E03_1343866	11	5872237	5883317	7	-0.9302
DRIPS_p_TCGA_295_296_297_N_GenomeWideSNP_6_E03_1343866	11	5885711	6221090	233	0.1519
DRIPS_p_TCGA_295_296_297_N_GenomeWideSNP_6_E03_1343866	11	6221214	6221380	3	1.5317
DRIPS_p_TCGA_295_296_297_N_GenomeWideSNP_6_E03_1343866	11	6221741	7646906	1062	0.1038
DRIPS_p_TCGA_295_296_297_N_GenomeWideSNP_6_E03_1343866	11	7648750	7813040	128	0.6848
DRIPS_p_TCGA_295_296_297_N_GenomeWideSNP_6_E03_1343866	11	7813460	7832258	6	-1.435
DRIPS_p_TCGA_295_296_297_N_GenomeWideSNP_6_E03_1343866	11	7837009	8212242	284	0.6868
DRIPS_p_TCGA_295_296_297_N_GenomeWideSNP_6_E03_1343866	11	8212544	10135230	1196	0.1012
DRIPS_p_TCGA_295_296_297_N_GenomeWideSNP_6_E03_1343866	11	10135849	10141219	2	-1.1265
DRIPS_p_TCGA_295_296_297_N_GenomeWideSNP_6_E03_1343866	11	10141743	18949109	6414	0.1422
DRIPS_p_TCGA_295_296_297_N_GenomeWideSNP_6_E03_1343866	11	18949325	18961314	41	0.5169
DRIPS_p_TCGA_295_296_297_N_GenomeWideSNP_6_E03_1343866	11	18961329	30275817	8375	0.1802
DRIPS_p_TCGA_295_296_297_N_GenomeWideSNP_6_E03_1343866	11	30276328	30338235	37	0.7038
DRIPS_p_TCGA_295_296_297_N_GenomeWideSNP_6_E03_1343866	11	30338305	39997996	6766	0.1991
DRIPS_p_TCGA_295_296_297_N_GenomeWideSNP_6_E03_1343866	11	39998512	40294245	211	0.7223
DRIPS_p_TCGA_295_296_297_N_GenomeWideSNP_6_E03_1343866	11	40301193	43653747	2370	0.2075
DRIPS_p_TCGA_295_296_297_N_GenomeWideSNP_6_E03_1343866	11	43653833	43666701	14	0.9112
DRIPS_p_TCGA_295_296_297_N_GenomeWideSNP_6_E03_1343866	11	43669351	44610493	680	0.2769
DRIPS_p_TCGA_295_296_297_N_GenomeWideSNP_6_E03_1343866	11	44614458	44769032	121	0.8168
DRIPS_p_TCGA_295_296_297_N_GenomeWideSNP_6_E03_1343866	11	44770933	48710433	2055	0.215
DRIPS_p_TCGA_295_296_297_N_GenomeWideSNP_6_E03_1343866	11	48714075	48807408	39	0.7706
DRIPS_p_TCGA_295_296_297_N_GenomeWideSNP_6_E03_1343866	11	48844424	59166402	3451	0.2215
DRIPS_p_TCGA_295_296_297_N_GenomeWideSNP_6_E03_1343866	11	59168792	59586366	247	0.7211
DRIPS_p_TCGA_295_296_297_N_GenomeWideSNP_6_E03_1343866	11	59586423	60949760	873	0.2266
DRIPS_p_TCGA_295_296_297_N_GenomeWideSNP_6_E03_1343866	11	60952428	60952911	6	-0.7067
DRIPS_p_TCGA_295_296_297_N_GenomeWideSNP_6_E03_1343866	11	60953266	65167761	1928	0.2447
DRIPS_p_TCGA_295_296_297_N_GenomeWideSNP_6_E03_1343866	11	65169248	65278783	47	0.6664
DRIPS_p_TCGA_295_296_297_N_GenomeWideSNP_6_E03_1343866	11	65285207	74753492	4612	0.2935
DRIPS_p_TCGA_295_296_297_N_GenomeWideSNP_6_E03_1343866	11	74757832	75135446	217	0.7902
DRIPS_p_TCGA_295_296_297_N_GenomeWideSNP_6_E03_1343866	11	75138378	97706823	15265	-0.5437
DRIPS_p_TCGA_295_296_297_N_GenomeWideSNP_6_E03_1343866	11	97716608	98804930	823	0.3323
DRIPS_p_TCGA_295_296_297_N_GenomeWideSNP_6_E03_1343866	11	98804952	98927719	77	-0.4848
DRIPS_p_TCGA_295_296_297_N_GenomeWideSNP_6_E03_1343866	11	98930198	99191129	228	0.3554
DRIPS_p_TCGA_295_296_297_N_GenomeWideSNP_6_E03_1343866	11	99201755	99493425	212	-0.5617
DRIPS_p_TCGA_295_296_297_N_GenomeWideSNP_6_E03_1343866	11	99493578	99493632	2	-2.3146
DRIPS_p_TCGA_295_296_297_N_GenomeWideSNP_6_E03_1343866	11	99493699	101667702	1795	-0.5238
DRIPS_p_TCGA_295_296_297_N_GenomeWideSNP_6_E03_1343866	11	101668066	101668330	2	-2.4683
DRIPS_p_TCGA_295_296_297_N_GenomeWideSNP_6_E03_1343866	11	101668820	102094930	251	-0.5353
DRIPS_p_TCGA_295_296_297_N_GenomeWideSNP_6_E03_1343866	11	102097315	102103098	3	1.1395
DRIPS_p_TCGA_295_296_297_N_GenomeWideSNP_6_E03_1343866	11	102104224	102951062	570	-0.5204
DRIPS_p_TCGA_295_296_297_N_GenomeWideSNP_6_E03_1343866	11	102951939	102952377	3	-2.0654
DRIPS_p_TCGA_295_296_297_N_GenomeWideSNP_6_E03_1343866	11	102955091	110839382	5173	-0.535
DRIPS_p_TCGA_295_296_297_N_GenomeWideSNP_6_E03_1343866	11	110843688	111782913	625	0.3253
DRIPS_p_TCGA_295_296_297_N_GenomeWideSNP_6_E03_1343866	11	111784816	125208832	9562	-0.5443
DRIPS_p_TCGA_295_296_297_N_GenomeWideSNP_6_E03_1343866	11	125213219	126656480	1004	0.3449
DRIPS_p_TCGA_295_296_297_N_GenomeWideSNP_6_E03_1343866	11	126658934	129594021	2334	-0.5853
DRIPS_p_TCGA_295_296_297_N_GenomeWideSNP_6_E03_1343866	11	129597457	129597476	2	-4.1472
DRIPS_p_TCGA_295_296_297_N_GenomeWideSNP_6_E03_1343866	11	129605170	134944770	4051	-0.5622
DRIPS_p_TCGA_295_296_297_N_GenomeWideSNP_6_E03_1343866	12	150442	191054	7	-0.31
DRIPS_p_TCGA_295_296_297_N_GenomeWideSNP_6_E03_1343866	12	191619	6583403	4712	0.2466
DRIPS_p_TCGA_295_296_297_N_GenomeWideSNP_6_E03_1343866	12	6585610	6588725	2	-1.6134
DRIPS_p_TCGA_295_296_297_N_GenomeWideSNP_6_E03_1343866	12	6589351	8442285	833	0.1911
DRIPS_p_TCGA_295_296_297_N_GenomeWideSNP_6_E03_1343866	12	8449112	8449217	2	2.1435
DRIPS_p_TCGA_295_296_297_N_GenomeWideSNP_6_E03_1343866	12	8453466	8556693	38	0.1866
DRIPS_p_TCGA_295_296_297_N_GenomeWideSNP_6_E03_1343866	12	8558488	8584672	22	1.7375
DRIPS_p_TCGA_295_296_297_N_GenomeWideSNP_6_E03_1343866	12	8594894	9630556	562	0.2094
DRIPS_p_TCGA_295_296_297_N_GenomeWideSNP_6_E03_1343866	12	9633870	9728292	25	1.253
DRIPS_p_TCGA_295_296_297_N_GenomeWideSNP_6_E03_1343866	12	9734969	11975532	1640	0.2084
DRIPS_p_TCGA_295_296_297_N_GenomeWideSNP_6_E03_1343866	12	11977757	11990114	17	0.8264
DRIPS_p_TCGA_295_296_297_N_GenomeWideSNP_6_E03_1343866	12	11990294	21144302	6081	0.2299
DRIPS_p_TCGA_295_296_297_N_GenomeWideSNP_6_E03_1343866	12	21144431	21144506	3	-2.6736
DRIPS_p_TCGA_295_296_297_N_GenomeWideSNP_6_E03_1343866	12	21144542	34207009	9441	0.2366
DRIPS_p_TCGA_295_296_297_N_GenomeWideSNP_6_E03_1343866	12	34208356	34216305	7	-0.7952
DRIPS_p_TCGA_295_296_297_N_GenomeWideSNP_6_E03_1343866	12	34217500	34244929	14	0.5856
DRIPS_p_TCGA_295_296_297_N_GenomeWideSNP_6_E03_1343866	12	34244945	38053561	268	0.0473
DRIPS_p_TCGA_295_296_297_N_GenomeWideSNP_6_E03_1343866	12	38053634	63068130	14730	-0.595
DRIPS_p_TCGA_295_296_297_N_GenomeWideSNP_6_E03_1343866	12	63068496	63069416	2	-2.8207
DRIPS_p_TCGA_295_296_297_N_GenomeWideSNP_6_E03_1343866	12	63070363	68664458	3703	-0.6187
DRIPS_p_TCGA_295_296_297_N_GenomeWideSNP_6_E03_1343866	12	68665489	68667269	3	1.009
DRIPS_p_TCGA_295_296_297_N_GenomeWideSNP_6_E03_1343866	12	68667462	68847717	156	-0.7206
DRIPS_p_TCGA_295_296_297_N_GenomeWideSNP_6_E03_1343866	12	68854348	70871858	1323	0.1787
DRIPS_p_TCGA_295_296_297_N_GenomeWideSNP_6_E03_1343866	12	70872675	70878027	9	-1.8273
DRIPS_p_TCGA_295_296_297_N_GenomeWideSNP_6_E03_1343866	12	70879385	82878852	7589	0.1919
DRIPS_p_TCGA_295_296_297_N_GenomeWideSNP_6_E03_1343866	12	82881752	90491669	4449	-0.5259
DRIPS_p_TCGA_295_296_297_N_GenomeWideSNP_6_E03_1343866	12	90491687	90493613	8	-1.6292
DRIPS_p_TCGA_295_296_297_N_GenomeWideSNP_6_E03_1343866	12	90493626	94196604	2420	-0.5624
DRIPS_p_TCGA_295_296_297_N_GenomeWideSNP_6_E03_1343866	12	94197679	94199777	2	-2.5191
DRIPS_p_TCGA_295_296_297_N_GenomeWideSNP_6_E03_1343866	12	94200363	106660890	8695	-0.5209
DRIPS_p_TCGA_295_296_297_N_GenomeWideSNP_6_E03_1343866	12	106661434	107579605	560	0.3395
DRIPS_p_TCGA_295_296_297_N_GenomeWideSNP_6_E03_1343866	12	107585214	110238526	1782	-0.5108
DRIPS_p_TCGA_295_296_297_N_GenomeWideSNP_6_E03_1343866	12	110242933	110720426	214	0.2591
DRIPS_p_TCGA_295_296_297_N_GenomeWideSNP_6_E03_1343866	12	110729311	116548486	4019	-0.5179
DRIPS_p_TCGA_295_296_297_N_GenomeWideSNP_6_E03_1343866	12	116550213	126878708	6293	0.2901
DRIPS_p_TCGA_295_296_297_N_GenomeWideSNP_6_E03_1343866	12	126881318	131824428	4261	-0.6323
DRIPS_p_TCGA_295_296_297_N_GenomeWideSNP_6_E03_1343866	12	131825138	131825691	6	-2.4027
DRIPS_p_TCGA_295_296_297_N_GenomeWideSNP_6_E03_1343866	12	131825755	133579097	762	-0.6008
DRIPS_p_TCGA_295_296_297_N_GenomeWideSNP_6_E03_1343866	12	133582334	133722201	80	-0.24
DRIPS_p_TCGA_295_296_297_N_GenomeWideSNP_6_E03_1343866	12	133725647	133778189	30	-0.6058
DRIPS_p_TCGA_295_296_297_N_GenomeWideSNP_6_E03_1343866	13	19026949	25155126	4157	0.1069
DRIPS_p_TCGA_295_296_297_N_GenomeWideSNP_6_E03_1343866	13	25163220	25173506	6	-1.1633
DRIPS_p_TCGA_295_296_297_N_GenomeWideSNP_6_E03_1343866	13	25177122	27556221	1729	0.1159
DRIPS_p_TCGA_295_296_297_N_GenomeWideSNP_6_E03_1343866	13	27558426	27647504	84	0.7727
DRIPS_p_TCGA_295_296_297_N_GenomeWideSNP_6_E03_1343866	13	27649015	32532121	3640	0.0989
DRIPS_p_TCGA_295_296_297_N_GenomeWideSNP_6_E03_1343866	13	32532622	32538423	18	-0.7875
DRIPS_p_TCGA_295_296_297_N_GenomeWideSNP_6_E03_1343866	13	32540047	35876714	2331	0.12
DRIPS_p_TCGA_295_296_297_N_GenomeWideSNP_6_E03_1343866	13	35878975	36116199	126	-0.5618
DRIPS_p_TCGA_295_296_297_N_GenomeWideSNP_6_E03_1343866	13	36117258	36135967	17	0.3795
DRIPS_p_TCGA_295_296_297_N_GenomeWideSNP_6_E03_1343866	13	36137495	39747763	2617	-0.5857
DRIPS_p_TCGA_295_296_297_N_GenomeWideSNP_6_E03_1343866	13	39750875	39751136	2	-3.0848
DRIPS_p_TCGA_295_296_297_N_GenomeWideSNP_6_E03_1343866	13	39754711	43060784	2275	-0.6104
DRIPS_p_TCGA_295_296_297_N_GenomeWideSNP_6_E03_1343866	13	43063610	43065404	5	-2.5772
DRIPS_p_TCGA_295_296_297_N_GenomeWideSNP_6_E03_1343866	13	43070217	44085945	816	-0.612
DRIPS_p_TCGA_295_296_297_N_GenomeWideSNP_6_E03_1343866	13	44086038	44086933	3	-2.4026
DRIPS_p_TCGA_295_296_297_N_GenomeWideSNP_6_E03_1343866	13	44090216	47215674	1971	-0.5852
DRIPS_p_TCGA_295_296_297_N_GenomeWideSNP_6_E03_1343866	13	47215907	47216142	3	-1.3328
DRIPS_p_TCGA_295_296_297_N_GenomeWideSNP_6_E03_1343866	13	47216812	48909185	1204	-0.6014
DRIPS_p_TCGA_295_296_297_N_GenomeWideSNP_6_E03_1343866	13	48909201	48911387	6	-2.0311
DRIPS_p_TCGA_295_296_297_N_GenomeWideSNP_6_E03_1343866	13	48911390	57751096	5030	-0.5394
DRIPS_p_TCGA_295_296_297_N_GenomeWideSNP_6_E03_1343866	13	57758270	57778380	34	0.0711
DRIPS_p_TCGA_295_296_297_N_GenomeWideSNP_6_E03_1343866	13	57789714	90395525	20516	-0.4927
DRIPS_p_TCGA_295_296_297_N_GenomeWideSNP_6_E03_1343866	13	90399127	91970313	999	0.3533
DRIPS_p_TCGA_295_296_297_N_GenomeWideSNP_6_E03_1343866	13	91971492	94776400	1936	-0.4802
DRIPS_p_TCGA_295_296_297_N_GenomeWideSNP_6_E03_1343866	13	94778841	95157789	308	0.3952
DRIPS_p_TCGA_295_296_297_N_GenomeWideSNP_6_E03_1343866	13	95158379	107897610	9323	-0.482
DRIPS_p_TCGA_295_296_297_N_GenomeWideSNP_6_E03_1343866	13	107901037	107901981	2	-2.7928
DRIPS_p_TCGA_295_296_297_N_GenomeWideSNP_6_E03_1343866	13	107902147	115108397	4915	-0.4781
DRIPS_p_TCGA_295_296_297_N_GenomeWideSNP_6_E03_1343866	14	19002124	33047071	8148	0.2404
DRIPS_p_TCGA_295_296_297_N_GenomeWideSNP_6_E03_1343866	14	33048157	33081192	25	0.8014
DRIPS_p_TCGA_295_296_297_N_GenomeWideSNP_6_E03_1343866	14	33083817	34162176	979	0.2728
DRIPS_p_TCGA_295_296_297_N_GenomeWideSNP_6_E03_1343866	14	34162510	34163145	5	-1.1336
DRIPS_p_TCGA_295_296_297_N_GenomeWideSNP_6_E03_1343866	14	34166401	66640195	20479	0.2354
DRIPS_p_TCGA_295_296_297_N_GenomeWideSNP_6_E03_1343866	14	66645994	66895724	121	1.1242
DRIPS_p_TCGA_295_296_297_N_GenomeWideSNP_6_E03_1343866	14	66896460	67390499	201	0.2024
DRIPS_p_TCGA_295_296_297_N_GenomeWideSNP_6_E03_1343866	14	67392078	68459777	581	0.7455
DRIPS_p_TCGA_295_296_297_N_GenomeWideSNP_6_E03_1343866	14	68460144	68910007	275	0.2078
DRIPS_p_TCGA_295_296_297_N_GenomeWideSNP_6_E03_1343866	14	68911554	68947332	24	1.188
DRIPS_p_TCGA_295_296_297_N_GenomeWideSNP_6_E03_1343866	14	68948118	68949158	3	0.1574
DRIPS_p_TCGA_295_296_297_N_GenomeWideSNP_6_E03_1343866	14	68951778	69033734	63	1.1
DRIPS_p_TCGA_295_296_297_N_GenomeWideSNP_6_E03_1343866	14	69037937	69324446	254	0.1886
DRIPS_p_TCGA_295_296_297_N_GenomeWideSNP_6_E03_1343866	14	69324644	69324690	2	-2.0834
DRIPS_p_TCGA_295_296_297_N_GenomeWideSNP_6_E03_1343866	14	69326273	73362725	2708	0.2243
DRIPS_p_TCGA_295_296_297_N_GenomeWideSNP_6_E03_1343866	14	73364745	73399866	34	1.2248
DRIPS_p_TCGA_295_296_297_N_GenomeWideSNP_6_E03_1343866	14	73401905	74006707	307	0.2194
DRIPS_p_TCGA_295_296_297_N_GenomeWideSNP_6_E03_1343866	14	74006851	74020979	7	1.5217
DRIPS_p_TCGA_295_296_297_N_GenomeWideSNP_6_E03_1343866	14	74029900	76493184	1446	0.3552
DRIPS_p_TCGA_295_296_297_N_GenomeWideSNP_6_E03_1343866	14	76494430	77767382	895	1.3082
DRIPS_p_TCGA_295_296_297_N_GenomeWideSNP_6_E03_1343866	14	77777644	96660047	12799	0.3957
DRIPS_p_TCGA_295_296_297_N_GenomeWideSNP_6_E03_1343866	14	96664898	96694390	31	-0.7273
DRIPS_p_TCGA_295_296_297_N_GenomeWideSNP_6_E03_1343866	14	96698001	103318968	4386	0.3839
DRIPS_p_TCGA_295_296_297_N_GenomeWideSNP_6_E03_1343866	14	103321426	104123874	409	0.035
DRIPS_p_TCGA_295_296_297_N_GenomeWideSNP_6_E03_1343866	14	104126017	104522137	169	0.3961
DRIPS_p_TCGA_295_296_297_N_GenomeWideSNP_6_E03_1343866	14	104524512	106796697	741	0.7979
DRIPS_p_TCGA_295_296_297_N_GenomeWideSNP_6_E03_1343866	14	106801355	106802053	4	-0.9619
DRIPS_p_TCGA_295_296_297_N_GenomeWideSNP_6_E03_1343866	14	106815943	107285437	308	0.8674
DRIPS_p_TCGA_295_296_297_N_GenomeWideSNP_6_E03_1343866	15	20016328	20269773	57	-0.0555
DRIPS_p_TCGA_295_296_297_N_GenomeWideSNP_6_E03_1343866	15	20284066	22042753	248	-0.4578
DRIPS_p_TCGA_295_296_297_N_GenomeWideSNP_6_E03_1343866	15	22263557	22681250	119	-0.1268
DRIPS_p_TCGA_295_296_297_N_GenomeWideSNP_6_E03_1343866	15	22751094	23253980	302	0.5266
DRIPS_p_TCGA_295_296_297_N_GenomeWideSNP_6_E03_1343866	15	23266351	24054787	311	0.0718
DRIPS_p_TCGA_295_296_297_N_GenomeWideSNP_6_E03_1343866	15	24055437	24059307	19	-1.1133
DRIPS_p_TCGA_295_296_297_N_GenomeWideSNP_6_E03_1343866	15	24065693	24674887	369	0.0284
DRIPS_p_TCGA_295_296_297_N_GenomeWideSNP_6_E03_1343866	15	24675133	24714858	34	-1.6242
DRIPS_p_TCGA_295_296_297_N_GenomeWideSNP_6_E03_1343866	15	24716837	27911226	2341	0.0905
DRIPS_p_TCGA_295_296_297_N_GenomeWideSNP_6_E03_1343866	15	27911334	27928794	22	-0.5231
DRIPS_p_TCGA_295_296_297_N_GenomeWideSNP_6_E03_1343866	15	27929147	30355950	1261	0.0129
DRIPS_p_TCGA_295_296_297_N_GenomeWideSNP_6_E03_1343866	15	30356192	30900878	119	-0.3538
DRIPS_p_TCGA_295_296_297_N_GenomeWideSNP_6_E03_1343866	15	30913587	32512220	1066	0.1477
DRIPS_p_TCGA_295_296_297_N_GenomeWideSNP_6_E03_1343866	15	32531316	32770460	31	-0.3428
DRIPS_p_TCGA_295_296_297_N_GenomeWideSNP_6_E03_1343866	15	32776211	34714123	1503	0.205
DRIPS_p_TCGA_295_296_297_N_GenomeWideSNP_6_E03_1343866	15	34719795	34858010	74	-0.7198
DRIPS_p_TCGA_295_296_297_N_GenomeWideSNP_6_E03_1343866	15	34862259	38781783	2709	0.1885
DRIPS_p_TCGA_295_296_297_N_GenomeWideSNP_6_E03_1343866	15	38786298	38798246	13	0.7742
DRIPS_p_TCGA_295_296_297_N_GenomeWideSNP_6_E03_1343866	15	38798397	39162695	294	0.2327
DRIPS_p_TCGA_295_296_297_N_GenomeWideSNP_6_E03_1343866	15	39167672	45143100	3180	-0.6307
DRIPS_p_TCGA_295_296_297_N_GenomeWideSNP_6_E03_1343866	15	45144218	45146594	5	-2.1
DRIPS_p_TCGA_295_296_297_N_GenomeWideSNP_6_E03_1343866	15	45147217	46413217	698	-0.6359
DRIPS_p_TCGA_295_296_297_N_GenomeWideSNP_6_E03_1343866	15	46417055	46544363	61	0.0483
DRIPS_p_TCGA_295_296_297_N_GenomeWideSNP_6_E03_1343866	15	46548624	47036000	367	0.6806
DRIPS_p_TCGA_295_296_297_N_GenomeWideSNP_6_E03_1343866	15	47046280	48631624	1075	0.1004
DRIPS_p_TCGA_295_296_297_N_GenomeWideSNP_6_E03_1343866	15	48631646	49461639	557	0.5323
DRIPS_p_TCGA_295_296_297_N_GenomeWideSNP_6_E03_1343866	15	49464269	52342113	1614	-0.5958
DRIPS_p_TCGA_295_296_297_N_GenomeWideSNP_6_E03_1343866	15	52345197	53241227	605	0.5397
DRIPS_p_TCGA_295_296_297_N_GenomeWideSNP_6_E03_1343866	15	53244641	53256036	17	0.1173
DRIPS_p_TCGA_295_296_297_N_GenomeWideSNP_6_E03_1343866	15	53256382	53322695	35	0.5598
DRIPS_p_TCGA_295_296_297_N_GenomeWideSNP_6_E03_1343866	15	53322992	54293384	794	0.0976
DRIPS_p_TCGA_295_296_297_N_GenomeWideSNP_6_E03_1343866	15	54295649	54308487	6	0.9113
DRIPS_p_TCGA_295_296_297_N_GenomeWideSNP_6_E03_1343866	15	54308635	56448303	1411	0.0732
DRIPS_p_TCGA_295_296_297_N_GenomeWideSNP_6_E03_1343866	15	56454191	57660134	645	0.3664
DRIPS_p_TCGA_295_296_297_N_GenomeWideSNP_6_E03_1343866	15	57661915	58507064	753	0.9466
DRIPS_p_TCGA_295_296_297_N_GenomeWideSNP_6_E03_1343866	15	58511103	59381634	582	0.3439
DRIPS_p_TCGA_295_296_297_N_GenomeWideSNP_6_E03_1343866	15	59381769	60570711	891	0.8837
DRIPS_p_TCGA_295_296_297_N_GenomeWideSNP_6_E03_1343866	15	60576262	60583552	16	1.4421
DRIPS_p_TCGA_295_296_297_N_GenomeWideSNP_6_E03_1343866	15	60590414	60685774	73	0.8801
DRIPS_p_TCGA_295_296_297_N_GenomeWideSNP_6_E03_1343866	15	60692493	60724254	19	1.3612
DRIPS_p_TCGA_295_296_297_N_GenomeWideSNP_6_E03_1343866	15	60727161	60741092	14	0.8723
DRIPS_p_TCGA_295_296_297_N_GenomeWideSNP_6_E03_1343866	15	60746585	62844345	1746	0.3999
DRIPS_p_TCGA_295_296_297_N_GenomeWideSNP_6_E03_1343866	15	62844578	63440160	518	0.9889
DRIPS_p_TCGA_295_296_297_N_GenomeWideSNP_6_E03_1343866	15	63447921	69329815	3448	0.3374
DRIPS_p_TCGA_295_296_297_N_GenomeWideSNP_6_E03_1343866	15	69331285	69331360	2	2.2066
DRIPS_p_TCGA_295_296_297_N_GenomeWideSNP_6_E03_1343866	15	69337675	76891241	4239	0.3568
DRIPS_p_TCGA_295_296_297_N_GenomeWideSNP_6_E03_1343866	15	76891511	76895775	21	0.984
DRIPS_p_TCGA_295_296_297_N_GenomeWideSNP_6_E03_1343866	15	76902179	82895028	3648	0.3646
DRIPS_p_TCGA_295_296_297_N_GenomeWideSNP_6_E03_1343866	15	82895362	83198315	16	-0.2984
DRIPS_p_TCGA_295_296_297_N_GenomeWideSNP_6_E03_1343866	15	83198331	84540717	758	0.3896
DRIPS_p_TCGA_295_296_297_N_GenomeWideSNP_6_E03_1343866	15	84540738	84547547	8	-0.9767
DRIPS_p_TCGA_295_296_297_N_GenomeWideSNP_6_E03_1343866	15	84547867	94170092	7039	0.4554
DRIPS_p_TCGA_295_296_297_N_GenomeWideSNP_6_E03_1343866	15	94175021	94733704	408	1.3978
DRIPS_p_TCGA_295_296_297_N_GenomeWideSNP_6_E03_1343866	15	94736959	94737455	2	-1.7449
DRIPS_p_TCGA_295_296_297_N_GenomeWideSNP_6_E03_1343866	15	94738175	94877381	125	1.3343
DRIPS_p_TCGA_295_296_297_N_GenomeWideSNP_6_E03_1343866	15	94878716	96524526	1259	0.6418
DRIPS_p_TCGA_295_296_297_N_GenomeWideSNP_6_E03_1343866	15	96524834	96527753	4	-0.8049
DRIPS_p_TCGA_295_296_297_N_GenomeWideSNP_6_E03_1343866	15	96530026	100317642	2723	0.6573
DRIPS_p_TCGA_295_296_297_N_GenomeWideSNP_6_E03_1343866	15	100318328	102469040	1639	0.1732
DRIPS_p_TCGA_295_296_297_N_GenomeWideSNP_6_E03_1343866	16	60777	276376	120	-0.6453
DRIPS_p_TCGA_295_296_297_N_GenomeWideSNP_6_E03_1343866	16	276549	277458	2	-3.169
DRIPS_p_TCGA_295_296_297_N_GenomeWideSNP_6_E03_1343866	16	277625	4029698	1419	-0.6369
DRIPS_p_TCGA_295_296_297_N_GenomeWideSNP_6_E03_1343866	16	4030038	4031325	2	-5.8586
DRIPS_p_TCGA_295_296_297_N_GenomeWideSNP_6_E03_1343866	16	4032581	8880560	4801	-0.5853
DRIPS_p_TCGA_295_296_297_N_GenomeWideSNP_6_E03_1343866	16	8881189	9217225	208	0.2418
DRIPS_p_TCGA_295_296_297_N_GenomeWideSNP_6_E03_1343866	16	9218023	14386464	4313	-0.567
DRIPS_p_TCGA_295_296_297_N_GenomeWideSNP_6_E03_1343866	16	14399062	15416510	314	0.2144
DRIPS_p_TCGA_295_296_297_N_GenomeWideSNP_6_E03_1343866	16	15481934	18762456	1583	-0.647
DRIPS_p_TCGA_295_296_297_N_GenomeWideSNP_6_E03_1343866	16	18766229	18779778	6	-1.9287
DRIPS_p_TCGA_295_296_297_N_GenomeWideSNP_6_E03_1343866	16	18779956	29696973	6361	-0.5759
DRIPS_p_TCGA_295_296_297_N_GenomeWideSNP_6_E03_1343866	16	29698606	29698625	2	-3.3833
DRIPS_p_TCGA_295_296_297_N_GenomeWideSNP_6_E03_1343866	16	29698710	33543987	1054	-0.6458
DRIPS_p_TCGA_295_296_297_N_GenomeWideSNP_6_E03_1343866	16	33548815	33644022	38	-1.0254
DRIPS_p_TCGA_295_296_297_N_GenomeWideSNP_6_E03_1343866	16	33644292	70842097	15996	-0.5564
DRIPS_p_TCGA_295_296_297_N_GenomeWideSNP_6_E03_1343866	16	70854381	70883526	12	0.3756
DRIPS_p_TCGA_295_296_297_N_GenomeWideSNP_6_E03_1343866	16	70885961	70961114	36	0.9277
DRIPS_p_TCGA_295_296_297_N_GenomeWideSNP_6_E03_1343866	16	70971111	70974609	5	0.5142
DRIPS_p_TCGA_295_296_297_N_GenomeWideSNP_6_E03_1343866	16	70978087	70979717	3	-0.7306
DRIPS_p_TCGA_295_296_297_N_GenomeWideSNP_6_E03_1343866	16	70983782	71202489	84	0.7563
DRIPS_p_TCGA_295_296_297_N_GenomeWideSNP_6_E03_1343866	16	71202797	76319770	3242	-0.5577
DRIPS_p_TCGA_295_296_297_N_GenomeWideSNP_6_E03_1343866	16	76321560	76327767	11	0.275
DRIPS_p_TCGA_295_296_297_N_GenomeWideSNP_6_E03_1343866	16	76328144	80579098	4620	-0.5849
DRIPS_p_TCGA_295_296_297_N_GenomeWideSNP_6_E03_1343866	16	80580879	80608679	28	0.178
DRIPS_p_TCGA_295_296_297_N_GenomeWideSNP_6_E03_1343866	16	80612059	80663665	61	-0.5984
DRIPS_p_TCGA_295_296_297_N_GenomeWideSNP_6_E03_1343866	16	80665793	80672429	5	-1.8329
DRIPS_p_TCGA_295_296_297_N_GenomeWideSNP_6_E03_1343866	16	80672704	80719871	32	-0.6308
DRIPS_p_TCGA_295_296_297_N_GenomeWideSNP_6_E03_1343866	16	80720000	80722556	3	-2.3753
DRIPS_p_TCGA_295_296_297_N_GenomeWideSNP_6_E03_1343866	16	80723127	83643530	3067	-0.5867
DRIPS_p_TCGA_295_296_297_N_GenomeWideSNP_6_E03_1343866	16	83643725	83643990	3	-3.4797
DRIPS_p_TCGA_295_296_297_N_GenomeWideSNP_6_E03_1343866	16	83645061	83783011	184	-0.5252
DRIPS_p_TCGA_295_296_297_N_GenomeWideSNP_6_E03_1343866	16	83783115	83783547	10	-1.266
DRIPS_p_TCGA_295_296_297_N_GenomeWideSNP_6_E03_1343866	16	83783650	84066214	289	-0.5494
DRIPS_p_TCGA_295_296_297_N_GenomeWideSNP_6_E03_1343866	16	84068625	84087138	17	-1.3479
DRIPS_p_TCGA_295_296_297_N_GenomeWideSNP_6_E03_1343866	16	84087323	84195309	65	-0.651
DRIPS_p_TCGA_295_296_297_N_GenomeWideSNP_6_E03_1343866	16	84199617	84204771	4	1.0173
DRIPS_p_TCGA_295_296_297_N_GenomeWideSNP_6_E03_1343866	16	84206385	84778049	563	-0.7301
DRIPS_p_TCGA_295_296_297_N_GenomeWideSNP_6_E03_1343866	16	84783658	84792359	14	0.3487
DRIPS_p_TCGA_295_296_297_N_GenomeWideSNP_6_E03_1343866	16	84795475	90287535	3556	-0.647
DRIPS_p_TCGA_295_296_297_N_GenomeWideSNP_6_E03_1343866	17	526	580399	277	-0.669
DRIPS_p_TCGA_295_296_297_N_GenomeWideSNP_6_E03_1343866	17	584112	1888380	593	0.2022
DRIPS_p_TCGA_295_296_297_N_GenomeWideSNP_6_E03_1343866	17	1892784	18319862	10502	-0.5939
DRIPS_p_TCGA_295_296_297_N_GenomeWideSNP_6_E03_1343866	17	18355392	18464586	28	0.4101
DRIPS_p_TCGA_295_296_297_N_GenomeWideSNP_6_E03_1343866	17	18465221	34151274	6697	-0.5906
DRIPS_p_TCGA_295_296_297_N_GenomeWideSNP_6_E03_1343866	17	34155740	38530107	2213	0.0435
DRIPS_p_TCGA_295_296_297_N_GenomeWideSNP_6_E03_1343866	17	38536983	39380430	535	0.5496
DRIPS_p_TCGA_295_296_297_N_GenomeWideSNP_6_E03_1343866	17	39387560	39390276	4	-2.9592
DRIPS_p_TCGA_295_296_297_N_GenomeWideSNP_6_E03_1343866	17	39393769	39421708	13	0.5338
DRIPS_p_TCGA_295_296_297_N_GenomeWideSNP_6_E03_1343866	17	39423014	39430450	23	2.5924
DRIPS_p_TCGA_295_296_297_N_GenomeWideSNP_6_E03_1343866	17	39430531	39786865	305	0.5614
DRIPS_p_TCGA_295_296_297_N_GenomeWideSNP_6_E03_1343866	17	39788675	44266022	2285	-0.0268
DRIPS_p_TCGA_295_296_297_N_GenomeWideSNP_6_E03_1343866	17	44267491	44752283	90	-0.5571
DRIPS_p_TCGA_295_296_297_N_GenomeWideSNP_6_E03_1343866	17	44752300	46640808	977	-0.089
DRIPS_p_TCGA_295_296_297_N_GenomeWideSNP_6_E03_1343866	17	46644161	47089880	206	0.3875
DRIPS_p_TCGA_295_296_297_N_GenomeWideSNP_6_E03_1343866	17	47095496	47537001	271	-0.0978
DRIPS_p_TCGA_295_296_297_N_GenomeWideSNP_6_E03_1343866	17	47539022	47539173	2	-1.5387
DRIPS_p_TCGA_295_296_297_N_GenomeWideSNP_6_E03_1343866	17	47541003	47937317	164	-0.079
DRIPS_p_TCGA_295_296_297_N_GenomeWideSNP_6_E03_1343866	17	47938473	47941873	3	-1.7787
DRIPS_p_TCGA_295_296_297_N_GenomeWideSNP_6_E03_1343866	17	47942375	50953593	1949	-0.0342
DRIPS_p_TCGA_295_296_297_N_GenomeWideSNP_6_E03_1343866	17	50955469	51099145	89	0.9508
DRIPS_p_TCGA_295_296_297_N_GenomeWideSNP_6_E03_1343866	17	51101292	51102038	3	-0.3362
DRIPS_p_TCGA_295_296_297_N_GenomeWideSNP_6_E03_1343866	17	51103899	51158970	44	0.9271
DRIPS_p_TCGA_295_296_297_N_GenomeWideSNP_6_E03_1343866	17	51172780	51717906	355	-0.0443
DRIPS_p_TCGA_295_296_297_N_GenomeWideSNP_6_E03_1343866	17	51726992	51727181	2	-1.7985
DRIPS_p_TCGA_295_296_297_N_GenomeWideSNP_6_E03_1343866	17	51728544	52919500	735	-0.0277
DRIPS_p_TCGA_295_296_297_N_GenomeWideSNP_6_E03_1343866	17	52926826	53623116	529	0.4967
DRIPS_p_TCGA_295_296_297_N_GenomeWideSNP_6_E03_1343866	17	53626142	59795212	3769	-0.0584
DRIPS_p_TCGA_295_296_297_N_GenomeWideSNP_6_E03_1343866	17	59795457	59858217	23	-2.6535
DRIPS_p_TCGA_295_296_297_N_GenomeWideSNP_6_E03_1343866	17	59861682	60486714	293	-0.0379
DRIPS_p_TCGA_295_296_297_N_GenomeWideSNP_6_E03_1343866	17	60488756	64083137	1859	0.5513
DRIPS_p_TCGA_295_296_297_N_GenomeWideSNP_6_E03_1343866	17	64083688	64399075	179	0.9938
DRIPS_p_TCGA_295_296_297_N_GenomeWideSNP_6_E03_1343866	17	64408643	64431594	29	1.8016
DRIPS_p_TCGA_295_296_297_N_GenomeWideSNP_6_E03_1343866	17	64431624	65684935	906	1.0221
DRIPS_p_TCGA_295_296_297_N_GenomeWideSNP_6_E03_1343866	17	65688288	71743780	4327	0.612
DRIPS_p_TCGA_295_296_297_N_GenomeWideSNP_6_E03_1343866	17	71745976	71747610	17	-4.5145
DRIPS_p_TCGA_295_296_297_N_GenomeWideSNP_6_E03_1343866	17	71748025	74057289	1185	0.506
DRIPS_p_TCGA_295_296_297_N_GenomeWideSNP_6_E03_1343866	17	74060113	76281368	1296	0.0206
DRIPS_p_TCGA_295_296_297_N_GenomeWideSNP_6_E03_1343866	17	76282132	76282968	2	-2.1135
DRIPS_p_TCGA_295_296_297_N_GenomeWideSNP_6_E03_1343866	17	76286743	79128872	1601	0.1211
DRIPS_p_TCGA_295_296_297_N_GenomeWideSNP_6_E03_1343866	17	79129038	79129101	2	-1.6991
DRIPS_p_TCGA_295_296_297_N_GenomeWideSNP_6_E03_1343866	17	79131913	81049726	724	0.0016
DRIPS_p_TCGA_295_296_297_N_GenomeWideSNP_6_E03_1343866	18	11543	48133	2	-1.0704
DRIPS_p_TCGA_295_296_297_N_GenomeWideSNP_6_E03_1343866	18	58202	298035	117	0.0874
DRIPS_p_TCGA_295_296_297_N_GenomeWideSNP_6_E03_1343866	18	298100	302224	12	-1.2643
DRIPS_p_TCGA_295_296_297_N_GenomeWideSNP_6_E03_1343866	18	303389	23129804	12960	0.0919
DRIPS_p_TCGA_295_296_297_N_GenomeWideSNP_6_E03_1343866	18	23132572	24886068	1158	0.6792
DRIPS_p_TCGA_295_296_297_N_GenomeWideSNP_6_E03_1343866	18	24889117	30154324	3371	0.0722
DRIPS_p_TCGA_295_296_297_N_GenomeWideSNP_6_E03_1343866	18	30157009	30164014	10	0.7217
DRIPS_p_TCGA_295_296_297_N_GenomeWideSNP_6_E03_1343866	18	30164167	33244374	1814	0.0398
DRIPS_p_TCGA_295_296_297_N_GenomeWideSNP_6_E03_1343866	18	33245816	46991716	9177	0.7209
DRIPS_p_TCGA_295_296_297_N_GenomeWideSNP_6_E03_1343866	18	46994905	51266861	3126	-0.6268
DRIPS_p_TCGA_295_296_297_N_GenomeWideSNP_6_E03_1343866	18	51267097	51268184	7	0.527
DRIPS_p_TCGA_295_296_297_N_GenomeWideSNP_6_E03_1343866	18	51278269	63721579	8471	-0.6714
DRIPS_p_TCGA_295_296_297_N_GenomeWideSNP_6_E03_1343866	18	63727492	63732763	14	0.0932
DRIPS_p_TCGA_295_296_297_N_GenomeWideSNP_6_E03_1343866	18	63732807	74289990	7919	-0.9632
DRIPS_p_TCGA_295_296_297_N_GenomeWideSNP_6_E03_1343866	18	74291195	74291820	2	-7.1621
DRIPS_p_TCGA_295_296_297_N_GenomeWideSNP_6_E03_1343866	18	74291962	78015057	2406	-1.0048
DRIPS_p_TCGA_295_296_297_N_GenomeWideSNP_6_E03_1343866	19	90910	257392	8	0.264
DRIPS_p_TCGA_295_296_297_N_GenomeWideSNP_6_E03_1343866	19	258084	2318180	511	-0.6705
DRIPS_p_TCGA_295_296_297_N_GenomeWideSNP_6_E03_1343866	19	2323013	7253552	1956	0.1712
DRIPS_p_TCGA_295_296_297_N_GenomeWideSNP_6_E03_1343866	19	7260083	9040819	787	0.7021
DRIPS_p_TCGA_295_296_297_N_GenomeWideSNP_6_E03_1343866	19	9040985	14907953	2718	0.1679
DRIPS_p_TCGA_295_296_297_N_GenomeWideSNP_6_E03_1343866	19	14910438	15434783	429	0.7187
DRIPS_p_TCGA_295_296_297_N_GenomeWideSNP_6_E03_1343866	19	15436509	21710955	3183	0.1855
DRIPS_p_TCGA_295_296_297_N_GenomeWideSNP_6_E03_1343866	19	21717303	21721674	2	-2.2229
DRIPS_p_TCGA_295_296_297_N_GenomeWideSNP_6_E03_1343866	19	21722305	30068260	3203	0.2373
DRIPS_p_TCGA_295_296_297_N_GenomeWideSNP_6_E03_1343866	19	30071031	30768476	464	0.7664
DRIPS_p_TCGA_295_296_297_N_GenomeWideSNP_6_E03_1343866	19	30768758	43508940	7372	0.2008
DRIPS_p_TCGA_295_296_297_N_GenomeWideSNP_6_E03_1343866	19	43509033	43628830	49	-0.569
DRIPS_p_TCGA_295_296_297_N_GenomeWideSNP_6_E03_1343866	19	43634170	43697333	37	0.0226
DRIPS_p_TCGA_295_296_297_N_GenomeWideSNP_6_E03_1343866	19	43703033	43756237	22	-1.8941
DRIPS_p_TCGA_295_296_297_N_GenomeWideSNP_6_E03_1343866	19	43766659	44038461	138	0.7223
DRIPS_p_TCGA_295_296_297_N_GenomeWideSNP_6_E03_1343866	19	44040436	44905905	611	0.1687
DRIPS_p_TCGA_295_296_297_N_GenomeWideSNP_6_E03_1343866	19	44906524	44906619	3	-1.3367
DRIPS_p_TCGA_295_296_297_N_GenomeWideSNP_6_E03_1343866	19	44907010	50585888	2561	0.0643
DRIPS_p_TCGA_295_296_297_N_GenomeWideSNP_6_E03_1343866	19	50592114	50638575	7	-1.3102
DRIPS_p_TCGA_295_296_297_N_GenomeWideSNP_6_E03_1343866	19	50648569	52142352	844	0.0938
DRIPS_p_TCGA_295_296_297_N_GenomeWideSNP_6_E03_1343866	19	52142615	52148197	10	0.7634
DRIPS_p_TCGA_295_296_297_N_GenomeWideSNP_6_E03_1343866	19	52154905	55335506	2072	0.0379
DRIPS_p_TCGA_295_296_297_N_GenomeWideSNP_6_E03_1343866	19	55339733	55365630	12	-1.0945
DRIPS_p_TCGA_295_296_297_N_GenomeWideSNP_6_E03_1343866	19	55368203	59093464	2287	0.0512
DRIPS_p_TCGA_295_296_297_N_GenomeWideSNP_6_E03_1343866	19	59095126	59097854	4	0.5643
DRIPS_p_TCGA_295_296_297_N_GenomeWideSNP_6_E03_1343866	20	61305	62173	14	0.3114
DRIPS_p_TCGA_295_296_297_N_GenomeWideSNP_6_E03_1343866	20	62461	1560802	1179	-0.6018
DRIPS_p_TCGA_295_296_297_N_GenomeWideSNP_6_E03_1343866	20	1560922	1582207	39	0.2559
DRIPS_p_TCGA_295_296_297_N_GenomeWideSNP_6_E03_1343866	20	1590257	5150900	2592	-0.6185
DRIPS_p_TCGA_295_296_297_N_GenomeWideSNP_6_E03_1343866	20	5151114	5153222	2	-3.2274
DRIPS_p_TCGA_295_296_297_N_GenomeWideSNP_6_E03_1343866	20	5153745	9256075	3195	-0.568
DRIPS_p_TCGA_295_296_297_N_GenomeWideSNP_6_E03_1343866	20	9256427	9256439	2	-3.0057
DRIPS_p_TCGA_295_296_297_N_GenomeWideSNP_6_E03_1343866	20	9257274	9315242	50	-0.5529
DRIPS_p_TCGA_295_296_297_N_GenomeWideSNP_6_E03_1343866	20	9316762	9697019	329	0.3119
DRIPS_p_TCGA_295_296_297_N_GenomeWideSNP_6_E03_1343866	20	9701833	9708593	5	-1.8285
DRIPS_p_TCGA_295_296_297_N_GenomeWideSNP_6_E03_1343866	20	9711104	9766691	68	0.3355
DRIPS_p_TCGA_295_296_297_N_GenomeWideSNP_6_E03_1343866	20	9769400	19349072	7594	-0.5682
DRIPS_p_TCGA_295_296_297_N_GenomeWideSNP_6_E03_1343866	20	19349490	19583459	249	-3.7547
DRIPS_p_TCGA_295_296_297_N_GenomeWideSNP_6_E03_1343866	20	19585887	29838618	4687	-0.5924
DRIPS_p_TCGA_295_296_297_N_GenomeWideSNP_6_E03_1343866	20	29843878	43591237	8391	-0.0274
DRIPS_p_TCGA_295_296_297_N_GenomeWideSNP_6_E03_1343866	20	43591288	44943299	863	0.393
DRIPS_p_TCGA_295_296_297_N_GenomeWideSNP_6_E03_1343866	20	44947766	52595247	5531	-0.0486
DRIPS_p_TCGA_295_296_297_N_GenomeWideSNP_6_E03_1343866	20	52601297	52875079	313	0.4183
DRIPS_p_TCGA_295_296_297_N_GenomeWideSNP_6_E03_1343866	20	52877748	62956153	7213	-0.0538
DRIPS_p_TCGA_295_296_297_N_GenomeWideSNP_6_E03_1343866	21	10736871	10943554	35	0.2004
DRIPS_p_TCGA_295_296_297_N_GenomeWideSNP_6_E03_1343866	21	10953424	14453753	97	-0.2255
DRIPS_p_TCGA_295_296_297_N_GenomeWideSNP_6_E03_1343866	21	14456416	14538557	14	-1.2504
DRIPS_p_TCGA_295_296_297_N_GenomeWideSNP_6_E03_1343866	21	14541369	24656088	7062	0.3035
DRIPS_p_TCGA_295_296_297_N_GenomeWideSNP_6_E03_1343866	21	24663898	24680030	21	0.9839
DRIPS_p_TCGA_295_296_297_N_GenomeWideSNP_6_E03_1343866	21	24683502	28200515	2699	0.3388
DRIPS_p_TCGA_295_296_297_N_GenomeWideSNP_6_E03_1343866	21	28200528	28200722	4	-2.3545
DRIPS_p_TCGA_295_296_297_N_GenomeWideSNP_6_E03_1343866	21	28204073	29373749	898	0.3702
DRIPS_p_TCGA_295_296_297_N_GenomeWideSNP_6_E03_1343866	21	29377110	29377682	2	-1.3077
DRIPS_p_TCGA_295_296_297_N_GenomeWideSNP_6_E03_1343866	21	29380590	34559625	3670	0.347
DRIPS_p_TCGA_295_296_297_N_GenomeWideSNP_6_E03_1343866	21	34559996	42806032	6476	0.8714
DRIPS_p_TCGA_295_296_297_N_GenomeWideSNP_6_E03_1343866	21	42808788	42896389	171	1.2306
DRIPS_p_TCGA_295_296_297_N_GenomeWideSNP_6_E03_1343866	21	42897181	44968053	1435	0.8407
DRIPS_p_TCGA_295_296_297_N_GenomeWideSNP_6_E03_1343866	21	44970873	44972812	2	-2.0476
DRIPS_p_TCGA_295_296_297_N_GenomeWideSNP_6_E03_1343866	21	44973667	48096957	1757	0.7971
DRIPS_p_TCGA_295_296_297_N_GenomeWideSNP_6_E03_1343866	22	16052528	16055171	2	-1.0396
DRIPS_p_TCGA_295_296_297_N_GenomeWideSNP_6_E03_1343866	22	16058854	16632143	87	0.1205
DRIPS_p_TCGA_295_296_297_N_GenomeWideSNP_6_E03_1343866	22	16636739	20052767	1915	-0.6139
DRIPS_p_TCGA_295_296_297_N_GenomeWideSNP_6_E03_1343866	22	20053243	20276948	116	-0.9553
DRIPS_p_TCGA_295_296_297_N_GenomeWideSNP_6_E03_1343866	22	20277032	31180543	7567	-0.5682
DRIPS_p_TCGA_295_296_297_N_GenomeWideSNP_6_E03_1343866	22	31183088	32119886	514	-0.1572
DRIPS_p_TCGA_295_296_297_N_GenomeWideSNP_6_E03_1343866	22	32120373	32879103	500	-0.5339
DRIPS_p_TCGA_295_296_297_N_GenomeWideSNP_6_E03_1343866	22	32879307	32879317	2	-2.876
DRIPS_p_TCGA_295_296_297_N_GenomeWideSNP_6_E03_1343866	22	32879617	39394473	4773	-0.525
DRIPS_p_TCGA_295_296_297_N_GenomeWideSNP_6_E03_1343866	22	39395282	39395507	6	0.6276
DRIPS_p_TCGA_295_296_297_N_GenomeWideSNP_6_E03_1343866	22	39399312	43471935	2211	-0.5272
DRIPS_p_TCGA_295_296_297_N_GenomeWideSNP_6_E03_1343866	22	43471948	43491951	8	0.389
DRIPS_p_TCGA_295_296_297_N_GenomeWideSNP_6_E03_1343866	22	43492612	45447969	1541	-0.6609
DRIPS_p_TCGA_295_296_297_N_GenomeWideSNP_6_E03_1343866	22	45448185	45448770	2	-3.3983
DRIPS_p_TCGA_295_296_297_N_GenomeWideSNP_6_E03_1343866	22	45449110	51234455	4203	-0.7049
DRIPS_p_TCGA_295_296_297_N_GenomeWideSNP_6_E03_1343866	X	168477	6912489	3334	-0.1049
DRIPS_p_TCGA_295_296_297_N_GenomeWideSNP_6_E03_1343866	X	6914406	6948358	10	-0.8999
DRIPS_p_TCGA_295_296_297_N_GenomeWideSNP_6_E03_1343866	X	6948429	46038758	24786	-0.0978
DRIPS_p_TCGA_295_296_297_N_GenomeWideSNP_6_E03_1343866	X	46044613	46046488	2	-1.5771
DRIPS_p_TCGA_295_296_297_N_GenomeWideSNP_6_E03_1343866	X	46050716	54332663	3520	-0.1066
DRIPS_p_TCGA_295_296_297_N_GenomeWideSNP_6_E03_1343866	X	54336319	54687923	137	0.4845
DRIPS_p_TCGA_295_296_297_N_GenomeWideSNP_6_E03_1343866	X	54696745	74214223	7205	-0.1018
DRIPS_p_TCGA_295_296_297_N_GenomeWideSNP_6_E03_1343866	X	74220261	75232254	483	0.4158
DRIPS_p_TCGA_295_296_297_N_GenomeWideSNP_6_E03_1343866	X	75242177	110336976	18553	-0.1034
DRIPS_p_TCGA_295_296_297_N_GenomeWideSNP_6_E03_1343866	X	110344711	110368628	29	0.4116
DRIPS_p_TCGA_295_296_297_N_GenomeWideSNP_6_E03_1343866	X	110368657	110382591	12	-0.1022
DRIPS_p_TCGA_295_296_297_N_GenomeWideSNP_6_E03_1343866	X	110383257	110820957	214	0.4024
DRIPS_p_TCGA_295_296_297_N_GenomeWideSNP_6_E03_1343866	X	110821724	120404780	5582	-0.1021
DRIPS_p_TCGA_295_296_297_N_GenomeWideSNP_6_E03_1343866	X	120408547	120559761	117	0.3555
DRIPS_p_TCGA_295_296_297_N_GenomeWideSNP_6_E03_1343866	X	120567886	125988906	3286	-0.1197
DRIPS_p_TCGA_295_296_297_N_GenomeWideSNP_6_E03_1343866	X	125990345	125996043	3	-1.5674
DRIPS_p_TCGA_295_296_297_N_GenomeWideSNP_6_E03_1343866	X	125996955	131741761	3166	-0.1139
DRIPS_p_TCGA_295_296_297_N_GenomeWideSNP_6_E03_1343866	X	131745665	131922205	99	0.4567
DRIPS_p_TCGA_295_296_297_N_GenomeWideSNP_6_E03_1343866	X	131924319	133674807	844	-0.0973
DRIPS_p_TCGA_295_296_297_N_GenomeWideSNP_6_E03_1343866	X	133677525	134511941	414	0.4617
DRIPS_p_TCGA_295_296_297_N_GenomeWideSNP_6_E03_1343866	X	134520061	134531335	3	-0.6955
DRIPS_p_TCGA_295_296_297_N_GenomeWideSNP_6_E03_1343866	X	134533062	139492869	3016	0.4741
DRIPS_p_TCGA_295_296_297_N_GenomeWideSNP_6_E03_1343866	X	139493140	139501194	8	-0.7099
DRIPS_p_TCGA_295_296_297_N_GenomeWideSNP_6_E03_1343866	X	139504734	140033537	384	0.4643
DRIPS_p_TCGA_295_296_297_N_GenomeWideSNP_6_E03_1343866	X	140036083	140036402	2	-1.4084
DRIPS_p_TCGA_295_296_297_N_GenomeWideSNP_6_E03_1343866	X	140038594	149281856	6143	0.4751
DRIPS_p_TCGA_295_296_297_N_GenomeWideSNP_6_E03_1343866	X	149282456	150562026	883	0.9221
DRIPS_p_TCGA_295_296_297_N_GenomeWideSNP_6_E03_1343866	X	150574399	150779615	110	0.4495
DRIPS_p_TCGA_295_296_297_N_GenomeWideSNP_6_E03_1343866	X	150779686	152508173	1044	0.8767
DRIPS_p_TCGA_295_296_297_N_GenomeWideSNP_6_E03_1343866	X	152509963	153562778	449	0.4467
DRIPS_p_TCGA_295_296_297_N_GenomeWideSNP_6_E03_1343866	X	153566608	153624576	76	0.1327
DRIPS_p_TCGA_295_296_297_N_GenomeWideSNP_6_E03_1343866	X	153626738	155182354	544	0.4582
DRIPS_p_TCGA_295_296_297_N_GenomeWideSNP_6_E03_1343866	Y	2650438	2841968	95	-2.5303
DRIPS_p_TCGA_295_296_297_N_GenomeWideSNP_6_E03_1343866	Y	2846062	6035471	739	-2.1898
DRIPS_p_TCGA_295_296_297_N_GenomeWideSNP_6_E03_1343866	Y	6039351	6039663	2	-7.6439
DRIPS_p_TCGA_295_296_297_N_GenomeWideSNP_6_E03_1343866	Y	6048274	6107901	34	-2.1036
DRIPS_p_TCGA_295_296_297_N_GenomeWideSNP_6_E03_1343866	Y	6110498	6344503	105	-3.5793
DRIPS_p_TCGA_295_296_297_N_GenomeWideSNP_6_E03_1343866	Y	6356305	9168140	1467	-2.7625
DRIPS_p_TCGA_295_296_297_N_GenomeWideSNP_6_E03_1343866	Y	9170545	9387994	21	-4.7453
DRIPS_p_TCGA_295_296_297_N_GenomeWideSNP_6_E03_1343866	Y	9388262	19063565	2952	-2.7254
DRIPS_p_TCGA_295_296_297_N_GenomeWideSNP_6_E03_1343866	Y	19068122	19297985	97	-3.3094
DRIPS_p_TCGA_295_296_297_N_GenomeWideSNP_6_E03_1343866	Y	19300250	19570247	141	-2.6649
DRIPS_p_TCGA_295_296_297_N_GenomeWideSNP_6_E03_1343866	Y	19570632	21028957	676	-3.4007
DRIPS_p_TCGA_295_296_297_N_GenomeWideSNP_6_E03_1343866	Y	21029230	24525360	1279	-2.8042
DRIPS_p_TCGA_295_296_297_N_GenomeWideSNP_6_E03_1343866	Y	24528056	26230511	320	-3.5577
DRIPS_p_TCGA_295_296_297_N_GenomeWideSNP_6_E03_1343866	Y	26238656	26598702	83	-2.6632
DRIPS_p_TCGA_295_296_297_N_GenomeWideSNP_6_E03_1343866	Y	26604818	27436702	90	-4.0975
DRIPS_p_TCGA_295_296_297_N_GenomeWideSNP_6_E03_1343866	Y	27444915	27721117	93	-2.5572
DRIPS_p_TCGA_295_296_297_N_GenomeWideSNP_6_E03_1343866	Y	27723774	28423938	249	-3.5079
DRIPS_p_TCGA_295_296_297_N_GenomeWideSNP_6_E03_1343866	Y	28438116	59018259	183	-2.5309
