Sample	Chromosome	Start	End	Num_Probes	Segment_Mean
DRIPS_p_TCGA_295_296_297_N_GenomeWideSNP_6_A03_1343904	1	61735	4890125	1868	0.0156
DRIPS_p_TCGA_295_296_297_N_GenomeWideSNP_6_A03_1343904	1	4891603	4894144	3	-1.9899
DRIPS_p_TCGA_295_296_297_N_GenomeWideSNP_6_A03_1343904	1	4894950	16149915	6529	0.0062
DRIPS_p_TCGA_295_296_297_N_GenomeWideSNP_6_A03_1343904	1	16153497	16153925	6	-2.21
DRIPS_p_TCGA_295_296_297_N_GenomeWideSNP_6_A03_1343904	1	16154201	17005978	350	-0.0112
DRIPS_p_TCGA_295_296_297_N_GenomeWideSNP_6_A03_1343904	1	17011450	17283075	125	-0.4401
DRIPS_p_TCGA_295_296_297_N_GenomeWideSNP_6_A03_1343904	1	17284920	20883203	2533	0.0029
DRIPS_p_TCGA_295_296_297_N_GenomeWideSNP_6_A03_1343904	1	20883422	20883522	3	-1.3785
DRIPS_p_TCGA_295_296_297_N_GenomeWideSNP_6_A03_1343904	1	20883816	25582679	2709	0.0021
DRIPS_p_TCGA_295_296_297_N_GenomeWideSNP_6_A03_1343904	1	25582843	25662005	33	0.5081
DRIPS_p_TCGA_295_296_297_N_GenomeWideSNP_6_A03_1343904	1	25662212	35091674	4955	-0.0058
DRIPS_p_TCGA_295_296_297_N_GenomeWideSNP_6_A03_1343904	1	35102654	35104491	20	-0.6362
DRIPS_p_TCGA_295_296_297_N_GenomeWideSNP_6_A03_1343904	1	35114268	44420248	5258	1e-04
DRIPS_p_TCGA_295_296_297_N_GenomeWideSNP_6_A03_1343904	1	44420754	44423705	2	-2.3652
DRIPS_p_TCGA_295_296_297_N_GenomeWideSNP_6_A03_1343904	1	44424714	72768916	18531	0.0019
DRIPS_p_TCGA_295_296_297_N_GenomeWideSNP_6_A03_1343904	1	72768936	72775134	8	-2.6132
DRIPS_p_TCGA_295_296_297_N_GenomeWideSNP_6_A03_1343904	1	72779080	72811148	37	-1.1345
DRIPS_p_TCGA_295_296_297_N_GenomeWideSNP_6_A03_1343904	1	72811904	106012754	20975	0.0013
DRIPS_p_TCGA_295_296_297_N_GenomeWideSNP_6_A03_1343904	1	106013376	106022375	18	0.8125
DRIPS_p_TCGA_295_296_297_N_GenomeWideSNP_6_A03_1343904	1	106024055	110232974	2664	0
DRIPS_p_TCGA_295_296_297_N_GenomeWideSNP_6_A03_1343904	1	110233037	110242953	17	-0.9099
DRIPS_p_TCGA_295_296_297_N_GenomeWideSNP_6_A03_1343904	1	110244998	152759678	10197	0.0024
DRIPS_p_TCGA_295_296_297_N_GenomeWideSNP_6_A03_1343904	1	152761923	152778558	42	-0.5009
DRIPS_p_TCGA_295_296_297_N_GenomeWideSNP_6_A03_1343904	1	152778576	167764835	10180	0.006
DRIPS_p_TCGA_295_296_297_N_GenomeWideSNP_6_A03_1343904	1	167766183	167766919	4	-1.6377
DRIPS_p_TCGA_295_296_297_N_GenomeWideSNP_6_A03_1343904	1	167768513	210071062	28145	-4e-04
DRIPS_p_TCGA_295_296_297_N_GenomeWideSNP_6_A03_1343904	1	210081613	210082065	2	-1.8059
DRIPS_p_TCGA_295_296_297_N_GenomeWideSNP_6_A03_1343904	1	210083984	223016406	8919	-3e-04
DRIPS_p_TCGA_295_296_297_N_GenomeWideSNP_6_A03_1343904	1	223017325	223023604	5	-1.7178
DRIPS_p_TCGA_295_296_297_N_GenomeWideSNP_6_A03_1343904	1	223023769	249224388	18102	-3e-04
DRIPS_p_TCGA_295_296_297_N_GenomeWideSNP_6_A03_1343904	2	12784	34520473	23963	0.0061
DRIPS_p_TCGA_295_296_297_N_GenomeWideSNP_6_A03_1343904	2	34523978	34525580	2	-2.2176
DRIPS_p_TCGA_295_296_297_N_GenomeWideSNP_6_A03_1343904	2	34525967	34652398	82	2e-04
DRIPS_p_TCGA_295_296_297_N_GenomeWideSNP_6_A03_1343904	2	34652579	34736513	58	0.301
DRIPS_p_TCGA_295_296_297_N_GenomeWideSNP_6_A03_1343904	2	34737057	35968036	875	-0.0075
DRIPS_p_TCGA_295_296_297_N_GenomeWideSNP_6_A03_1343904	2	35975973	35987916	7	0.7576
DRIPS_p_TCGA_295_296_297_N_GenomeWideSNP_6_A03_1343904	2	35987947	41238235	3923	0.0051
DRIPS_p_TCGA_295_296_297_N_GenomeWideSNP_6_A03_1343904	2	41238443	41245887	23	-0.7527
DRIPS_p_TCGA_295_296_297_N_GenomeWideSNP_6_A03_1343904	2	41251233	44656624	2427	0.0105
DRIPS_p_TCGA_295_296_297_N_GenomeWideSNP_6_A03_1343904	2	44660439	44660616	2	-1.59
DRIPS_p_TCGA_295_296_297_N_GenomeWideSNP_6_A03_1343904	2	44661084	52741737	5734	0.0035
DRIPS_p_TCGA_295_296_297_N_GenomeWideSNP_6_A03_1343904	2	52743925	52754881	8	-1.2514
DRIPS_p_TCGA_295_296_297_N_GenomeWideSNP_6_A03_1343904	2	52758753	76844466	15549	0.008
DRIPS_p_TCGA_295_296_297_N_GenomeWideSNP_6_A03_1343904	2	76845173	76845426	5	-1.2771
DRIPS_p_TCGA_295_296_297_N_GenomeWideSNP_6_A03_1343904	2	76847586	97857927	8466	0.0031
DRIPS_p_TCGA_295_296_297_N_GenomeWideSNP_6_A03_1343904	2	97865337	97877173	15	0.5839
DRIPS_p_TCGA_295_296_297_N_GenomeWideSNP_6_A03_1343904	2	97886334	98118212	24	0.0262
DRIPS_p_TCGA_295_296_297_N_GenomeWideSNP_6_A03_1343904	2	98140747	98162189	9	-1.3714
DRIPS_p_TCGA_295_296_297_N_GenomeWideSNP_6_A03_1343904	2	98166878	151030802	31745	0.0032
DRIPS_p_TCGA_295_296_297_N_GenomeWideSNP_6_A03_1343904	2	151031451	151037732	5	-1.3488
DRIPS_p_TCGA_295_296_297_N_GenomeWideSNP_6_A03_1343904	2	151039208	154889809	2611	0.0083
DRIPS_p_TCGA_295_296_297_N_GenomeWideSNP_6_A03_1343904	2	154895975	154896482	2	-1.7935
DRIPS_p_TCGA_295_296_297_N_GenomeWideSNP_6_A03_1343904	2	154900223	197457212	25564	0.0058
DRIPS_p_TCGA_295_296_297_N_GenomeWideSNP_6_A03_1343904	2	197466803	197469555	2	-1.7312
DRIPS_p_TCGA_295_296_297_N_GenomeWideSNP_6_A03_1343904	2	197470272	215711631	11150	0.004
DRIPS_p_TCGA_295_296_297_N_GenomeWideSNP_6_A03_1343904	2	215715707	215716169	2	-1.8686
DRIPS_p_TCGA_295_296_297_N_GenomeWideSNP_6_A03_1343904	2	215716232	216222177	302	0.0035
DRIPS_p_TCGA_295_296_297_N_GenomeWideSNP_6_A03_1343904	2	216224265	216225080	2	-1.9138
DRIPS_p_TCGA_295_296_297_N_GenomeWideSNP_6_A03_1343904	2	216229097	216478634	188	0.024
DRIPS_p_TCGA_295_296_297_N_GenomeWideSNP_6_A03_1343904	2	216485609	216489977	12	-1.2275
DRIPS_p_TCGA_295_296_297_N_GenomeWideSNP_6_A03_1343904	2	216491708	241611321	16294	0.0033
DRIPS_p_TCGA_295_296_297_N_GenomeWideSNP_6_A03_1343904	2	241626057	241706227	29	0.732
DRIPS_p_TCGA_295_296_297_N_GenomeWideSNP_6_A03_1343904	2	241715903	243089456	591	0.0031
DRIPS_p_TCGA_295_296_297_N_GenomeWideSNP_6_A03_1343904	3	60345	65188453	45233	0.0012
DRIPS_p_TCGA_295_296_297_N_GenomeWideSNP_6_A03_1343904	3	65189235	65196879	14	-1.2301
DRIPS_p_TCGA_295_296_297_N_GenomeWideSNP_6_A03_1343904	3	65196994	65206944	30	-0.2306
DRIPS_p_TCGA_295_296_297_N_GenomeWideSNP_6_A03_1343904	3	65207331	65210154	6	-0.9896
DRIPS_p_TCGA_295_296_297_N_GenomeWideSNP_6_A03_1343904	3	65210299	68746164	2417	-0.001
DRIPS_p_TCGA_295_296_297_N_GenomeWideSNP_6_A03_1343904	3	68746259	68747413	14	-1.3881
DRIPS_p_TCGA_295_296_297_N_GenomeWideSNP_6_A03_1343904	3	68748758	81230633	8125	0.0027
DRIPS_p_TCGA_295_296_297_N_GenomeWideSNP_6_A03_1343904	3	81230688	81239869	9	-1.2997
DRIPS_p_TCGA_295_296_297_N_GenomeWideSNP_6_A03_1343904	3	81247063	82857365	916	0.0108
DRIPS_p_TCGA_295_296_297_N_GenomeWideSNP_6_A03_1343904	3	82857367	82873043	10	-1.4299
DRIPS_p_TCGA_295_296_297_N_GenomeWideSNP_6_A03_1343904	3	82881045	143285765	34004	0.0016
DRIPS_p_TCGA_295_296_297_N_GenomeWideSNP_6_A03_1343904	3	143285800	143285974	4	2.282
DRIPS_p_TCGA_295_296_297_N_GenomeWideSNP_6_A03_1343904	3	143286801	162137600	11596	0.0019
DRIPS_p_TCGA_295_296_297_N_GenomeWideSNP_6_A03_1343904	3	162137653	162142705	13	-0.8532
DRIPS_p_TCGA_295_296_297_N_GenomeWideSNP_6_A03_1343904	3	162144248	195006791	20893	0.0037
DRIPS_p_TCGA_295_296_297_N_GenomeWideSNP_6_A03_1343904	3	195007260	195007603	2	1.6987
DRIPS_p_TCGA_295_296_297_N_GenomeWideSNP_6_A03_1343904	3	195010216	195285898	84	-0.0196
DRIPS_p_TCGA_295_296_297_N_GenomeWideSNP_6_A03_1343904	3	195383142	195455861	30	0.3773
DRIPS_p_TCGA_295_296_297_N_GenomeWideSNP_6_A03_1343904	3	195455876	197896118	1189	0.0064
DRIPS_p_TCGA_295_296_297_N_GenomeWideSNP_6_A03_1343904	4	12281	10210390	5785	-0.0022
DRIPS_p_TCGA_295_296_297_N_GenomeWideSNP_6_A03_1343904	4	10214160	10235268	36	-1.8803
DRIPS_p_TCGA_295_296_297_N_GenomeWideSNP_6_A03_1343904	4	10236142	69375160	36455	-6e-04
DRIPS_p_TCGA_295_296_297_N_GenomeWideSNP_6_A03_1343904	4	69375348	69506334	65	0.3854
DRIPS_p_TCGA_295_296_297_N_GenomeWideSNP_6_A03_1343904	4	69521409	70127644	325	0.0053
DRIPS_p_TCGA_295_296_297_N_GenomeWideSNP_6_A03_1343904	4	70127652	70231799	53	-0.6126
DRIPS_p_TCGA_295_296_297_N_GenomeWideSNP_6_A03_1343904	4	70232022	110761206	24435	0.0025
DRIPS_p_TCGA_295_296_297_N_GenomeWideSNP_6_A03_1343904	4	110765361	110765465	2	-1.8895
DRIPS_p_TCGA_295_296_297_N_GenomeWideSNP_6_A03_1343904	4	110765496	115173656	2857	-0.0055
DRIPS_p_TCGA_295_296_297_N_GenomeWideSNP_6_A03_1343904	4	115173700	115182175	24	1.0294
DRIPS_p_TCGA_295_296_297_N_GenomeWideSNP_6_A03_1343904	4	115184229	172987928	35043	7e-04
DRIPS_p_TCGA_295_296_297_N_GenomeWideSNP_6_A03_1343904	4	172989148	172989533	12	-1.6762
DRIPS_p_TCGA_295_296_297_N_GenomeWideSNP_6_A03_1343904	4	172995979	191027923	12088	-0.0041
DRIPS_p_TCGA_295_296_297_N_GenomeWideSNP_6_A03_1343904	5	15532	731769	319	0.0678
DRIPS_p_TCGA_295_296_297_N_GenomeWideSNP_6_A03_1343904	5	731891	806336	28	0.4615
DRIPS_p_TCGA_295_296_297_N_GenomeWideSNP_6_A03_1343904	5	809047	21376844	15348	-0.0011
DRIPS_p_TCGA_295_296_297_N_GenomeWideSNP_6_A03_1343904	5	21377839	21377853	2	-2.0735
DRIPS_p_TCGA_295_296_297_N_GenomeWideSNP_6_A03_1343904	5	21386066	34700704	8301	-0.0016
DRIPS_p_TCGA_295_296_297_N_GenomeWideSNP_6_A03_1343904	5	34701065	34701189	2	-1.845
DRIPS_p_TCGA_295_296_297_N_GenomeWideSNP_6_A03_1343904	5	34703363	46251306	6732	0.0038
DRIPS_p_TCGA_295_296_297_N_GenomeWideSNP_6_A03_1343904	5	46271008	46273502	8	-2.0342
DRIPS_p_TCGA_295_296_297_N_GenomeWideSNP_6_A03_1343904	5	46278212	51236962	899	-0.012
DRIPS_p_TCGA_295_296_297_N_GenomeWideSNP_6_A03_1343904	5	51237372	51242589	3	-2.4155
DRIPS_p_TCGA_295_296_297_N_GenomeWideSNP_6_A03_1343904	5	51243755	103851221	30995	0.0019
DRIPS_p_TCGA_295_296_297_N_GenomeWideSNP_6_A03_1343904	5	103860373	103860604	4	1.8837
DRIPS_p_TCGA_295_296_297_N_GenomeWideSNP_6_A03_1343904	5	103861049	134822283	20208	4e-04
DRIPS_p_TCGA_295_296_297_N_GenomeWideSNP_6_A03_1343904	5	134825485	134825683	2	-1.9805
DRIPS_p_TCGA_295_296_297_N_GenomeWideSNP_6_A03_1343904	5	134828213	137805120	1904	7e-04
DRIPS_p_TCGA_295_296_297_N_GenomeWideSNP_6_A03_1343904	5	137807961	137816957	20	-0.8925
DRIPS_p_TCGA_295_296_297_N_GenomeWideSNP_6_A03_1343904	5	137818577	141586530	1786	-0.0021
DRIPS_p_TCGA_295_296_297_N_GenomeWideSNP_6_A03_1343904	5	141586607	141614064	10	-0.6728
DRIPS_p_TCGA_295_296_297_N_GenomeWideSNP_6_A03_1343904	5	141616625	151515386	6784	-0.0027
DRIPS_p_TCGA_295_296_297_N_GenomeWideSNP_6_A03_1343904	5	151515470	151518351	13	-0.7769
DRIPS_p_TCGA_295_296_297_N_GenomeWideSNP_6_A03_1343904	5	151520271	155475105	2651	0.0011
DRIPS_p_TCGA_295_296_297_N_GenomeWideSNP_6_A03_1343904	5	155476772	155495250	15	-0.6417
DRIPS_p_TCGA_295_296_297_N_GenomeWideSNP_6_A03_1343904	5	155495253	178720968	15623	0
DRIPS_p_TCGA_295_296_297_N_GenomeWideSNP_6_A03_1343904	5	178729588	178925843	128	1.1327
DRIPS_p_TCGA_295_296_297_N_GenomeWideSNP_6_A03_1343904	5	178928761	180374523	851	0.0103
DRIPS_p_TCGA_295_296_297_N_GenomeWideSNP_6_A03_1343904	5	180378710	180406558	10	-0.8653
DRIPS_p_TCGA_295_296_297_N_GenomeWideSNP_6_A03_1343904	5	180406968	180790320	180	0.001
DRIPS_p_TCGA_295_296_297_N_GenomeWideSNP_6_A03_1343904	6	149661	29837188	21679	0.005
DRIPS_p_TCGA_295_296_297_N_GenomeWideSNP_6_A03_1343904	6	29837314	29850196	15	-0.9893
DRIPS_p_TCGA_295_296_297_N_GenomeWideSNP_6_A03_1343904	6	29850274	31286305	669	-0.0154
DRIPS_p_TCGA_295_296_297_N_GenomeWideSNP_6_A03_1343904	6	31286531	31309924	10	-1.1705
DRIPS_p_TCGA_295_296_297_N_GenomeWideSNP_6_A03_1343904	6	31317347	32454275	504	-0.0046
DRIPS_p_TCGA_295_296_297_N_GenomeWideSNP_6_A03_1343904	6	32454523	32501299	15	1.5232
DRIPS_p_TCGA_295_296_297_N_GenomeWideSNP_6_A03_1343904	6	32508476	32686196	88	0.1126
DRIPS_p_TCGA_295_296_297_N_GenomeWideSNP_6_A03_1343904	6	32688615	32690830	11	0.648
DRIPS_p_TCGA_295_296_297_N_GenomeWideSNP_6_A03_1343904	6	32692227	48930865	10327	0.0051
DRIPS_p_TCGA_295_296_297_N_GenomeWideSNP_6_A03_1343904	6	48931729	48935200	5	-1.1279
DRIPS_p_TCGA_295_296_297_N_GenomeWideSNP_6_A03_1343904	6	48946563	53931067	3309	-0.0039
DRIPS_p_TCGA_295_296_297_N_GenomeWideSNP_6_A03_1343904	6	53931084	53931275	4	-0.6759
DRIPS_p_TCGA_295_296_297_N_GenomeWideSNP_6_A03_1343904	6	53931380	53931855	4	-2.0509
DRIPS_p_TCGA_295_296_297_N_GenomeWideSNP_6_A03_1343904	6	53935348	66394090	5042	-0.0077
DRIPS_p_TCGA_295_296_297_N_GenomeWideSNP_6_A03_1343904	6	66399482	66407127	25	-0.6893
DRIPS_p_TCGA_295_296_297_N_GenomeWideSNP_6_A03_1343904	6	66407210	77436532	7203	-0.0078
DRIPS_p_TCGA_295_296_297_N_GenomeWideSNP_6_A03_1343904	6	77439868	77467931	23	-0.5944
DRIPS_p_TCGA_295_296_297_N_GenomeWideSNP_6_A03_1343904	6	77468466	78962889	975	-0.026
DRIPS_p_TCGA_295_296_297_N_GenomeWideSNP_6_A03_1343904	6	78969065	79041719	114	-0.629
DRIPS_p_TCGA_295_296_297_N_GenomeWideSNP_6_A03_1343904	6	79041773	103734829	15442	-0.0039
DRIPS_p_TCGA_295_296_297_N_GenomeWideSNP_6_A03_1343904	6	103737976	103762061	45	-1.1764
DRIPS_p_TCGA_295_296_297_N_GenomeWideSNP_6_A03_1343904	6	103765470	134266268	19027	0.003
DRIPS_p_TCGA_295_296_297_N_GenomeWideSNP_6_A03_1343904	6	134269071	134269632	2	-1.8652
DRIPS_p_TCGA_295_296_297_N_GenomeWideSNP_6_A03_1343904	6	134272072	171051005	25069	0.0014
DRIPS_p_TCGA_295_296_297_N_GenomeWideSNP_6_A03_1343904	7	43355	71276	32	0.6626
DRIPS_p_TCGA_295_296_297_N_GenomeWideSNP_6_A03_1343904	7	79263	22434780	16024	0.0023
DRIPS_p_TCGA_295_296_297_N_GenomeWideSNP_6_A03_1343904	7	22435472	22436487	2	-2.212
DRIPS_p_TCGA_295_296_297_N_GenomeWideSNP_6_A03_1343904	7	22438754	48580942	18151	0.0015
DRIPS_p_TCGA_295_296_297_N_GenomeWideSNP_6_A03_1343904	7	48581852	48592025	8	-1.1587
DRIPS_p_TCGA_295_296_297_N_GenomeWideSNP_6_A03_1343904	7	48600179	54380373	4244	0.001
DRIPS_p_TCGA_295_296_297_N_GenomeWideSNP_6_A03_1343904	7	54386505	54386517	6	1.6161
DRIPS_p_TCGA_295_296_297_N_GenomeWideSNP_6_A03_1343904	7	54393488	97385970	22112	-4e-04
DRIPS_p_TCGA_295_296_297_N_GenomeWideSNP_6_A03_1343904	7	97395460	97402288	15	0.8775
DRIPS_p_TCGA_295_296_297_N_GenomeWideSNP_6_A03_1343904	7	97402475	126046167	16675	-0.0034
DRIPS_p_TCGA_295_296_297_N_GenomeWideSNP_6_A03_1343904	7	126046489	126046615	4	-2.0269
DRIPS_p_TCGA_295_296_297_N_GenomeWideSNP_6_A03_1343904	7	126046876	141763124	9917	0.0016
DRIPS_p_TCGA_295_296_297_N_GenomeWideSNP_6_A03_1343904	7	141769643	141787646	33	-0.6609
DRIPS_p_TCGA_295_296_297_N_GenomeWideSNP_6_A03_1343904	7	141787899	142047132	201	0.006
DRIPS_p_TCGA_295_296_297_N_GenomeWideSNP_6_A03_1343904	7	142047229	142047396	3	1.1658
DRIPS_p_TCGA_295_296_297_N_GenomeWideSNP_6_A03_1343904	7	142047648	142474939	254	0.0283
DRIPS_p_TCGA_295_296_297_N_GenomeWideSNP_6_A03_1343904	7	142476719	142483433	12	1.1654
DRIPS_p_TCGA_295_296_297_N_GenomeWideSNP_6_A03_1343904	7	142485138	143909445	856	-2e-04
DRIPS_p_TCGA_295_296_297_N_GenomeWideSNP_6_A03_1343904	7	143911624	144066947	39	0.7738
DRIPS_p_TCGA_295_296_297_N_GenomeWideSNP_6_A03_1343904	7	144074929	159127004	9662	-0.0067
DRIPS_p_TCGA_295_296_297_N_GenomeWideSNP_6_A03_1343904	8	31254	2247827	1642	0.007
DRIPS_p_TCGA_295_296_297_N_GenomeWideSNP_6_A03_1343904	8	2254638	2259358	12	-0.8314
DRIPS_p_TCGA_295_296_297_N_GenomeWideSNP_6_A03_1343904	8	2270328	3773935	1770	-0.0122
DRIPS_p_TCGA_295_296_297_N_GenomeWideSNP_6_A03_1343904	8	3776864	3790037	24	-0.8651
DRIPS_p_TCGA_295_296_297_N_GenomeWideSNP_6_A03_1343904	8	3790106	7171097	4355	0.015
DRIPS_p_TCGA_295_296_297_N_GenomeWideSNP_6_A03_1343904	8	7186632	7250380	28	1.0632
DRIPS_p_TCGA_295_296_297_N_GenomeWideSNP_6_A03_1343904	8	7254291	7798851	147	0.3008
DRIPS_p_TCGA_295_296_297_N_GenomeWideSNP_6_A03_1343904	8	7799390	12232416	3302	0.014
DRIPS_p_TCGA_295_296_297_N_GenomeWideSNP_6_A03_1343904	8	12233640	12247486	36	-0.3809
DRIPS_p_TCGA_295_296_297_N_GenomeWideSNP_6_A03_1343904	8	12260927	24976675	10464	0.0021
DRIPS_p_TCGA_295_296_297_N_GenomeWideSNP_6_A03_1343904	8	24978492	24984333	17	0.731
DRIPS_p_TCGA_295_296_297_N_GenomeWideSNP_6_A03_1343904	8	24991104	39230183	9006	9e-04
DRIPS_p_TCGA_295_296_297_N_GenomeWideSNP_6_A03_1343904	8	39230325	39230659	2	0.7046
DRIPS_p_TCGA_295_296_297_N_GenomeWideSNP_6_A03_1343904	8	39235603	39388299	60	-0.5988
DRIPS_p_TCGA_295_296_297_N_GenomeWideSNP_6_A03_1343904	8	39388779	72212365	17874	-0.0019
DRIPS_p_TCGA_295_296_297_N_GenomeWideSNP_6_A03_1343904	8	72215311	72216599	9	-2.0706
DRIPS_p_TCGA_295_296_297_N_GenomeWideSNP_6_A03_1343904	8	72219863	85257989	7955	-0.0053
DRIPS_p_TCGA_295_296_297_N_GenomeWideSNP_6_A03_1343904	8	85262883	85268666	19	-1.0122
DRIPS_p_TCGA_295_296_297_N_GenomeWideSNP_6_A03_1343904	8	85270682	144706884	38469	0.001
DRIPS_p_TCGA_295_296_297_N_GenomeWideSNP_6_A03_1343904	8	144706978	144707808	3	-3.2407
DRIPS_p_TCGA_295_296_297_N_GenomeWideSNP_6_A03_1343904	8	144718989	146298155	504	0.0157
DRIPS_p_TCGA_295_296_297_N_GenomeWideSNP_6_A03_1343904	9	46587	2148837	2318	0.004
DRIPS_p_TCGA_295_296_297_N_GenomeWideSNP_6_A03_1343904	9	2148966	2150662	5	-1.0493
DRIPS_p_TCGA_295_296_297_N_GenomeWideSNP_6_A03_1343904	9	2152115	4785307	2580	0.0093
DRIPS_p_TCGA_295_296_297_N_GenomeWideSNP_6_A03_1343904	9	4788621	4791138	2	-1.8419
DRIPS_p_TCGA_295_296_297_N_GenomeWideSNP_6_A03_1343904	9	4791634	5079156	336	0.0034
DRIPS_p_TCGA_295_296_297_N_GenomeWideSNP_6_A03_1343904	9	5081416	5081766	8	-1.3368
DRIPS_p_TCGA_295_296_297_N_GenomeWideSNP_6_A03_1343904	9	5081852	17550794	10514	-0.0039
DRIPS_p_TCGA_295_296_297_N_GenomeWideSNP_6_A03_1343904	9	17552209	17554647	3	-2.3764
DRIPS_p_TCGA_295_296_297_N_GenomeWideSNP_6_A03_1343904	9	17555198	44251228	15581	0.0016
DRIPS_p_TCGA_295_296_297_N_GenomeWideSNP_6_A03_1343904	9	44255487	44396927	12	-0.7415
DRIPS_p_TCGA_295_296_297_N_GenomeWideSNP_6_A03_1343904	9	44404912	44900526	47	-0.1278
DRIPS_p_TCGA_295_296_297_N_GenomeWideSNP_6_A03_1343904	9	44906131	45131923	21	0.5947
DRIPS_p_TCGA_295_296_297_N_GenomeWideSNP_6_A03_1343904	9	45368770	68358822	182	0.0499
DRIPS_p_TCGA_295_296_297_N_GenomeWideSNP_6_A03_1343904	9	68665184	70981999	169	0.3363
DRIPS_p_TCGA_295_296_297_N_GenomeWideSNP_6_A03_1343904	9	70984601	117082811	32791	4e-04
DRIPS_p_TCGA_295_296_297_N_GenomeWideSNP_6_A03_1343904	9	117087402	117088322	2	2.6857
DRIPS_p_TCGA_295_296_297_N_GenomeWideSNP_6_A03_1343904	9	117093029	141091394	15091	0.0035
DRIPS_p_TCGA_295_296_297_N_GenomeWideSNP_6_A03_1343904	10	72759	28560372	22075	0.0024
DRIPS_p_TCGA_295_296_297_N_GenomeWideSNP_6_A03_1343904	10	28560451	28564192	3	-2.3588
DRIPS_p_TCGA_295_296_297_N_GenomeWideSNP_6_A03_1343904	10	28564207	47897394	9776	0
DRIPS_p_TCGA_295_296_297_N_GenomeWideSNP_6_A03_1343904	10	47912899	47948060	3	1.6147
DRIPS_p_TCGA_295_296_297_N_GenomeWideSNP_6_A03_1343904	10	47960476	51830360	1754	-0.0135
DRIPS_p_TCGA_295_296_297_N_GenomeWideSNP_6_A03_1343904	10	51840984	51891920	4	-2.0496
DRIPS_p_TCGA_295_296_297_N_GenomeWideSNP_6_A03_1343904	10	51903768	57180153	3931	-0.0026
DRIPS_p_TCGA_295_296_297_N_GenomeWideSNP_6_A03_1343904	10	57180241	57180317	3	-1.9075
DRIPS_p_TCGA_295_296_297_N_GenomeWideSNP_6_A03_1343904	10	57180321	89069796	21540	-5e-04
DRIPS_p_TCGA_295_296_297_N_GenomeWideSNP_6_A03_1343904	10	89070745	89117300	12	-0.732
DRIPS_p_TCGA_295_296_297_N_GenomeWideSNP_6_A03_1343904	10	89131190	124344109	23818	0.0039
DRIPS_p_TCGA_295_296_297_N_GenomeWideSNP_6_A03_1343904	10	124344223	124351013	5	-1.1022
DRIPS_p_TCGA_295_296_297_N_GenomeWideSNP_6_A03_1343904	10	124356812	135506704	7899	0.0052
DRIPS_p_TCGA_295_296_297_N_GenomeWideSNP_6_A03_1343904	11	198510	4972005	2481	-0.0011
DRIPS_p_TCGA_295_296_297_N_GenomeWideSNP_6_A03_1343904	11	4972158	4973733	11	-0.5744
DRIPS_p_TCGA_295_296_297_N_GenomeWideSNP_6_A03_1343904	11	4973748	5783923	803	-0.0044
DRIPS_p_TCGA_295_296_297_N_GenomeWideSNP_6_A03_1343904	11	5787405	5812360	36	0.3942
DRIPS_p_TCGA_295_296_297_N_GenomeWideSNP_6_A03_1343904	11	5816186	6117976	243	-0.031
DRIPS_p_TCGA_295_296_297_N_GenomeWideSNP_6_A03_1343904	11	6120647	6122094	2	-2.8702
DRIPS_p_TCGA_295_296_297_N_GenomeWideSNP_6_A03_1343904	11	6122503	18940870	9144	0.006
DRIPS_p_TCGA_295_296_297_N_GenomeWideSNP_6_A03_1343904	11	18949072	18961708	50	-1.1122
DRIPS_p_TCGA_295_296_297_N_GenomeWideSNP_6_A03_1343904	11	18961738	76944049	33041	9e-04
DRIPS_p_TCGA_295_296_297_N_GenomeWideSNP_6_A03_1343904	11	76945005	76947161	2	2.234
DRIPS_p_TCGA_295_296_297_N_GenomeWideSNP_6_A03_1343904	11	76948177	107765399	21537	-0.001
DRIPS_p_TCGA_295_296_297_N_GenomeWideSNP_6_A03_1343904	11	107767366	107801157	18	0.6978
DRIPS_p_TCGA_295_296_297_N_GenomeWideSNP_6_A03_1343904	11	107803943	123226701	10590	-0.0049
DRIPS_p_TCGA_295_296_297_N_GenomeWideSNP_6_A03_1343904	11	123229854	123232246	2	-1.8383
DRIPS_p_TCGA_295_296_297_N_GenomeWideSNP_6_A03_1343904	11	123232801	134944770	8891	5e-04
DRIPS_p_TCGA_295_296_297_N_GenomeWideSNP_6_A03_1343904	12	150442	9651293	6186	0.0046
DRIPS_p_TCGA_295_296_297_N_GenomeWideSNP_6_A03_1343904	12	9651391	9734970	22	1.0224
DRIPS_p_TCGA_295_296_297_N_GenomeWideSNP_6_A03_1343904	12	9735686	11214145	1036	-0.0202
DRIPS_p_TCGA_295_296_297_N_GenomeWideSNP_6_A03_1343904	12	11215372	11256829	17	0.6067
DRIPS_p_TCGA_295_296_297_N_GenomeWideSNP_6_A03_1343904	12	11260275	11511577	131	0.0273
DRIPS_p_TCGA_295_296_297_N_GenomeWideSNP_6_A03_1343904	12	11511578	11552752	33	-0.6376
DRIPS_p_TCGA_295_296_297_N_GenomeWideSNP_6_A03_1343904	12	11552782	133778189	77398	0.0038
DRIPS_p_TCGA_295_296_297_N_GenomeWideSNP_6_A03_1343904	13	19026949	84413628	43167	-0.0036
DRIPS_p_TCGA_295_296_297_N_GenomeWideSNP_6_A03_1343904	13	84414342	84420949	7	-1.1483
DRIPS_p_TCGA_295_296_297_N_GenomeWideSNP_6_A03_1343904	13	84425316	115108397	20965	-0.0051
DRIPS_p_TCGA_295_296_297_N_GenomeWideSNP_6_A03_1343904	14	19002124	20137346	79	-0.0133
DRIPS_p_TCGA_295_296_297_N_GenomeWideSNP_6_A03_1343904	14	20143509	20422583	110	0.5645
DRIPS_p_TCGA_295_296_297_N_GenomeWideSNP_6_A03_1343904	14	20423372	61055940	25846	0.0013
DRIPS_p_TCGA_295_296_297_N_GenomeWideSNP_6_A03_1343904	14	61058142	61059136	2	-3.6515
DRIPS_p_TCGA_295_296_297_N_GenomeWideSNP_6_A03_1343904	14	61066218	61693062	289	-0.0041
DRIPS_p_TCGA_295_296_297_N_GenomeWideSNP_6_A03_1343904	14	61693199	61693291	2	-1.7981
DRIPS_p_TCGA_295_296_297_N_GenomeWideSNP_6_A03_1343904	14	61696850	83100732	13843	0.0048
DRIPS_p_TCGA_295_296_297_N_GenomeWideSNP_6_A03_1343904	14	83100747	83101837	2	-1.9113
DRIPS_p_TCGA_295_296_297_N_GenomeWideSNP_6_A03_1343904	14	83106487	106783044	14925	0.0032
DRIPS_p_TCGA_295_296_297_N_GenomeWideSNP_6_A03_1343904	14	106796025	106802053	7	-1.1802
DRIPS_p_TCGA_295_296_297_N_GenomeWideSNP_6_A03_1343904	14	106815943	106872062	32	-0.0308
DRIPS_p_TCGA_295_296_297_N_GenomeWideSNP_6_A03_1343904	14	106874361	106918108	52	-0.8016
DRIPS_p_TCGA_295_296_297_N_GenomeWideSNP_6_A03_1343904	14	106918649	107160325	135	0.017
DRIPS_p_TCGA_295_296_297_N_GenomeWideSNP_6_A03_1343904	14	107160399	107176213	13	-0.6865
DRIPS_p_TCGA_295_296_297_N_GenomeWideSNP_6_A03_1343904	14	107177931	107285437	76	0.033
DRIPS_p_TCGA_295_296_297_N_GenomeWideSNP_6_A03_1343904	15	20016328	20446138	69	-0.0362
DRIPS_p_TCGA_295_296_297_N_GenomeWideSNP_6_A03_1343904	15	20454259	22681076	353	-0.5442
DRIPS_p_TCGA_295_296_297_N_GenomeWideSNP_6_A03_1343904	15	22681250	24468420	916	0.0161
DRIPS_p_TCGA_295_296_297_N_GenomeWideSNP_6_A03_1343904	15	24468460	24512035	22	-0.6839
DRIPS_p_TCGA_295_296_297_N_GenomeWideSNP_6_A03_1343904	15	24514620	30523088	3763	0.0061
DRIPS_p_TCGA_295_296_297_N_GenomeWideSNP_6_A03_1343904	15	30523120	30821758	76	0.2946
DRIPS_p_TCGA_295_296_297_N_GenomeWideSNP_6_A03_1343904	15	30887956	60646493	19047	0.0058
DRIPS_p_TCGA_295_296_297_N_GenomeWideSNP_6_A03_1343904	15	60649026	60650015	2	-1.9445
DRIPS_p_TCGA_295_296_297_N_GenomeWideSNP_6_A03_1343904	15	60650048	84825285	14630	0.0043
DRIPS_p_TCGA_295_296_297_N_GenomeWideSNP_6_A03_1343904	15	84827482	84915273	6	1.1161
DRIPS_p_TCGA_295_296_297_N_GenomeWideSNP_6_A03_1343904	15	84918288	85983503	504	-0.0156
DRIPS_p_TCGA_295_296_297_N_GenomeWideSNP_6_A03_1343904	15	85985163	85985255	2	-1.7143
DRIPS_p_TCGA_295_296_297_N_GenomeWideSNP_6_A03_1343904	15	85988136	92765755	5088	-2e-04
DRIPS_p_TCGA_295_296_297_N_GenomeWideSNP_6_A03_1343904	15	92765874	92766294	3	1.9021
DRIPS_p_TCGA_295_296_297_N_GenomeWideSNP_6_A03_1343904	15	92766758	101540909	6741	0.0064
DRIPS_p_TCGA_295_296_297_N_GenomeWideSNP_6_A03_1343904	15	101541201	101543394	3	-1.5015
DRIPS_p_TCGA_295_296_297_N_GenomeWideSNP_6_A03_1343904	15	101546195	102469040	671	0.0306
DRIPS_p_TCGA_295_296_297_N_GenomeWideSNP_6_A03_1343904	16	60777	23933847	15674	0.0091
DRIPS_p_TCGA_295_296_297_N_GenomeWideSNP_6_A03_1343904	16	23934891	23942257	6	-1.1973
DRIPS_p_TCGA_295_296_297_N_GenomeWideSNP_6_A03_1343904	16	23943937	74397058	22781	0.0026
DRIPS_p_TCGA_295_296_297_N_GenomeWideSNP_6_A03_1343904	16	74397987	74407379	6	1.1345
DRIPS_p_TCGA_295_296_297_N_GenomeWideSNP_6_A03_1343904	16	74452036	78372611	3205	0.0017
DRIPS_p_TCGA_295_296_297_N_GenomeWideSNP_6_A03_1343904	16	78372846	78377161	8	-1.1535
DRIPS_p_TCGA_295_296_297_N_GenomeWideSNP_6_A03_1343904	16	78377258	90287535	10599	0.0092
DRIPS_p_TCGA_295_296_297_N_GenomeWideSNP_6_A03_1343904	17	526	12337534	7510	-3e-04
DRIPS_p_TCGA_295_296_297_N_GenomeWideSNP_6_A03_1343904	17	12337597	12338753	2	-2.0154
DRIPS_p_TCGA_295_296_297_N_GenomeWideSNP_6_A03_1343904	17	12339578	18935523	4098	-0.0016
DRIPS_p_TCGA_295_296_297_N_GenomeWideSNP_6_A03_1343904	17	18950867	19093560	13	0.8577
DRIPS_p_TCGA_295_296_297_N_GenomeWideSNP_6_A03_1343904	17	19130231	39423026	9292	0.0031
DRIPS_p_TCGA_295_296_297_N_GenomeWideSNP_6_A03_1343904	17	39423057	39430450	21	-0.6517
DRIPS_p_TCGA_295_296_297_N_GenomeWideSNP_6_A03_1343904	17	39430531	43789596	2246	-0.0085
DRIPS_p_TCGA_295_296_297_N_GenomeWideSNP_6_A03_1343904	17	43793388	43793427	2	1.6034
DRIPS_p_TCGA_295_296_297_N_GenomeWideSNP_6_A03_1343904	17	43793805	44214166	299	0.0079
DRIPS_p_TCGA_295_296_297_N_GenomeWideSNP_6_A03_1343904	17	44215364	44764994	136	0.3645
DRIPS_p_TCGA_295_296_297_N_GenomeWideSNP_6_A03_1343904	17	44784652	81049726	21554	0.0057
DRIPS_p_TCGA_295_296_297_N_GenomeWideSNP_6_A03_1343904	18	11543	38260434	22784	-0.0014
DRIPS_p_TCGA_295_296_297_N_GenomeWideSNP_6_A03_1343904	18	38260448	38265389	17	-0.7686
DRIPS_p_TCGA_295_296_297_N_GenomeWideSNP_6_A03_1343904	18	38268024	78015057	27868	7e-04
DRIPS_p_TCGA_295_296_297_N_GenomeWideSNP_6_A03_1343904	19	90910	3305830	894	-0.0118
DRIPS_p_TCGA_295_296_297_N_GenomeWideSNP_6_A03_1343904	19	3308076	3308096	2	-4.4563
DRIPS_p_TCGA_295_296_297_N_GenomeWideSNP_6_A03_1343904	19	3319718	11163689	3383	-0.0035
DRIPS_p_TCGA_295_296_297_N_GenomeWideSNP_6_A03_1343904	19	11168662	11169052	2	-1.8071
DRIPS_p_TCGA_295_296_297_N_GenomeWideSNP_6_A03_1343904	19	11177408	40261323	14738	-5e-04
DRIPS_p_TCGA_295_296_297_N_GenomeWideSNP_6_A03_1343904	19	40263913	40266148	5	-1.2815
DRIPS_p_TCGA_295_296_297_N_GenomeWideSNP_6_A03_1343904	19	40266579	42689009	1265	0.006
DRIPS_p_TCGA_295_296_297_N_GenomeWideSNP_6_A03_1343904	19	42696015	42696698	2	-1.548
DRIPS_p_TCGA_295_296_297_N_GenomeWideSNP_6_A03_1343904	19	42700528	44905905	1202	0.0119
DRIPS_p_TCGA_295_296_297_N_GenomeWideSNP_6_A03_1343904	19	44906524	44907183	5	1.0625
DRIPS_p_TCGA_295_296_297_N_GenomeWideSNP_6_A03_1343904	19	44907807	59097854	7794	0.0018
DRIPS_p_TCGA_295_296_297_N_GenomeWideSNP_6_A03_1343904	20	61305	62173	14	0.2991
DRIPS_p_TCGA_295_296_297_N_GenomeWideSNP_6_A03_1343904	20	62461	1560999	1189	-5e-04
DRIPS_p_TCGA_295_296_297_N_GenomeWideSNP_6_A03_1343904	20	1561580	1590257	37	1.5509
DRIPS_p_TCGA_295_296_297_N_GenomeWideSNP_6_A03_1343904	20	1590455	37010785	22511	0.004
DRIPS_p_TCGA_295_296_297_N_GenomeWideSNP_6_A03_1343904	20	37010806	37012294	4	-1.7236
DRIPS_p_TCGA_295_296_297_N_GenomeWideSNP_6_A03_1343904	20	37018652	48915780	8342	0.0079
DRIPS_p_TCGA_295_296_297_N_GenomeWideSNP_6_A03_1343904	20	48917251	48918531	3	-1.3257
DRIPS_p_TCGA_295_296_297_N_GenomeWideSNP_6_A03_1343904	20	48919117	62956153	10276	0.0034
DRIPS_p_TCGA_295_296_297_N_GenomeWideSNP_6_A03_1343904	21	10736871	48096957	24329	-1e-04
DRIPS_p_TCGA_295_296_297_N_GenomeWideSNP_6_A03_1343904	22	16052528	22750128	3634	0.0282
DRIPS_p_TCGA_295_296_297_N_GenomeWideSNP_6_A03_1343904	22	22750383	22750599	4	1.5881
DRIPS_p_TCGA_295_296_297_N_GenomeWideSNP_6_A03_1343904	22	22752189	24330218	968	0.0047
DRIPS_p_TCGA_295_296_297_N_GenomeWideSNP_6_A03_1343904	22	24330269	24331967	2	-3.2902
DRIPS_p_TCGA_295_296_297_N_GenomeWideSNP_6_A03_1343904	22	24332625	24344422	5	-0.1793
DRIPS_p_TCGA_295_296_297_N_GenomeWideSNP_6_A03_1343904	22	24350529	24394015	18	0.8714
DRIPS_p_TCGA_295_296_297_N_GenomeWideSNP_6_A03_1343904	22	24396814	37742992	10038	0.0097
DRIPS_p_TCGA_295_296_297_N_GenomeWideSNP_6_A03_1343904	22	37748729	37749946	4	-1.3116
DRIPS_p_TCGA_295_296_297_N_GenomeWideSNP_6_A03_1343904	22	37750667	42904606	2723	0.0107
DRIPS_p_TCGA_295_296_297_N_GenomeWideSNP_6_A03_1343904	22	42907001	42955431	23	0.5938
DRIPS_p_TCGA_295_296_297_N_GenomeWideSNP_6_A03_1343904	22	42955788	51234455	6092	0.0128
DRIPS_p_TCGA_295_296_297_N_GenomeWideSNP_6_A03_1343904	X	168477	79099841	41207	0.003
DRIPS_p_TCGA_295_296_297_N_GenomeWideSNP_6_A03_1343904	X	79101579	79104504	27	-1.0019
DRIPS_p_TCGA_295_296_297_N_GenomeWideSNP_6_A03_1343904	X	79104626	155182354	43214	7e-04
DRIPS_p_TCGA_295_296_297_N_GenomeWideSNP_6_A03_1343904	Y	2650438	5949434	807	-2.5095
DRIPS_p_TCGA_295_296_297_N_GenomeWideSNP_6_A03_1343904	Y	5949944	6373846	176	-3.5171
DRIPS_p_TCGA_295_296_297_N_GenomeWideSNP_6_A03_1343904	Y	6374745	8352852	1087	-2.9756
DRIPS_p_TCGA_295_296_297_N_GenomeWideSNP_6_A03_1343904	Y	8353707	9823373	573	-3.4117
DRIPS_p_TCGA_295_296_297_N_GenomeWideSNP_6_A03_1343904	Y	9826040	19571480	3016	-2.9979
DRIPS_p_TCGA_295_296_297_N_GenomeWideSNP_6_A03_1343904	Y	19574890	20970746	649	-3.6323
DRIPS_p_TCGA_295_296_297_N_GenomeWideSNP_6_A03_1343904	Y	20971498	20972173	2	-8.4011
DRIPS_p_TCGA_295_296_297_N_GenomeWideSNP_6_A03_1343904	Y	20972409	21024613	21	-3.7031
DRIPS_p_TCGA_295_296_297_N_GenomeWideSNP_6_A03_1343904	Y	21025062	24514859	1276	-3.1097
DRIPS_p_TCGA_295_296_297_N_GenomeWideSNP_6_A03_1343904	Y	24515802	26230511	325	-3.7954
DRIPS_p_TCGA_295_296_297_N_GenomeWideSNP_6_A03_1343904	Y	26238656	26517533	80	-2.9982
DRIPS_p_TCGA_295_296_297_N_GenomeWideSNP_6_A03_1343904	Y	26526212	27436702	93	-4.3554
DRIPS_p_TCGA_295_296_297_N_GenomeWideSNP_6_A03_1343904	Y	27444915	27721117	93	-2.8458
DRIPS_p_TCGA_295_296_297_N_GenomeWideSNP_6_A03_1343904	Y	27723774	28423938	249	-3.7114
DRIPS_p_TCGA_295_296_297_N_GenomeWideSNP_6_A03_1343904	Y	28438116	59018259	183	-2.7373
