Sample	Chromosome	Start	End	Num_Probes	Segment_Mean
DRIPS_p_TCGA_295_296_297_N_GenomeWideSNP_6_E09_1343764	1	61735	804456	65	0.3864
DRIPS_p_TCGA_295_296_297_N_GenomeWideSNP_6_E09_1343764	1	809773	4890125	1797	0.0608
DRIPS_p_TCGA_295_296_297_N_GenomeWideSNP_6_E09_1343764	1	4891603	4894144	3	-1.5707
DRIPS_p_TCGA_295_296_297_N_GenomeWideSNP_6_E09_1343764	1	4894950	16149343	6523	0.0423
DRIPS_p_TCGA_295_296_297_N_GenomeWideSNP_6_E09_1343764	1	16149915	16153925	7	-2.1475
DRIPS_p_TCGA_295_296_297_N_GenomeWideSNP_6_E09_1343764	1	16154201	17005978	350	0.0211
DRIPS_p_TCGA_295_296_297_N_GenomeWideSNP_6_E09_1343764	1	17011450	17016177	14	-0.6272
DRIPS_p_TCGA_295_296_297_N_GenomeWideSNP_6_E09_1343764	1	17016259	17017078	4	0.5687
DRIPS_p_TCGA_295_296_297_N_GenomeWideSNP_6_E09_1343764	1	17017530	17056457	18	-0.6137
DRIPS_p_TCGA_295_296_297_N_GenomeWideSNP_6_E09_1343764	1	17076467	17190004	23	0.0554
DRIPS_p_TCGA_295_296_297_N_GenomeWideSNP_6_E09_1343764	1	17190862	17277940	64	-0.4309
DRIPS_p_TCGA_295_296_297_N_GenomeWideSNP_6_E09_1343764	1	17282425	25582629	5237	0.0355
DRIPS_p_TCGA_295_296_297_N_GenomeWideSNP_6_E09_1343764	1	25582679	25678362	40	0.4573
DRIPS_p_TCGA_295_296_297_N_GenomeWideSNP_6_E09_1343764	1	25678377	35103510	4945	0.031
DRIPS_p_TCGA_295_296_297_N_GenomeWideSNP_6_E09_1343764	1	35103827	35104491	10	-0.8204
DRIPS_p_TCGA_295_296_297_N_GenomeWideSNP_6_E09_1343764	1	35114268	62899406	17013	0.0797
DRIPS_p_TCGA_295_296_297_N_GenomeWideSNP_6_E09_1343764	1	62900128	62906945	2	-1.1937
DRIPS_p_TCGA_295_296_297_N_GenomeWideSNP_6_E09_1343764	1	62907658	72763370	6742	0.1334
DRIPS_p_TCGA_295_296_297_N_GenomeWideSNP_6_E09_1343764	1	72768418	72811133	47	-1.3672
DRIPS_p_TCGA_295_296_297_N_GenomeWideSNP_6_E09_1343764	1	72811148	104155643	19994	0.1476
DRIPS_p_TCGA_295_296_297_N_GenomeWideSNP_6_E09_1343764	1	104155731	104159384	8	-0.6585
DRIPS_p_TCGA_295_296_297_N_GenomeWideSNP_6_E09_1343764	1	104163499	104260032	24	0.5533
DRIPS_p_TCGA_295_296_297_N_GenomeWideSNP_6_E09_1343764	1	104260239	106013376	919	0.1572
DRIPS_p_TCGA_295_296_297_N_GenomeWideSNP_6_E09_1343764	1	106019205	106022360	16	1.0749
DRIPS_p_TCGA_295_296_297_N_GenomeWideSNP_6_E09_1343764	1	106022375	110232974	2661	0.1317
DRIPS_p_TCGA_295_296_297_N_GenomeWideSNP_6_E09_1343764	1	110233037	110236947	13	-1.1122
DRIPS_p_TCGA_295_296_297_N_GenomeWideSNP_6_E09_1343764	1	110239522	152762008	10180	0.1241
DRIPS_p_TCGA_295_296_297_N_GenomeWideSNP_6_E09_1343764	1	152762046	152768700	33	-0.4115
DRIPS_p_TCGA_295_296_297_N_GenomeWideSNP_6_E09_1343764	1	152773905	167764835	10167	0.1358
DRIPS_p_TCGA_295_296_297_N_GenomeWideSNP_6_E09_1343764	1	167766183	167766919	4	-1.1769
DRIPS_p_TCGA_295_296_297_N_GenomeWideSNP_6_E09_1343764	1	167768513	168571831	517	0.1392
DRIPS_p_TCGA_295_296_297_N_GenomeWideSNP_6_E09_1343764	1	168573174	168574698	4	-0.8977
DRIPS_p_TCGA_295_296_297_N_GenomeWideSNP_6_E09_1343764	1	168580092	179323738	7182	0.1618
DRIPS_p_TCGA_295_296_297_N_GenomeWideSNP_6_E09_1343764	1	179330528	179333315	4	-1.077
DRIPS_p_TCGA_295_296_297_N_GenomeWideSNP_6_E09_1343764	1	179339206	193155792	9131	0.1788
DRIPS_p_TCGA_295_296_297_N_GenomeWideSNP_6_E09_1343764	1	193156279	193156348	4	-0.9688
DRIPS_p_TCGA_295_296_297_N_GenomeWideSNP_6_E09_1343764	1	193159723	210071062	11261	0.1574
DRIPS_p_TCGA_295_296_297_N_GenomeWideSNP_6_E09_1343764	1	210081613	210083984	3	-2.4132
DRIPS_p_TCGA_295_296_297_N_GenomeWideSNP_6_E09_1343764	1	210086552	223016406	8907	0.1762
DRIPS_p_TCGA_295_296_297_N_GenomeWideSNP_6_E09_1343764	1	223017325	223023604	5	-1.1143
DRIPS_p_TCGA_295_296_297_N_GenomeWideSNP_6_E09_1343764	1	223026717	249224388	18073	0.1585
DRIPS_p_TCGA_295_296_297_N_GenomeWideSNP_6_E09_1343764	2	12784	9948475	7551	0.1282
DRIPS_p_TCGA_295_296_297_N_GenomeWideSNP_6_E09_1343764	2	9949576	9950371	3	-1.1202
DRIPS_p_TCGA_295_296_297_N_GenomeWideSNP_6_E09_1343764	2	9953949	35968036	17392	0.1117
DRIPS_p_TCGA_295_296_297_N_GenomeWideSNP_6_E09_1343764	2	35975973	35987947	8	1.0678
DRIPS_p_TCGA_295_296_297_N_GenomeWideSNP_6_E09_1343764	2	35997473	41238235	3914	0.1305
DRIPS_p_TCGA_295_296_297_N_GenomeWideSNP_6_E09_1343764	2	41238443	41245887	23	-0.5574
DRIPS_p_TCGA_295_296_297_N_GenomeWideSNP_6_E09_1343764	2	41251233	52741737	8148	0.1177
DRIPS_p_TCGA_295_296_297_N_GenomeWideSNP_6_E09_1343764	2	52743925	52754881	8	-1.408
DRIPS_p_TCGA_295_296_297_N_GenomeWideSNP_6_E09_1343764	2	52758753	76844466	15507	0.1151
DRIPS_p_TCGA_295_296_297_N_GenomeWideSNP_6_E09_1343764	2	76845173	76845426	5	-1.1549
DRIPS_p_TCGA_295_296_297_N_GenomeWideSNP_6_E09_1343764	2	76847586	98154265	8500	0.1313
DRIPS_p_TCGA_295_296_297_N_GenomeWideSNP_6_E09_1343764	2	98157272	98161710	3	-1.987
DRIPS_p_TCGA_295_296_297_N_GenomeWideSNP_6_E09_1343764	2	98162189	123479951	15092	0.1071
DRIPS_p_TCGA_295_296_297_N_GenomeWideSNP_6_E09_1343764	2	123481713	123482241	7	-0.884
DRIPS_p_TCGA_295_296_297_N_GenomeWideSNP_6_E09_1343764	2	123483653	146865183	14331	0.1346
DRIPS_p_TCGA_295_296_297_N_GenomeWideSNP_6_E09_1343764	2	146865243	146877806	17	-0.4186
DRIPS_p_TCGA_295_296_297_N_GenomeWideSNP_6_E09_1343764	2	146878395	151031451	2249	0.1565
DRIPS_p_TCGA_295_296_297_N_GenomeWideSNP_6_E09_1343764	2	151031534	151037732	4	-0.989
DRIPS_p_TCGA_295_296_297_N_GenomeWideSNP_6_E09_1343764	2	151039208	154889809	2608	0.1323
DRIPS_p_TCGA_295_296_297_N_GenomeWideSNP_6_E09_1343764	2	154895975	154896482	2	-1.6332
DRIPS_p_TCGA_295_296_297_N_GenomeWideSNP_6_E09_1343764	2	154900223	159958620	2892	0.15
DRIPS_p_TCGA_295_296_297_N_GenomeWideSNP_6_E09_1343764	2	159960343	159960973	2	-2.1148
DRIPS_p_TCGA_295_296_297_N_GenomeWideSNP_6_E09_1343764	2	159963287	182393109	14012	0.1376
DRIPS_p_TCGA_295_296_297_N_GenomeWideSNP_6_E09_1343764	2	182396875	182403215	2	-2.3064
DRIPS_p_TCGA_295_296_297_N_GenomeWideSNP_6_E09_1343764	2	182404139	216478634	20243	0.1422
DRIPS_p_TCGA_295_296_297_N_GenomeWideSNP_6_E09_1343764	2	216485609	216489977	12	-0.8101
DRIPS_p_TCGA_295_296_297_N_GenomeWideSNP_6_E09_1343764	2	216491708	229798767	8708	0.1267
DRIPS_p_TCGA_295_296_297_N_GenomeWideSNP_6_E09_1343764	2	229802653	229888822	63	-0.6804
DRIPS_p_TCGA_295_296_297_N_GenomeWideSNP_6_E09_1343764	2	229893057	229893149	2	-2.5576
DRIPS_p_TCGA_295_296_297_N_GenomeWideSNP_6_E09_1343764	2	229893426	230272662	297	-0.8511
DRIPS_p_TCGA_295_296_297_N_GenomeWideSNP_6_E09_1343764	2	230275070	236788618	4085	0.0892
DRIPS_p_TCGA_295_296_297_N_GenomeWideSNP_6_E09_1343764	2	236795164	236795608	3	-1.4664
DRIPS_p_TCGA_295_296_297_N_GenomeWideSNP_6_E09_1343764	2	236795801	241611321	3113	0.0918
DRIPS_p_TCGA_295_296_297_N_GenomeWideSNP_6_E09_1343764	2	241626057	241715903	30	0.832
DRIPS_p_TCGA_295_296_297_N_GenomeWideSNP_6_E09_1343764	2	241727945	243089456	590	0.0681
DRIPS_p_TCGA_295_296_297_N_GenomeWideSNP_6_E09_1343764	3	60345	61673169	42156	0.1142
DRIPS_p_TCGA_295_296_297_N_GenomeWideSNP_6_E09_1343764	3	61673352	61675804	2	-1.6871
DRIPS_p_TCGA_295_296_297_N_GenomeWideSNP_6_E09_1343764	3	61676146	65188453	2986	0.1299
DRIPS_p_TCGA_295_296_297_N_GenomeWideSNP_6_E09_1343764	3	65189235	65210315	52	-0.5479
DRIPS_p_TCGA_295_296_297_N_GenomeWideSNP_6_E09_1343764	3	65210452	68746164	2409	0.137
DRIPS_p_TCGA_295_296_297_N_GenomeWideSNP_6_E09_1343764	3	68746259	68747413	14	-1.3098
DRIPS_p_TCGA_295_296_297_N_GenomeWideSNP_6_E09_1343764	3	68748758	81230633	8117	0.1309
DRIPS_p_TCGA_295_296_297_N_GenomeWideSNP_6_E09_1343764	3	81230688	81239869	9	-0.9201
DRIPS_p_TCGA_295_296_297_N_GenomeWideSNP_6_E09_1343764	3	81247063	82857365	915	0.1405
DRIPS_p_TCGA_295_296_297_N_GenomeWideSNP_6_E09_1343764	3	82857367	82873043	10	-1.3037
DRIPS_p_TCGA_295_296_297_N_GenomeWideSNP_6_E09_1343764	3	82881045	85505464	1359	0.1588
DRIPS_p_TCGA_295_296_297_N_GenomeWideSNP_6_E09_1343764	3	85505944	85506190	2	-1.3013
DRIPS_p_TCGA_295_296_297_N_GenomeWideSNP_6_E09_1343764	3	85507231	89260274	2055	0.1538
DRIPS_p_TCGA_295_296_297_N_GenomeWideSNP_6_E09_1343764	3	89260326	89260993	4	-1.1044
DRIPS_p_TCGA_295_296_297_N_GenomeWideSNP_6_E09_1343764	3	89261061	112154325	11453	0.1596
DRIPS_p_TCGA_295_296_297_N_GenomeWideSNP_6_E09_1343764	3	112154703	112157803	5	-1.3182
DRIPS_p_TCGA_295_296_297_N_GenomeWideSNP_6_E09_1343764	3	112161943	133024867	12855	0.1408
DRIPS_p_TCGA_295_296_297_N_GenomeWideSNP_6_E09_1343764	3	133024882	133024897	2	-1.3182
DRIPS_p_TCGA_295_296_297_N_GenomeWideSNP_6_E09_1343764	3	133025012	143285765	6216	0.1584
DRIPS_p_TCGA_295_296_297_N_GenomeWideSNP_6_E09_1343764	3	143285800	143285974	4	2.473
DRIPS_p_TCGA_295_296_297_N_GenomeWideSNP_6_E09_1343764	3	143286801	162123366	11574	0.1773
DRIPS_p_TCGA_295_296_297_N_GenomeWideSNP_6_E09_1343764	3	162137600	162142576	11	-0.7491
DRIPS_p_TCGA_295_296_297_N_GenomeWideSNP_6_E09_1343764	3	162142593	162508192	262	0.2022
DRIPS_p_TCGA_295_296_297_N_GenomeWideSNP_6_E09_1343764	3	162508268	162615915	65	-0.2378
DRIPS_p_TCGA_295_296_297_N_GenomeWideSNP_6_E09_1343764	3	162623842	187595294	15311	0.1779
DRIPS_p_TCGA_295_296_297_N_GenomeWideSNP_6_E09_1343764	3	187595378	187595713	2	-1.4966
DRIPS_p_TCGA_295_296_297_N_GenomeWideSNP_6_E09_1343764	3	187595740	195390680	5312	0.1787
DRIPS_p_TCGA_295_296_297_N_GenomeWideSNP_6_E09_1343764	3	195399075	195455861	28	0.5792
DRIPS_p_TCGA_295_296_297_N_GenomeWideSNP_6_E09_1343764	3	195455876	197896118	1187	0.1205
DRIPS_p_TCGA_295_296_297_N_GenomeWideSNP_6_E09_1343764	4	12281	10210390	5773	0.089
DRIPS_p_TCGA_295_296_297_N_GenomeWideSNP_6_E09_1343764	4	10214160	10235268	36	-2.088
DRIPS_p_TCGA_295_296_297_N_GenomeWideSNP_6_E09_1343764	4	10236142	20262768	7393	0.145
DRIPS_p_TCGA_295_296_297_N_GenomeWideSNP_6_E09_1343764	4	20263058	20263431	3	-1.1526
DRIPS_p_TCGA_295_296_297_N_GenomeWideSNP_6_E09_1343764	4	20266302	34786990	9551	0.16
DRIPS_p_TCGA_295_296_297_N_GenomeWideSNP_6_E09_1343764	4	34787149	34824725	35	-0.4734
DRIPS_p_TCGA_295_296_297_N_GenomeWideSNP_6_E09_1343764	4	34829872	49297235	8946	0.14
DRIPS_p_TCGA_295_296_297_N_GenomeWideSNP_6_E09_1343764	4	49309854	49656513	17	-0.4962
DRIPS_p_TCGA_295_296_297_N_GenomeWideSNP_6_E09_1343764	4	49656595	70123510	10838	0.1587
DRIPS_p_TCGA_295_296_297_N_GenomeWideSNP_6_E09_1343764	4	70127644	70229434	53	-0.5207
DRIPS_p_TCGA_295_296_297_N_GenomeWideSNP_6_E09_1343764	4	70231799	104745571	20959	0.1515
DRIPS_p_TCGA_295_296_297_N_GenomeWideSNP_6_E09_1343764	4	104751630	104751637	5	-1.2327
DRIPS_p_TCGA_295_296_297_N_GenomeWideSNP_6_E09_1343764	4	104751644	108504634	2180	0.162
DRIPS_p_TCGA_295_296_297_N_GenomeWideSNP_6_E09_1343764	4	108508648	108509815	2	-1.2709
DRIPS_p_TCGA_295_296_297_N_GenomeWideSNP_6_E09_1343764	4	108510155	110962712	1405	0.1457
DRIPS_p_TCGA_295_296_297_N_GenomeWideSNP_6_E09_1343764	4	110964272	110964362	2	-1.9479
DRIPS_p_TCGA_295_296_297_N_GenomeWideSNP_6_E09_1343764	4	110965127	115173700	2695	0.1586
DRIPS_p_TCGA_295_296_297_N_GenomeWideSNP_6_E09_1343764	4	115175323	115184229	24	1.2505
DRIPS_p_TCGA_295_296_297_N_GenomeWideSNP_6_E09_1343764	4	115184252	172989148	35000	0.1606
DRIPS_p_TCGA_295_296_297_N_GenomeWideSNP_6_E09_1343764	4	172989166	172989505	9	-1.9101
DRIPS_p_TCGA_295_296_297_N_GenomeWideSNP_6_E09_1343764	4	172989519	191027923	12067	0.1511
DRIPS_p_TCGA_295_296_297_N_GenomeWideSNP_6_E09_1343764	5	15532	34700704	23956	0.1531
DRIPS_p_TCGA_295_296_297_N_GenomeWideSNP_6_E09_1343764	5	34701065	34701189	2	-1.6765
DRIPS_p_TCGA_295_296_297_N_GenomeWideSNP_6_E09_1343764	5	34703363	46251306	6719	0.1446
DRIPS_p_TCGA_295_296_297_N_GenomeWideSNP_6_E09_1343764	5	46271008	46273502	8	-2.3956
DRIPS_p_TCGA_295_296_297_N_GenomeWideSNP_6_E09_1343764	5	46278212	57331731	5076	0.1425
DRIPS_p_TCGA_295_296_297_N_GenomeWideSNP_6_E09_1343764	5	57332031	57333533	15	-0.6695
DRIPS_p_TCGA_295_296_297_N_GenomeWideSNP_6_E09_1343764	5	57338357	70254906	7294	0.1478
DRIPS_p_TCGA_295_296_297_N_GenomeWideSNP_6_E09_1343764	5	70306659	70391253	8	1.0204
DRIPS_p_TCGA_295_296_297_N_GenomeWideSNP_6_E09_1343764	5	70654072	98836572	16558	0.1476
DRIPS_p_TCGA_295_296_297_N_GenomeWideSNP_6_E09_1343764	5	98839874	98840626	2	-1.5641
DRIPS_p_TCGA_295_296_297_N_GenomeWideSNP_6_E09_1343764	5	98844337	103851221	2907	0.1825
DRIPS_p_TCGA_295_296_297_N_GenomeWideSNP_6_E09_1343764	5	103860373	103860604	4	1.5745
DRIPS_p_TCGA_295_296_297_N_GenomeWideSNP_6_E09_1343764	5	103861049	126457615	15292	0.1674
DRIPS_p_TCGA_295_296_297_N_GenomeWideSNP_6_E09_1343764	5	126458126	126458317	2	-1.4627
DRIPS_p_TCGA_295_296_297_N_GenomeWideSNP_6_E09_1343764	5	126463639	132994230	3734	0.1348
DRIPS_p_TCGA_295_296_297_N_GenomeWideSNP_6_E09_1343764	5	132996604	132998708	2	-1.5046
DRIPS_p_TCGA_295_296_297_N_GenomeWideSNP_6_E09_1343764	5	132999220	134822283	1154	0.0914
DRIPS_p_TCGA_295_296_297_N_GenomeWideSNP_6_E09_1343764	5	134825485	134825683	2	-1.2237
DRIPS_p_TCGA_295_296_297_N_GenomeWideSNP_6_E09_1343764	5	134828213	137810473	1907	0.1343
DRIPS_p_TCGA_295_296_297_N_GenomeWideSNP_6_E09_1343764	5	137810516	137815711	13	-0.7976
DRIPS_p_TCGA_295_296_297_N_GenomeWideSNP_6_E09_1343764	5	137816468	151514171	8562	0.1216
DRIPS_p_TCGA_295_296_297_N_GenomeWideSNP_6_E09_1343764	5	151515386	151518351	14	-0.6964
DRIPS_p_TCGA_295_296_297_N_GenomeWideSNP_6_E09_1343764	5	151520271	155476772	2648	0.1491
DRIPS_p_TCGA_295_296_297_N_GenomeWideSNP_6_E09_1343764	5	155476920	155495257	16	-0.5382
DRIPS_p_TCGA_295_296_297_N_GenomeWideSNP_6_E09_1343764	5	155495259	157393543	1277	0.1182
DRIPS_p_TCGA_295_296_297_N_GenomeWideSNP_6_E09_1343764	5	157399050	157399899	3	-1.3459
DRIPS_p_TCGA_295_296_297_N_GenomeWideSNP_6_E09_1343764	5	157401895	173207353	11081	0.1369
DRIPS_p_TCGA_295_296_297_N_GenomeWideSNP_6_E09_1343764	5	173208608	173208886	2	-1.5217
DRIPS_p_TCGA_295_296_297_N_GenomeWideSNP_6_E09_1343764	5	173209000	173230617	29	0.0782
DRIPS_p_TCGA_295_296_297_N_GenomeWideSNP_6_E09_1343764	5	173234577	173235039	3	1.0901
DRIPS_p_TCGA_295_296_297_N_GenomeWideSNP_6_E09_1343764	5	173241295	177198449	2358	0.096
DRIPS_p_TCGA_295_296_297_N_GenomeWideSNP_6_E09_1343764	5	177227551	177232605	3	2.3595
DRIPS_p_TCGA_295_296_297_N_GenomeWideSNP_6_E09_1343764	5	177254965	177888509	299	0.0772
DRIPS_p_TCGA_295_296_297_N_GenomeWideSNP_6_E09_1343764	5	177890055	177891132	2	-1.2835
DRIPS_p_TCGA_295_296_297_N_GenomeWideSNP_6_E09_1343764	5	177892347	178103686	144	0.0699
DRIPS_p_TCGA_295_296_297_N_GenomeWideSNP_6_E09_1343764	5	178107690	178113163	5	-0.7161
DRIPS_p_TCGA_295_296_297_N_GenomeWideSNP_6_E09_1343764	5	178118855	178720968	380	0.0703
DRIPS_p_TCGA_295_296_297_N_GenomeWideSNP_6_E09_1343764	5	178729588	178925843	128	1.0203
DRIPS_p_TCGA_295_296_297_N_GenomeWideSNP_6_E09_1343764	5	178928761	180378888	853	0.0893
DRIPS_p_TCGA_295_296_297_N_GenomeWideSNP_6_E09_1343764	5	180380203	180417911	16	-0.6379
DRIPS_p_TCGA_295_296_297_N_GenomeWideSNP_6_E09_1343764	5	180418103	180790320	172	0.1102
DRIPS_p_TCGA_295_296_297_N_GenomeWideSNP_6_E09_1343764	6	149661	303121	127	-0.6959
DRIPS_p_TCGA_295_296_297_N_GenomeWideSNP_6_E09_1343764	6	314962	381149	74	-0.2166
DRIPS_p_TCGA_295_296_297_N_GenomeWideSNP_6_E09_1343764	6	382559	728418	276	-0.8484
DRIPS_p_TCGA_295_296_297_N_GenomeWideSNP_6_E09_1343764	6	728997	729337	2	-6.08
DRIPS_p_TCGA_295_296_297_N_GenomeWideSNP_6_E09_1343764	6	730114	4086920	2701	-0.8864
DRIPS_p_TCGA_295_296_297_N_GenomeWideSNP_6_E09_1343764	6	4095873	11022884	5456	0.132
DRIPS_p_TCGA_295_296_297_N_GenomeWideSNP_6_E09_1343764	6	11026999	11232749	131	0.7154
DRIPS_p_TCGA_295_296_297_N_GenomeWideSNP_6_E09_1343764	6	11234844	12427663	1016	0.1176
DRIPS_p_TCGA_295_296_297_N_GenomeWideSNP_6_E09_1343764	6	12428135	13523834	881	0.7176
DRIPS_p_TCGA_295_296_297_N_GenomeWideSNP_6_E09_1343764	6	13529708	13643291	76	0.1035
DRIPS_p_TCGA_295_296_297_N_GenomeWideSNP_6_E09_1343764	6	13646941	14006087	196	0.6932
DRIPS_p_TCGA_295_296_297_N_GenomeWideSNP_6_E09_1343764	6	14008587	16687545	2053	0.1065
DRIPS_p_TCGA_295_296_297_N_GenomeWideSNP_6_E09_1343764	6	16691524	16892647	179	0.7068
DRIPS_p_TCGA_295_296_297_N_GenomeWideSNP_6_E09_1343764	6	16899120	17819211	564	0.0906
DRIPS_p_TCGA_295_296_297_N_GenomeWideSNP_6_E09_1343764	6	17830169	20005550	1694	0.7286
DRIPS_p_TCGA_295_296_297_N_GenomeWideSNP_6_E09_1343764	6	20009778	20633045	439	0.1233
DRIPS_p_TCGA_295_296_297_N_GenomeWideSNP_6_E09_1343764	6	20639604	20646222	10	-0.769
DRIPS_p_TCGA_295_296_297_N_GenomeWideSNP_6_E09_1343764	6	20647660	20903335	185	0.1951
DRIPS_p_TCGA_295_296_297_N_GenomeWideSNP_6_E09_1343764	6	20905231	21168368	179	-0.8652
DRIPS_p_TCGA_295_296_297_N_GenomeWideSNP_6_E09_1343764	6	21173209	21285229	74	0.0794
DRIPS_p_TCGA_295_296_297_N_GenomeWideSNP_6_E09_1343764	6	21286834	22998442	1253	-0.8235
DRIPS_p_TCGA_295_296_297_N_GenomeWideSNP_6_E09_1343764	6	23002332	23672330	498	0.1662
DRIPS_p_TCGA_295_296_297_N_GenomeWideSNP_6_E09_1343764	6	23676079	24475300	586	0.7354
DRIPS_p_TCGA_295_296_297_N_GenomeWideSNP_6_E09_1343764	6	24479845	26977569	1584	0.1107
DRIPS_p_TCGA_295_296_297_N_GenomeWideSNP_6_E09_1343764	6	26977718	27656278	321	0.7401
DRIPS_p_TCGA_295_296_297_N_GenomeWideSNP_6_E09_1343764	6	27657647	29288267	695	0.1092
DRIPS_p_TCGA_295_296_297_N_GenomeWideSNP_6_E09_1343764	6	29290415	29295894	3	-1.5198
DRIPS_p_TCGA_295_296_297_N_GenomeWideSNP_6_E09_1343764	6	29296148	29607476	164	0.1508
DRIPS_p_TCGA_295_296_297_N_GenomeWideSNP_6_E09_1343764	6	29610989	29837072	185	0.716
DRIPS_p_TCGA_295_296_297_N_GenomeWideSNP_6_E09_1343764	6	29837187	29874642	22	-0.3153
DRIPS_p_TCGA_295_296_297_N_GenomeWideSNP_6_E09_1343764	6	29874709	30734255	342	0.6959
DRIPS_p_TCGA_295_296_297_N_GenomeWideSNP_6_E09_1343764	6	30738446	31837250	566	-0.9575
DRIPS_p_TCGA_295_296_297_N_GenomeWideSNP_6_E09_1343764	6	31856070	33546187	834	0.7149
DRIPS_p_TCGA_295_296_297_N_GenomeWideSNP_6_E09_1343764	6	33553370	33587443	20	0.0049
DRIPS_p_TCGA_295_296_297_N_GenomeWideSNP_6_E09_1343764	6	33587726	33590471	2	-1.3154
DRIPS_p_TCGA_295_296_297_N_GenomeWideSNP_6_E09_1343764	6	33595399	35991891	1348	0.0506
DRIPS_p_TCGA_295_296_297_N_GenomeWideSNP_6_E09_1343764	6	35993345	35994072	3	0.6259
DRIPS_p_TCGA_295_296_297_N_GenomeWideSNP_6_E09_1343764	6	36002305	36802674	513	-0.9152
DRIPS_p_TCGA_295_296_297_N_GenomeWideSNP_6_E09_1343764	6	36805885	37522966	470	0.0541
DRIPS_p_TCGA_295_296_297_N_GenomeWideSNP_6_E09_1343764	6	37525488	37956511	286	-0.9534
DRIPS_p_TCGA_295_296_297_N_GenomeWideSNP_6_E09_1343764	6	37961490	38024975	35	0.0648
DRIPS_p_TCGA_295_296_297_N_GenomeWideSNP_6_E09_1343764	6	38031460	39697069	1228	0.7057
DRIPS_p_TCGA_295_296_297_N_GenomeWideSNP_6_E09_1343764	6	39699399	40323929	493	-0.8834
DRIPS_p_TCGA_295_296_297_N_GenomeWideSNP_6_E09_1343764	6	40324095	41465990	871	0.1291
DRIPS_p_TCGA_295_296_297_N_GenomeWideSNP_6_E09_1343764	6	41467860	41604233	98	-0.9341
DRIPS_p_TCGA_295_296_297_N_GenomeWideSNP_6_E09_1343764	6	41609220	41821422	129	0.0363
DRIPS_p_TCGA_295_296_297_N_GenomeWideSNP_6_E09_1343764	6	41822199	41836997	8	-0.8443
DRIPS_p_TCGA_295_296_297_N_GenomeWideSNP_6_E09_1343764	6	41837779	48930865	4346	0.1203
DRIPS_p_TCGA_295_296_297_N_GenomeWideSNP_6_E09_1343764	6	48931729	48935200	5	-0.8164
DRIPS_p_TCGA_295_296_297_N_GenomeWideSNP_6_E09_1343764	6	48946563	51818590	1776	0.1644
DRIPS_p_TCGA_295_296_297_N_GenomeWideSNP_6_E09_1343764	6	51822407	52725521	623	-0.8254
DRIPS_p_TCGA_295_296_297_N_GenomeWideSNP_6_E09_1343764	6	52735327	53312856	417	0.1226
DRIPS_p_TCGA_295_296_297_N_GenomeWideSNP_6_E09_1343764	6	53314186	55007378	1159	-0.8057
DRIPS_p_TCGA_295_296_297_N_GenomeWideSNP_6_E09_1343764	6	55009425	56374618	884	0.1939
DRIPS_p_TCGA_295_296_297_N_GenomeWideSNP_6_E09_1343764	6	56377447	57005939	299	-0.8082
DRIPS_p_TCGA_295_296_297_N_GenomeWideSNP_6_E09_1343764	6	57008672	57299309	140	0.0542
DRIPS_p_TCGA_295_296_297_N_GenomeWideSNP_6_E09_1343764	6	57308995	57370329	39	-0.5426
DRIPS_p_TCGA_295_296_297_N_GenomeWideSNP_6_E09_1343764	6	57378045	57529306	41	-0.1436
DRIPS_p_TCGA_295_296_297_N_GenomeWideSNP_6_E09_1343764	6	57535856	58082951	233	-0.6489
DRIPS_p_TCGA_295_296_297_N_GenomeWideSNP_6_E09_1343764	6	58140300	58599370	161	0.0356
DRIPS_p_TCGA_295_296_297_N_GenomeWideSNP_6_E09_1343764	6	58600460	62068334	146	-0.69
DRIPS_p_TCGA_295_296_297_N_GenomeWideSNP_6_E09_1343764	6	62068769	62094328	9	-2.9608
DRIPS_p_TCGA_295_296_297_N_GenomeWideSNP_6_E09_1343764	6	62094458	62118683	16	-0.7844
DRIPS_p_TCGA_295_296_297_N_GenomeWideSNP_6_E09_1343764	6	62123362	62241785	25	-0.1383
DRIPS_p_TCGA_295_296_297_N_GenomeWideSNP_6_E09_1343764	6	62241902	62478547	157	-0.7406
DRIPS_p_TCGA_295_296_297_N_GenomeWideSNP_6_E09_1343764	6	62482633	62486911	3	0.5196
DRIPS_p_TCGA_295_296_297_N_GenomeWideSNP_6_E09_1343764	6	62487397	64923556	1259	-0.775
DRIPS_p_TCGA_295_296_297_N_GenomeWideSNP_6_E09_1343764	6	64925611	64926338	2	-2.9721
DRIPS_p_TCGA_295_296_297_N_GenomeWideSNP_6_E09_1343764	6	64928789	73228407	5470	-0.7691
DRIPS_p_TCGA_295_296_297_N_GenomeWideSNP_6_E09_1343764	6	73231422	73896349	447	0.7649
DRIPS_p_TCGA_295_296_297_N_GenomeWideSNP_6_E09_1343764	6	73900128	73908793	6	-0.6024
DRIPS_p_TCGA_295_296_297_N_GenomeWideSNP_6_E09_1343764	6	73913780	74134199	101	0.6931
DRIPS_p_TCGA_295_296_297_N_GenomeWideSNP_6_E09_1343764	6	74136911	74591858	288	-0.8393
DRIPS_p_TCGA_295_296_297_N_GenomeWideSNP_6_E09_1343764	6	74592225	74597341	9	-2.2235
DRIPS_p_TCGA_295_296_297_N_GenomeWideSNP_6_E09_1343764	6	74601410	75231044	426	-0.7826
DRIPS_p_TCGA_295_296_297_N_GenomeWideSNP_6_E09_1343764	6	75235159	75235897	2	-3.1277
DRIPS_p_TCGA_295_296_297_N_GenomeWideSNP_6_E09_1343764	6	75235996	77436532	1325	-0.7815
DRIPS_p_TCGA_295_296_297_N_GenomeWideSNP_6_E09_1343764	6	77439868	77452382	14	-2.2816
DRIPS_p_TCGA_295_296_297_N_GenomeWideSNP_6_E09_1343764	6	77452392	89267195	7440	-0.7814
DRIPS_p_TCGA_295_296_297_N_GenomeWideSNP_6_E09_1343764	6	89267376	89267491	2	-2.9661
DRIPS_p_TCGA_295_296_297_N_GenomeWideSNP_6_E09_1343764	6	89267890	92367643	1996	-0.8478
DRIPS_p_TCGA_295_296_297_N_GenomeWideSNP_6_E09_1343764	6	92368944	92369695	3	-2.6521
DRIPS_p_TCGA_295_296_297_N_GenomeWideSNP_6_E09_1343764	6	92369698	103734829	6958	-0.7795
DRIPS_p_TCGA_295_296_297_N_GenomeWideSNP_6_E09_1343764	6	103737976	103762061	45	-1.3744
DRIPS_p_TCGA_295_296_297_N_GenomeWideSNP_6_E09_1343764	6	103765470	132879300	17845	-0.8109
DRIPS_p_TCGA_295_296_297_N_GenomeWideSNP_6_E09_1343764	6	132880671	132881314	3	-4.5097
DRIPS_p_TCGA_295_296_297_N_GenomeWideSNP_6_E09_1343764	6	132882295	162734426	19981	-0.8466
DRIPS_p_TCGA_295_296_297_N_GenomeWideSNP_6_E09_1343764	6	162735264	162914277	161	-4.3562
DRIPS_p_TCGA_295_296_297_N_GenomeWideSNP_6_E09_1343764	6	162917677	171051005	5638	-0.8716
DRIPS_p_TCGA_295_296_297_N_GenomeWideSNP_6_E09_1343764	7	43355	71276	32	0.7212
DRIPS_p_TCGA_295_296_297_N_GenomeWideSNP_6_E09_1343764	7	79263	22434780	16004	0.1493
DRIPS_p_TCGA_295_296_297_N_GenomeWideSNP_6_E09_1343764	7	22435472	22436487	2	-2.2183
DRIPS_p_TCGA_295_296_297_N_GenomeWideSNP_6_E09_1343764	7	22438754	38294101	11285	0.1243
DRIPS_p_TCGA_295_296_297_N_GenomeWideSNP_6_E09_1343764	7	38294996	38387443	119	0.4631
DRIPS_p_TCGA_295_296_297_N_GenomeWideSNP_6_E09_1343764	7	38391365	38398047	5	1.1388
DRIPS_p_TCGA_295_296_297_N_GenomeWideSNP_6_E09_1343764	7	38400957	48580942	6720	0.1323
DRIPS_p_TCGA_295_296_297_N_GenomeWideSNP_6_E09_1343764	7	48581852	48592025	8	-1.1493
DRIPS_p_TCGA_295_296_297_N_GenomeWideSNP_6_E09_1343764	7	48600179	54380373	4241	0.1527
DRIPS_p_TCGA_295_296_297_N_GenomeWideSNP_6_E09_1343764	7	54386505	54386517	6	2.4653
DRIPS_p_TCGA_295_296_297_N_GenomeWideSNP_6_E09_1343764	7	54393488	62156338	2186	0.1259
DRIPS_p_TCGA_295_296_297_N_GenomeWideSNP_6_E09_1343764	7	62156489	62162274	16	-0.3649
DRIPS_p_TCGA_295_296_297_N_GenomeWideSNP_6_E09_1343764	7	62181110	75317046	5935	0.0845
DRIPS_p_TCGA_295_296_297_N_GenomeWideSNP_6_E09_1343764	7	75317218	75317281	2	1.2225
DRIPS_p_TCGA_295_296_297_N_GenomeWideSNP_6_E09_1343764	7	75318980	76143893	323	0.0272
DRIPS_p_TCGA_295_296_297_N_GenomeWideSNP_6_E09_1343764	7	76153348	76161308	5	1.1319
DRIPS_p_TCGA_295_296_297_N_GenomeWideSNP_6_E09_1343764	7	76161422	86940803	7023	0.1734
DRIPS_p_TCGA_295_296_297_N_GenomeWideSNP_6_E09_1343764	7	86941669	86946888	2	-1.5115
DRIPS_p_TCGA_295_296_297_N_GenomeWideSNP_6_E09_1343764	7	86948227	88545000	939	0.1629
DRIPS_p_TCGA_295_296_297_N_GenomeWideSNP_6_E09_1343764	7	88545054	88547142	2	-1.0753
DRIPS_p_TCGA_295_296_297_N_GenomeWideSNP_6_E09_1343764	7	88547458	88839780	207	0.1797
DRIPS_p_TCGA_295_296_297_N_GenomeWideSNP_6_E09_1343764	7	88843761	88843852	2	-2.03
DRIPS_p_TCGA_295_296_297_N_GenomeWideSNP_6_E09_1343764	7	88848187	97385970	5436	0.1551
DRIPS_p_TCGA_295_296_297_N_GenomeWideSNP_6_E09_1343764	7	97395460	97395471	6	1.4635
DRIPS_p_TCGA_295_296_297_N_GenomeWideSNP_6_E09_1343764	7	97395506	117051328	11342	0.1238
DRIPS_p_TCGA_295_296_297_N_GenomeWideSNP_6_E09_1343764	7	117059908	117756060	396	-0.8052
DRIPS_p_TCGA_295_296_297_N_GenomeWideSNP_6_E09_1343764	7	117757114	126044974	4919	0.1674
DRIPS_p_TCGA_295_296_297_N_GenomeWideSNP_6_E09_1343764	7	126045482	126046615	12	-0.7644
DRIPS_p_TCGA_295_296_297_N_GenomeWideSNP_6_E09_1343764	7	126046876	141769680	9903	0.1217
DRIPS_p_TCGA_295_296_297_N_GenomeWideSNP_6_E09_1343764	7	141769691	141790183	37	-0.5902
DRIPS_p_TCGA_295_296_297_N_GenomeWideSNP_6_E09_1343764	7	141790203	142474939	451	0.2426
DRIPS_p_TCGA_295_296_297_N_GenomeWideSNP_6_E09_1343764	7	142476719	142488688	32	1.0701
DRIPS_p_TCGA_295_296_297_N_GenomeWideSNP_6_E09_1343764	7	142490900	143909445	836	0.1408
DRIPS_p_TCGA_295_296_297_N_GenomeWideSNP_6_E09_1343764	7	143911624	144066947	39	0.9833
DRIPS_p_TCGA_295_296_297_N_GenomeWideSNP_6_E09_1343764	7	144074929	154427672	6444	0.1379
DRIPS_p_TCGA_295_296_297_N_GenomeWideSNP_6_E09_1343764	7	154427998	154428418	3	-1.4671
DRIPS_p_TCGA_295_296_297_N_GenomeWideSNP_6_E09_1343764	7	154429560	159127004	3206	0.1157
DRIPS_p_TCGA_295_296_297_N_GenomeWideSNP_6_E09_1343764	8	31254	2247827	1638	0.1192
DRIPS_p_TCGA_295_296_297_N_GenomeWideSNP_6_E09_1343764	8	2254638	2259358	12	-1.0299
DRIPS_p_TCGA_295_296_297_N_GenomeWideSNP_6_E09_1343764	8	2270328	3784187	1770	0.1567
DRIPS_p_TCGA_295_296_297_N_GenomeWideSNP_6_E09_1343764	8	3787060	3790106	23	-0.5569
DRIPS_p_TCGA_295_296_297_N_GenomeWideSNP_6_E09_1343764	8	3791218	4003305	340	0.124
DRIPS_p_TCGA_295_296_297_N_GenomeWideSNP_6_E09_1343764	8	4003463	4003478	2	-2.45
DRIPS_p_TCGA_295_296_297_N_GenomeWideSNP_6_E09_1343764	8	4003561	5081101	1613	0.163
DRIPS_p_TCGA_295_296_297_N_GenomeWideSNP_6_E09_1343764	8	5081117	5084175	2	-1.8295
DRIPS_p_TCGA_295_296_297_N_GenomeWideSNP_6_E09_1343764	8	5088632	7171097	2394	0.1582
DRIPS_p_TCGA_295_296_297_N_GenomeWideSNP_6_E09_1343764	8	7186632	7238019	27	1.0897
DRIPS_p_TCGA_295_296_297_N_GenomeWideSNP_6_E09_1343764	8	7250380	11949551	3419	0.1457
DRIPS_p_TCGA_295_296_297_N_GenomeWideSNP_6_E09_1343764	8	11987726	12000309	5	1.0722
DRIPS_p_TCGA_295_296_297_N_GenomeWideSNP_6_E09_1343764	8	12001123	12247407	49	-0.1292
DRIPS_p_TCGA_295_296_297_N_GenomeWideSNP_6_E09_1343764	8	12247486	14284690	1795	0.1556
DRIPS_p_TCGA_295_296_297_N_GenomeWideSNP_6_E09_1343764	8	14285211	14286320	4	-0.9316
DRIPS_p_TCGA_295_296_297_N_GenomeWideSNP_6_E09_1343764	8	14286552	24974522	8637	0.1329
DRIPS_p_TCGA_295_296_297_N_GenomeWideSNP_6_E09_1343764	8	24974577	24984333	24	0.6581
DRIPS_p_TCGA_295_296_297_N_GenomeWideSNP_6_E09_1343764	8	24991104	39230659	8989	0.1257
DRIPS_p_TCGA_295_296_297_N_GenomeWideSNP_6_E09_1343764	8	39235603	39384124	55	-0.3636
DRIPS_p_TCGA_295_296_297_N_GenomeWideSNP_6_E09_1343764	8	39384700	58343334	9324	0.1327
DRIPS_p_TCGA_295_296_297_N_GenomeWideSNP_6_E09_1343764	8	58344032	58348997	7	-0.9288
DRIPS_p_TCGA_295_296_297_N_GenomeWideSNP_6_E09_1343764	8	58349767	72212365	8518	0.1415
DRIPS_p_TCGA_295_296_297_N_GenomeWideSNP_6_E09_1343764	8	72215311	72216599	9	-2.1945
DRIPS_p_TCGA_295_296_297_N_GenomeWideSNP_6_E09_1343764	8	72219863	85257989	7939	0.1649
DRIPS_p_TCGA_295_296_297_N_GenomeWideSNP_6_E09_1343764	8	85262883	85263116	4	-1.6715
DRIPS_p_TCGA_295_296_297_N_GenomeWideSNP_6_E09_1343764	8	85265718	85268666	15	-0.6854
DRIPS_p_TCGA_295_296_297_N_GenomeWideSNP_6_E09_1343764	8	85270682	135542483	32179	0.1507
DRIPS_p_TCGA_295_296_297_N_GenomeWideSNP_6_E09_1343764	8	135543194	135543238	2	-1.4581
DRIPS_p_TCGA_295_296_297_N_GenomeWideSNP_6_E09_1343764	8	135544218	144299405	6092	0.1515
DRIPS_p_TCGA_295_296_297_N_GenomeWideSNP_6_E09_1343764	8	144304632	144309792	3	-0.777
DRIPS_p_TCGA_295_296_297_N_GenomeWideSNP_6_E09_1343764	8	144309825	144699157	127	0.0246
DRIPS_p_TCGA_295_296_297_N_GenomeWideSNP_6_E09_1343764	8	144705197	144707808	8	-1.1438
DRIPS_p_TCGA_295_296_297_N_GenomeWideSNP_6_E09_1343764	8	144718989	146298155	503	0.0945
DRIPS_p_TCGA_295_296_297_N_GenomeWideSNP_6_E09_1343764	9	46587	2147099	2291	-0.8092
DRIPS_p_TCGA_295_296_297_N_GenomeWideSNP_6_E09_1343764	9	2148837	2150662	6	-3.0549
DRIPS_p_TCGA_295_296_297_N_GenomeWideSNP_6_E09_1343764	9	2152115	8929675	6151	-0.807
DRIPS_p_TCGA_295_296_297_N_GenomeWideSNP_6_E09_1343764	9	8940693	8967735	27	-1.8763
DRIPS_p_TCGA_295_296_297_N_GenomeWideSNP_6_E09_1343764	9	8971666	9162669	163	-4.0493
DRIPS_p_TCGA_295_296_297_N_GenomeWideSNP_6_E09_1343764	9	9168215	29519971	16090	-0.7801
DRIPS_p_TCGA_295_296_297_N_GenomeWideSNP_6_E09_1343764	9	29524697	43658083	6271	0.0504
DRIPS_p_TCGA_295_296_297_N_GenomeWideSNP_6_E09_1343764	9	43662908	43669134	4	-1.2831
DRIPS_p_TCGA_295_296_297_N_GenomeWideSNP_6_E09_1343764	9	43671193	70943830	477	0.1022
DRIPS_p_TCGA_295_296_297_N_GenomeWideSNP_6_E09_1343764	9	70950028	89873773	13457	-0.8112
DRIPS_p_TCGA_295_296_297_N_GenomeWideSNP_6_E09_1343764	9	89874166	89875299	2	-3.8475
DRIPS_p_TCGA_295_296_297_N_GenomeWideSNP_6_E09_1343764	9	89876044	100329488	6868	-0.8498
DRIPS_p_TCGA_295_296_297_N_GenomeWideSNP_6_E09_1343764	9	100331700	117082811	12246	0.1303
DRIPS_p_TCGA_295_296_297_N_GenomeWideSNP_6_E09_1343764	9	117087402	117088322	2	2.5947
DRIPS_p_TCGA_295_296_297_N_GenomeWideSNP_6_E09_1343764	9	117093029	141091394	15065	0.0886
DRIPS_p_TCGA_295_296_297_N_GenomeWideSNP_6_E09_1343764	10	72759	57180153	37480	0.1171
DRIPS_p_TCGA_295_296_297_N_GenomeWideSNP_6_E09_1343764	10	57180241	57180317	3	-1.9583
DRIPS_p_TCGA_295_296_297_N_GenomeWideSNP_6_E09_1343764	10	57180321	64851178	5493	0.1497
DRIPS_p_TCGA_295_296_297_N_GenomeWideSNP_6_E09_1343764	10	64856450	64859688	4	-0.8026
DRIPS_p_TCGA_295_296_297_N_GenomeWideSNP_6_E09_1343764	10	64861870	89061261	15995	0.1153
DRIPS_p_TCGA_295_296_297_N_GenomeWideSNP_6_E09_1343764	10	89069796	89117300	13	-0.5443
DRIPS_p_TCGA_295_296_297_N_GenomeWideSNP_6_E09_1343764	10	89131190	98864312	6351	0.1139
DRIPS_p_TCGA_295_296_297_N_GenomeWideSNP_6_E09_1343764	10	98864358	98865379	3	-1.3223
DRIPS_p_TCGA_295_296_297_N_GenomeWideSNP_6_E09_1343764	10	98865625	124341534	17414	0.1055
DRIPS_p_TCGA_295_296_297_N_GenomeWideSNP_6_E09_1343764	10	124343951	124351013	7	-0.9902
DRIPS_p_TCGA_295_296_297_N_GenomeWideSNP_6_E09_1343764	10	124356812	133794861	7096	0.1171
DRIPS_p_TCGA_295_296_297_N_GenomeWideSNP_6_E09_1343764	10	133797816	133909957	98	-0.9239
DRIPS_p_TCGA_295_296_297_N_GenomeWideSNP_6_E09_1343764	10	133918420	135506704	689	0.0873
DRIPS_p_TCGA_295_296_297_N_GenomeWideSNP_6_E09_1343764	11	198510	18940870	12563	-0.8816
DRIPS_p_TCGA_295_296_297_N_GenomeWideSNP_6_E09_1343764	11	18949072	18961178	40	-3.4445
DRIPS_p_TCGA_295_296_297_N_GenomeWideSNP_6_E09_1343764	11	18961281	19613330	608	-0.9064
DRIPS_p_TCGA_295_296_297_N_GenomeWideSNP_6_E09_1343764	11	19614648	19616168	3	-3.8708
DRIPS_p_TCGA_295_296_297_N_GenomeWideSNP_6_E09_1343764	11	19617845	50643915	20551	-0.8174
DRIPS_p_TCGA_295_296_297_N_GenomeWideSNP_6_E09_1343764	11	50651567	91830489	21728	0.1104
DRIPS_p_TCGA_295_296_297_N_GenomeWideSNP_6_E09_1343764	11	91830658	91831043	2	-2.0565
DRIPS_p_TCGA_295_296_297_N_GenomeWideSNP_6_E09_1343764	11	91832704	96602022	3354	0.1491
DRIPS_p_TCGA_295_296_297_N_GenomeWideSNP_6_E09_1343764	11	96607300	99330466	2008	-0.7606
DRIPS_p_TCGA_295_296_297_N_GenomeWideSNP_6_E09_1343764	11	99336989	99342555	2	-5.9743
DRIPS_p_TCGA_295_296_297_N_GenomeWideSNP_6_E09_1343764	11	99343184	107757018	5981	-0.7727
DRIPS_p_TCGA_295_296_297_N_GenomeWideSNP_6_E09_1343764	11	107757214	107801157	22	0.3155
DRIPS_p_TCGA_295_296_297_N_GenomeWideSNP_6_E09_1343764	11	107803943	120391473	8365	-0.8943
DRIPS_p_TCGA_295_296_297_N_GenomeWideSNP_6_E09_1343764	11	120395104	120396485	2	-6.0123
DRIPS_p_TCGA_295_296_297_N_GenomeWideSNP_6_E09_1343764	11	120398643	134944770	10875	-0.8969
DRIPS_p_TCGA_295_296_297_N_GenomeWideSNP_6_E09_1343764	12	150442	8309707	5437	-0.9081
DRIPS_p_TCGA_295_296_297_N_GenomeWideSNP_6_E09_1343764	12	8310068	8556693	80	-0.5071
DRIPS_p_TCGA_295_296_297_N_GenomeWideSNP_6_E09_1343764	12	8558488	8594894	23	0.1808
DRIPS_p_TCGA_295_296_297_N_GenomeWideSNP_6_E09_1343764	12	8595531	9095226	276	-0.874
DRIPS_p_TCGA_295_296_297_N_GenomeWideSNP_6_E09_1343764	12	9097398	9102412	4	-4.137
DRIPS_p_TCGA_295_296_297_N_GenomeWideSNP_6_E09_1343764	12	9102887	9576487	257	-0.8057
DRIPS_p_TCGA_295_296_297_N_GenomeWideSNP_6_E09_1343764	12	9578984	9610125	4	-2.0216
DRIPS_p_TCGA_295_296_297_N_GenomeWideSNP_6_E09_1343764	12	9612900	9627238	14	-0.8942
DRIPS_p_TCGA_295_296_297_N_GenomeWideSNP_6_E09_1343764	12	9630556	9734970	28	0.2877
DRIPS_p_TCGA_295_296_297_N_GenomeWideSNP_6_E09_1343764	12	9735686	26767442	11706	-0.8053
DRIPS_p_TCGA_295_296_297_N_GenomeWideSNP_6_E09_1343764	12	26768842	26774089	2	-4.0068
DRIPS_p_TCGA_295_296_297_N_GenomeWideSNP_6_E09_1343764	12	26774157	27569179	466	-0.8028
DRIPS_p_TCGA_295_296_297_N_GenomeWideSNP_6_E09_1343764	12	27575236	30801014	2537	0.146
DRIPS_p_TCGA_295_296_297_N_GenomeWideSNP_6_E09_1343764	12	30802406	40873251	4089	-0.7933
DRIPS_p_TCGA_295_296_297_N_GenomeWideSNP_6_E09_1343764	12	40873278	44971596	2694	0.1524
DRIPS_p_TCGA_295_296_297_N_GenomeWideSNP_6_E09_1343764	12	44981990	46901886	1097	-0.821
DRIPS_p_TCGA_295_296_297_N_GenomeWideSNP_6_E09_1343764	12	46904326	48502574	1017	0.1253
DRIPS_p_TCGA_295_296_297_N_GenomeWideSNP_6_E09_1343764	12	48514580	48604967	62	-0.7995
DRIPS_p_TCGA_295_296_297_N_GenomeWideSNP_6_E09_1343764	12	48605088	48853465	142	0.085
DRIPS_p_TCGA_295_296_297_N_GenomeWideSNP_6_E09_1343764	12	48859383	48867655	7	-0.8194
DRIPS_p_TCGA_295_296_297_N_GenomeWideSNP_6_E09_1343764	12	48872495	50922952	915	0.0261
DRIPS_p_TCGA_295_296_297_N_GenomeWideSNP_6_E09_1343764	12	50926704	50927881	4	-1.0829
DRIPS_p_TCGA_295_296_297_N_GenomeWideSNP_6_E09_1343764	12	50931207	51601296	349	0.0551
DRIPS_p_TCGA_295_296_297_N_GenomeWideSNP_6_E09_1343764	12	51602829	52328702	394	-0.8598
DRIPS_p_TCGA_295_296_297_N_GenomeWideSNP_6_E09_1343764	12	52332381	56103803	2433	0.0911
DRIPS_p_TCGA_295_296_297_N_GenomeWideSNP_6_E09_1343764	12	56105894	57039129	423	-0.8648
DRIPS_p_TCGA_295_296_297_N_GenomeWideSNP_6_E09_1343764	12	57048596	58721231	875	0.6785
DRIPS_p_TCGA_295_296_297_N_GenomeWideSNP_6_E09_1343764	12	58730151	58730162	2	2.2711
DRIPS_p_TCGA_295_296_297_N_GenomeWideSNP_6_E09_1343764	12	58730848	59222064	419	0.7478
DRIPS_p_TCGA_295_296_297_N_GenomeWideSNP_6_E09_1343764	12	59222077	59222677	10	-0.0967
DRIPS_p_TCGA_295_296_297_N_GenomeWideSNP_6_E09_1343764	12	59222720	59867979	439	0.76
DRIPS_p_TCGA_295_296_297_N_GenomeWideSNP_6_E09_1343764	12	59870494	62660483	1698	0.1652
DRIPS_p_TCGA_295_296_297_N_GenomeWideSNP_6_E09_1343764	12	62663022	63445428	530	-0.8285
DRIPS_p_TCGA_295_296_297_N_GenomeWideSNP_6_E09_1343764	12	63445962	63446101	2	-3.9011
DRIPS_p_TCGA_295_296_297_N_GenomeWideSNP_6_E09_1343764	12	63446417	64476650	592	-0.8057
DRIPS_p_TCGA_295_296_297_N_GenomeWideSNP_6_E09_1343764	12	64477143	64779016	158	0.1019
DRIPS_p_TCGA_295_296_297_N_GenomeWideSNP_6_E09_1343764	12	64782162	65006713	94	0.7185
DRIPS_p_TCGA_295_296_297_N_GenomeWideSNP_6_E09_1343764	12	65010140	65028398	20	0.3676
DRIPS_p_TCGA_295_296_297_N_GenomeWideSNP_6_E09_1343764	12	65028642	67275647	1440	0.7146
DRIPS_p_TCGA_295_296_297_N_GenomeWideSNP_6_E09_1343764	12	67276202	67586175	255	0.1349
DRIPS_p_TCGA_295_296_297_N_GenomeWideSNP_6_E09_1343764	12	67587768	67963239	263	-0.8488
DRIPS_p_TCGA_295_296_297_N_GenomeWideSNP_6_E09_1343764	12	67969929	68664458	560	0.1236
DRIPS_p_TCGA_295_296_297_N_GenomeWideSNP_6_E09_1343764	12	68665489	68667269	3	-1.3557
DRIPS_p_TCGA_295_296_297_N_GenomeWideSNP_6_E09_1343764	12	68667462	69040415	263	0.1088
DRIPS_p_TCGA_295_296_297_N_GenomeWideSNP_6_E09_1343764	12	69043436	69914518	576	0.7184
DRIPS_p_TCGA_295_296_297_N_GenomeWideSNP_6_E09_1343764	12	69917727	69976200	35	0.087
DRIPS_p_TCGA_295_296_297_N_GenomeWideSNP_6_E09_1343764	12	69978623	70262384	203	0.7215
DRIPS_p_TCGA_295_296_297_N_GenomeWideSNP_6_E09_1343764	12	70265669	70268693	8	0.1018
DRIPS_p_TCGA_295_296_297_N_GenomeWideSNP_6_E09_1343764	12	70269277	70318833	45	0.7337
DRIPS_p_TCGA_295_296_297_N_GenomeWideSNP_6_E09_1343764	12	70327705	70871858	346	0.1287
DRIPS_p_TCGA_295_296_297_N_GenomeWideSNP_6_E09_1343764	12	70872675	70878027	9	-0.5363
DRIPS_p_TCGA_295_296_297_N_GenomeWideSNP_6_E09_1343764	12	70879385	72214146	899	0.1499
DRIPS_p_TCGA_295_296_297_N_GenomeWideSNP_6_E09_1343764	12	72224188	73242116	613	0.7603
DRIPS_p_TCGA_295_296_297_N_GenomeWideSNP_6_E09_1343764	12	73245404	73245405	2	-1.2535
DRIPS_p_TCGA_295_296_297_N_GenomeWideSNP_6_E09_1343764	12	73253192	74958839	974	0.7474
DRIPS_p_TCGA_295_296_297_N_GenomeWideSNP_6_E09_1343764	12	74959049	75323031	251	0.1753
DRIPS_p_TCGA_295_296_297_N_GenomeWideSNP_6_E09_1343764	12	75325616	75439876	60	0.7413
DRIPS_p_TCGA_295_296_297_N_GenomeWideSNP_6_E09_1343764	12	75442091	75575622	105	0.2112
DRIPS_p_TCGA_295_296_297_N_GenomeWideSNP_6_E09_1343764	12	75575953	75776733	112	-0.6806
DRIPS_p_TCGA_295_296_297_N_GenomeWideSNP_6_E09_1343764	12	75782483	75958858	113	0.1921
DRIPS_p_TCGA_295_296_297_N_GenomeWideSNP_6_E09_1343764	12	75962308	76449068	379	0.761
DRIPS_p_TCGA_295_296_297_N_GenomeWideSNP_6_E09_1343764	12	76454362	76635129	97	0.1589
DRIPS_p_TCGA_295_296_297_N_GenomeWideSNP_6_E09_1343764	12	76640823	77446300	446	-0.8208
DRIPS_p_TCGA_295_296_297_N_GenomeWideSNP_6_E09_1343764	12	77447406	77772224	242	0.1823
DRIPS_p_TCGA_295_296_297_N_GenomeWideSNP_6_E09_1343764	12	77772555	78097655	322	0.7612
DRIPS_p_TCGA_295_296_297_N_GenomeWideSNP_6_E09_1343764	12	78100716	78109886	4	-0.2504
DRIPS_p_TCGA_295_296_297_N_GenomeWideSNP_6_E09_1343764	12	78111769	79849268	1157	0.781
DRIPS_p_TCGA_295_296_297_N_GenomeWideSNP_6_E09_1343764	12	79856103	80082752	105	0.0889
DRIPS_p_TCGA_295_296_297_N_GenomeWideSNP_6_E09_1343764	12	80085704	80242416	70	0.7415
DRIPS_p_TCGA_295_296_297_N_GenomeWideSNP_6_E09_1343764	12	80243330	80881190	405	0.1633
DRIPS_p_TCGA_295_296_297_N_GenomeWideSNP_6_E09_1343764	12	80884888	82625981	1088	-0.747
DRIPS_p_TCGA_295_296_297_N_GenomeWideSNP_6_E09_1343764	12	82627066	82726859	65	0.0965
DRIPS_p_TCGA_295_296_297_N_GenomeWideSNP_6_E09_1343764	12	82727760	83328464	368	0.7764
DRIPS_p_TCGA_295_296_297_N_GenomeWideSNP_6_E09_1343764	12	83332350	84684522	849	0.1749
DRIPS_p_TCGA_295_296_297_N_GenomeWideSNP_6_E09_1343764	12	84684752	84707041	17	0.7058
DRIPS_p_TCGA_295_296_297_N_GenomeWideSNP_6_E09_1343764	12	84708196	84875704	99	0.1913
DRIPS_p_TCGA_295_296_297_N_GenomeWideSNP_6_E09_1343764	12	84878481	85015677	113	0.8496
DRIPS_p_TCGA_295_296_297_N_GenomeWideSNP_6_E09_1343764	12	85020732	85614955	322	0.1874
DRIPS_p_TCGA_295_296_297_N_GenomeWideSNP_6_E09_1343764	12	85615411	85747907	63	0.7579
DRIPS_p_TCGA_295_296_297_N_GenomeWideSNP_6_E09_1343764	12	85749313	85881917	66	0.1485
DRIPS_p_TCGA_295_296_297_N_GenomeWideSNP_6_E09_1343764	12	85882323	86814514	536	0.7478
DRIPS_p_TCGA_295_296_297_N_GenomeWideSNP_6_E09_1343764	12	86816706	87880734	587	0.1671
DRIPS_p_TCGA_295_296_297_N_GenomeWideSNP_6_E09_1343764	12	87882274	88553365	359	0.7291
DRIPS_p_TCGA_295_296_297_N_GenomeWideSNP_6_E09_1343764	12	88556716	88818514	139	0.1741
DRIPS_p_TCGA_295_296_297_N_GenomeWideSNP_6_E09_1343764	12	88820303	90130880	789	0.7521
DRIPS_p_TCGA_295_296_297_N_GenomeWideSNP_6_E09_1343764	12	90147434	90892317	485	0.1718
DRIPS_p_TCGA_295_296_297_N_GenomeWideSNP_6_E09_1343764	12	90892928	94667275	2577	0.73
DRIPS_p_TCGA_295_296_297_N_GenomeWideSNP_6_E09_1343764	12	94667458	94828914	75	0.1175
DRIPS_p_TCGA_295_296_297_N_GenomeWideSNP_6_E09_1343764	12	94837830	95366558	431	-0.8572
DRIPS_p_TCGA_295_296_297_N_GenomeWideSNP_6_E09_1343764	12	95367634	95861770	350	0.1037
DRIPS_p_TCGA_295_296_297_N_GenomeWideSNP_6_E09_1343764	12	95863505	97382546	982	0.7163
DRIPS_p_TCGA_295_296_297_N_GenomeWideSNP_6_E09_1343764	12	97388959	97465324	48	0.1312
DRIPS_p_TCGA_295_296_297_N_GenomeWideSNP_6_E09_1343764	12	97465401	98941223	1179	0.7324
DRIPS_p_TCGA_295_296_297_N_GenomeWideSNP_6_E09_1343764	12	98944448	100255943	816	0.1521
DRIPS_p_TCGA_295_296_297_N_GenomeWideSNP_6_E09_1343764	12	100258995	100653330	205	0.7074
DRIPS_p_TCGA_295_296_297_N_GenomeWideSNP_6_E09_1343764	12	100658512	100832218	82	0.0919
DRIPS_p_TCGA_295_296_297_N_GenomeWideSNP_6_E09_1343764	12	100848356	101308712	299	0.7179
DRIPS_p_TCGA_295_296_297_N_GenomeWideSNP_6_E09_1343764	12	101311373	101706794	306	0.1209
DRIPS_p_TCGA_295_296_297_N_GenomeWideSNP_6_E09_1343764	12	101709280	102474852	468	-0.8274
DRIPS_p_TCGA_295_296_297_N_GenomeWideSNP_6_E09_1343764	12	102479478	104359590	1265	0.1313
DRIPS_p_TCGA_295_296_297_N_GenomeWideSNP_6_E09_1343764	12	104366317	109997978	3949	0.7001
DRIPS_p_TCGA_295_296_297_N_GenomeWideSNP_6_E09_1343764	12	110002139	111342722	605	0.0381
DRIPS_p_TCGA_295_296_297_N_GenomeWideSNP_6_E09_1343764	12	111343970	111870567	283	-0.8629
DRIPS_p_TCGA_295_296_297_N_GenomeWideSNP_6_E09_1343764	12	111872676	112085392	93	0.0399
DRIPS_p_TCGA_295_296_297_N_GenomeWideSNP_6_E09_1343764	12	112089743	112764428	281	-0.8456
DRIPS_p_TCGA_295_296_297_N_GenomeWideSNP_6_E09_1343764	12	112776042	115489394	2092	0.0857
DRIPS_p_TCGA_295_296_297_N_GenomeWideSNP_6_E09_1343764	12	115491832	115714529	210	0.7556
DRIPS_p_TCGA_295_296_297_N_GenomeWideSNP_6_E09_1343764	12	115714575	115716647	10	0.0595
DRIPS_p_TCGA_295_296_297_N_GenomeWideSNP_6_E09_1343764	12	115716656	116493166	765	0.7195
DRIPS_p_TCGA_295_296_297_N_GenomeWideSNP_6_E09_1343764	12	116499279	116796351	181	0.0964
DRIPS_p_TCGA_295_296_297_N_GenomeWideSNP_6_E09_1343764	12	116803107	122926151	3667	0.6702
DRIPS_p_TCGA_295_296_297_N_GenomeWideSNP_6_E09_1343764	12	122938958	124358121	593	0.0324
DRIPS_p_TCGA_295_296_297_N_GenomeWideSNP_6_E09_1343764	12	124358509	126267392	1321	0.7045
DRIPS_p_TCGA_295_296_297_N_GenomeWideSNP_6_E09_1343764	12	126267617	126984439	658	0.1306
DRIPS_p_TCGA_295_296_297_N_GenomeWideSNP_6_E09_1343764	12	126987437	127155060	129	-0.8668
DRIPS_p_TCGA_295_296_297_N_GenomeWideSNP_6_E09_1343764	12	127155401	128141516	888	0.106
DRIPS_p_TCGA_295_296_297_N_GenomeWideSNP_6_E09_1343764	12	128147355	130000586	1678	0.7278
DRIPS_p_TCGA_295_296_297_N_GenomeWideSNP_6_E09_1343764	12	130003490	130405955	362	0.1618
DRIPS_p_TCGA_295_296_297_N_GenomeWideSNP_6_E09_1343764	12	130411651	130444853	17	0.8331
DRIPS_p_TCGA_295_296_297_N_GenomeWideSNP_6_E09_1343764	12	130447464	130447466	2	-1.4233
DRIPS_p_TCGA_295_296_297_N_GenomeWideSNP_6_E09_1343764	12	130450562	133778189	1980	0.7164
DRIPS_p_TCGA_295_296_297_N_GenomeWideSNP_6_E09_1343764	13	19026949	20273690	640	0.1364
DRIPS_p_TCGA_295_296_297_N_GenomeWideSNP_6_E09_1343764	13	20278455	38071135	12731	-0.8423
DRIPS_p_TCGA_295_296_297_N_GenomeWideSNP_6_E09_1343764	13	38072036	38084757	16	-2.2137
DRIPS_p_TCGA_295_296_297_N_GenomeWideSNP_6_E09_1343764	13	38088330	98100047	37774	-0.781
DRIPS_p_TCGA_295_296_297_N_GenomeWideSNP_6_E09_1343764	13	98103132	99001127	643	0.12
DRIPS_p_TCGA_295_296_297_N_GenomeWideSNP_6_E09_1343764	13	99002032	106022722	5326	-0.8163
DRIPS_p_TCGA_295_296_297_N_GenomeWideSNP_6_E09_1343764	13	106022986	106026555	2	-4.2862
DRIPS_p_TCGA_295_296_297_N_GenomeWideSNP_6_E09_1343764	13	106026858	107650094	1296	-0.8196
DRIPS_p_TCGA_295_296_297_N_GenomeWideSNP_6_E09_1343764	13	107653855	111584506	3211	0.1577
DRIPS_p_TCGA_295_296_297_N_GenomeWideSNP_6_E09_1343764	13	111588967	111590028	3	-1.1747
DRIPS_p_TCGA_295_296_297_N_GenomeWideSNP_6_E09_1343764	13	111592780	112918029	866	0.1292
DRIPS_p_TCGA_295_296_297_N_GenomeWideSNP_6_E09_1343764	13	112918749	113686025	457	-0.9153
DRIPS_p_TCGA_295_296_297_N_GenomeWideSNP_6_E09_1343764	13	113694840	113707613	10	-2.1038
DRIPS_p_TCGA_295_296_297_N_GenomeWideSNP_6_E09_1343764	13	113707658	115108397	542	-0.9213
DRIPS_p_TCGA_295_296_297_N_GenomeWideSNP_6_E09_1343764	14	19002124	20200183	82	0.0636
DRIPS_p_TCGA_295_296_297_N_GenomeWideSNP_6_E09_1343764	14	20200381	20422583	107	0.8214
DRIPS_p_TCGA_295_296_297_N_GenomeWideSNP_6_E09_1343764	14	20423372	22350051	1300	0.1145
DRIPS_p_TCGA_295_296_297_N_GenomeWideSNP_6_E09_1343764	14	22350164	22959937	541	0.3777
DRIPS_p_TCGA_295_296_297_N_GenomeWideSNP_6_E09_1343764	14	22959974	24138106	686	0.0965
DRIPS_p_TCGA_295_296_297_N_GenomeWideSNP_6_E09_1343764	14	24138337	24151219	11	-0.5884
DRIPS_p_TCGA_295_296_297_N_GenomeWideSNP_6_E09_1343764	14	24151625	30663698	4034	0.1399
DRIPS_p_TCGA_295_296_297_N_GenomeWideSNP_6_E09_1343764	14	30666397	30831521	112	0.751
DRIPS_p_TCGA_295_296_297_N_GenomeWideSNP_6_E09_1343764	14	30838948	35509603	3133	0.1203
DRIPS_p_TCGA_295_296_297_N_GenomeWideSNP_6_E09_1343764	14	35509648	35510797	4	-1.1297
DRIPS_p_TCGA_295_296_297_N_GenomeWideSNP_6_E09_1343764	14	35510818	61055940	15984	0.1396
DRIPS_p_TCGA_295_296_297_N_GenomeWideSNP_6_E09_1343764	14	61058142	61059136	2	-2.9065
DRIPS_p_TCGA_295_296_297_N_GenomeWideSNP_6_E09_1343764	14	61066218	106783044	29030	0.0989
DRIPS_p_TCGA_295_296_297_N_GenomeWideSNP_6_E09_1343764	14	106796025	106802053	7	-1.3464
DRIPS_p_TCGA_295_296_297_N_GenomeWideSNP_6_E09_1343764	14	106815943	106872062	32	0.2033
DRIPS_p_TCGA_295_296_297_N_GenomeWideSNP_6_E09_1343764	14	106874361	106939788	60	-0.4568
DRIPS_p_TCGA_295_296_297_N_GenomeWideSNP_6_E09_1343764	14	106943522	107285437	216	0.1148
DRIPS_p_TCGA_295_296_297_N_GenomeWideSNP_6_E09_1343764	15	20016328	20422378	67	0.68
DRIPS_p_TCGA_295_296_297_N_GenomeWideSNP_6_E09_1343764	15	20440538	22280477	240	0.3368
DRIPS_p_TCGA_295_296_297_N_GenomeWideSNP_6_E09_1343764	15	22284954	22681076	116	-0.0393
DRIPS_p_TCGA_295_296_297_N_GenomeWideSNP_6_E09_1343764	15	22681250	24493644	932	0.7056
DRIPS_p_TCGA_295_296_297_N_GenomeWideSNP_6_E09_1343764	15	24501411	24503266	2	-2.7723
DRIPS_p_TCGA_295_296_297_N_GenomeWideSNP_6_E09_1343764	15	24503660	24512035	5	-0.1547
DRIPS_p_TCGA_295_296_297_N_GenomeWideSNP_6_E09_1343764	15	24514620	29515658	3144	0.7201
DRIPS_p_TCGA_295_296_297_N_GenomeWideSNP_6_E09_1343764	15	29517620	29716141	146	-0.9029
DRIPS_p_TCGA_295_296_297_N_GenomeWideSNP_6_E09_1343764	15	29719664	30519724	465	0.7427
DRIPS_p_TCGA_295_296_297_N_GenomeWideSNP_6_E09_1343764	15	30519742	30792569	74	1.0461
DRIPS_p_TCGA_295_296_297_N_GenomeWideSNP_6_E09_1343764	15	30795789	30936285	12	-0.3364
DRIPS_p_TCGA_295_296_297_N_GenomeWideSNP_6_E09_1343764	15	30946306	33676574	1745	0.714
DRIPS_p_TCGA_295_296_297_N_GenomeWideSNP_6_E09_1343764	15	33677731	33755081	99	1.4768
DRIPS_p_TCGA_295_296_297_N_GenomeWideSNP_6_E09_1343764	15	33757840	33758146	3	-0.3636
DRIPS_p_TCGA_295_296_297_N_GenomeWideSNP_6_E09_1343764	15	33760116	34420847	578	1.4308
DRIPS_p_TCGA_295_296_297_N_GenomeWideSNP_6_E09_1343764	15	34425414	35026747	393	0.7165
DRIPS_p_TCGA_295_296_297_N_GenomeWideSNP_6_E09_1343764	15	35028638	37846853	1965	1.4939
DRIPS_p_TCGA_295_296_297_N_GenomeWideSNP_6_E09_1343764	15	37848990	39236247	958	0.723
DRIPS_p_TCGA_295_296_297_N_GenomeWideSNP_6_E09_1343764	15	39236370	39237168	3	-0.5428
DRIPS_p_TCGA_295_296_297_N_GenomeWideSNP_6_E09_1343764	15	39238819	40265503	820	0.7028
DRIPS_p_TCGA_295_296_297_N_GenomeWideSNP_6_E09_1343764	15	40269843	42038164	823	1.3842
DRIPS_p_TCGA_295_296_297_N_GenomeWideSNP_6_E09_1343764	15	42041712	44176103	1039	-0.88
DRIPS_p_TCGA_295_296_297_N_GenomeWideSNP_6_E09_1343764	15	44178180	44502266	156	0.6261
DRIPS_p_TCGA_295_296_297_N_GenomeWideSNP_6_E09_1343764	15	44507403	44767087	92	1.949
DRIPS_p_TCGA_295_296_297_N_GenomeWideSNP_6_E09_1343764	15	44770507	47082070	1348	1.4664
DRIPS_p_TCGA_295_296_297_N_GenomeWideSNP_6_E09_1343764	15	47089665	48146358	754	-0.8477
DRIPS_p_TCGA_295_296_297_N_GenomeWideSNP_6_E09_1343764	15	48149258	48724541	344	1.503
DRIPS_p_TCGA_295_296_297_N_GenomeWideSNP_6_E09_1343764	15	48724768	49342535	440	1.9749
DRIPS_p_TCGA_295_296_297_N_GenomeWideSNP_6_E09_1343764	15	49346116	49359367	12	-0.9298
DRIPS_p_TCGA_295_296_297_N_GenomeWideSNP_6_E09_1343764	15	49359620	49441994	35	2.0118
DRIPS_p_TCGA_295_296_297_N_GenomeWideSNP_6_E09_1343764	15	49443741	52632669	1824	1.4406
DRIPS_p_TCGA_295_296_297_N_GenomeWideSNP_6_E09_1343764	15	52635383	56426501	2630	-0.8395
DRIPS_p_TCGA_295_296_297_N_GenomeWideSNP_6_E09_1343764	15	56433268	56627536	98	1.4926
DRIPS_p_TCGA_295_296_297_N_GenomeWideSNP_6_E09_1343764	15	56633643	56708885	36	0.6641
DRIPS_p_TCGA_295_296_297_N_GenomeWideSNP_6_E09_1343764	15	56709734	56790703	80	-0.7758
DRIPS_p_TCGA_295_296_297_N_GenomeWideSNP_6_E09_1343764	15	56790810	56792003	18	-0.3646
DRIPS_p_TCGA_295_296_297_N_GenomeWideSNP_6_E09_1343764	15	56792024	57109234	139	-0.8051
DRIPS_p_TCGA_295_296_297_N_GenomeWideSNP_6_E09_1343764	15	57111499	59241765	1558	0.7087
DRIPS_p_TCGA_295_296_297_N_GenomeWideSNP_6_E09_1343764	15	59245619	59820417	399	-0.901
DRIPS_p_TCGA_295_296_297_N_GenomeWideSNP_6_E09_1343764	15	59825165	67157715	4950	0.6668
DRIPS_p_TCGA_295_296_297_N_GenomeWideSNP_6_E09_1343764	15	67158758	70376817	2156	1.4364
DRIPS_p_TCGA_295_296_297_N_GenomeWideSNP_6_E09_1343764	15	70377170	71403406	622	1.9385
DRIPS_p_TCGA_295_296_297_N_GenomeWideSNP_6_E09_1343764	15	71404903	71672229	185	2.2605
DRIPS_p_TCGA_295_296_297_N_GenomeWideSNP_6_E09_1343764	15	71672753	72379447	479	1.9205
DRIPS_p_TCGA_295_296_297_N_GenomeWideSNP_6_E09_1343764	15	72386920	72387225	2	-0.1672
DRIPS_p_TCGA_295_296_297_N_GenomeWideSNP_6_E09_1343764	15	72389948	74295130	1023	1.9093
DRIPS_p_TCGA_295_296_297_N_GenomeWideSNP_6_E09_1343764	15	74295195	74295390	3	-0.1144
DRIPS_p_TCGA_295_296_297_N_GenomeWideSNP_6_E09_1343764	15	74295404	74303068	25	1.8275
DRIPS_p_TCGA_295_296_297_N_GenomeWideSNP_6_E09_1343764	15	74303132	74304150	8	2.3345
DRIPS_p_TCGA_295_296_297_N_GenomeWideSNP_6_E09_1343764	15	74304260	74312794	19	1.8057
DRIPS_p_TCGA_295_296_297_N_GenomeWideSNP_6_E09_1343764	15	74313973	74314460	9	0.5906
DRIPS_p_TCGA_295_296_297_N_GenomeWideSNP_6_E09_1343764	15	74314648	74513228	126	1.9043
DRIPS_p_TCGA_295_296_297_N_GenomeWideSNP_6_E09_1343764	15	74515306	76552128	835	1.3837
DRIPS_p_TCGA_295_296_297_N_GenomeWideSNP_6_E09_1343764	15	76555222	76891511	183	1.9883
DRIPS_p_TCGA_295_296_297_N_GenomeWideSNP_6_E09_1343764	15	76891627	76892041	7	3.1244
DRIPS_p_TCGA_295_296_297_N_GenomeWideSNP_6_E09_1343764	15	76892193	84795609	4609	1.9226
DRIPS_p_TCGA_295_296_297_N_GenomeWideSNP_6_E09_1343764	15	84796160	88977558	2978	1.46
DRIPS_p_TCGA_295_296_297_N_GenomeWideSNP_6_E09_1343764	15	88979952	90658267	1027	0.6413
DRIPS_p_TCGA_295_296_297_N_GenomeWideSNP_6_E09_1343764	15	90658330	91496990	509	1.4007
DRIPS_p_TCGA_295_296_297_N_GenomeWideSNP_6_E09_1343764	15	91497077	102469040	8513	0.7122
DRIPS_p_TCGA_295_296_297_N_GenomeWideSNP_6_E09_1343764	16	60777	21618748	14435	0.0804
DRIPS_p_TCGA_295_296_297_N_GenomeWideSNP_6_E09_1343764	16	21620270	21620406	3	-1.2107
DRIPS_p_TCGA_295_296_297_N_GenomeWideSNP_6_E09_1343764	16	21620547	21770746	89	0.145
DRIPS_p_TCGA_295_296_297_N_GenomeWideSNP_6_E09_1343764	16	21775106	21786741	5	0.8829
DRIPS_p_TCGA_295_296_297_N_GenomeWideSNP_6_E09_1343764	16	21787518	23933847	1120	0.0641
DRIPS_p_TCGA_295_296_297_N_GenomeWideSNP_6_E09_1343764	16	23934891	23942257	6	-1.1123
DRIPS_p_TCGA_295_296_297_N_GenomeWideSNP_6_E09_1343764	16	23943937	55324094	11144	0.074
DRIPS_p_TCGA_295_296_297_N_GenomeWideSNP_6_E09_1343764	16	55324600	55324767	2	-1.7916
DRIPS_p_TCGA_295_296_297_N_GenomeWideSNP_6_E09_1343764	16	55324925	70139542	9165	0.1017
DRIPS_p_TCGA_295_296_297_N_GenomeWideSNP_6_E09_1343764	16	70151527	70179569	6	1.0036
DRIPS_p_TCGA_295_296_297_N_GenomeWideSNP_6_E09_1343764	16	70180126	70198356	9	0.4097
DRIPS_p_TCGA_295_296_297_N_GenomeWideSNP_6_E09_1343764	16	70198396	73366821	1611	0.0857
DRIPS_p_TCGA_295_296_297_N_GenomeWideSNP_6_E09_1343764	16	73369060	73369186	3	1.3208
DRIPS_p_TCGA_295_296_297_N_GenomeWideSNP_6_E09_1343764	16	73370364	74397058	807	0.0974
DRIPS_p_TCGA_295_296_297_N_GenomeWideSNP_6_E09_1343764	16	74397987	74456601	8	1.0704
DRIPS_p_TCGA_295_296_297_N_GenomeWideSNP_6_E09_1343764	16	74465396	78372846	3194	0.0975
DRIPS_p_TCGA_295_296_297_N_GenomeWideSNP_6_E09_1343764	16	78373337	78376711	5	-1.2462
DRIPS_p_TCGA_295_296_297_N_GenomeWideSNP_6_E09_1343764	16	78376934	90287535	10582	0.0926
DRIPS_p_TCGA_295_296_297_N_GenomeWideSNP_6_E09_1343764	17	526	129546	78	-0.8306
DRIPS_p_TCGA_295_296_297_N_GenomeWideSNP_6_E09_1343764	17	131918	132994	2	-4.0626
DRIPS_p_TCGA_295_296_297_N_GenomeWideSNP_6_E09_1343764	17	133278	6248071	3398	-0.9448
DRIPS_p_TCGA_295_296_297_N_GenomeWideSNP_6_E09_1343764	17	6248108	6249301	2	-3.8365
DRIPS_p_TCGA_295_296_297_N_GenomeWideSNP_6_E09_1343764	17	6250239	6675302	312	-0.9639
DRIPS_p_TCGA_295_296_297_N_GenomeWideSNP_6_E09_1343764	17	6679644	6680153	2	-3.2422
DRIPS_p_TCGA_295_296_297_N_GenomeWideSNP_6_E09_1343764	17	6680293	11327461	2926	-0.9548
DRIPS_p_TCGA_295_296_297_N_GenomeWideSNP_6_E09_1343764	17	11327616	11328428	2	-5.8076
DRIPS_p_TCGA_295_296_297_N_GenomeWideSNP_6_E09_1343764	17	11333594	14903571	2716	-0.8949
DRIPS_p_TCGA_295_296_297_N_GenomeWideSNP_6_E09_1343764	17	14904730	14907192	3	-4.6523
DRIPS_p_TCGA_295_296_297_N_GenomeWideSNP_6_E09_1343764	17	14907196	15161172	231	-0.8485
DRIPS_p_TCGA_295_296_297_N_GenomeWideSNP_6_E09_1343764	17	15161977	15175308	3	-5.4981
DRIPS_p_TCGA_295_296_297_N_GenomeWideSNP_6_E09_1343764	17	15177392	18278767	1565	-0.9274
DRIPS_p_TCGA_295_296_297_N_GenomeWideSNP_6_E09_1343764	17	18278828	18505690	67	-3e-04
DRIPS_p_TCGA_295_296_297_N_GenomeWideSNP_6_E09_1343764	17	18510158	18935523	165	-0.9172
DRIPS_p_TCGA_295_296_297_N_GenomeWideSNP_6_E09_1343764	17	18950867	18965529	3	0.7364
DRIPS_p_TCGA_295_296_297_N_GenomeWideSNP_6_E09_1343764	17	19003421	21273837	1021	1.4133
DRIPS_p_TCGA_295_296_297_N_GenomeWideSNP_6_E09_1343764	17	21275523	39421708	8282	0.6603
DRIPS_p_TCGA_295_296_297_N_GenomeWideSNP_6_E09_1343764	17	39423014	39430450	23	-0.421
DRIPS_p_TCGA_295_296_297_N_GenomeWideSNP_6_E09_1343764	17	39430531	43648504	2163	0.6114
DRIPS_p_TCGA_295_296_297_N_GenomeWideSNP_6_E09_1343764	17	43648540	43688322	12	0.0644
DRIPS_p_TCGA_295_296_297_N_GenomeWideSNP_6_E09_1343764	17	43693538	44224545	377	0.6956
DRIPS_p_TCGA_295_296_297_N_GenomeWideSNP_6_E09_1343764	17	44224651	44752283	128	1.0544
DRIPS_p_TCGA_295_296_297_N_GenomeWideSNP_6_E09_1343764	17	44752300	77851116	20106	0.6701
DRIPS_p_TCGA_295_296_297_N_GenomeWideSNP_6_E09_1343764	17	77851318	77852949	5	-0.5735
DRIPS_p_TCGA_295_296_297_N_GenomeWideSNP_6_E09_1343764	17	77856615	78604201	449	0.6641
DRIPS_p_TCGA_295_296_297_N_GenomeWideSNP_6_E09_1343764	17	78604814	78613507	12	1.2085
DRIPS_p_TCGA_295_296_297_N_GenomeWideSNP_6_E09_1343764	17	78614824	81049726	973	0.6407
DRIPS_p_TCGA_295_296_297_N_GenomeWideSNP_6_E09_1343764	18	11543	38260470	22739	0.1262
DRIPS_p_TCGA_295_296_297_N_GenomeWideSNP_6_E09_1343764	18	38260480	38265377	14	-0.4783
DRIPS_p_TCGA_295_296_297_N_GenomeWideSNP_6_E09_1343764	18	38265389	78015057	27814	0.1366
DRIPS_p_TCGA_295_296_297_N_GenomeWideSNP_6_E09_1343764	19	90910	3305830	894	-0.0237
DRIPS_p_TCGA_295_296_297_N_GenomeWideSNP_6_E09_1343764	19	3308076	3308096	2	-2.747
DRIPS_p_TCGA_295_296_297_N_GenomeWideSNP_6_E09_1343764	19	3319718	4414594	275	-0.0219
DRIPS_p_TCGA_295_296_297_N_GenomeWideSNP_6_E09_1343764	19	4416411	4417840	2	-1.962
DRIPS_p_TCGA_295_296_297_N_GenomeWideSNP_6_E09_1343764	19	4417845	21152367	8097	0.0193
DRIPS_p_TCGA_295_296_297_N_GenomeWideSNP_6_E09_1343764	19	21153079	21153474	2	-1.2261
DRIPS_p_TCGA_295_296_297_N_GenomeWideSNP_6_E09_1343764	19	21154168	35849221	7489	0.0721
DRIPS_p_TCGA_295_296_297_N_GenomeWideSNP_6_E09_1343764	19	35849309	35866801	27	0.4304
DRIPS_p_TCGA_295_296_297_N_GenomeWideSNP_6_E09_1343764	19	35866954	42775930	3499	0.0217
DRIPS_p_TCGA_295_296_297_N_GenomeWideSNP_6_E09_1343764	19	42800351	42854001	24	-1.0133
DRIPS_p_TCGA_295_296_297_N_GenomeWideSNP_6_E09_1343764	19	42855167	44902381	1153	0.0787
DRIPS_p_TCGA_295_296_297_N_GenomeWideSNP_6_E09_1343764	19	44905905	44907183	6	0.7935
DRIPS_p_TCGA_295_296_297_N_GenomeWideSNP_6_E09_1343764	19	44907807	59097854	7775	0.0396
DRIPS_p_TCGA_295_296_297_N_GenomeWideSNP_6_E09_1343764	20	61305	1560999	1201	0.1082
DRIPS_p_TCGA_295_296_297_N_GenomeWideSNP_6_E09_1343764	20	1561580	1590257	37	1.686
DRIPS_p_TCGA_295_296_297_N_GenomeWideSNP_6_E09_1343764	20	1590455	6967098	3970	0.0889
DRIPS_p_TCGA_295_296_297_N_GenomeWideSNP_6_E09_1343764	20	6967730	6967818	2	-1.8308
DRIPS_p_TCGA_295_296_297_N_GenomeWideSNP_6_E09_1343764	20	6968142	37005352	18491	0.1063
DRIPS_p_TCGA_295_296_297_N_GenomeWideSNP_6_E09_1343764	20	37010785	37012294	5	-0.7789
DRIPS_p_TCGA_295_296_297_N_GenomeWideSNP_6_E09_1343764	20	37018652	41472337	3299	0.1052
DRIPS_p_TCGA_295_296_297_N_GenomeWideSNP_6_E09_1343764	20	41473735	41473749	2	1.4166
DRIPS_p_TCGA_295_296_297_N_GenomeWideSNP_6_E09_1343764	20	41473902	56669386	11161	0.0691
DRIPS_p_TCGA_295_296_297_N_GenomeWideSNP_6_E09_1343764	20	56669979	56670607	3	1.3281
DRIPS_p_TCGA_295_296_297_N_GenomeWideSNP_6_E09_1343764	20	56670829	62956153	4121	0.0762
DRIPS_p_TCGA_295_296_297_N_GenomeWideSNP_6_E09_1343764	21	10736871	10829682	4	-0.6146
DRIPS_p_TCGA_295_296_297_N_GenomeWideSNP_6_E09_1343764	21	10865941	15222872	450	0.2847
DRIPS_p_TCGA_295_296_297_N_GenomeWideSNP_6_E09_1343764	21	15255428	15255799	2	-1.365
DRIPS_p_TCGA_295_296_297_N_GenomeWideSNP_6_E09_1343764	21	15285453	48096957	23837	0.1175
DRIPS_p_TCGA_295_296_297_N_GenomeWideSNP_6_E09_1343764	22	16052528	16896210	110	-0.1604
DRIPS_p_TCGA_295_296_297_N_GenomeWideSNP_6_E09_1343764	22	16896342	17434521	222	-0.682
DRIPS_p_TCGA_295_296_297_N_GenomeWideSNP_6_E09_1343764	22	17436846	18673357	864	-0.9528
DRIPS_p_TCGA_295_296_297_N_GenomeWideSNP_6_E09_1343764	22	18732919	18876713	12	0.2462
DRIPS_p_TCGA_295_296_297_N_GenomeWideSNP_6_E09_1343764	22	18877461	21465835	1605	-0.8041
DRIPS_p_TCGA_295_296_297_N_GenomeWideSNP_6_E09_1343764	22	21542615	21595178	5	0.4791
DRIPS_p_TCGA_295_296_297_N_GenomeWideSNP_6_E09_1343764	22	21607084	21917323	46	-0.2766
DRIPS_p_TCGA_295_296_297_N_GenomeWideSNP_6_E09_1343764	22	21927902	22382344	257	-0.8506
DRIPS_p_TCGA_295_296_297_N_GenomeWideSNP_6_E09_1343764	22	22386434	22388120	4	-2.7618
DRIPS_p_TCGA_295_296_297_N_GenomeWideSNP_6_E09_1343764	22	22389011	36582562	10576	-0.9007
DRIPS_p_TCGA_295_296_297_N_GenomeWideSNP_6_E09_1343764	22	36584713	36584946	2	-5.6809
DRIPS_p_TCGA_295_296_297_N_GenomeWideSNP_6_E09_1343764	22	36585564	51234455	9501	-0.9469
DRIPS_p_TCGA_295_296_297_N_GenomeWideSNP_6_E09_1343764	X	168477	2914995	245	-0.1281
DRIPS_p_TCGA_295_296_297_N_GenomeWideSNP_6_E09_1343764	X	2916735	2924860	3	-3.939
DRIPS_p_TCGA_295_296_297_N_GenomeWideSNP_6_E09_1343764	X	2931218	79099841	40628	-0.0067
DRIPS_p_TCGA_295_296_297_N_GenomeWideSNP_6_E09_1343764	X	79101579	79104504	26	-3.6319
DRIPS_p_TCGA_295_296_297_N_GenomeWideSNP_6_E09_1343764	X	79104626	155182354	42856	0.003
DRIPS_p_TCGA_295_296_297_N_GenomeWideSNP_6_E09_1343764	Y	2650438	2883369	115	-2.9284
DRIPS_p_TCGA_295_296_297_N_GenomeWideSNP_6_E09_1343764	Y	2887448	2892421	4	-5.4363
DRIPS_p_TCGA_295_296_297_N_GenomeWideSNP_6_E09_1343764	Y	2893230	5949434	688	-2.6901
DRIPS_p_TCGA_295_296_297_N_GenomeWideSNP_6_E09_1343764	Y	5949944	6412634	189	-3.6515
DRIPS_p_TCGA_295_296_297_N_GenomeWideSNP_6_E09_1343764	Y	6417027	8329881	1053	-3.1325
DRIPS_p_TCGA_295_296_297_N_GenomeWideSNP_6_E09_1343764	Y	8330516	9759564	576	-3.5919
DRIPS_p_TCGA_295_296_297_N_GenomeWideSNP_6_E09_1343764	Y	9774614	19034392	2779	-3.1476
DRIPS_p_TCGA_295_296_297_N_GenomeWideSNP_6_E09_1343764	Y	19038302	21094439	965	-3.6675
DRIPS_p_TCGA_295_296_297_N_GenomeWideSNP_6_E09_1343764	Y	21095350	23859163	1048	-3.2059
DRIPS_p_TCGA_295_296_297_N_GenomeWideSNP_6_E09_1343764	Y	23859468	26241849	519	-3.7383
DRIPS_p_TCGA_295_296_297_N_GenomeWideSNP_6_E09_1343764	Y	26244825	26513715	76	-2.5354
DRIPS_p_TCGA_295_296_297_N_GenomeWideSNP_6_E09_1343764	Y	26517533	27367487	93	-4.4619
DRIPS_p_TCGA_295_296_297_N_GenomeWideSNP_6_E09_1343764	Y	27436702	27720551	92	-2.5837
DRIPS_p_TCGA_295_296_297_N_GenomeWideSNP_6_E09_1343764	Y	27721084	28423938	251	-3.8227
DRIPS_p_TCGA_295_296_297_N_GenomeWideSNP_6_E09_1343764	Y	28438116	59018259	183	-2.8634
