Sample	Chromosome	Start	End	Num_Probes	Segment_Mean
DRIPS_p_TCGA_295_296_297_N_GenomeWideSNP_6_G07_1343812	1	61735	86341	15	-0.6215
DRIPS_p_TCGA_295_296_297_N_GenomeWideSNP_6_G07_1343812	1	98588	17005776	8735	-0.0028
DRIPS_p_TCGA_295_296_297_N_GenomeWideSNP_6_G07_1343812	1	17005978	17283075	126	0.4132
DRIPS_p_TCGA_295_296_297_N_GenomeWideSNP_6_G07_1343812	1	17284920	25605058	5257	0.0038
DRIPS_p_TCGA_295_296_297_N_GenomeWideSNP_6_G07_1343812	1	25611120	25611452	2	1.9807
DRIPS_p_TCGA_295_296_297_N_GenomeWideSNP_6_G07_1343812	1	25616296	35091674	4968	5e-04
DRIPS_p_TCGA_295_296_297_N_GenomeWideSNP_6_G07_1343812	1	35102654	35104491	20	-0.734
DRIPS_p_TCGA_295_296_297_N_GenomeWideSNP_6_G07_1343812	1	35114268	72768916	23783	-1e-04
DRIPS_p_TCGA_295_296_297_N_GenomeWideSNP_6_G07_1343812	1	72768936	72811148	45	-1.3579
DRIPS_p_TCGA_295_296_297_N_GenomeWideSNP_6_G07_1343812	1	72811904	109503656	23294	0
DRIPS_p_TCGA_295_296_297_N_GenomeWideSNP_6_G07_1343812	1	109504912	109509038	3	-2.1292
DRIPS_p_TCGA_295_296_297_N_GenomeWideSNP_6_G07_1343812	1	109509296	110224384	327	-0.0042
DRIPS_p_TCGA_295_296_297_N_GenomeWideSNP_6_G07_1343812	1	110224427	110242953	32	1.2283
DRIPS_p_TCGA_295_296_297_N_GenomeWideSNP_6_G07_1343812	1	110244998	149024808	8329	0.0068
DRIPS_p_TCGA_295_296_297_N_GenomeWideSNP_6_G07_1343812	1	149036524	149209156	105	-0.705
DRIPS_p_TCGA_295_296_297_N_GenomeWideSNP_6_G07_1343812	1	149209322	152555527	1553	-0.0095
DRIPS_p_TCGA_295_296_297_N_GenomeWideSNP_6_G07_1343812	1	152555706	152586594	35	-1.7882
DRIPS_p_TCGA_295_296_297_N_GenomeWideSNP_6_G07_1343812	1	152590494	158866573	3815	0.0018
DRIPS_p_TCGA_295_296_297_N_GenomeWideSNP_6_G07_1343812	1	158868501	158869759	2	-1.4128
DRIPS_p_TCGA_295_296_297_N_GenomeWideSNP_6_G07_1343812	1	158874818	165654527	4993	0.0039
DRIPS_p_TCGA_295_296_297_N_GenomeWideSNP_6_G07_1343812	1	165654851	165654869	2	-2.2422
DRIPS_p_TCGA_295_296_297_N_GenomeWideSNP_6_G07_1343812	1	165656104	196727850	20820	0.0029
DRIPS_p_TCGA_295_296_297_N_GenomeWideSNP_6_G07_1343812	1	196731035	196816730	96	0.2821
DRIPS_p_TCGA_295_296_297_N_GenomeWideSNP_6_G07_1343812	1	196823317	240391740	29877	-0.001
DRIPS_p_TCGA_295_296_297_N_GenomeWideSNP_6_G07_1343812	1	240394015	240394124	5	-2.0799
DRIPS_p_TCGA_295_296_297_N_GenomeWideSNP_6_G07_1343812	1	240394139	249224388	5910	-0.005
DRIPS_p_TCGA_295_296_297_N_GenomeWideSNP_6_G07_1343812	2	12784	30143	10	-0.0626
DRIPS_p_TCGA_295_296_297_N_GenomeWideSNP_6_G07_1343812	2	33901	34346	3	-1.3883
DRIPS_p_TCGA_295_296_297_N_GenomeWideSNP_6_G07_1343812	2	36862	4205687	2972	-0.0098
DRIPS_p_TCGA_295_296_297_N_GenomeWideSNP_6_G07_1343812	2	4213864	4224019	42	-0.5792
DRIPS_p_TCGA_295_296_297_N_GenomeWideSNP_6_G07_1343812	2	4230062	52754881	34064	0.0042
DRIPS_p_TCGA_295_296_297_N_GenomeWideSNP_6_G07_1343812	2	52758753	52781542	33	-0.6712
DRIPS_p_TCGA_295_296_297_N_GenomeWideSNP_6_G07_1343812	2	52787949	97830623	23961	0.007
DRIPS_p_TCGA_295_296_297_N_GenomeWideSNP_6_G07_1343812	2	97834082	97949121	35	0.4633
DRIPS_p_TCGA_295_296_297_N_GenomeWideSNP_6_G07_1343812	2	98013814	98154265	20	-0.0233
DRIPS_p_TCGA_295_296_297_N_GenomeWideSNP_6_G07_1343812	2	98157272	98161710	3	-1.7741
DRIPS_p_TCGA_295_296_297_N_GenomeWideSNP_6_G07_1343812	2	98162189	106880095	5559	0.0024
DRIPS_p_TCGA_295_296_297_N_GenomeWideSNP_6_G07_1343812	2	106880713	106885357	11	0.7665
DRIPS_p_TCGA_295_296_297_N_GenomeWideSNP_6_G07_1343812	2	106887255	146864443	23894	0.005
DRIPS_p_TCGA_295_296_297_N_GenomeWideSNP_6_G07_1343812	2	146864457	146866934	21	-2.2643
DRIPS_p_TCGA_295_296_297_N_GenomeWideSNP_6_G07_1343812	2	146877806	148105515	592	0.015
DRIPS_p_TCGA_295_296_297_N_GenomeWideSNP_6_G07_1343812	2	148105737	148106472	2	-2.0161
DRIPS_p_TCGA_295_296_297_N_GenomeWideSNP_6_G07_1343812	2	148106509	229759479	50145	0.0042
DRIPS_p_TCGA_295_296_297_N_GenomeWideSNP_6_G07_1343812	2	229759646	229759913	7	-1.0474
DRIPS_p_TCGA_295_296_297_N_GenomeWideSNP_6_G07_1343812	2	229760083	243089456	8214	-0.0032
DRIPS_p_TCGA_295_296_297_N_GenomeWideSNP_6_G07_1343812	3	60345	1691064	1459	0.0305
DRIPS_p_TCGA_295_296_297_N_GenomeWideSNP_6_G07_1343812	3	1691090	1691434	2	-1.9586
DRIPS_p_TCGA_295_296_297_N_GenomeWideSNP_6_G07_1343812	3	1691567	23979303	16371	0.0068
DRIPS_p_TCGA_295_296_297_N_GenomeWideSNP_6_G07_1343812	3	23981429	23982328	2	-3.444
DRIPS_p_TCGA_295_296_297_N_GenomeWideSNP_6_G07_1343812	3	23982330	26613201	2147	0.0044
DRIPS_p_TCGA_295_296_297_N_GenomeWideSNP_6_G07_1343812	3	26614974	26614985	8	0.9698
DRIPS_p_TCGA_295_296_297_N_GenomeWideSNP_6_G07_1343812	3	26615949	67102624	26568	0.0023
DRIPS_p_TCGA_295_296_297_N_GenomeWideSNP_6_G07_1343812	3	67102715	67119690	15	0.4932
DRIPS_p_TCGA_295_296_297_N_GenomeWideSNP_6_G07_1343812	3	67122444	68870215	1205	-0.006
DRIPS_p_TCGA_295_296_297_N_GenomeWideSNP_6_G07_1343812	3	68872978	68873397	4	-0.9238
DRIPS_p_TCGA_295_296_297_N_GenomeWideSNP_6_G07_1343812	3	68873777	75568549	4825	0.007
DRIPS_p_TCGA_295_296_297_N_GenomeWideSNP_6_G07_1343812	3	75572549	75586805	6	-1.58
DRIPS_p_TCGA_295_296_297_N_GenomeWideSNP_6_G07_1343812	3	75595181	75690319	20	3e-04
DRIPS_p_TCGA_295_296_297_N_GenomeWideSNP_6_G07_1343812	3	75695529	75826186	41	0.4082
DRIPS_p_TCGA_295_296_297_N_GenomeWideSNP_6_G07_1343812	3	75827610	81595080	3352	-0.0039
DRIPS_p_TCGA_295_296_297_N_GenomeWideSNP_6_G07_1343812	3	81596092	81597307	3	-1.0801
DRIPS_p_TCGA_295_296_297_N_GenomeWideSNP_6_G07_1343812	3	81600797	82864549	701	0.0043
DRIPS_p_TCGA_295_296_297_N_GenomeWideSNP_6_G07_1343812	3	82872779	82873043	6	-0.8408
DRIPS_p_TCGA_295_296_297_N_GenomeWideSNP_6_G07_1343812	3	82881045	129786739	25593	0.0048
DRIPS_p_TCGA_295_296_297_N_GenomeWideSNP_6_G07_1343812	3	129786753	129806236	42	-1.3513
DRIPS_p_TCGA_295_296_297_N_GenomeWideSNP_6_G07_1343812	3	129806924	131988638	1431	0.0023
DRIPS_p_TCGA_295_296_297_N_GenomeWideSNP_6_G07_1343812	3	131988864	131993236	7	0.7191
DRIPS_p_TCGA_295_296_297_N_GenomeWideSNP_6_G07_1343812	3	131995684	136254755	2656	-6e-04
DRIPS_p_TCGA_295_296_297_N_GenomeWideSNP_6_G07_1343812	3	136256654	136256933	2	-1.3438
DRIPS_p_TCGA_295_296_297_N_GenomeWideSNP_6_G07_1343812	3	136261678	140542539	2613	0.001
DRIPS_p_TCGA_295_296_297_N_GenomeWideSNP_6_G07_1343812	3	140545701	140546984	2	-2.8806
DRIPS_p_TCGA_295_296_297_N_GenomeWideSNP_6_G07_1343812	3	140560618	141818884	705	-0.0175
DRIPS_p_TCGA_295_296_297_N_GenomeWideSNP_6_G07_1343812	3	141820945	142086671	118	0.6323
DRIPS_p_TCGA_295_296_297_N_GenomeWideSNP_6_G07_1343812	3	142091473	143285765	809	0.0031
DRIPS_p_TCGA_295_296_297_N_GenomeWideSNP_6_G07_1343812	3	143285800	143285974	4	1.4564
DRIPS_p_TCGA_295_296_297_N_GenomeWideSNP_6_G07_1343812	3	143286801	161416114	11121	0.0043
DRIPS_p_TCGA_295_296_297_N_GenomeWideSNP_6_G07_1343812	3	161416296	161548989	95	-1.1367
DRIPS_p_TCGA_295_296_297_N_GenomeWideSNP_6_G07_1343812	3	161551804	162508268	643	0.0253
DRIPS_p_TCGA_295_296_297_N_GenomeWideSNP_6_G07_1343812	3	162512657	162615915	64	0.3972
DRIPS_p_TCGA_295_296_297_N_GenomeWideSNP_6_G07_1343812	3	162623842	192877902	19140	0.0047
DRIPS_p_TCGA_295_296_297_N_GenomeWideSNP_6_G07_1343812	3	192877962	192882903	19	1.2031
DRIPS_p_TCGA_295_296_297_N_GenomeWideSNP_6_G07_1343812	3	192886435	197896118	2695	-0.01
DRIPS_p_TCGA_295_296_297_N_GenomeWideSNP_6_G07_1343812	4	12281	10210390	5782	-0.0038
DRIPS_p_TCGA_295_296_297_N_GenomeWideSNP_6_G07_1343812	4	10214160	10235268	36	-1.9983
DRIPS_p_TCGA_295_296_297_N_GenomeWideSNP_6_G07_1343812	4	10236142	34779054	16944	-1e-04
DRIPS_p_TCGA_295_296_297_N_GenomeWideSNP_6_G07_1343812	4	34786500	34824725	38	-0.5236
DRIPS_p_TCGA_295_296_297_N_GenomeWideSNP_6_G07_1343812	4	34829872	40954402	4044	-0.0022
DRIPS_p_TCGA_295_296_297_N_GenomeWideSNP_6_G07_1343812	4	40956439	40958931	2	-1.7028
DRIPS_p_TCGA_295_296_297_N_GenomeWideSNP_6_G07_1343812	4	40959088	49114095	4887	0.0093
DRIPS_p_TCGA_295_296_297_N_GenomeWideSNP_6_G07_1343812	4	49115981	49143263	2	2.099
DRIPS_p_TCGA_295_296_297_N_GenomeWideSNP_6_G07_1343812	4	49148834	49590656	28	0.4204
DRIPS_p_TCGA_295_296_297_N_GenomeWideSNP_6_G07_1343812	4	49620885	59973018	4819	0.0034
DRIPS_p_TCGA_295_296_297_N_GenomeWideSNP_6_G07_1343812	4	59974071	59988109	9	0.7438
DRIPS_p_TCGA_295_296_297_N_GenomeWideSNP_6_G07_1343812	4	59989077	63667834	2175	2e-04
DRIPS_p_TCGA_295_296_297_N_GenomeWideSNP_6_G07_1343812	4	63669936	63671662	8	-1.9629
DRIPS_p_TCGA_295_296_297_N_GenomeWideSNP_6_G07_1343812	4	63679630	64693940	554	0.0014
DRIPS_p_TCGA_295_296_297_N_GenomeWideSNP_6_G07_1343812	4	64697469	64705785	20	-0.8928
DRIPS_p_TCGA_295_296_297_N_GenomeWideSNP_6_G07_1343812	4	64707581	64708258	8	-2.6944
DRIPS_p_TCGA_295_296_297_N_GenomeWideSNP_6_G07_1343812	4	64716431	69260551	2850	0.016
DRIPS_p_TCGA_295_296_297_N_GenomeWideSNP_6_G07_1343812	4	69261064	69294799	7	0.8907
DRIPS_p_TCGA_295_296_297_N_GenomeWideSNP_6_G07_1343812	4	69304939	69372003	15	0.0725
DRIPS_p_TCGA_295_296_297_N_GenomeWideSNP_6_G07_1343812	4	69374941	69489335	66	-2.0226
DRIPS_p_TCGA_295_296_297_N_GenomeWideSNP_6_G07_1343812	4	69505115	69591612	11	0.4277
DRIPS_p_TCGA_295_296_297_N_GenomeWideSNP_6_G07_1343812	4	69591782	70123510	314	0.0396
DRIPS_p_TCGA_295_296_297_N_GenomeWideSNP_6_G07_1343812	4	70127644	70232124	56	-0.6463
DRIPS_p_TCGA_295_296_297_N_GenomeWideSNP_6_G07_1343812	4	70236151	115173700	27269	0.0029
DRIPS_p_TCGA_295_296_297_N_GenomeWideSNP_6_G07_1343812	4	115175323	115182175	23	-1.6077
DRIPS_p_TCGA_295_296_297_N_GenomeWideSNP_6_G07_1343812	4	115184229	133296673	10565	0.0057
DRIPS_p_TCGA_295_296_297_N_GenomeWideSNP_6_G07_1343812	4	133296790	133296870	2	-1.7491
DRIPS_p_TCGA_295_296_297_N_GenomeWideSNP_6_G07_1343812	4	133301951	138182433	2756	0.0088
DRIPS_p_TCGA_295_296_297_N_GenomeWideSNP_6_G07_1343812	4	138182481	138190884	49	-0.7925
DRIPS_p_TCGA_295_296_297_N_GenomeWideSNP_6_G07_1343812	4	138191970	191027923	33759	0.0046
DRIPS_p_TCGA_295_296_297_N_GenomeWideSNP_6_G07_1343812	5	15532	698472	308	-0.0439
DRIPS_p_TCGA_295_296_297_N_GenomeWideSNP_6_G07_1343812	5	698505	733612	14	0.3752
DRIPS_p_TCGA_295_296_297_N_GenomeWideSNP_6_G07_1343812	5	741695	825653	41	-0.7293
DRIPS_p_TCGA_295_296_297_N_GenomeWideSNP_6_G07_1343812	5	833628	27524452	18920	0.004
DRIPS_p_TCGA_295_296_297_N_GenomeWideSNP_6_G07_1343812	5	27525390	27526020	10	-0.7939
DRIPS_p_TCGA_295_296_297_N_GenomeWideSNP_6_G07_1343812	5	27527479	68829347	23811	0.003
DRIPS_p_TCGA_295_296_297_N_GenomeWideSNP_6_G07_1343812	5	68846303	69074991	4	1.3577
DRIPS_p_TCGA_295_296_297_N_GenomeWideSNP_6_G07_1343812	5	69117923	81418763	6880	-7e-04
DRIPS_p_TCGA_295_296_297_N_GenomeWideSNP_6_G07_1343812	5	81419278	81427482	3	-2.6749
DRIPS_p_TCGA_295_296_297_N_GenomeWideSNP_6_G07_1343812	5	81428038	86111756	2750	-0.0086
DRIPS_p_TCGA_295_296_297_N_GenomeWideSNP_6_G07_1343812	5	86115378	86119146	3	-3.1048
DRIPS_p_TCGA_295_296_297_N_GenomeWideSNP_6_G07_1343812	5	86121629	86472530	206	-0.0301
DRIPS_p_TCGA_295_296_297_N_GenomeWideSNP_6_G07_1343812	5	86472547	86515624	17	0.5621
DRIPS_p_TCGA_295_296_297_N_GenomeWideSNP_6_G07_1343812	5	86520489	117386617	19025	5e-04
DRIPS_p_TCGA_295_296_297_N_GenomeWideSNP_6_G07_1343812	5	117388422	117404340	12	-0.7559
DRIPS_p_TCGA_295_296_297_N_GenomeWideSNP_6_G07_1343812	5	117406805	139168877	13310	0.0034
DRIPS_p_TCGA_295_296_297_N_GenomeWideSNP_6_G07_1343812	5	139178162	139182896	4	-2.0172
DRIPS_p_TCGA_295_296_297_N_GenomeWideSNP_6_G07_1343812	5	139183944	140217794	479	0.0023
DRIPS_p_TCGA_295_296_297_N_GenomeWideSNP_6_G07_1343812	5	140218330	140231839	12	-0.9276
DRIPS_p_TCGA_295_296_297_N_GenomeWideSNP_6_G07_1343812	5	140241027	141147118	435	0.011
DRIPS_p_TCGA_295_296_297_N_GenomeWideSNP_6_G07_1343812	5	141148298	141148482	2	-1.4724
DRIPS_p_TCGA_295_296_297_N_GenomeWideSNP_6_G07_1343812	5	141150780	151514171	7083	-0.0015
DRIPS_p_TCGA_295_296_297_N_GenomeWideSNP_6_G07_1343812	5	151515386	151518351	14	-0.7113
DRIPS_p_TCGA_295_296_297_N_GenomeWideSNP_6_G07_1343812	5	151520271	153844803	1590	-0.0057
DRIPS_p_TCGA_295_296_297_N_GenomeWideSNP_6_G07_1343812	5	153844993	153845063	2	-1.5957
DRIPS_p_TCGA_295_296_297_N_GenomeWideSNP_6_G07_1343812	5	153856487	175373508	15115	0.0034
DRIPS_p_TCGA_295_296_297_N_GenomeWideSNP_6_G07_1343812	5	175387546	175460087	13	0.4218
DRIPS_p_TCGA_295_296_297_N_GenomeWideSNP_6_G07_1343812	5	175465689	175469507	2	-1.876
DRIPS_p_TCGA_295_296_297_N_GenomeWideSNP_6_G07_1343812	5	175470324	180790320	2727	-0.0098
DRIPS_p_TCGA_295_296_297_N_GenomeWideSNP_6_G07_1343812	6	149661	257353	102	0.0368
DRIPS_p_TCGA_295_296_297_N_GenomeWideSNP_6_G07_1343812	6	258265	381149	99	0.8298
DRIPS_p_TCGA_295_296_297_N_GenomeWideSNP_6_G07_1343812	6	382559	31209045	22093	0.0019
DRIPS_p_TCGA_295_296_297_N_GenomeWideSNP_6_G07_1343812	6	31209510	31229644	6	-1.2741
DRIPS_p_TCGA_295_296_297_N_GenomeWideSNP_6_G07_1343812	6	31230667	32431292	557	-0.0106
DRIPS_p_TCGA_295_296_297_N_GenomeWideSNP_6_G07_1343812	6	32431552	32626618	73	-0.5837
DRIPS_p_TCGA_295_296_297_N_GenomeWideSNP_6_G07_1343812	6	32650612	33937999	800	-0.0015
DRIPS_p_TCGA_295_296_297_N_GenomeWideSNP_6_G07_1343812	6	33938743	33944586	8	-0.9649
DRIPS_p_TCGA_295_296_297_N_GenomeWideSNP_6_G07_1343812	6	33944623	41618761	5093	0.0014
DRIPS_p_TCGA_295_296_297_N_GenomeWideSNP_6_G07_1343812	6	41619050	41619877	4	-1.0689
DRIPS_p_TCGA_295_296_297_N_GenomeWideSNP_6_G07_1343812	6	41620737	48930865	4469	0.0028
DRIPS_p_TCGA_295_296_297_N_GenomeWideSNP_6_G07_1343812	6	48931729	48935200	5	-1.0551
DRIPS_p_TCGA_295_296_297_N_GenomeWideSNP_6_G07_1343812	6	48946563	52169951	2021	0.0012
DRIPS_p_TCGA_295_296_297_N_GenomeWideSNP_6_G07_1343812	6	52170498	52170941	2	-1.5229
DRIPS_p_TCGA_295_296_297_N_GenomeWideSNP_6_G07_1343812	6	52172655	53931067	1288	0.0124
DRIPS_p_TCGA_295_296_297_N_GenomeWideSNP_6_G07_1343812	6	53931084	53931855	8	-1.4619
DRIPS_p_TCGA_295_296_297_N_GenomeWideSNP_6_G07_1343812	6	53935348	58193689	2331	0.0141
DRIPS_p_TCGA_295_296_297_N_GenomeWideSNP_6_G07_1343812	6	58198831	58393869	61	0.2566
DRIPS_p_TCGA_295_296_297_N_GenomeWideSNP_6_G07_1343812	6	58398712	69138056	4612	0.0069
DRIPS_p_TCGA_295_296_297_N_GenomeWideSNP_6_G07_1343812	6	69138329	69142008	2	-1.7206
DRIPS_p_TCGA_295_296_297_N_GenomeWideSNP_6_G07_1343812	6	69146027	77436532	5253	0.0019
DRIPS_p_TCGA_295_296_297_N_GenomeWideSNP_6_G07_1343812	6	77439868	77443247	11	-0.8237
DRIPS_p_TCGA_295_296_297_N_GenomeWideSNP_6_G07_1343812	6	77446199	78962889	987	0.0142
DRIPS_p_TCGA_295_296_297_N_GenomeWideSNP_6_G07_1343812	6	78969065	79032317	104	-0.6552
DRIPS_p_TCGA_295_296_297_N_GenomeWideSNP_6_G07_1343812	6	79032592	103734829	15448	0.001
DRIPS_p_TCGA_295_296_297_N_GenomeWideSNP_6_G07_1343812	6	103737976	103765470	46	0.7706
DRIPS_p_TCGA_295_296_297_N_GenomeWideSNP_6_G07_1343812	6	103765670	114221955	6642	-8e-04
DRIPS_p_TCGA_295_296_297_N_GenomeWideSNP_6_G07_1343812	6	114224841	114225016	2	1.3865
DRIPS_p_TCGA_295_296_297_N_GenomeWideSNP_6_G07_1343812	6	114225811	124234206	5812	-0.0011
DRIPS_p_TCGA_295_296_297_N_GenomeWideSNP_6_G07_1343812	6	124234359	124236318	7	-0.8824
DRIPS_p_TCGA_295_296_297_N_GenomeWideSNP_6_G07_1343812	6	124236735	171051005	31597	-0.0018
DRIPS_p_TCGA_295_296_297_N_GenomeWideSNP_6_G07_1343812	7	43355	16595757	11320	0.0023
DRIPS_p_TCGA_295_296_297_N_GenomeWideSNP_6_G07_1343812	7	16596651	16596858	3	-2.3779
DRIPS_p_TCGA_295_296_297_N_GenomeWideSNP_6_G07_1343812	7	16597440	76722455	35865	0.0015
DRIPS_p_TCGA_295_296_297_N_GenomeWideSNP_6_G07_1343812	7	76734433	76735678	2	2.714
DRIPS_p_TCGA_295_296_297_N_GenomeWideSNP_6_G07_1343812	7	76738620	97395462	13366	0.0011
DRIPS_p_TCGA_295_296_297_N_GenomeWideSNP_6_G07_1343812	7	97395465	97402475	14	-1.8861
DRIPS_p_TCGA_295_296_297_N_GenomeWideSNP_6_G07_1343812	7	97404240	109433798	6617	-9e-04
DRIPS_p_TCGA_295_296_297_N_GenomeWideSNP_6_G07_1343812	7	109437092	109437772	15	-1.2681
DRIPS_p_TCGA_295_296_297_N_GenomeWideSNP_6_G07_1343812	7	109437774	109441212	9	-0.0809
DRIPS_p_TCGA_295_296_297_N_GenomeWideSNP_6_G07_1343812	7	109441244	109453910	11	-2.5208
DRIPS_p_TCGA_295_296_297_N_GenomeWideSNP_6_G07_1343812	7	109453982	133778652	14712	2e-04
DRIPS_p_TCGA_295_296_297_N_GenomeWideSNP_6_G07_1343812	7	133785177	133787087	16	0.7712
DRIPS_p_TCGA_295_296_297_N_GenomeWideSNP_6_G07_1343812	7	133787146	133789506	5	0.0121
DRIPS_p_TCGA_295_296_297_N_GenomeWideSNP_6_G07_1343812	7	133789965	133799197	17	0.7162
DRIPS_p_TCGA_295_296_297_N_GenomeWideSNP_6_G07_1343812	7	133806244	141763124	5178	-0.0046
DRIPS_p_TCGA_295_296_297_N_GenomeWideSNP_6_G07_1343812	7	141769643	141791908	41	-0.7258
DRIPS_p_TCGA_295_296_297_N_GenomeWideSNP_6_G07_1343812	7	141792107	142474939	450	-0.0159
DRIPS_p_TCGA_295_296_297_N_GenomeWideSNP_6_G07_1343812	7	142476719	142479807	9	1.0247
DRIPS_p_TCGA_295_296_297_N_GenomeWideSNP_6_G07_1343812	7	142483351	142486045	18	0.6013
DRIPS_p_TCGA_295_296_297_N_GenomeWideSNP_6_G07_1343812	7	142486115	144722619	1311	0.0145
DRIPS_p_TCGA_295_296_297_N_GenomeWideSNP_6_G07_1343812	7	144723544	144726781	3	-1.3162
DRIPS_p_TCGA_295_296_297_N_GenomeWideSNP_6_G07_1343812	7	144728291	159127004	9229	0.0029
DRIPS_p_TCGA_295_296_297_N_GenomeWideSNP_6_G07_1343812	8	31254	6149521	6888	0.0074
DRIPS_p_TCGA_295_296_297_N_GenomeWideSNP_6_G07_1343812	8	6157311	6173868	29	-0.8696
DRIPS_p_TCGA_295_296_297_N_GenomeWideSNP_6_G07_1343812	8	6174887	12216009	4360	-8e-04
DRIPS_p_TCGA_295_296_297_N_GenomeWideSNP_6_G07_1343812	8	12216848	12234298	8	-1.8116
DRIPS_p_TCGA_295_296_297_N_GenomeWideSNP_6_G07_1343812	8	12234400	14509568	2053	0.0108
DRIPS_p_TCGA_295_296_297_N_GenomeWideSNP_6_G07_1343812	8	14510032	14510074	3	-1.4574
DRIPS_p_TCGA_295_296_297_N_GenomeWideSNP_6_G07_1343812	8	14510396	24730415	8232	7e-04
DRIPS_p_TCGA_295_296_297_N_GenomeWideSNP_6_G07_1343812	8	24730552	24730594	2	-1.7299
DRIPS_p_TCGA_295_296_297_N_GenomeWideSNP_6_G07_1343812	8	24730754	24974577	187	0.0233
DRIPS_p_TCGA_295_296_297_N_GenomeWideSNP_6_G07_1343812	8	24975500	24984223	21	-0.6319
DRIPS_p_TCGA_295_296_297_N_GenomeWideSNP_6_G07_1343812	8	24984250	25573265	444	-0.0125
DRIPS_p_TCGA_295_296_297_N_GenomeWideSNP_6_G07_1343812	8	25580768	25587642	6	0.9073
DRIPS_p_TCGA_295_296_297_N_GenomeWideSNP_6_G07_1343812	8	25594276	33764588	5578	0.0074
DRIPS_p_TCGA_295_296_297_N_GenomeWideSNP_6_G07_1343812	8	33764921	33765747	3	-1.1838
DRIPS_p_TCGA_295_296_297_N_GenomeWideSNP_6_G07_1343812	8	33769792	39230183	2973	-0.0021
DRIPS_p_TCGA_295_296_297_N_GenomeWideSNP_6_G07_1343812	8	39230325	39386965	61	-0.52
DRIPS_p_TCGA_295_296_297_N_GenomeWideSNP_6_G07_1343812	8	39388299	40182117	587	-0.0058
DRIPS_p_TCGA_295_296_297_N_GenomeWideSNP_6_G07_1343812	8	40183797	40189511	34	-1.0891
DRIPS_p_TCGA_295_296_297_N_GenomeWideSNP_6_G07_1343812	8	40192910	120152010	46273	0.002
DRIPS_p_TCGA_295_296_297_N_GenomeWideSNP_6_G07_1343812	8	120154784	120159446	4	-2.6718
DRIPS_p_TCGA_295_296_297_N_GenomeWideSNP_6_G07_1343812	8	120162854	146298155	17899	-0.0022
DRIPS_p_TCGA_295_296_297_N_GenomeWideSNP_6_G07_1343812	9	46587	2147099	2313	0.0129
DRIPS_p_TCGA_295_296_297_N_GenomeWideSNP_6_G07_1343812	9	2148837	2150662	6	-1.2876
DRIPS_p_TCGA_295_296_297_N_GenomeWideSNP_6_G07_1343812	9	2152115	22492889	17473	0.0067
DRIPS_p_TCGA_295_296_297_N_GenomeWideSNP_6_G07_1343812	9	22501913	22502699	2	-4.3735
DRIPS_p_TCGA_295_296_297_N_GenomeWideSNP_6_G07_1343812	9	22509340	44629223	11556	0.0062
DRIPS_p_TCGA_295_296_297_N_GenomeWideSNP_6_G07_1343812	9	44727859	44855737	36	-1.2832
DRIPS_p_TCGA_295_296_297_N_GenomeWideSNP_6_G07_1343812	9	44866028	81372519	7913	0.0055
DRIPS_p_TCGA_295_296_297_N_GenomeWideSNP_6_G07_1343812	9	81372944	81375693	2	-1.6451
DRIPS_p_TCGA_295_296_297_N_GenomeWideSNP_6_G07_1343812	9	81375908	99061972	12346	-6e-04
DRIPS_p_TCGA_295_296_297_N_GenomeWideSNP_6_G07_1343812	9	99062126	99064296	2	-1.9264
DRIPS_p_TCGA_295_296_297_N_GenomeWideSNP_6_G07_1343812	9	99064788	138218863	26866	0.0012
DRIPS_p_TCGA_295_296_297_N_GenomeWideSNP_6_G07_1343812	9	138219151	138219333	2	-1.7646
DRIPS_p_TCGA_295_296_297_N_GenomeWideSNP_6_G07_1343812	9	138219716	140252947	689	-0.0233
DRIPS_p_TCGA_295_296_297_N_GenomeWideSNP_6_G07_1343812	9	140255642	140255833	3	-1.1544
DRIPS_p_TCGA_295_296_297_N_GenomeWideSNP_6_G07_1343812	9	140273003	141071475	405	-0.0357
DRIPS_p_TCGA_295_296_297_N_GenomeWideSNP_6_G07_1343812	9	141071527	141091394	7	0.5785
DRIPS_p_TCGA_295_296_297_N_GenomeWideSNP_6_G07_1343812	10	72759	24375263	19173	-4e-04
DRIPS_p_TCGA_295_296_297_N_GenomeWideSNP_6_G07_1343812	10	24377674	24377682	7	-2.3452
DRIPS_p_TCGA_295_296_297_N_GenomeWideSNP_6_G07_1343812	10	24377918	135506704	71602	-2e-04
DRIPS_p_TCGA_295_296_297_N_GenomeWideSNP_6_G07_1343812	11	198510	4726440	2195	0.0034
DRIPS_p_TCGA_295_296_297_N_GenomeWideSNP_6_G07_1343812	11	4726618	4726891	5	-1.0901
DRIPS_p_TCGA_295_296_297_N_GenomeWideSNP_6_G07_1343812	11	4729134	4967230	266	0.0371
DRIPS_p_TCGA_295_296_297_N_GenomeWideSNP_6_G07_1343812	11	4967251	4976371	37	-0.446
DRIPS_p_TCGA_295_296_297_N_GenomeWideSNP_6_G07_1343812	11	4976389	5789725	794	-0.0112
DRIPS_p_TCGA_295_296_297_N_GenomeWideSNP_6_G07_1343812	11	5789741	5809338	29	0.5341
DRIPS_p_TCGA_295_296_297_N_GenomeWideSNP_6_G07_1343812	11	5809461	51337258	30887	0.0014
DRIPS_p_TCGA_295_296_297_N_GenomeWideSNP_6_G07_1343812	11	51352990	51357245	3	-1.6431
DRIPS_p_TCGA_295_296_297_N_GenomeWideSNP_6_G07_1343812	11	51375310	55376511	339	0.0332
DRIPS_p_TCGA_295_296_297_N_GenomeWideSNP_6_G07_1343812	11	55376634	55435127	34	-0.6087
DRIPS_p_TCGA_295_296_297_N_GenomeWideSNP_6_G07_1343812	11	55437719	79967513	13260	0.0018
DRIPS_p_TCGA_295_296_297_N_GenomeWideSNP_6_G07_1343812	11	79967548	79967564	2	-2.1872
DRIPS_p_TCGA_295_296_297_N_GenomeWideSNP_6_G07_1343812	11	79967686	134944770	38958	-0.0019
DRIPS_p_TCGA_295_296_297_N_GenomeWideSNP_6_G07_1343812	12	150442	285054	69	-0.0562
DRIPS_p_TCGA_295_296_297_N_GenomeWideSNP_6_G07_1343812	12	287936	290706	2	-2.1815
DRIPS_p_TCGA_295_296_297_N_GenomeWideSNP_6_G07_1343812	12	295525	869198	345	-0.0533
DRIPS_p_TCGA_295_296_297_N_GenomeWideSNP_6_G07_1343812	12	869263	874029	16	-1.1124
DRIPS_p_TCGA_295_296_297_N_GenomeWideSNP_6_G07_1343812	12	875354	924374	44	-0.0233
DRIPS_p_TCGA_295_296_297_N_GenomeWideSNP_6_G07_1343812	12	924906	928911	2	-1.1448
DRIPS_p_TCGA_295_296_297_N_GenomeWideSNP_6_G07_1343812	12	933037	1660733	399	-0.0302
DRIPS_p_TCGA_295_296_297_N_GenomeWideSNP_6_G07_1343812	12	1661143	1661953	2	-1.7119
DRIPS_p_TCGA_295_296_297_N_GenomeWideSNP_6_G07_1343812	12	1667593	8006506	4473	-0.0012
DRIPS_p_TCGA_295_296_297_N_GenomeWideSNP_6_G07_1343812	12	8007799	8123900	58	0.6001
DRIPS_p_TCGA_295_296_297_N_GenomeWideSNP_6_G07_1343812	12	8130958	45899825	23002	0.0018
DRIPS_p_TCGA_295_296_297_N_GenomeWideSNP_6_G07_1343812	12	45904438	45909537	4	-1.3206
DRIPS_p_TCGA_295_296_297_N_GenomeWideSNP_6_G07_1343812	12	45913292	73787836	17037	0.0029
DRIPS_p_TCGA_295_296_297_N_GenomeWideSNP_6_G07_1343812	12	73798183	73817769	8	-1.1352
DRIPS_p_TCGA_295_296_297_N_GenomeWideSNP_6_G07_1343812	12	73818508	133778189	39320	-0.0011
DRIPS_p_TCGA_295_296_297_N_GenomeWideSNP_6_G07_1343812	13	19026949	23629187	2882	0.0033
DRIPS_p_TCGA_295_296_297_N_GenomeWideSNP_6_G07_1343812	13	23629210	23633515	13	-0.5354
DRIPS_p_TCGA_295_296_297_N_GenomeWideSNP_6_G07_1343812	13	23638195	34641128	8298	-0.0042
DRIPS_p_TCGA_295_296_297_N_GenomeWideSNP_6_G07_1343812	13	34641967	34643980	4	-1.2366
DRIPS_p_TCGA_295_296_297_N_GenomeWideSNP_6_G07_1343812	13	34645141	38071135	2307	-0.004
DRIPS_p_TCGA_295_296_297_N_GenomeWideSNP_6_G07_1343812	13	38072036	38088330	17	0.4749
DRIPS_p_TCGA_295_296_297_N_GenomeWideSNP_6_G07_1343812	13	38088374	39052811	699	0.002
DRIPS_p_TCGA_295_296_297_N_GenomeWideSNP_6_G07_1343812	13	39057572	39058056	2	-3.0985
DRIPS_p_TCGA_295_296_297_N_GenomeWideSNP_6_G07_1343812	13	39065057	115108397	49871	5e-04
DRIPS_p_TCGA_295_296_297_N_GenomeWideSNP_6_G07_1343812	14	19002124	19602674	43	0.2639
DRIPS_p_TCGA_295_296_297_N_GenomeWideSNP_6_G07_1343812	14	19604114	19852833	23	-0.2027
DRIPS_p_TCGA_295_296_297_N_GenomeWideSNP_6_G07_1343812	14	19877072	20010913	7	0.3737
DRIPS_p_TCGA_295_296_297_N_GenomeWideSNP_6_G07_1343812	14	20037146	20422583	116	-0.4033
DRIPS_p_TCGA_295_296_297_N_GenomeWideSNP_6_G07_1343812	14	20423372	31241892	6896	-0.0151
DRIPS_p_TCGA_295_296_297_N_GenomeWideSNP_6_G07_1343812	14	31242573	31242851	3	-2.3235
DRIPS_p_TCGA_295_296_297_N_GenomeWideSNP_6_G07_1343812	14	31242929	41608358	6700	0.0051
DRIPS_p_TCGA_295_296_297_N_GenomeWideSNP_6_G07_1343812	14	41610496	41653977	13	-0.6294
DRIPS_p_TCGA_295_296_297_N_GenomeWideSNP_6_G07_1343812	14	41657249	63808684	14018	0.0068
DRIPS_p_TCGA_295_296_297_N_GenomeWideSNP_6_G07_1343812	14	63809172	63809872	2	-1.9943
DRIPS_p_TCGA_295_296_297_N_GenomeWideSNP_6_G07_1343812	14	63811169	70018047	3762	-0.0024
DRIPS_p_TCGA_295_296_297_N_GenomeWideSNP_6_G07_1343812	14	70018368	70022467	8	-0.9049
DRIPS_p_TCGA_295_296_297_N_GenomeWideSNP_6_G07_1343812	14	70022713	74017521	2621	-0.008
DRIPS_p_TCGA_295_296_297_N_GenomeWideSNP_6_G07_1343812	14	74017538	74050264	12	-0.6003
DRIPS_p_TCGA_295_296_297_N_GenomeWideSNP_6_G07_1343812	14	74056323	106541753	20740	0.0011
DRIPS_p_TCGA_295_296_297_N_GenomeWideSNP_6_G07_1343812	14	106542277	106569463	13	0.7011
DRIPS_p_TCGA_295_296_297_N_GenomeWideSNP_6_G07_1343812	14	106574118	107160325	326	0.071
DRIPS_p_TCGA_295_296_297_N_GenomeWideSNP_6_G07_1343812	14	107160399	107161100	6	-0.8304
DRIPS_p_TCGA_295_296_297_N_GenomeWideSNP_6_G07_1343812	14	107165591	107174572	6	-0.1276
DRIPS_p_TCGA_295_296_297_N_GenomeWideSNP_6_G07_1343812	14	107176213	107179847	8	-1.0746
DRIPS_p_TCGA_295_296_297_N_GenomeWideSNP_6_G07_1343812	14	107184184	107285437	69	-0.0708
DRIPS_p_TCGA_295_296_297_N_GenomeWideSNP_6_G07_1343812	15	20016328	25419992	1922	0.0124
DRIPS_p_TCGA_295_296_297_N_GenomeWideSNP_6_G07_1343812	15	25421607	25430243	7	-1.1506
DRIPS_p_TCGA_295_296_297_N_GenomeWideSNP_6_G07_1343812	15	25433305	29268261	2402	-0.0011
DRIPS_p_TCGA_295_296_297_N_GenomeWideSNP_6_G07_1343812	15	29268550	29268667	2	-1.6294
DRIPS_p_TCGA_295_296_297_N_GenomeWideSNP_6_G07_1343812	15	29268680	30545725	795	0.0091
DRIPS_p_TCGA_295_296_297_N_GenomeWideSNP_6_G07_1343812	15	30546013	30561567	3	-1.2138
DRIPS_p_TCGA_295_296_297_N_GenomeWideSNP_6_G07_1343812	15	30562770	30583436	8	0.1337
DRIPS_p_TCGA_295_296_297_N_GenomeWideSNP_6_G07_1343812	15	30589797	30593018	3	1.1552
DRIPS_p_TCGA_295_296_297_N_GenomeWideSNP_6_G07_1343812	15	30596229	34722802	2654	0.0136
DRIPS_p_TCGA_295_296_297_N_GenomeWideSNP_6_G07_1343812	15	34723432	34731102	7	0.7454
DRIPS_p_TCGA_295_296_297_N_GenomeWideSNP_6_G07_1343812	15	34731165	40053630	3831	0.0015
DRIPS_p_TCGA_295_296_297_N_GenomeWideSNP_6_G07_1343812	15	40058092	40058493	2	-2.4341
DRIPS_p_TCGA_295_296_297_N_GenomeWideSNP_6_G07_1343812	15	40058875	92765755	32827	0.002
DRIPS_p_TCGA_295_296_297_N_GenomeWideSNP_6_G07_1343812	15	92765874	92766294	3	2.8349
DRIPS_p_TCGA_295_296_297_N_GenomeWideSNP_6_G07_1343812	15	92766758	93853885	962	-0.0259
DRIPS_p_TCGA_295_296_297_N_GenomeWideSNP_6_G07_1343812	15	93855311	93857552	2	-3.5566
DRIPS_p_TCGA_295_296_297_N_GenomeWideSNP_6_G07_1343812	15	93862414	101679433	5891	-0.0017
DRIPS_p_TCGA_295_296_297_N_GenomeWideSNP_6_G07_1343812	15	101679765	101693881	10	-0.6842
DRIPS_p_TCGA_295_296_297_N_GenomeWideSNP_6_G07_1343812	15	101696405	102469040	550	-0.0142
DRIPS_p_TCGA_295_296_297_N_GenomeWideSNP_6_G07_1343812	16	60777	90287535	52239	-7e-04
DRIPS_p_TCGA_295_296_297_N_GenomeWideSNP_6_G07_1343812	17	526	39423014	20905	-0.0027
DRIPS_p_TCGA_295_296_297_N_GenomeWideSNP_6_G07_1343812	17	39423026	39430450	22	-0.7539
DRIPS_p_TCGA_295_296_297_N_GenomeWideSNP_6_G07_1343812	17	39430531	43655090	2164	0.0042
DRIPS_p_TCGA_295_296_297_N_GenomeWideSNP_6_G07_1343812	17	43656380	43659426	6	1.2071
DRIPS_p_TCGA_295_296_297_N_GenomeWideSNP_6_G07_1343812	17	43664693	44163098	337	-0.0186
DRIPS_p_TCGA_295_296_297_N_GenomeWideSNP_6_G07_1343812	17	44165803	44362363	124	0.9685
DRIPS_p_TCGA_295_296_297_N_GenomeWideSNP_6_G07_1343812	17	44364170	44429320	9	-0.0067
DRIPS_p_TCGA_295_296_297_N_GenomeWideSNP_6_G07_1343812	17	44435454	44784652	42	-0.6679
DRIPS_p_TCGA_295_296_297_N_GenomeWideSNP_6_G07_1343812	17	44784678	46479456	884	-0.0128
DRIPS_p_TCGA_295_296_297_N_GenomeWideSNP_6_G07_1343812	17	46485442	46490460	4	-1.0099
DRIPS_p_TCGA_295_296_297_N_GenomeWideSNP_6_G07_1343812	17	46494599	55644206	6081	0.0057
DRIPS_p_TCGA_295_296_297_N_GenomeWideSNP_6_G07_1343812	17	55647827	55647906	2	1.467
DRIPS_p_TCGA_295_296_297_N_GenomeWideSNP_6_G07_1343812	17	55652066	55687489	17	-0.0609
DRIPS_p_TCGA_295_296_297_N_GenomeWideSNP_6_G07_1343812	17	55688333	55688993	2	-1.6232
DRIPS_p_TCGA_295_296_297_N_GenomeWideSNP_6_G07_1343812	17	55691993	64545563	4590	-0.0032
DRIPS_p_TCGA_295_296_297_N_GenomeWideSNP_6_G07_1343812	17	64545653	64545922	2	-1.5905
DRIPS_p_TCGA_295_296_297_N_GenomeWideSNP_6_G07_1343812	17	64546244	81049726	9956	-0.009
DRIPS_p_TCGA_295_296_297_N_GenomeWideSNP_6_G07_1343812	18	11543	24365863	13868	0.003
DRIPS_p_TCGA_295_296_297_N_GenomeWideSNP_6_G07_1343812	18	24365915	24365941	2	-1.8368
DRIPS_p_TCGA_295_296_297_N_GenomeWideSNP_6_G07_1343812	18	24366145	38260448	8900	-0.0012
DRIPS_p_TCGA_295_296_297_N_GenomeWideSNP_6_G07_1343812	18	38260470	38265363	14	0.6073
DRIPS_p_TCGA_295_296_297_N_GenomeWideSNP_6_G07_1343812	18	38265377	45671931	4972	-9e-04
DRIPS_p_TCGA_295_296_297_N_GenomeWideSNP_6_G07_1343812	18	45672819	45675605	3	-1.8752
DRIPS_p_TCGA_295_296_297_N_GenomeWideSNP_6_G07_1343812	18	45675975	50577665	3522	0.0086
DRIPS_p_TCGA_295_296_297_N_GenomeWideSNP_6_G07_1343812	18	50580975	50586128	5	-1.2886
DRIPS_p_TCGA_295_296_297_N_GenomeWideSNP_6_G07_1343812	18	50588945	63906849	9096	0.0015
DRIPS_p_TCGA_295_296_297_N_GenomeWideSNP_6_G07_1343812	18	63906866	63911589	11	-0.6828
DRIPS_p_TCGA_295_296_297_N_GenomeWideSNP_6_G07_1343812	18	63911876	78015057	10237	0.0041
DRIPS_p_TCGA_295_296_297_N_GenomeWideSNP_6_G07_1343812	19	90910	35849322	16774	-0.0058
DRIPS_p_TCGA_295_296_297_N_GenomeWideSNP_6_G07_1343812	19	35849493	35861848	22	-0.664
DRIPS_p_TCGA_295_296_297_N_GenomeWideSNP_6_G07_1343812	19	35866744	36758897	433	0.0024
DRIPS_p_TCGA_295_296_297_N_GenomeWideSNP_6_G07_1343812	19	36805705	36807300	3	-1.5977
DRIPS_p_TCGA_295_296_297_N_GenomeWideSNP_6_G07_1343812	19	36825248	41339869	2346	0.0072
DRIPS_p_TCGA_295_296_297_N_GenomeWideSNP_6_G07_1343812	19	41345158	41375752	31	-0.7106
DRIPS_p_TCGA_295_296_297_N_GenomeWideSNP_6_G07_1343812	19	41375782	43211282	884	-0.0047
DRIPS_p_TCGA_295_296_297_N_GenomeWideSNP_6_G07_1343812	19	43211590	43287456	23	0.2856
DRIPS_p_TCGA_295_296_297_N_GenomeWideSNP_6_G07_1343812	19	43287462	43349849	28	0.6907
DRIPS_p_TCGA_295_296_297_N_GenomeWideSNP_6_G07_1343812	19	43354452	43454618	45	0.2717
DRIPS_p_TCGA_295_296_297_N_GenomeWideSNP_6_G07_1343812	19	43458054	52131813	4299	0.0014
DRIPS_p_TCGA_295_296_297_N_GenomeWideSNP_6_G07_1343812	19	52142352	52148197	11	-0.9915
DRIPS_p_TCGA_295_296_297_N_GenomeWideSNP_6_G07_1343812	19	52154905	54722275	1748	-0.0131
DRIPS_p_TCGA_295_296_297_N_GenomeWideSNP_6_G07_1343812	19	54730202	54741319	17	-0.9075
DRIPS_p_TCGA_295_296_297_N_GenomeWideSNP_6_G07_1343812	19	54753340	59097854	2607	-0.0073
DRIPS_p_TCGA_295_296_297_N_GenomeWideSNP_6_G07_1343812	20	61305	1552503	1180	-0.0137
DRIPS_p_TCGA_295_296_297_N_GenomeWideSNP_6_G07_1343812	20	1557190	1579121	52	-0.5628
DRIPS_p_TCGA_295_296_297_N_GenomeWideSNP_6_G07_1343812	20	1580388	15960144	11022	-0.0015
DRIPS_p_TCGA_295_296_297_N_GenomeWideSNP_6_G07_1343812	20	15961553	15961689	2	-1.9006
DRIPS_p_TCGA_295_296_297_N_GenomeWideSNP_6_G07_1343812	20	15968861	22960446	5551	0.0027
DRIPS_p_TCGA_295_296_297_N_GenomeWideSNP_6_G07_1343812	20	22961029	22962231	2	-1.8553
DRIPS_p_TCGA_295_296_297_N_GenomeWideSNP_6_G07_1343812	20	22964377	62956153	24542	0.0012
DRIPS_p_TCGA_295_296_297_N_GenomeWideSNP_6_G07_1343812	21	10736871	10923425	27	0.6384
DRIPS_p_TCGA_295_296_297_N_GenomeWideSNP_6_G07_1343812	21	10926905	25293109	7692	0.0063
DRIPS_p_TCGA_295_296_297_N_GenomeWideSNP_6_G07_1343812	21	25296170	25299689	4	-1.1029
DRIPS_p_TCGA_295_296_297_N_GenomeWideSNP_6_G07_1343812	21	25299758	37927972	9187	0.0064
DRIPS_p_TCGA_295_296_297_N_GenomeWideSNP_6_G07_1343812	21	37929312	37930129	2	-1.7963
DRIPS_p_TCGA_295_296_297_N_GenomeWideSNP_6_G07_1343812	21	37930358	48096957	7412	-0.0127
DRIPS_p_TCGA_295_296_297_N_GenomeWideSNP_6_G07_1343812	22	16052528	17495551	375	0.0615
DRIPS_p_TCGA_295_296_297_N_GenomeWideSNP_6_G07_1343812	22	17499034	17499508	2	1.4333
DRIPS_p_TCGA_295_296_297_N_GenomeWideSNP_6_G07_1343812	22	17499890	18673357	837	-0.0038
DRIPS_p_TCGA_295_296_297_N_GenomeWideSNP_6_G07_1343812	22	18732919	18890058	25	-0.4797
DRIPS_p_TCGA_295_296_297_N_GenomeWideSNP_6_G07_1343812	22	18890185	19006125	82	-1.3189
DRIPS_p_TCGA_295_296_297_N_GenomeWideSNP_6_G07_1343812	22	19006984	21809185	1552	-0.0467
DRIPS_p_TCGA_295_296_297_N_GenomeWideSNP_6_G07_1343812	22	21815866	21840765	19	1.1233
DRIPS_p_TCGA_295_296_297_N_GenomeWideSNP_6_G07_1343812	22	21841832	24271745	1689	-0.0089
DRIPS_p_TCGA_295_296_297_N_GenomeWideSNP_6_G07_1343812	22	24283016	24344422	33	-0.5389
DRIPS_p_TCGA_295_296_297_N_GenomeWideSNP_6_G07_1343812	22	24350529	24396814	19	0.7898
DRIPS_p_TCGA_295_296_297_N_GenomeWideSNP_6_G07_1343812	22	24401529	51234455	18857	-4e-04
DRIPS_p_TCGA_295_296_297_N_GenomeWideSNP_6_G07_1343812	X	168477	155182354	84425	0.0021
DRIPS_p_TCGA_295_296_297_N_GenomeWideSNP_6_G07_1343812	Y	2650438	6107901	871	-2.5555
DRIPS_p_TCGA_295_296_297_N_GenomeWideSNP_6_G07_1343812	Y	6110498	6409541	122	-4.0404
DRIPS_p_TCGA_295_296_297_N_GenomeWideSNP_6_G07_1343812	Y	6410097	8352852	1077	-3.1225
DRIPS_p_TCGA_295_296_297_N_GenomeWideSNP_6_G07_1343812	Y	8353707	9758797	554	-3.5539
DRIPS_p_TCGA_295_296_297_N_GenomeWideSNP_6_G07_1343812	Y	9759564	19570247	3034	-3.1368
DRIPS_p_TCGA_295_296_297_N_GenomeWideSNP_6_G07_1343812	Y	19570632	21088297	706	-3.7395
DRIPS_p_TCGA_295_296_297_N_GenomeWideSNP_6_G07_1343812	Y	21088485	23859163	1053	-3.1973
DRIPS_p_TCGA_295_296_297_N_GenomeWideSNP_6_G07_1343812	Y	23859468	26241849	519	-3.7812
DRIPS_p_TCGA_295_296_297_N_GenomeWideSNP_6_G07_1343812	Y	26244825	26619135	83	-2.8062
DRIPS_p_TCGA_295_296_297_N_GenomeWideSNP_6_G07_1343812	Y	26630929	27367487	86	-4.4312
DRIPS_p_TCGA_295_296_297_N_GenomeWideSNP_6_G07_1343812	Y	27436702	27720551	92	-2.7127
DRIPS_p_TCGA_295_296_297_N_GenomeWideSNP_6_G07_1343812	Y	27721084	28423938	251	-3.8365
DRIPS_p_TCGA_295_296_297_N_GenomeWideSNP_6_G07_1343812	Y	28438116	59018259	182	-2.7621
