Sample	Chromosome	Start	End	Num_Probes	Segment_Mean
EMMER_p_8TCGA_Mx_242_238_N_GenomeWideSNP_6_A08_1244840	1	61735	9584442	4847	-0.0046
EMMER_p_8TCGA_Mx_242_238_N_GenomeWideSNP_6_A08_1244840	1	9588109	9596865	4	1.2185
EMMER_p_8TCGA_Mx_242_238_N_GenomeWideSNP_6_A08_1244840	1	9602373	17005978	3917	0.011
EMMER_p_8TCGA_Mx_242_238_N_GenomeWideSNP_6_A08_1244840	1	17011450	17056457	36	0.5875
EMMER_p_8TCGA_Mx_242_238_N_GenomeWideSNP_6_A08_1244840	1	17076467	17177045	20	-0.4432
EMMER_p_8TCGA_Mx_242_238_N_GenomeWideSNP_6_A08_1244840	1	17177965	22319001	3410	-0.0028
EMMER_p_8TCGA_Mx_242_238_N_GenomeWideSNP_6_A08_1244840	1	22320515	22330539	6	-1.6393
EMMER_p_8TCGA_Mx_242_238_N_GenomeWideSNP_6_A08_1244840	1	22337243	55299139	18132	-0.0032
EMMER_p_8TCGA_Mx_242_238_N_GenomeWideSNP_6_A08_1244840	1	55301808	55307693	10	-0.7588
EMMER_p_8TCGA_Mx_242_238_N_GenomeWideSNP_6_A08_1244840	1	55307895	55724204	296	-0.0131
EMMER_p_8TCGA_Mx_242_238_N_GenomeWideSNP_6_A08_1244840	1	55724236	55724299	2	-1.7483
EMMER_p_8TCGA_Mx_242_238_N_GenomeWideSNP_6_A08_1244840	1	55729368	72763370	12331	0.001
EMMER_p_8TCGA_Mx_242_238_N_GenomeWideSNP_6_A08_1244840	1	72768418	72809431	42	1.5335
EMMER_p_8TCGA_Mx_242_238_N_GenomeWideSNP_6_A08_1244840	1	72809842	152555527	33737	0.0032
EMMER_p_8TCGA_Mx_242_238_N_GenomeWideSNP_6_A08_1244840	1	152555706	152586238	31	-1.924
EMMER_p_8TCGA_Mx_242_238_N_GenomeWideSNP_6_A08_1244840	1	152586278	174796405	15065	0.003
EMMER_p_8TCGA_Mx_242_238_N_GenomeWideSNP_6_A08_1244840	1	174796556	174797315	6	-1.0673
EMMER_p_8TCGA_Mx_242_238_N_GenomeWideSNP_6_A08_1244840	1	174797333	189648157	9919	7e-04
EMMER_p_8TCGA_Mx_242_238_N_GenomeWideSNP_6_A08_1244840	1	189648483	189648527	2	-2.4616
EMMER_p_8TCGA_Mx_242_238_N_GenomeWideSNP_6_A08_1244840	1	189652047	193155706	2337	0.0039
EMMER_p_8TCGA_Mx_242_238_N_GenomeWideSNP_6_A08_1244840	1	193155792	193156348	5	1.2568
EMMER_p_8TCGA_Mx_242_238_N_GenomeWideSNP_6_A08_1244840	1	193159723	196714873	2400	-0.0013
EMMER_p_8TCGA_Mx_242_238_N_GenomeWideSNP_6_A08_1244840	1	196727850	196749217	27	-2.2888
EMMER_p_8TCGA_Mx_242_238_N_GenomeWideSNP_6_A08_1244840	1	196749821	196801655	60	-1.0223
EMMER_p_8TCGA_Mx_242_238_N_GenomeWideSNP_6_A08_1244840	1	196801784	248593241	35715	7e-04
EMMER_p_8TCGA_Mx_242_238_N_GenomeWideSNP_6_A08_1244840	1	248595681	248601320	4	-3.0258
EMMER_p_8TCGA_Mx_242_238_N_GenomeWideSNP_6_A08_1244840	1	248605752	248709670	33	-0.0164
EMMER_p_8TCGA_Mx_242_238_N_GenomeWideSNP_6_A08_1244840	1	248713868	248795289	35	-0.622
EMMER_p_8TCGA_Mx_242_238_N_GenomeWideSNP_6_A08_1244840	1	248795852	248808557	5	-0.2062
EMMER_p_8TCGA_Mx_242_238_N_GenomeWideSNP_6_A08_1244840	1	248808864	248847384	18	0.4531
EMMER_p_8TCGA_Mx_242_238_N_GenomeWideSNP_6_A08_1244840	1	248847828	249224388	124	-0.1133
EMMER_p_8TCGA_Mx_242_238_N_GenomeWideSNP_6_A08_1244840	2	12784	34711474	24109	0.009
EMMER_p_8TCGA_Mx_242_238_N_GenomeWideSNP_6_A08_1244840	2	34716770	34737163	31	0.7114
EMMER_p_8TCGA_Mx_242_238_N_GenomeWideSNP_6_A08_1244840	2	34737556	52743925	13033	0.0024
EMMER_p_8TCGA_Mx_242_238_N_GenomeWideSNP_6_A08_1244840	2	52754468	52781326	33	0.5174
EMMER_p_8TCGA_Mx_242_238_N_GenomeWideSNP_6_A08_1244840	2	52781374	114362015	33511	0.0057
EMMER_p_8TCGA_Mx_242_238_N_GenomeWideSNP_6_A08_1244840	2	114362414	114380821	3	-1.5926
EMMER_p_8TCGA_Mx_242_238_N_GenomeWideSNP_6_A08_1244840	2	114383552	130355506	10194	0.0083
EMMER_p_8TCGA_Mx_242_238_N_GenomeWideSNP_6_A08_1244840	2	130355930	130356527	3	-1.6126
EMMER_p_8TCGA_Mx_242_238_N_GenomeWideSNP_6_A08_1244840	2	130358931	146862085	9897	0.0083
EMMER_p_8TCGA_Mx_242_238_N_GenomeWideSNP_6_A08_1244840	2	146864404	146866934	24	0.6543
EMMER_p_8TCGA_Mx_242_238_N_GenomeWideSNP_6_A08_1244840	2	146877806	243089456	59114	0.0072
EMMER_p_8TCGA_Mx_242_238_N_GenomeWideSNP_6_A08_1244840	3	60345	6417184	5668	0.0023
EMMER_p_8TCGA_Mx_242_238_N_GenomeWideSNP_6_A08_1244840	3	6419717	6420009	3	-1.7139
EMMER_p_8TCGA_Mx_242_238_N_GenomeWideSNP_6_A08_1244840	3	6420269	25842326	13884	-0.0045
EMMER_p_8TCGA_Mx_242_238_N_GenomeWideSNP_6_A08_1244840	3	25850780	25854897	14	-1.1447
EMMER_p_8TCGA_Mx_242_238_N_GenomeWideSNP_6_A08_1244840	3	25857956	68725751	28262	-8e-04
EMMER_p_8TCGA_Mx_242_238_N_GenomeWideSNP_6_A08_1244840	3	68732028	68747413	16	0.8593
EMMER_p_8TCGA_Mx_242_238_N_GenomeWideSNP_6_A08_1244840	3	68748758	98937784	15948	0.0021
EMMER_p_8TCGA_Mx_242_238_N_GenomeWideSNP_6_A08_1244840	3	98944458	98949056	27	-0.8022
EMMER_p_8TCGA_Mx_242_238_N_GenomeWideSNP_6_A08_1244840	3	98949069	111243510	7370	0.0041
EMMER_p_8TCGA_Mx_242_238_N_GenomeWideSNP_6_A08_1244840	3	111246405	111246582	2	-2.048
EMMER_p_8TCGA_Mx_242_238_N_GenomeWideSNP_6_A08_1244840	3	111249315	140542539	18167	0.0015
EMMER_p_8TCGA_Mx_242_238_N_GenomeWideSNP_6_A08_1244840	3	140545701	140546984	2	-3.3112
EMMER_p_8TCGA_Mx_242_238_N_GenomeWideSNP_6_A08_1244840	3	140560618	162123366	13270	0.0045
EMMER_p_8TCGA_Mx_242_238_N_GenomeWideSNP_6_A08_1244840	3	162137600	162142705	14	-1.1108
EMMER_p_8TCGA_Mx_242_238_N_GenomeWideSNP_6_A08_1244840	3	162144248	162508192	259	0.0334
EMMER_p_8TCGA_Mx_242_238_N_GenomeWideSNP_6_A08_1244840	3	162508268	162626572	72	0.6303
EMMER_p_8TCGA_Mx_242_238_N_GenomeWideSNP_6_A08_1244840	3	162626603	192877902	19179	0.0026
EMMER_p_8TCGA_Mx_242_238_N_GenomeWideSNP_6_A08_1244840	3	192877962	192882903	19	-1.2272
EMMER_p_8TCGA_Mx_242_238_N_GenomeWideSNP_6_A08_1244840	3	192886435	197302075	2427	0.0017
EMMER_p_8TCGA_Mx_242_238_N_GenomeWideSNP_6_A08_1244840	3	197304279	197314431	13	-0.8302
EMMER_p_8TCGA_Mx_242_238_N_GenomeWideSNP_6_A08_1244840	3	197314448	197896118	266	-0.0339
EMMER_p_8TCGA_Mx_242_238_N_GenomeWideSNP_6_A08_1244840	4	12281	10392354	6003	0
EMMER_p_8TCGA_Mx_242_238_N_GenomeWideSNP_6_A08_1244840	4	10393154	10399355	12	0.5979
EMMER_p_8TCGA_Mx_242_238_N_GenomeWideSNP_6_A08_1244840	4	10400156	33376583	16019	0.0034
EMMER_p_8TCGA_Mx_242_238_N_GenomeWideSNP_6_A08_1244840	4	33379136	33386186	11	-1.1734
EMMER_p_8TCGA_Mx_242_238_N_GenomeWideSNP_6_A08_1244840	4	33388353	69410256	20312	-0.0039
EMMER_p_8TCGA_Mx_242_238_N_GenomeWideSNP_6_A08_1244840	4	69413772	69484109	48	-0.4568
EMMER_p_8TCGA_Mx_242_238_N_GenomeWideSNP_6_A08_1244840	4	69485840	84076425	8934	0.0075
EMMER_p_8TCGA_Mx_242_238_N_GenomeWideSNP_6_A08_1244840	4	84076464	84079847	2	-2.8162
EMMER_p_8TCGA_Mx_242_238_N_GenomeWideSNP_6_A08_1244840	4	84081729	86974515	1892	0.0091
EMMER_p_8TCGA_Mx_242_238_N_GenomeWideSNP_6_A08_1244840	4	86975062	86979764	21	-0.7914
EMMER_p_8TCGA_Mx_242_238_N_GenomeWideSNP_6_A08_1244840	4	86979944	104744735	10565	3e-04
EMMER_p_8TCGA_Mx_242_238_N_GenomeWideSNP_6_A08_1244840	4	104745071	104751637	8	0.9681
EMMER_p_8TCGA_Mx_242_238_N_GenomeWideSNP_6_A08_1244840	4	104751644	155802548	30446	0.0013
EMMER_p_8TCGA_Mx_242_238_N_GenomeWideSNP_6_A08_1244840	4	155803005	155803078	3	-3.1501
EMMER_p_8TCGA_Mx_242_238_N_GenomeWideSNP_6_A08_1244840	4	155803199	156879566	753	-0.0012
EMMER_p_8TCGA_Mx_242_238_N_GenomeWideSNP_6_A08_1244840	4	156879584	156880606	10	-0.9748
EMMER_p_8TCGA_Mx_242_238_N_GenomeWideSNP_6_A08_1244840	4	156880715	161873912	3149	0.0095
EMMER_p_8TCGA_Mx_242_238_N_GenomeWideSNP_6_A08_1244840	4	161873925	161880141	6	-0.6333
EMMER_p_8TCGA_Mx_242_238_N_GenomeWideSNP_6_A08_1244840	4	161880197	161884908	18	-2.5784
EMMER_p_8TCGA_Mx_242_238_N_GenomeWideSNP_6_A08_1244840	4	161884919	172375027	6678	0.0082
EMMER_p_8TCGA_Mx_242_238_N_GenomeWideSNP_6_A08_1244840	4	172376974	172377776	9	0.9805
EMMER_p_8TCGA_Mx_242_238_N_GenomeWideSNP_6_A08_1244840	4	172380371	173422522	639	-0.0175
EMMER_p_8TCGA_Mx_242_238_N_GenomeWideSNP_6_A08_1244840	4	173424947	173428643	7	1.1307
EMMER_p_8TCGA_Mx_242_238_N_GenomeWideSNP_6_A08_1244840	4	173441132	191027923	11877	-0.003
EMMER_p_8TCGA_Mx_242_238_N_GenomeWideSNP_6_A08_1244840	5	15532	698505	310	0.0145
EMMER_p_8TCGA_Mx_242_238_N_GenomeWideSNP_6_A08_1244840	5	717379	773568	26	0.6547
EMMER_p_8TCGA_Mx_242_238_N_GenomeWideSNP_6_A08_1244840	5	779860	57321646	35529	-0.003
EMMER_p_8TCGA_Mx_242_238_N_GenomeWideSNP_6_A08_1244840	5	57326027	57332291	22	-0.6924
EMMER_p_8TCGA_Mx_242_238_N_GenomeWideSNP_6_A08_1244840	5	57332331	121129499	38714	0.0011
EMMER_p_8TCGA_Mx_242_238_N_GenomeWideSNP_6_A08_1244840	5	121132937	121135476	3	-2.2787
EMMER_p_8TCGA_Mx_242_238_N_GenomeWideSNP_6_A08_1244840	5	121136126	145063078	14483	0.0028
EMMER_p_8TCGA_Mx_242_238_N_GenomeWideSNP_6_A08_1244840	5	145063404	145067015	2	-1.8366
EMMER_p_8TCGA_Mx_242_238_N_GenomeWideSNP_6_A08_1244840	5	145072132	177197955	21938	0
EMMER_p_8TCGA_Mx_242_238_N_GenomeWideSNP_6_A08_1244840	5	177198449	177306635	11	-0.7233
EMMER_p_8TCGA_Mx_242_238_N_GenomeWideSNP_6_A08_1244840	5	177310337	180790320	1996	1e-04
EMMER_p_8TCGA_Mx_242_238_N_GenomeWideSNP_6_A08_1244840	6	149661	77436159	49033	-3e-04
EMMER_p_8TCGA_Mx_242_238_N_GenomeWideSNP_6_A08_1244840	6	77436532	77452757	22	-0.9368
EMMER_p_8TCGA_Mx_242_238_N_GenomeWideSNP_6_A08_1244840	6	77461073	93574342	10324	0.0057
EMMER_p_8TCGA_Mx_242_238_N_GenomeWideSNP_6_A08_1244840	6	93575866	93578630	31	-0.6022
EMMER_p_8TCGA_Mx_242_238_N_GenomeWideSNP_6_A08_1244840	6	93582923	130664648	22876	0
EMMER_p_8TCGA_Mx_242_238_N_GenomeWideSNP_6_A08_1244840	6	130665389	130713724	24	-0.5181
EMMER_p_8TCGA_Mx_242_238_N_GenomeWideSNP_6_A08_1244840	6	130714339	167592529	25444	0.0019
EMMER_p_8TCGA_Mx_242_238_N_GenomeWideSNP_6_A08_1244840	6	167594184	167598272	3	-1.6255
EMMER_p_8TCGA_Mx_242_238_N_GenomeWideSNP_6_A08_1244840	6	167598444	171051005	2130	0.0089
EMMER_p_8TCGA_Mx_242_238_N_GenomeWideSNP_6_A08_1244840	7	43355	54380373	38549	-0.0037
EMMER_p_8TCGA_Mx_242_238_N_GenomeWideSNP_6_A08_1244840	7	54386505	54386517	6	2.2205
EMMER_p_8TCGA_Mx_242_238_N_GenomeWideSNP_6_A08_1244840	7	54393488	70315873	6226	-0.0076
EMMER_p_8TCGA_Mx_242_238_N_GenomeWideSNP_6_A08_1244840	7	70321339	70364513	33	0.8495
EMMER_p_8TCGA_Mx_242_238_N_GenomeWideSNP_6_A08_1244840	7	70365243	91208142	12028	-0.0045
EMMER_p_8TCGA_Mx_242_238_N_GenomeWideSNP_6_A08_1244840	7	91218884	91219132	3	-2.3103
EMMER_p_8TCGA_Mx_242_238_N_GenomeWideSNP_6_A08_1244840	7	91225032	91357869	96	0.0126
EMMER_p_8TCGA_Mx_242_238_N_GenomeWideSNP_6_A08_1244840	7	91358294	91359033	7	0.9749
EMMER_p_8TCGA_Mx_242_238_N_GenomeWideSNP_6_A08_1244840	7	91359336	109441629	10417	0.0014
EMMER_p_8TCGA_Mx_242_238_N_GenomeWideSNP_6_A08_1244840	7	109441779	109454229	11	-0.884
EMMER_p_8TCGA_Mx_242_238_N_GenomeWideSNP_6_A08_1244840	7	109454271	125500044	9648	0.0063
EMMER_p_8TCGA_Mx_242_238_N_GenomeWideSNP_6_A08_1244840	7	125500601	125549528	38	-1.0496
EMMER_p_8TCGA_Mx_242_238_N_GenomeWideSNP_6_A08_1244840	7	125561979	126045482	345	0.0242
EMMER_p_8TCGA_Mx_242_238_N_GenomeWideSNP_6_A08_1244840	7	126045556	126046877	13	0.9413
EMMER_p_8TCGA_Mx_242_238_N_GenomeWideSNP_6_A08_1244840	7	126046878	141863005	10019	4e-04
EMMER_p_8TCGA_Mx_242_238_N_GenomeWideSNP_6_A08_1244840	7	141864170	141864499	2	-2.8406
EMMER_p_8TCGA_Mx_242_238_N_GenomeWideSNP_6_A08_1244840	7	141866502	143218858	899	-0.0146
EMMER_p_8TCGA_Mx_242_238_N_GenomeWideSNP_6_A08_1244840	7	143218968	143511415	81	0.493
EMMER_p_8TCGA_Mx_242_238_N_GenomeWideSNP_6_A08_1244840	7	143513741	143909445	293	0.0229
EMMER_p_8TCGA_Mx_242_238_N_GenomeWideSNP_6_A08_1244840	7	143911624	144050933	37	0.5953
EMMER_p_8TCGA_Mx_242_238_N_GenomeWideSNP_6_A08_1244840	7	144051231	155150368	7161	0.0054
EMMER_p_8TCGA_Mx_242_238_N_GenomeWideSNP_6_A08_1244840	7	155151498	155161789	2	-2.0831
EMMER_p_8TCGA_Mx_242_238_N_GenomeWideSNP_6_A08_1244840	7	155162217	156385674	900	0.0231
EMMER_p_8TCGA_Mx_242_238_N_GenomeWideSNP_6_A08_1244840	7	156391790	156394179	4	-1.1229
EMMER_p_8TCGA_Mx_242_238_N_GenomeWideSNP_6_A08_1244840	7	156394908	159127004	1630	0.0221
EMMER_p_8TCGA_Mx_242_238_N_GenomeWideSNP_6_A08_1244840	8	31254	595875	335	0.0309
EMMER_p_8TCGA_Mx_242_238_N_GenomeWideSNP_6_A08_1244840	8	595892	595908	2	4.0635
EMMER_p_8TCGA_Mx_242_238_N_GenomeWideSNP_6_A08_1244840	8	601043	2322801	1427	0.0078
EMMER_p_8TCGA_Mx_242_238_N_GenomeWideSNP_6_A08_1244840	8	2330767	2339651	2	2.1005
EMMER_p_8TCGA_Mx_242_238_N_GenomeWideSNP_6_A08_1244840	8	2343530	2603842	227	-0.0043
EMMER_p_8TCGA_Mx_242_238_N_GenomeWideSNP_6_A08_1244840	8	2604187	2609287	2	2.2671
EMMER_p_8TCGA_Mx_242_238_N_GenomeWideSNP_6_A08_1244840	8	2609475	12826387	9681	0.0068
EMMER_p_8TCGA_Mx_242_238_N_GenomeWideSNP_6_A08_1244840	8	12826756	12844441	23	-0.5044
EMMER_p_8TCGA_Mx_242_238_N_GenomeWideSNP_6_A08_1244840	8	12850464	13598291	733	-0.0068
EMMER_p_8TCGA_Mx_242_238_N_GenomeWideSNP_6_A08_1244840	8	13599051	13609690	33	-0.7277
EMMER_p_8TCGA_Mx_242_238_N_GenomeWideSNP_6_A08_1244840	8	13609764	15471800	1726	0.006
EMMER_p_8TCGA_Mx_242_238_N_GenomeWideSNP_6_A08_1244840	8	15473220	15474579	2	-1.6463
EMMER_p_8TCGA_Mx_242_238_N_GenomeWideSNP_6_A08_1244840	8	15475002	16197191	686	-0.0197
EMMER_p_8TCGA_Mx_242_238_N_GenomeWideSNP_6_A08_1244840	8	16206954	16207123	8	-1.0394
EMMER_p_8TCGA_Mx_242_238_N_GenomeWideSNP_6_A08_1244840	8	16212084	24972187	6945	0.0069
EMMER_p_8TCGA_Mx_242_238_N_GenomeWideSNP_6_A08_1244840	8	24974443	24984223	25	0.7492
EMMER_p_8TCGA_Mx_242_238_N_GenomeWideSNP_6_A08_1244840	8	24984250	32678866	5451	-0.0013
EMMER_p_8TCGA_Mx_242_238_N_GenomeWideSNP_6_A08_1244840	8	32683098	32688413	6	1.461
EMMER_p_8TCGA_Mx_242_238_N_GenomeWideSNP_6_A08_1244840	8	32692106	39247111	3583	-5e-04
EMMER_p_8TCGA_Mx_242_238_N_GenomeWideSNP_6_A08_1244840	8	39248742	39386965	56	-0.5263
EMMER_p_8TCGA_Mx_242_238_N_GenomeWideSNP_6_A08_1244840	8	39388299	40182117	588	-0.0166
EMMER_p_8TCGA_Mx_242_238_N_GenomeWideSNP_6_A08_1244840	8	40183797	40189511	34	-0.5982
EMMER_p_8TCGA_Mx_242_238_N_GenomeWideSNP_6_A08_1244840	8	40192910	85257989	25261	-0.0043
EMMER_p_8TCGA_Mx_242_238_N_GenomeWideSNP_6_A08_1244840	8	85262883	85270692	21	-0.988
EMMER_p_8TCGA_Mx_242_238_N_GenomeWideSNP_6_A08_1244840	8	85270801	146298155	39067	-0.0045
EMMER_p_8TCGA_Mx_242_238_N_GenomeWideSNP_6_A08_1244840	9	46587	22492889	19862	7e-04
EMMER_p_8TCGA_Mx_242_238_N_GenomeWideSNP_6_A08_1244840	9	22501913	22502699	2	-4.1758
EMMER_p_8TCGA_Mx_242_238_N_GenomeWideSNP_6_A08_1244840	9	22509340	40585775	11414	0.0071
EMMER_p_8TCGA_Mx_242_238_N_GenomeWideSNP_6_A08_1244840	9	40588269	41475980	18	-0.5612
EMMER_p_8TCGA_Mx_242_238_N_GenomeWideSNP_6_A08_1244840	9	41479883	43187967	63	-0.0019
EMMER_p_8TCGA_Mx_242_238_N_GenomeWideSNP_6_A08_1244840	9	43315670	43800186	41	-0.6899
EMMER_p_8TCGA_Mx_242_238_N_GenomeWideSNP_6_A08_1244840	9	44114872	44404912	45	0.0388
EMMER_p_8TCGA_Mx_242_238_N_GenomeWideSNP_6_A08_1244840	9	44424451	44629223	4	-1.5472
EMMER_p_8TCGA_Mx_242_238_N_GenomeWideSNP_6_A08_1244840	9	44727859	45448944	73	0.1273
EMMER_p_8TCGA_Mx_242_238_N_GenomeWideSNP_6_A08_1244840	9	45471390	46210382	36	-0.6581
EMMER_p_8TCGA_Mx_242_238_N_GenomeWideSNP_6_A08_1244840	9	46294329	68183981	82	-0.0718
EMMER_p_8TCGA_Mx_242_238_N_GenomeWideSNP_6_A08_1244840	9	68186051	68186057	4	2.2537
EMMER_p_8TCGA_Mx_242_238_N_GenomeWideSNP_6_A08_1244840	9	68186059	69001434	93	-0.0221
EMMER_p_8TCGA_Mx_242_238_N_GenomeWideSNP_6_A08_1244840	9	69022956	69941944	99	-0.4501
EMMER_p_8TCGA_Mx_242_238_N_GenomeWideSNP_6_A08_1244840	9	69941945	141091394	48022	0.0026
EMMER_p_8TCGA_Mx_242_238_N_GenomeWideSNP_6_A08_1244840	10	72809	13265334	11138	0.006
EMMER_p_8TCGA_Mx_242_238_N_GenomeWideSNP_6_A08_1244840	10	13266826	13266987	2	-2.1505
EMMER_p_8TCGA_Mx_242_238_N_GenomeWideSNP_6_A08_1244840	10	13267905	24375263	8079	1e-04
EMMER_p_8TCGA_Mx_242_238_N_GenomeWideSNP_6_A08_1244840	10	24377674	24377920	9	0.9885
EMMER_p_8TCGA_Mx_242_238_N_GenomeWideSNP_6_A08_1244840	10	24377921	25011243	475	-0.0141
EMMER_p_8TCGA_Mx_242_238_N_GenomeWideSNP_6_A08_1244840	10	25011426	25014929	2	-1.6338
EMMER_p_8TCGA_Mx_242_238_N_GenomeWideSNP_6_A08_1244840	10	25023828	47897394	12211	0.0015
EMMER_p_8TCGA_Mx_242_238_N_GenomeWideSNP_6_A08_1244840	10	47912899	47948060	3	-1.8612
EMMER_p_8TCGA_Mx_242_238_N_GenomeWideSNP_6_A08_1244840	10	47960476	49212771	307	-0.006
EMMER_p_8TCGA_Mx_242_238_N_GenomeWideSNP_6_A08_1244840	10	49212828	49287591	6	-1.2794
EMMER_p_8TCGA_Mx_242_238_N_GenomeWideSNP_6_A08_1244840	10	49287603	90938673	28352	0.0037
EMMER_p_8TCGA_Mx_242_238_N_GenomeWideSNP_6_A08_1244840	10	90942967	90950094	13	-0.9734
EMMER_p_8TCGA_Mx_242_238_N_GenomeWideSNP_6_A08_1244840	10	90950406	135506704	30418	-0.0015
EMMER_p_8TCGA_Mx_242_238_N_GenomeWideSNP_6_A08_1244840	11	198510	4992513	2527	0.0092
EMMER_p_8TCGA_Mx_242_238_N_GenomeWideSNP_6_A08_1244840	11	4994326	4995989	6	-1.417
EMMER_p_8TCGA_Mx_242_238_N_GenomeWideSNP_6_A08_1244840	11	5001255	5787405	768	-0.0241
EMMER_p_8TCGA_Mx_242_238_N_GenomeWideSNP_6_A08_1244840	11	5788080	5809139	32	0.4144
EMMER_p_8TCGA_Mx_242_238_N_GenomeWideSNP_6_A08_1244840	11	5809338	5872431	71	0.0169
EMMER_p_8TCGA_Mx_242_238_N_GenomeWideSNP_6_A08_1244840	11	5875867	5883317	5	-1.3172
EMMER_p_8TCGA_Mx_242_238_N_GenomeWideSNP_6_A08_1244840	11	5885711	15189409	6828	-0.0063
EMMER_p_8TCGA_Mx_242_238_N_GenomeWideSNP_6_A08_1244840	11	15189510	15195799	4	1.2789
EMMER_p_8TCGA_Mx_242_238_N_GenomeWideSNP_6_A08_1244840	11	15195816	18940870	2511	-0.0114
EMMER_p_8TCGA_Mx_242_238_N_GenomeWideSNP_6_A08_1244840	11	18949072	18962363	60	-0.4449
EMMER_p_8TCGA_Mx_242_238_N_GenomeWideSNP_6_A08_1244840	11	18970705	21846894	2595	0.0132
EMMER_p_8TCGA_Mx_242_238_N_GenomeWideSNP_6_A08_1244840	11	21847506	21848752	5	-0.9958
EMMER_p_8TCGA_Mx_242_238_N_GenomeWideSNP_6_A08_1244840	11	21850657	25219111	2357	0.0102
EMMER_p_8TCGA_Mx_242_238_N_GenomeWideSNP_6_A08_1244840	11	25219145	25221012	2	1.6787
EMMER_p_8TCGA_Mx_242_238_N_GenomeWideSNP_6_A08_1244840	11	25224253	49708375	16088	0.0031
EMMER_p_8TCGA_Mx_242_238_N_GenomeWideSNP_6_A08_1244840	11	49710861	49757591	18	-0.6036
EMMER_p_8TCGA_Mx_242_238_N_GenomeWideSNP_6_A08_1244840	11	49757671	55492963	852	0.0131
EMMER_p_8TCGA_Mx_242_238_N_GenomeWideSNP_6_A08_1244840	11	55495622	55495939	2	-1.9689
EMMER_p_8TCGA_Mx_242_238_N_GenomeWideSNP_6_A08_1244840	11	55495990	79967504	13262	-9e-04
EMMER_p_8TCGA_Mx_242_238_N_GenomeWideSNP_6_A08_1244840	11	79967513	79983598	32	-0.976
EMMER_p_8TCGA_Mx_242_238_N_GenomeWideSNP_6_A08_1244840	11	79984715	86305661	4471	0.0081
EMMER_p_8TCGA_Mx_242_238_N_GenomeWideSNP_6_A08_1244840	11	86305813	86315174	6	-0.9873
EMMER_p_8TCGA_Mx_242_238_N_GenomeWideSNP_6_A08_1244840	11	86316076	91823650	3547	0.0035
EMMER_p_8TCGA_Mx_242_238_N_GenomeWideSNP_6_A08_1244840	11	91823651	91823655	5	-1.0019
EMMER_p_8TCGA_Mx_242_238_N_GenomeWideSNP_6_A08_1244840	11	91823997	93697958	1392	-0.0029
EMMER_p_8TCGA_Mx_242_238_N_GenomeWideSNP_6_A08_1244840	11	93698060	93701588	8	-1.0599
EMMER_p_8TCGA_Mx_242_238_N_GenomeWideSNP_6_A08_1244840	11	93704460	134944770	29623	0.0022
EMMER_p_8TCGA_Mx_242_238_N_GenomeWideSNP_6_A08_1244840	12	150442	2314319	1347	0.0074
EMMER_p_8TCGA_Mx_242_238_N_GenomeWideSNP_6_A08_1244840	12	2314332	2315993	2	-1.7184
EMMER_p_8TCGA_Mx_242_238_N_GenomeWideSNP_6_A08_1244840	12	2316019	8357507	4198	0.0074
EMMER_p_8TCGA_Mx_242_238_N_GenomeWideSNP_6_A08_1244840	12	8362050	8378251	11	0.6158
EMMER_p_8TCGA_Mx_242_238_N_GenomeWideSNP_6_A08_1244840	12	8393828	9630556	641	0.0218
EMMER_p_8TCGA_Mx_242_238_N_GenomeWideSNP_6_A08_1244840	12	9633870	9728292	25	0.8117
EMMER_p_8TCGA_Mx_242_238_N_GenomeWideSNP_6_A08_1244840	12	9734969	11220827	1044	-0.0198
EMMER_p_8TCGA_Mx_242_238_N_GenomeWideSNP_6_A08_1244840	12	11222368	11241532	10	-1.4812
EMMER_p_8TCGA_Mx_242_238_N_GenomeWideSNP_6_A08_1244840	12	11251874	30235421	13279	0.0036
EMMER_p_8TCGA_Mx_242_238_N_GenomeWideSNP_6_A08_1244840	12	30235581	30243689	25	-0.5305
EMMER_p_8TCGA_Mx_242_238_N_GenomeWideSNP_6_A08_1244840	12	30243722	31999705	1317	0.0118
EMMER_p_8TCGA_Mx_242_238_N_GenomeWideSNP_6_A08_1244840	12	32002296	32068182	64	0.4144
EMMER_p_8TCGA_Mx_242_238_N_GenomeWideSNP_6_A08_1244840	12	32072546	133778189	63044	-1e-04
EMMER_p_8TCGA_Mx_242_238_N_GenomeWideSNP_6_A08_1244840	13	19026949	32532121	9638	3e-04
EMMER_p_8TCGA_Mx_242_238_N_GenomeWideSNP_6_A08_1244840	13	32532622	32538423	18	-0.7853
EMMER_p_8TCGA_Mx_242_238_N_GenomeWideSNP_6_A08_1244840	13	32540047	35155254	1974	0.0155
EMMER_p_8TCGA_Mx_242_238_N_GenomeWideSNP_6_A08_1244840	13	35157778	35158524	3	-1.1429
EMMER_p_8TCGA_Mx_242_238_N_GenomeWideSNP_6_A08_1244840	13	35160613	38070370	1928	-0.0075
EMMER_p_8TCGA_Mx_242_238_N_GenomeWideSNP_6_A08_1244840	13	38071135	38088330	18	0.6271
EMMER_p_8TCGA_Mx_242_238_N_GenomeWideSNP_6_A08_1244840	13	38088374	51545054	9116	0.0077
EMMER_p_8TCGA_Mx_242_238_N_GenomeWideSNP_6_A08_1244840	13	51546911	51549198	2	2.1643
EMMER_p_8TCGA_Mx_242_238_N_GenomeWideSNP_6_A08_1244840	13	51549557	57758626	3415	0.0141
EMMER_p_8TCGA_Mx_242_238_N_GenomeWideSNP_6_A08_1244840	13	57763147	57778368	28	-0.4976
EMMER_p_8TCGA_Mx_242_238_N_GenomeWideSNP_6_A08_1244840	13	57778380	115108397	38127	0.0054
EMMER_p_8TCGA_Mx_242_238_N_GenomeWideSNP_6_A08_1244840	14	19002124	19620051	46	0.1262
EMMER_p_8TCGA_Mx_242_238_N_GenomeWideSNP_6_A08_1244840	14	19660853	19693249	4	-1.52
EMMER_p_8TCGA_Mx_242_238_N_GenomeWideSNP_6_A08_1244840	14	19697885	86281403	42412	-7e-04
EMMER_p_8TCGA_Mx_242_238_N_GenomeWideSNP_6_A08_1244840	14	86283751	86312173	22	0.6079
EMMER_p_8TCGA_Mx_242_238_N_GenomeWideSNP_6_A08_1244840	14	86316135	106689549	12685	4e-04
EMMER_p_8TCGA_Mx_242_238_N_GenomeWideSNP_6_A08_1244840	14	106692797	106692904	2	2.0281
EMMER_p_8TCGA_Mx_242_238_N_GenomeWideSNP_6_A08_1244840	14	106693455	106868286	82	0.066
EMMER_p_8TCGA_Mx_242_238_N_GenomeWideSNP_6_A08_1244840	14	106868554	106918094	53	-0.48
EMMER_p_8TCGA_Mx_242_238_N_GenomeWideSNP_6_A08_1244840	14	106918108	107285437	225	-0.0063
EMMER_p_8TCGA_Mx_242_238_N_GenomeWideSNP_6_A08_1244840	15	20016328	20284066	58	-0.0433
EMMER_p_8TCGA_Mx_242_238_N_GenomeWideSNP_6_A08_1244840	15	20291313	22558425	355	-0.42
EMMER_p_8TCGA_Mx_242_238_N_GenomeWideSNP_6_A08_1244840	15	22560362	56789647	21147	5e-04
EMMER_p_8TCGA_Mx_242_238_N_GenomeWideSNP_6_A08_1244840	15	56790703	56800977	25	-0.7226
EMMER_p_8TCGA_Mx_242_238_N_GenomeWideSNP_6_A08_1244840	15	56801623	76878362	12746	-0.0062
EMMER_p_8TCGA_Mx_242_238_N_GenomeWideSNP_6_A08_1244840	15	76891241	76895775	22	0.6135
EMMER_p_8TCGA_Mx_242_238_N_GenomeWideSNP_6_A08_1244840	15	76902179	102469040	17672	-0.0021
EMMER_p_8TCGA_Mx_242_238_N_GenomeWideSNP_6_A08_1244840	16	60777	19944363	13514	-6e-04
EMMER_p_8TCGA_Mx_242_238_N_GenomeWideSNP_6_A08_1244840	16	19945650	19961957	22	-0.6623
EMMER_p_8TCGA_Mx_242_238_N_GenomeWideSNP_6_A08_1244840	16	19962989	34459037	6993	1e-04
EMMER_p_8TCGA_Mx_242_238_N_GenomeWideSNP_6_A08_1244840	16	34459527	34765093	174	0.4469
EMMER_p_8TCGA_Mx_242_238_N_GenomeWideSNP_6_A08_1244840	16	34765216	55796594	6608	-0.0064
EMMER_p_8TCGA_Mx_242_238_N_GenomeWideSNP_6_A08_1244840	16	55798222	55798762	2	-2.0596
EMMER_p_8TCGA_Mx_242_238_N_GenomeWideSNP_6_A08_1244840	16	55798779	90287535	25093	0.0013
EMMER_p_8TCGA_Mx_242_238_N_GenomeWideSNP_6_A08_1244840	17	526	39423014	20958	-0.0012
EMMER_p_8TCGA_Mx_242_238_N_GenomeWideSNP_6_A08_1244840	17	39423026	39430531	23	1.3221
EMMER_p_8TCGA_Mx_242_238_N_GenomeWideSNP_6_A08_1244840	17	39432724	81049726	24286	-0.0012
EMMER_p_8TCGA_Mx_242_238_N_GenomeWideSNP_6_A08_1244840	18	11543	57652749	36064	0.0036
EMMER_p_8TCGA_Mx_242_238_N_GenomeWideSNP_6_A08_1244840	18	57652795	57665024	42	0.4799
EMMER_p_8TCGA_Mx_242_238_N_GenomeWideSNP_6_A08_1244840	18	57668349	59148641	1036	-4e-04
EMMER_p_8TCGA_Mx_242_238_N_GenomeWideSNP_6_A08_1244840	18	59149459	59149710	2	-1.7931
EMMER_p_8TCGA_Mx_242_238_N_GenomeWideSNP_6_A08_1244840	18	59150601	62210898	2177	0.0073
EMMER_p_8TCGA_Mx_242_238_N_GenomeWideSNP_6_A08_1244840	18	62211626	62211946	2	-2.565
EMMER_p_8TCGA_Mx_242_238_N_GenomeWideSNP_6_A08_1244840	18	62217416	64959323	1871	0.0017
EMMER_p_8TCGA_Mx_242_238_N_GenomeWideSNP_6_A08_1244840	18	64959372	64967718	19	-0.6647
EMMER_p_8TCGA_Mx_242_238_N_GenomeWideSNP_6_A08_1244840	18	64967954	78015057	9584	0.0069
EMMER_p_8TCGA_Mx_242_238_N_GenomeWideSNP_6_A08_1244840	19	90910	12533259	4994	6e-04
EMMER_p_8TCGA_Mx_242_238_N_GenomeWideSNP_6_A08_1244840	19	12538765	12538882	2	-2.2638
EMMER_p_8TCGA_Mx_242_238_N_GenomeWideSNP_6_A08_1244840	19	12539599	15038939	1131	0.0017
EMMER_p_8TCGA_Mx_242_238_N_GenomeWideSNP_6_A08_1244840	19	15045192	15049299	3	-1.7759
EMMER_p_8TCGA_Mx_242_238_N_GenomeWideSNP_6_A08_1244840	19	15051287	43549014	14555	0.0067
EMMER_p_8TCGA_Mx_242_238_N_GenomeWideSNP_6_A08_1244840	19	43556843	43560376	3	1.5528
EMMER_p_8TCGA_Mx_242_238_N_GenomeWideSNP_6_A08_1244840	19	43561722	43716029	75	-0.0067
EMMER_p_8TCGA_Mx_242_238_N_GenomeWideSNP_6_A08_1244840	19	43716241	43756237	14	-0.8605
EMMER_p_8TCGA_Mx_242_238_N_GenomeWideSNP_6_A08_1244840	19	43766659	44905905	750	-0.0036
EMMER_p_8TCGA_Mx_242_238_N_GenomeWideSNP_6_A08_1244840	19	44906524	44906547	2	-1.9964
EMMER_p_8TCGA_Mx_242_238_N_GenomeWideSNP_6_A08_1244840	19	44906619	59097854	7802	9e-04
EMMER_p_8TCGA_Mx_242_238_N_GenomeWideSNP_6_A08_1244840	20	61305	52644868	34985	-8e-04
EMMER_p_8TCGA_Mx_242_238_N_GenomeWideSNP_6_A08_1244840	20	52647808	52658651	37	-0.4475
EMMER_p_8TCGA_Mx_242_238_N_GenomeWideSNP_6_A08_1244840	20	52662574	62956153	7456	1e-04
EMMER_p_8TCGA_Mx_242_238_N_GenomeWideSNP_6_A08_1244840	21	10736871	24176863	6847	-0.0052
EMMER_p_8TCGA_Mx_242_238_N_GenomeWideSNP_6_A08_1244840	21	24177840	24210783	21	-1.02
EMMER_p_8TCGA_Mx_242_238_N_GenomeWideSNP_6_A08_1244840	21	24211656	48096957	17532	-0.0011
EMMER_p_8TCGA_Mx_242_238_N_GenomeWideSNP_6_A08_1244840	22	16052528	16365495	45	-0.1275
EMMER_p_8TCGA_Mx_242_238_N_GenomeWideSNP_6_A08_1244840	22	16374972	16399151	9	-1.1189
EMMER_p_8TCGA_Mx_242_238_N_GenomeWideSNP_6_A08_1244840	22	16402835	25736672	5458	-0.0185
EMMER_p_8TCGA_Mx_242_238_N_GenomeWideSNP_6_A08_1244840	22	25736674	25736677	4	1.4436
EMMER_p_8TCGA_Mx_242_238_N_GenomeWideSNP_6_A08_1244840	22	25736678	51234455	18040	-9e-04
EMMER_p_8TCGA_Mx_242_238_N_GenomeWideSNP_6_A08_1244840	X	168477	56937181	32980	-0.0015
EMMER_p_8TCGA_Mx_242_238_N_GenomeWideSNP_6_A08_1244840	X	56941944	56956797	44	-0.7226
EMMER_p_8TCGA_Mx_242_238_N_GenomeWideSNP_6_A08_1244840	X	56968858	57711069	355	-0.0295
EMMER_p_8TCGA_Mx_242_238_N_GenomeWideSNP_6_A08_1244840	X	57716098	58561930	273	0.4819
EMMER_p_8TCGA_Mx_242_238_N_GenomeWideSNP_6_A08_1244840	X	61728829	148632178	47530	7e-04
EMMER_p_8TCGA_Mx_242_238_N_GenomeWideSNP_6_A08_1244840	X	148644546	148649547	8	-0.9564
EMMER_p_8TCGA_Mx_242_238_N_GenomeWideSNP_6_A08_1244840	X	148654489	148875597	85	-0.0936
EMMER_p_8TCGA_Mx_242_238_N_GenomeWideSNP_6_A08_1244840	X	148884281	149028760	66	0.452
EMMER_p_8TCGA_Mx_242_238_N_GenomeWideSNP_6_A08_1244840	X	149100327	155182354	3209	-0.0011
EMMER_p_8TCGA_Mx_242_238_N_GenomeWideSNP_6_A08_1244840	Y	2650438	6034777	833	-2.5428
EMMER_p_8TCGA_Mx_242_238_N_GenomeWideSNP_6_A08_1244840	Y	6035147	19570632	4824	-3.0175
EMMER_p_8TCGA_Mx_242_238_N_GenomeWideSNP_6_A08_1244840	Y	19571480	21025062	674	-3.5099
EMMER_p_8TCGA_Mx_242_238_N_GenomeWideSNP_6_A08_1244840	Y	21028957	24514859	1274	-3.0561
EMMER_p_8TCGA_Mx_242_238_N_GenomeWideSNP_6_A08_1244840	Y	24515802	27274970	494	-3.5423
EMMER_p_8TCGA_Mx_242_238_N_GenomeWideSNP_6_A08_1244840	Y	27298371	27720551	95	-2.6506
EMMER_p_8TCGA_Mx_242_238_N_GenomeWideSNP_6_A08_1244840	Y	27721084	28470990	269	-3.7197
EMMER_p_8TCGA_Mx_242_238_N_GenomeWideSNP_6_A08_1244840	Y	28476039	59018259	163	-2.706
