Sample	Chromosome	Start	End	Num_Probes	Segment_Mean
EMMER_p_8TCGA_Mx_242_238_N_GenomeWideSNP_6_B07_1244752	1	61735	72763370	43017	0.0072
EMMER_p_8TCGA_Mx_242_238_N_GenomeWideSNP_6_B07_1244752	1	72768418	72811148	46	2.3447
EMMER_p_8TCGA_Mx_242_238_N_GenomeWideSNP_6_B07_1244752	1	72811904	95126701	14435	0.0014
EMMER_p_8TCGA_Mx_242_238_N_GenomeWideSNP_6_B07_1244752	1	95130678	95152850	59	-0.8901
EMMER_p_8TCGA_Mx_242_238_N_GenomeWideSNP_6_B07_1244752	1	95155385	248709670	84857	0.003
EMMER_p_8TCGA_Mx_242_238_N_GenomeWideSNP_6_B07_1244752	1	248713868	248790288	33	-0.7251
EMMER_p_8TCGA_Mx_242_238_N_GenomeWideSNP_6_B07_1244752	1	248794464	249224388	150	0.0046
EMMER_p_8TCGA_Mx_242_238_N_GenomeWideSNP_6_B07_1244752	2	12784	6298140	4688	0.0321
EMMER_p_8TCGA_Mx_242_238_N_GenomeWideSNP_6_B07_1244752	2	6300037	6307850	31	-0.8884
EMMER_p_8TCGA_Mx_242_238_N_GenomeWideSNP_6_B07_1244752	2	6307875	34701583	19378	0.0082
EMMER_p_8TCGA_Mx_242_238_N_GenomeWideSNP_6_B07_1244752	2	34701625	34737057	43	0.7183
EMMER_p_8TCGA_Mx_242_238_N_GenomeWideSNP_6_B07_1244752	2	34737163	130761737	57061	0.0068
EMMER_p_8TCGA_Mx_242_238_N_GenomeWideSNP_6_B07_1244752	2	130761944	130820850	21	-0.7943
EMMER_p_8TCGA_Mx_242_238_N_GenomeWideSNP_6_B07_1244752	2	130823235	165611489	20712	0.008
EMMER_p_8TCGA_Mx_242_238_N_GenomeWideSNP_6_B07_1244752	2	165617128	165643647	22	-0.8963
EMMER_p_8TCGA_Mx_242_238_N_GenomeWideSNP_6_B07_1244752	2	165644545	215723306	30545	0.0117
EMMER_p_8TCGA_Mx_242_238_N_GenomeWideSNP_6_B07_1244752	2	215729750	215730821	2	-2.2918
EMMER_p_8TCGA_Mx_242_238_N_GenomeWideSNP_6_B07_1244752	2	215731190	227908314	8008	0.0095
EMMER_p_8TCGA_Mx_242_238_N_GenomeWideSNP_6_B07_1244752	2	227911585	227920474	11	-0.693
EMMER_p_8TCGA_Mx_242_238_N_GenomeWideSNP_6_B07_1244752	2	227921926	236117915	5214	0.0202
EMMER_p_8TCGA_Mx_242_238_N_GenomeWideSNP_6_B07_1244752	2	236119462	236119885	4	-1.1348
EMMER_p_8TCGA_Mx_242_238_N_GenomeWideSNP_6_B07_1244752	2	236121941	242958535	4115	0.0139
EMMER_p_8TCGA_Mx_242_238_N_GenomeWideSNP_6_B07_1244752	2	242958547	242958722	4	-1.3693
EMMER_p_8TCGA_Mx_242_238_N_GenomeWideSNP_6_B07_1244752	2	242958777	243089456	94	0.0682
EMMER_p_8TCGA_Mx_242_238_N_GenomeWideSNP_6_B07_1244752	3	60345	162508268	102916	4e-04
EMMER_p_8TCGA_Mx_242_238_N_GenomeWideSNP_6_B07_1244752	3	162512657	162628614	73	-1.5728
EMMER_p_8TCGA_Mx_242_238_N_GenomeWideSNP_6_B07_1244752	3	162628643	192877962	19176	-0.007
EMMER_p_8TCGA_Mx_242_238_N_GenomeWideSNP_6_B07_1244752	3	192878045	192879006	5	1.4364
EMMER_p_8TCGA_Mx_242_238_N_GenomeWideSNP_6_B07_1244752	3	192880473	194650585	1187	-0.0117
EMMER_p_8TCGA_Mx_242_238_N_GenomeWideSNP_6_B07_1244752	3	194651441	194669596	14	-0.6933
EMMER_p_8TCGA_Mx_242_238_N_GenomeWideSNP_6_B07_1244752	3	194673626	195285898	298	0.0132
EMMER_p_8TCGA_Mx_242_238_N_GenomeWideSNP_6_B07_1244752	3	195383142	195474182	46	-0.4154
EMMER_p_8TCGA_Mx_242_238_N_GenomeWideSNP_6_B07_1244752	3	195474763	197838578	1153	0.0069
EMMER_p_8TCGA_Mx_242_238_N_GenomeWideSNP_6_B07_1244752	3	197845216	197845919	4	-2.7567
EMMER_p_8TCGA_Mx_242_238_N_GenomeWideSNP_6_B07_1244752	3	197848102	197896118	16	-0.591
EMMER_p_8TCGA_Mx_242_238_N_GenomeWideSNP_6_B07_1244752	4	12281	10210390	5799	0.0134
EMMER_p_8TCGA_Mx_242_238_N_GenomeWideSNP_6_B07_1244752	4	10214160	10231498	29	1.1366
EMMER_p_8TCGA_Mx_242_238_N_GenomeWideSNP_6_B07_1244752	4	10234214	69260073	36493	3e-04
EMMER_p_8TCGA_Mx_242_238_N_GenomeWideSNP_6_B07_1244752	4	69260551	69489335	89	-0.4816
EMMER_p_8TCGA_Mx_242_238_N_GenomeWideSNP_6_B07_1244752	4	69505115	151876351	49415	0.002
EMMER_p_8TCGA_Mx_242_238_N_GenomeWideSNP_6_B07_1244752	4	151876406	151884310	24	-0.6949
EMMER_p_8TCGA_Mx_242_238_N_GenomeWideSNP_6_B07_1244752	4	151886127	155802548	2420	0.0114
EMMER_p_8TCGA_Mx_242_238_N_GenomeWideSNP_6_B07_1244752	4	155803005	155803057	2	-2.6365
EMMER_p_8TCGA_Mx_242_238_N_GenomeWideSNP_6_B07_1244752	4	155803078	158727028	1958	-7e-04
EMMER_p_8TCGA_Mx_242_238_N_GenomeWideSNP_6_B07_1244752	4	158729437	158731374	11	-0.7739
EMMER_p_8TCGA_Mx_242_238_N_GenomeWideSNP_6_B07_1244752	4	158736449	171264991	7951	2e-04
EMMER_p_8TCGA_Mx_242_238_N_GenomeWideSNP_6_B07_1244752	4	171267944	171273158	8	-1.1392
EMMER_p_8TCGA_Mx_242_238_N_GenomeWideSNP_6_B07_1244752	4	171274014	172987928	1092	0.0151
EMMER_p_8TCGA_Mx_242_238_N_GenomeWideSNP_6_B07_1244752	4	172989148	172989533	12	-1.7193
EMMER_p_8TCGA_Mx_242_238_N_GenomeWideSNP_6_B07_1244752	4	172995979	180755636	4837	-0.0046
EMMER_p_8TCGA_Mx_242_238_N_GenomeWideSNP_6_B07_1244752	4	180758079	180811674	45	-0.9626
EMMER_p_8TCGA_Mx_242_238_N_GenomeWideSNP_6_B07_1244752	4	180812579	191027923	7234	0.0025
EMMER_p_8TCGA_Mx_242_238_N_GenomeWideSNP_6_B07_1244752	5	15532	17491212	13396	0.0074
EMMER_p_8TCGA_Mx_242_238_N_GenomeWideSNP_6_B07_1244752	5	17491441	17515801	17	-0.9815
EMMER_p_8TCGA_Mx_242_238_N_GenomeWideSNP_6_B07_1244752	5	17601553	21376844	2309	-0.0021
EMMER_p_8TCGA_Mx_242_238_N_GenomeWideSNP_6_B07_1244752	5	21377839	21377853	2	-2.1552
EMMER_p_8TCGA_Mx_242_238_N_GenomeWideSNP_6_B07_1244752	5	21386066	46191884	15046	0.001
EMMER_p_8TCGA_Mx_242_238_N_GenomeWideSNP_6_B07_1244752	5	46195883	46199435	4	-1.2603
EMMER_p_8TCGA_Mx_242_238_N_GenomeWideSNP_6_B07_1244752	5	46209299	46251306	13	-0.0204
EMMER_p_8TCGA_Mx_242_238_N_GenomeWideSNP_6_B07_1244752	5	46271008	46273502	8	0.9142
EMMER_p_8TCGA_Mx_242_238_N_GenomeWideSNP_6_B07_1244752	5	46278212	57321646	5075	1e-04
EMMER_p_8TCGA_Mx_242_238_N_GenomeWideSNP_6_B07_1244752	5	57326027	57332275	21	-0.7262
EMMER_p_8TCGA_Mx_242_238_N_GenomeWideSNP_6_B07_1244752	5	57332291	62700676	3529	-0.0011
EMMER_p_8TCGA_Mx_242_238_N_GenomeWideSNP_6_B07_1244752	5	62702356	62705755	2	-2.494
EMMER_p_8TCGA_Mx_242_238_N_GenomeWideSNP_6_B07_1244752	5	62707398	150202205	53145	-1e-04
EMMER_p_8TCGA_Mx_242_238_N_GenomeWideSNP_6_B07_1244752	5	150205500	150218604	8	-2.818
EMMER_p_8TCGA_Mx_242_238_N_GenomeWideSNP_6_B07_1244752	5	150223387	175405750	17730	0.0032
EMMER_p_8TCGA_Mx_242_238_N_GenomeWideSNP_6_B07_1244752	5	175416124	175426693	3	1.2472
EMMER_p_8TCGA_Mx_242_238_N_GenomeWideSNP_6_B07_1244752	5	175431575	177197955	734	0.0199
EMMER_p_8TCGA_Mx_242_238_N_GenomeWideSNP_6_B07_1244752	5	177198449	177232605	4	1.5659
EMMER_p_8TCGA_Mx_242_238_N_GenomeWideSNP_6_B07_1244752	5	177254965	180790320	2003	0.0276
EMMER_p_8TCGA_Mx_242_238_N_GenomeWideSNP_6_B07_1244752	6	149661	29837188	21732	0.0049
EMMER_p_8TCGA_Mx_242_238_N_GenomeWideSNP_6_B07_1244752	6	29837314	29849267	14	-1.1115
EMMER_p_8TCGA_Mx_242_238_N_GenomeWideSNP_6_B07_1244752	6	29850196	31273703	670	0.0083
EMMER_p_8TCGA_Mx_242_238_N_GenomeWideSNP_6_B07_1244752	6	31277686	31296451	13	-0.9222
EMMER_p_8TCGA_Mx_242_238_N_GenomeWideSNP_6_B07_1244752	6	31309924	32481987	517	0.0117
EMMER_p_8TCGA_Mx_242_238_N_GenomeWideSNP_6_B07_1244752	6	32482969	32573771	24	-0.7805
EMMER_p_8TCGA_Mx_242_238_N_GenomeWideSNP_6_B07_1244752	6	32574014	65336942	18130	-0.0033
EMMER_p_8TCGA_Mx_242_238_N_GenomeWideSNP_6_B07_1244752	6	65347544	65348992	2	-2.7869
EMMER_p_8TCGA_Mx_242_238_N_GenomeWideSNP_6_B07_1244752	6	65350776	70173296	3300	-0.0017
EMMER_p_8TCGA_Mx_242_238_N_GenomeWideSNP_6_B07_1244752	6	70178460	70182136	3	-1.7292
EMMER_p_8TCGA_Mx_242_238_N_GenomeWideSNP_6_B07_1244752	6	70186272	74591858	2856	0.0021
EMMER_p_8TCGA_Mx_242_238_N_GenomeWideSNP_6_B07_1244752	6	74592225	74594563	5	1.0144
EMMER_p_8TCGA_Mx_242_238_N_GenomeWideSNP_6_B07_1244752	6	74594734	74603619	8	0.5543
EMMER_p_8TCGA_Mx_242_238_N_GenomeWideSNP_6_B07_1244752	6	74603719	78972776	2776	-0.0105
EMMER_p_8TCGA_Mx_242_238_N_GenomeWideSNP_6_B07_1244752	6	78972796	79035185	98	0.2691
EMMER_p_8TCGA_Mx_242_238_N_GenomeWideSNP_6_B07_1244752	6	79039234	126182763	29413	-0.0044
EMMER_p_8TCGA_Mx_242_238_N_GenomeWideSNP_6_B07_1244752	6	126183692	126186776	3	-2.3288
EMMER_p_8TCGA_Mx_242_238_N_GenomeWideSNP_6_B07_1244752	6	126188893	171051005	30322	0.001
EMMER_p_8TCGA_Mx_242_238_N_GenomeWideSNP_6_B07_1244752	7	43355	4416948	2300	0.0102
EMMER_p_8TCGA_Mx_242_238_N_GenomeWideSNP_6_B07_1244752	7	4416972	4418827	5	-1.2828
EMMER_p_8TCGA_Mx_242_238_N_GenomeWideSNP_6_B07_1244752	7	4418872	26132290	16558	-0.01
EMMER_p_8TCGA_Mx_242_238_N_GenomeWideSNP_6_B07_1244752	7	26142392	26145413	4	-3.7015
EMMER_p_8TCGA_Mx_242_238_N_GenomeWideSNP_6_B07_1244752	7	26147219	48516632	15375	0.0033
EMMER_p_8TCGA_Mx_242_238_N_GenomeWideSNP_6_B07_1244752	7	48517520	48521030	3	-1.7742
EMMER_p_8TCGA_Mx_242_238_N_GenomeWideSNP_6_B07_1244752	7	48523876	53213312	3446	-0.0017
EMMER_p_8TCGA_Mx_242_238_N_GenomeWideSNP_6_B07_1244752	7	53213353	53222714	14	-0.952
EMMER_p_8TCGA_Mx_242_238_N_GenomeWideSNP_6_B07_1244752	7	53224225	141186447	49362	-0.001
EMMER_p_8TCGA_Mx_242_238_N_GenomeWideSNP_6_B07_1244752	7	141187821	141188030	2	-2.5809
EMMER_p_8TCGA_Mx_242_238_N_GenomeWideSNP_6_B07_1244752	7	141191544	143873952	1650	-0.0047
EMMER_p_8TCGA_Mx_242_238_N_GenomeWideSNP_6_B07_1244752	7	143896252	144066947	44	0.4089
EMMER_p_8TCGA_Mx_242_238_N_GenomeWideSNP_6_B07_1244752	7	144074929	154389895	6443	0.006
EMMER_p_8TCGA_Mx_242_238_N_GenomeWideSNP_6_B07_1244752	7	154393171	154397079	3	-2.6416
EMMER_p_8TCGA_Mx_242_238_N_GenomeWideSNP_6_B07_1244752	7	154399613	159127004	3247	0.0325
EMMER_p_8TCGA_Mx_242_238_N_GenomeWideSNP_6_B07_1244752	8	31254	594973	329	0.0359
EMMER_p_8TCGA_Mx_242_238_N_GenomeWideSNP_6_B07_1244752	8	595220	595875	6	1.1939
EMMER_p_8TCGA_Mx_242_238_N_GenomeWideSNP_6_B07_1244752	8	595892	595908	2	4.5286
EMMER_p_8TCGA_Mx_242_238_N_GenomeWideSNP_6_B07_1244752	8	601043	2322801	1427	-0.0148
EMMER_p_8TCGA_Mx_242_238_N_GenomeWideSNP_6_B07_1244752	8	2330767	2339651	2	1.9234
EMMER_p_8TCGA_Mx_242_238_N_GenomeWideSNP_6_B07_1244752	8	2343530	7024567	6047	0.0038
EMMER_p_8TCGA_Mx_242_238_N_GenomeWideSNP_6_B07_1244752	8	7029990	7238019	37	-0.8794
EMMER_p_8TCGA_Mx_242_238_N_GenomeWideSNP_6_B07_1244752	8	7250380	9396185	1483	9e-04
EMMER_p_8TCGA_Mx_242_238_N_GenomeWideSNP_6_B07_1244752	8	9396459	9396649	2	-2.6285
EMMER_p_8TCGA_Mx_242_238_N_GenomeWideSNP_6_B07_1244752	8	9397338	16197191	5542	-0.0019
EMMER_p_8TCGA_Mx_242_238_N_GenomeWideSNP_6_B07_1244752	8	16206954	16207123	8	-1.5775
EMMER_p_8TCGA_Mx_242_238_N_GenomeWideSNP_6_B07_1244752	8	16212084	20310668	3668	8e-04
EMMER_p_8TCGA_Mx_242_238_N_GenomeWideSNP_6_B07_1244752	8	20311130	20311216	3	-1.4447
EMMER_p_8TCGA_Mx_242_238_N_GenomeWideSNP_6_B07_1244752	8	20311733	23402308	2128	0.0078
EMMER_p_8TCGA_Mx_242_238_N_GenomeWideSNP_6_B07_1244752	8	23407740	23407871	5	-3.9249
EMMER_p_8TCGA_Mx_242_238_N_GenomeWideSNP_6_B07_1244752	8	23407905	24972187	1139	-0.0027
EMMER_p_8TCGA_Mx_242_238_N_GenomeWideSNP_6_B07_1244752	8	24974443	24991104	28	0.6838
EMMER_p_8TCGA_Mx_242_238_N_GenomeWideSNP_6_B07_1244752	8	24991127	39230659	9032	0.008
EMMER_p_8TCGA_Mx_242_238_N_GenomeWideSNP_6_B07_1244752	8	39235603	39384124	55	0.5069
EMMER_p_8TCGA_Mx_242_238_N_GenomeWideSNP_6_B07_1244752	8	39384700	41288832	1388	-0.0052
EMMER_p_8TCGA_Mx_242_238_N_GenomeWideSNP_6_B07_1244752	8	41289563	41294407	2	-2.3221
EMMER_p_8TCGA_Mx_242_238_N_GenomeWideSNP_6_B07_1244752	8	41294426	112291494	40639	-0.0022
EMMER_p_8TCGA_Mx_242_238_N_GenomeWideSNP_6_B07_1244752	8	112294279	112300281	10	1.1457
EMMER_p_8TCGA_Mx_242_238_N_GenomeWideSNP_6_B07_1244752	8	112301252	122309751	6381	4e-04
EMMER_p_8TCGA_Mx_242_238_N_GenomeWideSNP_6_B07_1244752	8	122317060	122427355	72	0.3644
EMMER_p_8TCGA_Mx_242_238_N_GenomeWideSNP_6_B07_1244752	8	122437383	123061468	424	5e-04
EMMER_p_8TCGA_Mx_242_238_N_GenomeWideSNP_6_B07_1244752	8	123062194	123070274	13	-0.5321
EMMER_p_8TCGA_Mx_242_238_N_GenomeWideSNP_6_B07_1244752	8	123070290	140254844	13028	0.0012
EMMER_p_8TCGA_Mx_242_238_N_GenomeWideSNP_6_B07_1244752	8	140258252	140259197	5	-1.0818
EMMER_p_8TCGA_Mx_242_238_N_GenomeWideSNP_6_B07_1244752	8	140259420	140283593	25	-0.0574
EMMER_p_8TCGA_Mx_242_238_N_GenomeWideSNP_6_B07_1244752	8	140284674	140284954	3	-1.412
EMMER_p_8TCGA_Mx_242_238_N_GenomeWideSNP_6_B07_1244752	8	140286906	146298155	2982	0.0259
EMMER_p_8TCGA_Mx_242_238_N_GenomeWideSNP_6_B07_1244752	9	46587	41985187	31333	-0.0025
EMMER_p_8TCGA_Mx_242_238_N_GenomeWideSNP_6_B07_1244752	9	42023107	42065266	4	-2.0798
EMMER_p_8TCGA_Mx_242_238_N_GenomeWideSNP_6_B07_1244752	9	42065343	45448614	182	0.0325
EMMER_p_8TCGA_Mx_242_238_N_GenomeWideSNP_6_B07_1244752	9	45448944	45749018	16	-0.8383
EMMER_p_8TCGA_Mx_242_238_N_GenomeWideSNP_6_B07_1244752	9	45749108	68183981	103	0.1156
EMMER_p_8TCGA_Mx_242_238_N_GenomeWideSNP_6_B07_1244752	9	68186051	68186059	5	2.963
EMMER_p_8TCGA_Mx_242_238_N_GenomeWideSNP_6_B07_1244752	9	68188340	74256853	2787	-0.0034
EMMER_p_8TCGA_Mx_242_238_N_GenomeWideSNP_6_B07_1244752	9	74256898	74258824	17	-0.7457
EMMER_p_8TCGA_Mx_242_238_N_GenomeWideSNP_6_B07_1244752	9	74262200	76068012	1147	-0.0092
EMMER_p_8TCGA_Mx_242_238_N_GenomeWideSNP_6_B07_1244752	9	76068462	76088831	12	-0.9544
EMMER_p_8TCGA_Mx_242_238_N_GenomeWideSNP_6_B07_1244752	9	76091580	81237607	3720	-0.0019
EMMER_p_8TCGA_Mx_242_238_N_GenomeWideSNP_6_B07_1244752	9	81240595	81241721	2	-1.7122
EMMER_p_8TCGA_Mx_242_238_N_GenomeWideSNP_6_B07_1244752	9	81242014	82980562	1298	0.0097
EMMER_p_8TCGA_Mx_242_238_N_GenomeWideSNP_6_B07_1244752	9	82982395	82984491	6	-1.4266
EMMER_p_8TCGA_Mx_242_238_N_GenomeWideSNP_6_B07_1244752	9	82985726	141091394	39231	0.0015
EMMER_p_8TCGA_Mx_242_238_N_GenomeWideSNP_6_B07_1244752	10	72809	5185582	4433	0.0174
EMMER_p_8TCGA_Mx_242_238_N_GenomeWideSNP_6_B07_1244752	10	5189162	5198125	4	-1.6577
EMMER_p_8TCGA_Mx_242_238_N_GenomeWideSNP_6_B07_1244752	10	5199934	24375263	14785	0
EMMER_p_8TCGA_Mx_242_238_N_GenomeWideSNP_6_B07_1244752	10	24377674	24378054	11	1.0821
EMMER_p_8TCGA_Mx_242_238_N_GenomeWideSNP_6_B07_1244752	10	24378908	27223903	1993	-0.004
EMMER_p_8TCGA_Mx_242_238_N_GenomeWideSNP_6_B07_1244752	10	27225904	27228473	13	0.5798
EMMER_p_8TCGA_Mx_242_238_N_GenomeWideSNP_6_B07_1244752	10	27229993	47099260	10447	2e-04
EMMER_p_8TCGA_Mx_242_238_N_GenomeWideSNP_6_B07_1244752	10	47099529	47099869	3	-1.6105
EMMER_p_8TCGA_Mx_242_238_N_GenomeWideSNP_6_B07_1244752	10	47100656	48736766	527	0.0218
EMMER_p_8TCGA_Mx_242_238_N_GenomeWideSNP_6_B07_1244752	10	48771950	48837810	2	-2.0618
EMMER_p_8TCGA_Mx_242_238_N_GenomeWideSNP_6_B07_1244752	10	48840627	124334013	50885	0.0024
EMMER_p_8TCGA_Mx_242_238_N_GenomeWideSNP_6_B07_1244752	10	124341534	124383013	11	0.773
EMMER_p_8TCGA_Mx_242_238_N_GenomeWideSNP_6_B07_1244752	10	124383269	135506704	7913	0.0053
EMMER_p_8TCGA_Mx_242_238_N_GenomeWideSNP_6_B07_1244752	11	198510	4967650	2476	0.0174
EMMER_p_8TCGA_Mx_242_238_N_GenomeWideSNP_6_B07_1244752	11	4968117	4976389	34	1.2998
EMMER_p_8TCGA_Mx_242_238_N_GenomeWideSNP_6_B07_1244752	11	4976493	5871523	893	0.0133
EMMER_p_8TCGA_Mx_242_238_N_GenomeWideSNP_6_B07_1244752	11	5872237	5883317	7	-2.8052
EMMER_p_8TCGA_Mx_242_238_N_GenomeWideSNP_6_B07_1244752	11	5885711	12191661	4725	0.0112
EMMER_p_8TCGA_Mx_242_238_N_GenomeWideSNP_6_B07_1244752	11	12192471	12205278	18	-0.995
EMMER_p_8TCGA_Mx_242_238_N_GenomeWideSNP_6_B07_1244752	11	12209094	38457948	18917	-0.0013
EMMER_p_8TCGA_Mx_242_238_N_GenomeWideSNP_6_B07_1244752	11	38457984	38463187	16	-0.8418
EMMER_p_8TCGA_Mx_242_238_N_GenomeWideSNP_6_B07_1244752	11	38467336	48598422	6321	-9e-04
EMMER_p_8TCGA_Mx_242_238_N_GenomeWideSNP_6_B07_1244752	11	48601434	48602676	2	-1.9722
EMMER_p_8TCGA_Mx_242_238_N_GenomeWideSNP_6_B07_1244752	11	48606318	48705843	40	0.0602
EMMER_p_8TCGA_Mx_242_238_N_GenomeWideSNP_6_B07_1244752	11	48709728	48714075	8	0.8789
EMMER_p_8TCGA_Mx_242_238_N_GenomeWideSNP_6_B07_1244752	11	48721756	51557735	932	-0.0175
EMMER_p_8TCGA_Mx_242_238_N_GenomeWideSNP_6_B07_1244752	11	51563319	51564171	3	-1.8449
EMMER_p_8TCGA_Mx_242_238_N_GenomeWideSNP_6_B07_1244752	11	51564427	58809997	2375	-0.0025
EMMER_p_8TCGA_Mx_242_238_N_GenomeWideSNP_6_B07_1244752	11	58811241	58853765	22	0.4525
EMMER_p_8TCGA_Mx_242_238_N_GenomeWideSNP_6_B07_1244752	11	58855019	81498805	12517	0.0046
EMMER_p_8TCGA_Mx_242_238_N_GenomeWideSNP_6_B07_1244752	11	81503468	81517158	11	-0.6972
EMMER_p_8TCGA_Mx_242_238_N_GenomeWideSNP_6_B07_1244752	11	81522632	134609393	37482	0.0059
EMMER_p_8TCGA_Mx_242_238_N_GenomeWideSNP_6_B07_1244752	11	134609557	134609566	2	-2.0744
EMMER_p_8TCGA_Mx_242_238_N_GenomeWideSNP_6_B07_1244752	11	134609942	134944770	277	0.0642
EMMER_p_8TCGA_Mx_242_238_N_GenomeWideSNP_6_B07_1244752	12	150442	8442285	5575	0.0081
EMMER_p_8TCGA_Mx_242_238_N_GenomeWideSNP_6_B07_1244752	12	8449112	8449217	2	2.2129
EMMER_p_8TCGA_Mx_242_238_N_GenomeWideSNP_6_B07_1244752	12	8453466	9633870	625	3e-04
EMMER_p_8TCGA_Mx_242_238_N_GenomeWideSNP_6_B07_1244752	12	9637909	9715565	23	-1.708
EMMER_p_8TCGA_Mx_242_238_N_GenomeWideSNP_6_B07_1244752	12	9728292	10578777	634	0.0039
EMMER_p_8TCGA_Mx_242_238_N_GenomeWideSNP_6_B07_1244752	12	10580460	10595806	6	-1.571
EMMER_p_8TCGA_Mx_242_238_N_GenomeWideSNP_6_B07_1244752	12	10596720	21640314	7430	-0.0031
EMMER_p_8TCGA_Mx_242_238_N_GenomeWideSNP_6_B07_1244752	12	21641583	21641693	2	-1.8924
EMMER_p_8TCGA_Mx_242_238_N_GenomeWideSNP_6_B07_1244752	12	21643223	59655378	22185	6e-04
EMMER_p_8TCGA_Mx_242_238_N_GenomeWideSNP_6_B07_1244752	12	59659871	60000135	180	0.8758
EMMER_p_8TCGA_Mx_242_238_N_GenomeWideSNP_6_B07_1244752	12	60004037	133778189	48354	0.0065
EMMER_p_8TCGA_Mx_242_238_N_GenomeWideSNP_6_B07_1244752	13	19026949	38071135	13561	0.0054
EMMER_p_8TCGA_Mx_242_238_N_GenomeWideSNP_6_B07_1244752	13	38072036	38084757	16	0.748
EMMER_p_8TCGA_Mx_242_238_N_GenomeWideSNP_6_B07_1244752	13	38088330	57751096	12531	0.002
EMMER_p_8TCGA_Mx_242_238_N_GenomeWideSNP_6_B07_1244752	13	57758270	57778368	33	-2.2282
EMMER_p_8TCGA_Mx_242_238_N_GenomeWideSNP_6_B07_1244752	13	57778380	63553646	3419	-0.0049
EMMER_p_8TCGA_Mx_242_238_N_GenomeWideSNP_6_B07_1244752	13	63554051	63554063	2	-2.8397
EMMER_p_8TCGA_Mx_242_238_N_GenomeWideSNP_6_B07_1244752	13	63556791	72804900	5863	-0.0079
EMMER_p_8TCGA_Mx_242_238_N_GenomeWideSNP_6_B07_1244752	13	72808482	72809428	2	-3.4194
EMMER_p_8TCGA_Mx_242_238_N_GenomeWideSNP_6_B07_1244752	13	72813062	76105605	2381	0.004
EMMER_p_8TCGA_Mx_242_238_N_GenomeWideSNP_6_B07_1244752	13	76109536	76117768	11	1.0836
EMMER_p_8TCGA_Mx_242_238_N_GenomeWideSNP_6_B07_1244752	13	76120628	85874149	6384	-0.0022
EMMER_p_8TCGA_Mx_242_238_N_GenomeWideSNP_6_B07_1244752	13	85875591	85883895	6	-1.0509
EMMER_p_8TCGA_Mx_242_238_N_GenomeWideSNP_6_B07_1244752	13	85884183	115108397	20051	0.0033
EMMER_p_8TCGA_Mx_242_238_N_GenomeWideSNP_6_B07_1244752	14	19002124	20423372	190	-0.3104
EMMER_p_8TCGA_Mx_242_238_N_GenomeWideSNP_6_B07_1244752	14	20424926	33174285	8067	-0.0093
EMMER_p_8TCGA_Mx_242_238_N_GenomeWideSNP_6_B07_1244752	14	33175822	33177952	5	-1.1942
EMMER_p_8TCGA_Mx_242_238_N_GenomeWideSNP_6_B07_1244752	14	33183958	40608928	4832	-8e-04
EMMER_p_8TCGA_Mx_242_238_N_GenomeWideSNP_6_B07_1244752	14	40613922	40616919	2	1.678
EMMER_p_8TCGA_Mx_242_238_N_GenomeWideSNP_6_B07_1244752	14	40618165	44599448	2520	-0.0085
EMMER_p_8TCGA_Mx_242_238_N_GenomeWideSNP_6_B07_1244752	14	44600108	44600227	2	-2.0242
EMMER_p_8TCGA_Mx_242_238_N_GenomeWideSNP_6_B07_1244752	14	44608583	73995774	18671	0.0011
EMMER_p_8TCGA_Mx_242_238_N_GenomeWideSNP_6_B07_1244752	14	74001123	74020979	9	1.0616
EMMER_p_8TCGA_Mx_242_238_N_GenomeWideSNP_6_B07_1244752	14	74029900	100420996	18113	0.0032
EMMER_p_8TCGA_Mx_242_238_N_GenomeWideSNP_6_B07_1244752	14	100428419	100429216	2	-2.6209
EMMER_p_8TCGA_Mx_242_238_N_GenomeWideSNP_6_B07_1244752	14	100431456	106796228	2806	4e-04
EMMER_p_8TCGA_Mx_242_238_N_GenomeWideSNP_6_B07_1244752	14	106796697	106802053	5	-1.3558
EMMER_p_8TCGA_Mx_242_238_N_GenomeWideSNP_6_B07_1244752	14	106815943	107285437	308	0.0642
EMMER_p_8TCGA_Mx_242_238_N_GenomeWideSNP_6_B07_1244752	15	20016328	20247155	52	-0.0855
EMMER_p_8TCGA_Mx_242_238_N_GenomeWideSNP_6_B07_1244752	15	20262236	20852119	110	-0.4675
EMMER_p_8TCGA_Mx_242_238_N_GenomeWideSNP_6_B07_1244752	15	20853092	22285769	148	-0.8885
EMMER_p_8TCGA_Mx_242_238_N_GenomeWideSNP_6_B07_1244752	15	22287270	23266351	418	-0.0214
EMMER_p_8TCGA_Mx_242_238_N_GenomeWideSNP_6_B07_1244752	15	23277448	23487546	13	-0.8955
EMMER_p_8TCGA_Mx_242_238_N_GenomeWideSNP_6_B07_1244752	15	23641514	25058590	936	-9e-04
EMMER_p_8TCGA_Mx_242_238_N_GenomeWideSNP_6_B07_1244752	15	25069555	25079015	19	-0.7461
EMMER_p_8TCGA_Mx_242_238_N_GenomeWideSNP_6_B07_1244752	15	25083170	30370031	3403	0.0196
EMMER_p_8TCGA_Mx_242_238_N_GenomeWideSNP_6_B07_1244752	15	30386411	30821758	109	-1.0311
EMMER_p_8TCGA_Mx_242_238_N_GenomeWideSNP_6_B07_1244752	15	30887956	32444055	1052	0.0122
EMMER_p_8TCGA_Mx_242_238_N_GenomeWideSNP_6_B07_1244752	15	32460887	32857412	64	-0.6242
EMMER_p_8TCGA_Mx_242_238_N_GenomeWideSNP_6_B07_1244752	15	32857482	33798786	784	0.0017
EMMER_p_8TCGA_Mx_242_238_N_GenomeWideSNP_6_B07_1244752	15	33800495	33800903	2	-2.0836
EMMER_p_8TCGA_Mx_242_238_N_GenomeWideSNP_6_B07_1244752	15	33801207	76891627	27227	-0.0011
EMMER_p_8TCGA_Mx_242_238_N_GenomeWideSNP_6_B07_1244752	15	76891741	76895775	19	0.8375
EMMER_p_8TCGA_Mx_242_238_N_GenomeWideSNP_6_B07_1244752	15	76902179	102469040	17672	-5e-04
EMMER_p_8TCGA_Mx_242_238_N_GenomeWideSNP_6_B07_1244752	16	60777	32253248	20097	0.0056
EMMER_p_8TCGA_Mx_242_238_N_GenomeWideSNP_6_B07_1244752	16	32280234	33101604	134	0.4516
EMMER_p_8TCGA_Mx_242_238_N_GenomeWideSNP_6_B07_1244752	16	33241953	34466571	303	0.0129
EMMER_p_8TCGA_Mx_242_238_N_GenomeWideSNP_6_B07_1244752	16	34470704	34755566	167	0.4883
EMMER_p_8TCGA_Mx_242_238_N_GenomeWideSNP_6_B07_1244752	16	34757071	55796594	6607	-9e-04
EMMER_p_8TCGA_Mx_242_238_N_GenomeWideSNP_6_B07_1244752	16	55798222	55798779	3	2.3431
EMMER_p_8TCGA_Mx_242_238_N_GenomeWideSNP_6_B07_1244752	16	55804348	90287535	25089	0.0034
EMMER_p_8TCGA_Mx_242_238_N_GenomeWideSNP_6_B07_1244752	17	526	2311629	1158	0.0259
EMMER_p_8TCGA_Mx_242_238_N_GenomeWideSNP_6_B07_1244752	17	2312354	2312374	4	1.5968
EMMER_p_8TCGA_Mx_242_238_N_GenomeWideSNP_6_B07_1244752	17	2316528	9940674	4601	0.0061
EMMER_p_8TCGA_Mx_242_238_N_GenomeWideSNP_6_B07_1244752	17	9943679	9946848	3	-1.5875
EMMER_p_8TCGA_Mx_242_238_N_GenomeWideSNP_6_B07_1244752	17	9947503	16617186	4731	-9e-04
EMMER_p_8TCGA_Mx_242_238_N_GenomeWideSNP_6_B07_1244752	17	16621758	16632654	3	-1.7571
EMMER_p_8TCGA_Mx_242_238_N_GenomeWideSNP_6_B07_1244752	17	16653134	18364842	942	0.0118
EMMER_p_8TCGA_Mx_242_238_N_GenomeWideSNP_6_B07_1244752	17	18365945	18426461	14	0.559
EMMER_p_8TCGA_Mx_242_238_N_GenomeWideSNP_6_B07_1244752	17	18433078	19497890	385	-0.0258
EMMER_p_8TCGA_Mx_242_238_N_GenomeWideSNP_6_B07_1244752	17	19499736	19524751	27	-0.7455
EMMER_p_8TCGA_Mx_242_238_N_GenomeWideSNP_6_B07_1244752	17	19535006	39380430	9071	0.0036
EMMER_p_8TCGA_Mx_242_238_N_GenomeWideSNP_6_B07_1244752	17	39387560	39393769	5	-1.1767
EMMER_p_8TCGA_Mx_242_238_N_GenomeWideSNP_6_B07_1244752	17	39395856	39421708	12	0.1756
EMMER_p_8TCGA_Mx_242_238_N_GenomeWideSNP_6_B07_1244752	17	39423014	39430531	24	2.2643
EMMER_p_8TCGA_Mx_242_238_N_GenomeWideSNP_6_B07_1244752	17	39432724	39522495	104	0.0244
EMMER_p_8TCGA_Mx_242_238_N_GenomeWideSNP_6_B07_1244752	17	39526309	39527264	8	0.8086
EMMER_p_8TCGA_Mx_242_238_N_GenomeWideSNP_6_B07_1244752	17	39527315	44166455	2402	0.0127
EMMER_p_8TCGA_Mx_242_238_N_GenomeWideSNP_6_B07_1244752	17	44166500	44788194	175	-0.3258
EMMER_p_8TCGA_Mx_242_238_N_GenomeWideSNP_6_B07_1244752	17	44789285	81049726	21599	0.0025
EMMER_p_8TCGA_Mx_242_238_N_GenomeWideSNP_6_B07_1244752	18	11543	63762300	40415	0.0024
EMMER_p_8TCGA_Mx_242_238_N_GenomeWideSNP_6_B07_1244752	18	63767140	63767922	3	-2.62
EMMER_p_8TCGA_Mx_242_238_N_GenomeWideSNP_6_B07_1244752	18	63775595	64245496	339	0.016
EMMER_p_8TCGA_Mx_242_238_N_GenomeWideSNP_6_B07_1244752	18	64245718	64251623	2	-1.8894
EMMER_p_8TCGA_Mx_242_238_N_GenomeWideSNP_6_B07_1244752	18	64252801	78015057	10034	0.0125
EMMER_p_8TCGA_Mx_242_238_N_GenomeWideSNP_6_B07_1244752	19	90910	44902381	21536	0.0082
EMMER_p_8TCGA_Mx_242_238_N_GenomeWideSNP_6_B07_1244752	19	44905905	44906547	3	-1.9041
EMMER_p_8TCGA_Mx_242_238_N_GenomeWideSNP_6_B07_1244752	19	44906619	53312487	4214	0.008
EMMER_p_8TCGA_Mx_242_238_N_GenomeWideSNP_6_B07_1244752	19	53316340	53319159	3	-1.4436
EMMER_p_8TCGA_Mx_242_238_N_GenomeWideSNP_6_B07_1244752	19	53327390	53929764	465	0.0326
EMMER_p_8TCGA_Mx_242_238_N_GenomeWideSNP_6_B07_1244752	19	53930317	53938988	4	-1.4089
EMMER_p_8TCGA_Mx_242_238_N_GenomeWideSNP_6_B07_1244752	19	53941947	55312612	800	0.0412
EMMER_p_8TCGA_Mx_242_238_N_GenomeWideSNP_6_B07_1244752	19	55313000	55313817	2	-1.5963
EMMER_p_8TCGA_Mx_242_238_N_GenomeWideSNP_6_B07_1244752	19	55314287	59097854	2320	0.0101
EMMER_p_8TCGA_Mx_242_238_N_GenomeWideSNP_6_B07_1244752	20	61305	1560562	1198	0.0149
EMMER_p_8TCGA_Mx_242_238_N_GenomeWideSNP_6_B07_1244752	20	1560787	1560802	2	2.0508
EMMER_p_8TCGA_Mx_242_238_N_GenomeWideSNP_6_B07_1244752	20	1560922	14932896	10141	-0.0035
EMMER_p_8TCGA_Mx_242_238_N_GenomeWideSNP_6_B07_1244752	20	14939620	14952322	14	-0.8554
EMMER_p_8TCGA_Mx_242_238_N_GenomeWideSNP_6_B07_1244752	20	14953686	26305579	8688	0.0034
EMMER_p_8TCGA_Mx_242_238_N_GenomeWideSNP_6_B07_1244752	20	29420352	29505893	23	-0.6063
EMMER_p_8TCGA_Mx_242_238_N_GenomeWideSNP_6_B07_1244752	20	29527893	62956153	22414	0.0088
EMMER_p_8TCGA_Mx_242_238_N_GenomeWideSNP_6_B07_1244752	21	10736871	48096957	24397	0.0022
EMMER_p_8TCGA_Mx_242_238_N_GenomeWideSNP_6_B07_1244752	22	16052528	18673357	1213	-0.0138
EMMER_p_8TCGA_Mx_242_238_N_GenomeWideSNP_6_B07_1244752	22	18732919	18748454	3	-1.8541
EMMER_p_8TCGA_Mx_242_238_N_GenomeWideSNP_6_B07_1244752	22	18770421	24337307	3400	0.0477
EMMER_p_8TCGA_Mx_242_238_N_GenomeWideSNP_6_B07_1244752	22	24337949	24370430	11	-1.221
EMMER_p_8TCGA_Mx_242_238_N_GenomeWideSNP_6_B07_1244752	22	24371070	24385546	4	-4.0951
EMMER_p_8TCGA_Mx_242_238_N_GenomeWideSNP_6_B07_1244752	22	24386631	24396814	6	-1.0636
EMMER_p_8TCGA_Mx_242_238_N_GenomeWideSNP_6_B07_1244752	22	24401529	36443675	9141	0.0027
EMMER_p_8TCGA_Mx_242_238_N_GenomeWideSNP_6_B07_1244752	22	36444188	36445516	3	-2.0783
EMMER_p_8TCGA_Mx_242_238_N_GenomeWideSNP_6_B07_1244752	22	36445533	42897282	3643	0.0084
EMMER_p_8TCGA_Mx_242_238_N_GenomeWideSNP_6_B07_1244752	22	42899440	42950491	24	0.7492
EMMER_p_8TCGA_Mx_242_238_N_GenomeWideSNP_6_B07_1244752	22	42955431	51234455	6108	0.0181
EMMER_p_8TCGA_Mx_242_238_N_GenomeWideSNP_6_B07_1244752	X	168477	89699899	47200	0.0057
EMMER_p_8TCGA_Mx_242_238_N_GenomeWideSNP_6_B07_1244752	X	89700649	89722386	5	-1.3025
EMMER_p_8TCGA_Mx_242_238_N_GenomeWideSNP_6_B07_1244752	X	89722782	148798911	34058	3e-04
EMMER_p_8TCGA_Mx_242_238_N_GenomeWideSNP_6_B07_1244752	X	148809508	149103220	78	0.4786
EMMER_p_8TCGA_Mx_242_238_N_GenomeWideSNP_6_B07_1244752	X	149105779	155182354	3204	0.025
EMMER_p_8TCGA_Mx_242_238_N_GenomeWideSNP_6_B07_1244752	Y	2650438	5944602	803	-2.5987
EMMER_p_8TCGA_Mx_242_238_N_GenomeWideSNP_6_B07_1244752	Y	5944603	15590276	2773	-3.1157
EMMER_p_8TCGA_Mx_242_238_N_GenomeWideSNP_6_B07_1244752	Y	15590342	15594523	3	-7.6439
EMMER_p_8TCGA_Mx_242_238_N_GenomeWideSNP_6_B07_1244752	Y	15594889	19571480	2080	-3.156
EMMER_p_8TCGA_Mx_242_238_N_GenomeWideSNP_6_B07_1244752	Y	19574890	21024613	672	-3.6774
EMMER_p_8TCGA_Mx_242_238_N_GenomeWideSNP_6_B07_1244752	Y	21025062	24583219	1312	-3.1508
EMMER_p_8TCGA_Mx_242_238_N_GenomeWideSNP_6_B07_1244752	Y	24583869	26190025	278	-3.7777
EMMER_p_8TCGA_Mx_242_238_N_GenomeWideSNP_6_B07_1244752	Y	26193050	26598702	93	-3.0659
EMMER_p_8TCGA_Mx_242_238_N_GenomeWideSNP_6_B07_1244752	Y	26604818	27240184	83	-4.1734
EMMER_p_8TCGA_Mx_242_238_N_GenomeWideSNP_6_B07_1244752	Y	27254679	27720551	98	-2.8548
EMMER_p_8TCGA_Mx_242_238_N_GenomeWideSNP_6_B07_1244752	Y	27721084	28423938	251	-3.7985
EMMER_p_8TCGA_Mx_242_238_N_GenomeWideSNP_6_B07_1244752	Y	28438116	28651301	102	-3.0227
EMMER_p_8TCGA_Mx_242_238_N_GenomeWideSNP_6_B07_1244752	Y	28651993	59018259	79	-2.6688
