Sample	Chromosome	Start	End	Num_Probes	Segment_Mean
EMMER_p_8TCGA_Mx_242_238_N_GenomeWideSNP_6_A04_1244786	1	61735	2269948	434	-0.0325
EMMER_p_8TCGA_Mx_242_238_N_GenomeWideSNP_6_A04_1244786	1	2272064	2282354	5	-1.0381
EMMER_p_8TCGA_Mx_242_238_N_GenomeWideSNP_6_A04_1244786	1	2283117	17005734	8321	0.005
EMMER_p_8TCGA_Mx_242_238_N_GenomeWideSNP_6_A04_1244786	1	17005776	17094027	47	-0.3394
EMMER_p_8TCGA_Mx_242_238_N_GenomeWideSNP_6_A04_1244786	1	17094066	17203497	17	0.1503
EMMER_p_8TCGA_Mx_242_238_N_GenomeWideSNP_6_A04_1244786	1	17209603	17284920	64	-0.3854
EMMER_p_8TCGA_Mx_242_238_N_GenomeWideSNP_6_A04_1244786	1	17286210	72768418	34113	-0.0015
EMMER_p_8TCGA_Mx_242_238_N_GenomeWideSNP_6_A04_1244786	1	72768498	72811133	45	-0.9708
EMMER_p_8TCGA_Mx_242_238_N_GenomeWideSNP_6_A04_1244786	1	72811148	104221531	20070	-7e-04
EMMER_p_8TCGA_Mx_242_238_N_GenomeWideSNP_6_A04_1244786	1	104221631	104225568	10	-0.9035
EMMER_p_8TCGA_Mx_242_238_N_GenomeWideSNP_6_A04_1244786	1	104239689	110227515	3617	0.0058
EMMER_p_8TCGA_Mx_242_238_N_GenomeWideSNP_6_A04_1244786	1	110232974	110242953	17	0.5677
EMMER_p_8TCGA_Mx_242_238_N_GenomeWideSNP_6_A04_1244786	1	110244998	193155792	37371	2e-04
EMMER_p_8TCGA_Mx_242_238_N_GenomeWideSNP_6_A04_1244786	1	193156279	193156348	4	-1.3289
EMMER_p_8TCGA_Mx_242_238_N_GenomeWideSNP_6_A04_1244786	1	193159723	194941148	1212	0.0072
EMMER_p_8TCGA_Mx_242_238_N_GenomeWideSNP_6_A04_1244786	1	194941167	194941337	7	-0.8556
EMMER_p_8TCGA_Mx_242_238_N_GenomeWideSNP_6_A04_1244786	1	194941560	242859921	33216	0.0053
EMMER_p_8TCGA_Mx_242_238_N_GenomeWideSNP_6_A04_1244786	1	242862868	242871110	10	-0.9144
EMMER_p_8TCGA_Mx_242_238_N_GenomeWideSNP_6_A04_1244786	1	242871812	249224388	3978	-0.002
EMMER_p_8TCGA_Mx_242_238_N_GenomeWideSNP_6_A04_1244786	2	12784	737505	519	0
EMMER_p_8TCGA_Mx_242_238_N_GenomeWideSNP_6_A04_1244786	2	742100	747161	3	-1.6927
EMMER_p_8TCGA_Mx_242_238_N_GenomeWideSNP_6_A04_1244786	2	751300	34520473	23477	0.0066
EMMER_p_8TCGA_Mx_242_238_N_GenomeWideSNP_6_A04_1244786	2	34523978	34525967	3	-1.7843
EMMER_p_8TCGA_Mx_242_238_N_GenomeWideSNP_6_A04_1244786	2	34529017	34691069	94	0.0203
EMMER_p_8TCGA_Mx_242_238_N_GenomeWideSNP_6_A04_1244786	2	34699315	34737057	46	0.4332
EMMER_p_8TCGA_Mx_242_238_N_GenomeWideSNP_6_A04_1244786	2	34737163	52754480	13036	0.0133
EMMER_p_8TCGA_Mx_242_238_N_GenomeWideSNP_6_A04_1244786	2	52754500	52781542	38	-2.6336
EMMER_p_8TCGA_Mx_242_238_N_GenomeWideSNP_6_A04_1244786	2	52787949	86937687	21918	0.002
EMMER_p_8TCGA_Mx_242_238_N_GenomeWideSNP_6_A04_1244786	2	86953070	86953854	2	1.7935
EMMER_p_8TCGA_Mx_242_238_N_GenomeWideSNP_6_A04_1244786	2	86970406	87302107	76	-0.0888
EMMER_p_8TCGA_Mx_242_238_N_GenomeWideSNP_6_A04_1244786	2	87306948	87309263	2	-2.0138
EMMER_p_8TCGA_Mx_242_238_N_GenomeWideSNP_6_A04_1244786	2	87309834	106874722	7647	1e-04
EMMER_p_8TCGA_Mx_242_238_N_GenomeWideSNP_6_A04_1244786	2	106880095	106885013	11	0.6034
EMMER_p_8TCGA_Mx_242_238_N_GenomeWideSNP_6_A04_1244786	2	106885357	115530841	4563	0.0067
EMMER_p_8TCGA_Mx_242_238_N_GenomeWideSNP_6_A04_1244786	2	115535914	115542070	24	-1.0343
EMMER_p_8TCGA_Mx_242_238_N_GenomeWideSNP_6_A04_1244786	2	115542270	130788760	9750	0.0087
EMMER_p_8TCGA_Mx_242_238_N_GenomeWideSNP_6_A04_1244786	2	130788774	130874488	18	-0.4526
EMMER_p_8TCGA_Mx_242_238_N_GenomeWideSNP_6_A04_1244786	2	130874876	146864443	9587	0.002
EMMER_p_8TCGA_Mx_242_238_N_GenomeWideSNP_6_A04_1244786	2	146864457	146866934	21	0.5067
EMMER_p_8TCGA_Mx_242_238_N_GenomeWideSNP_6_A04_1244786	2	146877806	164916742	10728	0.0048
EMMER_p_8TCGA_Mx_242_238_N_GenomeWideSNP_6_A04_1244786	2	164918872	164920423	3	-2.265
EMMER_p_8TCGA_Mx_242_238_N_GenomeWideSNP_6_A04_1244786	2	164920599	180061655	9547	0.0097
EMMER_p_8TCGA_Mx_242_238_N_GenomeWideSNP_6_A04_1244786	2	180067192	180079144	3	-2.6118
EMMER_p_8TCGA_Mx_242_238_N_GenomeWideSNP_6_A04_1244786	2	180083591	189118923	5443	0.0198
EMMER_p_8TCGA_Mx_242_238_N_GenomeWideSNP_6_A04_1244786	2	189119928	189129058	5	-1.9334
EMMER_p_8TCGA_Mx_242_238_N_GenomeWideSNP_6_A04_1244786	2	189129179	217192584	16911	0.0064
EMMER_p_8TCGA_Mx_242_238_N_GenomeWideSNP_6_A04_1244786	2	217194911	217202373	3	-1.2839
EMMER_p_8TCGA_Mx_242_238_N_GenomeWideSNP_6_A04_1244786	2	217202537	243089456	16469	0.0047
EMMER_p_8TCGA_Mx_242_238_N_GenomeWideSNP_6_A04_1244786	3	60345	64816145	44962	0.0067
EMMER_p_8TCGA_Mx_242_238_N_GenomeWideSNP_6_A04_1244786	3	64816761	64820896	2	-1.6073
EMMER_p_8TCGA_Mx_242_238_N_GenomeWideSNP_6_A04_1244786	3	64821733	68746259	2862	0.0045
EMMER_p_8TCGA_Mx_242_238_N_GenomeWideSNP_6_A04_1244786	3	68746284	68747413	13	0.9024
EMMER_p_8TCGA_Mx_242_238_N_GenomeWideSNP_6_A04_1244786	3	68748758	71917084	2364	-4e-04
EMMER_p_8TCGA_Mx_242_238_N_GenomeWideSNP_6_A04_1244786	3	71919543	71926029	3	-1.6112
EMMER_p_8TCGA_Mx_242_238_N_GenomeWideSNP_6_A04_1244786	3	71928710	129761124	32353	0.0044
EMMER_p_8TCGA_Mx_242_238_N_GenomeWideSNP_6_A04_1244786	3	129762859	129806236	53	0.3606
EMMER_p_8TCGA_Mx_242_238_N_GenomeWideSNP_6_A04_1244786	3	129806924	131706696	1170	0.0118
EMMER_p_8TCGA_Mx_242_238_N_GenomeWideSNP_6_A04_1244786	3	131708157	131708471	2	-2.6016
EMMER_p_8TCGA_Mx_242_238_N_GenomeWideSNP_6_A04_1244786	3	131714999	134949294	2254	-0.0011
EMMER_p_8TCGA_Mx_242_238_N_GenomeWideSNP_6_A04_1244786	3	134949315	134949359	2	-1.4493
EMMER_p_8TCGA_Mx_242_238_N_GenomeWideSNP_6_A04_1244786	3	134952344	136019099	604	-0.0037
EMMER_p_8TCGA_Mx_242_238_N_GenomeWideSNP_6_A04_1244786	3	136022951	136025426	2	-3.1755
EMMER_p_8TCGA_Mx_242_238_N_GenomeWideSNP_6_A04_1244786	3	136038541	140542539	2701	0.0112
EMMER_p_8TCGA_Mx_242_238_N_GenomeWideSNP_6_A04_1244786	3	140545701	140546984	2	-3.527
EMMER_p_8TCGA_Mx_242_238_N_GenomeWideSNP_6_A04_1244786	3	140560618	164808079	14812	-2e-04
EMMER_p_8TCGA_Mx_242_238_N_GenomeWideSNP_6_A04_1244786	3	164808945	164812799	4	-1.1861
EMMER_p_8TCGA_Mx_242_238_N_GenomeWideSNP_6_A04_1244786	3	164819134	195383142	19483	0.0029
EMMER_p_8TCGA_Mx_242_238_N_GenomeWideSNP_6_A04_1244786	3	195390680	195478861	48	-0.3441
EMMER_p_8TCGA_Mx_242_238_N_GenomeWideSNP_6_A04_1244786	3	195479748	197896118	1168	-0.0183
EMMER_p_8TCGA_Mx_242_238_N_GenomeWideSNP_6_A04_1244786	4	12281	5158684	2501	0.0047
EMMER_p_8TCGA_Mx_242_238_N_GenomeWideSNP_6_A04_1244786	4	5159252	5159654	2	-1.5601
EMMER_p_8TCGA_Mx_242_238_N_GenomeWideSNP_6_A04_1244786	4	5160771	9456977	2741	0.0077
EMMER_p_8TCGA_Mx_242_238_N_GenomeWideSNP_6_A04_1244786	4	9461230	9479345	9	1.2863
EMMER_p_8TCGA_Mx_242_238_N_GenomeWideSNP_6_A04_1244786	4	9486087	10390715	749	0.0176
EMMER_p_8TCGA_Mx_242_238_N_GenomeWideSNP_6_A04_1244786	4	10392354	10402718	17	-0.5484
EMMER_p_8TCGA_Mx_242_238_N_GenomeWideSNP_6_A04_1244786	4	10402746	96245748	52686	0.0018
EMMER_p_8TCGA_Mx_242_238_N_GenomeWideSNP_6_A04_1244786	4	96246506	96247596	15	-0.7646
EMMER_p_8TCGA_Mx_242_238_N_GenomeWideSNP_6_A04_1244786	4	96248616	115175323	11405	9e-04
EMMER_p_8TCGA_Mx_242_238_N_GenomeWideSNP_6_A04_1244786	4	115175344	115182175	22	0.408
EMMER_p_8TCGA_Mx_242_238_N_GenomeWideSNP_6_A04_1244786	4	115184229	122281973	4345	-0.0067
EMMER_p_8TCGA_Mx_242_238_N_GenomeWideSNP_6_A04_1244786	4	122282468	122284555	25	-0.8002
EMMER_p_8TCGA_Mx_242_238_N_GenomeWideSNP_6_A04_1244786	4	122284589	138092239	8879	0.0024
EMMER_p_8TCGA_Mx_242_238_N_GenomeWideSNP_6_A04_1244786	4	138092420	138094972	16	-0.5608
EMMER_p_8TCGA_Mx_242_238_N_GenomeWideSNP_6_A04_1244786	4	138095121	158180507	12460	0.0014
EMMER_p_8TCGA_Mx_242_238_N_GenomeWideSNP_6_A04_1244786	4	158181837	158185912	4	-1.5871
EMMER_p_8TCGA_Mx_242_238_N_GenomeWideSNP_6_A04_1244786	4	158187156	161880141	2302	-0.006
EMMER_p_8TCGA_Mx_242_238_N_GenomeWideSNP_6_A04_1244786	4	161880197	161884908	18	-0.8217
EMMER_p_8TCGA_Mx_242_238_N_GenomeWideSNP_6_A04_1244786	4	161884919	172369346	6674	0.0059
EMMER_p_8TCGA_Mx_242_238_N_GenomeWideSNP_6_A04_1244786	4	172374884	172377458	9	-1.4454
EMMER_p_8TCGA_Mx_242_238_N_GenomeWideSNP_6_A04_1244786	4	172377710	191027923	12524	0.0026
EMMER_p_8TCGA_Mx_242_238_N_GenomeWideSNP_6_A04_1244786	5	15532	685748	307	0.029
EMMER_p_8TCGA_Mx_242_238_N_GenomeWideSNP_6_A04_1244786	5	698371	788060	34	-0.4968
EMMER_p_8TCGA_Mx_242_238_N_GenomeWideSNP_6_A04_1244786	5	800686	11162771	8788	0.0057
EMMER_p_8TCGA_Mx_242_238_N_GenomeWideSNP_6_A04_1244786	5	11167277	11176088	22	-0.9879
EMMER_p_8TCGA_Mx_242_238_N_GenomeWideSNP_6_A04_1244786	5	11181613	57321646	26711	4e-04
EMMER_p_8TCGA_Mx_242_238_N_GenomeWideSNP_6_A04_1244786	5	57326027	57333533	32	1.1962
EMMER_p_8TCGA_Mx_242_238_N_GenomeWideSNP_6_A04_1244786	5	57338357	103851221	26848	0.0015
EMMER_p_8TCGA_Mx_242_238_N_GenomeWideSNP_6_A04_1244786	5	103860373	103860604	4	-2.1725
EMMER_p_8TCGA_Mx_242_238_N_GenomeWideSNP_6_A04_1244786	5	103861049	175373508	47531	0.0026
EMMER_p_8TCGA_Mx_242_238_N_GenomeWideSNP_6_A04_1244786	5	175387546	175420896	7	0.9701
EMMER_p_8TCGA_Mx_242_238_N_GenomeWideSNP_6_A04_1244786	5	175426693	175615248	63	-0.023
EMMER_p_8TCGA_Mx_242_238_N_GenomeWideSNP_6_A04_1244786	5	175615958	175619513	3	-1.6189
EMMER_p_8TCGA_Mx_242_238_N_GenomeWideSNP_6_A04_1244786	5	175624282	177266226	678	-0.0025
EMMER_p_8TCGA_Mx_242_238_N_GenomeWideSNP_6_A04_1244786	5	177303765	177306635	2	-1.8183
EMMER_p_8TCGA_Mx_242_238_N_GenomeWideSNP_6_A04_1244786	5	177310337	180790320	1996	0.0036
EMMER_p_8TCGA_Mx_242_238_N_GenomeWideSNP_6_A04_1244786	6	149661	267693	109	-0.0228
EMMER_p_8TCGA_Mx_242_238_N_GenomeWideSNP_6_A04_1244786	6	271773	351376	60	0.3565
EMMER_p_8TCGA_Mx_242_238_N_GenomeWideSNP_6_A04_1244786	6	354489	29849267	21565	3e-04
EMMER_p_8TCGA_Mx_242_238_N_GenomeWideSNP_6_A04_1244786	6	29850196	29914615	24	-0.6067
EMMER_p_8TCGA_Mx_242_238_N_GenomeWideSNP_6_A04_1244786	6	29915469	32431292	1159	-0.0064
EMMER_p_8TCGA_Mx_242_238_N_GenomeWideSNP_6_A04_1244786	6	32431552	32602269	59	0.5635
EMMER_p_8TCGA_Mx_242_238_N_GenomeWideSNP_6_A04_1244786	6	32604372	53931151	13750	-8e-04
EMMER_p_8TCGA_Mx_242_238_N_GenomeWideSNP_6_A04_1244786	6	53931230	53931855	6	-2.4101
EMMER_p_8TCGA_Mx_242_238_N_GenomeWideSNP_6_A04_1244786	6	53935348	62094472	2648	0.0046
EMMER_p_8TCGA_Mx_242_238_N_GenomeWideSNP_6_A04_1244786	6	62094487	62206718	20	-0.4715
EMMER_p_8TCGA_Mx_242_238_N_GenomeWideSNP_6_A04_1244786	6	62234532	65336942	1683	-0.0057
EMMER_p_8TCGA_Mx_242_238_N_GenomeWideSNP_6_A04_1244786	6	65347544	65348992	2	-2.5256
EMMER_p_8TCGA_Mx_242_238_N_GenomeWideSNP_6_A04_1244786	6	65350776	66393348	696	-9e-04
EMMER_p_8TCGA_Mx_242_238_N_GenomeWideSNP_6_A04_1244786	6	66394090	66407127	26	-0.7524
EMMER_p_8TCGA_Mx_242_238_N_GenomeWideSNP_6_A04_1244786	6	66407210	67038046	416	0.0221
EMMER_p_8TCGA_Mx_242_238_N_GenomeWideSNP_6_A04_1244786	6	67040913	67043192	7	0.7486
EMMER_p_8TCGA_Mx_242_238_N_GenomeWideSNP_6_A04_1244786	6	67043235	69138056	1522	-0.0035
EMMER_p_8TCGA_Mx_242_238_N_GenomeWideSNP_6_A04_1244786	6	69138329	69142008	2	-2.3746
EMMER_p_8TCGA_Mx_242_238_N_GenomeWideSNP_6_A04_1244786	6	69146027	77436159	5265	0.0044
EMMER_p_8TCGA_Mx_242_238_N_GenomeWideSNP_6_A04_1244786	6	77436532	77452382	16	0.5633
EMMER_p_8TCGA_Mx_242_238_N_GenomeWideSNP_6_A04_1244786	6	77452392	78962874	984	0.0141
EMMER_p_8TCGA_Mx_242_238_N_GenomeWideSNP_6_A04_1244786	6	78962889	79026501	97	0.3
EMMER_p_8TCGA_Mx_242_238_N_GenomeWideSNP_6_A04_1244786	6	79026588	81343429	1532	0.0131
EMMER_p_8TCGA_Mx_242_238_N_GenomeWideSNP_6_A04_1244786	6	81343943	81347875	6	-1.0503
EMMER_p_8TCGA_Mx_242_238_N_GenomeWideSNP_6_A04_1244786	6	81348282	83898418	1597	0.0018
EMMER_p_8TCGA_Mx_242_238_N_GenomeWideSNP_6_A04_1244786	6	83904371	83906359	2	-1.7074
EMMER_p_8TCGA_Mx_242_238_N_GenomeWideSNP_6_A04_1244786	6	83908507	87073944	1893	0.0034
EMMER_p_8TCGA_Mx_242_238_N_GenomeWideSNP_6_A04_1244786	6	87074238	87082151	6	-0.762
EMMER_p_8TCGA_Mx_242_238_N_GenomeWideSNP_6_A04_1244786	6	87083573	92687070	3621	-0.0022
EMMER_p_8TCGA_Mx_242_238_N_GenomeWideSNP_6_A04_1244786	6	92688620	92688892	2	-1.9863
EMMER_p_8TCGA_Mx_242_238_N_GenomeWideSNP_6_A04_1244786	6	92690946	171051005	51092	0.0021
EMMER_p_8TCGA_Mx_242_238_N_GenomeWideSNP_6_A04_1244786	7	43355	54386505	38552	0.0023
EMMER_p_8TCGA_Mx_242_238_N_GenomeWideSNP_6_A04_1244786	7	54386509	54386517	5	-2.3899
EMMER_p_8TCGA_Mx_242_238_N_GenomeWideSNP_6_A04_1244786	7	54393488	97385970	22133	0.0025
EMMER_p_8TCGA_Mx_242_238_N_GenomeWideSNP_6_A04_1244786	7	97395460	97402475	16	-0.6371
EMMER_p_8TCGA_Mx_242_238_N_GenomeWideSNP_6_A04_1244786	7	97404240	133778652	21411	-0.0014
EMMER_p_8TCGA_Mx_242_238_N_GenomeWideSNP_6_A04_1244786	7	133785177	133819541	47	0.3272
EMMER_p_8TCGA_Mx_242_238_N_GenomeWideSNP_6_A04_1244786	7	133819640	143873952	6548	-0.0053
EMMER_p_8TCGA_Mx_242_238_N_GenomeWideSNP_6_A04_1244786	7	143896252	144066947	44	0.6638
EMMER_p_8TCGA_Mx_242_238_N_GenomeWideSNP_6_A04_1244786	7	144074929	159127004	9694	0.005
EMMER_p_8TCGA_Mx_242_238_N_GenomeWideSNP_6_A04_1244786	8	31254	6157311	6899	0.021
EMMER_p_8TCGA_Mx_242_238_N_GenomeWideSNP_6_A04_1244786	8	6158191	6169238	14	-0.7449
EMMER_p_8TCGA_Mx_242_238_N_GenomeWideSNP_6_A04_1244786	8	6169337	39230183	23964	0.0045
EMMER_p_8TCGA_Mx_242_238_N_GenomeWideSNP_6_A04_1244786	8	39230325	39386965	61	0.3945
EMMER_p_8TCGA_Mx_242_238_N_GenomeWideSNP_6_A04_1244786	8	39388299	50387845	4197	5e-04
EMMER_p_8TCGA_Mx_242_238_N_GenomeWideSNP_6_A04_1244786	8	50390344	50394054	2	1.7381
EMMER_p_8TCGA_Mx_242_238_N_GenomeWideSNP_6_A04_1244786	8	50395754	129756266	49496	0.0034
EMMER_p_8TCGA_Mx_242_238_N_GenomeWideSNP_6_A04_1244786	8	129763135	129764085	2	-2.3875
EMMER_p_8TCGA_Mx_242_238_N_GenomeWideSNP_6_A04_1244786	8	129777454	146298155	11260	5e-04
EMMER_p_8TCGA_Mx_242_238_N_GenomeWideSNP_6_A04_1244786	9	46587	5302749	5429	0.0075
EMMER_p_8TCGA_Mx_242_238_N_GenomeWideSNP_6_A04_1244786	9	5311567	5337707	13	-0.9595
EMMER_p_8TCGA_Mx_242_238_N_GenomeWideSNP_6_A04_1244786	9	5340984	22492889	14419	3e-04
EMMER_p_8TCGA_Mx_242_238_N_GenomeWideSNP_6_A04_1244786	9	22501913	22502699	2	-4.1663
EMMER_p_8TCGA_Mx_242_238_N_GenomeWideSNP_6_A04_1244786	9	22509340	39810645	11409	-0.0031
EMMER_p_8TCGA_Mx_242_238_N_GenomeWideSNP_6_A04_1244786	9	40476154	40619221	16	-1.2175
EMMER_p_8TCGA_Mx_242_238_N_GenomeWideSNP_6_A04_1244786	9	40619760	43187967	76	-0.2349
EMMER_p_8TCGA_Mx_242_238_N_GenomeWideSNP_6_A04_1244786	9	43315670	43511855	6	-2.209
EMMER_p_8TCGA_Mx_242_238_N_GenomeWideSNP_6_A04_1244786	9	43518992	43583463	7	-0.6396
EMMER_p_8TCGA_Mx_242_238_N_GenomeWideSNP_6_A04_1244786	9	43602726	43790346	27	-2.0748
EMMER_p_8TCGA_Mx_242_238_N_GenomeWideSNP_6_A04_1244786	9	43800186	46039614	148	-0.1351
EMMER_p_8TCGA_Mx_242_238_N_GenomeWideSNP_6_A04_1244786	9	46039945	67900045	80	-0.447
EMMER_p_8TCGA_Mx_242_238_N_GenomeWideSNP_6_A04_1244786	9	67983187	68358822	69	-0.0596
EMMER_p_8TCGA_Mx_242_238_N_GenomeWideSNP_6_A04_1244786	9	68665184	70966564	167	-0.6004
EMMER_p_8TCGA_Mx_242_238_N_GenomeWideSNP_6_A04_1244786	9	70981999	92518699	15506	5e-04
EMMER_p_8TCGA_Mx_242_238_N_GenomeWideSNP_6_A04_1244786	9	92518911	92519107	2	-2.3239
EMMER_p_8TCGA_Mx_242_238_N_GenomeWideSNP_6_A04_1244786	9	92519152	141091394	32478	0.0038
EMMER_p_8TCGA_Mx_242_238_N_GenomeWideSNP_6_A04_1244786	10	72809	17894976	14861	0.0014
EMMER_p_8TCGA_Mx_242_238_N_GenomeWideSNP_6_A04_1244786	10	17927554	17971816	4	-1.7078
EMMER_p_8TCGA_Mx_242_238_N_GenomeWideSNP_6_A04_1244786	10	18029825	24375263	4352	-2e-04
EMMER_p_8TCGA_Mx_242_238_N_GenomeWideSNP_6_A04_1244786	10	24377674	24378054	11	0.9884
EMMER_p_8TCGA_Mx_242_238_N_GenomeWideSNP_6_A04_1244786	10	24378908	37455145	9159	7e-04
EMMER_p_8TCGA_Mx_242_238_N_GenomeWideSNP_6_A04_1244786	10	37461148	37479414	3	1.7654
EMMER_p_8TCGA_Mx_242_238_N_GenomeWideSNP_6_A04_1244786	10	37479884	48730698	3815	-0.0049
EMMER_p_8TCGA_Mx_242_238_N_GenomeWideSNP_6_A04_1244786	10	48736766	49045895	15	-0.6633
EMMER_p_8TCGA_Mx_242_238_N_GenomeWideSNP_6_A04_1244786	10	49082219	51830360	1458	8e-04
EMMER_p_8TCGA_Mx_242_238_N_GenomeWideSNP_6_A04_1244786	10	51840984	51910598	5	-1.2351
EMMER_p_8TCGA_Mx_242_238_N_GenomeWideSNP_6_A04_1244786	10	51937979	67299848	11009	0.0038
EMMER_p_8TCGA_Mx_242_238_N_GenomeWideSNP_6_A04_1244786	10	67300074	67314446	35	-0.5987
EMMER_p_8TCGA_Mx_242_238_N_GenomeWideSNP_6_A04_1244786	10	67322795	94620334	18151	0.0016
EMMER_p_8TCGA_Mx_242_238_N_GenomeWideSNP_6_A04_1244786	10	94624759	94631922	6	-1.1333
EMMER_p_8TCGA_Mx_242_238_N_GenomeWideSNP_6_A04_1244786	10	94634221	135506704	28121	0.0048
EMMER_p_8TCGA_Mx_242_238_N_GenomeWideSNP_6_A04_1244786	11	198510	4970367	2483	0.0227
EMMER_p_8TCGA_Mx_242_238_N_GenomeWideSNP_6_A04_1244786	11	4972005	4976389	26	-0.3764
EMMER_p_8TCGA_Mx_242_238_N_GenomeWideSNP_6_A04_1244786	11	4976493	5787405	793	-0.0034
EMMER_p_8TCGA_Mx_242_238_N_GenomeWideSNP_6_A04_1244786	11	5788080	5809338	33	0.4224
EMMER_p_8TCGA_Mx_242_238_N_GenomeWideSNP_6_A04_1244786	11	5809461	6107790	238	0.0145
EMMER_p_8TCGA_Mx_242_238_N_GenomeWideSNP_6_A04_1244786	11	6108269	6122094	8	-1.0843
EMMER_p_8TCGA_Mx_242_238_N_GenomeWideSNP_6_A04_1244786	11	6122503	48802552	29901	0.0038
EMMER_p_8TCGA_Mx_242_238_N_GenomeWideSNP_6_A04_1244786	11	48802607	48892862	13	-0.664
EMMER_p_8TCGA_Mx_242_238_N_GenomeWideSNP_6_A04_1244786	11	48893190	55374032	1129	-0.0086
EMMER_p_8TCGA_Mx_242_238_N_GenomeWideSNP_6_A04_1244786	11	55374048	55442318	47	-0.763
EMMER_p_8TCGA_Mx_242_238_N_GenomeWideSNP_6_A04_1244786	11	55444211	62168304	4043	3e-04
EMMER_p_8TCGA_Mx_242_238_N_GenomeWideSNP_6_A04_1244786	11	62169772	62172304	2	-1.5908
EMMER_p_8TCGA_Mx_242_238_N_GenomeWideSNP_6_A04_1244786	11	62173207	63373471	644	0.0038
EMMER_p_8TCGA_Mx_242_238_N_GenomeWideSNP_6_A04_1244786	11	63377828	63379926	4	-1.3309
EMMER_p_8TCGA_Mx_242_238_N_GenomeWideSNP_6_A04_1244786	11	63382925	89474831	15233	0.0019
EMMER_p_8TCGA_Mx_242_238_N_GenomeWideSNP_6_A04_1244786	11	89487949	89543752	9	0.9035
EMMER_p_8TCGA_Mx_242_238_N_GenomeWideSNP_6_A04_1244786	11	89546927	89791833	17	-0.1387
EMMER_p_8TCGA_Mx_242_238_N_GenomeWideSNP_6_A04_1244786	11	89803644	89818310	4	-1.4177
EMMER_p_8TCGA_Mx_242_238_N_GenomeWideSNP_6_A04_1244786	11	89818604	93332181	2529	0.0067
EMMER_p_8TCGA_Mx_242_238_N_GenomeWideSNP_6_A04_1244786	11	93332312	93332527	3	-1.2713
EMMER_p_8TCGA_Mx_242_238_N_GenomeWideSNP_6_A04_1244786	11	93336949	101594384	6148	0.0041
EMMER_p_8TCGA_Mx_242_238_N_GenomeWideSNP_6_A04_1244786	11	101597860	101597964	4	1.2976
EMMER_p_8TCGA_Mx_242_238_N_GenomeWideSNP_6_A04_1244786	11	101598212	134944770	23749	0.004
EMMER_p_8TCGA_Mx_242_238_N_GenomeWideSNP_6_A04_1244786	12	150442	865970	416	-0.023
EMMER_p_8TCGA_Mx_242_238_N_GenomeWideSNP_6_A04_1244786	12	869109	875354	19	-1.1033
EMMER_p_8TCGA_Mx_242_238_N_GenomeWideSNP_6_A04_1244786	12	876246	126994227	79496	-7e-04
EMMER_p_8TCGA_Mx_242_238_N_GenomeWideSNP_6_A04_1244786	12	126994913	127004590	8	-1.4569
EMMER_p_8TCGA_Mx_242_238_N_GenomeWideSNP_6_A04_1244786	12	127007475	133778189	5066	0.0044
EMMER_p_8TCGA_Mx_242_238_N_GenomeWideSNP_6_A04_1244786	13	19026949	32532121	9638	2e-04
EMMER_p_8TCGA_Mx_242_238_N_GenomeWideSNP_6_A04_1244786	13	32532622	32538423	18	-1.008
EMMER_p_8TCGA_Mx_242_238_N_GenomeWideSNP_6_A04_1244786	13	32540047	38071135	3907	-0.0031
EMMER_p_8TCGA_Mx_242_238_N_GenomeWideSNP_6_A04_1244786	13	38072036	38084757	16	0.64
EMMER_p_8TCGA_Mx_242_238_N_GenomeWideSNP_6_A04_1244786	13	38088330	57758270	12525	0.0019
EMMER_p_8TCGA_Mx_242_238_N_GenomeWideSNP_6_A04_1244786	13	57758289	57778368	32	-0.8205
EMMER_p_8TCGA_Mx_242_238_N_GenomeWideSNP_6_A04_1244786	13	57778380	65352131	4491	0.0072
EMMER_p_8TCGA_Mx_242_238_N_GenomeWideSNP_6_A04_1244786	13	65352251	65353495	2	-3.4684
EMMER_p_8TCGA_Mx_242_238_N_GenomeWideSNP_6_A04_1244786	13	65356283	71196602	3735	0.003
EMMER_p_8TCGA_Mx_242_238_N_GenomeWideSNP_6_A04_1244786	13	71198106	71199381	3	-1.2462
EMMER_p_8TCGA_Mx_242_238_N_GenomeWideSNP_6_A04_1244786	13	71205779	83164534	8045	-0.0024
EMMER_p_8TCGA_Mx_242_238_N_GenomeWideSNP_6_A04_1244786	13	83168967	83170678	2	-2.9725
EMMER_p_8TCGA_Mx_242_238_N_GenomeWideSNP_6_A04_1244786	13	83172655	83408367	159	0.0068
EMMER_p_8TCGA_Mx_242_238_N_GenomeWideSNP_6_A04_1244786	13	83414456	83415310	5	-0.9682
EMMER_p_8TCGA_Mx_242_238_N_GenomeWideSNP_6_A04_1244786	13	83419258	105126942	14537	-0.0012
EMMER_p_8TCGA_Mx_242_238_N_GenomeWideSNP_6_A04_1244786	13	105132491	105132700	4	-1.2009
EMMER_p_8TCGA_Mx_242_238_N_GenomeWideSNP_6_A04_1244786	13	105135100	115108397	7139	0.0096
EMMER_p_8TCGA_Mx_242_238_N_GenomeWideSNP_6_A04_1244786	14	19002124	19422533	29	-0.2107
EMMER_p_8TCGA_Mx_242_238_N_GenomeWideSNP_6_A04_1244786	14	19432799	19469520	9	0.7106
EMMER_p_8TCGA_Mx_242_238_N_GenomeWideSNP_6_A04_1244786	14	19541714	20232535	60	-0.0936
EMMER_p_8TCGA_Mx_242_238_N_GenomeWideSNP_6_A04_1244786	14	20232626	20425509	94	-0.438
EMMER_p_8TCGA_Mx_242_238_N_GenomeWideSNP_6_A04_1244786	14	20425860	41608358	13620	0.0034
EMMER_p_8TCGA_Mx_242_238_N_GenomeWideSNP_6_A04_1244786	14	41610496	41657349	15	-2.9009
EMMER_p_8TCGA_Mx_242_238_N_GenomeWideSNP_6_A04_1244786	14	41670102	46447024	2774	-0.0075
EMMER_p_8TCGA_Mx_242_238_N_GenomeWideSNP_6_A04_1244786	14	46450315	46630286	112	-0.9315
EMMER_p_8TCGA_Mx_242_238_N_GenomeWideSNP_6_A04_1244786	14	46637981	106526966	38369	0.0012
EMMER_p_8TCGA_Mx_242_238_N_GenomeWideSNP_6_A04_1244786	14	106530364	106547314	8	-1.2414
EMMER_p_8TCGA_Mx_242_238_N_GenomeWideSNP_6_A04_1244786	14	106547507	106561441	9	-3.1322
EMMER_p_8TCGA_Mx_242_238_N_GenomeWideSNP_6_A04_1244786	14	106567100	107285437	418	-0.0332
EMMER_p_8TCGA_Mx_242_238_N_GenomeWideSNP_6_A04_1244786	15	20016328	100650941	50643	0.0028
EMMER_p_8TCGA_Mx_242_238_N_GenomeWideSNP_6_A04_1244786	15	100651726	100651832	2	-2.2866
EMMER_p_8TCGA_Mx_242_238_N_GenomeWideSNP_6_A04_1244786	15	100652903	102469040	1383	-0.0113
EMMER_p_8TCGA_Mx_242_238_N_GenomeWideSNP_6_A04_1244786	16	60777	33241953	20229	0.0026
EMMER_p_8TCGA_Mx_242_238_N_GenomeWideSNP_6_A04_1244786	16	33300894	33644022	91	0.3717
EMMER_p_8TCGA_Mx_242_238_N_GenomeWideSNP_6_A04_1244786	16	33644292	55796594	6988	-5e-04
EMMER_p_8TCGA_Mx_242_238_N_GenomeWideSNP_6_A04_1244786	16	55798222	55798779	3	3.6867
EMMER_p_8TCGA_Mx_242_238_N_GenomeWideSNP_6_A04_1244786	16	55804348	55809224	6	1.0357
EMMER_p_8TCGA_Mx_242_238_N_GenomeWideSNP_6_A04_1244786	16	55809466	90287535	25082	0.0025
EMMER_p_8TCGA_Mx_242_238_N_GenomeWideSNP_6_A04_1244786	17	526	13454016	8360	0.0038
EMMER_p_8TCGA_Mx_242_238_N_GenomeWideSNP_6_A04_1244786	17	13455945	13465131	15	-0.8398
EMMER_p_8TCGA_Mx_242_238_N_GenomeWideSNP_6_A04_1244786	17	13466894	18319862	3060	0.0042
EMMER_p_8TCGA_Mx_242_238_N_GenomeWideSNP_6_A04_1244786	17	18355392	18453437	26	-1.585
EMMER_p_8TCGA_Mx_242_238_N_GenomeWideSNP_6_A04_1244786	17	18459272	39421685	9496	-1e-04
EMMER_p_8TCGA_Mx_242_238_N_GenomeWideSNP_6_A04_1244786	17	39421708	39430531	25	-0.851
EMMER_p_8TCGA_Mx_242_238_N_GenomeWideSNP_6_A04_1244786	17	39432724	44163098	2509	0.001
EMMER_p_8TCGA_Mx_242_238_N_GenomeWideSNP_6_A04_1244786	17	44165803	44364170	125	0.7594
EMMER_p_8TCGA_Mx_242_238_N_GenomeWideSNP_6_A04_1244786	17	44394412	44752300	48	-0.4593
EMMER_p_8TCGA_Mx_242_238_N_GenomeWideSNP_6_A04_1244786	17	44764994	81049726	21602	-0.0034
EMMER_p_8TCGA_Mx_242_238_N_GenomeWideSNP_6_A04_1244786	18	11543	63906866	40502	8e-04
EMMER_p_8TCGA_Mx_242_238_N_GenomeWideSNP_6_A04_1244786	18	63907434	63911876	11	-0.7906
EMMER_p_8TCGA_Mx_242_238_N_GenomeWideSNP_6_A04_1244786	18	63912142	64959207	662	-0.0118
EMMER_p_8TCGA_Mx_242_238_N_GenomeWideSNP_6_A04_1244786	18	64959223	64967718	21	-0.7447
EMMER_p_8TCGA_Mx_242_238_N_GenomeWideSNP_6_A04_1244786	18	64967954	78015057	9586	0.0092
EMMER_p_8TCGA_Mx_242_238_N_GenomeWideSNP_6_A04_1244786	19	90910	20594676	8981	-0.0011
EMMER_p_8TCGA_Mx_242_238_N_GenomeWideSNP_6_A04_1244786	19	20596206	20721234	70	-0.7907
EMMER_p_8TCGA_Mx_242_238_N_GenomeWideSNP_6_A04_1244786	19	20721462	23811132	1772	-0.0225
EMMER_p_8TCGA_Mx_242_238_N_GenomeWideSNP_6_A04_1244786	19	23814087	23827747	10	-0.8547
EMMER_p_8TCGA_Mx_242_238_N_GenomeWideSNP_6_A04_1244786	19	23828724	27747993	425	-0.0068
EMMER_p_8TCGA_Mx_242_238_N_GenomeWideSNP_6_A04_1244786	19	27751675	28493000	269	0.8602
EMMER_p_8TCGA_Mx_242_238_N_GenomeWideSNP_6_A04_1244786	19	28493461	41360143	8111	-0.0026
EMMER_p_8TCGA_Mx_242_238_N_GenomeWideSNP_6_A04_1244786	19	41360172	41376019	28	-2.0393
EMMER_p_8TCGA_Mx_242_238_N_GenomeWideSNP_6_A04_1244786	19	41380946	43637216	1057	-0.0066
EMMER_p_8TCGA_Mx_242_238_N_GenomeWideSNP_6_A04_1244786	19	43637229	43638267	2	-1.7629
EMMER_p_8TCGA_Mx_242_238_N_GenomeWideSNP_6_A04_1244786	19	43638936	52131813	4217	2e-04
EMMER_p_8TCGA_Mx_242_238_N_GenomeWideSNP_6_A04_1244786	19	52142352	52148197	11	-2.4802
EMMER_p_8TCGA_Mx_242_238_N_GenomeWideSNP_6_A04_1244786	19	52154905	53332936	806	-0.0067
EMMER_p_8TCGA_Mx_242_238_N_GenomeWideSNP_6_A04_1244786	19	53333888	53334165	3	-1.9333
EMMER_p_8TCGA_Mx_242_238_N_GenomeWideSNP_6_A04_1244786	19	53334728	56282369	1722	-0.013
EMMER_p_8TCGA_Mx_242_238_N_GenomeWideSNP_6_A04_1244786	19	56282535	56283067	3	-1.6308
EMMER_p_8TCGA_Mx_242_238_N_GenomeWideSNP_6_A04_1244786	19	56286293	59097854	1848	-0.0135
EMMER_p_8TCGA_Mx_242_238_N_GenomeWideSNP_6_A04_1244786	20	61305	62956153	42469	2e-04
EMMER_p_8TCGA_Mx_242_238_N_GenomeWideSNP_6_A04_1244786	21	10736871	14453753	132	-0.1191
EMMER_p_8TCGA_Mx_242_238_N_GenomeWideSNP_6_A04_1244786	21	14456416	14549965	16	-0.7169
EMMER_p_8TCGA_Mx_242_238_N_GenomeWideSNP_6_A04_1244786	21	14560710	20056087	3563	-0.0022
EMMER_p_8TCGA_Mx_242_238_N_GenomeWideSNP_6_A04_1244786	21	20057678	20080934	27	0.488
EMMER_p_8TCGA_Mx_242_238_N_GenomeWideSNP_6_A04_1244786	21	20081875	23655900	2728	2e-04
EMMER_p_8TCGA_Mx_242_238_N_GenomeWideSNP_6_A04_1244786	21	23657558	23664658	8	-0.927
EMMER_p_8TCGA_Mx_242_238_N_GenomeWideSNP_6_A04_1244786	21	23666999	25585384	1564	0.0157
EMMER_p_8TCGA_Mx_242_238_N_GenomeWideSNP_6_A04_1244786	21	25588249	25588339	3	-1.7319
EMMER_p_8TCGA_Mx_242_238_N_GenomeWideSNP_6_A04_1244786	21	25588956	31587382	4464	-0.0034
EMMER_p_8TCGA_Mx_242_238_N_GenomeWideSNP_6_A04_1244786	21	31593066	31593833	3	-2.6442
EMMER_p_8TCGA_Mx_242_238_N_GenomeWideSNP_6_A04_1244786	21	31597834	44968053	10122	0.0035
EMMER_p_8TCGA_Mx_242_238_N_GenomeWideSNP_6_A04_1244786	21	44970873	44972812	2	-2.5225
EMMER_p_8TCGA_Mx_242_238_N_GenomeWideSNP_6_A04_1244786	21	44973667	47987984	1670	0.0042
EMMER_p_8TCGA_Mx_242_238_N_GenomeWideSNP_6_A04_1244786	21	47988126	47990202	5	-0.844
EMMER_p_8TCGA_Mx_242_238_N_GenomeWideSNP_6_A04_1244786	21	47992722	48096957	88	-0.0207
EMMER_p_8TCGA_Mx_242_238_N_GenomeWideSNP_6_A04_1244786	22	16052528	23262981	3917	-0.0149
EMMER_p_8TCGA_Mx_242_238_N_GenomeWideSNP_6_A04_1244786	22	23263242	23263257	2	-2.5005
EMMER_p_8TCGA_Mx_242_238_N_GenomeWideSNP_6_A04_1244786	22	23263274	24157250	572	0.0161
EMMER_p_8TCGA_Mx_242_238_N_GenomeWideSNP_6_A04_1244786	22	24163003	24165861	4	-2.0204
EMMER_p_8TCGA_Mx_242_238_N_GenomeWideSNP_6_A04_1244786	22	24169707	24271745	92	-0.0032
EMMER_p_8TCGA_Mx_242_238_N_GenomeWideSNP_6_A04_1244786	22	24283016	24331967	27	-0.6242
EMMER_p_8TCGA_Mx_242_238_N_GenomeWideSNP_6_A04_1244786	22	24332625	51234455	18942	0.0034
EMMER_p_8TCGA_Mx_242_238_N_GenomeWideSNP_6_A04_1244786	X	168477	39981080	24956	0.009
EMMER_p_8TCGA_Mx_242_238_N_GenomeWideSNP_6_A04_1244786	X	39983376	39990022	2	-2.1015
EMMER_p_8TCGA_Mx_242_238_N_GenomeWideSNP_6_A04_1244786	X	39995021	115133681	35812	8e-04
EMMER_p_8TCGA_Mx_242_238_N_GenomeWideSNP_6_A04_1244786	X	115137955	115150638	7	-2.4757
EMMER_p_8TCGA_Mx_242_238_N_GenomeWideSNP_6_A04_1244786	X	115156419	155182354	23763	0.0029
EMMER_p_8TCGA_Mx_242_238_N_GenomeWideSNP_6_A04_1244786	Y	2650438	2915759	135	-3.1721
EMMER_p_8TCGA_Mx_242_238_N_GenomeWideSNP_6_A04_1244786	Y	2928908	5944602	669	-2.6409
EMMER_p_8TCGA_Mx_242_238_N_GenomeWideSNP_6_A04_1244786	Y	5944603	15590276	2773	-3.2389
EMMER_p_8TCGA_Mx_242_238_N_GenomeWideSNP_6_A04_1244786	Y	15590342	15594523	3	-7.5064
EMMER_p_8TCGA_Mx_242_238_N_GenomeWideSNP_6_A04_1244786	Y	15594889	19063565	1840	-3.2874
EMMER_p_8TCGA_Mx_242_238_N_GenomeWideSNP_6_A04_1244786	Y	19068122	21025062	913	-3.6534
EMMER_p_8TCGA_Mx_242_238_N_GenomeWideSNP_6_A04_1244786	Y	21028957	24548177	1294	-3.2723
EMMER_p_8TCGA_Mx_242_238_N_GenomeWideSNP_6_A04_1244786	Y	24560227	24985389	62	-4.051
EMMER_p_8TCGA_Mx_242_238_N_GenomeWideSNP_6_A04_1244786	Y	25059391	25524802	18	-2.7491
EMMER_p_8TCGA_Mx_242_238_N_GenomeWideSNP_6_A04_1244786	Y	25539381	26218232	222	-3.7521
EMMER_p_8TCGA_Mx_242_238_N_GenomeWideSNP_6_A04_1244786	Y	26222820	26517533	83	-3.1718
EMMER_p_8TCGA_Mx_242_238_N_GenomeWideSNP_6_A04_1244786	Y	26526212	27240184	86	-4.3069
EMMER_p_8TCGA_Mx_242_238_N_GenomeWideSNP_6_A04_1244786	Y	27254679	27720551	98	-3.0159
EMMER_p_8TCGA_Mx_242_238_N_GenomeWideSNP_6_A04_1244786	Y	27721084	28423938	251	-3.8617
EMMER_p_8TCGA_Mx_242_238_N_GenomeWideSNP_6_A04_1244786	Y	28438116	59018259	181	-2.965
