Sample	Chromosome	Start	End	Num_Probes	Segment_Mean
EMMER_p_8TCGA_Mx_242_238_N_GenomeWideSNP_6_C01_1244732	1	61735	16846035	8721	-0.0029
EMMER_p_8TCGA_Mx_242_238_N_GenomeWideSNP_6_C01_1244732	1	16851514	17048479	82	-0.342
EMMER_p_8TCGA_Mx_242_238_N_GenomeWideSNP_6_C01_1244732	1	17056457	17217283	32	-0.0453
EMMER_p_8TCGA_Mx_242_238_N_GenomeWideSNP_6_C01_1244732	1	17217403	17262247	54	0.2925
EMMER_p_8TCGA_Mx_242_238_N_GenomeWideSNP_6_C01_1244732	1	17276241	72756113	34123	-0.0088
EMMER_p_8TCGA_Mx_242_238_N_GenomeWideSNP_6_C01_1244732	1	72756142	72763370	8	-1.1769
EMMER_p_8TCGA_Mx_242_238_N_GenomeWideSNP_6_C01_1244732	1	72768418	72768916	3	0.6804
EMMER_p_8TCGA_Mx_242_238_N_GenomeWideSNP_6_C01_1244732	1	72768936	72811133	43	1.4627
EMMER_p_8TCGA_Mx_242_238_N_GenomeWideSNP_6_C01_1244732	1	72811148	76050844	1931	-0.0208
EMMER_p_8TCGA_Mx_242_238_N_GenomeWideSNP_6_C01_1244732	1	76054763	76054854	2	-2.038
EMMER_p_8TCGA_Mx_242_238_N_GenomeWideSNP_6_C01_1244732	1	76059509	89475255	9040	-0.0155
EMMER_p_8TCGA_Mx_242_238_N_GenomeWideSNP_6_C01_1244732	1	89477958	89478205	2	-3.3854
EMMER_p_8TCGA_Mx_242_238_N_GenomeWideSNP_6_C01_1244732	1	89481524	104155802	9094	-0.015
EMMER_p_8TCGA_Mx_242_238_N_GenomeWideSNP_6_C01_1244732	1	104157161	104163499	7	-1.0164
EMMER_p_8TCGA_Mx_242_238_N_GenomeWideSNP_6_C01_1244732	1	104163787	104221812	6	-0.0016
EMMER_p_8TCGA_Mx_242_238_N_GenomeWideSNP_6_C01_1244732	1	104221878	104239986	9	-0.5255
EMMER_p_8TCGA_Mx_242_238_N_GenomeWideSNP_6_C01_1244732	1	104256880	106002144	928	-0.0093
EMMER_p_8TCGA_Mx_242_238_N_GenomeWideSNP_6_C01_1244732	1	106002162	106022344	18	-0.4765
EMMER_p_8TCGA_Mx_242_238_N_GenomeWideSNP_6_C01_1244732	1	106022360	110227515	2670	-0.0178
EMMER_p_8TCGA_Mx_242_238_N_GenomeWideSNP_6_C01_1244732	1	110232974	110240178	16	0.928
EMMER_p_8TCGA_Mx_242_238_N_GenomeWideSNP_6_C01_1244732	1	110242953	144564584	7222	-0.008
EMMER_p_8TCGA_Mx_242_238_N_GenomeWideSNP_6_C01_1244732	1	144579091	144868360	8	-0.6344
EMMER_p_8TCGA_Mx_242_238_N_GenomeWideSNP_6_C01_1244732	1	144869084	145151728	146	0.0641
EMMER_p_8TCGA_Mx_242_238_N_GenomeWideSNP_6_C01_1244732	1	145151959	145152018	3	1.4549
EMMER_p_8TCGA_Mx_242_238_N_GenomeWideSNP_6_C01_1244732	1	145152050	152759678	2848	0.0987
EMMER_p_8TCGA_Mx_242_238_N_GenomeWideSNP_6_C01_1244732	1	152761923	152778526	41	-0.3926
EMMER_p_8TCGA_Mx_242_238_N_GenomeWideSNP_6_C01_1244732	1	152778558	167764835	10209	0.1004
EMMER_p_8TCGA_Mx_242_238_N_GenomeWideSNP_6_C01_1244732	1	167766183	167766919	4	-1.0736
EMMER_p_8TCGA_Mx_242_238_N_GenomeWideSNP_6_C01_1244732	1	167768513	179323738	7738	0.109
EMMER_p_8TCGA_Mx_242_238_N_GenomeWideSNP_6_C01_1244732	1	179330528	179331382	2	-2.89
EMMER_p_8TCGA_Mx_242_238_N_GenomeWideSNP_6_C01_1244732	1	179333315	179610058	178	0.0884
EMMER_p_8TCGA_Mx_242_238_N_GenomeWideSNP_6_C01_1244732	1	179621932	179622081	2	-1.2049
EMMER_p_8TCGA_Mx_242_238_N_GenomeWideSNP_6_C01_1244732	1	179623244	182777405	2184	0.0944
EMMER_p_8TCGA_Mx_242_238_N_GenomeWideSNP_6_C01_1244732	1	182778367	182781050	4	-0.9279
EMMER_p_8TCGA_Mx_242_238_N_GenomeWideSNP_6_C01_1244732	1	182783894	196714873	9205	0.097
EMMER_p_8TCGA_Mx_242_238_N_GenomeWideSNP_6_C01_1244732	1	196727850	196740972	12	0.6753
EMMER_p_8TCGA_Mx_242_238_N_GenomeWideSNP_6_C01_1244732	1	196741117	210071062	8902	0.1017
EMMER_p_8TCGA_Mx_242_238_N_GenomeWideSNP_6_C01_1244732	1	210081613	210082065	2	-1.9238
EMMER_p_8TCGA_Mx_242_238_N_GenomeWideSNP_6_C01_1244732	1	210083984	249224388	27121	0.1002
EMMER_p_8TCGA_Mx_242_238_N_GenomeWideSNP_6_C01_1244732	2	12784	4205687	2990	0.0073
EMMER_p_8TCGA_Mx_242_238_N_GenomeWideSNP_6_C01_1244732	2	4213864	4224019	42	-0.5992
EMMER_p_8TCGA_Mx_242_238_N_GenomeWideSNP_6_C01_1244732	2	4230062	34685280	21067	-0.0069
EMMER_p_8TCGA_Mx_242_238_N_GenomeWideSNP_6_C01_1244732	2	34691069	34737057	47	-0.3457
EMMER_p_8TCGA_Mx_242_238_N_GenomeWideSNP_6_C01_1244732	2	34737163	35975973	875	-9e-04
EMMER_p_8TCGA_Mx_242_238_N_GenomeWideSNP_6_C01_1244732	2	35977790	35987947	7	0.9549
EMMER_p_8TCGA_Mx_242_238_N_GenomeWideSNP_6_C01_1244732	2	35997473	41238235	3941	-0.0114
EMMER_p_8TCGA_Mx_242_238_N_GenomeWideSNP_6_C01_1244732	2	41238443	41245887	23	-0.6952
EMMER_p_8TCGA_Mx_242_238_N_GenomeWideSNP_6_C01_1244732	2	41251233	51360475	7242	-0.0079
EMMER_p_8TCGA_Mx_242_238_N_GenomeWideSNP_6_C01_1244732	2	51363355	51363399	3	-1.1176
EMMER_p_8TCGA_Mx_242_238_N_GenomeWideSNP_6_C01_1244732	2	51370461	52739217	944	-0.0125
EMMER_p_8TCGA_Mx_242_238_N_GenomeWideSNP_6_C01_1244732	2	52741737	52781542	42	0.4726
EMMER_p_8TCGA_Mx_242_238_N_GenomeWideSNP_6_C01_1244732	2	52787949	78699007	16777	-0.0131
EMMER_p_8TCGA_Mx_242_238_N_GenomeWideSNP_6_C01_1244732	2	78699196	78721902	16	-0.9236
EMMER_p_8TCGA_Mx_242_238_N_GenomeWideSNP_6_C01_1244732	2	78725531	98118212	7278	-0.0112
EMMER_p_8TCGA_Mx_242_238_N_GenomeWideSNP_6_C01_1244732	2	98140747	98241192	25	-0.6296
EMMER_p_8TCGA_Mx_242_238_N_GenomeWideSNP_6_C01_1244732	2	98244174	106881633	5565	-0.0064
EMMER_p_8TCGA_Mx_242_238_N_GenomeWideSNP_6_C01_1244732	2	106883229	106885013	7	0.7557
EMMER_p_8TCGA_Mx_242_238_N_GenomeWideSNP_6_C01_1244732	2	106885357	146862085	23946	-0.0096
EMMER_p_8TCGA_Mx_242_238_N_GenomeWideSNP_6_C01_1244732	2	146864404	146866934	24	-2.0944
EMMER_p_8TCGA_Mx_242_238_N_GenomeWideSNP_6_C01_1244732	2	146877806	172984009	15689	-0.0136
EMMER_p_8TCGA_Mx_242_238_N_GenomeWideSNP_6_C01_1244732	2	172984359	172986576	2	-2.4917
EMMER_p_8TCGA_Mx_242_238_N_GenomeWideSNP_6_C01_1244732	2	172992016	208354955	21291	-0.0151
EMMER_p_8TCGA_Mx_242_238_N_GenomeWideSNP_6_C01_1244732	2	208355178	208359796	20	-0.7857
EMMER_p_8TCGA_Mx_242_238_N_GenomeWideSNP_6_C01_1244732	2	208360146	231258615	14880	-0.0103
EMMER_p_8TCGA_Mx_242_238_N_GenomeWideSNP_6_C01_1244732	2	231265351	231266278	2	-1.5154
EMMER_p_8TCGA_Mx_242_238_N_GenomeWideSNP_6_C01_1244732	2	231267643	243089456	7248	5e-04
EMMER_p_8TCGA_Mx_242_238_N_GenomeWideSNP_6_C01_1244732	3	60345	37982672	27684	-0.0104
EMMER_p_8TCGA_Mx_242_238_N_GenomeWideSNP_6_C01_1244732	3	37982757	37986928	15	-0.8072
EMMER_p_8TCGA_Mx_242_238_N_GenomeWideSNP_6_C01_1244732	3	37987106	46791545	5536	-0.01
EMMER_p_8TCGA_Mx_242_238_N_GenomeWideSNP_6_C01_1244732	3	46793377	46847616	39	-0.7493
EMMER_p_8TCGA_Mx_242_238_N_GenomeWideSNP_6_C01_1244732	3	46849179	53022949	2496	-0.0089
EMMER_p_8TCGA_Mx_242_238_N_GenomeWideSNP_6_C01_1244732	3	53023211	53039116	38	-0.6195
EMMER_p_8TCGA_Mx_242_238_N_GenomeWideSNP_6_C01_1244732	3	53039217	60742058	5758	-0.0073
EMMER_p_8TCGA_Mx_242_238_N_GenomeWideSNP_6_C01_1244732	3	60742456	60742465	2	-1.5512
EMMER_p_8TCGA_Mx_242_238_N_GenomeWideSNP_6_C01_1244732	3	60742979	65188453	3796	-0.0061
EMMER_p_8TCGA_Mx_242_238_N_GenomeWideSNP_6_C01_1244732	3	65189235	65210154	50	-0.5646
EMMER_p_8TCGA_Mx_242_238_N_GenomeWideSNP_6_C01_1244732	3	65210299	75568549	7378	-0.0085
EMMER_p_8TCGA_Mx_242_238_N_GenomeWideSNP_6_C01_1244732	3	75572549	75608639	9	0.6975
EMMER_p_8TCGA_Mx_242_238_N_GenomeWideSNP_6_C01_1244732	3	75613174	84699793	4996	-0.019
EMMER_p_8TCGA_Mx_242_238_N_GenomeWideSNP_6_C01_1244732	3	84699871	84702235	14	-0.728
EMMER_p_8TCGA_Mx_242_238_N_GenomeWideSNP_6_C01_1244732	3	84702413	98944547	5998	-0.0129
EMMER_p_8TCGA_Mx_242_238_N_GenomeWideSNP_6_C01_1244732	3	98944598	98949056	23	-0.9348
EMMER_p_8TCGA_Mx_242_238_N_GenomeWideSNP_6_C01_1244732	3	98949069	102967549	2248	-0.0173
EMMER_p_8TCGA_Mx_242_238_N_GenomeWideSNP_6_C01_1244732	3	102967804	102980271	6	-1.0547
EMMER_p_8TCGA_Mx_242_238_N_GenomeWideSNP_6_C01_1244732	3	102980751	129785940	16504	-0.013
EMMER_p_8TCGA_Mx_242_238_N_GenomeWideSNP_6_C01_1244732	3	129786209	129806052	45	0.4096
EMMER_p_8TCGA_Mx_242_238_N_GenomeWideSNP_6_C01_1244732	3	129806236	148962976	11922	-0.0155
EMMER_p_8TCGA_Mx_242_238_N_GenomeWideSNP_6_C01_1244732	3	148963395	148968121	25	-0.8035
EMMER_p_8TCGA_Mx_242_238_N_GenomeWideSNP_6_C01_1244732	3	148971080	157434583	5263	-0.022
EMMER_p_8TCGA_Mx_242_238_N_GenomeWideSNP_6_C01_1244732	3	157437011	157441617	3	-1.136
EMMER_p_8TCGA_Mx_242_238_N_GenomeWideSNP_6_C01_1244732	3	157441619	162532950	3088	-0.0178
EMMER_p_8TCGA_Mx_242_238_N_GenomeWideSNP_6_C01_1244732	3	162534730	162540490	6	-1.6233
EMMER_p_8TCGA_Mx_242_238_N_GenomeWideSNP_6_C01_1244732	3	162545716	162714517	120	-0.1525
EMMER_p_8TCGA_Mx_242_238_N_GenomeWideSNP_6_C01_1244732	3	162717727	162719562	2	-3.0934
EMMER_p_8TCGA_Mx_242_238_N_GenomeWideSNP_6_C01_1244732	3	162726159	189360754	16602	-0.023
EMMER_p_8TCGA_Mx_242_238_N_GenomeWideSNP_6_C01_1244732	3	189363678	189373909	21	-0.6159
EMMER_p_8TCGA_Mx_242_238_N_GenomeWideSNP_6_C01_1244732	3	189374357	192877962	2486	-0.0135
EMMER_p_8TCGA_Mx_242_238_N_GenomeWideSNP_6_C01_1244732	3	192878045	192879006	5	1.558
EMMER_p_8TCGA_Mx_242_238_N_GenomeWideSNP_6_C01_1244732	3	192880473	192886503	16	0.3945
EMMER_p_8TCGA_Mx_242_238_N_GenomeWideSNP_6_C01_1244732	3	192886523	195285664	1483	-0.0063
EMMER_p_8TCGA_Mx_242_238_N_GenomeWideSNP_6_C01_1244732	3	195285898	195474763	48	-0.6707
EMMER_p_8TCGA_Mx_242_238_N_GenomeWideSNP_6_C01_1244732	3	195478694	197896118	1172	-0.0372
EMMER_p_8TCGA_Mx_242_238_N_GenomeWideSNP_6_C01_1244732	4	12281	34779054	22818	-0.0096
EMMER_p_8TCGA_Mx_242_238_N_GenomeWideSNP_6_C01_1244732	4	34786500	34824183	37	-0.5835
EMMER_p_8TCGA_Mx_242_238_N_GenomeWideSNP_6_C01_1244732	4	34824725	69261064	19474	-0.0173
EMMER_p_8TCGA_Mx_242_238_N_GenomeWideSNP_6_C01_1244732	4	69282205	69288142	5	-1.3097
EMMER_p_8TCGA_Mx_242_238_N_GenomeWideSNP_6_C01_1244732	4	69294799	69338462	10	-0.1094
EMMER_p_8TCGA_Mx_242_238_N_GenomeWideSNP_6_C01_1244732	4	69338564	69540025	79	0.2575
EMMER_p_8TCGA_Mx_242_238_N_GenomeWideSNP_6_C01_1244732	4	69551744	70389716	486	-0.0506
EMMER_p_8TCGA_Mx_242_238_N_GenomeWideSNP_6_C01_1244732	4	70389861	70390779	2	-2.6459
EMMER_p_8TCGA_Mx_242_238_N_GenomeWideSNP_6_C01_1244732	4	70391888	191027923	74532	-0.0176
EMMER_p_8TCGA_Mx_242_238_N_GenomeWideSNP_6_C01_1244732	5	15532	685504	306	0.0186
EMMER_p_8TCGA_Mx_242_238_N_GenomeWideSNP_6_C01_1244732	5	685748	731891	15	-0.5674
EMMER_p_8TCGA_Mx_242_238_N_GenomeWideSNP_6_C01_1244732	5	732903	57321646	35552	-0.0141
EMMER_p_8TCGA_Mx_242_238_N_GenomeWideSNP_6_C01_1244732	5	57326027	57333533	32	1.2577
EMMER_p_8TCGA_Mx_242_238_N_GenomeWideSNP_6_C01_1244732	5	57338357	68846303	7298	-0.015
EMMER_p_8TCGA_Mx_242_238_N_GenomeWideSNP_6_C01_1244732	5	68867294	69118135	5	-1.1524
EMMER_p_8TCGA_Mx_242_238_N_GenomeWideSNP_6_C01_1244732	5	69233427	103851221	19551	-0.02
EMMER_p_8TCGA_Mx_242_238_N_GenomeWideSNP_6_C01_1244732	5	103860373	103860604	4	-2.1911
EMMER_p_8TCGA_Mx_242_238_N_GenomeWideSNP_6_C01_1244732	5	103861049	155476920	33463	-0.012
EMMER_p_8TCGA_Mx_242_238_N_GenomeWideSNP_6_C01_1244732	5	155476998	155482729	12	-0.9775
EMMER_p_8TCGA_Mx_242_238_N_GenomeWideSNP_6_C01_1244732	5	155495250	171194238	10942	-0.0113
EMMER_p_8TCGA_Mx_242_238_N_GenomeWideSNP_6_C01_1244732	5	171194570	171194890	2	-1.3094
EMMER_p_8TCGA_Mx_242_238_N_GenomeWideSNP_6_C01_1244732	5	171195127	175373508	3132	-0.0074
EMMER_p_8TCGA_Mx_242_238_N_GenomeWideSNP_6_C01_1244732	5	175387546	175393750	4	-0.9761
EMMER_p_8TCGA_Mx_242_238_N_GenomeWideSNP_6_C01_1244732	5	175405750	180374523	2556	-9e-04
EMMER_p_8TCGA_Mx_242_238_N_GenomeWideSNP_6_C01_1244732	5	180378710	180442400	22	0.4255
EMMER_p_8TCGA_Mx_242_238_N_GenomeWideSNP_6_C01_1244732	5	180442441	180790320	167	0.0233
EMMER_p_8TCGA_Mx_242_238_N_GenomeWideSNP_6_C01_1244732	6	149661	254283	101	-0.0198
EMMER_p_8TCGA_Mx_242_238_N_GenomeWideSNP_6_C01_1244732	6	257353	364468	86	-0.4625
EMMER_p_8TCGA_Mx_242_238_N_GenomeWideSNP_6_C01_1244732	6	364486	29837188	21547	-0.0154
EMMER_p_8TCGA_Mx_242_238_N_GenomeWideSNP_6_C01_1244732	6	29837314	29849267	14	-0.8017
EMMER_p_8TCGA_Mx_242_238_N_GenomeWideSNP_6_C01_1244732	6	29850196	31287111	675	0.0134
EMMER_p_8TCGA_Mx_242_238_N_GenomeWideSNP_6_C01_1244732	6	31287222	31287501	2	1.8542
EMMER_p_8TCGA_Mx_242_238_N_GenomeWideSNP_6_C01_1244732	6	31295406	32452801	512	0.0193
EMMER_p_8TCGA_Mx_242_238_N_GenomeWideSNP_6_C01_1244732	6	32452929	32574381	38	-0.4624
EMMER_p_8TCGA_Mx_242_238_N_GenomeWideSNP_6_C01_1244732	6	32578082	32622194	24	0.0147
EMMER_p_8TCGA_Mx_242_238_N_GenomeWideSNP_6_C01_1244732	6	32624304	32626618	6	-1.4682
EMMER_p_8TCGA_Mx_242_238_N_GenomeWideSNP_6_C01_1244732	6	32650612	65336942	18103	-0.0174
EMMER_p_8TCGA_Mx_242_238_N_GenomeWideSNP_6_C01_1244732	6	65347544	65348992	2	-1.941
EMMER_p_8TCGA_Mx_242_238_N_GenomeWideSNP_6_C01_1244732	6	65350776	78962626	8935	-0.019
EMMER_p_8TCGA_Mx_242_238_N_GenomeWideSNP_6_C01_1244732	6	78962874	79026701	101	0.2538
EMMER_p_8TCGA_Mx_242_238_N_GenomeWideSNP_6_C01_1244732	6	79026972	103734829	15491	-0.0174
EMMER_p_8TCGA_Mx_242_238_N_GenomeWideSNP_6_C01_1244732	6	103737976	103762061	46	-1.1675
EMMER_p_8TCGA_Mx_242_238_N_GenomeWideSNP_6_C01_1244732	6	103765470	126182763	13899	-0.0184
EMMER_p_8TCGA_Mx_242_238_N_GenomeWideSNP_6_C01_1244732	6	126183692	126186776	3	-1.0627
EMMER_p_8TCGA_Mx_242_238_N_GenomeWideSNP_6_C01_1244732	6	126188893	134266268	5181	-0.0219
EMMER_p_8TCGA_Mx_242_238_N_GenomeWideSNP_6_C01_1244732	6	134269071	134269632	2	-1.9754
EMMER_p_8TCGA_Mx_242_238_N_GenomeWideSNP_6_C01_1244732	6	134272072	171051005	25145	-0.0146
EMMER_p_8TCGA_Mx_242_238_N_GenomeWideSNP_6_C01_1244732	7	43355	38290693	27431	-0.0189
EMMER_p_8TCGA_Mx_242_238_N_GenomeWideSNP_6_C01_1244732	7	38290714	38358728	107	0.242
EMMER_p_8TCGA_Mx_242_238_N_GenomeWideSNP_6_C01_1244732	7	38358956	64594341	14170	-0.0193
EMMER_p_8TCGA_Mx_242_238_N_GenomeWideSNP_6_C01_1244732	7	64594929	64595698	4	1.2237
EMMER_p_8TCGA_Mx_242_238_N_GenomeWideSNP_6_C01_1244732	7	64637128	64967767	180	-0.0351
EMMER_p_8TCGA_Mx_242_238_N_GenomeWideSNP_6_C01_1244732	7	64982244	65004489	6	-0.8367
EMMER_p_8TCGA_Mx_242_238_N_GenomeWideSNP_6_C01_1244732	7	65026492	65069673	26	0.0209
EMMER_p_8TCGA_Mx_242_238_N_GenomeWideSNP_6_C01_1244732	7	65069778	65149206	16	-0.4953
EMMER_p_8TCGA_Mx_242_238_N_GenomeWideSNP_6_C01_1244732	7	65161376	66643268	522	-0.0218
EMMER_p_8TCGA_Mx_242_238_N_GenomeWideSNP_6_C01_1244732	7	66644504	66645232	2	-1.228
EMMER_p_8TCGA_Mx_242_238_N_GenomeWideSNP_6_C01_1244732	7	66647639	70420438	2398	-0.0145
EMMER_p_8TCGA_Mx_242_238_N_GenomeWideSNP_6_C01_1244732	7	70423250	70426141	2	-2.1527
EMMER_p_8TCGA_Mx_242_238_N_GenomeWideSNP_6_C01_1244732	7	70428243	109433785	22492	-0.0174
EMMER_p_8TCGA_Mx_242_238_N_GenomeWideSNP_6_C01_1244732	7	109433798	109458757	41	-0.3732
EMMER_p_8TCGA_Mx_242_238_N_GenomeWideSNP_6_C01_1244732	7	109458772	126044923	10027	-0.0166
EMMER_p_8TCGA_Mx_242_238_N_GenomeWideSNP_6_C01_1244732	7	126044974	126046876	14	-0.9416
EMMER_p_8TCGA_Mx_242_238_N_GenomeWideSNP_6_C01_1244732	7	126046877	126260750	143	-0.0256
EMMER_p_8TCGA_Mx_242_238_N_GenomeWideSNP_6_C01_1244732	7	126261849	126262856	2	-3.067
EMMER_p_8TCGA_Mx_242_238_N_GenomeWideSNP_6_C01_1244732	7	126262995	142476719	10291	-0.012
EMMER_p_8TCGA_Mx_242_238_N_GenomeWideSNP_6_C01_1244732	7	142476764	142479665	6	-3.533
EMMER_p_8TCGA_Mx_242_238_N_GenomeWideSNP_6_C01_1244732	7	142479722	142486045	20	-1.4417
EMMER_p_8TCGA_Mx_242_238_N_GenomeWideSNP_6_C01_1244732	7	142486115	144763542	1340	-0.0235
EMMER_p_8TCGA_Mx_242_238_N_GenomeWideSNP_6_C01_1244732	7	144767885	144770965	3	-1.405
EMMER_p_8TCGA_Mx_242_238_N_GenomeWideSNP_6_C01_1244732	7	144780430	147713993	1946	-0.0283
EMMER_p_8TCGA_Mx_242_238_N_GenomeWideSNP_6_C01_1244732	7	147714781	147717262	6	-0.9066
EMMER_p_8TCGA_Mx_242_238_N_GenomeWideSNP_6_C01_1244732	7	147721591	154389895	4033	-0.0079
EMMER_p_8TCGA_Mx_242_238_N_GenomeWideSNP_6_C01_1244732	7	154393171	154397079	3	-2.6541
EMMER_p_8TCGA_Mx_242_238_N_GenomeWideSNP_6_C01_1244732	7	154399613	156391790	1613	-0.0071
EMMER_p_8TCGA_Mx_242_238_N_GenomeWideSNP_6_C01_1244732	7	156393168	156394179	3	-1.1289
EMMER_p_8TCGA_Mx_242_238_N_GenomeWideSNP_6_C01_1244732	7	156394908	159127004	1631	-7e-04
EMMER_p_8TCGA_Mx_242_238_N_GenomeWideSNP_6_C01_1244732	8	31254	3784187	3435	-0.129
EMMER_p_8TCGA_Mx_242_238_N_GenomeWideSNP_6_C01_1244732	8	3787060	3789998	22	-0.7519
EMMER_p_8TCGA_Mx_242_238_N_GenomeWideSNP_6_C01_1244732	8	3790037	7267365	4401	-0.1351
EMMER_p_8TCGA_Mx_242_238_N_GenomeWideSNP_6_C01_1244732	8	7272181	7754392	114	0.0814
EMMER_p_8TCGA_Mx_242_238_N_GenomeWideSNP_6_C01_1244732	8	7759593	12240162	3343	-0.1382
EMMER_p_8TCGA_Mx_242_238_N_GenomeWideSNP_6_C01_1244732	8	12240182	12304656	46	0.2693
EMMER_p_8TCGA_Mx_242_238_N_GenomeWideSNP_6_C01_1244732	8	12310684	13523817	997	-0.1398
EMMER_p_8TCGA_Mx_242_238_N_GenomeWideSNP_6_C01_1244732	8	13524398	13537368	24	-1.3485
EMMER_p_8TCGA_Mx_242_238_N_GenomeWideSNP_6_C01_1244732	8	13539846	18336877	4410	-0.1471
EMMER_p_8TCGA_Mx_242_238_N_GenomeWideSNP_6_C01_1244732	8	18338324	18357397	15	-0.7029
EMMER_p_8TCGA_Mx_242_238_N_GenomeWideSNP_6_C01_1244732	8	18359543	23402308	3879	-0.1361
EMMER_p_8TCGA_Mx_242_238_N_GenomeWideSNP_6_C01_1244732	8	23407740	23407871	5	-0.9674
EMMER_p_8TCGA_Mx_242_238_N_GenomeWideSNP_6_C01_1244732	8	23407905	24201600	523	0.0207
EMMER_p_8TCGA_Mx_242_238_N_GenomeWideSNP_6_C01_1244732	8	24201750	24204531	3	-0.7576
EMMER_p_8TCGA_Mx_242_238_N_GenomeWideSNP_6_C01_1244732	8	24207104	24369552	115	0.1288
EMMER_p_8TCGA_Mx_242_238_N_GenomeWideSNP_6_C01_1244732	8	24370834	24884124	433	-0.1429
EMMER_p_8TCGA_Mx_242_238_N_GenomeWideSNP_6_C01_1244732	8	24885725	24974577	70	0.4623
EMMER_p_8TCGA_Mx_242_238_N_GenomeWideSNP_6_C01_1244732	8	24975500	24979987	17	1.321
EMMER_p_8TCGA_Mx_242_238_N_GenomeWideSNP_6_C01_1244732	8	24984069	25212433	158	0.4961
EMMER_p_8TCGA_Mx_242_238_N_GenomeWideSNP_6_C01_1244732	8	25218092	25698235	396	0.1372
EMMER_p_8TCGA_Mx_242_238_N_GenomeWideSNP_6_C01_1244732	8	25698262	26393343	515	-0.1546
EMMER_p_8TCGA_Mx_242_238_N_GenomeWideSNP_6_C01_1244732	8	26393749	27566514	932	0.3861
EMMER_p_8TCGA_Mx_242_238_N_GenomeWideSNP_6_C01_1244732	8	27567299	29046290	971	0.0757
EMMER_p_8TCGA_Mx_242_238_N_GenomeWideSNP_6_C01_1244732	8	29049442	30059318	671	0.56
EMMER_p_8TCGA_Mx_242_238_N_GenomeWideSNP_6_C01_1244732	8	30059543	30235527	123	0.2691
EMMER_p_8TCGA_Mx_242_238_N_GenomeWideSNP_6_C01_1244732	8	30244004	30719034	237	-0.1411
EMMER_p_8TCGA_Mx_242_238_N_GenomeWideSNP_6_C01_1244732	8	30720556	31904363	769	0.2482
EMMER_p_8TCGA_Mx_242_238_N_GenomeWideSNP_6_C01_1244732	8	31908525	32340283	396	-0.1449
EMMER_p_8TCGA_Mx_242_238_N_GenomeWideSNP_6_C01_1244732	8	32340448	33820295	914	0.0923
EMMER_p_8TCGA_Mx_242_238_N_GenomeWideSNP_6_C01_1244732	8	33828560	38288463	2445	0.6239
EMMER_p_8TCGA_Mx_242_238_N_GenomeWideSNP_6_C01_1244732	8	38290359	38290509	3	-0.4032
EMMER_p_8TCGA_Mx_242_238_N_GenomeWideSNP_6_C01_1244732	8	38291087	38317049	32	0.4698
EMMER_p_8TCGA_Mx_242_238_N_GenomeWideSNP_6_C01_1244732	8	38317067	38317213	5	-0.2085
EMMER_p_8TCGA_Mx_242_238_N_GenomeWideSNP_6_C01_1244732	8	38317245	39235603	473	0.6779
EMMER_p_8TCGA_Mx_242_238_N_GenomeWideSNP_6_C01_1244732	8	39246675	39386965	58	1.2456
EMMER_p_8TCGA_Mx_242_238_N_GenomeWideSNP_6_C01_1244732	8	39388299	40771996	1074	0.6662
EMMER_p_8TCGA_Mx_242_238_N_GenomeWideSNP_6_C01_1244732	8	40777852	40778471	2	-1.8205
EMMER_p_8TCGA_Mx_242_238_N_GenomeWideSNP_6_C01_1244732	8	40783680	46912314	1517	0.5037
EMMER_p_8TCGA_Mx_242_238_N_GenomeWideSNP_6_C01_1244732	8	46919273	57575045	6255	0.089
EMMER_p_8TCGA_Mx_242_238_N_GenomeWideSNP_6_C01_1244732	8	57575455	67835066	6374	0.3317
EMMER_p_8TCGA_Mx_242_238_N_GenomeWideSNP_6_C01_1244732	8	67835215	72212181	2686	0.0982
EMMER_p_8TCGA_Mx_242_238_N_GenomeWideSNP_6_C01_1244732	8	72212365	72216599	10	-0.5322
EMMER_p_8TCGA_Mx_242_238_N_GenomeWideSNP_6_C01_1244732	8	72219863	103992590	19118	0.2792
EMMER_p_8TCGA_Mx_242_238_N_GenomeWideSNP_6_C01_1244732	8	103994911	103997435	3	-0.7279
EMMER_p_8TCGA_Mx_242_238_N_GenomeWideSNP_6_C01_1244732	8	103998546	112294466	4998	0.1606
EMMER_p_8TCGA_Mx_242_238_N_GenomeWideSNP_6_C01_1244732	8	112294670	112295245	5	-1.8046
EMMER_p_8TCGA_Mx_242_238_N_GenomeWideSNP_6_C01_1244732	8	112295260	115631294	1827	0.1173
EMMER_p_8TCGA_Mx_242_238_N_GenomeWideSNP_6_C01_1244732	8	115631436	115641689	36	-0.1403
EMMER_p_8TCGA_Mx_242_238_N_GenomeWideSNP_6_C01_1244732	8	115641731	146298155	21080	0.2375
EMMER_p_8TCGA_Mx_242_238_N_GenomeWideSNP_6_C01_1244732	9	46587	12141524	11377	-0.012
EMMER_p_8TCGA_Mx_242_238_N_GenomeWideSNP_6_C01_1244732	9	12144717	12147460	6	-1.2227
EMMER_p_8TCGA_Mx_242_238_N_GenomeWideSNP_6_C01_1244732	9	12148057	41632708	19946	-0.0193
EMMER_p_8TCGA_Mx_242_238_N_GenomeWideSNP_6_C01_1244732	9	41692297	41692303	2	-1.8383
EMMER_p_8TCGA_Mx_242_238_N_GenomeWideSNP_6_C01_1244732	9	41692317	106566497	25393	-0.0137
EMMER_p_8TCGA_Mx_242_238_N_GenomeWideSNP_6_C01_1244732	9	106568696	106569290	2	-2.7299
EMMER_p_8TCGA_Mx_242_238_N_GenomeWideSNP_6_C01_1244732	9	106570702	115777153	7105	-0.0098
EMMER_p_8TCGA_Mx_242_238_N_GenomeWideSNP_6_C01_1244732	9	115778270	115781111	4	-1.0191
EMMER_p_8TCGA_Mx_242_238_N_GenomeWideSNP_6_C01_1244732	9	115781317	136446894	13866	-0.0112
EMMER_p_8TCGA_Mx_242_238_N_GenomeWideSNP_6_C01_1244732	9	136446964	136447021	3	1.3591
EMMER_p_8TCGA_Mx_242_238_N_GenomeWideSNP_6_C01_1244732	9	136447039	140252947	1763	0.012
EMMER_p_8TCGA_Mx_242_238_N_GenomeWideSNP_6_C01_1244732	9	140255642	140290789	9	0.8989
EMMER_p_8TCGA_Mx_242_238_N_GenomeWideSNP_6_C01_1244732	9	140290805	141091394	407	0.0092
EMMER_p_8TCGA_Mx_242_238_N_GenomeWideSNP_6_C01_1244732	10	72809	17836592	14864	-0.0122
EMMER_p_8TCGA_Mx_242_238_N_GenomeWideSNP_6_C01_1244732	10	17859443	17949857	7	0.8193
EMMER_p_8TCGA_Mx_242_238_N_GenomeWideSNP_6_C01_1244732	10	17971816	18173963	13	-0.6605
EMMER_p_8TCGA_Mx_242_238_N_GenomeWideSNP_6_C01_1244732	10	18185123	18196769	2	-3.3784
EMMER_p_8TCGA_Mx_242_238_N_GenomeWideSNP_6_C01_1244732	10	18199813	24377675	4344	-0.016
EMMER_p_8TCGA_Mx_242_238_N_GenomeWideSNP_6_C01_1244732	10	24377676	24378054	9	-2.2175
EMMER_p_8TCGA_Mx_242_238_N_GenomeWideSNP_6_C01_1244732	10	24378908	31246510	5041	-0.0122
EMMER_p_8TCGA_Mx_242_238_N_GenomeWideSNP_6_C01_1244732	10	31251334	31251738	10	-0.7135
EMMER_p_8TCGA_Mx_242_238_N_GenomeWideSNP_6_C01_1244732	10	31251779	47771030	7636	-0.0074
EMMER_p_8TCGA_Mx_242_238_N_GenomeWideSNP_6_C01_1244732	10	47897394	47948060	4	-1.8092
EMMER_p_8TCGA_Mx_242_238_N_GenomeWideSNP_6_C01_1244732	10	47960476	67306158	12782	-0.0185
EMMER_p_8TCGA_Mx_242_238_N_GenomeWideSNP_6_C01_1244732	10	67306276	67314430	28	-0.6516
EMMER_p_8TCGA_Mx_242_238_N_GenomeWideSNP_6_C01_1244732	10	67314446	92459927	16960	-0.0107
EMMER_p_8TCGA_Mx_242_238_N_GenomeWideSNP_6_C01_1244732	10	92462715	92463291	4	-1.0122
EMMER_p_8TCGA_Mx_242_238_N_GenomeWideSNP_6_C01_1244732	10	92471580	110966751	11677	-0.0113
EMMER_p_8TCGA_Mx_242_238_N_GenomeWideSNP_6_C01_1244732	10	110966843	110966879	2	-2.5098
EMMER_p_8TCGA_Mx_242_238_N_GenomeWideSNP_6_C01_1244732	10	110968020	135506704	17649	-0.0068
EMMER_p_8TCGA_Mx_242_238_N_GenomeWideSNP_6_C01_1244732	11	198510	5789601	3307	-0.006
EMMER_p_8TCGA_Mx_242_238_N_GenomeWideSNP_6_C01_1244732	11	5789725	5789741	2	-1.2474
EMMER_p_8TCGA_Mx_242_238_N_GenomeWideSNP_6_C01_1244732	11	5789869	5809048	26	0.3433
EMMER_p_8TCGA_Mx_242_238_N_GenomeWideSNP_6_C01_1244732	11	5809139	21846894	12076	-0.0116
EMMER_p_8TCGA_Mx_242_238_N_GenomeWideSNP_6_C01_1244732	11	21847506	21848680	4	-1.2994
EMMER_p_8TCGA_Mx_242_238_N_GenomeWideSNP_6_C01_1244732	11	21848752	55374188	19232	-0.0126
EMMER_p_8TCGA_Mx_242_238_N_GenomeWideSNP_6_C01_1244732	11	55374203	55453009	56	-0.628
EMMER_p_8TCGA_Mx_242_238_N_GenomeWideSNP_6_C01_1244732	11	55453576	66066664	5732	-0.0083
EMMER_p_8TCGA_Mx_242_238_N_GenomeWideSNP_6_C01_1244732	11	66066977	66066993	2	-1.5427
EMMER_p_8TCGA_Mx_242_238_N_GenomeWideSNP_6_C01_1244732	11	66068303	134944770	46657	-0.0602
EMMER_p_8TCGA_Mx_242_238_N_GenomeWideSNP_6_C01_1244732	12	150442	11215372	7266	-0.0078
EMMER_p_8TCGA_Mx_242_238_N_GenomeWideSNP_6_C01_1244732	12	11216849	11241532	14	0.6497
EMMER_p_8TCGA_Mx_242_238_N_GenomeWideSNP_6_C01_1244732	12	11251874	31265057	14187	-0.017
EMMER_p_8TCGA_Mx_242_238_N_GenomeWideSNP_6_C01_1244732	12	31269298	31395472	85	0.5064
EMMER_p_8TCGA_Mx_242_238_N_GenomeWideSNP_6_C01_1244732	12	31395843	70872675	22157	-0.0174
EMMER_p_8TCGA_Mx_242_238_N_GenomeWideSNP_6_C01_1244732	12	70876314	70876486	3	-3.6809
EMMER_p_8TCGA_Mx_242_238_N_GenomeWideSNP_6_C01_1244732	12	70877750	70878027	5	-1.2355
EMMER_p_8TCGA_Mx_242_238_N_GenomeWideSNP_6_C01_1244732	12	70879385	99791814	18524	-0.016
EMMER_p_8TCGA_Mx_242_238_N_GenomeWideSNP_6_C01_1244732	12	99795293	99798734	31	-1.3788
EMMER_p_8TCGA_Mx_242_238_N_GenomeWideSNP_6_C01_1244732	12	99803093	128229809	18756	-0.0087
EMMER_p_8TCGA_Mx_242_238_N_GenomeWideSNP_6_C01_1244732	12	128230197	128233920	7	-0.9666
EMMER_p_8TCGA_Mx_242_238_N_GenomeWideSNP_6_C01_1244732	12	128238387	133778189	3998	0.0067
EMMER_p_8TCGA_Mx_242_238_N_GenomeWideSNP_6_C01_1244732	13	19026949	26213328	4858	-0.011
EMMER_p_8TCGA_Mx_242_238_N_GenomeWideSNP_6_C01_1244732	13	26217691	26220163	2	-1.5351
EMMER_p_8TCGA_Mx_242_238_N_GenomeWideSNP_6_C01_1244732	13	26221002	38070370	8706	-0.0106
EMMER_p_8TCGA_Mx_242_238_N_GenomeWideSNP_6_C01_1244732	13	38071135	38084757	17	0.5811
EMMER_p_8TCGA_Mx_242_238_N_GenomeWideSNP_6_C01_1244732	13	38088330	58583350	12982	-0.0118
EMMER_p_8TCGA_Mx_242_238_N_GenomeWideSNP_6_C01_1244732	13	58584790	58593272	5	-1.0387
EMMER_p_8TCGA_Mx_242_238_N_GenomeWideSNP_6_C01_1244732	13	58593346	84634593	16819	-0.019
EMMER_p_8TCGA_Mx_242_238_N_GenomeWideSNP_6_C01_1244732	13	84639057	84745743	62	-0.7065
EMMER_p_8TCGA_Mx_242_238_N_GenomeWideSNP_6_C01_1244732	13	84750414	115108397	20827	-0.013
EMMER_p_8TCGA_Mx_242_238_N_GenomeWideSNP_6_C01_1244732	14	19002124	20157843	81	-0.0767
EMMER_p_8TCGA_Mx_242_238_N_GenomeWideSNP_6_C01_1244732	14	20200183	20422583	108	0.4641
EMMER_p_8TCGA_Mx_242_238_N_GenomeWideSNP_6_C01_1244732	14	20423372	106079024	54783	-0.0106
EMMER_p_8TCGA_Mx_242_238_N_GenomeWideSNP_6_C01_1244732	14	106079647	106116861	7	-0.9051
EMMER_p_8TCGA_Mx_242_238_N_GenomeWideSNP_6_C01_1244732	14	106119639	106796697	259	0.0225
EMMER_p_8TCGA_Mx_242_238_N_GenomeWideSNP_6_C01_1244732	14	106801355	106821736	8	0.967
EMMER_p_8TCGA_Mx_242_238_N_GenomeWideSNP_6_C01_1244732	14	106825916	107285437	304	-0.0224
EMMER_p_8TCGA_Mx_242_238_N_GenomeWideSNP_6_C01_1244732	15	20016328	22287270	311	-0.1463
EMMER_p_8TCGA_Mx_242_238_N_GenomeWideSNP_6_C01_1244732	15	22291024	22673399	112	-0.7728
EMMER_p_8TCGA_Mx_242_238_N_GenomeWideSNP_6_C01_1244732	15	22681076	24674751	1006	-0.0213
EMMER_p_8TCGA_Mx_242_238_N_GenomeWideSNP_6_C01_1244732	15	24674887	24714839	34	-0.632
EMMER_p_8TCGA_Mx_242_238_N_GenomeWideSNP_6_C01_1244732	15	24714858	34719795	6353	-0.0051
EMMER_p_8TCGA_Mx_242_238_N_GenomeWideSNP_6_C01_1244732	15	34719811	34818317	68	-0.7155
EMMER_p_8TCGA_Mx_242_238_N_GenomeWideSNP_6_C01_1244732	15	34830253	34929751	55	-0.1125
EMMER_p_8TCGA_Mx_242_238_N_GenomeWideSNP_6_C01_1244732	15	34929927	34977813	57	-0.951
EMMER_p_8TCGA_Mx_242_238_N_GenomeWideSNP_6_C01_1244732	15	34984991	76891511	26347	-0.0114
EMMER_p_8TCGA_Mx_242_238_N_GenomeWideSNP_6_C01_1244732	15	76891627	76895775	20	-2.2439
EMMER_p_8TCGA_Mx_242_238_N_GenomeWideSNP_6_C01_1244732	15	76902179	82089071	3327	-0.0143
EMMER_p_8TCGA_Mx_242_238_N_GenomeWideSNP_6_C01_1244732	15	82089191	82089210	2	-2.2208
EMMER_p_8TCGA_Mx_242_238_N_GenomeWideSNP_6_C01_1244732	15	82096494	93952903	7960	-0.0097
EMMER_p_8TCGA_Mx_242_238_N_GenomeWideSNP_6_C01_1244732	15	93953066	93962454	11	-0.5507
EMMER_p_8TCGA_Mx_242_238_N_GenomeWideSNP_6_C01_1244732	15	93963235	102469040	6375	-0.0036
EMMER_p_8TCGA_Mx_242_238_N_GenomeWideSNP_6_C01_1244732	16	60777	15048844	11129	-0.0033
EMMER_p_8TCGA_Mx_242_238_N_GenomeWideSNP_6_C01_1244732	16	15048860	15116257	61	-0.2704
EMMER_p_8TCGA_Mx_242_238_N_GenomeWideSNP_6_C01_1244732	16	15125441	19944363	2329	-0.0036
EMMER_p_8TCGA_Mx_242_238_N_GenomeWideSNP_6_C01_1244732	16	19945650	19970254	30	0.3321
EMMER_p_8TCGA_Mx_242_238_N_GenomeWideSNP_6_C01_1244732	16	19970490	32012955	6513	-0.0122
EMMER_p_8TCGA_Mx_242_238_N_GenomeWideSNP_6_C01_1244732	16	32013278	32588622	91	-0.3774
EMMER_p_8TCGA_Mx_242_238_N_GenomeWideSNP_6_C01_1244732	16	32588901	32588906	4	-4.4361
EMMER_p_8TCGA_Mx_242_238_N_GenomeWideSNP_6_C01_1244732	16	32588909	78376377	21604	-0.1329
EMMER_p_8TCGA_Mx_242_238_N_GenomeWideSNP_6_C01_1244732	16	78376711	78384738	9	0.7598
EMMER_p_8TCGA_Mx_242_238_N_GenomeWideSNP_6_C01_1244732	16	78384765	90287535	10641	-0.1244
EMMER_p_8TCGA_Mx_242_238_N_GenomeWideSNP_6_C01_1244732	17	526	16654301	10504	-0.014
EMMER_p_8TCGA_Mx_242_238_N_GenomeWideSNP_6_C01_1244732	17	16657331	16722801	10	-0.8581
EMMER_p_8TCGA_Mx_242_238_N_GenomeWideSNP_6_C01_1244732	17	16735532	18355392	925	-0.0067
EMMER_p_8TCGA_Mx_242_238_N_GenomeWideSNP_6_C01_1244732	17	18358946	18453437	25	0.7419
EMMER_p_8TCGA_Mx_242_238_N_GenomeWideSNP_6_C01_1244732	17	18459272	39421708	9497	0.0039
EMMER_p_8TCGA_Mx_242_238_N_GenomeWideSNP_6_C01_1244732	17	39423014	39430531	24	1.1804
EMMER_p_8TCGA_Mx_242_238_N_GenomeWideSNP_6_C01_1244732	17	39432724	54158456	8492	-0.016
EMMER_p_8TCGA_Mx_242_238_N_GenomeWideSNP_6_C01_1244732	17	54159044	54172591	28	-0.7714
EMMER_p_8TCGA_Mx_242_238_N_GenomeWideSNP_6_C01_1244732	17	54172823	81049726	15775	-0.0111
EMMER_p_8TCGA_Mx_242_238_N_GenomeWideSNP_6_C01_1244732	18	11543	33619781	19702	-0.0111
EMMER_p_8TCGA_Mx_242_238_N_GenomeWideSNP_6_C01_1244732	18	33623028	33633283	5	-1.1868
EMMER_p_8TCGA_Mx_242_238_N_GenomeWideSNP_6_C01_1244732	18	33635568	78015057	31102	-0.0096
EMMER_p_8TCGA_Mx_242_238_N_GenomeWideSNP_6_C01_1244732	19	90910	20289351	8838	-0.0232
EMMER_p_8TCGA_Mx_242_238_N_GenomeWideSNP_6_C01_1244732	19	20289691	20317279	16	-0.9748
EMMER_p_8TCGA_Mx_242_238_N_GenomeWideSNP_6_C01_1244732	19	20317460	21153058	442	-0.002
EMMER_p_8TCGA_Mx_242_238_N_GenomeWideSNP_6_C01_1244732	19	21153079	21153474	2	-1.9164
EMMER_p_8TCGA_Mx_242_238_N_GenomeWideSNP_6_C01_1244732	19	21154168	35849322	7525	-0.0085
EMMER_p_8TCGA_Mx_242_238_N_GenomeWideSNP_6_C01_1244732	19	35849493	35861848	22	-1.5445
EMMER_p_8TCGA_Mx_242_238_N_GenomeWideSNP_6_C01_1244732	19	35866744	59097854	12501	-0.0138
EMMER_p_8TCGA_Mx_242_238_N_GenomeWideSNP_6_C01_1244732	20	61305	1560562	1198	-0.0079
EMMER_p_8TCGA_Mx_242_238_N_GenomeWideSNP_6_C01_1244732	20	1560787	1561667	7	0.8616
EMMER_p_8TCGA_Mx_242_238_N_GenomeWideSNP_6_C01_1244732	20	1567454	62956153	41284	-0.0089
EMMER_p_8TCGA_Mx_242_238_N_GenomeWideSNP_6_C01_1244732	21	10736871	11013964	77	-0.827
EMMER_p_8TCGA_Mx_242_238_N_GenomeWideSNP_6_C01_1244732	21	11018107	48096957	24327	-3e-04
EMMER_p_8TCGA_Mx_242_238_N_GenomeWideSNP_6_C01_1244732	22	16052528	17058616	141	0.1821
EMMER_p_8TCGA_Mx_242_238_N_GenomeWideSNP_6_C01_1244732	22	17062782	17179464	49	-0.226
EMMER_p_8TCGA_Mx_242_238_N_GenomeWideSNP_6_C01_1244732	22	17182835	17536555	210	0.3899
EMMER_p_8TCGA_Mx_242_238_N_GenomeWideSNP_6_C01_1244732	22	17539678	18877536	828	0.0937
EMMER_p_8TCGA_Mx_242_238_N_GenomeWideSNP_6_C01_1244732	22	18877787	19025225	95	0.4546
EMMER_p_8TCGA_Mx_242_238_N_GenomeWideSNP_6_C01_1244732	22	19026061	21572214	1530	0.1014
EMMER_p_8TCGA_Mx_242_238_N_GenomeWideSNP_6_C01_1244732	22	21595029	21708030	5	1.0764
EMMER_p_8TCGA_Mx_242_238_N_GenomeWideSNP_6_C01_1244732	22	21708108	23262981	1058	0.0903
EMMER_p_8TCGA_Mx_242_238_N_GenomeWideSNP_6_C01_1244732	22	23263242	23263257	2	-2.1194
EMMER_p_8TCGA_Mx_242_238_N_GenomeWideSNP_6_C01_1244732	22	23263274	24330218	694	0.0675
EMMER_p_8TCGA_Mx_242_238_N_GenomeWideSNP_6_C01_1244732	22	24330269	24332625	3	-2.4014
EMMER_p_8TCGA_Mx_242_238_N_GenomeWideSNP_6_C01_1244732	22	24332933	24344422	4	-0.1439
EMMER_p_8TCGA_Mx_242_238_N_GenomeWideSNP_6_C01_1244732	22	24350529	24391081	16	0.8609
EMMER_p_8TCGA_Mx_242_238_N_GenomeWideSNP_6_C01_1244732	22	24393745	25661698	825	0.1057
EMMER_p_8TCGA_Mx_242_238_N_GenomeWideSNP_6_C01_1244732	22	25663985	25916386	293	-0.803
EMMER_p_8TCGA_Mx_242_238_N_GenomeWideSNP_6_C01_1244732	22	25918709	27108151	1112	0.095
EMMER_p_8TCGA_Mx_242_238_N_GenomeWideSNP_6_C01_1244732	22	27110827	30742125	2611	0.3913
EMMER_p_8TCGA_Mx_242_238_N_GenomeWideSNP_6_C01_1244732	22	30763030	31563555	463	0.7501
EMMER_p_8TCGA_Mx_242_238_N_GenomeWideSNP_6_C01_1244732	22	31565925	31961713	219	0.3937
EMMER_p_8TCGA_Mx_242_238_N_GenomeWideSNP_6_C01_1244732	22	31968262	35443781	2959	-0.1307
EMMER_p_8TCGA_Mx_242_238_N_GenomeWideSNP_6_C01_1244732	22	35451234	35632696	195	0.5402
EMMER_p_8TCGA_Mx_242_238_N_GenomeWideSNP_6_C01_1244732	22	35634145	37742992	1386	-0.1155
EMMER_p_8TCGA_Mx_242_238_N_GenomeWideSNP_6_C01_1244732	22	37748729	37749946	4	-1.7134
EMMER_p_8TCGA_Mx_242_238_N_GenomeWideSNP_6_C01_1244732	22	37750667	42717108	2625	-0.0174
EMMER_p_8TCGA_Mx_242_238_N_GenomeWideSNP_6_C01_1244732	22	42717604	42718235	2	-1.5017
EMMER_p_8TCGA_Mx_242_238_N_GenomeWideSNP_6_C01_1244732	22	42723032	51234455	6233	0.0068
EMMER_p_8TCGA_Mx_242_238_N_GenomeWideSNP_6_C01_1244732	X	168477	76349873	40138	0.0026
EMMER_p_8TCGA_Mx_242_238_N_GenomeWideSNP_6_C01_1244732	X	76353650	76378656	3	-2.1204
EMMER_p_8TCGA_Mx_242_238_N_GenomeWideSNP_6_C01_1244732	X	76378658	155182354	44427	0.0012
EMMER_p_8TCGA_Mx_242_238_N_GenomeWideSNP_6_C01_1244732	Y	2650438	2985595	152	-2.9374
EMMER_p_8TCGA_Mx_242_238_N_GenomeWideSNP_6_C01_1244732	Y	2985939	5949434	655	-2.5452
EMMER_p_8TCGA_Mx_242_238_N_GenomeWideSNP_6_C01_1244732	Y	5949944	6165783	95	-3.1114
EMMER_p_8TCGA_Mx_242_238_N_GenomeWideSNP_6_C01_1244732	Y	6172294	6281935	47	-4.0933
EMMER_p_8TCGA_Mx_242_238_N_GenomeWideSNP_6_C01_1244732	Y	6282097	15590276	2626	-3.0099
EMMER_p_8TCGA_Mx_242_238_N_GenomeWideSNP_6_C01_1244732	Y	15590342	15594523	3	-7.5064
EMMER_p_8TCGA_Mx_242_238_N_GenomeWideSNP_6_C01_1244732	Y	15594889	18236070	1410	-3.071
EMMER_p_8TCGA_Mx_242_238_N_GenomeWideSNP_6_C01_1244732	Y	18237684	18534435	123	-3.4827
EMMER_p_8TCGA_Mx_242_238_N_GenomeWideSNP_6_C01_1244732	Y	18534603	19574890	548	-3.17
EMMER_p_8TCGA_Mx_242_238_N_GenomeWideSNP_6_C01_1244732	Y	19576544	21088485	704	-3.5433
EMMER_p_8TCGA_Mx_242_238_N_GenomeWideSNP_6_C01_1244732	Y	21092444	24514859	1242	-3.0822
EMMER_p_8TCGA_Mx_242_238_N_GenomeWideSNP_6_C01_1244732	Y	24515802	26190025	315	-3.608
EMMER_p_8TCGA_Mx_242_238_N_GenomeWideSNP_6_C01_1244732	Y	26193050	26482387	81	-2.8989
EMMER_p_8TCGA_Mx_242_238_N_GenomeWideSNP_6_C01_1244732	Y	26489997	27436702	102	-3.9249
EMMER_p_8TCGA_Mx_242_238_N_GenomeWideSNP_6_C01_1244732	Y	27444915	27720551	91	-2.7979
EMMER_p_8TCGA_Mx_242_238_N_GenomeWideSNP_6_C01_1244732	Y	27721084	28423938	251	-3.6995
EMMER_p_8TCGA_Mx_242_238_N_GenomeWideSNP_6_C01_1244732	Y	28438116	59018259	181	-2.8683
