Sample	Chromosome	Start	End	Num_Probes	Segment_Mean
EMMER_p_8TCGA_Mx_242_238_N_GenomeWideSNP_6_A02_1244832	1	61735	16147181	8399	-0.0557
EMMER_p_8TCGA_Mx_242_238_N_GenomeWideSNP_6_A02_1244832	1	16147392	16148537	2	-1.7829
EMMER_p_8TCGA_Mx_242_238_N_GenomeWideSNP_6_A02_1244832	1	16149003	16797756	295	-0.0826
EMMER_p_8TCGA_Mx_242_238_N_GenomeWideSNP_6_A02_1244832	1	16803776	17225225	137	-0.3934
EMMER_p_8TCGA_Mx_242_238_N_GenomeWideSNP_6_A02_1244832	1	17225367	17235698	5	0.6853
EMMER_p_8TCGA_Mx_242_238_N_GenomeWideSNP_6_A02_1244832	1	17235852	17261797	41	-0.5319
EMMER_p_8TCGA_Mx_242_238_N_GenomeWideSNP_6_A02_1244832	1	17261888	45500294	16154	-0.0309
EMMER_p_8TCGA_Mx_242_238_N_GenomeWideSNP_6_A02_1244832	1	45501474	45699355	91	-0.4681
EMMER_p_8TCGA_Mx_242_238_N_GenomeWideSNP_6_A02_1244832	1	45703247	58535140	7922	-0.0561
EMMER_p_8TCGA_Mx_242_238_N_GenomeWideSNP_6_A02_1244832	1	58536065	62699778	3031	0.4834
EMMER_p_8TCGA_Mx_242_238_N_GenomeWideSNP_6_A02_1244832	1	62702677	72796892	6947	-0.0879
EMMER_p_8TCGA_Mx_242_238_N_GenomeWideSNP_6_A02_1244832	1	72797026	72797412	2	-2.5101
EMMER_p_8TCGA_Mx_242_238_N_GenomeWideSNP_6_A02_1244832	1	72798594	77943904	3363	-0.101
EMMER_p_8TCGA_Mx_242_238_N_GenomeWideSNP_6_A02_1244832	1	77944732	78016146	58	0.3486
EMMER_p_8TCGA_Mx_242_238_N_GenomeWideSNP_6_A02_1244832	1	78017571	110233571	20290	-0.0902
EMMER_p_8TCGA_Mx_242_238_N_GenomeWideSNP_6_A02_1244832	1	110234231	110234410	2	2.2354
EMMER_p_8TCGA_Mx_242_238_N_GenomeWideSNP_6_A02_1244832	1	110234555	146531245	7649	-0.0814
EMMER_p_8TCGA_Mx_242_238_N_GenomeWideSNP_6_A02_1244832	1	146534454	146641686	66	0.4013
EMMER_p_8TCGA_Mx_242_238_N_GenomeWideSNP_6_A02_1244832	1	146645255	152555706	2302	0.058
EMMER_p_8TCGA_Mx_242_238_N_GenomeWideSNP_6_A02_1244832	1	152555767	152586576	33	0.7426
EMMER_p_8TCGA_Mx_242_238_N_GenomeWideSNP_6_A02_1244832	1	152586594	195347740	28821	0.1433
EMMER_p_8TCGA_Mx_242_238_N_GenomeWideSNP_6_A02_1244832	1	195347981	195365776	14	0.807
EMMER_p_8TCGA_Mx_242_238_N_GenomeWideSNP_6_A02_1244832	1	195365897	198304536	1805	0.2303
EMMER_p_8TCGA_Mx_242_238_N_GenomeWideSNP_6_A02_1244832	1	198306860	198307779	3	-1.395
EMMER_p_8TCGA_Mx_242_238_N_GenomeWideSNP_6_A02_1244832	1	198311359	227425301	19667	0.2153
EMMER_p_8TCGA_Mx_242_238_N_GenomeWideSNP_6_A02_1244832	1	227426072	227426406	3	-1.4436
EMMER_p_8TCGA_Mx_242_238_N_GenomeWideSNP_6_A02_1244832	1	227429178	228653417	629	0.2296
EMMER_p_8TCGA_Mx_242_238_N_GenomeWideSNP_6_A02_1244832	1	228654111	228658545	3	1.3501
EMMER_p_8TCGA_Mx_242_238_N_GenomeWideSNP_6_A02_1244832	1	228660479	229811169	745	0.2117
EMMER_p_8TCGA_Mx_242_238_N_GenomeWideSNP_6_A02_1244832	1	229816856	229820456	4	-1.1752
EMMER_p_8TCGA_Mx_242_238_N_GenomeWideSNP_6_A02_1244832	1	229820485	242859921	10068	0.203
EMMER_p_8TCGA_Mx_242_238_N_GenomeWideSNP_6_A02_1244832	1	242862868	242871110	10	-1.2062
EMMER_p_8TCGA_Mx_242_238_N_GenomeWideSNP_6_A02_1244832	1	242871812	244773891	1207	0.1921
EMMER_p_8TCGA_Mx_242_238_N_GenomeWideSNP_6_A02_1244832	1	244774511	245030117	138	-0.223
EMMER_p_8TCGA_Mx_242_238_N_GenomeWideSNP_6_A02_1244832	1	245031807	249224388	2633	0.2201
EMMER_p_8TCGA_Mx_242_238_N_GenomeWideSNP_6_A02_1244832	2	12784	34520473	24000	0.3606
EMMER_p_8TCGA_Mx_242_238_N_GenomeWideSNP_6_A02_1244832	2	34523978	34525580	2	-2.0529
EMMER_p_8TCGA_Mx_242_238_N_GenomeWideSNP_6_A02_1244832	2	34525967	34711334	109	0.3725
EMMER_p_8TCGA_Mx_242_238_N_GenomeWideSNP_6_A02_1244832	2	34711390	34736513	31	0.9596
EMMER_p_8TCGA_Mx_242_238_N_GenomeWideSNP_6_A02_1244832	2	34737057	38756486	3088	0.3486
EMMER_p_8TCGA_Mx_242_238_N_GenomeWideSNP_6_A02_1244832	2	38756556	41299166	1800	0.7147
EMMER_p_8TCGA_Mx_242_238_N_GenomeWideSNP_6_A02_1244832	2	41299309	47011488	4293	0.3509
EMMER_p_8TCGA_Mx_242_238_N_GenomeWideSNP_6_A02_1244832	2	47011923	47671840	428	0.7164
EMMER_p_8TCGA_Mx_242_238_N_GenomeWideSNP_6_A02_1244832	2	47675818	52754468	3430	0.3245
EMMER_p_8TCGA_Mx_242_238_N_GenomeWideSNP_6_A02_1244832	2	52754480	52781542	39	-2.3114
EMMER_p_8TCGA_Mx_242_238_N_GenomeWideSNP_6_A02_1244832	2	52787949	75874979	14906	0.1688
EMMER_p_8TCGA_Mx_242_238_N_GenomeWideSNP_6_A02_1244832	2	75875317	75890605	21	0.6989
EMMER_p_8TCGA_Mx_242_238_N_GenomeWideSNP_6_A02_1244832	2	75891041	115536169	19299	0.0499
EMMER_p_8TCGA_Mx_242_238_N_GenomeWideSNP_6_A02_1244832	2	115536316	115539395	10	-1.052
EMMER_p_8TCGA_Mx_242_238_N_GenomeWideSNP_6_A02_1244832	2	115539579	127852021	7840	-0.0069
EMMER_p_8TCGA_Mx_242_238_N_GenomeWideSNP_6_A02_1244832	2	127857046	127857763	2	2.4746
EMMER_p_8TCGA_Mx_242_238_N_GenomeWideSNP_6_A02_1244832	2	127857946	140760425	7757	-0.0035
EMMER_p_8TCGA_Mx_242_238_N_GenomeWideSNP_6_A02_1244832	2	140763032	140763487	2	-1.8593
EMMER_p_8TCGA_Mx_242_238_N_GenomeWideSNP_6_A02_1244832	2	140771128	146862085	3760	-0.026
EMMER_p_8TCGA_Mx_242_238_N_GenomeWideSNP_6_A02_1244832	2	146864404	146878458	29	0.492
EMMER_p_8TCGA_Mx_242_238_N_GenomeWideSNP_6_A02_1244832	2	146878475	172820315	15595	-0.0112
EMMER_p_8TCGA_Mx_242_238_N_GenomeWideSNP_6_A02_1244832	2	172820588	176621015	2471	0.2985
EMMER_p_8TCGA_Mx_242_238_N_GenomeWideSNP_6_A02_1244832	2	176621400	177786007	823	0.7398
EMMER_p_8TCGA_Mx_242_238_N_GenomeWideSNP_6_A02_1244832	2	177786976	177902052	77	1.0551
EMMER_p_8TCGA_Mx_242_238_N_GenomeWideSNP_6_A02_1244832	2	177902066	180061655	1302	0.7482
EMMER_p_8TCGA_Mx_242_238_N_GenomeWideSNP_6_A02_1244832	2	180067192	180076663	2	-1.3775
EMMER_p_8TCGA_Mx_242_238_N_GenomeWideSNP_6_A02_1244832	2	180079144	183902722	2467	0.7647
EMMER_p_8TCGA_Mx_242_238_N_GenomeWideSNP_6_A02_1244832	2	183908520	184014447	60	0.2695
EMMER_p_8TCGA_Mx_242_238_N_GenomeWideSNP_6_A02_1244832	2	184015089	198534822	8238	0.7805
EMMER_p_8TCGA_Mx_242_238_N_GenomeWideSNP_6_A02_1244832	2	198535566	198538671	2	1.9079
EMMER_p_8TCGA_Mx_242_238_N_GenomeWideSNP_6_A02_1244832	2	198542701	204021436	3091	0.3816
EMMER_p_8TCGA_Mx_242_238_N_GenomeWideSNP_6_A02_1244832	2	204029488	204072559	24	-0.2836
EMMER_p_8TCGA_Mx_242_238_N_GenomeWideSNP_6_A02_1244832	2	204073428	204456119	176	0.4719
EMMER_p_8TCGA_Mx_242_238_N_GenomeWideSNP_6_A02_1244832	2	204459179	204473315	12	-0.0926
EMMER_p_8TCGA_Mx_242_238_N_GenomeWideSNP_6_A02_1244832	2	204478868	204482801	5	0.4776
EMMER_p_8TCGA_Mx_242_238_N_GenomeWideSNP_6_A02_1244832	2	204488476	204670195	100	0.787
EMMER_p_8TCGA_Mx_242_238_N_GenomeWideSNP_6_A02_1244832	2	204671018	204722088	35	1.3199
EMMER_p_8TCGA_Mx_242_238_N_GenomeWideSNP_6_A02_1244832	2	204727622	206568207	1357	0.5451
EMMER_p_8TCGA_Mx_242_238_N_GenomeWideSNP_6_A02_1244832	2	206568410	209752968	2027	-0.002
EMMER_p_8TCGA_Mx_242_238_N_GenomeWideSNP_6_A02_1244832	2	209753095	212603890	1767	0.5469
EMMER_p_8TCGA_Mx_242_238_N_GenomeWideSNP_6_A02_1244832	2	212604921	243089456	19471	-0.0149
EMMER_p_8TCGA_Mx_242_238_N_GenomeWideSNP_6_A02_1244832	3	60345	45011117	31980	0.0411
EMMER_p_8TCGA_Mx_242_238_N_GenomeWideSNP_6_A02_1244832	3	45012513	45062174	32	0.4027
EMMER_p_8TCGA_Mx_242_238_N_GenomeWideSNP_6_A02_1244832	3	45071538	53032038	3760	0.042
EMMER_p_8TCGA_Mx_242_238_N_GenomeWideSNP_6_A02_1244832	3	53033148	53037085	12	0.7568
EMMER_p_8TCGA_Mx_242_238_N_GenomeWideSNP_6_A02_1244832	3	53037240	68725751	12036	-0.0372
EMMER_p_8TCGA_Mx_242_238_N_GenomeWideSNP_6_A02_1244832	3	68732028	68747413	16	0.6969
EMMER_p_8TCGA_Mx_242_238_N_GenomeWideSNP_6_A02_1244832	3	68748758	71914828	2362	-0.1631
EMMER_p_8TCGA_Mx_242_238_N_GenomeWideSNP_6_A02_1244832	3	71915195	71919543	3	-1.5305
EMMER_p_8TCGA_Mx_242_238_N_GenomeWideSNP_6_A02_1244832	3	71922589	102990250	15873	-0.1171
EMMER_p_8TCGA_Mx_242_238_N_GenomeWideSNP_6_A02_1244832	3	102991264	102992611	2	-1.9661
EMMER_p_8TCGA_Mx_242_238_N_GenomeWideSNP_6_A02_1244832	3	102992645	104136235	664	0.0394
EMMER_p_8TCGA_Mx_242_238_N_GenomeWideSNP_6_A02_1244832	3	104136275	104136531	3	1.3022
EMMER_p_8TCGA_Mx_242_238_N_GenomeWideSNP_6_A02_1244832	3	104136546	107033464	1853	0.0317
EMMER_p_8TCGA_Mx_242_238_N_GenomeWideSNP_6_A02_1244832	3	107035798	107039461	3	-1.6735
EMMER_p_8TCGA_Mx_242_238_N_GenomeWideSNP_6_A02_1244832	3	107043012	113256338	3914	0.0258
EMMER_p_8TCGA_Mx_242_238_N_GenomeWideSNP_6_A02_1244832	3	113257213	114119418	480	0.398
EMMER_p_8TCGA_Mx_242_238_N_GenomeWideSNP_6_A02_1244832	3	114119500	128947757	9189	0.0118
EMMER_p_8TCGA_Mx_242_238_N_GenomeWideSNP_6_A02_1244832	3	128954713	128954989	2	-1.7429
EMMER_p_8TCGA_Mx_242_238_N_GenomeWideSNP_6_A02_1244832	3	128959313	129787021	384	0.0228
EMMER_p_8TCGA_Mx_242_238_N_GenomeWideSNP_6_A02_1244832	3	129787199	129808276	43	0.3489
EMMER_p_8TCGA_Mx_242_238_N_GenomeWideSNP_6_A02_1244832	3	129808555	131706696	1170	0.0131
EMMER_p_8TCGA_Mx_242_238_N_GenomeWideSNP_6_A02_1244832	3	131708157	131708471	2	-2.3168
EMMER_p_8TCGA_Mx_242_238_N_GenomeWideSNP_6_A02_1244832	3	131714999	140542539	5560	0.0173
EMMER_p_8TCGA_Mx_242_238_N_GenomeWideSNP_6_A02_1244832	3	140545701	140546984	2	-4.0739
EMMER_p_8TCGA_Mx_242_238_N_GenomeWideSNP_6_A02_1244832	3	140560618	197896118	35500	-0.0629
EMMER_p_8TCGA_Mx_242_238_N_GenomeWideSNP_6_A02_1244832	4	12281	521830	256	-0.2103
EMMER_p_8TCGA_Mx_242_238_N_GenomeWideSNP_6_A02_1244832	4	522416	910520	121	0.2485
EMMER_p_8TCGA_Mx_242_238_N_GenomeWideSNP_6_A02_1244832	4	911394	9456977	4862	-0.165
EMMER_p_8TCGA_Mx_242_238_N_GenomeWideSNP_6_A02_1244832	4	9461230	9479345	9	0.8096
EMMER_p_8TCGA_Mx_242_238_N_GenomeWideSNP_6_A02_1244832	4	9486087	17537071	6336	-0.1708
EMMER_p_8TCGA_Mx_242_238_N_GenomeWideSNP_6_A02_1244832	4	17537123	17537140	2	-2.1115
EMMER_p_8TCGA_Mx_242_238_N_GenomeWideSNP_6_A02_1244832	4	17537159	37721151	13252	-0.1868
EMMER_p_8TCGA_Mx_242_238_N_GenomeWideSNP_6_A02_1244832	4	37722832	37723990	2	-2.4703
EMMER_p_8TCGA_Mx_242_238_N_GenomeWideSNP_6_A02_1244832	4	37724069	54228547	7837	-0.1655
EMMER_p_8TCGA_Mx_242_238_N_GenomeWideSNP_6_A02_1244832	4	54235363	54414696	124	0.2103
EMMER_p_8TCGA_Mx_242_238_N_GenomeWideSNP_6_A02_1244832	4	54416496	69217899	9479	-0.1638
EMMER_p_8TCGA_Mx_242_238_N_GenomeWideSNP_6_A02_1244832	4	69218052	69505115	101	0.238
EMMER_p_8TCGA_Mx_242_238_N_GenomeWideSNP_6_A02_1244832	4	69506334	70583267	641	-0.1441
EMMER_p_8TCGA_Mx_242_238_N_GenomeWideSNP_6_A02_1244832	4	70588677	70811806	128	0.356
EMMER_p_8TCGA_Mx_242_238_N_GenomeWideSNP_6_A02_1244832	4	70812304	96247478	15543	-0.1474
EMMER_p_8TCGA_Mx_242_238_N_GenomeWideSNP_6_A02_1244832	4	96247498	96247538	2	-3.5991
EMMER_p_8TCGA_Mx_242_238_N_GenomeWideSNP_6_A02_1244832	4	96247555	99510963	1904	-0.1532
EMMER_p_8TCGA_Mx_242_238_N_GenomeWideSNP_6_A02_1244832	4	99512168	99521345	4	-1.4478
EMMER_p_8TCGA_Mx_242_238_N_GenomeWideSNP_6_A02_1244832	4	99523707	103787068	2606	-0.1615
EMMER_p_8TCGA_Mx_242_238_N_GenomeWideSNP_6_A02_1244832	4	103787403	103788211	2	-1.6869
EMMER_p_8TCGA_Mx_242_238_N_GenomeWideSNP_6_A02_1244832	4	103791356	104745571	568	-0.1504
EMMER_p_8TCGA_Mx_242_238_N_GenomeWideSNP_6_A02_1244832	4	104751630	104751644	6	1.2848
EMMER_p_8TCGA_Mx_242_238_N_GenomeWideSNP_6_A02_1244832	4	104751645	108071612	1879	-0.1406
EMMER_p_8TCGA_Mx_242_238_N_GenomeWideSNP_6_A02_1244832	4	108071628	108071888	2	1.9109
EMMER_p_8TCGA_Mx_242_238_N_GenomeWideSNP_6_A02_1244832	4	108073507	115181828	4448	-0.1272
EMMER_p_8TCGA_Mx_242_238_N_GenomeWideSNP_6_A02_1244832	4	115181910	115184266	5	0.9407
EMMER_p_8TCGA_Mx_242_238_N_GenomeWideSNP_6_A02_1244832	4	115184310	122281973	4342	-0.1364
EMMER_p_8TCGA_Mx_242_238_N_GenomeWideSNP_6_A02_1244832	4	122282468	122291131	29	-1.3582
EMMER_p_8TCGA_Mx_242_238_N_GenomeWideSNP_6_A02_1244832	4	122291522	134605582	6969	-0.1264
EMMER_p_8TCGA_Mx_242_238_N_GenomeWideSNP_6_A02_1244832	4	134610485	134616830	2	-2.1402
EMMER_p_8TCGA_Mx_242_238_N_GenomeWideSNP_6_A02_1244832	4	134618071	172987928	23786	0.0147
EMMER_p_8TCGA_Mx_242_238_N_GenomeWideSNP_6_A02_1244832	4	172989148	173000821	16	0.8073
EMMER_p_8TCGA_Mx_242_238_N_GenomeWideSNP_6_A02_1244832	4	173001831	191027923	12106	0.0406
EMMER_p_8TCGA_Mx_242_238_N_GenomeWideSNP_6_A02_1244832	5	15532	801765	345	-0.073
EMMER_p_8TCGA_Mx_242_238_N_GenomeWideSNP_6_A02_1244832	5	806141	806225	2	-2.7964
EMMER_p_8TCGA_Mx_242_238_N_GenomeWideSNP_6_A02_1244832	5	806336	52402048	32141	-0.0961
EMMER_p_8TCGA_Mx_242_238_N_GenomeWideSNP_6_A02_1244832	5	52404519	52409439	3	-2.0979
EMMER_p_8TCGA_Mx_242_238_N_GenomeWideSNP_6_A02_1244832	5	52411785	57321646	3356	-0.1873
EMMER_p_8TCGA_Mx_242_238_N_GenomeWideSNP_6_A02_1244832	5	57326027	57329115	4	0.6581
EMMER_p_8TCGA_Mx_242_238_N_GenomeWideSNP_6_A02_1244832	5	57329530	57333533	28	1.7839
EMMER_p_8TCGA_Mx_242_238_N_GenomeWideSNP_6_A02_1244832	5	57338357	75450020	10449	-0.1952
EMMER_p_8TCGA_Mx_242_238_N_GenomeWideSNP_6_A02_1244832	5	75450067	75450144	3	1.4842
EMMER_p_8TCGA_Mx_242_238_N_GenomeWideSNP_6_A02_1244832	5	75450176	103851221	16385	-0.2296
EMMER_p_8TCGA_Mx_242_238_N_GenomeWideSNP_6_A02_1244832	5	103860373	103860604	4	-1.8487
EMMER_p_8TCGA_Mx_242_238_N_GenomeWideSNP_6_A02_1244832	5	103861049	104587153	552	-0.0546
EMMER_p_8TCGA_Mx_242_238_N_GenomeWideSNP_6_A02_1244832	5	104588432	104588453	2	2.0834
EMMER_p_8TCGA_Mx_242_238_N_GenomeWideSNP_6_A02_1244832	5	104589281	125969841	14536	0.0155
EMMER_p_8TCGA_Mx_242_238_N_GenomeWideSNP_6_A02_1244832	5	125972168	125972282	2	-1.7911
EMMER_p_8TCGA_Mx_242_238_N_GenomeWideSNP_6_A02_1244832	5	125972624	131919759	3308	0.0774
EMMER_p_8TCGA_Mx_242_238_N_GenomeWideSNP_6_A02_1244832	5	131924414	132296792	180	0.4005
EMMER_p_8TCGA_Mx_242_238_N_GenomeWideSNP_6_A02_1244832	5	132300997	172609805	26788	0.0731
EMMER_p_8TCGA_Mx_242_238_N_GenomeWideSNP_6_A02_1244832	5	172610244	172610910	2	-1.6284
EMMER_p_8TCGA_Mx_242_238_N_GenomeWideSNP_6_A02_1244832	5	172612565	180193779	4617	0.0884
EMMER_p_8TCGA_Mx_242_238_N_GenomeWideSNP_6_A02_1244832	5	180194185	180199253	5	-1.7692
EMMER_p_8TCGA_Mx_242_238_N_GenomeWideSNP_6_A02_1244832	5	180200629	180790320	287	0.061
EMMER_p_8TCGA_Mx_242_238_N_GenomeWideSNP_6_A02_1244832	6	149661	10313664	8220	-0.189
EMMER_p_8TCGA_Mx_242_238_N_GenomeWideSNP_6_A02_1244832	6	10315275	10469826	87	0.3351
EMMER_p_8TCGA_Mx_242_238_N_GenomeWideSNP_6_A02_1244832	6	10471037	19044716	6475	-0.175
EMMER_p_8TCGA_Mx_242_238_N_GenomeWideSNP_6_A02_1244832	6	19044748	19044869	3	1.5476
EMMER_p_8TCGA_Mx_242_238_N_GenomeWideSNP_6_A02_1244832	6	19044898	27774824	5970	-0.1727
EMMER_p_8TCGA_Mx_242_238_N_GenomeWideSNP_6_A02_1244832	6	27777115	27781052	4	-1.4031
EMMER_p_8TCGA_Mx_242_238_N_GenomeWideSNP_6_A02_1244832	6	27784310	29073094	550	-0.1504
EMMER_p_8TCGA_Mx_242_238_N_GenomeWideSNP_6_A02_1244832	6	29079281	29096033	3	1.15
EMMER_p_8TCGA_Mx_242_238_N_GenomeWideSNP_6_A02_1244832	6	29106468	29737677	315	-0.2041
EMMER_p_8TCGA_Mx_242_238_N_GenomeWideSNP_6_A02_1244832	6	29737846	29745726	7	0.6457
EMMER_p_8TCGA_Mx_242_238_N_GenomeWideSNP_6_A02_1244832	6	29745761	29874709	101	-0.1358
EMMER_p_8TCGA_Mx_242_238_N_GenomeWideSNP_6_A02_1244832	6	29874808	29898897	9	-1.253
EMMER_p_8TCGA_Mx_242_238_N_GenomeWideSNP_6_A02_1244832	6	29899677	32431292	1164	-0.1527
EMMER_p_8TCGA_Mx_242_238_N_GenomeWideSNP_6_A02_1244832	6	32431552	32530144	29	1.0634
EMMER_p_8TCGA_Mx_242_238_N_GenomeWideSNP_6_A02_1244832	6	32530298	32624591	40	0.1847
EMMER_p_8TCGA_Mx_242_238_N_GenomeWideSNP_6_A02_1244832	6	32625095	53931151	13740	-0.1752
EMMER_p_8TCGA_Mx_242_238_N_GenomeWideSNP_6_A02_1244832	6	53931230	53931855	6	-2.3383
EMMER_p_8TCGA_Mx_242_238_N_GenomeWideSNP_6_A02_1244832	6	53935348	65336942	4350	-0.1011
EMMER_p_8TCGA_Mx_242_238_N_GenomeWideSNP_6_A02_1244832	6	65347544	65348992	2	-2.6439
EMMER_p_8TCGA_Mx_242_238_N_GenomeWideSNP_6_A02_1244832	6	65350776	66394090	696	-0.0332
EMMER_p_8TCGA_Mx_242_238_N_GenomeWideSNP_6_A02_1244832	6	66399482	66403837	23	-0.8674
EMMER_p_8TCGA_Mx_242_238_N_GenomeWideSNP_6_A02_1244832	6	66403852	77003184	6908	-0.0234
EMMER_p_8TCGA_Mx_242_238_N_GenomeWideSNP_6_A02_1244832	6	77003871	77024256	20	0.3547
EMMER_p_8TCGA_Mx_242_238_N_GenomeWideSNP_6_A02_1244832	6	77024273	77027781	19	-0.0317
EMMER_p_8TCGA_Mx_242_238_N_GenomeWideSNP_6_A02_1244832	6	77032953	77033209	3	1.4018
EMMER_p_8TCGA_Mx_242_238_N_GenomeWideSNP_6_A02_1244832	6	77033384	77440937	267	-0.1097
EMMER_p_8TCGA_Mx_242_238_N_GenomeWideSNP_6_A02_1244832	6	77441375	77443247	6	0.781
EMMER_p_8TCGA_Mx_242_238_N_GenomeWideSNP_6_A02_1244832	6	77446199	103738084	16572	-0.1132
EMMER_p_8TCGA_Mx_242_238_N_GenomeWideSNP_6_A02_1244832	6	103738188	103751564	17	0.6312
EMMER_p_8TCGA_Mx_242_238_N_GenomeWideSNP_6_A02_1244832	6	103751877	148735109	28480	0.1155
EMMER_p_8TCGA_Mx_242_238_N_GenomeWideSNP_6_A02_1244832	6	148736692	171051005	15736	-0.3426
EMMER_p_8TCGA_Mx_242_238_N_GenomeWideSNP_6_A02_1244832	7	43355	11861355	7542	0.0298
EMMER_p_8TCGA_Mx_242_238_N_GenomeWideSNP_6_A02_1244832	7	11861648	21771465	7948	0.6046
EMMER_p_8TCGA_Mx_242_238_N_GenomeWideSNP_6_A02_1244832	7	21773996	38478977	12124	0.1849
EMMER_p_8TCGA_Mx_242_238_N_GenomeWideSNP_6_A02_1244832	7	38479220	38485913	5	-0.9881
EMMER_p_8TCGA_Mx_242_238_N_GenomeWideSNP_6_A02_1244832	7	38486569	54386505	10933	0.1835
EMMER_p_8TCGA_Mx_242_238_N_GenomeWideSNP_6_A02_1244832	7	54386509	54386517	5	-2.3332
EMMER_p_8TCGA_Mx_242_238_N_GenomeWideSNP_6_A02_1244832	7	54393488	97385970	22133	0.159
EMMER_p_8TCGA_Mx_242_238_N_GenomeWideSNP_6_A02_1244832	7	97395460	97402475	16	-0.4559
EMMER_p_8TCGA_Mx_242_238_N_GenomeWideSNP_6_A02_1244832	7	97404240	102340696	2071	0.3285
EMMER_p_8TCGA_Mx_242_238_N_GenomeWideSNP_6_A02_1244832	7	102340956	102380386	23	-0.2786
EMMER_p_8TCGA_Mx_242_238_N_GenomeWideSNP_6_A02_1244832	7	102381005	102837947	197	0.1544
EMMER_p_8TCGA_Mx_242_238_N_GenomeWideSNP_6_A02_1244832	7	102843462	102855866	9	-0.5754
EMMER_p_8TCGA_Mx_242_238_N_GenomeWideSNP_6_A02_1244832	7	102860156	143909445	25706	0.0688
EMMER_p_8TCGA_Mx_242_238_N_GenomeWideSNP_6_A02_1244832	7	143911624	144066947	39	0.3908
EMMER_p_8TCGA_Mx_242_238_N_GenomeWideSNP_6_A02_1244832	7	144074929	159127004	9695	0.011
EMMER_p_8TCGA_Mx_242_238_N_GenomeWideSNP_6_A02_1244832	8	31254	6158191	6890	-0.4169
EMMER_p_8TCGA_Mx_242_238_N_GenomeWideSNP_6_A02_1244832	8	6158260	6171035	17	-1.3148
EMMER_p_8TCGA_Mx_242_238_N_GenomeWideSNP_6_A02_1244832	8	6171147	14577611	6516	-0.4098
EMMER_p_8TCGA_Mx_242_238_N_GenomeWideSNP_6_A02_1244832	8	14577653	14577666	4	-2.2172
EMMER_p_8TCGA_Mx_242_238_N_GenomeWideSNP_6_A02_1244832	8	14577670	39256739	17422	-0.4113
EMMER_p_8TCGA_Mx_242_238_N_GenomeWideSNP_6_A02_1244832	8	39260582	39386965	50	0.0756
EMMER_p_8TCGA_Mx_242_238_N_GenomeWideSNP_6_A02_1244832	8	39388299	46912027	2588	-0.3961
EMMER_p_8TCGA_Mx_242_238_N_GenomeWideSNP_6_A02_1244832	8	46912314	64848636	11064	0.0411
EMMER_p_8TCGA_Mx_242_238_N_GenomeWideSNP_6_A02_1244832	8	64848897	64849118	6	1.0549
EMMER_p_8TCGA_Mx_242_238_N_GenomeWideSNP_6_A02_1244832	8	64849510	73623573	5246	0.058
EMMER_p_8TCGA_Mx_242_238_N_GenomeWideSNP_6_A02_1244832	8	73623855	73624155	2	-1.9832
EMMER_p_8TCGA_Mx_242_238_N_GenomeWideSNP_6_A02_1244832	8	73624265	107248230	20053	0.1339
EMMER_p_8TCGA_Mx_242_238_N_GenomeWideSNP_6_A02_1244832	8	107248746	107249433	2	1.9985
EMMER_p_8TCGA_Mx_242_238_N_GenomeWideSNP_6_A02_1244832	8	107249559	129756266	14743	0.246
EMMER_p_8TCGA_Mx_242_238_N_GenomeWideSNP_6_A02_1244832	8	129763135	129764085	2	-1.7936
EMMER_p_8TCGA_Mx_242_238_N_GenomeWideSNP_6_A02_1244832	8	129777454	146298155	11261	0.196
EMMER_p_8TCGA_Mx_242_238_N_GenomeWideSNP_6_A02_1244832	9	46587	6704419	6373	-0.1692
EMMER_p_8TCGA_Mx_242_238_N_GenomeWideSNP_6_A02_1244832	9	6704475	6705360	2	-2.2402
EMMER_p_8TCGA_Mx_242_238_N_GenomeWideSNP_6_A02_1244832	9	6707519	10428670	3609	-0.181
EMMER_p_8TCGA_Mx_242_238_N_GenomeWideSNP_6_A02_1244832	9	10428743	10445439	5	-1.5708
EMMER_p_8TCGA_Mx_242_238_N_GenomeWideSNP_6_A02_1244832	9	10445783	20304873	8240	-0.1773
EMMER_p_8TCGA_Mx_242_238_N_GenomeWideSNP_6_A02_1244832	9	20307391	20580601	174	0.1808
EMMER_p_8TCGA_Mx_242_238_N_GenomeWideSNP_6_A02_1244832	9	20587397	43187967	12929	-0.1615
EMMER_p_8TCGA_Mx_242_238_N_GenomeWideSNP_6_A02_1244832	9	43315670	43790346	40	-1.687
EMMER_p_8TCGA_Mx_242_238_N_GenomeWideSNP_6_A02_1244832	9	43800186	68358822	297	-0.2844
EMMER_p_8TCGA_Mx_242_238_N_GenomeWideSNP_6_A02_1244832	9	68665184	69978007	162	-0.6347
EMMER_p_8TCGA_Mx_242_238_N_GenomeWideSNP_6_A02_1244832	9	69978022	98250231	19288	-0.0529
EMMER_p_8TCGA_Mx_242_238_N_GenomeWideSNP_6_A02_1244832	9	98250270	98250559	2	1.7002
EMMER_p_8TCGA_Mx_242_238_N_GenomeWideSNP_6_A02_1244832	9	98250958	141091394	28692	0.0127
EMMER_p_8TCGA_Mx_242_238_N_GenomeWideSNP_6_A02_1244832	10	72809	22957855	18278	0.2213
EMMER_p_8TCGA_Mx_242_238_N_GenomeWideSNP_6_A02_1244832	10	22958977	23030282	44	0.5897
EMMER_p_8TCGA_Mx_242_238_N_GenomeWideSNP_6_A02_1244832	10	23031164	24377678	904	0.2179
EMMER_p_8TCGA_Mx_242_238_N_GenomeWideSNP_6_A02_1244832	10	24377679	24378054	7	1.7058
EMMER_p_8TCGA_Mx_242_238_N_GenomeWideSNP_6_A02_1244832	10	24378908	49241492	13000	0.1985
EMMER_p_8TCGA_Mx_242_238_N_GenomeWideSNP_6_A02_1244832	10	49270823	49287603	4	-1.8942
EMMER_p_8TCGA_Mx_242_238_N_GenomeWideSNP_6_A02_1244832	10	49292463	51830360	1448	-0.0354
EMMER_p_8TCGA_Mx_242_238_N_GenomeWideSNP_6_A02_1244832	10	51840984	51891920	4	-2.3178
EMMER_p_8TCGA_Mx_242_238_N_GenomeWideSNP_6_A02_1244832	10	51910598	67306276	11016	-0.1
EMMER_p_8TCGA_Mx_242_238_N_GenomeWideSNP_6_A02_1244832	10	67307923	67311360	22	-1.1468
EMMER_p_8TCGA_Mx_242_238_N_GenomeWideSNP_6_A02_1244832	10	67313862	71971554	3160	-0.1763
EMMER_p_8TCGA_Mx_242_238_N_GenomeWideSNP_6_A02_1244832	10	71971622	72131568	121	0.1956
EMMER_p_8TCGA_Mx_242_238_N_GenomeWideSNP_6_A02_1244832	10	72132924	73890811	1321	-0.1722
EMMER_p_8TCGA_Mx_242_238_N_GenomeWideSNP_6_A02_1244832	10	73892305	74035716	61	-0.5909
EMMER_p_8TCGA_Mx_242_238_N_GenomeWideSNP_6_A02_1244832	10	74041007	89643122	10131	-0.1743
EMMER_p_8TCGA_Mx_242_238_N_GenomeWideSNP_6_A02_1244832	10	89643190	89702512	105	0.3087
EMMER_p_8TCGA_Mx_242_238_N_GenomeWideSNP_6_A02_1244832	10	89702641	94620334	3242	-0.1777
EMMER_p_8TCGA_Mx_242_238_N_GenomeWideSNP_6_A02_1244832	10	94624759	94631922	6	-1.409
EMMER_p_8TCGA_Mx_242_238_N_GenomeWideSNP_6_A02_1244832	10	94634221	112222004	11223	-0.175
EMMER_p_8TCGA_Mx_242_238_N_GenomeWideSNP_6_A02_1244832	10	112223286	112371565	81	0.1563
EMMER_p_8TCGA_Mx_242_238_N_GenomeWideSNP_6_A02_1244832	10	112377830	115756671	2513	-0.1697
EMMER_p_8TCGA_Mx_242_238_N_GenomeWideSNP_6_A02_1244832	10	115757207	116158875	236	0.2009
EMMER_p_8TCGA_Mx_242_238_N_GenomeWideSNP_6_A02_1244832	10	116160838	135506704	14047	-0.1723
EMMER_p_8TCGA_Mx_242_238_N_GenomeWideSNP_6_A02_1244832	11	198510	6107790	3573	0.0247
EMMER_p_8TCGA_Mx_242_238_N_GenomeWideSNP_6_A02_1244832	11	6108269	6122094	8	-1.1525
EMMER_p_8TCGA_Mx_242_238_N_GenomeWideSNP_6_A02_1244832	11	6122503	12355824	4733	0.0187
EMMER_p_8TCGA_Mx_242_238_N_GenomeWideSNP_6_A02_1244832	11	12362700	12645580	234	0.5599
EMMER_p_8TCGA_Mx_242_238_N_GenomeWideSNP_6_A02_1244832	11	12645699	55376023	26087	0.0115
EMMER_p_8TCGA_Mx_242_238_N_GenomeWideSNP_6_A02_1244832	11	55376236	55442318	43	-0.5326
EMMER_p_8TCGA_Mx_242_238_N_GenomeWideSNP_6_A02_1244832	11	55444211	62040519	3966	-0.1157
EMMER_p_8TCGA_Mx_242_238_N_GenomeWideSNP_6_A02_1244832	11	62040793	62053080	5	-1.1907
EMMER_p_8TCGA_Mx_242_238_N_GenomeWideSNP_6_A02_1244832	11	62053687	62128930	44	-0.1033
EMMER_p_8TCGA_Mx_242_238_N_GenomeWideSNP_6_A02_1244832	11	62131017	62131660	2	-3.3876
EMMER_p_8TCGA_Mx_242_238_N_GenomeWideSNP_6_A02_1244832	11	62132076	86067031	13583	-0.0471
EMMER_p_8TCGA_Mx_242_238_N_GenomeWideSNP_6_A02_1244832	11	86070096	86919145	618	0.5438
EMMER_p_8TCGA_Mx_242_238_N_GenomeWideSNP_6_A02_1244832	11	86919995	87572490	461	0.1315
EMMER_p_8TCGA_Mx_242_238_N_GenomeWideSNP_6_A02_1244832	11	87572776	87573698	2	-1.8233
EMMER_p_8TCGA_Mx_242_238_N_GenomeWideSNP_6_A02_1244832	11	87575142	89699504	1252	0.1948
EMMER_p_8TCGA_Mx_242_238_N_GenomeWideSNP_6_A02_1244832	11	89727683	89818310	8	-0.9834
EMMER_p_8TCGA_Mx_242_238_N_GenomeWideSNP_6_A02_1244832	11	89818604	134944770	32432	0.1363
EMMER_p_8TCGA_Mx_242_238_N_GenomeWideSNP_6_A02_1244832	12	150442	865970	417	0.0808
EMMER_p_8TCGA_Mx_242_238_N_GenomeWideSNP_6_A02_1244832	12	869109	873504	16	-1.1752
EMMER_p_8TCGA_Mx_242_238_N_GenomeWideSNP_6_A02_1244832	12	873944	98753825	61141	-0.004
EMMER_p_8TCGA_Mx_242_238_N_GenomeWideSNP_6_A02_1244832	12	98754712	99063414	194	0.4035
EMMER_p_8TCGA_Mx_242_238_N_GenomeWideSNP_6_A02_1244832	12	99071306	126991922	18139	-0.1526
EMMER_p_8TCGA_Mx_242_238_N_GenomeWideSNP_6_A02_1244832	12	126993860	127004590	10	-1.8163
EMMER_p_8TCGA_Mx_242_238_N_GenomeWideSNP_6_A02_1244832	12	127007475	133778189	5058	-0.1693
EMMER_p_8TCGA_Mx_242_238_N_GenomeWideSNP_6_A02_1244832	13	19026949	19184346	17	0.3629
EMMER_p_8TCGA_Mx_242_238_N_GenomeWideSNP_6_A02_1244832	13	19192679	32180671	9389	-0.063
EMMER_p_8TCGA_Mx_242_238_N_GenomeWideSNP_6_A02_1244832	13	32187766	32392752	138	0.3051
EMMER_p_8TCGA_Mx_242_238_N_GenomeWideSNP_6_A02_1244832	13	32393390	38070370	4013	-0.0663
EMMER_p_8TCGA_Mx_242_238_N_GenomeWideSNP_6_A02_1244832	13	38071135	38088330	18	0.7229
EMMER_p_8TCGA_Mx_242_238_N_GenomeWideSNP_6_A02_1244832	13	38088374	48936962	7530	-0.0772
EMMER_p_8TCGA_Mx_242_238_N_GenomeWideSNP_6_A02_1244832	13	48936998	49022724	115	0.3354
EMMER_p_8TCGA_Mx_242_238_N_GenomeWideSNP_6_A02_1244832	13	49035467	51897366	1706	-0.0553
EMMER_p_8TCGA_Mx_242_238_N_GenomeWideSNP_6_A02_1244832	13	51900224	52099680	105	0.5669
EMMER_p_8TCGA_Mx_242_238_N_GenomeWideSNP_6_A02_1244832	13	52102335	57751096	3069	-0.0811
EMMER_p_8TCGA_Mx_242_238_N_GenomeWideSNP_6_A02_1244832	13	57758270	57778368	33	-1.1311
EMMER_p_8TCGA_Mx_242_238_N_GenomeWideSNP_6_A02_1244832	13	57778380	65352131	4488	-0.0845
EMMER_p_8TCGA_Mx_242_238_N_GenomeWideSNP_6_A02_1244832	13	65352251	65353495	2	-3.699
EMMER_p_8TCGA_Mx_242_238_N_GenomeWideSNP_6_A02_1244832	13	65356283	115108397	33618	0.1253
EMMER_p_8TCGA_Mx_242_238_N_GenomeWideSNP_6_A02_1244832	14	19002124	20200183	82	-0.0969
EMMER_p_8TCGA_Mx_242_238_N_GenomeWideSNP_6_A02_1244832	14	20200381	20420239	106	-0.5348
EMMER_p_8TCGA_Mx_242_238_N_GenomeWideSNP_6_A02_1244832	14	20422583	20550540	95	-0.0826
EMMER_p_8TCGA_Mx_242_238_N_GenomeWideSNP_6_A02_1244832	14	20553284	20555196	2	3.3729
EMMER_p_8TCGA_Mx_242_238_N_GenomeWideSNP_6_A02_1244832	14	20557267	41610496	13527	-0.0629
EMMER_p_8TCGA_Mx_242_238_N_GenomeWideSNP_6_A02_1244832	14	41610690	41657249	13	-2.16
EMMER_p_8TCGA_Mx_242_238_N_GenomeWideSNP_6_A02_1244832	14	41657349	46447024	2773	-0.0631
EMMER_p_8TCGA_Mx_242_238_N_GenomeWideSNP_6_A02_1244832	14	46450315	46630286	109	-1.3212
EMMER_p_8TCGA_Mx_242_238_N_GenomeWideSNP_6_A02_1244832	14	46637981	85565426	25180	-0.0722
EMMER_p_8TCGA_Mx_242_238_N_GenomeWideSNP_6_A02_1244832	14	85565473	85565800	3	1.9072
EMMER_p_8TCGA_Mx_242_238_N_GenomeWideSNP_6_A02_1244832	14	85565964	91474448	3880	-0.0867
EMMER_p_8TCGA_Mx_242_238_N_GenomeWideSNP_6_A02_1244832	14	91477219	91479446	2	-2.2308
EMMER_p_8TCGA_Mx_242_238_N_GenomeWideSNP_6_A02_1244832	14	91479563	92241213	416	-0.0863
EMMER_p_8TCGA_Mx_242_238_N_GenomeWideSNP_6_A02_1244832	14	92248059	92571979	197	0.3816
EMMER_p_8TCGA_Mx_242_238_N_GenomeWideSNP_6_A02_1244832	14	92572032	106538062	8690	-0.0599
EMMER_p_8TCGA_Mx_242_238_N_GenomeWideSNP_6_A02_1244832	14	106541753	106561441	12	-2.5919
EMMER_p_8TCGA_Mx_242_238_N_GenomeWideSNP_6_A02_1244832	14	106567100	107285437	418	-0.0683
EMMER_p_8TCGA_Mx_242_238_N_GenomeWideSNP_6_A02_1244832	15	20016328	102469040	52018	0.0035
EMMER_p_8TCGA_Mx_242_238_N_GenomeWideSNP_6_A02_1244832	16	60777	12372914	9157	0.0858
EMMER_p_8TCGA_Mx_242_238_N_GenomeWideSNP_6_A02_1244832	16	12373069	12648859	260	0.5586
EMMER_p_8TCGA_Mx_242_238_N_GenomeWideSNP_6_A02_1244832	16	12648978	16585264	2367	0.0648
EMMER_p_8TCGA_Mx_242_238_N_GenomeWideSNP_6_A02_1244832	16	16592713	16657460	10	0.8986
EMMER_p_8TCGA_Mx_242_238_N_GenomeWideSNP_6_A02_1244832	16	16663576	50074595	11099	0.0497
EMMER_p_8TCGA_Mx_242_238_N_GenomeWideSNP_6_A02_1244832	16	50074928	50081778	4	1.3552
EMMER_p_8TCGA_Mx_242_238_N_GenomeWideSNP_6_A02_1244832	16	50086297	55132206	3786	0.0381
EMMER_p_8TCGA_Mx_242_238_N_GenomeWideSNP_6_A02_1244832	16	55135859	55136816	2	-1.7576
EMMER_p_8TCGA_Mx_242_238_N_GenomeWideSNP_6_A02_1244832	16	55136905	55796594	618	3e-04
EMMER_p_8TCGA_Mx_242_238_N_GenomeWideSNP_6_A02_1244832	16	55798222	55798779	3	3.3225
EMMER_p_8TCGA_Mx_242_238_N_GenomeWideSNP_6_A02_1244832	16	55804348	90287535	25085	0.0092
EMMER_p_8TCGA_Mx_242_238_N_GenomeWideSNP_6_A02_1244832	17	526	7934669	4400	-0.1642
EMMER_p_8TCGA_Mx_242_238_N_GenomeWideSNP_6_A02_1244832	17	7936991	8024050	43	0.2684
EMMER_p_8TCGA_Mx_242_238_N_GenomeWideSNP_6_A02_1244832	17	8033282	13454016	3911	-0.1717
EMMER_p_8TCGA_Mx_242_238_N_GenomeWideSNP_6_A02_1244832	17	13455945	13463098	14	-1.0344
EMMER_p_8TCGA_Mx_242_238_N_GenomeWideSNP_6_A02_1244832	17	13465131	18355392	3059	-0.1768
EMMER_p_8TCGA_Mx_242_238_N_GenomeWideSNP_6_A02_1244832	17	18358946	18459272	26	-1.4323
EMMER_p_8TCGA_Mx_242_238_N_GenomeWideSNP_6_A02_1244832	17	18464586	37801684	8559	-0.0352
EMMER_p_8TCGA_Mx_242_238_N_GenomeWideSNP_6_A02_1244832	17	37804810	37904211	101	0.378
EMMER_p_8TCGA_Mx_242_238_N_GenomeWideSNP_6_A02_1244832	17	37905816	39430157	848	0.0072
EMMER_p_8TCGA_Mx_242_238_N_GenomeWideSNP_6_A02_1244832	17	39430173	39430450	3	-2.0523
EMMER_p_8TCGA_Mx_242_238_N_GenomeWideSNP_6_A02_1244832	17	39430531	44163098	2511	-0.0109
EMMER_p_8TCGA_Mx_242_238_N_GenomeWideSNP_6_A02_1244832	17	44165803	44364170	125	0.4697
EMMER_p_8TCGA_Mx_242_238_N_GenomeWideSNP_6_A02_1244832	17	44394412	44752283	47	-0.569
EMMER_p_8TCGA_Mx_242_238_N_GenomeWideSNP_6_A02_1244832	17	44752300	67884280	13700	-0.1202
EMMER_p_8TCGA_Mx_242_238_N_GenomeWideSNP_6_A02_1244832	17	67885266	67885483	2	-2.2477
EMMER_p_8TCGA_Mx_242_238_N_GenomeWideSNP_6_A02_1244832	17	67890441	72998474	3828	-0.1266
EMMER_p_8TCGA_Mx_242_238_N_GenomeWideSNP_6_A02_1244832	17	73000833	73459555	216	0.3524
EMMER_p_8TCGA_Mx_242_238_N_GenomeWideSNP_6_A02_1244832	17	73461917	81049726	3850	-0.1181
EMMER_p_8TCGA_Mx_242_238_N_GenomeWideSNP_6_A02_1244832	18	11543	478887	312	0.1807
EMMER_p_8TCGA_Mx_242_238_N_GenomeWideSNP_6_A02_1244832	18	479816	483753	3	1.7667
EMMER_p_8TCGA_Mx_242_238_N_GenomeWideSNP_6_A02_1244832	18	485410	7748661	5267	0.208
EMMER_p_8TCGA_Mx_242_238_N_GenomeWideSNP_6_A02_1244832	18	7752784	7755226	2	2.1558
EMMER_p_8TCGA_Mx_242_238_N_GenomeWideSNP_6_A02_1244832	18	7755352	19953597	5516	0.1639
EMMER_p_8TCGA_Mx_242_238_N_GenomeWideSNP_6_A02_1244832	18	19953907	45433096	16491	-0.3684
EMMER_p_8TCGA_Mx_242_238_N_GenomeWideSNP_6_A02_1244832	18	45433117	45433132	2	-2.6669
EMMER_p_8TCGA_Mx_242_238_N_GenomeWideSNP_6_A02_1244832	18	45433148	70344059	17516	-0.3218
EMMER_p_8TCGA_Mx_242_238_N_GenomeWideSNP_6_A02_1244832	18	70344450	70347870	2	-2.3795
EMMER_p_8TCGA_Mx_242_238_N_GenomeWideSNP_6_A02_1244832	18	70348081	78015057	5625	-0.1235
EMMER_p_8TCGA_Mx_242_238_N_GenomeWideSNP_6_A02_1244832	19	90910	20589062	8970	-0.0023
EMMER_p_8TCGA_Mx_242_238_N_GenomeWideSNP_6_A02_1244832	19	20593489	20716349	74	-0.478
EMMER_p_8TCGA_Mx_242_238_N_GenomeWideSNP_6_A02_1244832	19	20716389	27751675	2208	-0.0066
EMMER_p_8TCGA_Mx_242_238_N_GenomeWideSNP_6_A02_1244832	19	27762138	28493000	268	0.8617
EMMER_p_8TCGA_Mx_242_238_N_GenomeWideSNP_6_A02_1244832	19	28493461	34352547	4280	0.148
EMMER_p_8TCGA_Mx_242_238_N_GenomeWideSNP_6_A02_1244832	19	34352999	34386229	32	0.5126
EMMER_p_8TCGA_Mx_242_238_N_GenomeWideSNP_6_A02_1244832	19	34386266	41348869	3786	0.1313
EMMER_p_8TCGA_Mx_242_238_N_GenomeWideSNP_6_A02_1244832	19	41352383	41376019	34	-1.5256
EMMER_p_8TCGA_Mx_242_238_N_GenomeWideSNP_6_A02_1244832	19	41380946	43538778	1019	0.0309
EMMER_p_8TCGA_Mx_242_238_N_GenomeWideSNP_6_A02_1244832	19	43541419	43560376	6	1.3336
EMMER_p_8TCGA_Mx_242_238_N_GenomeWideSNP_6_A02_1244832	19	43561722	51917735	4072	0.0531
EMMER_p_8TCGA_Mx_242_238_N_GenomeWideSNP_6_A02_1244832	19	51923363	52131813	179	0.4564
EMMER_p_8TCGA_Mx_242_238_N_GenomeWideSNP_6_A02_1244832	19	52142352	52148197	11	-2.4002
EMMER_p_8TCGA_Mx_242_238_N_GenomeWideSNP_6_A02_1244832	19	52154905	52497250	243	0.4949
EMMER_p_8TCGA_Mx_242_238_N_GenomeWideSNP_6_A02_1244832	19	52497943	53316340	547	0.0638
EMMER_p_8TCGA_Mx_242_238_N_GenomeWideSNP_6_A02_1244832	19	53319104	53319159	2	-3.6114
EMMER_p_8TCGA_Mx_242_238_N_GenomeWideSNP_6_A02_1244832	19	53327390	53333903	16	0.0036
EMMER_p_8TCGA_Mx_242_238_N_GenomeWideSNP_6_A02_1244832	19	53334165	53334728	2	-1.9806
EMMER_p_8TCGA_Mx_242_238_N_GenomeWideSNP_6_A02_1244832	19	53335368	59097854	3568	0.0527
EMMER_p_8TCGA_Mx_242_238_N_GenomeWideSNP_6_A02_1244832	20	61305	39938919	25789	-0.0148
EMMER_p_8TCGA_Mx_242_238_N_GenomeWideSNP_6_A02_1244832	20	39941695	62956153	16682	0.325
EMMER_p_8TCGA_Mx_242_238_N_GenomeWideSNP_6_A02_1244832	21	10736871	10873725	9	-0.9647
EMMER_p_8TCGA_Mx_242_238_N_GenomeWideSNP_6_A02_1244832	21	10882071	14570299	151	-0.3628
EMMER_p_8TCGA_Mx_242_238_N_GenomeWideSNP_6_A02_1244832	21	14570574	23637512	6296	0.044
EMMER_p_8TCGA_Mx_242_238_N_GenomeWideSNP_6_A02_1244832	21	23637769	23673883	22	-0.6507
EMMER_p_8TCGA_Mx_242_238_N_GenomeWideSNP_6_A02_1244832	21	23673904	31587382	6028	0.0274
EMMER_p_8TCGA_Mx_242_238_N_GenomeWideSNP_6_A02_1244832	21	31593066	31593833	3	-2.7968
EMMER_p_8TCGA_Mx_242_238_N_GenomeWideSNP_6_A02_1244832	21	31597834	44968053	10124	0.0581
EMMER_p_8TCGA_Mx_242_238_N_GenomeWideSNP_6_A02_1244832	21	44970873	44972812	2	-1.9187
EMMER_p_8TCGA_Mx_242_238_N_GenomeWideSNP_6_A02_1244832	21	44973667	48096957	1762	0.0664
EMMER_p_8TCGA_Mx_242_238_N_GenomeWideSNP_6_A02_1244832	22	16052528	24288367	4584	-0.1788
EMMER_p_8TCGA_Mx_242_238_N_GenomeWideSNP_6_A02_1244832	22	24288434	24331967	22	-0.9409
EMMER_p_8TCGA_Mx_242_238_N_GenomeWideSNP_6_A02_1244832	22	24332625	25736345	896	-0.1635
EMMER_p_8TCGA_Mx_242_238_N_GenomeWideSNP_6_A02_1244832	22	25736672	25736677	5	1.2661
EMMER_p_8TCGA_Mx_242_238_N_GenomeWideSNP_6_A02_1244832	22	25736678	38409674	9480	-0.1666
EMMER_p_8TCGA_Mx_242_238_N_GenomeWideSNP_6_A02_1244832	22	38415563	38720799	169	0.4399
EMMER_p_8TCGA_Mx_242_238_N_GenomeWideSNP_6_A02_1244832	22	38728345	51234455	8372	-0.1608
EMMER_p_8TCGA_Mx_242_238_N_GenomeWideSNP_6_A02_1244832	X	168477	66092868	35397	0.002
EMMER_p_8TCGA_Mx_242_238_N_GenomeWideSNP_6_A02_1244832	X	66094901	66170670	39	0.4443
EMMER_p_8TCGA_Mx_242_238_N_GenomeWideSNP_6_A02_1244832	X	66170750	115137955	25322	9e-04
EMMER_p_8TCGA_Mx_242_238_N_GenomeWideSNP_6_A02_1244832	X	115138403	115150638	6	-2.6116
EMMER_p_8TCGA_Mx_242_238_N_GenomeWideSNP_6_A02_1244832	X	115156419	132704222	10238	0.0134
EMMER_p_8TCGA_Mx_242_238_N_GenomeWideSNP_6_A02_1244832	X	132707825	133040359	150	0.3436
EMMER_p_8TCGA_Mx_242_238_N_GenomeWideSNP_6_A02_1244832	X	133042460	155182354	13377	-0.0042
EMMER_p_8TCGA_Mx_242_238_N_GenomeWideSNP_6_A02_1244832	Y	2650438	2911223	132	-2.7975
EMMER_p_8TCGA_Mx_242_238_N_GenomeWideSNP_6_A02_1244832	Y	2912181	6153454	766	-2.3337
EMMER_p_8TCGA_Mx_242_238_N_GenomeWideSNP_6_A02_1244832	Y	6155929	6296423	58	-3.8844
EMMER_p_8TCGA_Mx_242_238_N_GenomeWideSNP_6_A02_1244832	Y	6299046	8558158	1243	-2.7782
EMMER_p_8TCGA_Mx_242_238_N_GenomeWideSNP_6_A02_1244832	Y	8559121	8564279	3	-6.982
EMMER_p_8TCGA_Mx_242_238_N_GenomeWideSNP_6_A02_1244832	Y	8566636	8682551	70	-2.542
EMMER_p_8TCGA_Mx_242_238_N_GenomeWideSNP_6_A02_1244832	Y	8682843	9759564	354	-3.1323
EMMER_p_8TCGA_Mx_242_238_N_GenomeWideSNP_6_A02_1244832	Y	9774614	15024621	696	-2.7205
EMMER_p_8TCGA_Mx_242_238_N_GenomeWideSNP_6_A02_1244832	Y	15026424	15030817	5	-5.6707
EMMER_p_8TCGA_Mx_242_238_N_GenomeWideSNP_6_A02_1244832	Y	15032288	15590276	249	-2.6325
EMMER_p_8TCGA_Mx_242_238_N_GenomeWideSNP_6_A02_1244832	Y	15590342	15594523	3	-7.6439
EMMER_p_8TCGA_Mx_242_238_N_GenomeWideSNP_6_A02_1244832	Y	15594889	19574890	2081	-2.8633
EMMER_p_8TCGA_Mx_242_238_N_GenomeWideSNP_6_A02_1244832	Y	19576544	19654094	48	-3.9946
EMMER_p_8TCGA_Mx_242_238_N_GenomeWideSNP_6_A02_1244832	Y	19654443	20842231	530	-3.2638
EMMER_p_8TCGA_Mx_242_238_N_GenomeWideSNP_6_A02_1244832	Y	20848128	21024613	93	-3.9054
EMMER_p_8TCGA_Mx_242_238_N_GenomeWideSNP_6_A02_1244832	Y	21025062	24548177	1294	-2.8645
EMMER_p_8TCGA_Mx_242_238_N_GenomeWideSNP_6_A02_1244832	Y	24560227	24887940	48	-3.5374
EMMER_p_8TCGA_Mx_242_238_N_GenomeWideSNP_6_A02_1244832	Y	24888231	24979518	13	-4.7133
EMMER_p_8TCGA_Mx_242_238_N_GenomeWideSNP_6_A02_1244832	Y	24985389	26631228	332	-3.2649
EMMER_p_8TCGA_Mx_242_238_N_GenomeWideSNP_6_A02_1244832	Y	26631371	27240184	78	-4.119
EMMER_p_8TCGA_Mx_242_238_N_GenomeWideSNP_6_A02_1244832	Y	27254679	27721084	99	-2.6083
EMMER_p_8TCGA_Mx_242_238_N_GenomeWideSNP_6_A02_1244832	Y	27721117	28438116	251	-3.5196
EMMER_p_8TCGA_Mx_242_238_N_GenomeWideSNP_6_A02_1244832	Y	28438543	59018259	180	-2.6783
