Sample	Chromosome	Start	End	Num_Probes	Segment_Mean
ETUIS_p_TCGASNP_b80_83_N_GenomeWideSNP_6_E10_734642	1	61735	229619	23	0.4414
ETUIS_p_TCGASNP_b80_83_N_GenomeWideSNP_6_E10_734642	1	229677	17011450	8748	0.016
ETUIS_p_TCGASNP_b80_83_N_GenomeWideSNP_6_E10_734642	1	17011510	17262247	120	0.3053
ETUIS_p_TCGASNP_b80_83_N_GenomeWideSNP_6_E10_734642	1	17276241	30731522	7698	0.0161
ETUIS_p_TCGASNP_b80_83_N_GenomeWideSNP_6_E10_734642	1	30731577	30731698	2	-1.3478
ETUIS_p_TCGASNP_b80_83_N_GenomeWideSNP_6_E10_734642	1	30732380	35091674	2573	0.0164
ETUIS_p_TCGASNP_b80_83_N_GenomeWideSNP_6_E10_734642	1	35102654	35104491	20	-0.8196
ETUIS_p_TCGASNP_b80_83_N_GenomeWideSNP_6_E10_734642	1	35114268	72768936	23872	0.0148
ETUIS_p_TCGASNP_b80_83_N_GenomeWideSNP_6_E10_734642	1	72771143	72811076	42	-0.5089
ETUIS_p_TCGASNP_b80_83_N_GenomeWideSNP_6_E10_734642	1	72811133	89475255	10983	0.0153
ETUIS_p_TCGASNP_b80_83_N_GenomeWideSNP_6_E10_734642	1	89477958	89478205	2	-2.4255
ETUIS_p_TCGASNP_b80_83_N_GenomeWideSNP_6_E10_734642	1	89481524	104163499	9106	0.0132
ETUIS_p_TCGASNP_b80_83_N_GenomeWideSNP_6_E10_734642	1	104163787	104260032	23	0.3592
ETUIS_p_TCGASNP_b80_83_N_GenomeWideSNP_6_E10_734642	1	104260239	106019205	924	0.0079
ETUIS_p_TCGASNP_b80_83_N_GenomeWideSNP_6_E10_734642	1	106019236	106021853	12	0.6781
ETUIS_p_TCGASNP_b80_83_N_GenomeWideSNP_6_E10_734642	1	106022090	110224384	2662	0.0193
ETUIS_p_TCGASNP_b80_83_N_GenomeWideSNP_6_E10_734642	1	110224427	110251964	50	0.2498
ETUIS_p_TCGASNP_b80_83_N_GenomeWideSNP_6_E10_734642	1	110253130	112690326	1938	0.0151
ETUIS_p_TCGASNP_b80_83_N_GenomeWideSNP_6_E10_734642	1	112695965	112697241	23	-1.3886
ETUIS_p_TCGASNP_b80_83_N_GenomeWideSNP_6_E10_734642	1	112697376	152555527	8039	0.0273
ETUIS_p_TCGASNP_b80_83_N_GenomeWideSNP_6_E10_734642	1	152555706	152586594	35	-1.5925
ETUIS_p_TCGASNP_b80_83_N_GenomeWideSNP_6_E10_734642	1	152590494	152761923	171	-0.0214
ETUIS_p_TCGASNP_b80_83_N_GenomeWideSNP_6_E10_734642	1	152761939	152768700	36	0.557
ETUIS_p_TCGASNP_b80_83_N_GenomeWideSNP_6_E10_734642	1	152773905	158959575	3688	0.0102
ETUIS_p_TCGASNP_b80_83_N_GenomeWideSNP_6_E10_734642	1	158962039	158962796	2	-1.2721
ETUIS_p_TCGASNP_b80_83_N_GenomeWideSNP_6_E10_734642	1	158966864	196732086	25868	0.0146
ETUIS_p_TCGASNP_b80_83_N_GenomeWideSNP_6_E10_734642	1	196738623	196757022	27	-0.6598
ETUIS_p_TCGASNP_b80_83_N_GenomeWideSNP_6_E10_734642	1	196757141	196802072	62	-0.2743
ETUIS_p_TCGASNP_b80_83_N_GenomeWideSNP_6_E10_734642	1	196812507	196815791	3	-0.9337
ETUIS_p_TCGASNP_b80_83_N_GenomeWideSNP_6_E10_734642	1	196816730	220868444	16328	0.0119
ETUIS_p_TCGASNP_b80_83_N_GenomeWideSNP_6_E10_734642	1	220868508	220879252	2	-1.6073
ETUIS_p_TCGASNP_b80_83_N_GenomeWideSNP_6_E10_734642	1	220879617	229811169	5556	0.0149
ETUIS_p_TCGASNP_b80_83_N_GenomeWideSNP_6_E10_734642	1	229816856	229820196	3	-2.9353
ETUIS_p_TCGASNP_b80_83_N_GenomeWideSNP_6_E10_734642	1	229820456	249224388	14064	0.0129
ETUIS_p_TCGASNP_b80_83_N_GenomeWideSNP_6_E10_734642	2	12784	4205687	2988	0.011
ETUIS_p_TCGASNP_b80_83_N_GenomeWideSNP_6_E10_734642	2	4213864	4224019	42	-0.4674
ETUIS_p_TCGASNP_b80_83_N_GenomeWideSNP_6_E10_734642	2	4230062	52741737	34167	0.0207
ETUIS_p_TCGASNP_b80_83_N_GenomeWideSNP_6_E10_734642	2	52743925	52781542	41	-0.4208
ETUIS_p_TCGASNP_b80_83_N_GenomeWideSNP_6_E10_734642	2	52787949	86937687	21941	0.0193
ETUIS_p_TCGASNP_b80_83_N_GenomeWideSNP_6_E10_734642	2	86953070	86953854	2	-1.716
ETUIS_p_TCGASNP_b80_83_N_GenomeWideSNP_6_E10_734642	2	86970406	87302107	76	0.0352
ETUIS_p_TCGASNP_b80_83_N_GenomeWideSNP_6_E10_734642	2	87306948	87309263	2	-1.4186
ETUIS_p_TCGASNP_b80_83_N_GenomeWideSNP_6_E10_734642	2	87309834	97816435	2004	0.047
ETUIS_p_TCGASNP_b80_83_N_GenomeWideSNP_6_E10_734642	2	97821837	97918717	44	0.3298
ETUIS_p_TCGASNP_b80_83_N_GenomeWideSNP_6_E10_734642	2	97949121	98154265	21	-0.1118
ETUIS_p_TCGASNP_b80_83_N_GenomeWideSNP_6_E10_734642	2	98157272	98161710	3	-1.2531
ETUIS_p_TCGASNP_b80_83_N_GenomeWideSNP_6_E10_734642	2	98162189	172042739	44765	0.0206
ETUIS_p_TCGASNP_b80_83_N_GenomeWideSNP_6_E10_734642	2	172043195	172043754	2	-1.5575
ETUIS_p_TCGASNP_b80_83_N_GenomeWideSNP_6_E10_734642	2	172046302	180418333	5309	0.0166
ETUIS_p_TCGASNP_b80_83_N_GenomeWideSNP_6_E10_734642	2	180418388	180421906	26	-0.774
ETUIS_p_TCGASNP_b80_83_N_GenomeWideSNP_6_E10_734642	2	180422121	229757006	30364	0.0202
ETUIS_p_TCGASNP_b80_83_N_GenomeWideSNP_6_E10_734642	2	229759479	229759836	7	-0.7866
ETUIS_p_TCGASNP_b80_83_N_GenomeWideSNP_6_E10_734642	2	229759913	243089456	8242	0.0201
ETUIS_p_TCGASNP_b80_83_N_GenomeWideSNP_6_E10_734642	3	60345	6646543	5844	0.0101
ETUIS_p_TCGASNP_b80_83_N_GenomeWideSNP_6_E10_734642	3	6651128	6655078	24	-0.7047
ETUIS_p_TCGASNP_b80_83_N_GenomeWideSNP_6_E10_734642	3	6655248	53023211	29920	0.0137
ETUIS_p_TCGASNP_b80_83_N_GenomeWideSNP_6_E10_734642	3	53028375	53039455	41	-0.5976
ETUIS_p_TCGASNP_b80_83_N_GenomeWideSNP_6_E10_734642	3	53039489	98944476	28003	0.0142
ETUIS_p_TCGASNP_b80_83_N_GenomeWideSNP_6_E10_734642	3	98944511	98945395	13	-1.4329
ETUIS_p_TCGASNP_b80_83_N_GenomeWideSNP_6_E10_734642	3	98945410	98948912	9	-3.6346
ETUIS_p_TCGASNP_b80_83_N_GenomeWideSNP_6_E10_734642	3	98949031	98949308	12	-1.7476
ETUIS_p_TCGASNP_b80_83_N_GenomeWideSNP_6_E10_734642	3	98949314	131992737	20247	0.0107
ETUIS_p_TCGASNP_b80_83_N_GenomeWideSNP_6_E10_734642	3	131992773	131995684	3	-2.4665
ETUIS_p_TCGASNP_b80_83_N_GenomeWideSNP_6_E10_734642	3	132000477	162508268	18839	0.0157
ETUIS_p_TCGASNP_b80_83_N_GenomeWideSNP_6_E10_734642	3	162512657	162615915	64	-1.4291
ETUIS_p_TCGASNP_b80_83_N_GenomeWideSNP_6_E10_734642	3	162623842	162625995	6	-0.5025
ETUIS_p_TCGASNP_b80_83_N_GenomeWideSNP_6_E10_734642	3	162626572	190256086	17351	0.015
ETUIS_p_TCGASNP_b80_83_N_GenomeWideSNP_6_E10_734642	3	190260037	190260695	3	-1.5213
ETUIS_p_TCGASNP_b80_83_N_GenomeWideSNP_6_E10_734642	3	190260915	190345518	92	-0.02
ETUIS_p_TCGASNP_b80_83_N_GenomeWideSNP_6_E10_734642	3	190346218	190346525	2	-1.4023
ETUIS_p_TCGASNP_b80_83_N_GenomeWideSNP_6_E10_734642	3	190349480	192877902	1746	0.0213
ETUIS_p_TCGASNP_b80_83_N_GenomeWideSNP_6_E10_734642	3	192877962	192882903	19	-0.7609
ETUIS_p_TCGASNP_b80_83_N_GenomeWideSNP_6_E10_734642	3	192886435	194658946	1182	0.0244
ETUIS_p_TCGASNP_b80_83_N_GenomeWideSNP_6_E10_734642	3	194659098	194673626	5	-0.743
ETUIS_p_TCGASNP_b80_83_N_GenomeWideSNP_6_E10_734642	3	194674114	195285664	296	0.0228
ETUIS_p_TCGASNP_b80_83_N_GenomeWideSNP_6_E10_734642	3	195285898	195474763	48	0.4057
ETUIS_p_TCGASNP_b80_83_N_GenomeWideSNP_6_E10_734642	3	195478694	197838213	1149	0.01
ETUIS_p_TCGASNP_b80_83_N_GenomeWideSNP_6_E10_734642	3	197838338	197896118	23	0.3876
ETUIS_p_TCGASNP_b80_83_N_GenomeWideSNP_6_E10_734642	4	12281	62126	54	0.3876
ETUIS_p_TCGASNP_b80_83_N_GenomeWideSNP_6_E10_734642	4	65677	9478849	5201	0.0189
ETUIS_p_TCGASNP_b80_83_N_GenomeWideSNP_6_E10_734642	4	9479035	9479206	2	1.2304
ETUIS_p_TCGASNP_b80_83_N_GenomeWideSNP_6_E10_734642	4	9479345	10210390	547	0.0247
ETUIS_p_TCGASNP_b80_83_N_GenomeWideSNP_6_E10_734642	4	10214160	10235268	36	1.1917
ETUIS_p_TCGASNP_b80_83_N_GenomeWideSNP_6_E10_734642	4	10236142	10390715	171	0.0166
ETUIS_p_TCGASNP_b80_83_N_GenomeWideSNP_6_E10_734642	4	10392354	10400668	15	-1.9783
ETUIS_p_TCGASNP_b80_83_N_GenomeWideSNP_6_E10_734642	4	10402718	69261064	36335	0.0139
ETUIS_p_TCGASNP_b80_83_N_GenomeWideSNP_6_E10_734642	4	69282205	69288142	5	-1.0214
ETUIS_p_TCGASNP_b80_83_N_GenomeWideSNP_6_E10_734642	4	69294799	69485979	81	-0.241
ETUIS_p_TCGASNP_b80_83_N_GenomeWideSNP_6_E10_734642	4	69489335	70123510	328	0.0368
ETUIS_p_TCGASNP_b80_83_N_GenomeWideSNP_6_E10_734642	4	70127644	70231799	54	-1.6936
ETUIS_p_TCGASNP_b80_83_N_GenomeWideSNP_6_E10_734642	4	70232022	138092420	40642	0.0121
ETUIS_p_TCGASNP_b80_83_N_GenomeWideSNP_6_E10_734642	4	138092516	138094972	15	-0.7301
ETUIS_p_TCGASNP_b80_83_N_GenomeWideSNP_6_E10_734642	4	138095121	151876351	8405	0.0166
ETUIS_p_TCGASNP_b80_83_N_GenomeWideSNP_6_E10_734642	4	151876406	151884300	22	-0.707
ETUIS_p_TCGASNP_b80_83_N_GenomeWideSNP_6_E10_734642	4	151884306	152013101	60	0.0593
ETUIS_p_TCGASNP_b80_83_N_GenomeWideSNP_6_E10_734642	4	152013982	152020777	2	-1.0641
ETUIS_p_TCGASNP_b80_83_N_GenomeWideSNP_6_E10_734642	4	152021114	152789393	392	0.0334
ETUIS_p_TCGASNP_b80_83_N_GenomeWideSNP_6_E10_734642	4	152789786	152792567	13	-1.0552
ETUIS_p_TCGASNP_b80_83_N_GenomeWideSNP_6_E10_734642	4	152792891	152794859	4	0.5876
ETUIS_p_TCGASNP_b80_83_N_GenomeWideSNP_6_E10_734642	4	152795388	156465498	2382	0.0103
ETUIS_p_TCGASNP_b80_83_N_GenomeWideSNP_6_E10_734642	4	156465634	156466049	2	-1.1668
ETUIS_p_TCGASNP_b80_83_N_GenomeWideSNP_6_E10_734642	4	156470555	158561123	1418	0.0106
ETUIS_p_TCGASNP_b80_83_N_GenomeWideSNP_6_E10_734642	4	158561140	158561347	2	-1.0691
ETUIS_p_TCGASNP_b80_83_N_GenomeWideSNP_6_E10_734642	4	158561488	161041304	1435	0.0065
ETUIS_p_TCGASNP_b80_83_N_GenomeWideSNP_6_E10_734642	4	161052774	161070789	40	-0.9061
ETUIS_p_TCGASNP_b80_83_N_GenomeWideSNP_6_E10_734642	4	161083870	172369346	7290	0.0136
ETUIS_p_TCGASNP_b80_83_N_GenomeWideSNP_6_E10_734642	4	172374884	172377710	10	1.0917
ETUIS_p_TCGASNP_b80_83_N_GenomeWideSNP_6_E10_734642	4	172377724	172989373	403	0.0096
ETUIS_p_TCGASNP_b80_83_N_GenomeWideSNP_6_E10_734642	4	172989408	172989505	5	-1.644
ETUIS_p_TCGASNP_b80_83_N_GenomeWideSNP_6_E10_734642	4	172989519	185759930	8584	0.016
ETUIS_p_TCGASNP_b80_83_N_GenomeWideSNP_6_E10_734642	4	185763293	185778750	11	-1.0262
ETUIS_p_TCGASNP_b80_83_N_GenomeWideSNP_6_E10_734642	4	185778979	189244891	2392	0.0133
ETUIS_p_TCGASNP_b80_83_N_GenomeWideSNP_6_E10_734642	4	189249657	189266054	20	-0.9634
ETUIS_p_TCGASNP_b80_83_N_GenomeWideSNP_6_E10_734642	4	189268658	191027923	1119	0.0133
ETUIS_p_TCGASNP_b80_83_N_GenomeWideSNP_6_E10_734642	5	15532	12800889	10221	0.0055
ETUIS_p_TCGASNP_b80_83_N_GenomeWideSNP_6_E10_734642	5	12815780	12820076	9	-1.301
ETUIS_p_TCGASNP_b80_83_N_GenomeWideSNP_6_E10_734642	5	12824411	12998925	59	-0.0514
ETUIS_p_TCGASNP_b80_83_N_GenomeWideSNP_6_E10_734642	5	13005214	13014507	3	-1.2741
ETUIS_p_TCGASNP_b80_83_N_GenomeWideSNP_6_E10_734642	5	13015045	17503951	3109	0.009
ETUIS_p_TCGASNP_b80_83_N_GenomeWideSNP_6_E10_734642	5	17504177	17515801	9	-0.7914
ETUIS_p_TCGASNP_b80_83_N_GenomeWideSNP_6_E10_734642	5	17601553	27865480	6101	0.0126
ETUIS_p_TCGASNP_b80_83_N_GenomeWideSNP_6_E10_734642	5	27867838	27888605	15	-0.9212
ETUIS_p_TCGASNP_b80_83_N_GenomeWideSNP_6_E10_734642	5	27893001	61573372	19232	0.012
ETUIS_p_TCGASNP_b80_83_N_GenomeWideSNP_6_E10_734642	5	61574991	61576273	3	-1.2519
ETUIS_p_TCGASNP_b80_83_N_GenomeWideSNP_6_E10_734642	5	61582192	123542328	37419	0.0153
ETUIS_p_TCGASNP_b80_83_N_GenomeWideSNP_6_E10_734642	5	123542775	123545301	2	-1.5882
ETUIS_p_TCGASNP_b80_83_N_GenomeWideSNP_6_E10_734642	5	123545352	150205500	16445	0.0133
ETUIS_p_TCGASNP_b80_83_N_GenomeWideSNP_6_E10_734642	5	150206095	150218604	7	-0.863
ETUIS_p_TCGASNP_b80_83_N_GenomeWideSNP_6_E10_734642	5	150223387	165676703	10395	0.0141
ETUIS_p_TCGASNP_b80_83_N_GenomeWideSNP_6_E10_734642	5	165677544	165678126	2	-1.2626
ETUIS_p_TCGASNP_b80_83_N_GenomeWideSNP_6_E10_734642	5	165678215	180378888	9904	0.0145
ETUIS_p_TCGASNP_b80_83_N_GenomeWideSNP_6_E10_734642	5	180380203	180442400	20	-0.3471
ETUIS_p_TCGASNP_b80_83_N_GenomeWideSNP_6_E10_734642	5	180442441	180790320	168	0.0055
ETUIS_p_TCGASNP_b80_83_N_GenomeWideSNP_6_E10_734642	6	149661	254283	101	2e-04
ETUIS_p_TCGASNP_b80_83_N_GenomeWideSNP_6_E10_734642	6	257353	381149	100	0.3804
ETUIS_p_TCGASNP_b80_83_N_GenomeWideSNP_6_E10_734642	6	382559	26718131	20070	0.0154
ETUIS_p_TCGASNP_b80_83_N_GenomeWideSNP_6_E10_734642	6	26728640	26773509	31	0.4664
ETUIS_p_TCGASNP_b80_83_N_GenomeWideSNP_6_E10_734642	6	26783667	32431292	2640	0.017
ETUIS_p_TCGASNP_b80_83_N_GenomeWideSNP_6_E10_734642	6	32431552	32508476	23	-0.3703
ETUIS_p_TCGASNP_b80_83_N_GenomeWideSNP_6_E10_734642	6	32509283	54845685	14409	0.0148
ETUIS_p_TCGASNP_b80_83_N_GenomeWideSNP_6_E10_734642	6	54848455	54850139	4	-0.902
ETUIS_p_TCGASNP_b80_83_N_GenomeWideSNP_6_E10_734642	6	54852112	72862925	8827	0.0202
ETUIS_p_TCGASNP_b80_83_N_GenomeWideSNP_6_E10_734642	6	72866524	72866872	2	-1.9255
ETUIS_p_TCGASNP_b80_83_N_GenomeWideSNP_6_E10_734642	6	72868563	74588304	1083	0.0123
ETUIS_p_TCGASNP_b80_83_N_GenomeWideSNP_6_E10_734642	6	74590313	74594734	11	-0.4741
ETUIS_p_TCGASNP_b80_83_N_GenomeWideSNP_6_E10_734642	6	74594754	77014948	1474	0.0135
ETUIS_p_TCGASNP_b80_83_N_GenomeWideSNP_6_E10_734642	6	77016900	77016926	3	-1.0941
ETUIS_p_TCGASNP_b80_83_N_GenomeWideSNP_6_E10_734642	6	77016993	77436532	294	0.0384
ETUIS_p_TCGASNP_b80_83_N_GenomeWideSNP_6_E10_734642	6	77439868	77452757	21	-0.6502
ETUIS_p_TCGASNP_b80_83_N_GenomeWideSNP_6_E10_734642	6	77461073	78962889	980	0.0119
ETUIS_p_TCGASNP_b80_83_N_GenomeWideSNP_6_E10_734642	6	78969065	79035185	113	-0.458
ETUIS_p_TCGASNP_b80_83_N_GenomeWideSNP_6_E10_734642	6	79039234	171051005	59774	0.0132
ETUIS_p_TCGASNP_b80_83_N_GenomeWideSNP_6_E10_734642	7	43355	15229982	10264	0.0187
ETUIS_p_TCGASNP_b80_83_N_GenomeWideSNP_6_E10_734642	7	15230692	15230731	2	-1.6604
ETUIS_p_TCGASNP_b80_83_N_GenomeWideSNP_6_E10_734642	7	15234508	109667548	57289	0.0162
ETUIS_p_TCGASNP_b80_83_N_GenomeWideSNP_6_E10_734642	7	109667572	109668189	2	-1.4198
ETUIS_p_TCGASNP_b80_83_N_GenomeWideSNP_6_E10_734642	7	109681156	126044923	9894	0.0192
ETUIS_p_TCGASNP_b80_83_N_GenomeWideSNP_6_E10_734642	7	126044974	126046881	19	0.7517
ETUIS_p_TCGASNP_b80_83_N_GenomeWideSNP_6_E10_734642	7	126052766	141770260	9942	0.0168
ETUIS_p_TCGASNP_b80_83_N_GenomeWideSNP_6_E10_734642	7	141770369	141792107	35	0.3364
ETUIS_p_TCGASNP_b80_83_N_GenomeWideSNP_6_E10_734642	7	141795281	143532998	1037	0.0122
ETUIS_p_TCGASNP_b80_83_N_GenomeWideSNP_6_E10_734642	7	143543851	143547272	9	-0.9569
ETUIS_p_TCGASNP_b80_83_N_GenomeWideSNP_6_E10_734642	7	143568059	143896252	270	0.0145
ETUIS_p_TCGASNP_b80_83_N_GenomeWideSNP_6_E10_734642	7	143904279	144066947	43	0.4378
ETUIS_p_TCGASNP_b80_83_N_GenomeWideSNP_6_E10_734642	7	144074929	150284614	3853	0.0131
ETUIS_p_TCGASNP_b80_83_N_GenomeWideSNP_6_E10_734642	7	150284715	150312161	14	-0.8209
ETUIS_p_TCGASNP_b80_83_N_GenomeWideSNP_6_E10_734642	7	150312649	159127004	5833	0.0151
ETUIS_p_TCGASNP_b80_83_N_GenomeWideSNP_6_E10_734642	8	31254	1367068	903	0.0026
ETUIS_p_TCGASNP_b80_83_N_GenomeWideSNP_6_E10_734642	8	1367362	1367602	3	-1.2644
ETUIS_p_TCGASNP_b80_83_N_GenomeWideSNP_6_E10_734642	8	1367688	7186646	6925	0.0115
ETUIS_p_TCGASNP_b80_83_N_GenomeWideSNP_6_E10_734642	8	7193821	7798851	173	0.5152
ETUIS_p_TCGASNP_b80_83_N_GenomeWideSNP_6_E10_734642	8	7799390	7943182	29	-0.0297
ETUIS_p_TCGASNP_b80_83_N_GenomeWideSNP_6_E10_734642	8	7943408	7973623	14	0.507
ETUIS_p_TCGASNP_b80_83_N_GenomeWideSNP_6_E10_734642	8	7977969	7978187	5	-0.4336
ETUIS_p_TCGASNP_b80_83_N_GenomeWideSNP_6_E10_734642	8	7989963	8018037	16	0.4369
ETUIS_p_TCGASNP_b80_83_N_GenomeWideSNP_6_E10_734642	8	8018038	11851156	3212	0.0112
ETUIS_p_TCGASNP_b80_83_N_GenomeWideSNP_6_E10_734642	8	11855755	12507071	144	0.3257
ETUIS_p_TCGASNP_b80_83_N_GenomeWideSNP_6_E10_734642	8	12528428	16409889	3661	0.018
ETUIS_p_TCGASNP_b80_83_N_GenomeWideSNP_6_E10_734642	8	16413058	16413096	2	-1.3846
ETUIS_p_TCGASNP_b80_83_N_GenomeWideSNP_6_E10_734642	8	16414954	23005157	5360	0.0172
ETUIS_p_TCGASNP_b80_83_N_GenomeWideSNP_6_E10_734642	8	23005813	23006176	3	-1.0189
ETUIS_p_TCGASNP_b80_83_N_GenomeWideSNP_6_E10_734642	8	23007178	39235603	10458	0.0119
ETUIS_p_TCGASNP_b80_83_N_GenomeWideSNP_6_E10_734642	8	39246675	39386965	58	0.3684
ETUIS_p_TCGASNP_b80_83_N_GenomeWideSNP_6_E10_734642	8	39388299	146298155	64997	0.0163
ETUIS_p_TCGASNP_b80_83_N_GenomeWideSNP_6_E10_734642	9	46587	43169603	31397	0.0161
ETUIS_p_TCGASNP_b80_83_N_GenomeWideSNP_6_E10_734642	9	43187967	44114872	44	-0.4372
ETUIS_p_TCGASNP_b80_83_N_GenomeWideSNP_6_E10_734642	9	44136790	44251228	31	0.2874
ETUIS_p_TCGASNP_b80_83_N_GenomeWideSNP_6_E10_734642	9	44255487	44273241	9	1.0714
ETUIS_p_TCGASNP_b80_83_N_GenomeWideSNP_6_E10_734642	9	44385979	44404912	4	-0.037
ETUIS_p_TCGASNP_b80_83_N_GenomeWideSNP_6_E10_734642	9	44424451	44629223	4	-0.8675
ETUIS_p_TCGASNP_b80_83_N_GenomeWideSNP_6_E10_734642	9	44727859	44855737	36	0.7046
ETUIS_p_TCGASNP_b80_83_N_GenomeWideSNP_6_E10_734642	9	44866028	68183981	155	0.1919
ETUIS_p_TCGASNP_b80_83_N_GenomeWideSNP_6_E10_734642	9	68186051	68186057	4	0.9119
ETUIS_p_TCGASNP_b80_83_N_GenomeWideSNP_6_E10_734642	9	68186059	69505946	127	0.1378
ETUIS_p_TCGASNP_b80_83_N_GenomeWideSNP_6_E10_734642	9	69507716	69519629	7	-0.6857
ETUIS_p_TCGASNP_b80_83_N_GenomeWideSNP_6_E10_734642	9	69522698	90815688	14489	0.0186
ETUIS_p_TCGASNP_b80_83_N_GenomeWideSNP_6_E10_734642	9	90819763	90822113	5	-1.1887
ETUIS_p_TCGASNP_b80_83_N_GenomeWideSNP_6_E10_734642	9	90823046	106566497	10459	0.0091
ETUIS_p_TCGASNP_b80_83_N_GenomeWideSNP_6_E10_734642	9	106568696	106569290	2	-3.0628
ETUIS_p_TCGASNP_b80_83_N_GenomeWideSNP_6_E10_734642	9	106570702	112949710	5061	0.0134
ETUIS_p_TCGASNP_b80_83_N_GenomeWideSNP_6_E10_734642	9	112950305	112953100	6	0.6371
ETUIS_p_TCGASNP_b80_83_N_GenomeWideSNP_6_E10_734642	9	112956693	117080496	2967	0.0149
ETUIS_p_TCGASNP_b80_83_N_GenomeWideSNP_6_E10_734642	9	117082811	117088322	3	-0.9675
ETUIS_p_TCGASNP_b80_83_N_GenomeWideSNP_6_E10_734642	9	117093029	141091394	15133	0.0133
ETUIS_p_TCGASNP_b80_83_N_GenomeWideSNP_6_E10_734642	10	72759	15175458	12828	0.0162
ETUIS_p_TCGASNP_b80_83_N_GenomeWideSNP_6_E10_734642	10	15176813	15180451	4	-1.3302
ETUIS_p_TCGASNP_b80_83_N_GenomeWideSNP_6_E10_734642	10	15183988	24375263	6410	0.0162
ETUIS_p_TCGASNP_b80_83_N_GenomeWideSNP_6_E10_734642	10	24377674	24378908	12	0.8443
ETUIS_p_TCGASNP_b80_83_N_GenomeWideSNP_6_E10_734642	10	24378951	27223903	1991	0.0107
ETUIS_p_TCGASNP_b80_83_N_GenomeWideSNP_6_E10_734642	10	27225904	27227724	7	-0.9051
ETUIS_p_TCGASNP_b80_83_N_GenomeWideSNP_6_E10_734642	10	27227765	31246510	3042	0.0241
ETUIS_p_TCGASNP_b80_83_N_GenomeWideSNP_6_E10_734642	10	31251334	31251779	11	-0.6671
ETUIS_p_TCGASNP_b80_83_N_GenomeWideSNP_6_E10_734642	10	31251822	37455145	4110	0.0146
ETUIS_p_TCGASNP_b80_83_N_GenomeWideSNP_6_E10_734642	10	37461148	37467614	2	1.3299
ETUIS_p_TCGASNP_b80_83_N_GenomeWideSNP_6_E10_734642	10	37479414	43524628	1236	0.0192
ETUIS_p_TCGASNP_b80_83_N_GenomeWideSNP_6_E10_734642	10	43524701	43525742	2	-1.3107
ETUIS_p_TCGASNP_b80_83_N_GenomeWideSNP_6_E10_734642	10	43526023	47597031	2129	0.0212
ETUIS_p_TCGASNP_b80_83_N_GenomeWideSNP_6_E10_734642	10	47597451	47602637	6	-0.8202
ETUIS_p_TCGASNP_b80_83_N_GenomeWideSNP_6_E10_734642	10	47603426	48736766	445	0.0212
ETUIS_p_TCGASNP_b80_83_N_GenomeWideSNP_6_E10_734642	10	48771950	49212771	17	0.4489
ETUIS_p_TCGASNP_b80_83_N_GenomeWideSNP_6_E10_734642	10	49212828	49287603	7	-0.6711
ETUIS_p_TCGASNP_b80_83_N_GenomeWideSNP_6_E10_734642	10	49292463	53202786	2353	0.0194
ETUIS_p_TCGASNP_b80_83_N_GenomeWideSNP_6_E10_734642	10	53205076	53210277	6	-1.0917
ETUIS_p_TCGASNP_b80_83_N_GenomeWideSNP_6_E10_734642	10	53217223	54521176	1037	0.0159
ETUIS_p_TCGASNP_b80_83_N_GenomeWideSNP_6_E10_734642	10	54529364	54534314	13	-0.8926
ETUIS_p_TCGASNP_b80_83_N_GenomeWideSNP_6_E10_734642	10	54534461	65981374	8156	0.0106
ETUIS_p_TCGASNP_b80_83_N_GenomeWideSNP_6_E10_734642	10	65984436	65986355	4	-1.1472
ETUIS_p_TCGASNP_b80_83_N_GenomeWideSNP_6_E10_734642	10	65994428	67306276	902	-0.0028
ETUIS_p_TCGASNP_b80_83_N_GenomeWideSNP_6_E10_734642	10	67307923	67314446	28	-1.8026
ETUIS_p_TCGASNP_b80_83_N_GenomeWideSNP_6_E10_734642	10	67322795	120891686	35549	0.0153
ETUIS_p_TCGASNP_b80_83_N_GenomeWideSNP_6_E10_734642	10	120892607	120893122	3	-1.1545
ETUIS_p_TCGASNP_b80_83_N_GenomeWideSNP_6_E10_734642	10	120893419	124343951	2843	0.017
ETUIS_p_TCGASNP_b80_83_N_GenomeWideSNP_6_E10_734642	10	124344109	124351013	6	-1.0034
ETUIS_p_TCGASNP_b80_83_N_GenomeWideSNP_6_E10_734642	10	124356812	135506704	7913	0.0128
ETUIS_p_TCGASNP_b80_83_N_GenomeWideSNP_6_E10_734642	11	198510	4967650	2476	0.0212
ETUIS_p_TCGASNP_b80_83_N_GenomeWideSNP_6_E10_734642	11	4968117	4976907	43	0.4743
ETUIS_p_TCGASNP_b80_83_N_GenomeWideSNP_6_E10_734642	11	4977011	5522151	540	-0.0107
ETUIS_p_TCGASNP_b80_83_N_GenomeWideSNP_6_E10_734642	11	5522175	5522564	5	-0.7837
ETUIS_p_TCGASNP_b80_83_N_GenomeWideSNP_6_E10_734642	11	5523593	5783923	238	0.022
ETUIS_p_TCGASNP_b80_83_N_GenomeWideSNP_6_E10_734642	11	5787405	5809461	35	0.3327
ETUIS_p_TCGASNP_b80_83_N_GenomeWideSNP_6_E10_734642	11	5812360	18940870	9421	0.0158
ETUIS_p_TCGASNP_b80_83_N_GenomeWideSNP_6_E10_734642	11	18949072	18961178	40	0.5795
ETUIS_p_TCGASNP_b80_83_N_GenomeWideSNP_6_E10_734642	11	18961281	18962016	18	0.2918
ETUIS_p_TCGASNP_b80_83_N_GenomeWideSNP_6_E10_734642	11	18962133	134944770	74320	0.0139
ETUIS_p_TCGASNP_b80_83_N_GenomeWideSNP_6_E10_734642	12	150442	1947193	1054	0.002
ETUIS_p_TCGASNP_b80_83_N_GenomeWideSNP_6_E10_734642	12	1950051	1985239	37	-0.994
ETUIS_p_TCGASNP_b80_83_N_GenomeWideSNP_6_E10_734642	12	1986250	4388532	1800	0.0116
ETUIS_p_TCGASNP_b80_83_N_GenomeWideSNP_6_E10_734642	12	4389155	4389206	4	-1.2067
ETUIS_p_TCGASNP_b80_83_N_GenomeWideSNP_6_E10_734642	12	4389349	29879037	17429	0.0154
ETUIS_p_TCGASNP_b80_83_N_GenomeWideSNP_6_E10_734642	12	29882317	29892618	6	-1.2995
ETUIS_p_TCGASNP_b80_83_N_GenomeWideSNP_6_E10_734642	12	29896928	30240171	258	0.0033
ETUIS_p_TCGASNP_b80_83_N_GenomeWideSNP_6_E10_734642	12	30240296	30243575	9	-0.5862
ETUIS_p_TCGASNP_b80_83_N_GenomeWideSNP_6_E10_734642	12	30243590	33294660	2270	0.0147
ETUIS_p_TCGASNP_b80_83_N_GenomeWideSNP_6_E10_734642	12	33301406	33307374	27	-0.5065
ETUIS_p_TCGASNP_b80_83_N_GenomeWideSNP_6_E10_734642	12	33308360	43419957	4158	0.0178
ETUIS_p_TCGASNP_b80_83_N_GenomeWideSNP_6_E10_734642	12	43420529	43420753	2	-1.7422
ETUIS_p_TCGASNP_b80_83_N_GenomeWideSNP_6_E10_734642	12	43427308	99791814	35203	0.0137
ETUIS_p_TCGASNP_b80_83_N_GenomeWideSNP_6_E10_734642	12	99795293	99798734	31	-0.3761
ETUIS_p_TCGASNP_b80_83_N_GenomeWideSNP_6_E10_734642	12	99803093	132120247	22176	0.0157
ETUIS_p_TCGASNP_b80_83_N_GenomeWideSNP_6_E10_734642	12	132120586	132142706	20	0.4377
ETUIS_p_TCGASNP_b80_83_N_GenomeWideSNP_6_E10_734642	12	132142963	133778189	567	0.0152
ETUIS_p_TCGASNP_b80_83_N_GenomeWideSNP_6_E10_734642	13	19026949	23629187	2896	0.0223
ETUIS_p_TCGASNP_b80_83_N_GenomeWideSNP_6_E10_734642	13	23629210	23633515	13	-1.8563
ETUIS_p_TCGASNP_b80_83_N_GenomeWideSNP_6_E10_734642	13	23638195	38071135	10660	0.012
ETUIS_p_TCGASNP_b80_83_N_GenomeWideSNP_6_E10_734642	13	38072036	38084757	16	0.43
ETUIS_p_TCGASNP_b80_83_N_GenomeWideSNP_6_E10_734642	13	38088330	53079344	9915	0.0138
ETUIS_p_TCGASNP_b80_83_N_GenomeWideSNP_6_E10_734642	13	53087886	53094799	3	-1.1256
ETUIS_p_TCGASNP_b80_83_N_GenomeWideSNP_6_E10_734642	13	53097984	106576241	34850	0.0145
ETUIS_p_TCGASNP_b80_83_N_GenomeWideSNP_6_E10_734642	13	106576496	106577329	2	-1.6927
ETUIS_p_TCGASNP_b80_83_N_GenomeWideSNP_6_E10_734642	13	106578067	115108397	5973	0.0126
ETUIS_p_TCGASNP_b80_83_N_GenomeWideSNP_6_E10_734642	14	19002124	19402242	26	0.2178
ETUIS_p_TCGASNP_b80_83_N_GenomeWideSNP_6_E10_734642	14	19416191	19604114	18	-0.1305
ETUIS_p_TCGASNP_b80_83_N_GenomeWideSNP_6_E10_734642	14	19607007	19660853	3	0.7727
ETUIS_p_TCGASNP_b80_83_N_GenomeWideSNP_6_E10_734642	14	19689317	19693249	3	-1.0543
ETUIS_p_TCGASNP_b80_83_N_GenomeWideSNP_6_E10_734642	14	19697885	20157843	31	0.0597
ETUIS_p_TCGASNP_b80_83_N_GenomeWideSNP_6_E10_734642	14	20200183	20201117	4	-0.2545
ETUIS_p_TCGASNP_b80_83_N_GenomeWideSNP_6_E10_734642	14	20203466	20211644	5	-1.1065
ETUIS_p_TCGASNP_b80_83_N_GenomeWideSNP_6_E10_734642	14	20212335	20423372	100	-0.4112
ETUIS_p_TCGASNP_b80_83_N_GenomeWideSNP_6_E10_734642	14	20424926	107153067	55296	0.0148
ETUIS_p_TCGASNP_b80_83_N_GenomeWideSNP_6_E10_734642	14	107153166	107184184	24	-0.3922
ETUIS_p_TCGASNP_b80_83_N_GenomeWideSNP_6_E10_734642	14	107184376	107285437	67	-0.0084
ETUIS_p_TCGASNP_b80_83_N_GenomeWideSNP_6_E10_734642	15	20016328	21173886	267	-0.0212
ETUIS_p_TCGASNP_b80_83_N_GenomeWideSNP_6_E10_734642	15	21186400	21188006	2	1.2541
ETUIS_p_TCGASNP_b80_83_N_GenomeWideSNP_6_E10_734642	15	21192108	22363231	65	-0.0746
ETUIS_p_TCGASNP_b80_83_N_GenomeWideSNP_6_E10_734642	15	22373070	22383201	7	-0.9955
ETUIS_p_TCGASNP_b80_83_N_GenomeWideSNP_6_E10_734642	15	22385001	34273904	7236	0.0187
ETUIS_p_TCGASNP_b80_83_N_GenomeWideSNP_6_E10_734642	15	34275262	34277511	5	-1.1864
ETUIS_p_TCGASNP_b80_83_N_GenomeWideSNP_6_E10_734642	15	34279231	84540717	31230	0.016
ETUIS_p_TCGASNP_b80_83_N_GenomeWideSNP_6_E10_734642	15	84540738	84543550	6	-0.9599
ETUIS_p_TCGASNP_b80_83_N_GenomeWideSNP_6_E10_734642	15	84547277	102469040	13243	0.0163
ETUIS_p_TCGASNP_b80_83_N_GenomeWideSNP_6_E10_734642	16	60777	10125617	7487	0.0174
ETUIS_p_TCGASNP_b80_83_N_GenomeWideSNP_6_E10_734642	16	10126760	10127233	2	-1.746
ETUIS_p_TCGASNP_b80_83_N_GenomeWideSNP_6_E10_734642	16	10127955	14989839	3632	0.0081
ETUIS_p_TCGASNP_b80_83_N_GenomeWideSNP_6_E10_734642	16	15048768	15087175	51	0.3453
ETUIS_p_TCGASNP_b80_83_N_GenomeWideSNP_6_E10_734642	16	15087176	17125816	834	0.0237
ETUIS_p_TCGASNP_b80_83_N_GenomeWideSNP_6_E10_734642	16	17127066	17132098	7	-0.7676
ETUIS_p_TCGASNP_b80_83_N_GenomeWideSNP_6_E10_734642	16	17132174	31971520	8028	0.0168
ETUIS_p_TCGASNP_b80_83_N_GenomeWideSNP_6_E10_734642	16	31975169	33643399	277	0.3563
ETUIS_p_TCGASNP_b80_83_N_GenomeWideSNP_6_E10_734642	16	33644022	55796594	6992	0.0148
ETUIS_p_TCGASNP_b80_83_N_GenomeWideSNP_6_E10_734642	16	55798222	55798779	3	2.3459
ETUIS_p_TCGASNP_b80_83_N_GenomeWideSNP_6_E10_734642	16	55804348	55809224	6	0.8111
ETUIS_p_TCGASNP_b80_83_N_GenomeWideSNP_6_E10_734642	16	55809466	78371608	14431	0.0158
ETUIS_p_TCGASNP_b80_83_N_GenomeWideSNP_6_E10_734642	16	78372440	78381263	14	-2.0436
ETUIS_p_TCGASNP_b80_83_N_GenomeWideSNP_6_E10_734642	16	78383140	85095622	7301	0.0166
ETUIS_p_TCGASNP_b80_83_N_GenomeWideSNP_6_E10_734642	16	85099251	85126983	17	-0.4095
ETUIS_p_TCGASNP_b80_83_N_GenomeWideSNP_6_E10_734642	16	85127518	90287535	3327	0.0195
ETUIS_p_TCGASNP_b80_83_N_GenomeWideSNP_6_E10_734642	17	526	44163098	23502	0.0122
ETUIS_p_TCGASNP_b80_83_N_GenomeWideSNP_6_E10_734642	17	44165803	44364170	125	0.2925
ETUIS_p_TCGASNP_b80_83_N_GenomeWideSNP_6_E10_734642	17	44394412	44752300	48	0.8973
ETUIS_p_TCGASNP_b80_83_N_GenomeWideSNP_6_E10_734642	17	44764994	54159044	5811	0.0145
ETUIS_p_TCGASNP_b80_83_N_GenomeWideSNP_6_E10_734642	17	54160914	54172591	27	-0.8077
ETUIS_p_TCGASNP_b80_83_N_GenomeWideSNP_6_E10_734642	17	54172823	74640113	12464	0.0145
ETUIS_p_TCGASNP_b80_83_N_GenomeWideSNP_6_E10_734642	17	74641850	74642974	4	-1.211
ETUIS_p_TCGASNP_b80_83_N_GenomeWideSNP_6_E10_734642	17	74644894	81049726	3312	0.0111
ETUIS_p_TCGASNP_b80_83_N_GenomeWideSNP_6_E10_734642	18	11543	58264454	36556	0.0156
ETUIS_p_TCGASNP_b80_83_N_GenomeWideSNP_6_E10_734642	18	58266098	58313217	26	0.6031
ETUIS_p_TCGASNP_b80_83_N_GenomeWideSNP_6_E10_734642	18	58313495	78015057	14229	0.0111
ETUIS_p_TCGASNP_b80_83_N_GenomeWideSNP_6_E10_734642	19	90910	21814919	9679	0.0139
ETUIS_p_TCGASNP_b80_83_N_GenomeWideSNP_6_E10_734642	19	21815640	21820111	3	-1.4844
ETUIS_p_TCGASNP_b80_83_N_GenomeWideSNP_6_E10_734642	19	21821537	53517082	16226	0.0149
ETUIS_p_TCGASNP_b80_83_N_GenomeWideSNP_6_E10_734642	19	53518514	53547361	22	0.4346
ETUIS_p_TCGASNP_b80_83_N_GenomeWideSNP_6_E10_734642	19	53552229	54288442	570	0.054
ETUIS_p_TCGASNP_b80_83_N_GenomeWideSNP_6_E10_734642	19	54288501	54296702	6	-0.7117
ETUIS_p_TCGASNP_b80_83_N_GenomeWideSNP_6_E10_734642	19	54298975	54722275	209	0.0091
ETUIS_p_TCGASNP_b80_83_N_GenomeWideSNP_6_E10_734642	19	54730202	54741319	17	0.8692
ETUIS_p_TCGASNP_b80_83_N_GenomeWideSNP_6_E10_734642	19	54753340	59097854	2616	0.0203
ETUIS_p_TCGASNP_b80_83_N_GenomeWideSNP_6_E10_734642	20	61305	1561580	1207	0.0118
ETUIS_p_TCGASNP_b80_83_N_GenomeWideSNP_6_E10_734642	20	1561667	1582092	34	0.8492
ETUIS_p_TCGASNP_b80_83_N_GenomeWideSNP_6_E10_734642	20	1582207	4038372	1704	0.0175
ETUIS_p_TCGASNP_b80_83_N_GenomeWideSNP_6_E10_734642	20	4038666	4039184	2	-1.4284
ETUIS_p_TCGASNP_b80_83_N_GenomeWideSNP_6_E10_734642	20	4040740	21847943	14056	0.0143
ETUIS_p_TCGASNP_b80_83_N_GenomeWideSNP_6_E10_734642	20	21848963	21849396	2	-1.3333
ETUIS_p_TCGASNP_b80_83_N_GenomeWideSNP_6_E10_734642	20	21850786	29420553	3047	0.0175
ETUIS_p_TCGASNP_b80_83_N_GenomeWideSNP_6_E10_734642	20	29428523	29505893	21	-0.4583
ETUIS_p_TCGASNP_b80_83_N_GenomeWideSNP_6_E10_734642	20	29527893	31566845	884	0.0201
ETUIS_p_TCGASNP_b80_83_N_GenomeWideSNP_6_E10_734642	20	31570971	31571022	2	-1.1935
ETUIS_p_TCGASNP_b80_83_N_GenomeWideSNP_6_E10_734642	20	31571900	62956153	21525	0.0171
ETUIS_p_TCGASNP_b80_83_N_GenomeWideSNP_6_E10_734642	21	10736871	48096957	24413	0.0167
ETUIS_p_TCGASNP_b80_83_N_GenomeWideSNP_6_E10_734642	22	16052528	22473918	3302	0.0349
ETUIS_p_TCGASNP_b80_83_N_GenomeWideSNP_6_E10_734642	22	22474023	22474613	5	-0.7875
ETUIS_p_TCGASNP_b80_83_N_GenomeWideSNP_6_E10_734642	22	22481498	24271745	1284	0.029
ETUIS_p_TCGASNP_b80_83_N_GenomeWideSNP_6_E10_734642	22	24283016	24332933	30	0.6169
ETUIS_p_TCGASNP_b80_83_N_GenomeWideSNP_6_E10_734642	22	24337307	24344422	3	-0.1124
ETUIS_p_TCGASNP_b80_83_N_GenomeWideSNP_6_E10_734642	22	24350529	24396814	19	-1.5783
ETUIS_p_TCGASNP_b80_83_N_GenomeWideSNP_6_E10_734642	22	24401529	42892582	12789	0.0123
ETUIS_p_TCGASNP_b80_83_N_GenomeWideSNP_6_E10_734642	22	42892596	42955431	27	0.414
ETUIS_p_TCGASNP_b80_83_N_GenomeWideSNP_6_E10_734642	22	42955788	51234455	6106	0.0173
ETUIS_p_TCGASNP_b80_83_N_GenomeWideSNP_6_E10_734642	X	168477	91021051	47806	0.0137
ETUIS_p_TCGASNP_b80_83_N_GenomeWideSNP_6_E10_734642	X	91023484	91025714	2	-1.4925
ETUIS_p_TCGASNP_b80_83_N_GenomeWideSNP_6_E10_734642	X	91030016	115133681	13018	0.0123
ETUIS_p_TCGASNP_b80_83_N_GenomeWideSNP_6_E10_734642	X	115137955	115150638	7	-1.5178
ETUIS_p_TCGASNP_b80_83_N_GenomeWideSNP_6_E10_734642	X	115156419	146268151	18742	0.0165
ETUIS_p_TCGASNP_b80_83_N_GenomeWideSNP_6_E10_734642	X	146270299	146275870	5	-0.8093
ETUIS_p_TCGASNP_b80_83_N_GenomeWideSNP_6_E10_734642	X	146278906	155182354	5033	0.0216
ETUIS_p_TCGASNP_b80_83_N_GenomeWideSNP_6_E10_734642	Y	2650438	6101425	870	-2.3192
ETUIS_p_TCGASNP_b80_83_N_GenomeWideSNP_6_E10_734642	Y	6107901	6424299	128	-3.5215
ETUIS_p_TCGASNP_b80_83_N_GenomeWideSNP_6_E10_734642	Y	6426233	19571480	4662	-2.83
ETUIS_p_TCGASNP_b80_83_N_GenomeWideSNP_6_E10_734642	Y	19574890	21088297	704	-3.363
ETUIS_p_TCGASNP_b80_83_N_GenomeWideSNP_6_E10_734642	Y	21088485	23653771	978	-2.8437
ETUIS_p_TCGASNP_b80_83_N_GenomeWideSNP_6_E10_734642	Y	23683731	23690350	2	-8.9658
ETUIS_p_TCGASNP_b80_83_N_GenomeWideSNP_6_E10_734642	Y	23715701	23880233	81	-2.7537
ETUIS_p_TCGASNP_b80_83_N_GenomeWideSNP_6_E10_734642	Y	23882903	26430674	559	-3.2693
ETUIS_p_TCGASNP_b80_83_N_GenomeWideSNP_6_E10_734642	Y	26430908	26513715	28	-2.12
ETUIS_p_TCGASNP_b80_83_N_GenomeWideSNP_6_E10_734642	Y	26517533	27436702	94	-3.7151
ETUIS_p_TCGASNP_b80_83_N_GenomeWideSNP_6_E10_734642	Y	27444915	27718290	90	-2.6263
ETUIS_p_TCGASNP_b80_83_N_GenomeWideSNP_6_E10_734642	Y	27720551	28277692	196	-3.3273
ETUIS_p_TCGASNP_b80_83_N_GenomeWideSNP_6_E10_734642	Y	28289727	28322019	13	-4.7745
ETUIS_p_TCGASNP_b80_83_N_GenomeWideSNP_6_E10_734642	Y	28322083	28452016	50	-3.1117
ETUIS_p_TCGASNP_b80_83_N_GenomeWideSNP_6_E10_734642	Y	28457337	59018259	176	-2.4441
