Sample	Chromosome	Start	End	Num_Probes	Segment_Mean
ETUIS_p_TCGASNP_b80_83_N_GenomeWideSNP_6_D05_734626	1	61735	228706	18	0.4355
ETUIS_p_TCGASNP_b80_83_N_GenomeWideSNP_6_D05_734626	1	228729	1510801	208	-0.0331
ETUIS_p_TCGASNP_b80_83_N_GenomeWideSNP_6_D05_734626	1	1627918	1687587	18	-0.8928
ETUIS_p_TCGASNP_b80_83_N_GenomeWideSNP_6_D05_734626	1	1687650	16149915	8163	0.0401
ETUIS_p_TCGASNP_b80_83_N_GenomeWideSNP_6_D05_734626	1	16153497	16155010	10	-1.0949
ETUIS_p_TCGASNP_b80_83_N_GenomeWideSNP_6_D05_734626	1	16165661	17005978	346	0.0309
ETUIS_p_TCGASNP_b80_83_N_GenomeWideSNP_6_D05_734626	1	17011450	17012741	12	-0.8262
ETUIS_p_TCGASNP_b80_83_N_GenomeWideSNP_6_D05_734626	1	17012785	17037097	17	-0.0867
ETUIS_p_TCGASNP_b80_83_N_GenomeWideSNP_6_D05_734626	1	17045458	17177965	28	0.4644
ETUIS_p_TCGASNP_b80_83_N_GenomeWideSNP_6_D05_734626	1	17182437	17348847	96	-0.2288
ETUIS_p_TCGASNP_b80_83_N_GenomeWideSNP_6_D05_734626	1	17352635	25583341	5234	0.0498
ETUIS_p_TCGASNP_b80_83_N_GenomeWideSNP_6_D05_734626	1	25593128	25611452	14	0.6561
ETUIS_p_TCGASNP_b80_83_N_GenomeWideSNP_6_D05_734626	1	25616296	30737373	2415	0.0305
ETUIS_p_TCGASNP_b80_83_N_GenomeWideSNP_6_D05_734626	1	30738355	30739796	7	-0.8616
ETUIS_p_TCGASNP_b80_83_N_GenomeWideSNP_6_D05_734626	1	30741496	54580012	13319	0.0406
ETUIS_p_TCGASNP_b80_83_N_GenomeWideSNP_6_D05_734626	1	54580191	54593256	11	0.5935
ETUIS_p_TCGASNP_b80_83_N_GenomeWideSNP_6_D05_734626	1	54594263	72750353	13094	0.0132
ETUIS_p_TCGASNP_b80_83_N_GenomeWideSNP_6_D05_734626	1	72756113	72763370	9	-0.7396
ETUIS_p_TCGASNP_b80_83_N_GenomeWideSNP_6_D05_734626	1	72768418	72773413	9	1.8979
ETUIS_p_TCGASNP_b80_83_N_GenomeWideSNP_6_D05_734626	1	72773429	72779080	3	4.12
ETUIS_p_TCGASNP_b80_83_N_GenomeWideSNP_6_D05_734626	1	72779091	72811148	36	1.4685
ETUIS_p_TCGASNP_b80_83_N_GenomeWideSNP_6_D05_734626	1	72811904	96161026	15243	0.0143
ETUIS_p_TCGASNP_b80_83_N_GenomeWideSNP_6_D05_734626	1	96161092	96161096	2	-2.398
ETUIS_p_TCGASNP_b80_83_N_GenomeWideSNP_6_D05_734626	1	96161488	104163787	4830	0.016
ETUIS_p_TCGASNP_b80_83_N_GenomeWideSNP_6_D05_734626	1	104178038	104303403	26	0.7671
ETUIS_p_TCGASNP_b80_83_N_GenomeWideSNP_6_D05_734626	1	104303501	110227515	3605	0.0218
ETUIS_p_TCGASNP_b80_83_N_GenomeWideSNP_6_D05_734626	1	110232974	110240178	17	-1.3098
ETUIS_p_TCGASNP_b80_83_N_GenomeWideSNP_6_D05_734626	1	110242953	112690326	1957	0.0145
ETUIS_p_TCGASNP_b80_83_N_GenomeWideSNP_6_D05_734626	1	112695965	112697241	23	-1.4631
ETUIS_p_TCGASNP_b80_83_N_GenomeWideSNP_6_D05_734626	1	112697376	152555706	8038	0.0167
ETUIS_p_TCGASNP_b80_83_N_GenomeWideSNP_6_D05_734626	1	152555767	152590494	35	1.0001
ETUIS_p_TCGASNP_b80_83_N_GenomeWideSNP_6_D05_734626	1	152590565	152759678	169	0.0598
ETUIS_p_TCGASNP_b80_83_N_GenomeWideSNP_6_D05_734626	1	152761923	152768700	37	0.516
ETUIS_p_TCGASNP_b80_83_N_GenomeWideSNP_6_D05_734626	1	152773905	174796405	14868	0.024
ETUIS_p_TCGASNP_b80_83_N_GenomeWideSNP_6_D05_734626	1	174796556	174801854	17	-0.7894
ETUIS_p_TCGASNP_b80_83_N_GenomeWideSNP_6_D05_734626	1	174801872	191723760	11278	0.0097
ETUIS_p_TCGASNP_b80_83_N_GenomeWideSNP_6_D05_734626	1	191724304	191726158	4	-2.6159
ETUIS_p_TCGASNP_b80_83_N_GenomeWideSNP_6_D05_734626	1	191727949	196727850	3377	0.0197
ETUIS_p_TCGASNP_b80_83_N_GenomeWideSNP_6_D05_734626	1	196731035	196801784	87	-0.3664
ETUIS_p_TCGASNP_b80_83_N_GenomeWideSNP_6_D05_734626	1	196801805	244821440	33209	0.0083
ETUIS_p_TCGASNP_b80_83_N_GenomeWideSNP_6_D05_734626	1	244826033	244826059	2	-1.4951
ETUIS_p_TCGASNP_b80_83_N_GenomeWideSNP_6_D05_734626	1	244837870	248808864	2590	-0.0071
ETUIS_p_TCGASNP_b80_83_N_GenomeWideSNP_6_D05_734626	1	248809109	248809369	2	1.4117
ETUIS_p_TCGASNP_b80_83_N_GenomeWideSNP_6_D05_734626	1	248818483	249224388	140	0.0332
ETUIS_p_TCGASNP_b80_83_N_GenomeWideSNP_6_D05_734626	2	12784	14703694	11042	0.0069
ETUIS_p_TCGASNP_b80_83_N_GenomeWideSNP_6_D05_734626	2	14704949	14710092	12	-1.0167
ETUIS_p_TCGASNP_b80_83_N_GenomeWideSNP_6_D05_734626	2	14710364	34691069	13041	0.0174
ETUIS_p_TCGASNP_b80_83_N_GenomeWideSNP_6_D05_734626	2	34699315	34741027	53	-0.2934
ETUIS_p_TCGASNP_b80_83_N_GenomeWideSNP_6_D05_734626	2	34742910	38056472	2539	0.0163
ETUIS_p_TCGASNP_b80_83_N_GenomeWideSNP_6_D05_734626	2	38056951	38059295	6	-0.8603
ETUIS_p_TCGASNP_b80_83_N_GenomeWideSNP_6_D05_734626	2	38059334	52754561	10485	0.0247
ETUIS_p_TCGASNP_b80_83_N_GenomeWideSNP_6_D05_734626	2	52754728	52754881	3	-1.7567
ETUIS_p_TCGASNP_b80_83_N_GenomeWideSNP_6_D05_734626	2	52758753	52781326	26	0.4795
ETUIS_p_TCGASNP_b80_83_N_GenomeWideSNP_6_D05_734626	2	52781374	57037313	3125	0.0162
ETUIS_p_TCGASNP_b80_83_N_GenomeWideSNP_6_D05_734626	2	57037438	57039905	2	-1.3972
ETUIS_p_TCGASNP_b80_83_N_GenomeWideSNP_6_D05_734626	2	57041056	65718090	5126	0.0121
ETUIS_p_TCGASNP_b80_83_N_GenomeWideSNP_6_D05_734626	2	65718174	65719941	4	-2.4148
ETUIS_p_TCGASNP_b80_83_N_GenomeWideSNP_6_D05_734626	2	65723956	227342038	94686	0.0208
ETUIS_p_TCGASNP_b80_83_N_GenomeWideSNP_6_D05_734626	2	227342788	227346068	5	-1.0527
ETUIS_p_TCGASNP_b80_83_N_GenomeWideSNP_6_D05_734626	2	227347799	242482553	9598	0.0173
ETUIS_p_TCGASNP_b80_83_N_GenomeWideSNP_6_D05_734626	2	242486064	242516292	21	-0.3643
ETUIS_p_TCGASNP_b80_83_N_GenomeWideSNP_6_D05_734626	2	242517770	243089456	179	0.075
ETUIS_p_TCGASNP_b80_83_N_GenomeWideSNP_6_D05_734626	3	60345	11408063	9579	0.0128
ETUIS_p_TCGASNP_b80_83_N_GenomeWideSNP_6_D05_734626	3	11412604	11413400	4	-1.3008
ETUIS_p_TCGASNP_b80_83_N_GenomeWideSNP_6_D05_734626	3	11417265	16239063	3355	0.0034
ETUIS_p_TCGASNP_b80_83_N_GenomeWideSNP_6_D05_734626	3	16240556	16241384	8	-0.6856
ETUIS_p_TCGASNP_b80_83_N_GenomeWideSNP_6_D05_734626	3	16243596	20313125	2354	0.0127
ETUIS_p_TCGASNP_b80_83_N_GenomeWideSNP_6_D05_734626	3	20315122	20316083	2	-3.6882
ETUIS_p_TCGASNP_b80_83_N_GenomeWideSNP_6_D05_734626	3	20328081	26426191	4628	0.0291
ETUIS_p_TCGASNP_b80_83_N_GenomeWideSNP_6_D05_734626	3	26434124	26434901	4	-0.9343
ETUIS_p_TCGASNP_b80_83_N_GenomeWideSNP_6_D05_734626	3	26439343	26611649	120	-0.0192
ETUIS_p_TCGASNP_b80_83_N_GenomeWideSNP_6_D05_734626	3	26611667	26611885	4	-2.2871
ETUIS_p_TCGASNP_b80_83_N_GenomeWideSNP_6_D05_734626	3	26611898	26613201	8	-0.2148
ETUIS_p_TCGASNP_b80_83_N_GenomeWideSNP_6_D05_734626	3	26614974	26615970	10	-0.7235
ETUIS_p_TCGASNP_b80_83_N_GenomeWideSNP_6_D05_734626	3	26616070	46793377	13158	0.0111
ETUIS_p_TCGASNP_b80_83_N_GenomeWideSNP_6_D05_734626	3	46801817	46849589	40	-0.6756
ETUIS_p_TCGASNP_b80_83_N_GenomeWideSNP_6_D05_734626	3	46859479	60498887	8016	0.0148
ETUIS_p_TCGASNP_b80_83_N_GenomeWideSNP_6_D05_734626	3	60499088	60500082	3	-1.0782
ETUIS_p_TCGASNP_b80_83_N_GenomeWideSNP_6_D05_734626	3	60500549	68746164	6545	0.0174
ETUIS_p_TCGASNP_b80_83_N_GenomeWideSNP_6_D05_734626	3	68746259	68747413	14	-1.1687
ETUIS_p_TCGASNP_b80_83_N_GenomeWideSNP_6_D05_734626	3	68748758	75421170	4872	0.006
ETUIS_p_TCGASNP_b80_83_N_GenomeWideSNP_6_D05_734626	3	75427107	75568549	61	-0.6615
ETUIS_p_TCGASNP_b80_83_N_GenomeWideSNP_6_D05_734626	3	75572549	75596246	8	0.0391
ETUIS_p_TCGASNP_b80_83_N_GenomeWideSNP_6_D05_734626	3	75608639	75639507	6	-0.7601
ETUIS_p_TCGASNP_b80_83_N_GenomeWideSNP_6_D05_734626	3	75645384	129786374	29778	0.0181
ETUIS_p_TCGASNP_b80_83_N_GenomeWideSNP_6_D05_734626	3	129786739	129799597	40	-0.3987
ETUIS_p_TCGASNP_b80_83_N_GenomeWideSNP_6_D05_734626	3	129799667	162532950	20303	0.0161
ETUIS_p_TCGASNP_b80_83_N_GenomeWideSNP_6_D05_734626	3	162534730	162540490	6	-1.5755
ETUIS_p_TCGASNP_b80_83_N_GenomeWideSNP_6_D05_734626	3	162545716	162552081	5	0.9896
ETUIS_p_TCGASNP_b80_83_N_GenomeWideSNP_6_D05_734626	3	162563331	162623897	41	0.2424
ETUIS_p_TCGASNP_b80_83_N_GenomeWideSNP_6_D05_734626	3	162625980	162626603	4	1.4116
ETUIS_p_TCGASNP_b80_83_N_GenomeWideSNP_6_D05_734626	3	162628614	162714517	70	0.0355
ETUIS_p_TCGASNP_b80_83_N_GenomeWideSNP_6_D05_734626	3	162717727	162719562	2	1.529
ETUIS_p_TCGASNP_b80_83_N_GenomeWideSNP_6_D05_734626	3	162726159	173211428	6273	0.0188
ETUIS_p_TCGASNP_b80_83_N_GenomeWideSNP_6_D05_734626	3	173212373	173301037	42	0.4204
ETUIS_p_TCGASNP_b80_83_N_GenomeWideSNP_6_D05_734626	3	173303315	197896002	15513	0.0054
ETUIS_p_TCGASNP_b80_83_N_GenomeWideSNP_6_D05_734626	3	197896017	197896118	2	0.8719
ETUIS_p_TCGASNP_b80_83_N_GenomeWideSNP_6_D05_734626	4	12281	4166518	1713	0.0093
ETUIS_p_TCGASNP_b80_83_N_GenomeWideSNP_6_D05_734626	4	4166983	4166997	2	-2.441
ETUIS_p_TCGASNP_b80_83_N_GenomeWideSNP_6_D05_734626	4	4167133	10210390	4086	0.0117
ETUIS_p_TCGASNP_b80_83_N_GenomeWideSNP_6_D05_734626	4	10214160	10234608	32	-1.5791
ETUIS_p_TCGASNP_b80_83_N_GenomeWideSNP_6_D05_734626	4	10235007	34779054	16991	0.01
ETUIS_p_TCGASNP_b80_83_N_GenomeWideSNP_6_D05_734626	4	34786500	34829872	39	-0.4129
ETUIS_p_TCGASNP_b80_83_N_GenomeWideSNP_6_D05_734626	4	34829913	36014412	776	0.0174
ETUIS_p_TCGASNP_b80_83_N_GenomeWideSNP_6_D05_734626	4	36014981	36015518	4	-0.8659
ETUIS_p_TCGASNP_b80_83_N_GenomeWideSNP_6_D05_734626	4	36017518	69244434	18682	0.0201
ETUIS_p_TCGASNP_b80_83_N_GenomeWideSNP_6_D05_734626	4	69255070	69485840	92	0.3822
ETUIS_p_TCGASNP_b80_83_N_GenomeWideSNP_6_D05_734626	4	69485979	115173700	27730	0.0154
ETUIS_p_TCGASNP_b80_83_N_GenomeWideSNP_6_D05_734626	4	115175323	115182175	23	0.5879
ETUIS_p_TCGASNP_b80_83_N_GenomeWideSNP_6_D05_734626	4	115184229	157542791	25355	0.0143
ETUIS_p_TCGASNP_b80_83_N_GenomeWideSNP_6_D05_734626	4	157546559	157547537	2	-1.9831
ETUIS_p_TCGASNP_b80_83_N_GenomeWideSNP_6_D05_734626	4	157549231	191027923	21896	0.013
ETUIS_p_TCGASNP_b80_83_N_GenomeWideSNP_6_D05_734626	5	15532	685748	306	0.0184
ETUIS_p_TCGASNP_b80_83_N_GenomeWideSNP_6_D05_734626	5	698371	779860	30	-1.0275
ETUIS_p_TCGASNP_b80_83_N_GenomeWideSNP_6_D05_734626	5	779881	817850	14	-0.4211
ETUIS_p_TCGASNP_b80_83_N_GenomeWideSNP_6_D05_734626	5	817992	12815780	9866	0.0064
ETUIS_p_TCGASNP_b80_83_N_GenomeWideSNP_6_D05_734626	5	12815865	12826650	10	0.8843
ETUIS_p_TCGASNP_b80_83_N_GenomeWideSNP_6_D05_734626	5	12833857	46271108	20566	0.0132
ETUIS_p_TCGASNP_b80_83_N_GenomeWideSNP_6_D05_734626	5	46271930	46273502	6	-2.0109
ETUIS_p_TCGASNP_b80_83_N_GenomeWideSNP_6_D05_734626	5	46278212	61573012	7943	0.0135
ETUIS_p_TCGASNP_b80_83_N_GenomeWideSNP_6_D05_734626	5	61573372	61582192	5	-0.9761
ETUIS_p_TCGASNP_b80_83_N_GenomeWideSNP_6_D05_734626	5	61582729	68846303	4463	0.0179
ETUIS_p_TCGASNP_b80_83_N_GenomeWideSNP_6_D05_734626	5	68867294	69118135	5	1.0875
ETUIS_p_TCGASNP_b80_83_N_GenomeWideSNP_6_D05_734626	5	69233427	98836572	16640	0.0139
ETUIS_p_TCGASNP_b80_83_N_GenomeWideSNP_6_D05_734626	5	98839874	98844337	3	-1.1647
ETUIS_p_TCGASNP_b80_83_N_GenomeWideSNP_6_D05_734626	5	98844511	167078820	44148	0.0093
ETUIS_p_TCGASNP_b80_83_N_GenomeWideSNP_6_D05_734626	5	167080980	167095221	15	-0.7978
ETUIS_p_TCGASNP_b80_83_N_GenomeWideSNP_6_D05_734626	5	167095403	177198449	7053	0.0079
ETUIS_p_TCGASNP_b80_83_N_GenomeWideSNP_6_D05_734626	5	177227551	177232605	3	1.185
ETUIS_p_TCGASNP_b80_83_N_GenomeWideSNP_6_D05_734626	5	177254965	180378888	1814	0.0068
ETUIS_p_TCGASNP_b80_83_N_GenomeWideSNP_6_D05_734626	5	180380203	180407230	10	0.8451
ETUIS_p_TCGASNP_b80_83_N_GenomeWideSNP_6_D05_734626	5	180414294	180790320	178	-0.0258
ETUIS_p_TCGASNP_b80_83_N_GenomeWideSNP_6_D05_734626	6	149661	253272	98	0.0278
ETUIS_p_TCGASNP_b80_83_N_GenomeWideSNP_6_D05_734626	6	253861	294837	26	-0.3274
ETUIS_p_TCGASNP_b80_83_N_GenomeWideSNP_6_D05_734626	6	302306	381149	77	0.3387
ETUIS_p_TCGASNP_b80_83_N_GenomeWideSNP_6_D05_734626	6	382559	2702064	1919	0.0176
ETUIS_p_TCGASNP_b80_83_N_GenomeWideSNP_6_D05_734626	6	2702121	2702135	2	-1.2448
ETUIS_p_TCGASNP_b80_83_N_GenomeWideSNP_6_D05_734626	6	2704434	3979359	1000	0.0108
ETUIS_p_TCGASNP_b80_83_N_GenomeWideSNP_6_D05_734626	6	3979677	3979751	2	-1.6462
ETUIS_p_TCGASNP_b80_83_N_GenomeWideSNP_6_D05_734626	6	3980857	24974837	15973	0.0071
ETUIS_p_TCGASNP_b80_83_N_GenomeWideSNP_6_D05_734626	6	24975308	24975485	3	-1.3496
ETUIS_p_TCGASNP_b80_83_N_GenomeWideSNP_6_D05_734626	6	24975603	31286276	3313	0.0196
ETUIS_p_TCGASNP_b80_83_N_GenomeWideSNP_6_D05_734626	6	31286305	31296451	10	-1.3131
ETUIS_p_TCGASNP_b80_83_N_GenomeWideSNP_6_D05_734626	6	31309924	32449050	506	-0.0147
ETUIS_p_TCGASNP_b80_83_N_GenomeWideSNP_6_D05_734626	6	32449523	32650612	71	-0.2884
ETUIS_p_TCGASNP_b80_83_N_GenomeWideSNP_6_D05_734626	6	32654640	32690027	44	0.1296
ETUIS_p_TCGASNP_b80_83_N_GenomeWideSNP_6_D05_734626	6	32690797	32690830	3	1.4618
ETUIS_p_TCGASNP_b80_83_N_GenomeWideSNP_6_D05_734626	6	32692227	49431569	10634	0.0183
ETUIS_p_TCGASNP_b80_83_N_GenomeWideSNP_6_D05_734626	6	49432198	49447295	13	0.7413
ETUIS_p_TCGASNP_b80_83_N_GenomeWideSNP_6_D05_734626	6	49457835	50892728	834	0.0369
ETUIS_p_TCGASNP_b80_83_N_GenomeWideSNP_6_D05_734626	6	50893251	50893291	2	1.2888
ETUIS_p_TCGASNP_b80_83_N_GenomeWideSNP_6_D05_734626	6	50899273	52169951	916	0.0235
ETUIS_p_TCGASNP_b80_83_N_GenomeWideSNP_6_D05_734626	6	52170498	52170941	2	-1.2576
ETUIS_p_TCGASNP_b80_83_N_GenomeWideSNP_6_D05_734626	6	52172655	69938266	8819	0.0269
ETUIS_p_TCGASNP_b80_83_N_GenomeWideSNP_6_D05_734626	6	69938517	69940937	2	-1.7422
ETUIS_p_TCGASNP_b80_83_N_GenomeWideSNP_6_D05_734626	6	69940955	74591858	2997	0.0204
ETUIS_p_TCGASNP_b80_83_N_GenomeWideSNP_6_D05_734626	6	74592225	74597341	9	0.7449
ETUIS_p_TCGASNP_b80_83_N_GenomeWideSNP_6_D05_734626	6	74601410	77014948	1469	0.0059
ETUIS_p_TCGASNP_b80_83_N_GenomeWideSNP_6_D05_734626	6	77016900	77016926	3	-0.9469
ETUIS_p_TCGASNP_b80_83_N_GenomeWideSNP_6_D05_734626	6	77016993	78962889	1293	0.0174
ETUIS_p_TCGASNP_b80_83_N_GenomeWideSNP_6_D05_734626	6	78969065	79034940	110	-0.3888
ETUIS_p_TCGASNP_b80_83_N_GenomeWideSNP_6_D05_734626	6	79035027	167632962	57629	0.0121
ETUIS_p_TCGASNP_b80_83_N_GenomeWideSNP_6_D05_734626	6	167633465	167633927	3	-1.0905
ETUIS_p_TCGASNP_b80_83_N_GenomeWideSNP_6_D05_734626	6	167637148	171051005	2104	-0.0147
ETUIS_p_TCGASNP_b80_83_N_GenomeWideSNP_6_D05_734626	7	43355	9174771	5418	0.0109
ETUIS_p_TCGASNP_b80_83_N_GenomeWideSNP_6_D05_734626	7	9178376	9178623	4	-1.6805
ETUIS_p_TCGASNP_b80_83_N_GenomeWideSNP_6_D05_734626	7	9179289	64568852	36275	0.017
ETUIS_p_TCGASNP_b80_83_N_GenomeWideSNP_6_D05_734626	7	64594065	64651349	10	-1.0681
ETUIS_p_TCGASNP_b80_83_N_GenomeWideSNP_6_D05_734626	7	64651640	67129908	1023	-0.0188
ETUIS_p_TCGASNP_b80_83_N_GenomeWideSNP_6_D05_734626	7	67130292	67136682	2	-1.3271
ETUIS_p_TCGASNP_b80_83_N_GenomeWideSNP_6_D05_734626	7	67137492	68407196	903	-0.034
ETUIS_p_TCGASNP_b80_83_N_GenomeWideSNP_6_D05_734626	7	68407337	68408992	4	-0.8141
ETUIS_p_TCGASNP_b80_83_N_GenomeWideSNP_6_D05_734626	7	68411200	133785211	38505	0.0171
ETUIS_p_TCGASNP_b80_83_N_GenomeWideSNP_6_D05_734626	7	133785309	133795634	23	-1.6913
ETUIS_p_TCGASNP_b80_83_N_GenomeWideSNP_6_D05_734626	7	133795665	133799197	11	-0.4735
ETUIS_p_TCGASNP_b80_83_N_GenomeWideSNP_6_D05_734626	7	133806244	141769643	5196	0.0043
ETUIS_p_TCGASNP_b80_83_N_GenomeWideSNP_6_D05_734626	7	141769680	141799117	45	-0.5387
ETUIS_p_TCGASNP_b80_83_N_GenomeWideSNP_6_D05_734626	7	141799160	143909445	1315	0.0243
ETUIS_p_TCGASNP_b80_83_N_GenomeWideSNP_6_D05_734626	7	143911624	144066947	39	0.6657
ETUIS_p_TCGASNP_b80_83_N_GenomeWideSNP_6_D05_734626	7	144074929	150288831	3857	0.0016
ETUIS_p_TCGASNP_b80_83_N_GenomeWideSNP_6_D05_734626	7	150299285	150300867	3	-1.0354
ETUIS_p_TCGASNP_b80_83_N_GenomeWideSNP_6_D05_734626	7	150300944	150701022	292	-0.0016
ETUIS_p_TCGASNP_b80_83_N_GenomeWideSNP_6_D05_734626	7	150702591	150708089	3	-1.9417
ETUIS_p_TCGASNP_b80_83_N_GenomeWideSNP_6_D05_734626	7	150710392	153147638	1423	0.002
ETUIS_p_TCGASNP_b80_83_N_GenomeWideSNP_6_D05_734626	7	153147645	153147712	2	-1.8491
ETUIS_p_TCGASNP_b80_83_N_GenomeWideSNP_6_D05_734626	7	153147715	154389895	866	0.0047
ETUIS_p_TCGASNP_b80_83_N_GenomeWideSNP_6_D05_734626	7	154393171	154399613	4	1.0653
ETUIS_p_TCGASNP_b80_83_N_GenomeWideSNP_6_D05_734626	7	154400830	159127004	3244	-0.0021
ETUIS_p_TCGASNP_b80_83_N_GenomeWideSNP_6_D05_734626	8	31254	7254341	7850	0.0192
ETUIS_p_TCGASNP_b80_83_N_GenomeWideSNP_6_D05_734626	8	7255048	7809906	147	0.4697
ETUIS_p_TCGASNP_b80_83_N_GenomeWideSNP_6_D05_734626	8	7826922	11949551	3283	7e-04
ETUIS_p_TCGASNP_b80_83_N_GenomeWideSNP_6_D05_734626	8	11987726	12034997	8	0.7791
ETUIS_p_TCGASNP_b80_83_N_GenomeWideSNP_6_D05_734626	8	12162739	12232281	10	0.0162
ETUIS_p_TCGASNP_b80_83_N_GenomeWideSNP_6_D05_734626	8	12232416	12234217	4	-1.2124
ETUIS_p_TCGASNP_b80_83_N_GenomeWideSNP_6_D05_734626	8	12234251	12247486	33	0.0242
ETUIS_p_TCGASNP_b80_83_N_GenomeWideSNP_6_D05_734626	8	12260927	12327522	27	0.3489
ETUIS_p_TCGASNP_b80_83_N_GenomeWideSNP_6_D05_734626	8	12327833	24974443	10457	0.0178
ETUIS_p_TCGASNP_b80_83_N_GenomeWideSNP_6_D05_734626	8	24974476	24984250	25	-2.0125
ETUIS_p_TCGASNP_b80_83_N_GenomeWideSNP_6_D05_734626	8	24991104	39226349	9037	0.0107
ETUIS_p_TCGASNP_b80_83_N_GenomeWideSNP_6_D05_734626	8	39230183	39385194	61	-0.5035
ETUIS_p_TCGASNP_b80_83_N_GenomeWideSNP_6_D05_734626	8	39386965	40771996	1075	0.0184
ETUIS_p_TCGASNP_b80_83_N_GenomeWideSNP_6_D05_734626	8	40777852	40778471	2	-1.9919
ETUIS_p_TCGASNP_b80_83_N_GenomeWideSNP_6_D05_734626	8	40783680	58117486	8112	0.0068
ETUIS_p_TCGASNP_b80_83_N_GenomeWideSNP_6_D05_734626	8	58118052	58130025	3	-1.8553
ETUIS_p_TCGASNP_b80_83_N_GenomeWideSNP_6_D05_734626	8	58132798	68019189	6088	0.0113
ETUIS_p_TCGASNP_b80_83_N_GenomeWideSNP_6_D05_734626	8	68019208	68129136	36	0.6209
ETUIS_p_TCGASNP_b80_83_N_GenomeWideSNP_6_D05_734626	8	68129767	68547635	225	0.0021
ETUIS_p_TCGASNP_b80_83_N_GenomeWideSNP_6_D05_734626	8	68547669	68548400	7	0.4622
ETUIS_p_TCGASNP_b80_83_N_GenomeWideSNP_6_D05_734626	8	68548491	68906760	291	0.0409
ETUIS_p_TCGASNP_b80_83_N_GenomeWideSNP_6_D05_734626	8	68909760	68910381	2	-1.2175
ETUIS_p_TCGASNP_b80_83_N_GenomeWideSNP_6_D05_734626	8	68912433	72212365	2066	0.0158
ETUIS_p_TCGASNP_b80_83_N_GenomeWideSNP_6_D05_734626	8	72215311	72216599	9	-2.1652
ETUIS_p_TCGASNP_b80_83_N_GenomeWideSNP_6_D05_734626	8	72219863	112295081	24120	0.0194
ETUIS_p_TCGASNP_b80_83_N_GenomeWideSNP_6_D05_734626	8	112295202	112295260	3	-2.8213
ETUIS_p_TCGASNP_b80_83_N_GenomeWideSNP_6_D05_734626	8	112300281	129742275	11659	0.0061
ETUIS_p_TCGASNP_b80_83_N_GenomeWideSNP_6_D05_734626	8	129743893	129744938	2	-1.4766
ETUIS_p_TCGASNP_b80_83_N_GenomeWideSNP_6_D05_734626	8	129745068	144698933	10754	0.0069
ETUIS_p_TCGASNP_b80_83_N_GenomeWideSNP_6_D05_734626	8	144699157	144707808	10	-0.6282
ETUIS_p_TCGASNP_b80_83_N_GenomeWideSNP_6_D05_734626	8	144718989	146298155	505	-0.0217
ETUIS_p_TCGASNP_b80_83_N_GenomeWideSNP_6_D05_734626	9	46587	43315974	31378	0.0205
ETUIS_p_TCGASNP_b80_83_N_GenomeWideSNP_6_D05_734626	9	43472537	43780909	37	-0.413
ETUIS_p_TCGASNP_b80_83_N_GenomeWideSNP_6_D05_734626	9	43790346	44404912	47	-0.1386
ETUIS_p_TCGASNP_b80_83_N_GenomeWideSNP_6_D05_734626	9	44424451	44469328	3	1.1003
ETUIS_p_TCGASNP_b80_83_N_GenomeWideSNP_6_D05_734626	9	44629223	44855737	37	-1.0832
ETUIS_p_TCGASNP_b80_83_N_GenomeWideSNP_6_D05_734626	9	44866028	45471405	40	0.0026
ETUIS_p_TCGASNP_b80_83_N_GenomeWideSNP_6_D05_734626	9	45471445	45749018	12	0.5009
ETUIS_p_TCGASNP_b80_83_N_GenomeWideSNP_6_D05_734626	9	45749108	46388197	30	-0.0529
ETUIS_p_TCGASNP_b80_83_N_GenomeWideSNP_6_D05_734626	9	46388520	46390711	2	-1.8001
ETUIS_p_TCGASNP_b80_83_N_GenomeWideSNP_6_D05_734626	9	46390759	79120903	6236	6e-04
ETUIS_p_TCGASNP_b80_83_N_GenomeWideSNP_6_D05_734626	9	79120919	79125440	19	-0.7516
ETUIS_p_TCGASNP_b80_83_N_GenomeWideSNP_6_D05_734626	9	79125487	94402150	10966	0.0032
ETUIS_p_TCGASNP_b80_83_N_GenomeWideSNP_6_D05_734626	9	94402206	94403545	17	-0.7152
ETUIS_p_TCGASNP_b80_83_N_GenomeWideSNP_6_D05_734626	9	94403710	141091394	31069	0.0165
ETUIS_p_TCGASNP_b80_83_N_GenomeWideSNP_6_D05_734626	10	72759	48771950	32224	0.0055
ETUIS_p_TCGASNP_b80_83_N_GenomeWideSNP_6_D05_734626	10	48837810	48840627	2	2.3311
ETUIS_p_TCGASNP_b80_83_N_GenomeWideSNP_6_D05_734626	10	48883402	48947027	6	-0.2445
ETUIS_p_TCGASNP_b80_83_N_GenomeWideSNP_6_D05_734626	10	48958519	49389968	26	0.4156
ETUIS_p_TCGASNP_b80_83_N_GenomeWideSNP_6_D05_734626	10	49390308	51500670	1355	0.0051
ETUIS_p_TCGASNP_b80_83_N_GenomeWideSNP_6_D05_734626	10	51502164	51514409	9	-0.5664
ETUIS_p_TCGASNP_b80_83_N_GenomeWideSNP_6_D05_734626	10	51514799	59094597	5434	0.0296
ETUIS_p_TCGASNP_b80_83_N_GenomeWideSNP_6_D05_734626	10	59094817	59095203	6	0.9956
ETUIS_p_TCGASNP_b80_83_N_GenomeWideSNP_6_D05_734626	10	59095288	61364115	1625	0.0185
ETUIS_p_TCGASNP_b80_83_N_GenomeWideSNP_6_D05_734626	10	61364130	61365264	7	-1.0224
ETUIS_p_TCGASNP_b80_83_N_GenomeWideSNP_6_D05_734626	10	61365482	135506704	50335	0.0123
ETUIS_p_TCGASNP_b80_83_N_GenomeWideSNP_6_D05_734626	11	198510	5787405	3300	0.0194
ETUIS_p_TCGASNP_b80_83_N_GenomeWideSNP_6_D05_734626	11	5788080	5829051	50	0.2725
ETUIS_p_TCGASNP_b80_83_N_GenomeWideSNP_6_D05_734626	11	5830288	6117976	228	0.0151
ETUIS_p_TCGASNP_b80_83_N_GenomeWideSNP_6_D05_734626	11	6120647	6122094	2	-1.5803
ETUIS_p_TCGASNP_b80_83_N_GenomeWideSNP_6_D05_734626	11	6122503	10225436	2787	0.0126
ETUIS_p_TCGASNP_b80_83_N_GenomeWideSNP_6_D05_734626	11	10226884	10228728	5	-1.1873
ETUIS_p_TCGASNP_b80_83_N_GenomeWideSNP_6_D05_734626	11	10232713	41578593	22771	0.0136
ETUIS_p_TCGASNP_b80_83_N_GenomeWideSNP_6_D05_734626	11	41580669	41581479	5	-1.4076
ETUIS_p_TCGASNP_b80_83_N_GenomeWideSNP_6_D05_734626	11	41586140	49758856	4738	0.0233
ETUIS_p_TCGASNP_b80_83_N_GenomeWideSNP_6_D05_734626	11	49759555	49760056	5	-1.0089
ETUIS_p_TCGASNP_b80_83_N_GenomeWideSNP_6_D05_734626	11	49760688	51563636	510	-0.0057
ETUIS_p_TCGASNP_b80_83_N_GenomeWideSNP_6_D05_734626	11	51564171	55048272	54	-0.3342
ETUIS_p_TCGASNP_b80_83_N_GenomeWideSNP_6_D05_734626	11	55050890	55376280	196	0.0488
ETUIS_p_TCGASNP_b80_83_N_GenomeWideSNP_6_D05_734626	11	55376498	55442318	40	0.4587
ETUIS_p_TCGASNP_b80_83_N_GenomeWideSNP_6_D05_734626	11	55444211	64659837	5164	0.0394
ETUIS_p_TCGASNP_b80_83_N_GenomeWideSNP_6_D05_734626	11	64663227	64665948	4	-1.3884
ETUIS_p_TCGASNP_b80_83_N_GenomeWideSNP_6_D05_734626	11	64669105	134944770	47225	0.0188
ETUIS_p_TCGASNP_b80_83_N_GenomeWideSNP_6_D05_734626	12	150442	869198	419	0.0118
ETUIS_p_TCGASNP_b80_83_N_GenomeWideSNP_6_D05_734626	12	869263	874029	16	-0.8279
ETUIS_p_TCGASNP_b80_83_N_GenomeWideSNP_6_D05_734626	12	875354	8357507	5109	0.0166
ETUIS_p_TCGASNP_b80_83_N_GenomeWideSNP_6_D05_734626	12	8362050	8378251	11	1.0387
ETUIS_p_TCGASNP_b80_83_N_GenomeWideSNP_6_D05_734626	12	8393828	9633870	641	0.0296
ETUIS_p_TCGASNP_b80_83_N_GenomeWideSNP_6_D05_734626	12	9637909	9715565	23	0.8605
ETUIS_p_TCGASNP_b80_83_N_GenomeWideSNP_6_D05_734626	12	9728292	30235581	14339	0.0143
ETUIS_p_TCGASNP_b80_83_N_GenomeWideSNP_6_D05_734626	12	30239267	30243575	19	-0.5418
ETUIS_p_TCGASNP_b80_83_N_GenomeWideSNP_6_D05_734626	12	30243590	37982640	3138	-0.0025
ETUIS_p_TCGASNP_b80_83_N_GenomeWideSNP_6_D05_734626	12	37987726	38053139	5	-1.015
ETUIS_p_TCGASNP_b80_83_N_GenomeWideSNP_6_D05_734626	12	38053237	129228886	58190	0.014
ETUIS_p_TCGASNP_b80_83_N_GenomeWideSNP_6_D05_734626	12	129230513	129232297	6	-1.2501
ETUIS_p_TCGASNP_b80_83_N_GenomeWideSNP_6_D05_734626	12	129232545	133778189	3080	0.0014
ETUIS_p_TCGASNP_b80_83_N_GenomeWideSNP_6_D05_734626	13	19026949	23629210	2895	0.0045
ETUIS_p_TCGASNP_b80_83_N_GenomeWideSNP_6_D05_734626	13	23632678	23640863	20	-0.3566
ETUIS_p_TCGASNP_b80_83_N_GenomeWideSNP_6_D05_734626	13	23641168	83787761	39931	0.0158
ETUIS_p_TCGASNP_b80_83_N_GenomeWideSNP_6_D05_734626	13	83787815	83792214	14	-0.5504
ETUIS_p_TCGASNP_b80_83_N_GenomeWideSNP_6_D05_734626	13	83792808	115108397	21428	0.0093
ETUIS_p_TCGASNP_b80_83_N_GenomeWideSNP_6_D05_734626	14	19002124	19562139	41	-0.0427
ETUIS_p_TCGASNP_b80_83_N_GenomeWideSNP_6_D05_734626	14	19600435	20423372	149	-0.3442
ETUIS_p_TCGASNP_b80_83_N_GenomeWideSNP_6_D05_734626	14	20424926	61607699	26136	0.0248
ETUIS_p_TCGASNP_b80_83_N_GenomeWideSNP_6_D05_734626	14	61609548	61612434	3	-1.1624
ETUIS_p_TCGASNP_b80_83_N_GenomeWideSNP_6_D05_734626	14	61612611	72438562	6821	0.0169
ETUIS_p_TCGASNP_b80_83_N_GenomeWideSNP_6_D05_734626	14	72449491	72449517	2	-1.218
ETUIS_p_TCGASNP_b80_83_N_GenomeWideSNP_6_D05_734626	14	72449568	74001123	1159	0.0131
ETUIS_p_TCGASNP_b80_83_N_GenomeWideSNP_6_D05_734626	14	74006707	74020979	8	0.7559
ETUIS_p_TCGASNP_b80_83_N_GenomeWideSNP_6_D05_734626	14	74029900	106874361	20962	0.014
ETUIS_p_TCGASNP_b80_83_N_GenomeWideSNP_6_D05_734626	14	106879831	106918108	51	-0.5503
ETUIS_p_TCGASNP_b80_83_N_GenomeWideSNP_6_D05_734626	14	106918649	107160399	136	0.1358
ETUIS_p_TCGASNP_b80_83_N_GenomeWideSNP_6_D05_734626	14	107160654	107179847	19	-0.2873
ETUIS_p_TCGASNP_b80_83_N_GenomeWideSNP_6_D05_734626	14	107184184	107285437	68	0.0717
ETUIS_p_TCGASNP_b80_83_N_GenomeWideSNP_6_D05_734626	15	20016328	20412026	64	0.0888
ETUIS_p_TCGASNP_b80_83_N_GenomeWideSNP_6_D05_734626	15	20412478	20578421	34	0.704
ETUIS_p_TCGASNP_b80_83_N_GenomeWideSNP_6_D05_734626	15	20581451	20581564	7	-0.3965
ETUIS_p_TCGASNP_b80_83_N_GenomeWideSNP_6_D05_734626	15	20585988	21173886	162	0.7098
ETUIS_p_TCGASNP_b80_83_N_GenomeWideSNP_6_D05_734626	15	21186400	21200700	8	-0.4201
ETUIS_p_TCGASNP_b80_83_N_GenomeWideSNP_6_D05_734626	15	21201533	22587474	147	0.7164
ETUIS_p_TCGASNP_b80_83_N_GenomeWideSNP_6_D05_734626	15	22673399	50046349	16717	0.0229
ETUIS_p_TCGASNP_b80_83_N_GenomeWideSNP_6_D05_734626	15	50049054	50049426	2	-1.2553
ETUIS_p_TCGASNP_b80_83_N_GenomeWideSNP_6_D05_734626	15	50049587	68740879	12586	0.0287
ETUIS_p_TCGASNP_b80_83_N_GenomeWideSNP_6_D05_734626	15	68755082	68756701	6	-1.2093
ETUIS_p_TCGASNP_b80_83_N_GenomeWideSNP_6_D05_734626	15	68757515	102469040	22298	0.0241
ETUIS_p_TCGASNP_b80_83_N_GenomeWideSNP_6_D05_734626	16	60777	19945650	13513	0.0075
ETUIS_p_TCGASNP_b80_83_N_GenomeWideSNP_6_D05_734626	16	19945808	19967362	28	-0.7244
ETUIS_p_TCGASNP_b80_83_N_GenomeWideSNP_6_D05_734626	16	19970254	32113682	6527	0.0105
ETUIS_p_TCGASNP_b80_83_N_GenomeWideSNP_6_D05_734626	16	32113685	32588622	74	-0.2561
ETUIS_p_TCGASNP_b80_83_N_GenomeWideSNP_6_D05_734626	16	32588901	32588909	5	-1.2652
ETUIS_p_TCGASNP_b80_83_N_GenomeWideSNP_6_D05_734626	16	32609274	32635525	14	-0.397
ETUIS_p_TCGASNP_b80_83_N_GenomeWideSNP_6_D05_734626	16	32635649	33432160	79	-0.1089
ETUIS_p_TCGASNP_b80_83_N_GenomeWideSNP_6_D05_734626	16	33436610	33776085	93	-0.346
ETUIS_p_TCGASNP_b80_83_N_GenomeWideSNP_6_D05_734626	16	33794655	55795214	6963	0.0195
ETUIS_p_TCGASNP_b80_83_N_GenomeWideSNP_6_D05_734626	16	55796389	55822397	21	-0.7085
ETUIS_p_TCGASNP_b80_83_N_GenomeWideSNP_6_D05_734626	16	55822444	70139542	8759	0.0159
ETUIS_p_TCGASNP_b80_83_N_GenomeWideSNP_6_D05_734626	16	70151527	70197767	13	0.8691
ETUIS_p_TCGASNP_b80_83_N_GenomeWideSNP_6_D05_734626	16	70198330	74368691	2423	0.0201
ETUIS_p_TCGASNP_b80_83_N_GenomeWideSNP_6_D05_734626	16	74369531	74384258	2	-1.002
ETUIS_p_TCGASNP_b80_83_N_GenomeWideSNP_6_D05_734626	16	74397058	74407379	7	0.9827
ETUIS_p_TCGASNP_b80_83_N_GenomeWideSNP_6_D05_734626	16	74452036	78371608	3212	0.0255
ETUIS_p_TCGASNP_b80_83_N_GenomeWideSNP_6_D05_734626	16	78372440	78384738	16	0.8742
ETUIS_p_TCGASNP_b80_83_N_GenomeWideSNP_6_D05_734626	16	78384765	90287535	10633	0.0046
ETUIS_p_TCGASNP_b80_83_N_GenomeWideSNP_6_D05_734626	17	526	10488311	6162	0.0179
ETUIS_p_TCGASNP_b80_83_N_GenomeWideSNP_6_D05_734626	17	10492126	10507681	12	0.6614
ETUIS_p_TCGASNP_b80_83_N_GenomeWideSNP_6_D05_734626	17	10509228	16740270	4334	0.0281
ETUIS_p_TCGASNP_b80_83_N_GenomeWideSNP_6_D05_734626	17	16741515	16741528	2	-1.4346
ETUIS_p_TCGASNP_b80_83_N_GenomeWideSNP_6_D05_734626	17	16741784	34436708	7865	0.0274
ETUIS_p_TCGASNP_b80_83_N_GenomeWideSNP_6_D05_734626	17	34437128	34535651	39	0.4309
ETUIS_p_TCGASNP_b80_83_N_GenomeWideSNP_6_D05_734626	17	34543343	39423014	2537	0.0391
ETUIS_p_TCGASNP_b80_83_N_GenomeWideSNP_6_D05_734626	17	39423026	39430531	23	-0.9386
ETUIS_p_TCGASNP_b80_83_N_GenomeWideSNP_6_D05_734626	17	39432724	43655090	2167	0.0274
ETUIS_p_TCGASNP_b80_83_N_GenomeWideSNP_6_D05_734626	17	43656380	43664693	7	0.7323
ETUIS_p_TCGASNP_b80_83_N_GenomeWideSNP_6_D05_734626	17	43675229	44163098	337	-0.0119
ETUIS_p_TCGASNP_b80_83_N_GenomeWideSNP_6_D05_734626	17	44165803	44353885	122	0.2816
ETUIS_p_TCGASNP_b80_83_N_GenomeWideSNP_6_D05_734626	17	44362009	44394414	5	-0.1185
ETUIS_p_TCGASNP_b80_83_N_GenomeWideSNP_6_D05_734626	17	44394420	44752300	46	-0.3955
ETUIS_p_TCGASNP_b80_83_N_GenomeWideSNP_6_D05_734626	17	44764994	55687489	7005	0.0409
ETUIS_p_TCGASNP_b80_83_N_GenomeWideSNP_6_D05_734626	17	55688333	55688993	2	-1.6673
ETUIS_p_TCGASNP_b80_83_N_GenomeWideSNP_6_D05_734626	17	55691993	77243063	12837	0.0247
ETUIS_p_TCGASNP_b80_83_N_GenomeWideSNP_6_D05_734626	17	77245660	77246390	3	-1.9043
ETUIS_p_TCGASNP_b80_83_N_GenomeWideSNP_6_D05_734626	17	77247044	81049726	1750	0.0277
ETUIS_p_TCGASNP_b80_83_N_GenomeWideSNP_6_D05_734626	18	11543	27812385	16052	0.0159
ETUIS_p_TCGASNP_b80_83_N_GenomeWideSNP_6_D05_734626	18	27814548	27815968	4	-1.0403
ETUIS_p_TCGASNP_b80_83_N_GenomeWideSNP_6_D05_734626	18	27818614	63202995	23919	0.0161
ETUIS_p_TCGASNP_b80_83_N_GenomeWideSNP_6_D05_734626	18	63203454	63207257	17	0.5482
ETUIS_p_TCGASNP_b80_83_N_GenomeWideSNP_6_D05_734626	18	63207273	78015057	10798	0.0289
ETUIS_p_TCGASNP_b80_83_N_GenomeWideSNP_6_D05_734626	19	90910	2582154	625	-0.0045
ETUIS_p_TCGASNP_b80_83_N_GenomeWideSNP_6_D05_734626	19	2582550	2644471	14	-0.5477
ETUIS_p_TCGASNP_b80_83_N_GenomeWideSNP_6_D05_734626	19	2644885	5506659	958	0.0402
ETUIS_p_TCGASNP_b80_83_N_GenomeWideSNP_6_D05_734626	19	5510239	5510653	3	-2.2272
ETUIS_p_TCGASNP_b80_83_N_GenomeWideSNP_6_D05_734626	19	5510700	12692001	3474	0.0079
ETUIS_p_TCGASNP_b80_83_N_GenomeWideSNP_6_D05_734626	19	12697366	12698102	2	-1.4494
ETUIS_p_TCGASNP_b80_83_N_GenomeWideSNP_6_D05_734626	19	12700523	19831544	3473	0.0142
ETUIS_p_TCGASNP_b80_83_N_GenomeWideSNP_6_D05_734626	19	19835753	19836676	2	-1.6266
ETUIS_p_TCGASNP_b80_83_N_GenomeWideSNP_6_D05_734626	19	19840768	20594676	431	-0.0338
ETUIS_p_TCGASNP_b80_83_N_GenomeWideSNP_6_D05_734626	19	20596206	20632400	20	-0.7906
ETUIS_p_TCGASNP_b80_83_N_GenomeWideSNP_6_D05_734626	19	20632514	20632523	3	-1.9441
ETUIS_p_TCGASNP_b80_83_N_GenomeWideSNP_6_D05_734626	19	20633222	20716389	47	-0.6946
ETUIS_p_TCGASNP_b80_83_N_GenomeWideSNP_6_D05_734626	19	20720881	35658728	7586	0.0148
ETUIS_p_TCGASNP_b80_83_N_GenomeWideSNP_6_D05_734626	19	35663774	35663992	5	-1.035
ETUIS_p_TCGASNP_b80_83_N_GenomeWideSNP_6_D05_734626	19	35664043	53517082	9254	0.0107
ETUIS_p_TCGASNP_b80_83_N_GenomeWideSNP_6_D05_734626	19	53518514	53547361	22	0.8016
ETUIS_p_TCGASNP_b80_83_N_GenomeWideSNP_6_D05_734626	19	53552229	55326613	1103	-0.0225
ETUIS_p_TCGASNP_b80_83_N_GenomeWideSNP_6_D05_734626	19	55330654	55347963	12	-0.919
ETUIS_p_TCGASNP_b80_83_N_GenomeWideSNP_6_D05_734626	19	55348691	56278050	447	-0.0115
ETUIS_p_TCGASNP_b80_83_N_GenomeWideSNP_6_D05_734626	19	56282070	56286293	6	0.99
ETUIS_p_TCGASNP_b80_83_N_GenomeWideSNP_6_D05_734626	19	56288941	59097854	1849	0.0041
ETUIS_p_TCGASNP_b80_83_N_GenomeWideSNP_6_D05_734626	20	61305	1560951	1205	0.0175
ETUIS_p_TCGASNP_b80_83_N_GenomeWideSNP_6_D05_734626	20	1560999	1582092	36	0.7979
ETUIS_p_TCGASNP_b80_83_N_GenomeWideSNP_6_D05_734626	20	1582207	41202958	25547	0.0212
ETUIS_p_TCGASNP_b80_83_N_GenomeWideSNP_6_D05_734626	20	41205911	41243499	51	-1.0465
ETUIS_p_TCGASNP_b80_83_N_GenomeWideSNP_6_D05_734626	20	41250407	49073646	5418	0.0182
ETUIS_p_TCGASNP_b80_83_N_GenomeWideSNP_6_D05_734626	20	49075530	49076910	2	-1.7958
ETUIS_p_TCGASNP_b80_83_N_GenomeWideSNP_6_D05_734626	20	49077551	50551250	1139	0.0287
ETUIS_p_TCGASNP_b80_83_N_GenomeWideSNP_6_D05_734626	20	50563479	50568120	8	-1.0378
ETUIS_p_TCGASNP_b80_83_N_GenomeWideSNP_6_D05_734626	20	50572168	62869736	9008	0.0253
ETUIS_p_TCGASNP_b80_83_N_GenomeWideSNP_6_D05_734626	20	62870051	62956153	42	0.2288
ETUIS_p_TCGASNP_b80_83_N_GenomeWideSNP_6_D05_734626	21	10736871	10960425	44	-0.2826
ETUIS_p_TCGASNP_b80_83_N_GenomeWideSNP_6_D05_734626	21	10960471	42868131	21122	0.0177
ETUIS_p_TCGASNP_b80_83_N_GenomeWideSNP_6_D05_734626	21	42868195	42868213	2	-1.6927
ETUIS_p_TCGASNP_b80_83_N_GenomeWideSNP_6_D05_734626	21	42868337	48096957	3237	0.0158
ETUIS_p_TCGASNP_b80_83_N_GenomeWideSNP_6_D05_734626	22	16052528	16058854	4	-0.9587
ETUIS_p_TCGASNP_b80_83_N_GenomeWideSNP_6_D05_734626	22	16061342	18781546	1216	0.0024
ETUIS_p_TCGASNP_b80_83_N_GenomeWideSNP_6_D05_734626	22	18793947	18805861	2	1.7562
ETUIS_p_TCGASNP_b80_83_N_GenomeWideSNP_6_D05_734626	22	18810094	18887381	16	0.1884
ETUIS_p_TCGASNP_b80_83_N_GenomeWideSNP_6_D05_734626	22	18890058	18904838	19	-0.0671
ETUIS_p_TCGASNP_b80_83_N_GenomeWideSNP_6_D05_734626	22	18904992	18909276	8	-0.6677
ETUIS_p_TCGASNP_b80_83_N_GenomeWideSNP_6_D05_734626	22	18916856	20950328	1041	-0.0532
ETUIS_p_TCGASNP_b80_83_N_GenomeWideSNP_6_D05_734626	22	20950564	20958301	5	-0.9529
ETUIS_p_TCGASNP_b80_83_N_GenomeWideSNP_6_D05_734626	22	20959691	21465672	538	-0.0565
ETUIS_p_TCGASNP_b80_83_N_GenomeWideSNP_6_D05_734626	22	21465835	21708030	9	0.6016
ETUIS_p_TCGASNP_b80_83_N_GenomeWideSNP_6_D05_734626	22	21708108	22554985	625	-0.0271
ETUIS_p_TCGASNP_b80_83_N_GenomeWideSNP_6_D05_734626	22	22555078	22555836	3	-0.7862
ETUIS_p_TCGASNP_b80_83_N_GenomeWideSNP_6_D05_734626	22	22555858	22573987	31	0.0309
ETUIS_p_TCGASNP_b80_83_N_GenomeWideSNP_6_D05_734626	22	22579341	22579822	5	-0.9424
ETUIS_p_TCGASNP_b80_83_N_GenomeWideSNP_6_D05_734626	22	22582085	24344422	1096	0.0201
ETUIS_p_TCGASNP_b80_83_N_GenomeWideSNP_6_D05_734626	22	24350529	24396814	19	0.7325
ETUIS_p_TCGASNP_b80_83_N_GenomeWideSNP_6_D05_734626	22	24401529	39351466	10864	0.0241
ETUIS_p_TCGASNP_b80_83_N_GenomeWideSNP_6_D05_734626	22	39363619	39375307	24	-2.1523
ETUIS_p_TCGASNP_b80_83_N_GenomeWideSNP_6_D05_734626	22	39389628	51234455	8020	0.0304
ETUIS_p_TCGASNP_b80_83_N_GenomeWideSNP_6_D05_734626	X	168477	115133681	60805	0.0138
ETUIS_p_TCGASNP_b80_83_N_GenomeWideSNP_6_D05_734626	X	115137955	115150638	7	0.933
ETUIS_p_TCGASNP_b80_83_N_GenomeWideSNP_6_D05_734626	X	115156419	150257081	21320	0.0195
ETUIS_p_TCGASNP_b80_83_N_GenomeWideSNP_6_D05_734626	X	150257935	150257944	2	-1.652
ETUIS_p_TCGASNP_b80_83_N_GenomeWideSNP_6_D05_734626	X	150260144	155182354	2452	0.0254
ETUIS_p_TCGASNP_b80_83_N_GenomeWideSNP_6_D05_734626	Y	2650438	5949434	807	-2.3185
ETUIS_p_TCGASNP_b80_83_N_GenomeWideSNP_6_D05_734626	Y	5949944	19571480	4854	-2.8731
ETUIS_p_TCGASNP_b80_83_N_GenomeWideSNP_6_D05_734626	Y	19574890	21024613	672	-3.4355
ETUIS_p_TCGASNP_b80_83_N_GenomeWideSNP_6_D05_734626	Y	21025062	24548177	1296	-2.9231
ETUIS_p_TCGASNP_b80_83_N_GenomeWideSNP_6_D05_734626	Y	24560227	28452016	826	-3.3461
ETUIS_p_TCGASNP_b80_83_N_GenomeWideSNP_6_D05_734626	Y	28457337	59018259	176	-2.5482
