Sample	Chromosome	Start	End	Num_Probes	Segment_Mean
ETUIS_p_TCGASNP_b80_83_N_GenomeWideSNP_6_D06_734736	1	61735	235938	27	0.5051
ETUIS_p_TCGASNP_b80_83_N_GenomeWideSNP_6_D06_734736	1	356443	7221000	3406	0.0115
ETUIS_p_TCGASNP_b80_83_N_GenomeWideSNP_6_D06_734736	1	7221414	7221458	2	-1.2799
ETUIS_p_TCGASNP_b80_83_N_GenomeWideSNP_6_D06_734736	1	7221994	16814994	5276	0.0205
ETUIS_p_TCGASNP_b80_83_N_GenomeWideSNP_6_D06_734736	1	16815530	16935956	28	0.3945
ETUIS_p_TCGASNP_b80_83_N_GenomeWideSNP_6_D06_734736	1	16936007	17012785	42	0.0972
ETUIS_p_TCGASNP_b80_83_N_GenomeWideSNP_6_D06_734736	1	17016177	17048405	21	-0.3529
ETUIS_p_TCGASNP_b80_83_N_GenomeWideSNP_6_D06_734736	1	17048479	17114712	21	-0.0174
ETUIS_p_TCGASNP_b80_83_N_GenomeWideSNP_6_D06_734736	1	17177045	17262247	66	0.6063
ETUIS_p_TCGASNP_b80_83_N_GenomeWideSNP_6_D06_734736	1	17276241	22293825	3336	0.0105
ETUIS_p_TCGASNP_b80_83_N_GenomeWideSNP_6_D06_734736	1	22296307	22403031	55	0.2406
ETUIS_p_TCGASNP_b80_83_N_GenomeWideSNP_6_D06_734736	1	22404832	25178331	1583	0.0144
ETUIS_p_TCGASNP_b80_83_N_GenomeWideSNP_6_D06_734736	1	25180379	25180512	2	-1.1946
ETUIS_p_TCGASNP_b80_83_N_GenomeWideSNP_6_D06_734736	1	25181245	25583341	292	0.0154
ETUIS_p_TCGASNP_b80_83_N_GenomeWideSNP_6_D06_734736	1	25593128	25646946	27	-1.6707
ETUIS_p_TCGASNP_b80_83_N_GenomeWideSNP_6_D06_734736	1	25646986	63127573	22174	0.0185
ETUIS_p_TCGASNP_b80_83_N_GenomeWideSNP_6_D06_734736	1	63128090	63135011	2	-1.3695
ETUIS_p_TCGASNP_b80_83_N_GenomeWideSNP_6_D06_734736	1	63135127	72763370	6670	0.0054
ETUIS_p_TCGASNP_b80_83_N_GenomeWideSNP_6_D06_734736	1	72768418	72817021	52	-0.4576
ETUIS_p_TCGASNP_b80_83_N_GenomeWideSNP_6_D06_734736	1	72818599	75269284	1503	0.0075
ETUIS_p_TCGASNP_b80_83_N_GenomeWideSNP_6_D06_734736	1	75271072	75273866	2	-1.1621
ETUIS_p_TCGASNP_b80_83_N_GenomeWideSNP_6_D06_734736	1	75273987	76050844	423	0.0091
ETUIS_p_TCGASNP_b80_83_N_GenomeWideSNP_6_D06_734736	1	76054763	76054854	2	-2.4429
ETUIS_p_TCGASNP_b80_83_N_GenomeWideSNP_6_D06_734736	1	76059509	106019205	19098	0.0115
ETUIS_p_TCGASNP_b80_83_N_GenomeWideSNP_6_D06_734736	1	106019236	106022375	16	-1.8221
ETUIS_p_TCGASNP_b80_83_N_GenomeWideSNP_6_D06_734736	1	106024055	110224384	2657	0.0064
ETUIS_p_TCGASNP_b80_83_N_GenomeWideSNP_6_D06_734736	1	110224427	110246130	35	0.3043
ETUIS_p_TCGASNP_b80_83_N_GenomeWideSNP_6_D06_734736	1	110246273	149024808	8356	0.0173
ETUIS_p_TCGASNP_b80_83_N_GenomeWideSNP_6_D06_734736	1	149036524	149202798	81	-0.6856
ETUIS_p_TCGASNP_b80_83_N_GenomeWideSNP_6_D06_734736	1	149202878	149229843	29	-0.3079
ETUIS_p_TCGASNP_b80_83_N_GenomeWideSNP_6_D06_734736	1	149242663	149256691	23	-0.6472
ETUIS_p_TCGASNP_b80_83_N_GenomeWideSNP_6_D06_734736	1	149259416	152555527	1529	0.03
ETUIS_p_TCGASNP_b80_83_N_GenomeWideSNP_6_D06_734736	1	152555706	152586594	35	-1.7158
ETUIS_p_TCGASNP_b80_83_N_GenomeWideSNP_6_D06_734736	1	152590494	152759678	170	-0.0245
ETUIS_p_TCGASNP_b80_83_N_GenomeWideSNP_6_D06_734736	1	152761923	152762667	13	0.2455
ETUIS_p_TCGASNP_b80_83_N_GenomeWideSNP_6_D06_734736	1	152762762	152768700	24	0.6166
ETUIS_p_TCGASNP_b80_83_N_GenomeWideSNP_6_D06_734736	1	152773905	190009701	25135	0.0123
ETUIS_p_TCGASNP_b80_83_N_GenomeWideSNP_6_D06_734736	1	190009753	190010028	2	-1.1716
ETUIS_p_TCGASNP_b80_83_N_GenomeWideSNP_6_D06_734736	1	190010053	191723760	1034	0.0185
ETUIS_p_TCGASNP_b80_83_N_GenomeWideSNP_6_D06_734736	1	191724304	191726158	4	-2.6324
ETUIS_p_TCGASNP_b80_83_N_GenomeWideSNP_6_D06_734736	1	191727949	230954826	26282	0.0155
ETUIS_p_TCGASNP_b80_83_N_GenomeWideSNP_6_D06_734736	1	230955097	230955129	2	-1.313
ETUIS_p_TCGASNP_b80_83_N_GenomeWideSNP_6_D06_734736	1	230956676	234417623	2696	0.0143
ETUIS_p_TCGASNP_b80_83_N_GenomeWideSNP_6_D06_734736	1	234420229	234420745	3	-1.217
ETUIS_p_TCGASNP_b80_83_N_GenomeWideSNP_6_D06_734736	1	234426306	249224388	10441	0.0201
ETUIS_p_TCGASNP_b80_83_N_GenomeWideSNP_6_D06_734736	2	12784	4205687	2988	0.0066
ETUIS_p_TCGASNP_b80_83_N_GenomeWideSNP_6_D06_734736	2	4213864	4223167	36	-0.5503
ETUIS_p_TCGASNP_b80_83_N_GenomeWideSNP_6_D06_734736	2	4223512	34691069	21079	0.0202
ETUIS_p_TCGASNP_b80_83_N_GenomeWideSNP_6_D06_734736	2	34699315	34737057	46	-1.9108
ETUIS_p_TCGASNP_b80_83_N_GenomeWideSNP_6_D06_734736	2	34737163	36399925	1223	0.0026
ETUIS_p_TCGASNP_b80_83_N_GenomeWideSNP_6_D06_734736	2	36400741	36401550	2	-1.3367
ETUIS_p_TCGASNP_b80_83_N_GenomeWideSNP_6_D06_734736	2	36402326	52754468	11814	0.0148
ETUIS_p_TCGASNP_b80_83_N_GenomeWideSNP_6_D06_734736	2	52754480	52754881	6	-1.3845
ETUIS_p_TCGASNP_b80_83_N_GenomeWideSNP_6_D06_734736	2	52758753	52781504	31	-0.4059
ETUIS_p_TCGASNP_b80_83_N_GenomeWideSNP_6_D06_734736	2	52781522	97854159	24044	0.0225
ETUIS_p_TCGASNP_b80_83_N_GenomeWideSNP_6_D06_734736	2	97857927	97876806	14	0.5485
ETUIS_p_TCGASNP_b80_83_N_GenomeWideSNP_6_D06_734736	2	97877001	98118212	26	-0.0118
ETUIS_p_TCGASNP_b80_83_N_GenomeWideSNP_6_D06_734736	2	98140747	98161710	8	-0.7975
ETUIS_p_TCGASNP_b80_83_N_GenomeWideSNP_6_D06_734736	2	98162189	137982148	24058	0.0219
ETUIS_p_TCGASNP_b80_83_N_GenomeWideSNP_6_D06_734736	2	137983647	137984261	5	-1.1955
ETUIS_p_TCGASNP_b80_83_N_GenomeWideSNP_6_D06_734736	2	137985285	164636852	16094	0.0158
ETUIS_p_TCGASNP_b80_83_N_GenomeWideSNP_6_D06_734736	2	164643488	164645126	5	-1.2016
ETUIS_p_TCGASNP_b80_83_N_GenomeWideSNP_6_D06_734736	2	164646642	213186549	29453	0.0226
ETUIS_p_TCGASNP_b80_83_N_GenomeWideSNP_6_D06_734736	2	213187203	213191812	23	-0.8251
ETUIS_p_TCGASNP_b80_83_N_GenomeWideSNP_6_D06_734736	2	213191825	220752723	4791	0.0148
ETUIS_p_TCGASNP_b80_83_N_GenomeWideSNP_6_D06_734736	2	220754792	220756152	2	-1.4491
ETUIS_p_TCGASNP_b80_83_N_GenomeWideSNP_6_D06_734736	2	220762114	243089456	14280	0.0166
ETUIS_p_TCGASNP_b80_83_N_GenomeWideSNP_6_D06_734736	3	60345	26601100	20051	0.0138
ETUIS_p_TCGASNP_b80_83_N_GenomeWideSNP_6_D06_734736	3	26601760	26611898	10	-0.5507
ETUIS_p_TCGASNP_b80_83_N_GenomeWideSNP_6_D06_734736	3	26611961	60020277	20699	0.0118
ETUIS_p_TCGASNP_b80_83_N_GenomeWideSNP_6_D06_734736	3	60020954	60022109	2	-1.4105
ETUIS_p_TCGASNP_b80_83_N_GenomeWideSNP_6_D06_734736	3	60022161	68746164	7095	0.0119
ETUIS_p_TCGASNP_b80_83_N_GenomeWideSNP_6_D06_734736	3	68746259	68747413	14	-1.3068
ETUIS_p_TCGASNP_b80_83_N_GenomeWideSNP_6_D06_734736	3	68748758	82808828	9034	0.0096
ETUIS_p_TCGASNP_b80_83_N_GenomeWideSNP_6_D06_734736	3	82814642	82814778	2	-1.254
ETUIS_p_TCGASNP_b80_83_N_GenomeWideSNP_6_D06_734736	3	82817978	125669048	23296	0.0165
ETUIS_p_TCGASNP_b80_83_N_GenomeWideSNP_6_D06_734736	3	125673383	125675963	3	-1.6994
ETUIS_p_TCGASNP_b80_83_N_GenomeWideSNP_6_D06_734736	3	125680500	128394505	1757	0.0116
ETUIS_p_TCGASNP_b80_83_N_GenomeWideSNP_6_D06_734736	3	128395490	128411778	9	0.6151
ETUIS_p_TCGASNP_b80_83_N_GenomeWideSNP_6_D06_734736	3	128412331	129753935	619	0.0157
ETUIS_p_TCGASNP_b80_83_N_GenomeWideSNP_6_D06_734736	3	129754349	129806236	59	0.4799
ETUIS_p_TCGASNP_b80_83_N_GenomeWideSNP_6_D06_734736	3	129806924	162513092	20290	0.0165
ETUIS_p_TCGASNP_b80_83_N_GenomeWideSNP_6_D06_734736	3	162513149	162625995	67	-1.4672
ETUIS_p_TCGASNP_b80_83_N_GenomeWideSNP_6_D06_734736	3	162626572	162714517	72	0.0616
ETUIS_p_TCGASNP_b80_83_N_GenomeWideSNP_6_D06_734736	3	162717727	162719562	2	1.5214
ETUIS_p_TCGASNP_b80_83_N_GenomeWideSNP_6_D06_734736	3	162726159	192877902	19120	0.0179
ETUIS_p_TCGASNP_b80_83_N_GenomeWideSNP_6_D06_734736	3	192877962	192886435	20	1.1535
ETUIS_p_TCGASNP_b80_83_N_GenomeWideSNP_6_D06_734736	3	192886458	195285898	1483	0.0201
ETUIS_p_TCGASNP_b80_83_N_GenomeWideSNP_6_D06_734736	3	195383142	195474763	47	-0.4606
ETUIS_p_TCGASNP_b80_83_N_GenomeWideSNP_6_D06_734736	3	195478694	197896118	1172	0.0449
ETUIS_p_TCGASNP_b80_83_N_GenomeWideSNP_6_D06_734736	4	12281	68821	59	0.4377
ETUIS_p_TCGASNP_b80_83_N_GenomeWideSNP_6_D06_734736	4	68911	10210390	5743	0.0249
ETUIS_p_TCGASNP_b80_83_N_GenomeWideSNP_6_D06_734736	4	10214160	10234608	32	-1.4838
ETUIS_p_TCGASNP_b80_83_N_GenomeWideSNP_6_D06_734736	4	10235007	34778860	16989	0.0122
ETUIS_p_TCGASNP_b80_83_N_GenomeWideSNP_6_D06_734736	4	34778962	34818480	38	0.306
ETUIS_p_TCGASNP_b80_83_N_GenomeWideSNP_6_D06_734736	4	34818770	37759614	2052	0.0065
ETUIS_p_TCGASNP_b80_83_N_GenomeWideSNP_6_D06_734736	4	37759944	37759953	2	-1.2617
ETUIS_p_TCGASNP_b80_83_N_GenomeWideSNP_6_D06_734736	4	37760354	59973018	11785	0.018
ETUIS_p_TCGASNP_b80_83_N_GenomeWideSNP_6_D06_734736	4	59974071	59988109	9	0.8161
ETUIS_p_TCGASNP_b80_83_N_GenomeWideSNP_6_D06_734736	4	59989077	64705626	2765	0.0259
ETUIS_p_TCGASNP_b80_83_N_GenomeWideSNP_6_D06_734736	4	64705654	64708258	11	0.6471
ETUIS_p_TCGASNP_b80_83_N_GenomeWideSNP_6_D06_734736	4	64716431	69244434	2854	0.0145
ETUIS_p_TCGASNP_b80_83_N_GenomeWideSNP_6_D06_734736	4	69255070	69284591	9	0.6353
ETUIS_p_TCGASNP_b80_83_N_GenomeWideSNP_6_D06_734736	4	69288138	69372003	19	-0.0456
ETUIS_p_TCGASNP_b80_83_N_GenomeWideSNP_6_D06_734736	4	69374941	69485840	64	0.4234
ETUIS_p_TCGASNP_b80_83_N_GenomeWideSNP_6_D06_734736	4	69485979	69950291	227	0.0367
ETUIS_p_TCGASNP_b80_83_N_GenomeWideSNP_6_D06_734736	4	69955914	69970964	14	-0.4152
ETUIS_p_TCGASNP_b80_83_N_GenomeWideSNP_6_D06_734736	4	69971063	77289786	4410	0.0203
ETUIS_p_TCGASNP_b80_83_N_GenomeWideSNP_6_D06_734736	4	77292076	77292366	4	-1.1787
ETUIS_p_TCGASNP_b80_83_N_GenomeWideSNP_6_D06_734736	4	77292801	86976094	6180	0.0151
ETUIS_p_TCGASNP_b80_83_N_GenomeWideSNP_6_D06_734736	4	86976391	86979764	18	-0.5841
ETUIS_p_TCGASNP_b80_83_N_GenomeWideSNP_6_D06_734736	4	86979944	115173700	16884	0.0135
ETUIS_p_TCGASNP_b80_83_N_GenomeWideSNP_6_D06_734736	4	115175323	115182175	23	-1.1375
ETUIS_p_TCGASNP_b80_83_N_GenomeWideSNP_6_D06_734736	4	115184229	155802548	24116	0.0184
ETUIS_p_TCGASNP_b80_83_N_GenomeWideSNP_6_D06_734736	4	155803005	155803078	3	-3.2379
ETUIS_p_TCGASNP_b80_83_N_GenomeWideSNP_6_D06_734736	4	155803199	172369346	10611	0.0192
ETUIS_p_TCGASNP_b80_83_N_GenomeWideSNP_6_D06_734736	4	172374884	172377710	10	-0.771
ETUIS_p_TCGASNP_b80_83_N_GenomeWideSNP_6_D06_734736	4	172377724	172987928	398	0.0228
ETUIS_p_TCGASNP_b80_83_N_GenomeWideSNP_6_D06_734736	4	172989148	172989533	12	0.7218
ETUIS_p_TCGASNP_b80_83_N_GenomeWideSNP_6_D06_734736	4	172995979	190195118	11731	0.0171
ETUIS_p_TCGASNP_b80_83_N_GenomeWideSNP_6_D06_734736	4	190195622	190199264	3	-2.3154
ETUIS_p_TCGASNP_b80_83_N_GenomeWideSNP_6_D06_734736	4	190199771	191027923	386	0.0298
ETUIS_p_TCGASNP_b80_83_N_GenomeWideSNP_6_D06_734736	5	15532	659410	293	0.0752
ETUIS_p_TCGASNP_b80_83_N_GenomeWideSNP_6_D06_734736	5	659468	779860	44	-0.2331
ETUIS_p_TCGASNP_b80_83_N_GenomeWideSNP_6_D06_734736	5	779881	12800889	9884	0.0132
ETUIS_p_TCGASNP_b80_83_N_GenomeWideSNP_6_D06_734736	5	12815780	12838533	14	-0.9302
ETUIS_p_TCGASNP_b80_83_N_GenomeWideSNP_6_D06_734736	5	12849201	21451277	5540	0.0134
ETUIS_p_TCGASNP_b80_83_N_GenomeWideSNP_6_D06_734736	5	21451964	21451998	2	-2.6339
ETUIS_p_TCGASNP_b80_83_N_GenomeWideSNP_6_D06_734736	5	21452438	180378888	97149	0.0132
ETUIS_p_TCGASNP_b80_83_N_GenomeWideSNP_6_D06_734736	5	180380203	180414465	12	0.6514
ETUIS_p_TCGASNP_b80_83_N_GenomeWideSNP_6_D06_734736	5	180417207	180790320	176	0.0191
ETUIS_p_TCGASNP_b80_83_N_GenomeWideSNP_6_D06_734736	6	149661	254283	101	0.0626
ETUIS_p_TCGASNP_b80_83_N_GenomeWideSNP_6_D06_734736	6	257353	302306	24	0.6315
ETUIS_p_TCGASNP_b80_83_N_GenomeWideSNP_6_D06_734736	6	303017	328357	13	0.0787
ETUIS_p_TCGASNP_b80_83_N_GenomeWideSNP_6_D06_734736	6	330704	381149	63	0.4146
ETUIS_p_TCGASNP_b80_83_N_GenomeWideSNP_6_D06_734736	6	382559	29837072	21534	0.0129
ETUIS_p_TCGASNP_b80_83_N_GenomeWideSNP_6_D06_734736	6	29837187	29850196	17	-0.8311
ETUIS_p_TCGASNP_b80_83_N_GenomeWideSNP_6_D06_734736	6	29850274	31277686	671	1e-04
ETUIS_p_TCGASNP_b80_83_N_GenomeWideSNP_6_D06_734736	6	31280823	31296451	12	-1.4986
ETUIS_p_TCGASNP_b80_83_N_GenomeWideSNP_6_D06_734736	6	31309924	32452801	508	-0.0087
ETUIS_p_TCGASNP_b80_83_N_GenomeWideSNP_6_D06_734736	6	32452929	32626618	67	-0.5526
ETUIS_p_TCGASNP_b80_83_N_GenomeWideSNP_6_D06_734736	6	32650612	48930865	10422	0.0125
ETUIS_p_TCGASNP_b80_83_N_GenomeWideSNP_6_D06_734736	6	48931729	48935079	4	-0.8492
ETUIS_p_TCGASNP_b80_83_N_GenomeWideSNP_6_D06_734736	6	48935200	49426393	259	0.0083
ETUIS_p_TCGASNP_b80_83_N_GenomeWideSNP_6_D06_734736	6	49431569	49447295	14	0.6077
ETUIS_p_TCGASNP_b80_83_N_GenomeWideSNP_6_D06_734736	6	49457835	53925204	3047	0.0107
ETUIS_p_TCGASNP_b80_83_N_GenomeWideSNP_6_D06_734736	6	53931067	53931855	9	-0.6835
ETUIS_p_TCGASNP_b80_83_N_GenomeWideSNP_6_D06_734736	6	53935348	67041451	5500	0.0182
ETUIS_p_TCGASNP_b80_83_N_GenomeWideSNP_6_D06_734736	6	67042715	67043192	5	0.8034
ETUIS_p_TCGASNP_b80_83_N_GenomeWideSNP_6_D06_734736	6	67043235	70233629	2193	0.0134
ETUIS_p_TCGASNP_b80_83_N_GenomeWideSNP_6_D06_734736	6	70237636	70265940	19	-1.1135
ETUIS_p_TCGASNP_b80_83_N_GenomeWideSNP_6_D06_734736	6	70266198	71634826	869	0.0178
ETUIS_p_TCGASNP_b80_83_N_GenomeWideSNP_6_D06_734736	6	71642287	71652632	6	0.6452
ETUIS_p_TCGASNP_b80_83_N_GenomeWideSNP_6_D06_734736	6	71660233	74591858	1930	0.021
ETUIS_p_TCGASNP_b80_83_N_GenomeWideSNP_6_D06_734736	6	74592225	74601410	10	0.8273
ETUIS_p_TCGASNP_b80_83_N_GenomeWideSNP_6_D06_734736	6	74603555	77436532	1767	0.0143
ETUIS_p_TCGASNP_b80_83_N_GenomeWideSNP_6_D06_734736	6	77439868	77452757	21	-0.6764
ETUIS_p_TCGASNP_b80_83_N_GenomeWideSNP_6_D06_734736	6	77461073	78962889	980	0.0072
ETUIS_p_TCGASNP_b80_83_N_GenomeWideSNP_6_D06_734736	6	78969065	79035185	112	-2.1132
ETUIS_p_TCGASNP_b80_83_N_GenomeWideSNP_6_D06_734736	6	79039234	114221955	22206	0.011
ETUIS_p_TCGASNP_b80_83_N_GenomeWideSNP_6_D06_734736	6	114224841	114225016	2	-1.9462
ETUIS_p_TCGASNP_b80_83_N_GenomeWideSNP_6_D06_734736	6	114225811	134266268	12410	0.0185
ETUIS_p_TCGASNP_b80_83_N_GenomeWideSNP_6_D06_734736	6	134269071	134269632	2	-1.4738
ETUIS_p_TCGASNP_b80_83_N_GenomeWideSNP_6_D06_734736	6	134272072	142998843	5540	0.0169
ETUIS_p_TCGASNP_b80_83_N_GenomeWideSNP_6_D06_734736	6	142999951	143000463	2	-1.4682
ETUIS_p_TCGASNP_b80_83_N_GenomeWideSNP_6_D06_734736	6	143001718	171051005	19604	0.0142
ETUIS_p_TCGASNP_b80_83_N_GenomeWideSNP_6_D06_734736	7	43355	54380373	38567	0.0133
ETUIS_p_TCGASNP_b80_83_N_GenomeWideSNP_6_D06_734736	7	54386505	54386517	6	1.2663
ETUIS_p_TCGASNP_b80_83_N_GenomeWideSNP_6_D06_734736	7	54393488	130566795	41374	0.0193
ETUIS_p_TCGASNP_b80_83_N_GenomeWideSNP_6_D06_734736	7	130567367	130567675	2	-3.0871
ETUIS_p_TCGASNP_b80_83_N_GenomeWideSNP_6_D06_734736	7	130567747	142474939	7941	0.0133
ETUIS_p_TCGASNP_b80_83_N_GenomeWideSNP_6_D06_734736	7	142476719	142486345	29	-1.7785
ETUIS_p_TCGASNP_b80_83_N_GenomeWideSNP_6_D06_734736	7	142486495	143452888	525	0.0365
ETUIS_p_TCGASNP_b80_83_N_GenomeWideSNP_6_D06_734736	7	143470120	143584682	49	0.3476
ETUIS_p_TCGASNP_b80_83_N_GenomeWideSNP_6_D06_734736	7	143584711	143873952	261	0.0178
ETUIS_p_TCGASNP_b80_83_N_GenomeWideSNP_6_D06_734736	7	143896252	144066947	44	0.6239
ETUIS_p_TCGASNP_b80_83_N_GenomeWideSNP_6_D06_734736	7	144074929	159127004	9695	0.0197
ETUIS_p_TCGASNP_b80_83_N_GenomeWideSNP_6_D06_734736	8	31254	4002192	3791	0.0021
ETUIS_p_TCGASNP_b80_83_N_GenomeWideSNP_6_D06_734736	8	4002207	4002316	3	-1.6313
ETUIS_p_TCGASNP_b80_83_N_GenomeWideSNP_6_D06_734736	8	4002653	4003305	10	0.1476
ETUIS_p_TCGASNP_b80_83_N_GenomeWideSNP_6_D06_734736	8	4003463	4003478	2	-2.2075
ETUIS_p_TCGASNP_b80_83_N_GenomeWideSNP_6_D06_734736	8	4003561	12198189	7499	0.0142
ETUIS_p_TCGASNP_b80_83_N_GenomeWideSNP_6_D06_734736	8	12198254	12247486	41	-0.2853
ETUIS_p_TCGASNP_b80_83_N_GenomeWideSNP_6_D06_734736	8	12260927	15292962	2718	0.0296
ETUIS_p_TCGASNP_b80_83_N_GenomeWideSNP_6_D06_734736	8	15293931	15295445	2	-1.3111
ETUIS_p_TCGASNP_b80_83_N_GenomeWideSNP_6_D06_734736	8	15296703	18265154	2671	0.0159
ETUIS_p_TCGASNP_b80_83_N_GenomeWideSNP_6_D06_734736	8	18266157	18271185	4	-1.8794
ETUIS_p_TCGASNP_b80_83_N_GenomeWideSNP_6_D06_734736	8	18271387	39230659	14156	0.0125
ETUIS_p_TCGASNP_b80_83_N_GenomeWideSNP_6_D06_734736	8	39235603	39304243	29	0.4456
ETUIS_p_TCGASNP_b80_83_N_GenomeWideSNP_6_D06_734736	8	39319213	40771996	1105	0.0073
ETUIS_p_TCGASNP_b80_83_N_GenomeWideSNP_6_D06_734736	8	40777852	40778471	2	-1.8949
ETUIS_p_TCGASNP_b80_83_N_GenomeWideSNP_6_D06_734736	8	40783680	112291494	40966	0.0199
ETUIS_p_TCGASNP_b80_83_N_GenomeWideSNP_6_D06_734736	8	112294279	112295260	10	1.0099
ETUIS_p_TCGASNP_b80_83_N_GenomeWideSNP_6_D06_734736	8	112300281	138822323	18681	0.013
ETUIS_p_TCGASNP_b80_83_N_GenomeWideSNP_6_D06_734736	8	138823734	138825024	4	-1.397
ETUIS_p_TCGASNP_b80_83_N_GenomeWideSNP_6_D06_734736	8	138825770	146298155	4246	0.02
ETUIS_p_TCGASNP_b80_83_N_GenomeWideSNP_6_D06_734736	9	46587	10747853	10347	0.0082
ETUIS_p_TCGASNP_b80_83_N_GenomeWideSNP_6_D06_734736	9	10748798	10756491	9	-0.6525
ETUIS_p_TCGASNP_b80_83_N_GenomeWideSNP_6_D06_734736	9	10756722	43187967	21028	0.015
ETUIS_p_TCGASNP_b80_83_N_GenomeWideSNP_6_D06_734736	9	43315670	43675611	26	0.4539
ETUIS_p_TCGASNP_b80_83_N_GenomeWideSNP_6_D06_734736	9	43689899	44629223	64	-0.0269
ETUIS_p_TCGASNP_b80_83_N_GenomeWideSNP_6_D06_734736	9	44727859	44855737	36	-0.8968
ETUIS_p_TCGASNP_b80_83_N_GenomeWideSNP_6_D06_734736	9	44866028	72028574	1251	0.0397
ETUIS_p_TCGASNP_b80_83_N_GenomeWideSNP_6_D06_734736	9	72032393	72049028	22	0.6066
ETUIS_p_TCGASNP_b80_83_N_GenomeWideSNP_6_D06_734736	9	72049604	121311588	35458	0.0133
ETUIS_p_TCGASNP_b80_83_N_GenomeWideSNP_6_D06_734736	9	121318471	121318847	2	-1.5809
ETUIS_p_TCGASNP_b80_83_N_GenomeWideSNP_6_D06_734736	9	121318900	141091394	11675	0.0209
ETUIS_p_TCGASNP_b80_83_N_GenomeWideSNP_6_D06_734736	10	72759	4290814	3588	0.0055
ETUIS_p_TCGASNP_b80_83_N_GenomeWideSNP_6_D06_734736	10	4290838	4291016	3	1.6312
ETUIS_p_TCGASNP_b80_83_N_GenomeWideSNP_6_D06_734736	10	4294071	27223903	17650	0.0148
ETUIS_p_TCGASNP_b80_83_N_GenomeWideSNP_6_D06_734736	10	27225904	27227724	7	-1.1937
ETUIS_p_TCGASNP_b80_83_N_GenomeWideSNP_6_D06_734736	10	27227765	31251348	3046	0.0127
ETUIS_p_TCGASNP_b80_83_N_GenomeWideSNP_6_D06_734736	10	31251523	31251738	8	-0.5842
ETUIS_p_TCGASNP_b80_83_N_GenomeWideSNP_6_D06_734736	10	31251779	37455145	4112	0.0197
ETUIS_p_TCGASNP_b80_83_N_GenomeWideSNP_6_D06_734736	10	37461148	37467614	2	1.7249
ETUIS_p_TCGASNP_b80_83_N_GenomeWideSNP_6_D06_734736	10	37479414	44803925	2166	0.015
ETUIS_p_TCGASNP_b80_83_N_GenomeWideSNP_6_D06_734736	10	44806042	44806054	2	-1.0218
ETUIS_p_TCGASNP_b80_83_N_GenomeWideSNP_6_D06_734736	10	44809197	46070052	920	0.0192
ETUIS_p_TCGASNP_b80_83_N_GenomeWideSNP_6_D06_734736	10	46072872	46083171	9	-0.7066
ETUIS_p_TCGASNP_b80_83_N_GenomeWideSNP_6_D06_734736	10	46083500	67306276	13216	0.0122
ETUIS_p_TCGASNP_b80_83_N_GenomeWideSNP_6_D06_734736	10	67307923	67314446	28	-0.5247
ETUIS_p_TCGASNP_b80_83_N_GenomeWideSNP_6_D06_734736	10	67322795	78252851	6801	0.0127
ETUIS_p_TCGASNP_b80_83_N_GenomeWideSNP_6_D06_734736	10	78257061	78257610	2	-1.4787
ETUIS_p_TCGASNP_b80_83_N_GenomeWideSNP_6_D06_734736	10	78261267	135506704	39513	0.0151
ETUIS_p_TCGASNP_b80_83_N_GenomeWideSNP_6_D06_734736	11	198510	5783923	3301	0.0239
ETUIS_p_TCGASNP_b80_83_N_GenomeWideSNP_6_D06_734736	11	5787405	5809338	34	0.3843
ETUIS_p_TCGASNP_b80_83_N_GenomeWideSNP_6_D06_734736	11	5809461	18940870	9421	0.0167
ETUIS_p_TCGASNP_b80_83_N_GenomeWideSNP_6_D06_734736	11	18949072	18961738	53	0.5102
ETUIS_p_TCGASNP_b80_83_N_GenomeWideSNP_6_D06_734736	11	18961818	49710861	21066	0.0116
ETUIS_p_TCGASNP_b80_83_N_GenomeWideSNP_6_D06_734736	11	49713707	49757591	17	-0.6924
ETUIS_p_TCGASNP_b80_83_N_GenomeWideSNP_6_D06_734736	11	49757671	51176743	382	0.0248
ETUIS_p_TCGASNP_b80_83_N_GenomeWideSNP_6_D06_734736	11	51183575	51195051	5	-1.4253
ETUIS_p_TCGASNP_b80_83_N_GenomeWideSNP_6_D06_734736	11	51205141	55374188	378	0.032
ETUIS_p_TCGASNP_b80_83_N_GenomeWideSNP_6_D06_734736	11	55374203	55442318	45	0.463
ETUIS_p_TCGASNP_b80_83_N_GenomeWideSNP_6_D06_734736	11	55444211	134602280	52132	0.0138
ETUIS_p_TCGASNP_b80_83_N_GenomeWideSNP_6_D06_734736	11	134602946	134603992	2	-1.4912
ETUIS_p_TCGASNP_b80_83_N_GenomeWideSNP_6_D06_734736	11	134607871	134944770	282	-0.0227
ETUIS_p_TCGASNP_b80_83_N_GenomeWideSNP_6_D06_734736	12	150442	8007799	5368	0.0251
ETUIS_p_TCGASNP_b80_83_N_GenomeWideSNP_6_D06_734736	12	8008132	8123900	57	0.6766
ETUIS_p_TCGASNP_b80_83_N_GenomeWideSNP_6_D06_734736	12	8130958	11219423	1839	0.002
ETUIS_p_TCGASNP_b80_83_N_GenomeWideSNP_6_D06_734736	12	11220724	11241532	12	-0.9539
ETUIS_p_TCGASNP_b80_83_N_GenomeWideSNP_6_D06_734736	12	11251874	30240156	13301	0.0132
ETUIS_p_TCGASNP_b80_83_N_GenomeWideSNP_6_D06_734736	12	30240171	30243575	10	-0.7319
ETUIS_p_TCGASNP_b80_83_N_GenomeWideSNP_6_D06_734736	12	30243590	33386757	2343	0.0213
ETUIS_p_TCGASNP_b80_83_N_GenomeWideSNP_6_D06_734736	12	33388829	33395142	4	-2.1254
ETUIS_p_TCGASNP_b80_83_N_GenomeWideSNP_6_D06_734736	12	33395418	48725042	7288	0.0101
ETUIS_p_TCGASNP_b80_83_N_GenomeWideSNP_6_D06_734736	12	48725239	48725415	3	-1.7837
ETUIS_p_TCGASNP_b80_83_N_GenomeWideSNP_6_D06_734736	12	48730036	77475846	17577	0.0161
ETUIS_p_TCGASNP_b80_83_N_GenomeWideSNP_6_D06_734736	12	77477500	77478186	4	-1.3904
ETUIS_p_TCGASNP_b80_83_N_GenomeWideSNP_6_D06_734736	12	77481300	114591898	24026	0.0132
ETUIS_p_TCGASNP_b80_83_N_GenomeWideSNP_6_D06_734736	12	114596678	114608145	13	-1.289
ETUIS_p_TCGASNP_b80_83_N_GenomeWideSNP_6_D06_734736	12	114608476	133778189	13174	0.0163
ETUIS_p_TCGASNP_b80_83_N_GenomeWideSNP_6_D06_734736	13	19026949	57751096	26121	0.0101
ETUIS_p_TCGASNP_b80_83_N_GenomeWideSNP_6_D06_734736	13	57758270	57778380	34	-0.6631
ETUIS_p_TCGASNP_b80_83_N_GenomeWideSNP_6_D06_734736	13	57789714	69242255	6898	0.0106
ETUIS_p_TCGASNP_b80_83_N_GenomeWideSNP_6_D06_734736	13	69248299	69249481	7	-0.8018
ETUIS_p_TCGASNP_b80_83_N_GenomeWideSNP_6_D06_734736	13	69250779	69251505	6	0.14
ETUIS_p_TCGASNP_b80_83_N_GenomeWideSNP_6_D06_734736	13	69251649	69268242	26	-0.746
ETUIS_p_TCGASNP_b80_83_N_GenomeWideSNP_6_D06_734736	13	69269119	72476988	2065	0.0223
ETUIS_p_TCGASNP_b80_83_N_GenomeWideSNP_6_D06_734736	13	72477555	72480556	4	-2.048
ETUIS_p_TCGASNP_b80_83_N_GenomeWideSNP_6_D06_734736	13	72480605	72804900	281	0.028
ETUIS_p_TCGASNP_b80_83_N_GenomeWideSNP_6_D06_734736	13	72808482	72816103	8	-0.5766
ETUIS_p_TCGASNP_b80_83_N_GenomeWideSNP_6_D06_734736	13	72816361	98527274	16679	0.0172
ETUIS_p_TCGASNP_b80_83_N_GenomeWideSNP_6_D06_734736	13	98530124	98531465	6	-0.8984
ETUIS_p_TCGASNP_b80_83_N_GenomeWideSNP_6_D06_734736	13	98533830	106381523	6024	0.0101
ETUIS_p_TCGASNP_b80_83_N_GenomeWideSNP_6_D06_734736	13	106381879	106382965	2	-3.6497
ETUIS_p_TCGASNP_b80_83_N_GenomeWideSNP_6_D06_734736	13	106385740	107382635	839	0.0154
ETUIS_p_TCGASNP_b80_83_N_GenomeWideSNP_6_D06_734736	13	107384238	107384710	2	1.2726
ETUIS_p_TCGASNP_b80_83_N_GenomeWideSNP_6_D06_734736	13	107385235	115108397	5308	0.0145
ETUIS_p_TCGASNP_b80_83_N_GenomeWideSNP_6_D06_734736	14	19002124	19160024	15	0.1384
ETUIS_p_TCGASNP_b80_83_N_GenomeWideSNP_6_D06_734736	14	19160896	19191718	4	0.7725
ETUIS_p_TCGASNP_b80_83_N_GenomeWideSNP_6_D06_734736	14	19273625	19562139	22	0.0111
ETUIS_p_TCGASNP_b80_83_N_GenomeWideSNP_6_D06_734736	14	19600435	19796184	19	0.5826
ETUIS_p_TCGASNP_b80_83_N_GenomeWideSNP_6_D06_734736	14	19801755	20010913	13	-0.1054
ETUIS_p_TCGASNP_b80_83_N_GenomeWideSNP_6_D06_734736	14	20037146	20423372	117	0.8423
ETUIS_p_TCGASNP_b80_83_N_GenomeWideSNP_6_D06_734736	14	20424926	106538062	54958	0.0116
ETUIS_p_TCGASNP_b80_83_N_GenomeWideSNP_6_D06_734736	14	106541753	106561441	12	0.8938
ETUIS_p_TCGASNP_b80_83_N_GenomeWideSNP_6_D06_734736	14	106567100	107153173	328	0.0584
ETUIS_p_TCGASNP_b80_83_N_GenomeWideSNP_6_D06_734736	14	107160325	107179847	21	0.5887
ETUIS_p_TCGASNP_b80_83_N_GenomeWideSNP_6_D06_734736	14	107184184	107285437	68	0.0488
ETUIS_p_TCGASNP_b80_83_N_GenomeWideSNP_6_D06_734736	15	20016328	20206939	48	0.0903
ETUIS_p_TCGASNP_b80_83_N_GenomeWideSNP_6_D06_734736	15	20216955	20392821	12	-1.0019
ETUIS_p_TCGASNP_b80_83_N_GenomeWideSNP_6_D06_734736	15	20395529	22287270	251	0.2759
ETUIS_p_TCGASNP_b80_83_N_GenomeWideSNP_6_D06_734736	15	22291024	30491387	4788	0.0299
ETUIS_p_TCGASNP_b80_83_N_GenomeWideSNP_6_D06_734736	15	30493361	30900878	103	-0.3456
ETUIS_p_TCGASNP_b80_83_N_GenomeWideSNP_6_D06_734736	15	30913587	61467353	19821	0.0152
ETUIS_p_TCGASNP_b80_83_N_GenomeWideSNP_6_D06_734736	15	61468155	61468467	2	-1.4632
ETUIS_p_TCGASNP_b80_83_N_GenomeWideSNP_6_D06_734736	15	61468621	76878362	9320	0.012
ETUIS_p_TCGASNP_b80_83_N_GenomeWideSNP_6_D06_734736	15	76891241	76895775	22	0.9238
ETUIS_p_TCGASNP_b80_83_N_GenomeWideSNP_6_D06_734736	15	76902179	102469040	17685	0.0152
ETUIS_p_TCGASNP_b80_83_N_GenomeWideSNP_6_D06_734736	16	60777	19944363	13523	0.0236
ETUIS_p_TCGASNP_b80_83_N_GenomeWideSNP_6_D06_734736	16	19945650	19967362	29	-0.6264
ETUIS_p_TCGASNP_b80_83_N_GenomeWideSNP_6_D06_734736	16	19970254	22441974	1293	0.0149
ETUIS_p_TCGASNP_b80_83_N_GenomeWideSNP_6_D06_734736	16	22442020	22726214	88	-0.2072
ETUIS_p_TCGASNP_b80_83_N_GenomeWideSNP_6_D06_734736	16	22726235	24829725	1375	0.0078
ETUIS_p_TCGASNP_b80_83_N_GenomeWideSNP_6_D06_734736	16	24834379	24835149	2	-1.3088
ETUIS_p_TCGASNP_b80_83_N_GenomeWideSNP_6_D06_734736	16	24838497	27331974	1938	0.0134
ETUIS_p_TCGASNP_b80_83_N_GenomeWideSNP_6_D06_734736	16	27337612	27350687	12	-0.9411
ETUIS_p_TCGASNP_b80_83_N_GenomeWideSNP_6_D06_734736	16	27353188	32124331	1828	0.0299
ETUIS_p_TCGASNP_b80_83_N_GenomeWideSNP_6_D06_734736	16	32146886	33776085	260	0.3303
ETUIS_p_TCGASNP_b80_83_N_GenomeWideSNP_6_D06_734736	16	33794655	34459709	193	0.0546
ETUIS_p_TCGASNP_b80_83_N_GenomeWideSNP_6_D06_734736	16	34466571	34516919	25	0.8768
ETUIS_p_TCGASNP_b80_83_N_GenomeWideSNP_6_D06_734736	16	34516924	34516926	3	-0.1613
ETUIS_p_TCGASNP_b80_83_N_GenomeWideSNP_6_D06_734736	16	34517306	34757071	141	0.8643
ETUIS_p_TCGASNP_b80_83_N_GenomeWideSNP_6_D06_734736	16	34760967	55796594	6612	0.0154
ETUIS_p_TCGASNP_b80_83_N_GenomeWideSNP_6_D06_734736	16	55798222	55798779	3	2.3218
ETUIS_p_TCGASNP_b80_83_N_GenomeWideSNP_6_D06_734736	16	55804348	74359878	11214	0.0169
ETUIS_p_TCGASNP_b80_83_N_GenomeWideSNP_6_D06_734736	16	74364023	74407379	12	0.453
ETUIS_p_TCGASNP_b80_83_N_GenomeWideSNP_6_D06_734736	16	74452036	83892766	9481	0.0051
ETUIS_p_TCGASNP_b80_83_N_GenomeWideSNP_6_D06_734736	16	83892788	83892812	2	-1.5456
ETUIS_p_TCGASNP_b80_83_N_GenomeWideSNP_6_D06_734736	16	83895425	90287535	4388	0.0251
ETUIS_p_TCGASNP_b80_83_N_GenomeWideSNP_6_D06_734736	17	526	941070	481	0.0425
ETUIS_p_TCGASNP_b80_83_N_GenomeWideSNP_6_D06_734736	17	945564	950958	2	-1.7992
ETUIS_p_TCGASNP_b80_83_N_GenomeWideSNP_6_D06_734736	17	958682	8242910	4069	0.0265
ETUIS_p_TCGASNP_b80_83_N_GenomeWideSNP_6_D06_734736	17	8247547	8247733	2	-2.1055
ETUIS_p_TCGASNP_b80_83_N_GenomeWideSNP_6_D06_734736	17	8249458	39423090	16415	0.0171
ETUIS_p_TCGASNP_b80_83_N_GenomeWideSNP_6_D06_734736	17	39423103	39430531	19	-0.9781
ETUIS_p_TCGASNP_b80_83_N_GenomeWideSNP_6_D06_734736	17	39432724	43655090	2166	0.0263
ETUIS_p_TCGASNP_b80_83_N_GenomeWideSNP_6_D06_734736	17	43656380	43675229	8	0.8229
ETUIS_p_TCGASNP_b80_83_N_GenomeWideSNP_6_D06_734736	17	43675472	44163098	336	0.0015
ETUIS_p_TCGASNP_b80_83_N_GenomeWideSNP_6_D06_734736	17	44165803	44362363	124	0.6817
ETUIS_p_TCGASNP_b80_83_N_GenomeWideSNP_6_D06_734736	17	44364170	44435454	10	-0.1103
ETUIS_p_TCGASNP_b80_83_N_GenomeWideSNP_6_D06_734736	17	44441482	44557907	13	-0.6346
ETUIS_p_TCGASNP_b80_83_N_GenomeWideSNP_6_D06_734736	17	44571637	44677882	11	0.1587
ETUIS_p_TCGASNP_b80_83_N_GenomeWideSNP_6_D06_734736	17	44677992	44752300	15	-0.444
ETUIS_p_TCGASNP_b80_83_N_GenomeWideSNP_6_D06_734736	17	44764994	81049726	21606	0.0195
ETUIS_p_TCGASNP_b80_83_N_GenomeWideSNP_6_D06_734736	18	11543	40051678	24063	0.0135
ETUIS_p_TCGASNP_b80_83_N_GenomeWideSNP_6_D06_734736	18	40056569	40057471	24	-0.5135
ETUIS_p_TCGASNP_b80_83_N_GenomeWideSNP_6_D06_734736	18	40057767	45588334	3683	0.0144
ETUIS_p_TCGASNP_b80_83_N_GenomeWideSNP_6_D06_734736	18	45588763	45591325	3	-1.1715
ETUIS_p_TCGASNP_b80_83_N_GenomeWideSNP_6_D06_734736	18	45591871	50007626	3185	0.0137
ETUIS_p_TCGASNP_b80_83_N_GenomeWideSNP_6_D06_734736	18	50009209	50009513	2	-1.2466
ETUIS_p_TCGASNP_b80_83_N_GenomeWideSNP_6_D06_734736	18	50009678	71315601	15031	0.0121
ETUIS_p_TCGASNP_b80_83_N_GenomeWideSNP_6_D06_734736	18	71320926	71333008	14	-1.0061
ETUIS_p_TCGASNP_b80_83_N_GenomeWideSNP_6_D06_734736	18	71333161	78015057	4799	0.0081
ETUIS_p_TCGASNP_b80_83_N_GenomeWideSNP_6_D06_734736	19	90910	114299	3	-0.6577
ETUIS_p_TCGASNP_b80_83_N_GenomeWideSNP_6_D06_734736	19	232496	483332	105	0.0432
ETUIS_p_TCGASNP_b80_83_N_GenomeWideSNP_6_D06_734736	19	483473	516363	9	0.6351
ETUIS_p_TCGASNP_b80_83_N_GenomeWideSNP_6_D06_734736	19	521281	19831544	8434	0.0301
ETUIS_p_TCGASNP_b80_83_N_GenomeWideSNP_6_D06_734736	19	19835753	19836676	2	-1.7258
ETUIS_p_TCGASNP_b80_83_N_GenomeWideSNP_6_D06_734736	19	19840768	21814919	1126	0.0522
ETUIS_p_TCGASNP_b80_83_N_GenomeWideSNP_6_D06_734736	19	21815640	21820111	3	-1.3205
ETUIS_p_TCGASNP_b80_83_N_GenomeWideSNP_6_D06_734736	19	21821537	53517082	16222	0.0246
ETUIS_p_TCGASNP_b80_83_N_GenomeWideSNP_6_D06_734736	19	53518514	53554356	26	0.4814
ETUIS_p_TCGASNP_b80_83_N_GenomeWideSNP_6_D06_734736	19	53554708	54722275	781	0.0667
ETUIS_p_TCGASNP_b80_83_N_GenomeWideSNP_6_D06_734736	19	54730202	54736138	9	0.7359
ETUIS_p_TCGASNP_b80_83_N_GenomeWideSNP_6_D06_734736	19	54740735	55312612	301	0.041
ETUIS_p_TCGASNP_b80_83_N_GenomeWideSNP_6_D06_734736	19	55313000	55313817	2	-1.5596
ETUIS_p_TCGASNP_b80_83_N_GenomeWideSNP_6_D06_734736	19	55314287	55505208	103	0.0515
ETUIS_p_TCGASNP_b80_83_N_GenomeWideSNP_6_D06_734736	19	55508705	55509688	3	1.0363
ETUIS_p_TCGASNP_b80_83_N_GenomeWideSNP_6_D06_734736	19	55509865	59097854	2215	0.0246
ETUIS_p_TCGASNP_b80_83_N_GenomeWideSNP_6_D06_734736	20	61305	1552503	1185	0.0173
ETUIS_p_TCGASNP_b80_83_N_GenomeWideSNP_6_D06_734736	20	1557190	1560562	16	-0.881
ETUIS_p_TCGASNP_b80_83_N_GenomeWideSNP_6_D06_734736	20	1560787	1582207	41	-0.4812
ETUIS_p_TCGASNP_b80_83_N_GenomeWideSNP_6_D06_734736	20	1590257	7692889	4564	0.016
ETUIS_p_TCGASNP_b80_83_N_GenomeWideSNP_6_D06_734736	20	7697872	7701584	6	-1.2072
ETUIS_p_TCGASNP_b80_83_N_GenomeWideSNP_6_D06_734736	20	7703420	15301374	5831	0.0123
ETUIS_p_TCGASNP_b80_83_N_GenomeWideSNP_6_D06_734736	20	15301902	15302049	2	-2.1643
ETUIS_p_TCGASNP_b80_83_N_GenomeWideSNP_6_D06_734736	20	15302374	23983368	7035	0.0159
ETUIS_p_TCGASNP_b80_83_N_GenomeWideSNP_6_D06_734736	20	23984207	23984236	2	-1.1452
ETUIS_p_TCGASNP_b80_83_N_GenomeWideSNP_6_D06_734736	20	23994675	26305491	1367	0.0196
ETUIS_p_TCGASNP_b80_83_N_GenomeWideSNP_6_D06_734736	20	26305579	29493853	21	-0.5405
ETUIS_p_TCGASNP_b80_83_N_GenomeWideSNP_6_D06_734736	20	29498271	53845778	15970	0.0169
ETUIS_p_TCGASNP_b80_83_N_GenomeWideSNP_6_D06_734736	20	53846736	53850059	4	0.8697
ETUIS_p_TCGASNP_b80_83_N_GenomeWideSNP_6_D06_734736	20	53853791	56551299	2206	0.01
ETUIS_p_TCGASNP_b80_83_N_GenomeWideSNP_6_D06_734736	20	56551401	56551422	2	-1.2242
ETUIS_p_TCGASNP_b80_83_N_GenomeWideSNP_6_D06_734736	20	56551584	62956153	4228	0.0127
ETUIS_p_TCGASNP_b80_83_N_GenomeWideSNP_6_D06_734736	21	10736871	48096957	24406	0.0149
ETUIS_p_TCGASNP_b80_83_N_GenomeWideSNP_6_D06_734736	22	16052528	16399151	54	0.4901
ETUIS_p_TCGASNP_b80_83_N_GenomeWideSNP_6_D06_734736	22	16402835	23262981	3865	0.0345
ETUIS_p_TCGASNP_b80_83_N_GenomeWideSNP_6_D06_734736	22	23263242	23263257	2	-2.2134
ETUIS_p_TCGASNP_b80_83_N_GenomeWideSNP_6_D06_734736	22	23263274	24330218	694	-0.0138
ETUIS_p_TCGASNP_b80_83_N_GenomeWideSNP_6_D06_734736	22	24330269	24344422	7	-0.9296
ETUIS_p_TCGASNP_b80_83_N_GenomeWideSNP_6_D06_734736	22	24350529	24396814	19	0.8735
ETUIS_p_TCGASNP_b80_83_N_GenomeWideSNP_6_D06_734736	22	24401529	51234455	18917	0.0188
ETUIS_p_TCGASNP_b80_83_N_GenomeWideSNP_6_D06_734736	X	168477	76316228	40157	0.0149
ETUIS_p_TCGASNP_b80_83_N_GenomeWideSNP_6_D06_734736	X	76319493	76523952	25	-0.5548
ETUIS_p_TCGASNP_b80_83_N_GenomeWideSNP_6_D06_734736	X	76545159	88973359	6799	0.0166
ETUIS_p_TCGASNP_b80_83_N_GenomeWideSNP_6_D06_734736	X	88974207	88981409	3	-1.1302
ETUIS_p_TCGASNP_b80_83_N_GenomeWideSNP_6_D06_734736	X	88983271	93419610	2019	0.0214
ETUIS_p_TCGASNP_b80_83_N_GenomeWideSNP_6_D06_734736	X	93423195	93426347	4	-0.7434
ETUIS_p_TCGASNP_b80_83_N_GenomeWideSNP_6_D06_734736	X	93428751	122371706	16240	0.0173
ETUIS_p_TCGASNP_b80_83_N_GenomeWideSNP_6_D06_734736	X	122372784	122373107	2	-1.481
ETUIS_p_TCGASNP_b80_83_N_GenomeWideSNP_6_D06_734736	X	122373584	155182354	19366	0.015
ETUIS_p_TCGASNP_b80_83_N_GenomeWideSNP_6_D06_734736	Y	2650438	6035471	836	-2.3673
ETUIS_p_TCGASNP_b80_83_N_GenomeWideSNP_6_D06_734736	Y	6039351	6039663	2	-7.7199
ETUIS_p_TCGASNP_b80_83_N_GenomeWideSNP_6_D06_734736	Y	6048274	6101425	33	-2.2598
ETUIS_p_TCGASNP_b80_83_N_GenomeWideSNP_6_D06_734736	Y	6107901	6409541	123	-3.6483
ETUIS_p_TCGASNP_b80_83_N_GenomeWideSNP_6_D06_734736	Y	6410097	19571480	4667	-2.8509
ETUIS_p_TCGASNP_b80_83_N_GenomeWideSNP_6_D06_734736	Y	19574890	21088297	704	-3.4165
ETUIS_p_TCGASNP_b80_83_N_GenomeWideSNP_6_D06_734736	Y	21088485	24510518	1243	-2.9241
ETUIS_p_TCGASNP_b80_83_N_GenomeWideSNP_6_D06_734736	Y	24514859	26430674	377	-3.413
ETUIS_p_TCGASNP_b80_83_N_GenomeWideSNP_6_D06_734736	Y	26430908	26619135	35	-2.386
ETUIS_p_TCGASNP_b80_83_N_GenomeWideSNP_6_D06_734736	Y	26630929	27240184	80	-3.8591
ETUIS_p_TCGASNP_b80_83_N_GenomeWideSNP_6_D06_734736	Y	27254679	27721084	99	-2.7934
ETUIS_p_TCGASNP_b80_83_N_GenomeWideSNP_6_D06_734736	Y	27721117	28277692	194	-3.3767
ETUIS_p_TCGASNP_b80_83_N_GenomeWideSNP_6_D06_734736	Y	28289727	28321752	12	-4.8827
ETUIS_p_TCGASNP_b80_83_N_GenomeWideSNP_6_D06_734736	Y	28322019	28457337	52	-3.1931
ETUIS_p_TCGASNP_b80_83_N_GenomeWideSNP_6_D06_734736	Y	28458648	59018259	175	-2.5556
