Sample	Chromosome	Start	End	Num_Probes	Segment_Mean
ETUIS_p_TCGASNP_b80_83_N_GenomeWideSNP_6_B02_734656	1	61735	356542	29	0.4222
ETUIS_p_TCGASNP_b80_83_N_GenomeWideSNP_6_B02_734656	1	404171	3326170	797	-0.032
ETUIS_p_TCGASNP_b80_83_N_GenomeWideSNP_6_B02_734656	1	3326796	3326803	2	-1.5606
ETUIS_p_TCGASNP_b80_83_N_GenomeWideSNP_6_B02_734656	1	3327469	14080682	5990	0.0119
ETUIS_p_TCGASNP_b80_83_N_GenomeWideSNP_6_B02_734656	1	14080837	14091579	2	-1.4538
ETUIS_p_TCGASNP_b80_83_N_GenomeWideSNP_6_B02_734656	1	14096068	17190862	2004	-0.0084
ETUIS_p_TCGASNP_b80_83_N_GenomeWideSNP_6_B02_734656	1	17195155	17259063	50	0.2425
ETUIS_p_TCGASNP_b80_83_N_GenomeWideSNP_6_B02_734656	1	17259320	25583291	5280	0.0145
ETUIS_p_TCGASNP_b80_83_N_GenomeWideSNP_6_B02_734656	1	25583341	25646689	26	-0.4293
ETUIS_p_TCGASNP_b80_83_N_GenomeWideSNP_6_B02_734656	1	25646744	30739796	2410	0.0151
ETUIS_p_TCGASNP_b80_83_N_GenomeWideSNP_6_B02_734656	1	30741496	30745210	4	-1.1518
ETUIS_p_TCGASNP_b80_83_N_GenomeWideSNP_6_B02_734656	1	30747576	37773050	3992	0.01
ETUIS_p_TCGASNP_b80_83_N_GenomeWideSNP_6_B02_734656	1	37773586	37774697	4	-0.7263
ETUIS_p_TCGASNP_b80_83_N_GenomeWideSNP_6_B02_734656	1	37776298	45626175	4519	0.0164
ETUIS_p_TCGASNP_b80_83_N_GenomeWideSNP_6_B02_734656	1	45634781	45641788	7	-1.0969
ETUIS_p_TCGASNP_b80_83_N_GenomeWideSNP_6_B02_734656	1	45652241	72750353	17907	0.0138
ETUIS_p_TCGASNP_b80_83_N_GenomeWideSNP_6_B02_734656	1	72756113	72763370	9	-3.2373
ETUIS_p_TCGASNP_b80_83_N_GenomeWideSNP_6_B02_734656	1	72768418	72811148	48	1.5498
ETUIS_p_TCGASNP_b80_83_N_GenomeWideSNP_6_B02_734656	1	72811904	78006490	3406	0.0157
ETUIS_p_TCGASNP_b80_83_N_GenomeWideSNP_6_B02_734656	1	78011868	78013771	3	-1.0894
ETUIS_p_TCGASNP_b80_83_N_GenomeWideSNP_6_B02_734656	1	78016146	79319800	678	0.0163
ETUIS_p_TCGASNP_b80_83_N_GenomeWideSNP_6_B02_734656	1	79320311	79555327	139	-0.9916
ETUIS_p_TCGASNP_b80_83_N_GenomeWideSNP_6_B02_734656	1	79555605	104128336	15837	0.0155
ETUIS_p_TCGASNP_b80_83_N_GenomeWideSNP_6_B02_734656	1	104128618	104309109	53	-0.2851
ETUIS_p_TCGASNP_b80_83_N_GenomeWideSNP_6_B02_734656	1	104309132	106019205	909	0.0319
ETUIS_p_TCGASNP_b80_83_N_GenomeWideSNP_6_B02_734656	1	106019236	106022375	16	0.6302
ETUIS_p_TCGASNP_b80_83_N_GenomeWideSNP_6_B02_734656	1	106024055	108734235	1944	0.0257
ETUIS_p_TCGASNP_b80_83_N_GenomeWideSNP_6_B02_734656	1	108734877	108737496	2	-2.5341
ETUIS_p_TCGASNP_b80_83_N_GenomeWideSNP_6_B02_734656	1	108739104	110224384	711	0.0286
ETUIS_p_TCGASNP_b80_83_N_GenomeWideSNP_6_B02_734656	1	110224427	110226140	6	-0.6428
ETUIS_p_TCGASNP_b80_83_N_GenomeWideSNP_6_B02_734656	1	110226378	110232974	9	-0.0896
ETUIS_p_TCGASNP_b80_83_N_GenomeWideSNP_6_B02_734656	1	110233037	110240178	16	-1.5163
ETUIS_p_TCGASNP_b80_83_N_GenomeWideSNP_6_B02_734656	1	110242953	180748317	29111	0.013
ETUIS_p_TCGASNP_b80_83_N_GenomeWideSNP_6_B02_734656	1	180750573	180753483	4	-1.313
ETUIS_p_TCGASNP_b80_83_N_GenomeWideSNP_6_B02_734656	1	180755661	189648157	5946	0.023
ETUIS_p_TCGASNP_b80_83_N_GenomeWideSNP_6_B02_734656	1	189648483	189648527	2	-1.9382
ETUIS_p_TCGASNP_b80_83_N_GenomeWideSNP_6_B02_734656	1	189652047	220949680	21218	0.0168
ETUIS_p_TCGASNP_b80_83_N_GenomeWideSNP_6_B02_734656	1	220951005	220951135	2	-1.7343
ETUIS_p_TCGASNP_b80_83_N_GenomeWideSNP_6_B02_734656	1	220953310	249224388	19559	0.0143
ETUIS_p_TCGASNP_b80_83_N_GenomeWideSNP_6_B02_734656	2	12784	3828109	2696	0.0092
ETUIS_p_TCGASNP_b80_83_N_GenomeWideSNP_6_B02_734656	2	3830615	3836058	7	-0.7991
ETUIS_p_TCGASNP_b80_83_N_GenomeWideSNP_6_B02_734656	2	3836258	20369793	12584	0.018
ETUIS_p_TCGASNP_b80_83_N_GenomeWideSNP_6_B02_734656	2	20370541	20370926	2	-1.7566
ETUIS_p_TCGASNP_b80_83_N_GenomeWideSNP_6_B02_734656	2	20372547	27439751	4071	0.0227
ETUIS_p_TCGASNP_b80_83_N_GenomeWideSNP_6_B02_734656	2	27441302	27441500	3	-1.332
ETUIS_p_TCGASNP_b80_83_N_GenomeWideSNP_6_B02_734656	2	27441904	34691069	4730	0.0303
ETUIS_p_TCGASNP_b80_83_N_GenomeWideSNP_6_B02_734656	2	34699315	34701735	6	0.8999
ETUIS_p_TCGASNP_b80_83_N_GenomeWideSNP_6_B02_734656	2	34708632	34717974	24	0.2478
ETUIS_p_TCGASNP_b80_83_N_GenomeWideSNP_6_B02_734656	2	34717988	34737057	16	0.5782
ETUIS_p_TCGASNP_b80_83_N_GenomeWideSNP_6_B02_734656	2	34737163	48151483	9873	0.0265
ETUIS_p_TCGASNP_b80_83_N_GenomeWideSNP_6_B02_734656	2	48151785	48252311	45	-0.8923
ETUIS_p_TCGASNP_b80_83_N_GenomeWideSNP_6_B02_734656	2	48262668	49092438	480	0.039
ETUIS_p_TCGASNP_b80_83_N_GenomeWideSNP_6_B02_734656	2	49092901	49092909	2	-1.5743
ETUIS_p_TCGASNP_b80_83_N_GenomeWideSNP_6_B02_734656	2	49093258	51868178	2072	0.0247
ETUIS_p_TCGASNP_b80_83_N_GenomeWideSNP_6_B02_734656	2	51870503	51871521	5	-1.2016
ETUIS_p_TCGASNP_b80_83_N_GenomeWideSNP_6_B02_734656	2	51874541	52754468	559	0.0296
ETUIS_p_TCGASNP_b80_83_N_GenomeWideSNP_6_B02_734656	2	52754480	52781522	38	0.4849
ETUIS_p_TCGASNP_b80_83_N_GenomeWideSNP_6_B02_734656	2	52781542	86937687	21932	0.0225
ETUIS_p_TCGASNP_b80_83_N_GenomeWideSNP_6_B02_734656	2	86953070	86953854	2	-1.8199
ETUIS_p_TCGASNP_b80_83_N_GenomeWideSNP_6_B02_734656	2	86970406	123477014	17290	0.0187
ETUIS_p_TCGASNP_b80_83_N_GenomeWideSNP_6_B02_734656	2	123479899	123482241	9	-0.8861
ETUIS_p_TCGASNP_b80_83_N_GenomeWideSNP_6_B02_734656	2	123483653	130039215	4240	0.0339
ETUIS_p_TCGASNP_b80_83_N_GenomeWideSNP_6_B02_734656	2	130042262	130051445	10	-0.8732
ETUIS_p_TCGASNP_b80_83_N_GenomeWideSNP_6_B02_734656	2	130051691	208354955	47141	0.0216
ETUIS_p_TCGASNP_b80_83_N_GenomeWideSNP_6_B02_734656	2	208355178	208359025	14	-0.8789
ETUIS_p_TCGASNP_b80_83_N_GenomeWideSNP_6_B02_734656	2	208359149	213181322	3045	0.0253
ETUIS_p_TCGASNP_b80_83_N_GenomeWideSNP_6_B02_734656	2	213186549	213191825	25	-0.8763
ETUIS_p_TCGASNP_b80_83_N_GenomeWideSNP_6_B02_734656	2	213192126	243089456	19071	0.0225
ETUIS_p_TCGASNP_b80_83_N_GenomeWideSNP_6_B02_734656	3	60345	224602	157	-0.0063
ETUIS_p_TCGASNP_b80_83_N_GenomeWideSNP_6_B02_734656	3	230022	232800	4	-0.9363
ETUIS_p_TCGASNP_b80_83_N_GenomeWideSNP_6_B02_734656	3	234877	6646543	5678	0.029
ETUIS_p_TCGASNP_b80_83_N_GenomeWideSNP_6_B02_734656	3	6651128	6651409	6	-1.2056
ETUIS_p_TCGASNP_b80_83_N_GenomeWideSNP_6_B02_734656	3	6651471	6653114	13	-0.4561
ETUIS_p_TCGASNP_b80_83_N_GenomeWideSNP_6_B02_734656	3	6653148	6653332	4	-1.0995
ETUIS_p_TCGASNP_b80_83_N_GenomeWideSNP_6_B02_734656	3	6655078	98937784	57938	0.0152
ETUIS_p_TCGASNP_b80_83_N_GenomeWideSNP_6_B02_734656	3	98944458	98949421	38	-0.678
ETUIS_p_TCGASNP_b80_83_N_GenomeWideSNP_6_B02_734656	3	98950964	162508268	39078	0.0167
ETUIS_p_TCGASNP_b80_83_N_GenomeWideSNP_6_B02_734656	3	162512657	162625995	70	0.3636
ETUIS_p_TCGASNP_b80_83_N_GenomeWideSNP_6_B02_734656	3	162626572	189360754	16683	0.0208
ETUIS_p_TCGASNP_b80_83_N_GenomeWideSNP_6_B02_734656	3	189363678	189364638	11	-0.9666
ETUIS_p_TCGASNP_b80_83_N_GenomeWideSNP_6_B02_734656	3	189370988	192874747	2497	0.0159
ETUIS_p_TCGASNP_b80_83_N_GenomeWideSNP_6_B02_734656	3	192877902	192882903	20	-0.852
ETUIS_p_TCGASNP_b80_83_N_GenomeWideSNP_6_B02_734656	3	192886435	195390680	1486	-0.0045
ETUIS_p_TCGASNP_b80_83_N_GenomeWideSNP_6_B02_734656	3	195399075	195446922	26	0.4177
ETUIS_p_TCGASNP_b80_83_N_GenomeWideSNP_6_B02_734656	3	195455508	197833544	1147	0.0338
ETUIS_p_TCGASNP_b80_83_N_GenomeWideSNP_6_B02_734656	3	197833719	197833758	3	-0.9699
ETUIS_p_TCGASNP_b80_83_N_GenomeWideSNP_6_B02_734656	3	197833798	197896118	40	0.0192
ETUIS_p_TCGASNP_b80_83_N_GenomeWideSNP_6_B02_734656	4	12281	9456977	5246	0.0108
ETUIS_p_TCGASNP_b80_83_N_GenomeWideSNP_6_B02_734656	4	9461230	9486087	10	-0.915
ETUIS_p_TCGASNP_b80_83_N_GenomeWideSNP_6_B02_734656	4	9496294	9619137	39	-0.0389
ETUIS_p_TCGASNP_b80_83_N_GenomeWideSNP_6_B02_734656	4	9626413	9633410	5	-0.6311
ETUIS_p_TCGASNP_b80_83_N_GenomeWideSNP_6_B02_734656	4	9633990	10210390	501	0.0163
ETUIS_p_TCGASNP_b80_83_N_GenomeWideSNP_6_B02_734656	4	10214160	10235268	36	-1.6013
ETUIS_p_TCGASNP_b80_83_N_GenomeWideSNP_6_B02_734656	4	10236142	64693940	33617	0.0192
ETUIS_p_TCGASNP_b80_83_N_GenomeWideSNP_6_B02_734656	4	64697469	64708208	27	-0.4522
ETUIS_p_TCGASNP_b80_83_N_GenomeWideSNP_6_B02_734656	4	64708223	69360489	2883	0.0174
ETUIS_p_TCGASNP_b80_83_N_GenomeWideSNP_6_B02_734656	4	69367142	69551744	76	-0.3414
ETUIS_p_TCGASNP_b80_83_N_GenomeWideSNP_6_B02_734656	4	69558271	115173700	27720	0.0186
ETUIS_p_TCGASNP_b80_83_N_GenomeWideSNP_6_B02_734656	4	115175323	115182175	23	-1.0945
ETUIS_p_TCGASNP_b80_83_N_GenomeWideSNP_6_B02_734656	4	115184229	122281973	4353	0.0237
ETUIS_p_TCGASNP_b80_83_N_GenomeWideSNP_6_B02_734656	4	122282468	122285135	28	-0.8293
ETUIS_p_TCGASNP_b80_83_N_GenomeWideSNP_6_B02_734656	4	122291131	126086016	2142	0.0172
ETUIS_p_TCGASNP_b80_83_N_GenomeWideSNP_6_B02_734656	4	126090168	126120973	19	-1.0484
ETUIS_p_TCGASNP_b80_83_N_GenomeWideSNP_6_B02_734656	4	126130231	149238314	13699	0.0228
ETUIS_p_TCGASNP_b80_83_N_GenomeWideSNP_6_B02_734656	4	149239012	149254605	5	-1.0919
ETUIS_p_TCGASNP_b80_83_N_GenomeWideSNP_6_B02_734656	4	149254670	152789393	1905	0.0145
ETUIS_p_TCGASNP_b80_83_N_GenomeWideSNP_6_B02_734656	4	152789786	152792567	13	-0.8744
ETUIS_p_TCGASNP_b80_83_N_GenomeWideSNP_6_B02_734656	4	152792891	172064073	12329	0.0189
ETUIS_p_TCGASNP_b80_83_N_GenomeWideSNP_6_B02_734656	4	172066839	172067556	2	-1.4933
ETUIS_p_TCGASNP_b80_83_N_GenomeWideSNP_6_B02_734656	4	172070256	172369346	231	0.0117
ETUIS_p_TCGASNP_b80_83_N_GenomeWideSNP_6_B02_734656	4	172374884	172377710	10	-0.9083
ETUIS_p_TCGASNP_b80_83_N_GenomeWideSNP_6_B02_734656	4	172377724	172989300	402	0.0222
ETUIS_p_TCGASNP_b80_83_N_GenomeWideSNP_6_B02_734656	4	172989373	172989519	7	-1.6561
ETUIS_p_TCGASNP_b80_83_N_GenomeWideSNP_6_B02_734656	4	172989533	189221258	10938	0.02
ETUIS_p_TCGASNP_b80_83_N_GenomeWideSNP_6_B02_734656	4	189221360	189222813	5	1.1049
ETUIS_p_TCGASNP_b80_83_N_GenomeWideSNP_6_B02_734656	4	189223053	189294593	70	0.0587
ETUIS_p_TCGASNP_b80_83_N_GenomeWideSNP_6_B02_734656	4	189300296	189300624	2	-2.2032
ETUIS_p_TCGASNP_b80_83_N_GenomeWideSNP_6_B02_734656	4	189300723	191027923	1104	0.02
ETUIS_p_TCGASNP_b80_83_N_GenomeWideSNP_6_B02_734656	5	15532	698472	309	-0.0069
ETUIS_p_TCGASNP_b80_83_N_GenomeWideSNP_6_B02_734656	5	698505	761084	21	-0.4305
ETUIS_p_TCGASNP_b80_83_N_GenomeWideSNP_6_B02_734656	5	761101	21451277	15439	0.0123
ETUIS_p_TCGASNP_b80_83_N_GenomeWideSNP_6_B02_734656	5	21451964	21451998	2	-3.2529
ETUIS_p_TCGASNP_b80_83_N_GenomeWideSNP_6_B02_734656	5	21452438	32102731	6583	0.0177
ETUIS_p_TCGASNP_b80_83_N_GenomeWideSNP_6_B02_734656	5	32107084	32171096	42	0.6332
ETUIS_p_TCGASNP_b80_83_N_GenomeWideSNP_6_B02_734656	5	32171632	57321646	13476	0.0146
ETUIS_p_TCGASNP_b80_83_N_GenomeWideSNP_6_B02_734656	5	57326027	57333533	32	1.3219
ETUIS_p_TCGASNP_b80_83_N_GenomeWideSNP_6_B02_734656	5	57338357	180790320	77168	0.0187
ETUIS_p_TCGASNP_b80_83_N_GenomeWideSNP_6_B02_734656	6	149661	254283	101	-0.015
ETUIS_p_TCGASNP_b80_83_N_GenomeWideSNP_6_B02_734656	6	257353	291082	18	-0.5911
ETUIS_p_TCGASNP_b80_83_N_GenomeWideSNP_6_B02_734656	6	294286	364982	71	-0.2042
ETUIS_p_TCGASNP_b80_83_N_GenomeWideSNP_6_B02_734656	6	365138	1852729	1300	0.0145
ETUIS_p_TCGASNP_b80_83_N_GenomeWideSNP_6_B02_734656	6	1855953	1861065	5	-1.3198
ETUIS_p_TCGASNP_b80_83_N_GenomeWideSNP_6_B02_734656	6	1863367	4700684	2275	0.0193
ETUIS_p_TCGASNP_b80_83_N_GenomeWideSNP_6_B02_734656	6	4700757	4701144	3	1.2901
ETUIS_p_TCGASNP_b80_83_N_GenomeWideSNP_6_B02_734656	6	4701501	29899677	17991	0.0186
ETUIS_p_TCGASNP_b80_83_N_GenomeWideSNP_6_B02_734656	6	29901564	29901576	4	1.0445
ETUIS_p_TCGASNP_b80_83_N_GenomeWideSNP_6_B02_734656	6	29908469	32448129	1165	0.0374
ETUIS_p_TCGASNP_b80_83_N_GenomeWideSNP_6_B02_734656	6	32449050	32570365	36	-0.3501
ETUIS_p_TCGASNP_b80_83_N_GenomeWideSNP_6_B02_734656	6	32573771	32624304	30	-0.0295
ETUIS_p_TCGASNP_b80_83_N_GenomeWideSNP_6_B02_734656	6	32624591	32626618	5	-1.3244
ETUIS_p_TCGASNP_b80_83_N_GenomeWideSNP_6_B02_734656	6	32650612	78962889	27047	0.0197
ETUIS_p_TCGASNP_b80_83_N_GenomeWideSNP_6_B02_734656	6	78969065	79035174	112	-0.5072
ETUIS_p_TCGASNP_b80_83_N_GenomeWideSNP_6_B02_734656	6	79035185	125691631	29085	0.0182
ETUIS_p_TCGASNP_b80_83_N_GenomeWideSNP_6_B02_734656	6	125692246	125692390	2	-1.7781
ETUIS_p_TCGASNP_b80_83_N_GenomeWideSNP_6_B02_734656	6	125693693	171051005	30655	0.0128
ETUIS_p_TCGASNP_b80_83_N_GenomeWideSNP_6_B02_734656	7	43355	4156647	2081	0.0171
ETUIS_p_TCGASNP_b80_83_N_GenomeWideSNP_6_B02_734656	7	4158354	4158553	2	-2.4438
ETUIS_p_TCGASNP_b80_83_N_GenomeWideSNP_6_B02_734656	7	4161371	4582019	348	0.0477
ETUIS_p_TCGASNP_b80_83_N_GenomeWideSNP_6_B02_734656	7	4583268	4585142	3	-1.519
ETUIS_p_TCGASNP_b80_83_N_GenomeWideSNP_6_B02_734656	7	4586532	54386505	36119	0.0192
ETUIS_p_TCGASNP_b80_83_N_GenomeWideSNP_6_B02_734656	7	54386509	54386517	5	-1.7091
ETUIS_p_TCGASNP_b80_83_N_GenomeWideSNP_6_B02_734656	7	54393488	62156338	2188	0.0231
ETUIS_p_TCGASNP_b80_83_N_GenomeWideSNP_6_B02_734656	7	62156489	62161619	11	-0.6395
ETUIS_p_TCGASNP_b80_83_N_GenomeWideSNP_6_B02_734656	7	62161692	108105883	25749	0.0216
ETUIS_p_TCGASNP_b80_83_N_GenomeWideSNP_6_B02_734656	7	108111356	108111566	2	-1.8476
ETUIS_p_TCGASNP_b80_83_N_GenomeWideSNP_6_B02_734656	7	108114691	132565885	14896	0.0148
ETUIS_p_TCGASNP_b80_83_N_GenomeWideSNP_6_B02_734656	7	132568255	132569593	2	-1.6467
ETUIS_p_TCGASNP_b80_83_N_GenomeWideSNP_6_B02_734656	7	132569599	133785211	729	0.0176
ETUIS_p_TCGASNP_b80_83_N_GenomeWideSNP_6_B02_734656	7	133785309	133795634	23	-1.7477
ETUIS_p_TCGASNP_b80_83_N_GenomeWideSNP_6_B02_734656	7	133795665	141769680	5209	0.0161
ETUIS_p_TCGASNP_b80_83_N_GenomeWideSNP_6_B02_734656	7	141769691	141799117	44	-0.5578
ETUIS_p_TCGASNP_b80_83_N_GenomeWideSNP_6_B02_734656	7	141799160	142044047	183	0.0275
ETUIS_p_TCGASNP_b80_83_N_GenomeWideSNP_6_B02_734656	7	142044060	142047396	9	-0.5357
ETUIS_p_TCGASNP_b80_83_N_GenomeWideSNP_6_B02_734656	7	142047648	159127004	10858	0.0201
ETUIS_p_TCGASNP_b80_83_N_GenomeWideSNP_6_B02_734656	8	31254	594973	328	-0.0334
ETUIS_p_TCGASNP_b80_83_N_GenomeWideSNP_6_B02_734656	8	595220	595908	8	1.0206
ETUIS_p_TCGASNP_b80_83_N_GenomeWideSNP_6_B02_734656	8	601043	1367068	564	-0.017
ETUIS_p_TCGASNP_b80_83_N_GenomeWideSNP_6_B02_734656	8	1367362	1367602	3	-1.3975
ETUIS_p_TCGASNP_b80_83_N_GenomeWideSNP_6_B02_734656	8	1367688	2701934	1216	-2e-04
ETUIS_p_TCGASNP_b80_83_N_GenomeWideSNP_6_B02_734656	8	2703533	2703899	7	-1.3463
ETUIS_p_TCGASNP_b80_83_N_GenomeWideSNP_6_B02_734656	8	2707171	6039176	4541	0.0088
ETUIS_p_TCGASNP_b80_83_N_GenomeWideSNP_6_B02_734656	8	6040105	6040150	2	-1.5733
ETUIS_p_TCGASNP_b80_83_N_GenomeWideSNP_6_B02_734656	8	6040505	7214810	1155	0.0112
ETUIS_p_TCGASNP_b80_83_N_GenomeWideSNP_6_B02_734656	8	7214845	7809906	172	-0.5629
ETUIS_p_TCGASNP_b80_83_N_GenomeWideSNP_6_B02_734656	8	7826922	9056367	953	0.015
ETUIS_p_TCGASNP_b80_83_N_GenomeWideSNP_6_B02_734656	8	9056466	9060808	15	-1.0294
ETUIS_p_TCGASNP_b80_83_N_GenomeWideSNP_6_B02_734656	8	9060827	9062526	12	-0.6513
ETUIS_p_TCGASNP_b80_83_N_GenomeWideSNP_6_B02_734656	8	9063027	11949551	2306	0.0105
ETUIS_p_TCGASNP_b80_83_N_GenomeWideSNP_6_B02_734656	8	11987726	12001123	6	-1.9145
ETUIS_p_TCGASNP_b80_83_N_GenomeWideSNP_6_B02_734656	8	12034307	12232281	12	0.0867
ETUIS_p_TCGASNP_b80_83_N_GenomeWideSNP_6_B02_734656	8	12232416	12241505	17	0.8129
ETUIS_p_TCGASNP_b80_83_N_GenomeWideSNP_6_B02_734656	8	12241813	12247486	20	0.2482
ETUIS_p_TCGASNP_b80_83_N_GenomeWideSNP_6_B02_734656	8	12260927	12420090	55	-0.3099
ETUIS_p_TCGASNP_b80_83_N_GenomeWideSNP_6_B02_734656	8	12420155	24974476	10429	0.0147
ETUIS_p_TCGASNP_b80_83_N_GenomeWideSNP_6_B02_734656	8	24974522	24976641	7	0.9401
ETUIS_p_TCGASNP_b80_83_N_GenomeWideSNP_6_B02_734656	8	24976675	24984333	18	0.6214
ETUIS_p_TCGASNP_b80_83_N_GenomeWideSNP_6_B02_734656	8	24991104	39230659	9041	0.019
ETUIS_p_TCGASNP_b80_83_N_GenomeWideSNP_6_B02_734656	8	39235603	39386965	59	-0.4878
ETUIS_p_TCGASNP_b80_83_N_GenomeWideSNP_6_B02_734656	8	39388299	51032011	4592	0.0167
ETUIS_p_TCGASNP_b80_83_N_GenomeWideSNP_6_B02_734656	8	51032024	51032387	7	-1.7659
ETUIS_p_TCGASNP_b80_83_N_GenomeWideSNP_6_B02_734656	8	51033423	142817210	59043	0.0191
ETUIS_p_TCGASNP_b80_83_N_GenomeWideSNP_6_B02_734656	8	142818637	142821600	2	-1.4252
ETUIS_p_TCGASNP_b80_83_N_GenomeWideSNP_6_B02_734656	8	142823779	143128774	196	-0.0277
ETUIS_p_TCGASNP_b80_83_N_GenomeWideSNP_6_B02_734656	8	143128775	143130738	3	-1.3038
ETUIS_p_TCGASNP_b80_83_N_GenomeWideSNP_6_B02_734656	8	143136640	146298155	1133	-0.0082
ETUIS_p_TCGASNP_b80_83_N_GenomeWideSNP_6_B02_734656	9	46587	108512022	58302	0.0172
ETUIS_p_TCGASNP_b80_83_N_GenomeWideSNP_6_B02_734656	9	108517834	108535825	9	-0.8979
ETUIS_p_TCGASNP_b80_83_N_GenomeWideSNP_6_B02_734656	9	108539599	108587832	7	-0.2137
ETUIS_p_TCGASNP_b80_83_N_GenomeWideSNP_6_B02_734656	9	108590780	108651205	57	-1.0187
ETUIS_p_TCGASNP_b80_83_N_GenomeWideSNP_6_B02_734656	9	108651382	140252947	21114	0.0164
ETUIS_p_TCGASNP_b80_83_N_GenomeWideSNP_6_B02_734656	9	140255642	140255833	3	-1.5334
ETUIS_p_TCGASNP_b80_83_N_GenomeWideSNP_6_B02_734656	9	140273003	141010641	373	0.0033
ETUIS_p_TCGASNP_b80_83_N_GenomeWideSNP_6_B02_734656	9	141011186	141091394	40	-0.1971
ETUIS_p_TCGASNP_b80_83_N_GenomeWideSNP_6_B02_734656	10	72759	17894976	14872	0.0119
ETUIS_p_TCGASNP_b80_83_N_GenomeWideSNP_6_B02_734656	10	17927554	17949857	3	-1.7903
ETUIS_p_TCGASNP_b80_83_N_GenomeWideSNP_6_B02_734656	10	17971816	24377674	4357	0.0166
ETUIS_p_TCGASNP_b80_83_N_GenomeWideSNP_6_B02_734656	10	24377675	24378054	10	0.751
ETUIS_p_TCGASNP_b80_83_N_GenomeWideSNP_6_B02_734656	10	24378908	27227765	2000	0.012
ETUIS_p_TCGASNP_b80_83_N_GenomeWideSNP_6_B02_734656	10	27228350	27229993	6	-0.7717
ETUIS_p_TCGASNP_b80_83_N_GenomeWideSNP_6_B02_734656	10	27230675	31290845	3089	0.0232
ETUIS_p_TCGASNP_b80_83_N_GenomeWideSNP_6_B02_734656	10	31291992	31292065	2	-1.3434
ETUIS_p_TCGASNP_b80_83_N_GenomeWideSNP_6_B02_734656	10	31292078	46065261	7154	0.0192
ETUIS_p_TCGASNP_b80_83_N_GenomeWideSNP_6_B02_734656	10	46070052	46074186	4	-1.047
ETUIS_p_TCGASNP_b80_83_N_GenomeWideSNP_6_B02_734656	10	46074778	47743516	432	-0.0509
ETUIS_p_TCGASNP_b80_83_N_GenomeWideSNP_6_B02_734656	10	47771030	47948060	5	0.9908
ETUIS_p_TCGASNP_b80_83_N_GenomeWideSNP_6_B02_734656	10	47960476	48736766	290	0.008
ETUIS_p_TCGASNP_b80_83_N_GenomeWideSNP_6_B02_734656	10	48771950	48840627	3	1.524
ETUIS_p_TCGASNP_b80_83_N_GenomeWideSNP_6_B02_734656	10	48883402	49333790	28	0.3079
ETUIS_p_TCGASNP_b80_83_N_GenomeWideSNP_6_B02_734656	10	49363009	51830360	1445	0.0158
ETUIS_p_TCGASNP_b80_83_N_GenomeWideSNP_6_B02_734656	10	51840984	51891920	4	-1.5448
ETUIS_p_TCGASNP_b80_83_N_GenomeWideSNP_6_B02_734656	10	51903768	135506704	57328	0.0157
ETUIS_p_TCGASNP_b80_83_N_GenomeWideSNP_6_B02_734656	11	198510	4239054	1788	0.0191
ETUIS_p_TCGASNP_b80_83_N_GenomeWideSNP_6_B02_734656	11	4250013	4335878	26	-0.6449
ETUIS_p_TCGASNP_b80_83_N_GenomeWideSNP_6_B02_734656	11	4336067	21846894	13592	0.015
ETUIS_p_TCGASNP_b80_83_N_GenomeWideSNP_6_B02_734656	11	21847506	21848680	4	-0.9912
ETUIS_p_TCGASNP_b80_83_N_GenomeWideSNP_6_B02_734656	11	21848752	31393294	6488	0.0165
ETUIS_p_TCGASNP_b80_83_N_GenomeWideSNP_6_B02_734656	11	31394268	31397080	2	-2.2363
ETUIS_p_TCGASNP_b80_83_N_GenomeWideSNP_6_B02_734656	11	31398207	48598422	11523	0.0185
ETUIS_p_TCGASNP_b80_83_N_GenomeWideSNP_6_B02_734656	11	48601434	48602676	2	-1.2281
ETUIS_p_TCGASNP_b80_83_N_GenomeWideSNP_6_B02_734656	11	48606318	55376023	1227	0.0259
ETUIS_p_TCGASNP_b80_83_N_GenomeWideSNP_6_B02_734656	11	55376236	55442318	43	0.3634
ETUIS_p_TCGASNP_b80_83_N_GenomeWideSNP_6_B02_734656	11	55444211	134944770	52397	0.0144
ETUIS_p_TCGASNP_b80_83_N_GenomeWideSNP_6_B02_734656	12	150442	2235889	1266	0.0016
ETUIS_p_TCGASNP_b80_83_N_GenomeWideSNP_6_B02_734656	12	2245862	2258023	41	-0.8496
ETUIS_p_TCGASNP_b80_83_N_GenomeWideSNP_6_B02_734656	12	2258104	8346805	4235	0.0118
ETUIS_p_TCGASNP_b80_83_N_GenomeWideSNP_6_B02_734656	12	8357507	8378251	12	0.5861
ETUIS_p_TCGASNP_b80_83_N_GenomeWideSNP_6_B02_734656	12	8393828	11220827	1710	0.0078
ETUIS_p_TCGASNP_b80_83_N_GenomeWideSNP_6_B02_734656	12	11222368	11241532	10	-1.3374
ETUIS_p_TCGASNP_b80_83_N_GenomeWideSNP_6_B02_734656	12	11251874	93603681	50586	0.0155
ETUIS_p_TCGASNP_b80_83_N_GenomeWideSNP_6_B02_734656	12	93604384	93608244	2	1.9574
ETUIS_p_TCGASNP_b80_83_N_GenomeWideSNP_6_B02_734656	12	93609730	125993218	21164	0.0159
ETUIS_p_TCGASNP_b80_83_N_GenomeWideSNP_6_B02_734656	12	125999530	125999668	2	-1.582
ETUIS_p_TCGASNP_b80_83_N_GenomeWideSNP_6_B02_734656	12	125999885	133778189	5984	0.01
ETUIS_p_TCGASNP_b80_83_N_GenomeWideSNP_6_B02_734656	13	19026949	38071135	13555	0.0156
ETUIS_p_TCGASNP_b80_83_N_GenomeWideSNP_6_B02_734656	13	38072036	38088330	17	-0.5251
ETUIS_p_TCGASNP_b80_83_N_GenomeWideSNP_6_B02_734656	13	38088374	53059216	9906	0.016
ETUIS_p_TCGASNP_b80_83_N_GenomeWideSNP_6_B02_734656	13	53071152	53117879	11	-0.7702
ETUIS_p_TCGASNP_b80_83_N_GenomeWideSNP_6_B02_734656	13	53130473	55137589	1296	0.0237
ETUIS_p_TCGASNP_b80_83_N_GenomeWideSNP_6_B02_734656	13	55143426	55476042	197	-0.9239
ETUIS_p_TCGASNP_b80_83_N_GenomeWideSNP_6_B02_734656	13	55478559	57751096	1130	0.0253
ETUIS_p_TCGASNP_b80_83_N_GenomeWideSNP_6_B02_734656	13	57758270	57778380	34	-0.7893
ETUIS_p_TCGASNP_b80_83_N_GenomeWideSNP_6_B02_734656	13	57789714	115108397	38144	0.0184
ETUIS_p_TCGASNP_b80_83_N_GenomeWideSNP_6_B02_734656	14	19002124	19604114	44	0.0868
ETUIS_p_TCGASNP_b80_83_N_GenomeWideSNP_6_B02_734656	14	19607007	19796184	16	0.6084
ETUIS_p_TCGASNP_b80_83_N_GenomeWideSNP_6_B02_734656	14	19801755	20010913	13	-0.3612
ETUIS_p_TCGASNP_b80_83_N_GenomeWideSNP_6_B02_734656	14	20037146	20423372	117	0.7979
ETUIS_p_TCGASNP_b80_83_N_GenomeWideSNP_6_B02_734656	14	20424926	82470729	39695	0.0168
ETUIS_p_TCGASNP_b80_83_N_GenomeWideSNP_6_B02_734656	14	82471133	82474438	2	-4.0338
ETUIS_p_TCGASNP_b80_83_N_GenomeWideSNP_6_B02_734656	14	82475149	106460902	15222	0.011
ETUIS_p_TCGASNP_b80_83_N_GenomeWideSNP_6_B02_734656	14	106479675	106479941	2	1.6253
ETUIS_p_TCGASNP_b80_83_N_GenomeWideSNP_6_B02_734656	14	106482128	106538062	25	0.122
ETUIS_p_TCGASNP_b80_83_N_GenomeWideSNP_6_B02_734656	14	106541753	106567100	13	0.702
ETUIS_p_TCGASNP_b80_83_N_GenomeWideSNP_6_B02_734656	14	106569463	106874361	142	0.0015
ETUIS_p_TCGASNP_b80_83_N_GenomeWideSNP_6_B02_734656	14	106879831	106939788	59	-0.5292
ETUIS_p_TCGASNP_b80_83_N_GenomeWideSNP_6_B02_734656	14	106943522	107160325	127	-0.0147
ETUIS_p_TCGASNP_b80_83_N_GenomeWideSNP_6_B02_734656	14	107160399	107178603	18	0.3657
ETUIS_p_TCGASNP_b80_83_N_GenomeWideSNP_6_B02_734656	14	107179496	107200900	19	0.0391
ETUIS_p_TCGASNP_b80_83_N_GenomeWideSNP_6_B02_734656	14	107205734	107217657	6	-0.4742
ETUIS_p_TCGASNP_b80_83_N_GenomeWideSNP_6_B02_734656	14	107217890	107285437	45	0.0488
ETUIS_p_TCGASNP_b80_83_N_GenomeWideSNP_6_B02_734656	15	20016328	20830582	158	0.0395
ETUIS_p_TCGASNP_b80_83_N_GenomeWideSNP_6_B02_734656	15	20843562	21930553	144	-0.3818
ETUIS_p_TCGASNP_b80_83_N_GenomeWideSNP_6_B02_734656	15	21939823	24669745	1124	-0.0014
ETUIS_p_TCGASNP_b80_83_N_GenomeWideSNP_6_B02_734656	15	24674751	24718596	40	-0.6225
ETUIS_p_TCGASNP_b80_83_N_GenomeWideSNP_6_B02_734656	15	24725293	26560192	1337	0.0132
ETUIS_p_TCGASNP_b80_83_N_GenomeWideSNP_6_B02_734656	15	26562152	26563156	2	-3.0033
ETUIS_p_TCGASNP_b80_83_N_GenomeWideSNP_6_B02_734656	15	26563588	80765362	33982	0.0141
ETUIS_p_TCGASNP_b80_83_N_GenomeWideSNP_6_B02_734656	15	80766466	80766625	2	-1.4757
ETUIS_p_TCGASNP_b80_83_N_GenomeWideSNP_6_B02_734656	15	80771425	83068590	1228	0.0121
ETUIS_p_TCGASNP_b80_83_N_GenomeWideSNP_6_B02_734656	15	83083151	83108839	4	-1.3142
ETUIS_p_TCGASNP_b80_83_N_GenomeWideSNP_6_B02_734656	15	83169549	102469040	14007	0.0157
ETUIS_p_TCGASNP_b80_83_N_GenomeWideSNP_6_B02_734656	16	60777	15048844	11128	0.0147
ETUIS_p_TCGASNP_b80_83_N_GenomeWideSNP_6_B02_734656	16	15048860	15127986	64	0.2892
ETUIS_p_TCGASNP_b80_83_N_GenomeWideSNP_6_B02_734656	16	15129905	18557211	1617	0.0217
ETUIS_p_TCGASNP_b80_83_N_GenomeWideSNP_6_B02_734656	16	18594400	18791864	35	0.4705
ETUIS_p_TCGASNP_b80_83_N_GenomeWideSNP_6_B02_734656	16	18792710	32146886	7236	0.0238
ETUIS_p_TCGASNP_b80_83_N_GenomeWideSNP_6_B02_734656	16	32158852	32588622	68	-0.2577
ETUIS_p_TCGASNP_b80_83_N_GenomeWideSNP_6_B02_734656	16	32588901	32588909	5	-1.428
ETUIS_p_TCGASNP_b80_83_N_GenomeWideSNP_6_B02_734656	16	32609274	33367935	85	-0.2042
ETUIS_p_TCGASNP_b80_83_N_GenomeWideSNP_6_B02_734656	16	33369764	33631830	81	-0.4453
ETUIS_p_TCGASNP_b80_83_N_GenomeWideSNP_6_B02_734656	16	33643399	54369458	5730	0.0116
ETUIS_p_TCGASNP_b80_83_N_GenomeWideSNP_6_B02_734656	16	54369510	54369523	2	-1.3294
ETUIS_p_TCGASNP_b80_83_N_GenomeWideSNP_6_B02_734656	16	54372863	55796594	1258	0.0161
ETUIS_p_TCGASNP_b80_83_N_GenomeWideSNP_6_B02_734656	16	55798222	55798779	3	1.9393
ETUIS_p_TCGASNP_b80_83_N_GenomeWideSNP_6_B02_734656	16	55804348	82318045	18724	0.0158
ETUIS_p_TCGASNP_b80_83_N_GenomeWideSNP_6_B02_734656	16	82318488	82323213	2	-1.7289
ETUIS_p_TCGASNP_b80_83_N_GenomeWideSNP_6_B02_734656	16	82323238	90287535	6353	0.0074
ETUIS_p_TCGASNP_b80_83_N_GenomeWideSNP_6_B02_734656	17	526	6100784	3373	0.029
ETUIS_p_TCGASNP_b80_83_N_GenomeWideSNP_6_B02_734656	17	6100796	6100811	2	-1.6457
ETUIS_p_TCGASNP_b80_83_N_GenomeWideSNP_6_B02_734656	17	6101043	16654301	7129	0.0133
ETUIS_p_TCGASNP_b80_83_N_GenomeWideSNP_6_B02_734656	17	16657331	16740270	13	-0.8159
ETUIS_p_TCGASNP_b80_83_N_GenomeWideSNP_6_B02_734656	17	16741515	18317394	919	0.0193
ETUIS_p_TCGASNP_b80_83_N_GenomeWideSNP_6_B02_734656	17	18319862	18465221	30	0.7274
ETUIS_p_TCGASNP_b80_83_N_GenomeWideSNP_6_B02_734656	17	18469197	18922745	172	0.0083
ETUIS_p_TCGASNP_b80_83_N_GenomeWideSNP_6_B02_734656	17	18935523	19015652	7	0.6567
ETUIS_p_TCGASNP_b80_83_N_GenomeWideSNP_6_B02_734656	17	19030156	32452385	5316	0.0151
ETUIS_p_TCGASNP_b80_83_N_GenomeWideSNP_6_B02_734656	17	32452917	32453155	2	-1.558
ETUIS_p_TCGASNP_b80_83_N_GenomeWideSNP_6_B02_734656	17	32453220	41438590	5131	0.0132
ETUIS_p_TCGASNP_b80_83_N_GenomeWideSNP_6_B02_734656	17	41439686	41439921	2	-1.3351
ETUIS_p_TCGASNP_b80_83_N_GenomeWideSNP_6_B02_734656	17	41443704	44163098	1399	0.0018
ETUIS_p_TCGASNP_b80_83_N_GenomeWideSNP_6_B02_734656	17	44165803	44362363	124	0.4047
ETUIS_p_TCGASNP_b80_83_N_GenomeWideSNP_6_B02_734656	17	44364170	44752300	49	-0.498
ETUIS_p_TCGASNP_b80_83_N_GenomeWideSNP_6_B02_734656	17	44764994	77489413	20049	0.0183
ETUIS_p_TCGASNP_b80_83_N_GenomeWideSNP_6_B02_734656	17	77489945	77539608	9	-1.1317
ETUIS_p_TCGASNP_b80_83_N_GenomeWideSNP_6_B02_734656	17	77541107	81029209	1537	0.0217
ETUIS_p_TCGASNP_b80_83_N_GenomeWideSNP_6_B02_734656	17	81029590	81049726	6	-0.3544
ETUIS_p_TCGASNP_b80_83_N_GenomeWideSNP_6_B02_734656	18	11543	40051678	24064	0.0116
ETUIS_p_TCGASNP_b80_83_N_GenomeWideSNP_6_B02_734656	18	40056569	40057767	25	-0.6169
ETUIS_p_TCGASNP_b80_83_N_GenomeWideSNP_6_B02_734656	18	40058395	41974818	1124	0.0123
ETUIS_p_TCGASNP_b80_83_N_GenomeWideSNP_6_B02_734656	18	41976886	41978625	6	-0.8017
ETUIS_p_TCGASNP_b80_83_N_GenomeWideSNP_6_B02_734656	18	41982671	49505789	5361	0.0137
ETUIS_p_TCGASNP_b80_83_N_GenomeWideSNP_6_B02_734656	18	49509589	49515713	7	-0.8199
ETUIS_p_TCGASNP_b80_83_N_GenomeWideSNP_6_B02_734656	18	49517920	63200076	9383	0.0129
ETUIS_p_TCGASNP_b80_83_N_GenomeWideSNP_6_B02_734656	18	63200357	63207257	23	0.5351
ETUIS_p_TCGASNP_b80_83_N_GenomeWideSNP_6_B02_734656	18	63207273	76660693	10091	0.0152
ETUIS_p_TCGASNP_b80_83_N_GenomeWideSNP_6_B02_734656	18	76662714	76664863	5	-1.0211
ETUIS_p_TCGASNP_b80_83_N_GenomeWideSNP_6_B02_734656	18	76666449	78015057	705	-0.0057
ETUIS_p_TCGASNP_b80_83_N_GenomeWideSNP_6_B02_734656	19	90910	43646784	20725	0.0241
ETUIS_p_TCGASNP_b80_83_N_GenomeWideSNP_6_B02_734656	19	43646848	43703033	28	-0.8817
ETUIS_p_TCGASNP_b80_83_N_GenomeWideSNP_6_B02_734656	19	43703504	43740965	18	-2.2984
ETUIS_p_TCGASNP_b80_83_N_GenomeWideSNP_6_B02_734656	19	43753301	43756237	3	-0.8234
ETUIS_p_TCGASNP_b80_83_N_GenomeWideSNP_6_B02_734656	19	43766659	45748244	1177	0.0197
ETUIS_p_TCGASNP_b80_83_N_GenomeWideSNP_6_B02_734656	19	45748354	45749255	2	-1.886
ETUIS_p_TCGASNP_b80_83_N_GenomeWideSNP_6_B02_734656	19	45756376	54797848	4788	0.0278
ETUIS_p_TCGASNP_b80_83_N_GenomeWideSNP_6_B02_734656	19	54805530	54811325	4	-0.9459
ETUIS_p_TCGASNP_b80_83_N_GenomeWideSNP_6_B02_734656	19	54812675	58940514	2540	0.0128
ETUIS_p_TCGASNP_b80_83_N_GenomeWideSNP_6_B02_734656	19	58943408	58946056	3	-1.0095
ETUIS_p_TCGASNP_b80_83_N_GenomeWideSNP_6_B02_734656	19	58946160	59097854	51	-0.0199
ETUIS_p_TCGASNP_b80_83_N_GenomeWideSNP_6_B02_734656	20	61305	1552503	1185	0.0177
ETUIS_p_TCGASNP_b80_83_N_GenomeWideSNP_6_B02_734656	20	1557190	1560999	21	-0.8938
ETUIS_p_TCGASNP_b80_83_N_GenomeWideSNP_6_B02_734656	20	1561580	1567653	4	0.1393
ETUIS_p_TCGASNP_b80_83_N_GenomeWideSNP_6_B02_734656	20	1567721	1599002	41	0.8105
ETUIS_p_TCGASNP_b80_83_N_GenomeWideSNP_6_B02_734656	20	1599061	14771472	9904	0.0157
ETUIS_p_TCGASNP_b80_83_N_GenomeWideSNP_6_B02_734656	20	14781684	14823905	69	-0.8956
ETUIS_p_TCGASNP_b80_83_N_GenomeWideSNP_6_B02_734656	20	14830596	62916068	31238	0.0143
ETUIS_p_TCGASNP_b80_83_N_GenomeWideSNP_6_B02_734656	20	62954695	62956153	5	-2.2297
ETUIS_p_TCGASNP_b80_83_N_GenomeWideSNP_6_B02_734656	21	10736871	25129546	7616	0.0149
ETUIS_p_TCGASNP_b80_83_N_GenomeWideSNP_6_B02_734656	21	25129909	25131983	2	-1.269
ETUIS_p_TCGASNP_b80_83_N_GenomeWideSNP_6_B02_734656	21	25132199	44968053	15022	0.0115
ETUIS_p_TCGASNP_b80_83_N_GenomeWideSNP_6_B02_734656	21	44970873	44972812	2	-2.2794
ETUIS_p_TCGASNP_b80_83_N_GenomeWideSNP_6_B02_734656	21	44973667	48096957	1763	0.0092
ETUIS_p_TCGASNP_b80_83_N_GenomeWideSNP_6_B02_734656	22	16052528	16242677	37	0.4235
ETUIS_p_TCGASNP_b80_83_N_GenomeWideSNP_6_B02_734656	22	16248691	21816055	2841	0.0255
ETUIS_p_TCGASNP_b80_83_N_GenomeWideSNP_6_B02_734656	22	21816452	21845355	23	-0.3693
ETUIS_p_TCGASNP_b80_83_N_GenomeWideSNP_6_B02_734656	22	21917153	24271745	1688	5e-04
ETUIS_p_TCGASNP_b80_83_N_GenomeWideSNP_6_B02_734656	22	24283016	24332933	30	-0.6726
ETUIS_p_TCGASNP_b80_83_N_GenomeWideSNP_6_B02_734656	22	24337307	24396814	22	0.4897
ETUIS_p_TCGASNP_b80_83_N_GenomeWideSNP_6_B02_734656	22	24401529	30953295	4949	0.0014
ETUIS_p_TCGASNP_b80_83_N_GenomeWideSNP_6_B02_734656	22	30953521	30954075	2	-1.3621
ETUIS_p_TCGASNP_b80_83_N_GenomeWideSNP_6_B02_734656	22	30955878	39351466	5912	0.0183
ETUIS_p_TCGASNP_b80_83_N_GenomeWideSNP_6_B02_734656	22	39363619	39389628	25	-0.7366
ETUIS_p_TCGASNP_b80_83_N_GenomeWideSNP_6_B02_734656	22	39389705	50967032	7869	0.014
ETUIS_p_TCGASNP_b80_83_N_GenomeWideSNP_6_B02_734656	22	50973108	50973116	5	-1.0281
ETUIS_p_TCGASNP_b80_83_N_GenomeWideSNP_6_B02_734656	22	50973754	51234455	147	0.0028
ETUIS_p_TCGASNP_b80_83_N_GenomeWideSNP_6_B02_734656	X	168477	416482	20	0.6397
ETUIS_p_TCGASNP_b80_83_N_GenomeWideSNP_6_B02_734656	X	450994	469800	5	-0.0683
ETUIS_p_TCGASNP_b80_83_N_GenomeWideSNP_6_B02_734656	X	480587	682861	52	0.7083
ETUIS_p_TCGASNP_b80_83_N_GenomeWideSNP_6_B02_734656	X	689546	76349873	40083	0.0158
ETUIS_p_TCGASNP_b80_83_N_GenomeWideSNP_6_B02_734656	X	76353650	76523952	18	-0.4261
ETUIS_p_TCGASNP_b80_83_N_GenomeWideSNP_6_B02_734656	X	76545159	115133681	20638	0.0203
ETUIS_p_TCGASNP_b80_83_N_GenomeWideSNP_6_B02_734656	X	115137955	115150638	7	-0.9982
ETUIS_p_TCGASNP_b80_83_N_GenomeWideSNP_6_B02_734656	X	115156419	155182354	23776	0.0119
ETUIS_p_TCGASNP_b80_83_N_GenomeWideSNP_6_B02_734656	Y	2650438	2892421	119	-2.9112
ETUIS_p_TCGASNP_b80_83_N_GenomeWideSNP_6_B02_734656	Y	2893230	6101425	752	-2.3662
ETUIS_p_TCGASNP_b80_83_N_GenomeWideSNP_6_B02_734656	Y	6107901	6281935	78	-4.1073
ETUIS_p_TCGASNP_b80_83_N_GenomeWideSNP_6_B02_734656	Y	6282097	19571480	4711	-2.9947
ETUIS_p_TCGASNP_b80_83_N_GenomeWideSNP_6_B02_734656	Y	19574890	20970746	649	-3.5374
ETUIS_p_TCGASNP_b80_83_N_GenomeWideSNP_6_B02_734656	Y	20971498	20972173	2	-8.1733
ETUIS_p_TCGASNP_b80_83_N_GenomeWideSNP_6_B02_734656	Y	20972409	21088297	53	-3.4041
ETUIS_p_TCGASNP_b80_83_N_GenomeWideSNP_6_B02_734656	Y	21088485	23884367	1065	-3.0402
ETUIS_p_TCGASNP_b80_83_N_GenomeWideSNP_6_B02_734656	Y	23886358	28423938	1019	-3.4545
ETUIS_p_TCGASNP_b80_83_N_GenomeWideSNP_6_B02_734656	Y	28438116	59018259	183	-2.6741
