Sample	Chromosome	Start	End	Num_Probes	Segment_Mean
EXINE_p_TCGA_b142_SNP_N_GenomeWideSNP_6_B12_802320	1	61735	2116732	402	-0.3469
EXINE_p_TCGA_b142_SNP_N_GenomeWideSNP_6_B12_802320	1	2124787	2579341	130	-0.6834
EXINE_p_TCGA_b142_SNP_N_GenomeWideSNP_6_B12_802320	1	2694445	20525160	10636	-0.3672
EXINE_p_TCGA_b142_SNP_N_GenomeWideSNP_6_B12_802320	1	20525350	35102654	7961	-0.0765
EXINE_p_TCGA_b142_SNP_N_GenomeWideSNP_6_B12_802320	1	35102670	35104491	19	-0.8929
EXINE_p_TCGA_b142_SNP_N_GenomeWideSNP_6_B12_802320	1	35114268	37601029	1296	-0.0664
EXINE_p_TCGA_b142_SNP_N_GenomeWideSNP_6_B12_802320	1	37605441	41231685	2002	0.3076
EXINE_p_TCGA_b142_SNP_N_GenomeWideSNP_6_B12_802320	1	41234155	72768916	20535	-0.0825
EXINE_p_TCGA_b142_SNP_N_GenomeWideSNP_6_B12_802320	1	72768936	72811148	45	-1.1645
EXINE_p_TCGA_b142_SNP_N_GenomeWideSNP_6_B12_802320	1	72811904	85979932	8602	-0.1099
EXINE_p_TCGA_b142_SNP_N_GenomeWideSNP_6_B12_802320	1	85980350	86003166	11	0.6883
EXINE_p_TCGA_b142_SNP_N_GenomeWideSNP_6_B12_802320	1	86006009	113158260	17393	-0.1084
EXINE_p_TCGA_b142_SNP_N_GenomeWideSNP_6_B12_802320	1	113163438	114315920	622	0.2742
EXINE_p_TCGA_b142_SNP_N_GenomeWideSNP_6_B12_802320	1	114323055	115153394	515	-0.1244
EXINE_p_TCGA_b142_SNP_N_GenomeWideSNP_6_B12_802320	1	115162080	115278822	76	-0.3851
EXINE_p_TCGA_b142_SNP_N_GenomeWideSNP_6_B12_802320	1	115285512	117690758	1673	-0.0864
EXINE_p_TCGA_b142_SNP_N_GenomeWideSNP_6_B12_802320	1	117692284	119750644	1184	0.2901
EXINE_p_TCGA_b142_SNP_N_GenomeWideSNP_6_B12_802320	1	119751002	144897697	858	0.532
EXINE_p_TCGA_b142_SNP_N_GenomeWideSNP_6_B12_802320	1	144901750	144947693	26	0.8738
EXINE_p_TCGA_b142_SNP_N_GenomeWideSNP_6_B12_802320	1	144947719	145080051	51	0.4041
EXINE_p_TCGA_b142_SNP_N_GenomeWideSNP_6_B12_802320	1	145083864	149521840	1178	0.806
EXINE_p_TCGA_b142_SNP_N_GenomeWideSNP_6_B12_802320	1	149521846	149701234	20	-0.0604
EXINE_p_TCGA_b142_SNP_N_GenomeWideSNP_6_B12_802320	1	149701351	152555527	1468	0.8181
EXINE_p_TCGA_b142_SNP_N_GenomeWideSNP_6_B12_802320	1	152555706	152586540	33	2.0041
EXINE_p_TCGA_b142_SNP_N_GenomeWideSNP_6_B12_802320	1	152586576	158244659	3282	0.8554
EXINE_p_TCGA_b142_SNP_N_GenomeWideSNP_6_B12_802320	1	158246598	176888785	13129	0.3655
EXINE_p_TCGA_b142_SNP_N_GenomeWideSNP_6_B12_802320	1	176893212	183202992	4360	0.0102
EXINE_p_TCGA_b142_SNP_N_GenomeWideSNP_6_B12_802320	1	183204477	189975138	4457	0.3662
EXINE_p_TCGA_b142_SNP_N_GenomeWideSNP_6_B12_802320	1	189975477	189975556	5	-0.4579
EXINE_p_TCGA_b142_SNP_N_GenomeWideSNP_6_B12_802320	1	189975597	196815791	4545	0.3672
EXINE_p_TCGA_b142_SNP_N_GenomeWideSNP_6_B12_802320	1	196816730	196895847	62	-0.1544
EXINE_p_TCGA_b142_SNP_N_GenomeWideSNP_6_B12_802320	1	196901753	196941493	17	0.3003
EXINE_p_TCGA_b142_SNP_N_GenomeWideSNP_6_B12_802320	1	196941661	196952274	13	0.6713
EXINE_p_TCGA_b142_SNP_N_GenomeWideSNP_6_B12_802320	1	196952401	197451297	248	0.2446
EXINE_p_TCGA_b142_SNP_N_GenomeWideSNP_6_B12_802320	1	197456801	197462195	2	1.2063
EXINE_p_TCGA_b142_SNP_N_GenomeWideSNP_6_B12_802320	1	197463128	198304536	479	0.2472
EXINE_p_TCGA_b142_SNP_N_GenomeWideSNP_6_B12_802320	1	198306860	198307779	3	-0.8603
EXINE_p_TCGA_b142_SNP_N_GenomeWideSNP_6_B12_802320	1	198311359	208730329	6881	0.412
EXINE_p_TCGA_b142_SNP_N_GenomeWideSNP_6_B12_802320	1	208730551	209510777	589	0.1242
EXINE_p_TCGA_b142_SNP_N_GenomeWideSNP_6_B12_802320	1	209511828	209599159	65	0.4331
EXINE_p_TCGA_b142_SNP_N_GenomeWideSNP_6_B12_802320	1	209599476	209612810	13	0.012
EXINE_p_TCGA_b142_SNP_N_GenomeWideSNP_6_B12_802320	1	209613482	209805180	196	0.4151
EXINE_p_TCGA_b142_SNP_N_GenomeWideSNP_6_B12_802320	1	209807815	210669415	660	0.1208
EXINE_p_TCGA_b142_SNP_N_GenomeWideSNP_6_B12_802320	1	210669837	210719593	50	0.3616
EXINE_p_TCGA_b142_SNP_N_GenomeWideSNP_6_B12_802320	1	210721874	212563254	1144	0.0926
EXINE_p_TCGA_b142_SNP_N_GenomeWideSNP_6_B12_802320	1	212570268	214755146	1577	-0.4061
EXINE_p_TCGA_b142_SNP_N_GenomeWideSNP_6_B12_802320	1	214755440	214976493	150	0.0101
EXINE_p_TCGA_b142_SNP_N_GenomeWideSNP_6_B12_802320	1	214976575	216885712	1321	-0.4047
EXINE_p_TCGA_b142_SNP_N_GenomeWideSNP_6_B12_802320	1	216888557	217033047	142	-0.0527
EXINE_p_TCGA_b142_SNP_N_GenomeWideSNP_6_B12_802320	1	217033313	217304525	247	-0.3922
EXINE_p_TCGA_b142_SNP_N_GenomeWideSNP_6_B12_802320	1	217316314	217465033	144	-0.0035
EXINE_p_TCGA_b142_SNP_N_GenomeWideSNP_6_B12_802320	1	217465185	217541002	67	-0.3971
EXINE_p_TCGA_b142_SNP_N_GenomeWideSNP_6_B12_802320	1	217542361	217623973	66	-0.0642
EXINE_p_TCGA_b142_SNP_N_GenomeWideSNP_6_B12_802320	1	217627624	218222326	393	-0.4222
EXINE_p_TCGA_b142_SNP_N_GenomeWideSNP_6_B12_802320	1	218227850	218562868	214	-0.0091
EXINE_p_TCGA_b142_SNP_N_GenomeWideSNP_6_B12_802320	1	218568263	218605461	25	-0.4306
EXINE_p_TCGA_b142_SNP_N_GenomeWideSNP_6_B12_802320	1	218605609	221598407	2022	0.1029
EXINE_p_TCGA_b142_SNP_N_GenomeWideSNP_6_B12_802320	1	221599989	221867157	192	0.3754
EXINE_p_TCGA_b142_SNP_N_GenomeWideSNP_6_B12_802320	1	221867157	223551284	1066	0.0826
EXINE_p_TCGA_b142_SNP_N_GenomeWideSNP_6_B12_802320	1	223555324	224076114	360	0.437
EXINE_p_TCGA_b142_SNP_N_GenomeWideSNP_6_B12_802320	1	224085000	226900507	1710	0.1264
EXINE_p_TCGA_b142_SNP_N_GenomeWideSNP_6_B12_802320	1	226903988	226989701	55	0.4664
EXINE_p_TCGA_b142_SNP_N_GenomeWideSNP_6_B12_802320	1	226994150	229985356	1813	0.1195
EXINE_p_TCGA_b142_SNP_N_GenomeWideSNP_6_B12_802320	1	229985395	229988625	2	-1.2027
EXINE_p_TCGA_b142_SNP_N_GenomeWideSNP_6_B12_802320	1	229992312	234300878	3377	0.1391
EXINE_p_TCGA_b142_SNP_N_GenomeWideSNP_6_B12_802320	1	234301268	238735002	3280	0.4517
EXINE_p_TCGA_b142_SNP_N_GenomeWideSNP_6_B12_802320	1	238735153	238769286	44	0.7378
EXINE_p_TCGA_b142_SNP_N_GenomeWideSNP_6_B12_802320	1	238770888	240391740	1266	0.5437
EXINE_p_TCGA_b142_SNP_N_GenomeWideSNP_6_B12_802320	1	240394015	240394139	6	-1.6397
EXINE_p_TCGA_b142_SNP_N_GenomeWideSNP_6_B12_802320	1	240396105	244747150	3133	0.436
EXINE_p_TCGA_b142_SNP_N_GenomeWideSNP_6_B12_802320	1	244748124	244748334	2	-0.5992
EXINE_p_TCGA_b142_SNP_N_GenomeWideSNP_6_B12_802320	1	244748457	244910610	98	0.5473
EXINE_p_TCGA_b142_SNP_N_GenomeWideSNP_6_B12_802320	1	244914598	245071985	76	0.2655
EXINE_p_TCGA_b142_SNP_N_GenomeWideSNP_6_B12_802320	1	245074699	245449935	248	0.5742
EXINE_p_TCGA_b142_SNP_N_GenomeWideSNP_6_B12_802320	1	245452810	246330269	719	0.3184
EXINE_p_TCGA_b142_SNP_N_GenomeWideSNP_6_B12_802320	1	246332536	246624043	185	0.5906
EXINE_p_TCGA_b142_SNP_N_GenomeWideSNP_6_B12_802320	1	246624119	248051409	909	0.305
EXINE_p_TCGA_b142_SNP_N_GenomeWideSNP_6_B12_802320	1	248058587	248133834	55	0.7604
EXINE_p_TCGA_b142_SNP_N_GenomeWideSNP_6_B12_802320	1	248134289	249075377	406	0.3243
EXINE_p_TCGA_b142_SNP_N_GenomeWideSNP_6_B12_802320	1	249075535	249104508	26	0.6481
EXINE_p_TCGA_b142_SNP_N_GenomeWideSNP_6_B12_802320	1	249111068	249224388	59	0.3263
EXINE_p_TCGA_b142_SNP_N_GenomeWideSNP_6_B12_802320	2	12784	591113	383	-0.4452
EXINE_p_TCGA_b142_SNP_N_GenomeWideSNP_6_B12_802320	2	593554	594324	4	-1.6654
EXINE_p_TCGA_b142_SNP_N_GenomeWideSNP_6_B12_802320	2	594741	23673437	16997	-0.3737
EXINE_p_TCGA_b142_SNP_N_GenomeWideSNP_6_B12_802320	2	23674952	23734902	54	-0.8228
EXINE_p_TCGA_b142_SNP_N_GenomeWideSNP_6_B12_802320	2	23735133	24993833	675	-0.3556
EXINE_p_TCGA_b142_SNP_N_GenomeWideSNP_6_B12_802320	2	24994445	30253020	3036	-0.016
EXINE_p_TCGA_b142_SNP_N_GenomeWideSNP_6_B12_802320	2	30253556	30271689	31	-0.3332
EXINE_p_TCGA_b142_SNP_N_GenomeWideSNP_6_B12_802320	2	30278431	34520473	2774	0.0709
EXINE_p_TCGA_b142_SNP_N_GenomeWideSNP_6_B12_802320	2	34523978	34525580	2	-1.9176
EXINE_p_TCGA_b142_SNP_N_GenomeWideSNP_6_B12_802320	2	34525967	34691069	95	0.0812
EXINE_p_TCGA_b142_SNP_N_GenomeWideSNP_6_B12_802320	2	34699315	34737057	46	-0.7596
EXINE_p_TCGA_b142_SNP_N_GenomeWideSNP_6_B12_802320	2	34737163	35574141	538	0.0755
EXINE_p_TCGA_b142_SNP_N_GenomeWideSNP_6_B12_802320	2	35579691	35757152	154	-0.4554
EXINE_p_TCGA_b142_SNP_N_GenomeWideSNP_6_B12_802320	2	35761656	35975973	184	0.0563
EXINE_p_TCGA_b142_SNP_N_GenomeWideSNP_6_B12_802320	2	35977790	35986716	4	-1.4737
EXINE_p_TCGA_b142_SNP_N_GenomeWideSNP_6_B12_802320	2	35986908	38591592	2093	0.0876
EXINE_p_TCGA_b142_SNP_N_GenomeWideSNP_6_B12_802320	2	38596283	38673009	45	0.436
EXINE_p_TCGA_b142_SNP_N_GenomeWideSNP_6_B12_802320	2	38673538	42442212	2827	0.0917
EXINE_p_TCGA_b142_SNP_N_GenomeWideSNP_6_B12_802320	2	42445808	42452613	7	-0.8084
EXINE_p_TCGA_b142_SNP_N_GenomeWideSNP_6_B12_802320	2	42454185	52741737	7163	0.1038
EXINE_p_TCGA_b142_SNP_N_GenomeWideSNP_6_B12_802320	2	52743925	52781542	41	-0.5202
EXINE_p_TCGA_b142_SNP_N_GenomeWideSNP_6_B12_802320	2	52787949	86737893	21819	0.0115
EXINE_p_TCGA_b142_SNP_N_GenomeWideSNP_6_B12_802320	2	86750619	87172727	152	0.2416
EXINE_p_TCGA_b142_SNP_N_GenomeWideSNP_6_B12_802320	2	87250496	123477014	17201	-0.0952
EXINE_p_TCGA_b142_SNP_N_GenomeWideSNP_6_B12_802320	2	123479899	123482241	9	-1.9036
EXINE_p_TCGA_b142_SNP_N_GenomeWideSNP_6_B12_802320	2	123483653	168176066	26971	-0.0998
EXINE_p_TCGA_b142_SNP_N_GenomeWideSNP_6_B12_802320	2	168176307	168181440	7	-1.4249
EXINE_p_TCGA_b142_SNP_N_GenomeWideSNP_6_B12_802320	2	168187928	213187256	27356	-0.066
EXINE_p_TCGA_b142_SNP_N_GenomeWideSNP_6_B12_802320	2	213187272	213191825	22	-0.7088
EXINE_p_TCGA_b142_SNP_N_GenomeWideSNP_6_B12_802320	2	213192126	243049104	19020	-0.0708
EXINE_p_TCGA_b142_SNP_N_GenomeWideSNP_6_B12_802320	2	243051365	243089456	6	-0.3464
EXINE_p_TCGA_b142_SNP_N_GenomeWideSNP_6_B12_802320	3	60345	8821804	7741	-0.0829
EXINE_p_TCGA_b142_SNP_N_GenomeWideSNP_6_B12_802320	3	8825367	8858201	28	0.289
EXINE_p_TCGA_b142_SNP_N_GenomeWideSNP_6_B12_802320	3	8866808	40001822	21198	-0.0955
EXINE_p_TCGA_b142_SNP_N_GenomeWideSNP_6_B12_802320	3	40002028	40002466	2	-1.6402
EXINE_p_TCGA_b142_SNP_N_GenomeWideSNP_6_B12_802320	3	40003159	57253163	9869	-0.1013
EXINE_p_TCGA_b142_SNP_N_GenomeWideSNP_6_B12_802320	3	57263394	59839235	1602	-0.3794
EXINE_p_TCGA_b142_SNP_N_GenomeWideSNP_6_B12_802320	3	59839868	59839995	2	-1.9975
EXINE_p_TCGA_b142_SNP_N_GenomeWideSNP_6_B12_802320	3	59844725	60794217	1118	-0.3337
EXINE_p_TCGA_b142_SNP_N_GenomeWideSNP_6_B12_802320	3	60794598	60796635	2	-2.3184
EXINE_p_TCGA_b142_SNP_N_GenomeWideSNP_6_B12_802320	3	60798166	100326305	22928	-0.1848
EXINE_p_TCGA_b142_SNP_N_GenomeWideSNP_6_B12_802320	3	100340068	100442509	59	0.6703
EXINE_p_TCGA_b142_SNP_N_GenomeWideSNP_6_B12_802320	3	100446616	106955437	3928	-0.1324
EXINE_p_TCGA_b142_SNP_N_GenomeWideSNP_6_B12_802320	3	106962929	107692865	469	-0.7647
EXINE_p_TCGA_b142_SNP_N_GenomeWideSNP_6_B12_802320	3	107700315	125446664	11035	-0.1224
EXINE_p_TCGA_b142_SNP_N_GenomeWideSNP_6_B12_802320	3	125449526	125475334	12	-1.0763
EXINE_p_TCGA_b142_SNP_N_GenomeWideSNP_6_B12_802320	3	125476076	141188376	9611	0.0102
EXINE_p_TCGA_b142_SNP_N_GenomeWideSNP_6_B12_802320	3	141188399	141450332	137	0.5481
EXINE_p_TCGA_b142_SNP_N_GenomeWideSNP_6_B12_802320	3	141451660	162508268	13019	0.1581
EXINE_p_TCGA_b142_SNP_N_GenomeWideSNP_6_B12_802320	3	162512657	162615915	64	0.6272
EXINE_p_TCGA_b142_SNP_N_GenomeWideSNP_6_B12_802320	3	162623842	162714517	78	0.2993
EXINE_p_TCGA_b142_SNP_N_GenomeWideSNP_6_B12_802320	3	162717727	162719562	2	-2.2433
EXINE_p_TCGA_b142_SNP_N_GenomeWideSNP_6_B12_802320	3	162726159	168609008	3270	0.2806
EXINE_p_TCGA_b142_SNP_N_GenomeWideSNP_6_B12_802320	3	168617410	168730180	94	0.5667
EXINE_p_TCGA_b142_SNP_N_GenomeWideSNP_6_B12_802320	3	168733402	168738628	2	-1.5539
EXINE_p_TCGA_b142_SNP_N_GenomeWideSNP_6_B12_802320	3	168739827	173254484	2920	0.5999
EXINE_p_TCGA_b142_SNP_N_GenomeWideSNP_6_B12_802320	3	173257866	173872233	422	0.9624
EXINE_p_TCGA_b142_SNP_N_GenomeWideSNP_6_B12_802320	3	173873170	173873444	2	-0.1116
EXINE_p_TCGA_b142_SNP_N_GenomeWideSNP_6_B12_802320	3	173878101	174299441	270	0.9551
EXINE_p_TCGA_b142_SNP_N_GenomeWideSNP_6_B12_802320	3	174300176	181525696	4459	0.5602
EXINE_p_TCGA_b142_SNP_N_GenomeWideSNP_6_B12_802320	3	181527412	181531942	2	-1.2396
EXINE_p_TCGA_b142_SNP_N_GenomeWideSNP_6_B12_802320	3	181532408	195285898	9145	0.5647
EXINE_p_TCGA_b142_SNP_N_GenomeWideSNP_6_B12_802320	3	195383142	195455956	35	-0.0928
EXINE_p_TCGA_b142_SNP_N_GenomeWideSNP_6_B12_802320	3	195456048	195661550	91	0.5404
EXINE_p_TCGA_b142_SNP_N_GenomeWideSNP_6_B12_802320	3	195690846	195701328	5	-0.4581
EXINE_p_TCGA_b142_SNP_N_GenomeWideSNP_6_B12_802320	3	195709662	197896118	1087	0.558
EXINE_p_TCGA_b142_SNP_N_GenomeWideSNP_6_B12_802320	4	12281	19895	6	-0.6858
EXINE_p_TCGA_b142_SNP_N_GenomeWideSNP_6_B12_802320	4	20765	65677	49	-0.3326
EXINE_p_TCGA_b142_SNP_N_GenomeWideSNP_6_B12_802320	4	65761	2743898	1019	-0.734
EXINE_p_TCGA_b142_SNP_N_GenomeWideSNP_6_B12_802320	4	2743983	2744289	3	-2.2007
EXINE_p_TCGA_b142_SNP_N_GenomeWideSNP_6_B12_802320	4	2744521	3599450	427	-0.7469
EXINE_p_TCGA_b142_SNP_N_GenomeWideSNP_6_B12_802320	4	3599869	3609390	3	-2.2974
EXINE_p_TCGA_b142_SNP_N_GenomeWideSNP_6_B12_802320	4	3611393	4082936	184	-0.6994
EXINE_p_TCGA_b142_SNP_N_GenomeWideSNP_6_B12_802320	4	4093564	9903121	3756	-0.0703
EXINE_p_TCGA_b142_SNP_N_GenomeWideSNP_6_B12_802320	4	9903760	10052528	137	0.5244
EXINE_p_TCGA_b142_SNP_N_GenomeWideSNP_6_B12_802320	4	10053155	10210390	206	-0.0972
EXINE_p_TCGA_b142_SNP_N_GenomeWideSNP_6_B12_802320	4	10214160	10231498	29	-1.7866
EXINE_p_TCGA_b142_SNP_N_GenomeWideSNP_6_B12_802320	4	10234214	10235268	7	-0.6491
EXINE_p_TCGA_b142_SNP_N_GenomeWideSNP_6_B12_802320	4	10236142	17457399	5677	-0.0892
EXINE_p_TCGA_b142_SNP_N_GenomeWideSNP_6_B12_802320	4	17458089	20139416	1654	0.1594
EXINE_p_TCGA_b142_SNP_N_GenomeWideSNP_6_B12_802320	4	20139559	34786500	9624	-0.1004
EXINE_p_TCGA_b142_SNP_N_GenomeWideSNP_6_B12_802320	4	34786955	34824725	37	-2.1661
EXINE_p_TCGA_b142_SNP_N_GenomeWideSNP_6_B12_802320	4	34829872	36014412	772	-0.1156
EXINE_p_TCGA_b142_SNP_N_GenomeWideSNP_6_B12_802320	4	36014981	36015518	4	-1.708
EXINE_p_TCGA_b142_SNP_N_GenomeWideSNP_6_B12_802320	4	36017518	48149021	7609	-0.0215
EXINE_p_TCGA_b142_SNP_N_GenomeWideSNP_6_B12_802320	4	48151318	49309854	589	0.506
EXINE_p_TCGA_b142_SNP_N_GenomeWideSNP_6_B12_802320	4	49503166	52685993	21	-0.5191
EXINE_p_TCGA_b142_SNP_N_GenomeWideSNP_6_B12_802320	4	52686044	58049193	3535	0.3549
EXINE_p_TCGA_b142_SNP_N_GenomeWideSNP_6_B12_802320	4	58051648	58100571	40	0.6755
EXINE_p_TCGA_b142_SNP_N_GenomeWideSNP_6_B12_802320	4	58102424	61696791	2323	0.2964
EXINE_p_TCGA_b142_SNP_N_GenomeWideSNP_6_B12_802320	4	61697161	63667834	1092	-0.1356
EXINE_p_TCGA_b142_SNP_N_GenomeWideSNP_6_B12_802320	4	63669936	63671662	8	-1.4817
EXINE_p_TCGA_b142_SNP_N_GenomeWideSNP_6_B12_802320	4	63679630	69261064	3438	-0.1312
EXINE_p_TCGA_b142_SNP_N_GenomeWideSNP_6_B12_802320	4	69282205	69489335	87	-0.5347
EXINE_p_TCGA_b142_SNP_N_GenomeWideSNP_6_B12_802320	4	69505115	73081261	2056	-0.1232
EXINE_p_TCGA_b142_SNP_N_GenomeWideSNP_6_B12_802320	4	73081999	108051500	21192	0.1579
EXINE_p_TCGA_b142_SNP_N_GenomeWideSNP_6_B12_802320	4	108065751	108068247	14	-0.8148
EXINE_p_TCGA_b142_SNP_N_GenomeWideSNP_6_B12_802320	4	108068298	108071628	7	-0.0507
EXINE_p_TCGA_b142_SNP_N_GenomeWideSNP_6_B12_802320	4	108071888	108076533	17	-0.6407
EXINE_p_TCGA_b142_SNP_N_GenomeWideSNP_6_B12_802320	4	108077434	111004447	1735	0.1062
EXINE_p_TCGA_b142_SNP_N_GenomeWideSNP_6_B12_802320	4	111004531	111005006	5	-0.8237
EXINE_p_TCGA_b142_SNP_N_GenomeWideSNP_6_B12_802320	4	111006438	147194388	21660	0.0753
EXINE_p_TCGA_b142_SNP_N_GenomeWideSNP_6_B12_802320	4	147200463	148713303	879	-0.384
EXINE_p_TCGA_b142_SNP_N_GenomeWideSNP_6_B12_802320	4	148714088	162477184	8588	-0.6502
EXINE_p_TCGA_b142_SNP_N_GenomeWideSNP_6_B12_802320	4	162480449	166658637	2691	-0.3632
EXINE_p_TCGA_b142_SNP_N_GenomeWideSNP_6_B12_802320	4	166659698	172284586	3442	-0.1221
EXINE_p_TCGA_b142_SNP_N_GenomeWideSNP_6_B12_802320	4	172287541	172369346	82	-0.6136
EXINE_p_TCGA_b142_SNP_N_GenomeWideSNP_6_B12_802320	4	172374884	172377724	11	1.0494
EXINE_p_TCGA_b142_SNP_N_GenomeWideSNP_6_B12_802320	4	172377776	172389097	12	-0.3424
EXINE_p_TCGA_b142_SNP_N_GenomeWideSNP_6_B12_802320	4	172389705	190551104	12269	-0.7302
EXINE_p_TCGA_b142_SNP_N_GenomeWideSNP_6_B12_802320	4	190556078	190685963	44	-0.3259
EXINE_p_TCGA_b142_SNP_N_GenomeWideSNP_6_B12_802320	4	190690945	191027923	136	-0.8249
EXINE_p_TCGA_b142_SNP_N_GenomeWideSNP_6_B12_802320	5	15532	779860	337	-0.0745
EXINE_p_TCGA_b142_SNP_N_GenomeWideSNP_6_B12_802320	5	779881	825307	26	-1.0131
EXINE_p_TCGA_b142_SNP_N_GenomeWideSNP_6_B12_802320	5	825653	40540385	27587	-0.0048
EXINE_p_TCGA_b142_SNP_N_GenomeWideSNP_6_B12_802320	5	40547819	40571026	15	-0.7183
EXINE_p_TCGA_b142_SNP_N_GenomeWideSNP_6_B12_802320	5	40573745	46246660	2773	-0.1022
EXINE_p_TCGA_b142_SNP_N_GenomeWideSNP_6_B12_802320	5	46251306	46273502	9	-1.6066
EXINE_p_TCGA_b142_SNP_N_GenomeWideSNP_6_B12_802320	5	46278212	49845806	161	-0.133
EXINE_p_TCGA_b142_SNP_N_GenomeWideSNP_6_B12_802320	5	49850450	63810722	8966	-0.7252
EXINE_p_TCGA_b142_SNP_N_GenomeWideSNP_6_B12_802320	5	63811931	63812833	3	-2.8095
EXINE_p_TCGA_b142_SNP_N_GenomeWideSNP_6_B12_802320	5	63813063	66778083	1977	-0.7373
EXINE_p_TCGA_b142_SNP_N_GenomeWideSNP_6_B12_802320	5	66780590	73855858	3449	-0.3816
EXINE_p_TCGA_b142_SNP_N_GenomeWideSNP_6_B12_802320	5	73856009	73857236	2	-2.3133
EXINE_p_TCGA_b142_SNP_N_GenomeWideSNP_6_B12_802320	5	73858546	112657404	23239	-0.4083
EXINE_p_TCGA_b142_SNP_N_GenomeWideSNP_6_B12_802320	5	112664244	119146621	4608	0.1192
EXINE_p_TCGA_b142_SNP_N_GenomeWideSNP_6_B12_802320	5	119147725	123961141	3125	-0.3769
EXINE_p_TCGA_b142_SNP_N_GenomeWideSNP_6_B12_802320	5	123961257	123963407	3	-2.0471
EXINE_p_TCGA_b142_SNP_N_GenomeWideSNP_6_B12_802320	5	123963652	126419892	1615	-0.3631
EXINE_p_TCGA_b142_SNP_N_GenomeWideSNP_6_B12_802320	5	126420708	127324308	572	-0.1033
EXINE_p_TCGA_b142_SNP_N_GenomeWideSNP_6_B12_802320	5	127325206	140217794	7333	-0.366
EXINE_p_TCGA_b142_SNP_N_GenomeWideSNP_6_B12_802320	5	140218330	140243756	14	-1.1487
EXINE_p_TCGA_b142_SNP_N_GenomeWideSNP_6_B12_802320	5	140252163	153864515	9146	-0.3712
EXINE_p_TCGA_b142_SNP_N_GenomeWideSNP_6_B12_802320	5	153864932	154724122	503	-0.0845
EXINE_p_TCGA_b142_SNP_N_GenomeWideSNP_6_B12_802320	5	154724418	155475105	549	-0.3433
EXINE_p_TCGA_b142_SNP_N_GenomeWideSNP_6_B12_802320	5	155476772	155495259	18	0.0925
EXINE_p_TCGA_b142_SNP_N_GenomeWideSNP_6_B12_802320	5	155500992	169174548	9433	-0.3856
EXINE_p_TCGA_b142_SNP_N_GenomeWideSNP_6_B12_802320	5	169177999	169178013	2	-2.8413
EXINE_p_TCGA_b142_SNP_N_GenomeWideSNP_6_B12_802320	5	169178216	178107822	5787	-0.3806
EXINE_p_TCGA_b142_SNP_N_GenomeWideSNP_6_B12_802320	5	178109975	178113163	3	-2.17
EXINE_p_TCGA_b142_SNP_N_GenomeWideSNP_6_B12_802320	5	178118855	179587454	914	-0.3781
EXINE_p_TCGA_b142_SNP_N_GenomeWideSNP_6_B12_802320	5	179602195	179604899	5	-1.4276
EXINE_p_TCGA_b142_SNP_N_GenomeWideSNP_6_B12_802320	5	179606066	180374523	442	-0.1525
EXINE_p_TCGA_b142_SNP_N_GenomeWideSNP_6_B12_802320	5	180378710	180445356	26	0.2415
EXINE_p_TCGA_b142_SNP_N_GenomeWideSNP_6_B12_802320	5	180446233	180790320	164	-0.1727
EXINE_p_TCGA_b142_SNP_N_GenomeWideSNP_6_B12_802320	6	149661	3698334	2881	0.233
EXINE_p_TCGA_b142_SNP_N_GenomeWideSNP_6_B12_802320	6	3699590	10490093	5452	-0.4953
EXINE_p_TCGA_b142_SNP_N_GenomeWideSNP_6_B12_802320	6	10493243	11588581	786	0.1619
EXINE_p_TCGA_b142_SNP_N_GenomeWideSNP_6_B12_802320	6	11588708	11589630	3	-1.031
EXINE_p_TCGA_b142_SNP_N_GenomeWideSNP_6_B12_802320	6	11590035	29837188	12589	0.1311
EXINE_p_TCGA_b142_SNP_N_GenomeWideSNP_6_B12_802320	6	29837314	29849267	14	-1.3077
EXINE_p_TCGA_b142_SNP_N_GenomeWideSNP_6_B12_802320	6	29850196	31286305	673	0.1053
EXINE_p_TCGA_b142_SNP_N_GenomeWideSNP_6_B12_802320	6	31286531	31296451	9	-1.1677
EXINE_p_TCGA_b142_SNP_N_GenomeWideSNP_6_B12_802320	6	31309924	32157364	332	0.1557
EXINE_p_TCGA_b142_SNP_N_GenomeWideSNP_6_B12_802320	6	32161324	32268488	50	0.4843
EXINE_p_TCGA_b142_SNP_N_GenomeWideSNP_6_B12_802320	6	32269848	32586908	171	0.1006
EXINE_p_TCGA_b142_SNP_N_GenomeWideSNP_6_B12_802320	6	32587457	32605576	11	-0.7973
EXINE_p_TCGA_b142_SNP_N_GenomeWideSNP_6_B12_802320	6	32605884	43094144	6728	0.2061
EXINE_p_TCGA_b142_SNP_N_GenomeWideSNP_6_B12_802320	6	43096993	46658680	2209	-0.0695
EXINE_p_TCGA_b142_SNP_N_GenomeWideSNP_6_B12_802320	6	46663194	49772985	1948	-0.4067
EXINE_p_TCGA_b142_SNP_N_GenomeWideSNP_6_B12_802320	6	49777568	49788395	8	0.002
EXINE_p_TCGA_b142_SNP_N_GenomeWideSNP_6_B12_802320	6	49792850	51878309	1338	0.4146
EXINE_p_TCGA_b142_SNP_N_GenomeWideSNP_6_B12_802320	6	51883368	74591858	12010	0.0679
EXINE_p_TCGA_b142_SNP_N_GenomeWideSNP_6_B12_802320	6	74592225	74597289	8	1.0229
EXINE_p_TCGA_b142_SNP_N_GenomeWideSNP_6_B12_802320	6	74597341	78962889	2762	0.0526
EXINE_p_TCGA_b142_SNP_N_GenomeWideSNP_6_B12_802320	6	78969065	79035185	113	-0.5106
EXINE_p_TCGA_b142_SNP_N_GenomeWideSNP_6_B12_802320	6	79039234	80305580	770	0.0573
EXINE_p_TCGA_b142_SNP_N_GenomeWideSNP_6_B12_802320	6	80305697	80307921	3	-0.8763
EXINE_p_TCGA_b142_SNP_N_GenomeWideSNP_6_B12_802320	6	80309020	112274580	20047	-0.0837
EXINE_p_TCGA_b142_SNP_N_GenomeWideSNP_6_B12_802320	6	112278081	113141367	558	0.3893
EXINE_p_TCGA_b142_SNP_N_GenomeWideSNP_6_B12_802320	6	113143519	114221955	770	0.0643
EXINE_p_TCGA_b142_SNP_N_GenomeWideSNP_6_B12_802320	6	114224841	114225016	2	-2.0751
EXINE_p_TCGA_b142_SNP_N_GenomeWideSNP_6_B12_802320	6	114225811	114226445	2	-0.1993
EXINE_p_TCGA_b142_SNP_N_GenomeWideSNP_6_B12_802320	6	114226813	114275510	38	0.0566
EXINE_p_TCGA_b142_SNP_N_GenomeWideSNP_6_B12_802320	6	114275606	114279433	3	-0.9975
EXINE_p_TCGA_b142_SNP_N_GenomeWideSNP_6_B12_802320	6	114279783	116137635	986	0.0756
EXINE_p_TCGA_b142_SNP_N_GenomeWideSNP_6_B12_802320	6	116137813	134266268	11359	0.4854
EXINE_p_TCGA_b142_SNP_N_GenomeWideSNP_6_B12_802320	6	134269071	134269632	2	-1.2075
EXINE_p_TCGA_b142_SNP_N_GenomeWideSNP_6_B12_802320	6	134272072	149989457	10250	0.465
EXINE_p_TCGA_b142_SNP_N_GenomeWideSNP_6_B12_802320	6	149996720	149996994	2	-1.1429
EXINE_p_TCGA_b142_SNP_N_GenomeWideSNP_6_B12_802320	6	149999787	170063654	14381	0.3982
EXINE_p_TCGA_b142_SNP_N_GenomeWideSNP_6_B12_802320	6	170064575	170064843	2	-1.5365
EXINE_p_TCGA_b142_SNP_N_GenomeWideSNP_6_B12_802320	6	170070723	171051005	482	0.3682
EXINE_p_TCGA_b142_SNP_N_GenomeWideSNP_6_B12_802320	7	43355	15946023	10803	-0.3382
EXINE_p_TCGA_b142_SNP_N_GenomeWideSNP_6_B12_802320	7	15946098	22053732	4912	-0.0676
EXINE_p_TCGA_b142_SNP_N_GenomeWideSNP_6_B12_802320	7	22054749	23544369	1116	0.3587
EXINE_p_TCGA_b142_SNP_N_GenomeWideSNP_6_B12_802320	7	23544496	52854141	20541	-0.1054
EXINE_p_TCGA_b142_SNP_N_GenomeWideSNP_6_B12_802320	7	52855619	54380373	1109	0.2756
EXINE_p_TCGA_b142_SNP_N_GenomeWideSNP_6_B12_802320	7	54386505	54386517	6	-1.8324
EXINE_p_TCGA_b142_SNP_N_GenomeWideSNP_6_B12_802320	7	54393488	54881064	371	0.3058
EXINE_p_TCGA_b142_SNP_N_GenomeWideSNP_6_B12_802320	7	54881341	55681298	719	0.7445
EXINE_p_TCGA_b142_SNP_N_GenomeWideSNP_6_B12_802320	7	55683972	64594341	2048	0.2444
EXINE_p_TCGA_b142_SNP_N_GenomeWideSNP_6_B12_802320	7	64594929	64595698	4	1.2751
EXINE_p_TCGA_b142_SNP_N_GenomeWideSNP_6_B12_802320	7	64637128	64942849	171	0.2749
EXINE_p_TCGA_b142_SNP_N_GenomeWideSNP_6_B12_802320	7	64947380	65060564	26	-0.1658
EXINE_p_TCGA_b142_SNP_N_GenomeWideSNP_6_B12_802320	7	65066173	66629240	548	0.2672
EXINE_p_TCGA_b142_SNP_N_GenomeWideSNP_6_B12_802320	7	66629329	66645232	8	-1.4892
EXINE_p_TCGA_b142_SNP_N_GenomeWideSNP_6_B12_802320	7	66647639	70420438	2395	0.2345
EXINE_p_TCGA_b142_SNP_N_GenomeWideSNP_6_B12_802320	7	70423250	70426141	2	-1.936
EXINE_p_TCGA_b142_SNP_N_GenomeWideSNP_6_B12_802320	7	70428243	71988331	1066	0.316
EXINE_p_TCGA_b142_SNP_N_GenomeWideSNP_6_B12_802320	7	71997205	72021471	14	0.0154
EXINE_p_TCGA_b142_SNP_N_GenomeWideSNP_6_B12_802320	7	72021783	72032062	3	-1.1774
EXINE_p_TCGA_b142_SNP_N_GenomeWideSNP_6_B12_802320	7	72035756	73457028	392	0.1301
EXINE_p_TCGA_b142_SNP_N_GenomeWideSNP_6_B12_802320	7	73462614	73582595	48	-0.3527
EXINE_p_TCGA_b142_SNP_N_GenomeWideSNP_6_B12_802320	7	73585153	73761495	70	0.1049
EXINE_p_TCGA_b142_SNP_N_GenomeWideSNP_6_B12_802320	7	73768450	76049989	577	-0.3535
EXINE_p_TCGA_b142_SNP_N_GenomeWideSNP_6_B12_802320	7	76050132	77734988	904	0.0623
EXINE_p_TCGA_b142_SNP_N_GenomeWideSNP_6_B12_802320	7	77739409	81572622	2758	-0.3819
EXINE_p_TCGA_b142_SNP_N_GenomeWideSNP_6_B12_802320	7	81581337	97395509	10000	0.1073
EXINE_p_TCGA_b142_SNP_N_GenomeWideSNP_6_B12_802320	7	97401932	97402475	8	-0.5814
EXINE_p_TCGA_b142_SNP_N_GenomeWideSNP_6_B12_802320	7	97404240	104808610	3638	0.1071
EXINE_p_TCGA_b142_SNP_N_GenomeWideSNP_6_B12_802320	7	104813500	104991395	87	0.468
EXINE_p_TCGA_b142_SNP_N_GenomeWideSNP_6_B12_802320	7	104994879	119000212	8723	0.0987
EXINE_p_TCGA_b142_SNP_N_GenomeWideSNP_6_B12_802320	7	119003685	133920443	9053	0.4608
EXINE_p_TCGA_b142_SNP_N_GenomeWideSNP_6_B12_802320	7	133921035	134469407	465	0.9917
EXINE_p_TCGA_b142_SNP_N_GenomeWideSNP_6_B12_802320	7	134471369	136211636	1165	0.4791
EXINE_p_TCGA_b142_SNP_N_GenomeWideSNP_6_B12_802320	7	136213028	136510243	160	1.0358
EXINE_p_TCGA_b142_SNP_N_GenomeWideSNP_6_B12_802320	7	136511237	138174514	1099	0.7239
EXINE_p_TCGA_b142_SNP_N_GenomeWideSNP_6_B12_802320	7	138176538	141809489	2271	0.1345
EXINE_p_TCGA_b142_SNP_N_GenomeWideSNP_6_B12_802320	7	141809717	142474939	440	-0.3383
EXINE_p_TCGA_b142_SNP_N_GenomeWideSNP_6_B12_802320	7	142476719	142486345	29	0.4326
EXINE_p_TCGA_b142_SNP_N_GenomeWideSNP_6_B12_802320	7	142486495	143873952	834	-0.3667
EXINE_p_TCGA_b142_SNP_N_GenomeWideSNP_6_B12_802320	7	143896252	144066947	44	-1.1049
EXINE_p_TCGA_b142_SNP_N_GenomeWideSNP_6_B12_802320	7	144074929	155576940	7421	-0.3974
EXINE_p_TCGA_b142_SNP_N_GenomeWideSNP_6_B12_802320	7	155577275	155586100	2	-2.3893
EXINE_p_TCGA_b142_SNP_N_GenomeWideSNP_6_B12_802320	7	155586125	159127004	2244	-0.3756
EXINE_p_TCGA_b142_SNP_N_GenomeWideSNP_6_B12_802320	8	31254	298738	135	-0.2524
EXINE_p_TCGA_b142_SNP_N_GenomeWideSNP_6_B12_802320	8	302406	939102	415	-0.7535
EXINE_p_TCGA_b142_SNP_N_GenomeWideSNP_6_B12_802320	8	939786	1148341	151	-0.2263
EXINE_p_TCGA_b142_SNP_N_GenomeWideSNP_6_B12_802320	8	1149028	2899276	1592	-0.7597
EXINE_p_TCGA_b142_SNP_N_GenomeWideSNP_6_B12_802320	8	2899298	3272853	419	-0.2281
EXINE_p_TCGA_b142_SNP_N_GenomeWideSNP_6_B12_802320	8	3275332	9857078	6882	-0.7185
EXINE_p_TCGA_b142_SNP_N_GenomeWideSNP_6_B12_802320	8	9860080	10087393	211	-0.1882
EXINE_p_TCGA_b142_SNP_N_GenomeWideSNP_6_B12_802320	8	10087931	10696515	545	-0.783
EXINE_p_TCGA_b142_SNP_N_GenomeWideSNP_6_B12_802320	8	10697857	11285609	451	-0.1867
EXINE_p_TCGA_b142_SNP_N_GenomeWideSNP_6_B12_802320	8	11287081	12001123	442	-0.7999
EXINE_p_TCGA_b142_SNP_N_GenomeWideSNP_6_B12_802320	8	12034307	12412578	98	-0.3488
EXINE_p_TCGA_b142_SNP_N_GenomeWideSNP_6_B12_802320	8	12412802	16521871	3743	-0.7214
EXINE_p_TCGA_b142_SNP_N_GenomeWideSNP_6_B12_802320	8	16522024	16523686	3	-0.2397
EXINE_p_TCGA_b142_SNP_N_GenomeWideSNP_6_B12_802320	8	16524344	16876491	303	0.1712
EXINE_p_TCGA_b142_SNP_N_GenomeWideSNP_6_B12_802320	8	16876528	17135502	163	-0.2383
EXINE_p_TCGA_b142_SNP_N_GenomeWideSNP_6_B12_802320	8	17135976	17154661	12	0.2223
EXINE_p_TCGA_b142_SNP_N_GenomeWideSNP_6_B12_802320	8	17155167	17461857	332	-0.205
EXINE_p_TCGA_b142_SNP_N_GenomeWideSNP_6_B12_802320	8	17463001	17476704	24	-0.8652
EXINE_p_TCGA_b142_SNP_N_GenomeWideSNP_6_B12_802320	8	17479011	17682999	237	-0.2349
EXINE_p_TCGA_b142_SNP_N_GenomeWideSNP_6_B12_802320	8	17687391	19594010	1712	-0.7341
EXINE_p_TCGA_b142_SNP_N_GenomeWideSNP_6_B12_802320	8	19594519	19628809	37	-0.1683
EXINE_p_TCGA_b142_SNP_N_GenomeWideSNP_6_B12_802320	8	19629768	21387210	1559	-0.7324
EXINE_p_TCGA_b142_SNP_N_GenomeWideSNP_6_B12_802320	8	21387770	21995682	338	-0.156
EXINE_p_TCGA_b142_SNP_N_GenomeWideSNP_6_B12_802320	8	22000420	27217763	3666	-0.728
EXINE_p_TCGA_b142_SNP_N_GenomeWideSNP_6_B12_802320	8	27220310	27349714	119	-0.1891
EXINE_p_TCGA_b142_SNP_N_GenomeWideSNP_6_B12_802320	8	27358505	29377245	1338	-0.7412
EXINE_p_TCGA_b142_SNP_N_GenomeWideSNP_6_B12_802320	8	29379515	30166460	524	-0.2158
EXINE_p_TCGA_b142_SNP_N_GenomeWideSNP_6_B12_802320	8	30172267	30920943	404	-0.711
EXINE_p_TCGA_b142_SNP_N_GenomeWideSNP_6_B12_802320	8	30922926	30922956	3	0.3507
EXINE_p_TCGA_b142_SNP_N_GenomeWideSNP_6_B12_802320	8	30923377	31938175	687	-0.7205
EXINE_p_TCGA_b142_SNP_N_GenomeWideSNP_6_B12_802320	8	31940627	32163234	191	-0.1759
EXINE_p_TCGA_b142_SNP_N_GenomeWideSNP_6_B12_802320	8	32165415	32174317	17	-0.8428
EXINE_p_TCGA_b142_SNP_N_GenomeWideSNP_6_B12_802320	8	32178610	39230183	4003	-0.1507
EXINE_p_TCGA_b142_SNP_N_GenomeWideSNP_6_B12_802320	8	39230325	39389124	65	-0.4688
EXINE_p_TCGA_b142_SNP_N_GenomeWideSNP_6_B12_802320	8	39395109	40184872	597	-0.1321
EXINE_p_TCGA_b142_SNP_N_GenomeWideSNP_6_B12_802320	8	40184923	40189511	21	-0.8025
EXINE_p_TCGA_b142_SNP_N_GenomeWideSNP_6_B12_802320	8	40192910	40766191	447	-0.0952
EXINE_p_TCGA_b142_SNP_N_GenomeWideSNP_6_B12_802320	8	40767175	40786112	10	-0.7087
EXINE_p_TCGA_b142_SNP_N_GenomeWideSNP_6_B12_802320	8	40786645	83271376	23615	0.068
EXINE_p_TCGA_b142_SNP_N_GenomeWideSNP_6_B12_802320	8	83271395	83295018	11	-0.6338
EXINE_p_TCGA_b142_SNP_N_GenomeWideSNP_6_B12_802320	8	83297580	85257971	1149	0.0512
EXINE_p_TCGA_b142_SNP_N_GenomeWideSNP_6_B12_802320	8	85257989	85268666	20	-0.805
EXINE_p_TCGA_b142_SNP_N_GenomeWideSNP_6_B12_802320	8	85270682	98811134	8052	0.0787
EXINE_p_TCGA_b142_SNP_N_GenomeWideSNP_6_B12_802320	8	98812189	112291494	8058	0.4087
EXINE_p_TCGA_b142_SNP_N_GenomeWideSNP_6_B12_802320	8	112294279	112295260	10	-1.0811
EXINE_p_TCGA_b142_SNP_N_GenomeWideSNP_6_B12_802320	8	112300281	120124254	4941	0.4775
EXINE_p_TCGA_b142_SNP_N_GenomeWideSNP_6_B12_802320	8	120128791	120152010	16	1.0009
EXINE_p_TCGA_b142_SNP_N_GenomeWideSNP_6_B12_802320	8	120154784	120159446	4	-0.2041
EXINE_p_TCGA_b142_SNP_N_GenomeWideSNP_6_B12_802320	8	120162854	120476273	211	0.9079
EXINE_p_TCGA_b142_SNP_N_GenomeWideSNP_6_B12_802320	8	120481617	129752174	6473	0.5836
EXINE_p_TCGA_b142_SNP_N_GenomeWideSNP_6_B12_802320	8	129755240	129777454	6	-0.2239
EXINE_p_TCGA_b142_SNP_N_GenomeWideSNP_6_B12_802320	8	129778606	146298155	11249	0.4187
EXINE_p_TCGA_b142_SNP_N_GenomeWideSNP_6_B12_802320	9	46587	197543	24	0.2673
EXINE_p_TCGA_b142_SNP_N_GenomeWideSNP_6_B12_802320	9	203310	673512	638	0.7217
EXINE_p_TCGA_b142_SNP_N_GenomeWideSNP_6_B12_802320	9	676055	676175	3	-0.4096
EXINE_p_TCGA_b142_SNP_N_GenomeWideSNP_6_B12_802320	9	676278	2152141	1665	0.728
EXINE_p_TCGA_b142_SNP_N_GenomeWideSNP_6_B12_802320	9	2155085	4107137	1894	1.1145
EXINE_p_TCGA_b142_SNP_N_GenomeWideSNP_6_B12_802320	9	4107778	13518433	8157	0.7137
EXINE_p_TCGA_b142_SNP_N_GenomeWideSNP_6_B12_802320	9	13530105	13618021	82	0.9831
EXINE_p_TCGA_b142_SNP_N_GenomeWideSNP_6_B12_802320	9	13618117	19248356	4954	0.7168
EXINE_p_TCGA_b142_SNP_N_GenomeWideSNP_6_B12_802320	9	19261721	44251228	13984	0.3002
EXINE_p_TCGA_b142_SNP_N_GenomeWideSNP_6_B12_802320	9	44255487	44272951	8	-0.772
EXINE_p_TCGA_b142_SNP_N_GenomeWideSNP_6_B12_802320	9	44273241	90514115	14646	0.0785
EXINE_p_TCGA_b142_SNP_N_GenomeWideSNP_6_B12_802320	9	90522594	90557957	4	-1.17
EXINE_p_TCGA_b142_SNP_N_GenomeWideSNP_6_B12_802320	9	90558178	93609577	2029	0.2289
EXINE_p_TCGA_b142_SNP_N_GenomeWideSNP_6_B12_802320	9	93609668	93610132	3	1.1729
EXINE_p_TCGA_b142_SNP_N_GenomeWideSNP_6_B12_802320	9	93612959	94154889	453	0.306
EXINE_p_TCGA_b142_SNP_N_GenomeWideSNP_6_B12_802320	9	94159599	120813098	19221	-0.3657
EXINE_p_TCGA_b142_SNP_N_GenomeWideSNP_6_B12_802320	9	120813541	120813676	3	-1.7923
EXINE_p_TCGA_b142_SNP_N_GenomeWideSNP_6_B12_802320	9	120814952	141091394	12010	-0.3569
EXINE_p_TCGA_b142_SNP_N_GenomeWideSNP_6_B12_802320	10	72759	1350310	749	0.8781
EXINE_p_TCGA_b142_SNP_N_GenomeWideSNP_6_B12_802320	10	1351764	17894976	14102	0.5784
EXINE_p_TCGA_b142_SNP_N_GenomeWideSNP_6_B12_802320	10	17927554	17949857	3	-1.2661
EXINE_p_TCGA_b142_SNP_N_GenomeWideSNP_6_B12_802320	10	17971816	20020026	1469	0.5453
EXINE_p_TCGA_b142_SNP_N_GenomeWideSNP_6_B12_802320	10	20025611	20027608	2	-0.7799
EXINE_p_TCGA_b142_SNP_N_GenomeWideSNP_6_B12_802320	10	20027867	22234593	1537	0.5839
EXINE_p_TCGA_b142_SNP_N_GenomeWideSNP_6_B12_802320	10	22239452	24375263	1344	0.2453
EXINE_p_TCGA_b142_SNP_N_GenomeWideSNP_6_B12_802320	10	24377674	24378908	12	-1.8855
EXINE_p_TCGA_b142_SNP_N_GenomeWideSNP_6_B12_802320	10	24378951	47069619	12418	0.2695
EXINE_p_TCGA_b142_SNP_N_GenomeWideSNP_6_B12_802320	10	47069690	47703613	247	0.8042
EXINE_p_TCGA_b142_SNP_N_GenomeWideSNP_6_B12_802320	10	47704605	48958519	312	0.3205
EXINE_p_TCGA_b142_SNP_N_GenomeWideSNP_6_B12_802320	10	49031175	49045895	4	-1.3072
EXINE_p_TCGA_b142_SNP_N_GenomeWideSNP_6_B12_802320	10	49082219	51593709	1419	0.3087
EXINE_p_TCGA_b142_SNP_N_GenomeWideSNP_6_B12_802320	10	51595847	51735651	6	-0.4965
EXINE_p_TCGA_b142_SNP_N_GenomeWideSNP_6_B12_802320	10	51737455	56930779	3818	0.2465
EXINE_p_TCGA_b142_SNP_N_GenomeWideSNP_6_B12_802320	10	56934451	60084207	2291	-0.1066
EXINE_p_TCGA_b142_SNP_N_GenomeWideSNP_6_B12_802320	10	60087809	61358267	891	0.2782
EXINE_p_TCGA_b142_SNP_N_GenomeWideSNP_6_B12_802320	10	61364115	61365074	6	-0.54
EXINE_p_TCGA_b142_SNP_N_GenomeWideSNP_6_B12_802320	10	61365182	68744361	5152	0.2724
EXINE_p_TCGA_b142_SNP_N_GenomeWideSNP_6_B12_802320	10	68746285	70562243	974	-0.066
EXINE_p_TCGA_b142_SNP_N_GenomeWideSNP_6_B12_802320	10	70564120	70796858	144	0.2292
EXINE_p_TCGA_b142_SNP_N_GenomeWideSNP_6_B12_802320	10	70801833	71325236	365	-0.1031
EXINE_p_TCGA_b142_SNP_N_GenomeWideSNP_6_B12_802320	10	71327589	71378272	37	0.2467
EXINE_p_TCGA_b142_SNP_N_GenomeWideSNP_6_B12_802320	10	71379971	71698223	341	-0.0546
EXINE_p_TCGA_b142_SNP_N_GenomeWideSNP_6_B12_802320	10	71698392	76903641	2918	0.2791
EXINE_p_TCGA_b142_SNP_N_GenomeWideSNP_6_B12_802320	10	76905698	77348685	230	-0.0688
EXINE_p_TCGA_b142_SNP_N_GenomeWideSNP_6_B12_802320	10	77349048	81385449	3125	0.3361
EXINE_p_TCGA_b142_SNP_N_GenomeWideSNP_6_B12_802320	10	81409226	81514190	12	-0.3796
EXINE_p_TCGA_b142_SNP_N_GenomeWideSNP_6_B12_802320	10	81523306	85532516	2908	0.2528
EXINE_p_TCGA_b142_SNP_N_GenomeWideSNP_6_B12_802320	10	85532975	85709761	134	0.4826
EXINE_p_TCGA_b142_SNP_N_GenomeWideSNP_6_B12_802320	10	85711308	85897869	150	0.1262
EXINE_p_TCGA_b142_SNP_N_GenomeWideSNP_6_B12_802320	10	85904650	86017365	101	0.4892
EXINE_p_TCGA_b142_SNP_N_GenomeWideSNP_6_B12_802320	10	86020263	135506704	33701	-0.0765
EXINE_p_TCGA_b142_SNP_N_GenomeWideSNP_6_B12_802320	11	198510	5777096	3283	-0.1095
EXINE_p_TCGA_b142_SNP_N_GenomeWideSNP_6_B12_802320	11	5778010	5809139	44	0.2237
EXINE_p_TCGA_b142_SNP_N_GenomeWideSNP_6_B12_802320	11	5809338	18940870	9412	-0.1021
EXINE_p_TCGA_b142_SNP_N_GenomeWideSNP_6_B12_802320	11	18949072	18961178	40	-0.5278
EXINE_p_TCGA_b142_SNP_N_GenomeWideSNP_6_B12_802320	11	18961281	27900681	6978	-0.1154
EXINE_p_TCGA_b142_SNP_N_GenomeWideSNP_6_B12_802320	11	27901134	27902313	2	-1.5307
EXINE_p_TCGA_b142_SNP_N_GenomeWideSNP_6_B12_802320	11	27903131	49758856	14076	-0.1035
EXINE_p_TCGA_b142_SNP_N_GenomeWideSNP_6_B12_802320	11	49759555	49760688	6	-1.234
EXINE_p_TCGA_b142_SNP_N_GenomeWideSNP_6_B12_802320	11	49766161	50682379	355	-0.1442
EXINE_p_TCGA_b142_SNP_N_GenomeWideSNP_6_B12_802320	11	50685130	51228088	33	-0.4872
EXINE_p_TCGA_b142_SNP_N_GenomeWideSNP_6_B12_802320	11	51228126	54935254	151	-0.1233
EXINE_p_TCGA_b142_SNP_N_GenomeWideSNP_6_B12_802320	11	54935589	54982211	9	-1.0908
EXINE_p_TCGA_b142_SNP_N_GenomeWideSNP_6_B12_802320	11	55009475	55376498	211	-0.1272
EXINE_p_TCGA_b142_SNP_N_GenomeWideSNP_6_B12_802320	11	55376511	55442318	39	0.5831
EXINE_p_TCGA_b142_SNP_N_GenomeWideSNP_6_B12_802320	11	55444211	55453009	11	0.2341
EXINE_p_TCGA_b142_SNP_N_GenomeWideSNP_6_B12_802320	11	55453576	65291104	5374	0.0463
EXINE_p_TCGA_b142_SNP_N_GenomeWideSNP_6_B12_802320	11	65294105	95590092	18710	0.3296
EXINE_p_TCGA_b142_SNP_N_GenomeWideSNP_6_B12_802320	11	95593364	95806007	168	0.5992
EXINE_p_TCGA_b142_SNP_N_GenomeWideSNP_6_B12_802320	11	95817199	102955091	5233	0.3318
EXINE_p_TCGA_b142_SNP_N_GenomeWideSNP_6_B12_802320	11	102964139	103313668	218	-0.4027
EXINE_p_TCGA_b142_SNP_N_GenomeWideSNP_6_B12_802320	11	103317749	107781379	3079	0.3154
EXINE_p_TCGA_b142_SNP_N_GenomeWideSNP_6_B12_802320	11	107784507	107787713	3	-2.9687
EXINE_p_TCGA_b142_SNP_N_GenomeWideSNP_6_B12_802320	11	107789770	112539796	2955	0.417
EXINE_p_TCGA_b142_SNP_N_GenomeWideSNP_6_B12_802320	11	112540241	112633852	81	0.6576
EXINE_p_TCGA_b142_SNP_N_GenomeWideSNP_6_B12_802320	11	112637524	123696261	7923	0.0679
EXINE_p_TCGA_b142_SNP_N_GenomeWideSNP_6_B12_802320	11	123699251	134871591	8517	0.3567
EXINE_p_TCGA_b142_SNP_N_GenomeWideSNP_6_B12_802320	11	134872304	134944770	50	0.0404
EXINE_p_TCGA_b142_SNP_N_GenomeWideSNP_6_B12_802320	12	150442	8004425	5371	0.3573
EXINE_p_TCGA_b142_SNP_N_GenomeWideSNP_6_B12_802320	12	8006506	8123900	59	0.8464
EXINE_p_TCGA_b142_SNP_N_GenomeWideSNP_6_B12_802320	12	8130958	8419654	139	0.3419
EXINE_p_TCGA_b142_SNP_N_GenomeWideSNP_6_B12_802320	12	8420824	8436238	4	-0.656
EXINE_p_TCGA_b142_SNP_N_GenomeWideSNP_6_B12_802320	12	8436328	8556693	42	0.1971
EXINE_p_TCGA_b142_SNP_N_GenomeWideSNP_6_B12_802320	12	8558488	8584672	22	-0.3294
EXINE_p_TCGA_b142_SNP_N_GenomeWideSNP_6_B12_802320	12	8594894	11220827	1628	0.313
EXINE_p_TCGA_b142_SNP_N_GenomeWideSNP_6_B12_802320	12	11222368	11241532	10	-1.1757
EXINE_p_TCGA_b142_SNP_N_GenomeWideSNP_6_B12_802320	12	11251874	15252140	2984	0.2217
EXINE_p_TCGA_b142_SNP_N_GenomeWideSNP_6_B12_802320	12	15262077	20381216	3231	0.5123
EXINE_p_TCGA_b142_SNP_N_GenomeWideSNP_6_B12_802320	12	20385637	21383569	633	0.0239
EXINE_p_TCGA_b142_SNP_N_GenomeWideSNP_6_B12_802320	12	21384409	22735426	905	0.3567
EXINE_p_TCGA_b142_SNP_N_GenomeWideSNP_6_B12_802320	12	22735459	31999575	6846	0.084
EXINE_p_TCGA_b142_SNP_N_GenomeWideSNP_6_B12_802320	12	31999647	32067902	63	0.5909
EXINE_p_TCGA_b142_SNP_N_GenomeWideSNP_6_B12_802320	12	32068015	44453890	5690	0.1482
EXINE_p_TCGA_b142_SNP_N_GenomeWideSNP_6_B12_802320	12	44457572	52864598	4740	-0.3768
EXINE_p_TCGA_b142_SNP_N_GenomeWideSNP_6_B12_802320	12	52867714	52887622	19	0.1395
EXINE_p_TCGA_b142_SNP_N_GenomeWideSNP_6_B12_802320	12	52889479	64370348	6902	-0.2496
EXINE_p_TCGA_b142_SNP_N_GenomeWideSNP_6_B12_802320	12	64374139	64805030	252	0.2262
EXINE_p_TCGA_b142_SNP_N_GenomeWideSNP_6_B12_802320	12	64813534	65339338	307	0.5122
EXINE_p_TCGA_b142_SNP_N_GenomeWideSNP_6_B12_802320	12	65339354	70871858	3792	0.2495
EXINE_p_TCGA_b142_SNP_N_GenomeWideSNP_6_B12_802320	12	70872675	70879385	10	-0.3498
EXINE_p_TCGA_b142_SNP_N_GenomeWideSNP_6_B12_802320	12	70879433	76634374	3598	0.2435
EXINE_p_TCGA_b142_SNP_N_GenomeWideSNP_6_B12_802320	12	76634974	76635129	2	-2.0065
EXINE_p_TCGA_b142_SNP_N_GenomeWideSNP_6_B12_802320	12	76640823	88034485	7040	0.2376
EXINE_p_TCGA_b142_SNP_N_GenomeWideSNP_6_B12_802320	12	88037102	90022376	1145	0.6576
EXINE_p_TCGA_b142_SNP_N_GenomeWideSNP_6_B12_802320	12	90023225	99791792	6717	0.2714
EXINE_p_TCGA_b142_SNP_N_GenomeWideSNP_6_B12_802320	12	99791814	99803093	33	-0.4972
EXINE_p_TCGA_b142_SNP_N_GenomeWideSNP_6_B12_802320	12	99803118	103695055	2371	0.2845
EXINE_p_TCGA_b142_SNP_N_GenomeWideSNP_6_B12_802320	12	103701041	132132668	19758	-0.3388
EXINE_p_TCGA_b142_SNP_N_GenomeWideSNP_6_B12_802320	12	132132683	132133335	10	0.5144
EXINE_p_TCGA_b142_SNP_N_GenomeWideSNP_6_B12_802320	12	132142331	133778189	571	-0.3036
EXINE_p_TCGA_b142_SNP_N_GenomeWideSNP_6_B12_802320	13	19026949	19468896	136	0.2928
EXINE_p_TCGA_b142_SNP_N_GenomeWideSNP_6_B12_802320	13	19469588	19776854	218	0.603
EXINE_p_TCGA_b142_SNP_N_GenomeWideSNP_6_B12_802320	13	19777093	20820781	551	0.2813
EXINE_p_TCGA_b142_SNP_N_GenomeWideSNP_6_B12_802320	13	20827251	20827940	2	-3.05
EXINE_p_TCGA_b142_SNP_N_GenomeWideSNP_6_B12_802320	13	20832547	21810607	631	0.1901
EXINE_p_TCGA_b142_SNP_N_GenomeWideSNP_6_B12_802320	13	21813927	37978213	11889	-0.3255
EXINE_p_TCGA_b142_SNP_N_GenomeWideSNP_6_B12_802320	13	37978338	38072224	103	-0.0561
EXINE_p_TCGA_b142_SNP_N_GenomeWideSNP_6_B12_802320	13	38075904	38090840	21	0.282
EXINE_p_TCGA_b142_SNP_N_GenomeWideSNP_6_B12_802320	13	38090858	41019165	2226	-0.0652
EXINE_p_TCGA_b142_SNP_N_GenomeWideSNP_6_B12_802320	13	41019670	41409515	217	0.2655
EXINE_p_TCGA_b142_SNP_N_GenomeWideSNP_6_B12_802320	13	41421632	115108397	48149	0.0238
EXINE_p_TCGA_b142_SNP_N_GenomeWideSNP_6_B12_802320	14	19002124	20200183	82	0.0649
EXINE_p_TCGA_b142_SNP_N_GenomeWideSNP_6_B12_802320	14	20200381	20423372	108	0.8634
EXINE_p_TCGA_b142_SNP_N_GenomeWideSNP_6_B12_802320	14	20424926	22393148	1355	0.2915
EXINE_p_TCGA_b142_SNP_N_GenomeWideSNP_6_B12_802320	14	22393359	22393545	3	-1.3419
EXINE_p_TCGA_b142_SNP_N_GenomeWideSNP_6_B12_802320	14	22393599	24671969	1494	0.37
EXINE_p_TCGA_b142_SNP_N_GenomeWideSNP_6_B12_802320	14	24672267	24869834	113	0.7284
EXINE_p_TCGA_b142_SNP_N_GenomeWideSNP_6_B12_802320	14	24872917	26783915	1404	0.2892
EXINE_p_TCGA_b142_SNP_N_GenomeWideSNP_6_B12_802320	14	26783916	26783917	2	-1.574
EXINE_p_TCGA_b142_SNP_N_GenomeWideSNP_6_B12_802320	14	26783918	38174372	7119	0.2785
EXINE_p_TCGA_b142_SNP_N_GenomeWideSNP_6_B12_802320	14	38174458	40451259	1314	-0.1101
EXINE_p_TCGA_b142_SNP_N_GenomeWideSNP_6_B12_802320	14	40453714	40458640	2	-1.5564
EXINE_p_TCGA_b142_SNP_N_GenomeWideSNP_6_B12_802320	14	40461064	41629240	811	-0.1345
EXINE_p_TCGA_b142_SNP_N_GenomeWideSNP_6_B12_802320	14	41629242	41657249	8	-0.8481
EXINE_p_TCGA_b142_SNP_N_GenomeWideSNP_6_B12_802320	14	41657349	90509564	31345	-0.1808
EXINE_p_TCGA_b142_SNP_N_GenomeWideSNP_6_B12_802320	14	90514477	99112685	6149	-0.6269
EXINE_p_TCGA_b142_SNP_N_GenomeWideSNP_6_B12_802320	14	99117486	106460902	3702	0.2817
EXINE_p_TCGA_b142_SNP_N_GenomeWideSNP_6_B12_802320	14	106479675	106479941	2	-1.5587
EXINE_p_TCGA_b142_SNP_N_GenomeWideSNP_6_B12_802320	14	106482128	106535295	24	0.0631
EXINE_p_TCGA_b142_SNP_N_GenomeWideSNP_6_B12_802320	14	106538062	106561441	13	-1.8474
EXINE_p_TCGA_b142_SNP_N_GenomeWideSNP_6_B12_802320	14	106567100	106872062	142	0.0723
EXINE_p_TCGA_b142_SNP_N_GenomeWideSNP_6_B12_802320	14	106874361	106918108	52	-1.7706
EXINE_p_TCGA_b142_SNP_N_GenomeWideSNP_6_B12_802320	14	106918649	107285437	224	0.2092
EXINE_p_TCGA_b142_SNP_N_GenomeWideSNP_6_B12_802320	15	20016328	20412026	64	-0.2421
EXINE_p_TCGA_b142_SNP_N_GenomeWideSNP_6_B12_802320	15	20412478	22673399	356	-0.5633
EXINE_p_TCGA_b142_SNP_N_GenomeWideSNP_6_B12_802320	15	22681076	38510456	10006	-0.1242
EXINE_p_TCGA_b142_SNP_N_GenomeWideSNP_6_B12_802320	15	38512492	38643973	78	-0.6159
EXINE_p_TCGA_b142_SNP_N_GenomeWideSNP_6_B12_802320	15	38655573	39695057	880	-0.0325
EXINE_p_TCGA_b142_SNP_N_GenomeWideSNP_6_B12_802320	15	39696151	39705407	6	-0.6401
EXINE_p_TCGA_b142_SNP_N_GenomeWideSNP_6_B12_802320	15	39706697	57182148	10339	-0.0082
EXINE_p_TCGA_b142_SNP_N_GenomeWideSNP_6_B12_802320	15	57185009	69956320	8705	-0.3625
EXINE_p_TCGA_b142_SNP_N_GenomeWideSNP_6_B12_802320	15	69956713	71543204	1031	-0.0838
EXINE_p_TCGA_b142_SNP_N_GenomeWideSNP_6_B12_802320	15	71545545	73837668	1311	-0.3766
EXINE_p_TCGA_b142_SNP_N_GenomeWideSNP_6_B12_802320	15	73838106	76891241	1504	0.079
EXINE_p_TCGA_b142_SNP_N_GenomeWideSNP_6_B12_802320	15	76891511	76895775	21	-1.5375
EXINE_p_TCGA_b142_SNP_N_GenomeWideSNP_6_B12_802320	15	76902179	97794321	14216	0.0662
EXINE_p_TCGA_b142_SNP_N_GenomeWideSNP_6_B12_802320	15	97798401	97798512	2	-1.6494
EXINE_p_TCGA_b142_SNP_N_GenomeWideSNP_6_B12_802320	15	97798642	102469040	3448	0.0648
EXINE_p_TCGA_b142_SNP_N_GenomeWideSNP_6_B12_802320	16	60777	4953324	2077	0.0268
EXINE_p_TCGA_b142_SNP_N_GenomeWideSNP_6_B12_802320	16	4955287	4957381	2	-1.4086
EXINE_p_TCGA_b142_SNP_N_GenomeWideSNP_6_B12_802320	16	4960939	14897816	9028	0.0266
EXINE_p_TCGA_b142_SNP_N_GenomeWideSNP_6_B12_802320	16	14906858	15094442	69	-0.2418
EXINE_p_TCGA_b142_SNP_N_GenomeWideSNP_6_B12_802320	16	15094586	48156871	10365	2e-04
EXINE_p_TCGA_b142_SNP_N_GenomeWideSNP_6_B12_802320	16	48160142	48160410	2	-2.1045
EXINE_p_TCGA_b142_SNP_N_GenomeWideSNP_6_B12_802320	16	48161908	55795214	5754	-0.1608
EXINE_p_TCGA_b142_SNP_N_GenomeWideSNP_6_B12_802320	16	55796389	55822397	21	-0.9752
EXINE_p_TCGA_b142_SNP_N_GenomeWideSNP_6_B12_802320	16	55822444	55842382	5	-0.2745
EXINE_p_TCGA_b142_SNP_N_GenomeWideSNP_6_B12_802320	16	55842456	55858793	12	0.3757
EXINE_p_TCGA_b142_SNP_N_GenomeWideSNP_6_B12_802320	16	55868439	64085567	5225	-0.1336
EXINE_p_TCGA_b142_SNP_N_GenomeWideSNP_6_B12_802320	16	64088266	64088650	2	-1.4889
EXINE_p_TCGA_b142_SNP_N_GenomeWideSNP_6_B12_802320	16	64090619	70842097	3792	0.0344
EXINE_p_TCGA_b142_SNP_N_GenomeWideSNP_6_B12_802320	16	70854381	71201073	139	0.5278
EXINE_p_TCGA_b142_SNP_N_GenomeWideSNP_6_B12_802320	16	71202489	73077574	1036	-0.0302
EXINE_p_TCGA_b142_SNP_N_GenomeWideSNP_6_B12_802320	16	73077615	73079212	2	-1.8289
EXINE_p_TCGA_b142_SNP_N_GenomeWideSNP_6_B12_802320	16	73079298	78371608	4187	-0.0957
EXINE_p_TCGA_b142_SNP_N_GenomeWideSNP_6_B12_802320	16	78372440	78383140	15	-2.1117
EXINE_p_TCGA_b142_SNP_N_GenomeWideSNP_6_B12_802320	16	78384738	90287535	10616	-0.1322
EXINE_p_TCGA_b142_SNP_N_GenomeWideSNP_6_B12_802320	17	526	5303987	2777	0.4475
EXINE_p_TCGA_b142_SNP_N_GenomeWideSNP_6_B12_802320	17	5307478	5964858	487	0.1164
EXINE_p_TCGA_b142_SNP_N_GenomeWideSNP_6_B12_802320	17	5969258	6100784	105	-0.1135
EXINE_p_TCGA_b142_SNP_N_GenomeWideSNP_6_B12_802320	17	6100796	6100811	2	-1.6075
EXINE_p_TCGA_b142_SNP_N_GenomeWideSNP_6_B12_802320	17	6101043	25341542	9660	-0.115
EXINE_p_TCGA_b142_SNP_N_GenomeWideSNP_6_B12_802320	17	25342513	27731217	1172	0.1908
EXINE_p_TCGA_b142_SNP_N_GenomeWideSNP_6_B12_802320	17	27735717	34436708	4160	-0.1113
EXINE_p_TCGA_b142_SNP_N_GenomeWideSNP_6_B12_802320	17	34437128	34535651	39	0.6074
EXINE_p_TCGA_b142_SNP_N_GenomeWideSNP_6_B12_802320	17	34543343	34836212	25	-0.0445
EXINE_p_TCGA_b142_SNP_N_GenomeWideSNP_6_B12_802320	17	34836996	34837011	2	-2.4007
EXINE_p_TCGA_b142_SNP_N_GenomeWideSNP_6_B12_802320	17	34837642	35695120	615	-0.102
EXINE_p_TCGA_b142_SNP_N_GenomeWideSNP_6_B12_802320	17	35696108	35699921	2	1.2148
EXINE_p_TCGA_b142_SNP_N_GenomeWideSNP_6_B12_802320	17	35700366	39423103	1900	-0.0981
EXINE_p_TCGA_b142_SNP_N_GenomeWideSNP_6_B12_802320	17	39423153	39430531	18	-0.6482
EXINE_p_TCGA_b142_SNP_N_GenomeWideSNP_6_B12_802320	17	39432724	44364170	2634	-0.0905
EXINE_p_TCGA_b142_SNP_N_GenomeWideSNP_6_B12_802320	17	44394412	44791287	58	0.318
EXINE_p_TCGA_b142_SNP_N_GenomeWideSNP_6_B12_802320	17	44794584	47035884	1149	-0.1104
EXINE_p_TCGA_b142_SNP_N_GenomeWideSNP_6_B12_802320	17	47038391	66075887	11403	0.3383
EXINE_p_TCGA_b142_SNP_N_GenomeWideSNP_6_B12_802320	17	66078404	66099493	3	-0.7097
EXINE_p_TCGA_b142_SNP_N_GenomeWideSNP_6_B12_802320	17	66104739	81049726	9039	0.1898
EXINE_p_TCGA_b142_SNP_N_GenomeWideSNP_6_B12_802320	18	11543	14185310	10068	0.4415
EXINE_p_TCGA_b142_SNP_N_GenomeWideSNP_6_B12_802320	18	14191101	14304901	27	0.0995
EXINE_p_TCGA_b142_SNP_N_GenomeWideSNP_6_B12_802320	18	14318059	15081797	269	0.3795
EXINE_p_TCGA_b142_SNP_N_GenomeWideSNP_6_B12_802320	18	15082667	21698210	1722	0.1408
EXINE_p_TCGA_b142_SNP_N_GenomeWideSNP_6_B12_802320	18	21698464	21702089	2	-0.867
EXINE_p_TCGA_b142_SNP_N_GenomeWideSNP_6_B12_802320	18	21702814	24365863	1799	0.3129
EXINE_p_TCGA_b142_SNP_N_GenomeWideSNP_6_B12_802320	18	24365915	24366145	3	-1.1628
EXINE_p_TCGA_b142_SNP_N_GenomeWideSNP_6_B12_802320	18	24366379	33423634	5686	0.1921
EXINE_p_TCGA_b142_SNP_N_GenomeWideSNP_6_B12_802320	18	33427434	38258082	3207	-0.1147
EXINE_p_TCGA_b142_SNP_N_GenomeWideSNP_6_B12_802320	18	38258096	38270072	36	0.1664
EXINE_p_TCGA_b142_SNP_N_GenomeWideSNP_6_B12_802320	18	38270198	59906993	14781	-0.1358
EXINE_p_TCGA_b142_SNP_N_GenomeWideSNP_6_B12_802320	18	59911765	63727545	2690	0.263
EXINE_p_TCGA_b142_SNP_N_GenomeWideSNP_6_B12_802320	18	63727599	63728340	10	-1.0171
EXINE_p_TCGA_b142_SNP_N_GenomeWideSNP_6_B12_802320	18	63732738	63762300	46	0.2171
EXINE_p_TCGA_b142_SNP_N_GenomeWideSNP_6_B12_802320	18	63767140	63767922	3	1.0858
EXINE_p_TCGA_b142_SNP_N_GenomeWideSNP_6_B12_802320	18	63775595	63906866	97	0.1831
EXINE_p_TCGA_b142_SNP_N_GenomeWideSNP_6_B12_802320	18	63907434	63911589	10	-1.2482
EXINE_p_TCGA_b142_SNP_N_GenomeWideSNP_6_B12_802320	18	63911876	78015057	10260	0.4046
EXINE_p_TCGA_b142_SNP_N_GenomeWideSNP_6_B12_802320	19	90910	114299	3	0.4808
EXINE_p_TCGA_b142_SNP_N_GenomeWideSNP_6_B12_802320	19	232496	3599134	971	-0.355
EXINE_p_TCGA_b142_SNP_N_GenomeWideSNP_6_B12_802320	19	3605539	20594676	8000	0.0967
EXINE_p_TCGA_b142_SNP_N_GenomeWideSNP_6_B12_802320	19	20596206	20723899	75	-0.6319
EXINE_p_TCGA_b142_SNP_N_GenomeWideSNP_6_B12_802320	19	20724979	41617893	10756	0.0227
EXINE_p_TCGA_b142_SNP_N_GenomeWideSNP_6_B12_802320	19	41627180	41633642	3	-1.3117
EXINE_p_TCGA_b142_SNP_N_GenomeWideSNP_6_B12_802320	19	41634974	47384191	2818	-0.0837
EXINE_p_TCGA_b142_SNP_N_GenomeWideSNP_6_B12_802320	19	47386130	47412671	15	-0.8449
EXINE_p_TCGA_b142_SNP_N_GenomeWideSNP_6_B12_802320	19	47414264	55283928	4353	-0.144
EXINE_p_TCGA_b142_SNP_N_GenomeWideSNP_6_B12_802320	19	55297883	55326613	17	0.5321
EXINE_p_TCGA_b142_SNP_N_GenomeWideSNP_6_B12_802320	19	55330654	58308641	1878	-0.1353
EXINE_p_TCGA_b142_SNP_N_GenomeWideSNP_6_B12_802320	19	58308831	59097854	431	-0.3943
EXINE_p_TCGA_b142_SNP_N_GenomeWideSNP_6_B12_802320	20	61305	1552503	1181	-0.372
EXINE_p_TCGA_b142_SNP_N_GenomeWideSNP_6_B12_802320	20	1557190	1582207	57	-1.1613
EXINE_p_TCGA_b142_SNP_N_GenomeWideSNP_6_B12_802320	20	1590257	18577195	13261	-0.3709
EXINE_p_TCGA_b142_SNP_N_GenomeWideSNP_6_B12_802320	20	18578998	32304302	6831	0.1132
EXINE_p_TCGA_b142_SNP_N_GenomeWideSNP_6_B12_802320	20	32306375	32328733	8	-0.4621
EXINE_p_TCGA_b142_SNP_N_GenomeWideSNP_6_B12_802320	20	32331517	56397795	16711	0.0824
EXINE_p_TCGA_b142_SNP_N_GenomeWideSNP_6_B12_802320	20	56400121	59576902	2594	0.4357
EXINE_p_TCGA_b142_SNP_N_GenomeWideSNP_6_B12_802320	20	59577332	59577347	2	-0.7402
EXINE_p_TCGA_b142_SNP_N_GenomeWideSNP_6_B12_802320	20	59577451	60123500	511	0.4458
EXINE_p_TCGA_b142_SNP_N_GenomeWideSNP_6_B12_802320	20	60126027	62816511	1187	0.1117
EXINE_p_TCGA_b142_SNP_N_GenomeWideSNP_6_B12_802320	20	62817662	62956153	81	0.4501
EXINE_p_TCGA_b142_SNP_N_GenomeWideSNP_6_B12_802320	21	10736871	10865941	5	0.0423
EXINE_p_TCGA_b142_SNP_N_GenomeWideSNP_6_B12_802320	21	10868754	11108148	94	-0.3613
EXINE_p_TCGA_b142_SNP_N_GenomeWideSNP_6_B12_802320	21	11123440	44968053	22487	0.1643
EXINE_p_TCGA_b142_SNP_N_GenomeWideSNP_6_B12_802320	21	44970873	44972812	2	-2.0345
EXINE_p_TCGA_b142_SNP_N_GenomeWideSNP_6_B12_802320	21	44973667	48096957	1762	0.3249
EXINE_p_TCGA_b142_SNP_N_GenomeWideSNP_6_B12_802320	22	16052528	18655860	1213	0.1188
EXINE_p_TCGA_b142_SNP_N_GenomeWideSNP_6_B12_802320	22	18672885	18876713	14	-0.4944
EXINE_p_TCGA_b142_SNP_N_GenomeWideSNP_6_B12_802320	22	18877461	23262981	2690	0.1254
EXINE_p_TCGA_b142_SNP_N_GenomeWideSNP_6_B12_802320	22	23263242	23263257	2	-2.2506
EXINE_p_TCGA_b142_SNP_N_GenomeWideSNP_6_B12_802320	22	23263274	24285809	672	0.1108
EXINE_p_TCGA_b142_SNP_N_GenomeWideSNP_6_B12_802320	22	24288367	24288434	2	-1.5064
EXINE_p_TCGA_b142_SNP_N_GenomeWideSNP_6_B12_802320	22	24288457	34172588	7315	0.1291
EXINE_p_TCGA_b142_SNP_N_GenomeWideSNP_6_B12_802320	22	34172801	34182633	11	-0.442
EXINE_p_TCGA_b142_SNP_N_GenomeWideSNP_6_B12_802320	22	34183199	37781874	2805	0.1667
EXINE_p_TCGA_b142_SNP_N_GenomeWideSNP_6_B12_802320	22	37787325	40728131	1465	-0.3076
EXINE_p_TCGA_b142_SNP_N_GenomeWideSNP_6_B12_802320	22	40728514	42904606	1232	0.1559
EXINE_p_TCGA_b142_SNP_N_GenomeWideSNP_6_B12_802320	22	42907001	42932418	18	0.6728
EXINE_p_TCGA_b142_SNP_N_GenomeWideSNP_6_B12_802320	22	42934462	46065463	2316	0.1826
EXINE_p_TCGA_b142_SNP_N_GenomeWideSNP_6_B12_802320	22	46072659	46847579	430	-0.3595
EXINE_p_TCGA_b142_SNP_N_GenomeWideSNP_6_B12_802320	22	46847978	47476586	462	-0.084
EXINE_p_TCGA_b142_SNP_N_GenomeWideSNP_6_B12_802320	22	47477200	51234455	2897	-0.3913
EXINE_p_TCGA_b142_SNP_N_GenomeWideSNP_6_B12_802320	X	168477	22035674	13001	-0.0063
EXINE_p_TCGA_b142_SNP_N_GenomeWideSNP_6_B12_802320	X	22039749	22039936	2	-3.3413
EXINE_p_TCGA_b142_SNP_N_GenomeWideSNP_6_B12_802320	X	22040042	37853761	10438	-0.005
EXINE_p_TCGA_b142_SNP_N_GenomeWideSNP_6_B12_802320	X	37854365	37854449	2	-2.1786
EXINE_p_TCGA_b142_SNP_N_GenomeWideSNP_6_B12_802320	X	37854520	37926486	63	0.0826
EXINE_p_TCGA_b142_SNP_N_GenomeWideSNP_6_B12_802320	X	37927775	37929097	2	-1.7925
EXINE_p_TCGA_b142_SNP_N_GenomeWideSNP_6_B12_802320	X	37929952	47886996	5523	0.0034
EXINE_p_TCGA_b142_SNP_N_GenomeWideSNP_6_B12_802320	X	47887126	47887528	2	-2.8259
EXINE_p_TCGA_b142_SNP_N_GenomeWideSNP_6_B12_802320	X	47888860	76353650	10940	0.0205
EXINE_p_TCGA_b142_SNP_N_GenomeWideSNP_6_B12_802320	X	76362292	76378656	2	2.6199
EXINE_p_TCGA_b142_SNP_N_GenomeWideSNP_6_B12_802320	X	76378658	105891557	15492	0.0104
EXINE_p_TCGA_b142_SNP_N_GenomeWideSNP_6_B12_802320	X	105895022	107477789	812	0.3693
EXINE_p_TCGA_b142_SNP_N_GenomeWideSNP_6_B12_802320	X	107478570	135634892	15961	0.0035
EXINE_p_TCGA_b142_SNP_N_GenomeWideSNP_6_B12_802320	X	135636186	135738748	78	-0.5366
EXINE_p_TCGA_b142_SNP_N_GenomeWideSNP_6_B12_802320	X	135738923	155182354	11876	-0.0043
EXINE_p_TCGA_b142_SNP_N_GenomeWideSNP_6_B12_802320	Y	2650438	24342350	7520	-1.0479
EXINE_p_TCGA_b142_SNP_N_GenomeWideSNP_6_B12_802320	Y	24342677	24343347	2	1.3198
EXINE_p_TCGA_b142_SNP_N_GenomeWideSNP_6_B12_802320	Y	24344296	59018259	1108	-1.0382
