Sample	Chromosome	Start	End	Num_Probes	Segment_Mean
FENCE_p_TCGAb_332_333_334_NSP_GenomeWideSNP_6_F08_1367400	1	61735	228729	19	0.5471
FENCE_p_TCGAb_332_333_334_NSP_GenomeWideSNP_6_F08_1367400	1	229075	10367344	5176	0.0352
FENCE_p_TCGAb_332_333_334_NSP_GenomeWideSNP_6_F08_1367400	1	10370402	10377983	19	-0.7978
FENCE_p_TCGAb_332_333_334_NSP_GenomeWideSNP_6_F08_1367400	1	10381772	13214448	1357	0.066
FENCE_p_TCGAb_332_333_334_NSP_GenomeWideSNP_6_F08_1367400	1	13375345	13384264	12	-0.9039
FENCE_p_TCGAb_332_333_334_NSP_GenomeWideSNP_6_F08_1367400	1	13384383	25583341	7566	0.0566
FENCE_p_TCGAb_332_333_334_NSP_GenomeWideSNP_6_F08_1367400	1	25593128	25662212	31	0.6361
FENCE_p_TCGAb_332_333_334_NSP_GenomeWideSNP_6_F08_1367400	1	25663310	35091674	4962	0.0447
FENCE_p_TCGAb_332_333_334_NSP_GenomeWideSNP_6_F08_1367400	1	35102654	35104491	20	-0.6564
FENCE_p_TCGAb_332_333_334_NSP_GenomeWideSNP_6_F08_1367400	1	35114268	38572323	1812	0.0536
FENCE_p_TCGAb_332_333_334_NSP_GenomeWideSNP_6_F08_1367400	1	38582858	38584881	4	-1.3392
FENCE_p_TCGAb_332_333_334_NSP_GenomeWideSNP_6_F08_1367400	1	38587146	72750353	22023	0.0324
FENCE_p_TCGAb_332_333_334_NSP_GenomeWideSNP_6_F08_1367400	1	72756113	72763370	9	-1.0253
FENCE_p_TCGAb_332_333_334_NSP_GenomeWideSNP_6_F08_1367400	1	72768418	72798610	32	0.5566
FENCE_p_TCGAb_332_333_334_NSP_GenomeWideSNP_6_F08_1367400	1	72802504	104163499	20082	0.0207
FENCE_p_TCGAb_332_333_334_NSP_GenomeWideSNP_6_F08_1367400	1	104163787	104260032	23	0.6595
FENCE_p_TCGAb_332_333_334_NSP_GenomeWideSNP_6_F08_1367400	1	104260239	148947710	11967	0.0328
FENCE_p_TCGAb_332_333_334_NSP_GenomeWideSNP_6_F08_1367400	1	148949202	149545386	173	-0.7061
FENCE_p_TCGAb_332_333_334_NSP_GenomeWideSNP_6_F08_1367400	1	149548713	152555176	1491	0.0436
FENCE_p_TCGAb_332_333_334_NSP_GenomeWideSNP_6_F08_1367400	1	152555527	152586594	36	0.9663
FENCE_p_TCGAb_332_333_334_NSP_GenomeWideSNP_6_F08_1367400	1	152590494	174796405	15059	0.0337
FENCE_p_TCGAb_332_333_334_NSP_GenomeWideSNP_6_F08_1367400	1	174796556	174801854	17	-0.9516
FENCE_p_TCGAb_332_333_334_NSP_GenomeWideSNP_6_F08_1367400	1	174801872	177918286	2083	0.0466
FENCE_p_TCGAb_332_333_334_NSP_GenomeWideSNP_6_F08_1367400	1	177925839	180354565	1648	0.4216
FENCE_p_TCGAb_332_333_334_NSP_GenomeWideSNP_6_F08_1367400	1	180360900	182738009	1696	0.0384
FENCE_p_TCGAb_332_333_334_NSP_GenomeWideSNP_6_F08_1367400	1	182739814	189770705	4586	0.407
FENCE_p_TCGAb_332_333_334_NSP_GenomeWideSNP_6_F08_1367400	1	189774645	189776217	11	-0.8484
FENCE_p_TCGAb_332_333_334_NSP_GenomeWideSNP_6_F08_1367400	1	189780010	193155792	2228	0.4017
FENCE_p_TCGAb_332_333_334_NSP_GenomeWideSNP_6_F08_1367400	1	193156279	193156348	4	-1.04
FENCE_p_TCGAb_332_333_334_NSP_GenomeWideSNP_6_F08_1367400	1	193159723	196732086	2404	0.4004
FENCE_p_TCGAb_332_333_334_NSP_GenomeWideSNP_6_F08_1367400	1	196738623	196748503	19	-0.0559
FENCE_p_TCGAb_332_333_334_NSP_GenomeWideSNP_6_F08_1367400	1	196748765	196749861	7	-1.0062
FENCE_p_TCGAb_332_333_334_NSP_GenomeWideSNP_6_F08_1367400	1	196757022	196823317	68	0.065
FENCE_p_TCGAb_332_333_334_NSP_GenomeWideSNP_6_F08_1367400	1	196823613	235273943	26123	0.4148
FENCE_p_TCGAb_332_333_334_NSP_GenomeWideSNP_6_F08_1367400	1	235280575	235299384	4	-0.7489
FENCE_p_TCGAb_332_333_334_NSP_GenomeWideSNP_6_F08_1367400	1	235299448	243059102	5981	0.4019
FENCE_p_TCGAb_332_333_334_NSP_GenomeWideSNP_6_F08_1367400	1	243059145	243085890	35	-0.0071
FENCE_p_TCGAb_332_333_334_NSP_GenomeWideSNP_6_F08_1367400	1	243087106	247819987	3070	0.4145
FENCE_p_TCGAb_332_333_334_NSP_GenomeWideSNP_6_F08_1367400	1	247827968	248627097	515	1.0463
FENCE_p_TCGAb_332_333_334_NSP_GenomeWideSNP_6_F08_1367400	1	248630796	248749219	31	0.6553
FENCE_p_TCGAb_332_333_334_NSP_GenomeWideSNP_6_F08_1367400	1	248749560	248797122	30	-0.1249
FENCE_p_TCGAb_332_333_334_NSP_GenomeWideSNP_6_F08_1367400	1	248797213	249224388	146	0.364
FENCE_p_TCGAb_332_333_334_NSP_GenomeWideSNP_6_F08_1367400	2	12784	9979885	7584	0.0303
FENCE_p_TCGAb_332_333_334_NSP_GenomeWideSNP_6_F08_1367400	2	9984176	28597646	12279	-0.4141
FENCE_p_TCGAb_332_333_334_NSP_GenomeWideSNP_6_F08_1367400	2	28599330	34520473	4101	0.0297
FENCE_p_TCGAb_332_333_334_NSP_GenomeWideSNP_6_F08_1367400	2	34523978	34525580	2	-2.1669
FENCE_p_TCGAb_332_333_334_NSP_GenomeWideSNP_6_F08_1367400	2	34525967	34691069	95	0.013
FENCE_p_TCGAb_332_333_334_NSP_GenomeWideSNP_6_F08_1367400	2	34699315	34737057	46	0.4646
FENCE_p_TCGAb_332_333_334_NSP_GenomeWideSNP_6_F08_1367400	2	34737163	35975973	877	0.0128
FENCE_p_TCGAb_332_333_334_NSP_GenomeWideSNP_6_F08_1367400	2	35977790	35987947	7	-1.7761
FENCE_p_TCGAb_332_333_334_NSP_GenomeWideSNP_6_F08_1367400	2	35997473	86937687	34097	0.0248
FENCE_p_TCGAb_332_333_334_NSP_GenomeWideSNP_6_F08_1367400	2	86953070	86953854	2	2.2856
FENCE_p_TCGAb_332_333_334_NSP_GenomeWideSNP_6_F08_1367400	2	86970406	106874722	7722	0.0264
FENCE_p_TCGAb_332_333_334_NSP_GenomeWideSNP_6_F08_1367400	2	106880095	106885357	12	-2.2368
FENCE_p_TCGAb_332_333_334_NSP_GenomeWideSNP_6_F08_1367400	2	106887255	146864443	23931	0.0227
FENCE_p_TCGAb_332_333_334_NSP_GenomeWideSNP_6_F08_1367400	2	146864457	146866934	21	0.8276
FENCE_p_TCGAb_332_333_334_NSP_GenomeWideSNP_6_F08_1367400	2	146877806	217931747	43196	0.0191
FENCE_p_TCGAb_332_333_334_NSP_GenomeWideSNP_6_F08_1367400	2	217932094	217936411	6	-1.2522
FENCE_p_TCGAb_332_333_334_NSP_GenomeWideSNP_6_F08_1367400	2	217937053	229759479	7662	0.0255
FENCE_p_TCGAb_332_333_334_NSP_GenomeWideSNP_6_F08_1367400	2	229759646	229759913	7	-0.9521
FENCE_p_TCGAb_332_333_334_NSP_GenomeWideSNP_6_F08_1367400	2	229760083	243089456	8238	0.0407
FENCE_p_TCGAb_332_333_334_NSP_GenomeWideSNP_6_F08_1367400	3	60345	224602	157	-0.0149
FENCE_p_TCGAb_332_333_334_NSP_GenomeWideSNP_6_F08_1367400	3	230022	232800	4	-4.0115
FENCE_p_TCGAb_332_333_334_NSP_GenomeWideSNP_6_F08_1367400	3	234877	25842326	19384	0.0284
FENCE_p_TCGAb_332_333_334_NSP_GenomeWideSNP_6_F08_1367400	3	25850780	25854897	14	-1.0208
FENCE_p_TCGAb_332_333_334_NSP_GenomeWideSNP_6_F08_1367400	3	25857956	46774776	13653	0.0251
FENCE_p_TCGAb_332_333_334_NSP_GenomeWideSNP_6_F08_1367400	3	46775383	46849589	49	-0.7278
FENCE_p_TCGAb_332_333_334_NSP_GenomeWideSNP_6_F08_1367400	3	46859479	68746164	14555	0.0374
FENCE_p_TCGAb_332_333_334_NSP_GenomeWideSNP_6_F08_1367400	3	68746259	68747413	14	0.8211
FENCE_p_TCGAb_332_333_334_NSP_GenomeWideSNP_6_F08_1367400	3	68748758	82108781	8629	0.0244
FENCE_p_TCGAb_332_333_334_NSP_GenomeWideSNP_6_F08_1367400	3	82111352	82113189	3	-2.3998
FENCE_p_TCGAb_332_333_334_NSP_GenomeWideSNP_6_F08_1367400	3	82113892	137030829	30620	0.0188
FENCE_p_TCGAb_332_333_334_NSP_GenomeWideSNP_6_F08_1367400	3	137030843	137043220	27	-0.6886
FENCE_p_TCGAb_332_333_334_NSP_GenomeWideSNP_6_F08_1367400	3	137047387	162623897	15822	0.0201
FENCE_p_TCGAb_332_333_334_NSP_GenomeWideSNP_6_F08_1367400	3	162625980	162625995	2	-2.6275
FENCE_p_TCGAb_332_333_334_NSP_GenomeWideSNP_6_F08_1367400	3	162626572	191320988	18072	0.0229
FENCE_p_TCGAb_332_333_334_NSP_GenomeWideSNP_6_F08_1367400	3	191323279	191333741	9	-0.7661
FENCE_p_TCGAb_332_333_334_NSP_GenomeWideSNP_6_F08_1367400	3	191337980	192877902	1096	0.0196
FENCE_p_TCGAb_332_333_334_NSP_GenomeWideSNP_6_F08_1367400	3	192877962	192882903	19	-1.5044
FENCE_p_TCGAb_332_333_334_NSP_GenomeWideSNP_6_F08_1367400	3	192886435	197896118	2704	0.0434
FENCE_p_TCGAb_332_333_334_NSP_GenomeWideSNP_6_F08_1367400	4	12281	8724543	5184	0.0535
FENCE_p_TCGAb_332_333_334_NSP_GenomeWideSNP_6_F08_1367400	4	9370690	9496294	73	0.5735
FENCE_p_TCGAb_332_333_334_NSP_GenomeWideSNP_6_F08_1367400	4	9497845	10210390	542	0.0482
FENCE_p_TCGAb_332_333_334_NSP_GenomeWideSNP_6_F08_1367400	4	10214160	10231498	29	2.7907
FENCE_p_TCGAb_332_333_334_NSP_GenomeWideSNP_6_F08_1367400	4	10234214	34778860	16979	0.0216
FENCE_p_TCGAb_332_333_334_NSP_GenomeWideSNP_6_F08_1367400	4	34778962	34824725	44	0.4345
FENCE_p_TCGAb_332_333_334_NSP_GenomeWideSNP_6_F08_1367400	4	34829872	41578956	4488	0.0239
FENCE_p_TCGAb_332_333_334_NSP_GenomeWideSNP_6_F08_1367400	4	41580523	41581550	3	-1.2835
FENCE_p_TCGAb_332_333_334_NSP_GenomeWideSNP_6_F08_1367400	4	41583891	44017141	1553	0.0119
FENCE_p_TCGAb_332_333_334_NSP_GenomeWideSNP_6_F08_1367400	4	44021885	44026404	5	-3.5873
FENCE_p_TCGAb_332_333_334_NSP_GenomeWideSNP_6_F08_1367400	4	44031399	57543320	6138	0.0181
FENCE_p_TCGAb_332_333_334_NSP_GenomeWideSNP_6_F08_1367400	4	57543841	57545031	12	-1.2588
FENCE_p_TCGAb_332_333_334_NSP_GenomeWideSNP_6_F08_1367400	4	57548283	59054509	1136	0.0168
FENCE_p_TCGAb_332_333_334_NSP_GenomeWideSNP_6_F08_1367400	4	59055235	59066139	2	-1.4735
FENCE_p_TCGAb_332_333_334_NSP_GenomeWideSNP_6_F08_1367400	4	59066530	65819729	3924	0.0107
FENCE_p_TCGAb_332_333_334_NSP_GenomeWideSNP_6_F08_1367400	4	65819967	65840018	38	-0.8942
FENCE_p_TCGAb_332_333_334_NSP_GenomeWideSNP_6_F08_1367400	4	65844051	70117977	2573	0.0011
FENCE_p_TCGAb_332_333_334_NSP_GenomeWideSNP_6_F08_1367400	4	70117993	70232124	63	-0.7219
FENCE_p_TCGAb_332_333_334_NSP_GenomeWideSNP_6_F08_1367400	4	70236151	77793372	4628	0.0212
FENCE_p_TCGAb_332_333_334_NSP_GenomeWideSNP_6_F08_1367400	4	77793375	77793778	3	-1.3826
FENCE_p_TCGAb_332_333_334_NSP_GenomeWideSNP_6_F08_1367400	4	77793829	83633826	3687	0.0215
FENCE_p_TCGAb_332_333_334_NSP_GenomeWideSNP_6_F08_1367400	4	83637368	83641826	12	-1.344
FENCE_p_TCGAb_332_333_334_NSP_GenomeWideSNP_6_F08_1367400	4	83644692	115179443	19037	0.0185
FENCE_p_TCGAb_332_333_334_NSP_GenomeWideSNP_6_F08_1367400	4	115179456	115182175	10	0.7427
FENCE_p_TCGAb_332_333_334_NSP_GenomeWideSNP_6_F08_1367400	4	115184229	122281973	4344	0.0075
FENCE_p_TCGAb_332_333_334_NSP_GenomeWideSNP_6_F08_1367400	4	122282468	122285135	28	-1.0518
FENCE_p_TCGAb_332_333_334_NSP_GenomeWideSNP_6_F08_1367400	4	122291131	124851726	1378	0.0116
FENCE_p_TCGAb_332_333_334_NSP_GenomeWideSNP_6_F08_1367400	4	124851900	124852981	2	-2.2506
FENCE_p_TCGAb_332_333_334_NSP_GenomeWideSNP_6_F08_1367400	4	124853405	151876309	15904	0.0142
FENCE_p_TCGAb_332_333_334_NSP_GenomeWideSNP_6_F08_1367400	4	151876325	151884310	26	-0.8424
FENCE_p_TCGAb_332_333_334_NSP_GenomeWideSNP_6_F08_1367400	4	151886127	152789786	452	0.014
FENCE_p_TCGAb_332_333_334_NSP_GenomeWideSNP_6_F08_1367400	4	152791533	152792891	13	-1.1036
FENCE_p_TCGAb_332_333_334_NSP_GenomeWideSNP_6_F08_1367400	4	152794796	155802548	1950	0.0182
FENCE_p_TCGAb_332_333_334_NSP_GenomeWideSNP_6_F08_1367400	4	155803005	155803078	3	1.3955
FENCE_p_TCGAb_332_333_334_NSP_GenomeWideSNP_6_F08_1367400	4	155803199	156968180	842	0.0144
FENCE_p_TCGAb_332_333_334_NSP_GenomeWideSNP_6_F08_1367400	4	156968283	156968298	2	-1.8179
FENCE_p_TCGAb_332_333_334_NSP_GenomeWideSNP_6_F08_1367400	4	156968473	158618645	1061	0.0142
FENCE_p_TCGAb_332_333_334_NSP_GenomeWideSNP_6_F08_1367400	4	158621514	158642569	16	-0.8773
FENCE_p_TCGAb_332_333_334_NSP_GenomeWideSNP_6_F08_1367400	4	158642902	158727028	36	-0.0347
FENCE_p_TCGAb_332_333_334_NSP_GenomeWideSNP_6_F08_1367400	4	158729437	158731374	10	-0.7225
FENCE_p_TCGAb_332_333_334_NSP_GenomeWideSNP_6_F08_1367400	4	158736449	170993771	7771	0.0147
FENCE_p_TCGAb_332_333_334_NSP_GenomeWideSNP_6_F08_1367400	4	170995066	170997974	2	-1.7823
FENCE_p_TCGAb_332_333_334_NSP_GenomeWideSNP_6_F08_1367400	4	171001092	172369346	869	-0.0119
FENCE_p_TCGAb_332_333_334_NSP_GenomeWideSNP_6_F08_1367400	4	172374884	172376974	4	0.6997
FENCE_p_TCGAb_332_333_334_NSP_GenomeWideSNP_6_F08_1367400	4	172377257	172377444	4	1.7559
FENCE_p_TCGAb_332_333_334_NSP_GenomeWideSNP_6_F08_1367400	4	172377458	172987857	400	0.0249
FENCE_p_TCGAb_332_333_334_NSP_GenomeWideSNP_6_F08_1367400	4	172987928	172989533	13	0.7322
FENCE_p_TCGAb_332_333_334_NSP_GenomeWideSNP_6_F08_1367400	4	172995979	173422522	232	-0.0241
FENCE_p_TCGAb_332_333_334_NSP_GenomeWideSNP_6_F08_1367400	4	173424947	173428643	7	1.0366
FENCE_p_TCGAb_332_333_334_NSP_GenomeWideSNP_6_F08_1367400	4	173441132	179698359	3886	0.0169
FENCE_p_TCGAb_332_333_334_NSP_GenomeWideSNP_6_F08_1367400	4	179701253	179701676	2	-1.8114
FENCE_p_TCGAb_332_333_334_NSP_GenomeWideSNP_6_F08_1367400	4	179702044	191027923	7985	0.0246
FENCE_p_TCGAb_332_333_334_NSP_GenomeWideSNP_6_F08_1367400	5	15532	698371	307	0.065
FENCE_p_TCGAb_332_333_334_NSP_GenomeWideSNP_6_F08_1367400	5	698472	822123	50	0.5366
FENCE_p_TCGAb_332_333_334_NSP_GenomeWideSNP_6_F08_1367400	5	823599	11161625	8772	0.0347
FENCE_p_TCGAb_332_333_334_NSP_GenomeWideSNP_6_F08_1367400	5	11162636	11162771	3	-2.2871
FENCE_p_TCGAb_332_333_334_NSP_GenomeWideSNP_6_F08_1367400	5	11167277	21370577	6586	0.0391
FENCE_p_TCGAb_332_333_334_NSP_GenomeWideSNP_6_F08_1367400	5	21376844	21377853	3	-1.3144
FENCE_p_TCGAb_332_333_334_NSP_GenomeWideSNP_6_F08_1367400	5	21386066	54698520	18380	0.0221
FENCE_p_TCGAb_332_333_334_NSP_GenomeWideSNP_6_F08_1367400	5	54698841	54707959	2	-1.9244
FENCE_p_TCGAb_332_333_334_NSP_GenomeWideSNP_6_F08_1367400	5	54708260	57321646	1772	0.0302
FENCE_p_TCGAb_332_333_334_NSP_GenomeWideSNP_6_F08_1367400	5	57326027	57333515	31	2.0058
FENCE_p_TCGAb_332_333_334_NSP_GenomeWideSNP_6_F08_1367400	5	57333533	155745027	60472	0.0218
FENCE_p_TCGAb_332_333_334_NSP_GenomeWideSNP_6_F08_1367400	5	155745905	155745939	2	-1.9814
FENCE_p_TCGAb_332_333_334_NSP_GenomeWideSNP_6_F08_1367400	5	155748904	157574910	1272	5e-04
FENCE_p_TCGAb_332_333_334_NSP_GenomeWideSNP_6_F08_1367400	5	157575315	157575584	2	-1.8126
FENCE_p_TCGAb_332_333_334_NSP_GenomeWideSNP_6_F08_1367400	5	157577375	177198449	13376	0.023
FENCE_p_TCGAb_332_333_334_NSP_GenomeWideSNP_6_F08_1367400	5	177227551	177232605	3	4.2789
FENCE_p_TCGAb_332_333_334_NSP_GenomeWideSNP_6_F08_1367400	5	177254965	180193199	1705	0.0447
FENCE_p_TCGAb_332_333_334_NSP_GenomeWideSNP_6_F08_1367400	5	180193779	180194609	3	-1.238
FENCE_p_TCGAb_332_333_334_NSP_GenomeWideSNP_6_F08_1367400	5	180195522	180638895	248	0.0534
FENCE_p_TCGAb_332_333_334_NSP_GenomeWideSNP_6_F08_1367400	5	180639329	180645396	4	-1.8963
FENCE_p_TCGAb_332_333_334_NSP_GenomeWideSNP_6_F08_1367400	5	180645965	180790320	38	-0.0129
FENCE_p_TCGAb_332_333_334_NSP_GenomeWideSNP_6_F08_1367400	6	149661	254283	101	0.0176
FENCE_p_TCGAb_332_333_334_NSP_GenomeWideSNP_6_F08_1367400	6	257353	380821	100	0.3902
FENCE_p_TCGAb_332_333_334_NSP_GenomeWideSNP_6_F08_1367400	6	381149	26705574	20067	0.0299
FENCE_p_TCGAb_332_333_334_NSP_GenomeWideSNP_6_F08_1367400	6	26718131	26742494	14	1.1356
FENCE_p_TCGAb_332_333_334_NSP_GenomeWideSNP_6_F08_1367400	6	26752036	26762638	10	0.2546
FENCE_p_TCGAb_332_333_334_NSP_GenomeWideSNP_6_F08_1367400	6	26763081	26773509	8	1.1036
FENCE_p_TCGAb_332_333_334_NSP_GenomeWideSNP_6_F08_1367400	6	26783667	29837072	1435	0.014
FENCE_p_TCGAb_332_333_334_NSP_GenomeWideSNP_6_F08_1367400	6	29837187	29874808	24	1.0342
FENCE_p_TCGAb_332_333_334_NSP_GenomeWideSNP_6_F08_1367400	6	29876959	31287111	666	0.0356
FENCE_p_TCGAb_332_333_334_NSP_GenomeWideSNP_6_F08_1367400	6	31287222	31296451	7	1.389
FENCE_p_TCGAb_332_333_334_NSP_GenomeWideSNP_6_F08_1367400	6	31309924	32431292	503	0.0432
FENCE_p_TCGAb_332_333_334_NSP_GenomeWideSNP_6_F08_1367400	6	32431552	32501299	22	1.6238
FENCE_p_TCGAb_332_333_334_NSP_GenomeWideSNP_6_F08_1367400	6	32508476	32690027	96	0.2806
FENCE_p_TCGAb_332_333_334_NSP_GenomeWideSNP_6_F08_1367400	6	32690797	32690812	2	2.4042
FENCE_p_TCGAb_332_333_334_NSP_GenomeWideSNP_6_F08_1367400	6	32690830	53931084	13689	0.0365
FENCE_p_TCGAb_332_333_334_NSP_GenomeWideSNP_6_F08_1367400	6	53931151	53931855	7	-2.1989
FENCE_p_TCGAb_332_333_334_NSP_GenomeWideSNP_6_F08_1367400	6	53935348	67008262	5456	0.0275
FENCE_p_TCGAb_332_333_334_NSP_GenomeWideSNP_6_F08_1367400	6	67008286	67037554	33	-0.7598
FENCE_p_TCGAb_332_333_334_NSP_GenomeWideSNP_6_F08_1367400	6	67038021	67043192	9	-2.7204
FENCE_p_TCGAb_332_333_334_NSP_GenomeWideSNP_6_F08_1367400	6	67043235	67049599	16	-0.6146
FENCE_p_TCGAb_332_333_334_NSP_GenomeWideSNP_6_F08_1367400	6	67051202	74592225	4998	0.0229
FENCE_p_TCGAb_332_333_334_NSP_GenomeWideSNP_6_F08_1367400	6	74592457	74601410	9	0.6696
FENCE_p_TCGAb_332_333_334_NSP_GenomeWideSNP_6_F08_1367400	6	74603555	76241527	1050	0.0222
FENCE_p_TCGAb_332_333_334_NSP_GenomeWideSNP_6_F08_1367400	6	76242577	76252896	5	-0.9326
FENCE_p_TCGAb_332_333_334_NSP_GenomeWideSNP_6_F08_1367400	6	76270279	77014948	416	0.0345
FENCE_p_TCGAb_332_333_334_NSP_GenomeWideSNP_6_F08_1367400	6	77016900	77016926	3	-1.3776
FENCE_p_TCGAb_332_333_334_NSP_GenomeWideSNP_6_F08_1367400	6	77016993	78962889	1295	0.0401
FENCE_p_TCGAb_332_333_334_NSP_GenomeWideSNP_6_F08_1367400	6	78969065	79035174	111	-0.6047
FENCE_p_TCGAb_332_333_334_NSP_GenomeWideSNP_6_F08_1367400	6	79035185	103734825	15486	0.0209
FENCE_p_TCGAb_332_333_334_NSP_GenomeWideSNP_6_F08_1367400	6	103734829	103765711	50	0.5214
FENCE_p_TCGAb_332_333_334_NSP_GenomeWideSNP_6_F08_1367400	6	103765730	117642495	8579	0.0192
FENCE_p_TCGAb_332_333_334_NSP_GenomeWideSNP_6_F08_1367400	6	117643433	117643642	2	-1.6381
FENCE_p_TCGAb_332_333_334_NSP_GenomeWideSNP_6_F08_1367400	6	117646046	128308249	6432	0.0196
FENCE_p_TCGAb_332_333_334_NSP_GenomeWideSNP_6_F08_1367400	6	128308497	128308503	2	-3.9143
FENCE_p_TCGAb_332_333_334_NSP_GenomeWideSNP_6_F08_1367400	6	128311479	151047937	15069	0.0157
FENCE_p_TCGAb_332_333_334_NSP_GenomeWideSNP_6_F08_1367400	6	151051754	151053352	5	-1.6505
FENCE_p_TCGAb_332_333_334_NSP_GenomeWideSNP_6_F08_1367400	6	151056473	153957370	2174	0.0175
FENCE_p_TCGAb_332_333_334_NSP_GenomeWideSNP_6_F08_1367400	6	153960786	153961419	2	-3.1827
FENCE_p_TCGAb_332_333_334_NSP_GenomeWideSNP_6_F08_1367400	6	153961899	171051005	11951	0.0197
FENCE_p_TCGAb_332_333_334_NSP_GenomeWideSNP_6_F08_1367400	7	43355	22434780	16090	0.0221
FENCE_p_TCGAb_332_333_334_NSP_GenomeWideSNP_6_F08_1367400	7	22435472	22436487	2	-3.2864
FENCE_p_TCGAb_332_333_334_NSP_GenomeWideSNP_6_F08_1367400	7	22438754	38326234	11345	0.0208
FENCE_p_TCGAb_332_333_334_NSP_GenomeWideSNP_6_F08_1367400	7	38326270	38348812	53	0.2999
FENCE_p_TCGAb_332_333_334_NSP_GenomeWideSNP_6_F08_1367400	7	38348875	49923357	7743	0.0241
FENCE_p_TCGAb_332_333_334_NSP_GenomeWideSNP_6_F08_1367400	7	49923507	49924320	2	-2.5783
FENCE_p_TCGAb_332_333_334_NSP_GenomeWideSNP_6_F08_1367400	7	49928919	54380373	3307	0.0225
FENCE_p_TCGAb_332_333_334_NSP_GenomeWideSNP_6_F08_1367400	7	54386505	54386517	6	4.1022
FENCE_p_TCGAb_332_333_334_NSP_GenomeWideSNP_6_F08_1367400	7	54393488	91208142	18296	0.0203
FENCE_p_TCGAb_332_333_334_NSP_GenomeWideSNP_6_F08_1367400	7	91218884	91219132	3	-1.7717
FENCE_p_TCGAb_332_333_334_NSP_GenomeWideSNP_6_F08_1367400	7	91225032	91357869	95	0.0636
FENCE_p_TCGAb_332_333_334_NSP_GenomeWideSNP_6_F08_1367400	7	91358294	91358771	4	-1.0594
FENCE_p_TCGAb_332_333_334_NSP_GenomeWideSNP_6_F08_1367400	7	91358789	91713630	192	0.0557
FENCE_p_TCGAb_332_333_334_NSP_GenomeWideSNP_6_F08_1367400	7	91718020	91719170	2	-2.0252
FENCE_p_TCGAb_332_333_334_NSP_GenomeWideSNP_6_F08_1367400	7	91719608	97385970	3553	0.0173
FENCE_p_TCGAb_332_333_334_NSP_GenomeWideSNP_6_F08_1367400	7	97395460	97401932	9	0.9283
FENCE_p_TCGAb_332_333_334_NSP_GenomeWideSNP_6_F08_1367400	7	97401959	109433785	6638	0.0311
FENCE_p_TCGAb_332_333_334_NSP_GenomeWideSNP_6_F08_1367400	7	109433798	109454229	38	0.4728
FENCE_p_TCGAb_332_333_334_NSP_GenomeWideSNP_6_F08_1367400	7	109454271	126044974	10030	0.0227
FENCE_p_TCGAb_332_333_334_NSP_GenomeWideSNP_6_F08_1367400	7	126045482	126046877	14	-1.2484
FENCE_p_TCGAb_332_333_334_NSP_GenomeWideSNP_6_F08_1367400	7	126046878	131772039	3344	0.0325
FENCE_p_TCGAb_332_333_334_NSP_GenomeWideSNP_6_F08_1367400	7	131778448	131784834	7	-0.8385
FENCE_p_TCGAb_332_333_334_NSP_GenomeWideSNP_6_F08_1367400	7	131787056	133785177	1350	0.0314
FENCE_p_TCGAb_332_333_334_NSP_GenomeWideSNP_6_F08_1367400	7	133785195	133798558	34	-0.3071
FENCE_p_TCGAb_332_333_334_NSP_GenomeWideSNP_6_F08_1367400	7	133798846	140192859	4107	0.0217
FENCE_p_TCGAb_332_333_334_NSP_GenomeWideSNP_6_F08_1367400	7	140193013	140199012	12	-1.0114
FENCE_p_TCGAb_332_333_334_NSP_GenomeWideSNP_6_F08_1367400	7	140206602	142044929	1312	0.0148
FENCE_p_TCGAb_332_333_334_NSP_GenomeWideSNP_6_F08_1367400	7	142047109	142047396	5	-1.0669
FENCE_p_TCGAb_332_333_334_NSP_GenomeWideSNP_6_F08_1367400	7	142047648	142474939	254	0.1187
FENCE_p_TCGAb_332_333_334_NSP_GenomeWideSNP_6_F08_1367400	7	142476719	142479807	9	1.4447
FENCE_p_TCGAb_332_333_334_NSP_GenomeWideSNP_6_F08_1367400	7	142483351	149847740	4511	0.0287
FENCE_p_TCGAb_332_333_334_NSP_GenomeWideSNP_6_F08_1367400	7	149851568	149855335	2	-2.1256
FENCE_p_TCGAb_332_333_334_NSP_GenomeWideSNP_6_F08_1367400	7	149855691	159127004	6077	0.0409
FENCE_p_TCGAb_332_333_334_NSP_GenomeWideSNP_6_F08_1367400	8	31254	594973	329	0.0376
FENCE_p_TCGAb_332_333_334_NSP_GenomeWideSNP_6_F08_1367400	8	595220	595908	8	1.4708
FENCE_p_TCGAb_332_333_334_NSP_GenomeWideSNP_6_F08_1367400	8	601043	2256164	1318	0.031
FENCE_p_TCGAb_332_333_334_NSP_GenomeWideSNP_6_F08_1367400	8	2256179	2256237	2	-1.8599
FENCE_p_TCGAb_332_333_334_NSP_GenomeWideSNP_6_F08_1367400	8	2256277	5594267	4437	0.0219
FENCE_p_TCGAb_332_333_334_NSP_GenomeWideSNP_6_F08_1367400	8	5598726	5604300	25	-0.9012
FENCE_p_TCGAb_332_333_334_NSP_GenomeWideSNP_6_F08_1367400	8	5604495	7238019	1737	0.0309
FENCE_p_TCGAb_332_333_334_NSP_GenomeWideSNP_6_F08_1367400	8	7250380	7787685	141	0.3654
FENCE_p_TCGAb_332_333_334_NSP_GenomeWideSNP_6_F08_1367400	8	7787714	11893228	3294	0.0413
FENCE_p_TCGAb_332_333_334_NSP_GenomeWideSNP_6_F08_1367400	8	11895245	12443055	122	0.3385
FENCE_p_TCGAb_332_333_334_NSP_GenomeWideSNP_6_F08_1367400	8	12473543	13603476	1056	0.0393
FENCE_p_TCGAb_332_333_334_NSP_GenomeWideSNP_6_F08_1367400	8	13609668	13612174	20	-0.4149
FENCE_p_TCGAb_332_333_334_NSP_GenomeWideSNP_6_F08_1367400	8	13614717	13651722	46	-1.0515
FENCE_p_TCGAb_332_333_334_NSP_GenomeWideSNP_6_F08_1367400	8	13653184	16197191	2350	0.0242
FENCE_p_TCGAb_332_333_334_NSP_GenomeWideSNP_6_F08_1367400	8	16206954	16207123	8	-1.812
FENCE_p_TCGAb_332_333_334_NSP_GenomeWideSNP_6_F08_1367400	8	16212084	16383973	165	0.0249
FENCE_p_TCGAb_332_333_334_NSP_GenomeWideSNP_6_F08_1367400	8	16384262	16384455	4	-2.8631
FENCE_p_TCGAb_332_333_334_NSP_GenomeWideSNP_6_F08_1367400	8	16384503	32678715	12230	0.0375
FENCE_p_TCGAb_332_333_334_NSP_GenomeWideSNP_6_F08_1367400	8	32678866	32688413	8	1.4341
FENCE_p_TCGAb_332_333_334_NSP_GenomeWideSNP_6_F08_1367400	8	32692106	39230659	3580	0.0319
FENCE_p_TCGAb_332_333_334_NSP_GenomeWideSNP_6_F08_1367400	8	39235603	39389015	62	0.6262
FENCE_p_TCGAb_332_333_334_NSP_GenomeWideSNP_6_F08_1367400	8	39389029	95557552	31746	0.0233
FENCE_p_TCGAb_332_333_334_NSP_GenomeWideSNP_6_F08_1367400	8	95557602	95557992	6	0.9609
FENCE_p_TCGAb_332_333_334_NSP_GenomeWideSNP_6_F08_1367400	8	95558115	107850241	7616	0.0229
FENCE_p_TCGAb_332_333_334_NSP_GenomeWideSNP_6_F08_1367400	8	107850653	107862270	17	-0.8331
FENCE_p_TCGAb_332_333_334_NSP_GenomeWideSNP_6_F08_1367400	8	107862339	112291494	2639	0.0084
FENCE_p_TCGAb_332_333_334_NSP_GenomeWideSNP_6_F08_1367400	8	112294279	112294646	4	-0.739
FENCE_p_TCGAb_332_333_334_NSP_GenomeWideSNP_6_F08_1367400	8	112294670	112295245	5	-1.9218
FENCE_p_TCGAb_332_333_334_NSP_GenomeWideSNP_6_F08_1367400	8	112295260	115634653	1829	0.0147
FENCE_p_TCGAb_332_333_334_NSP_GenomeWideSNP_6_F08_1367400	8	115634667	115641731	32	-0.7515
FENCE_p_TCGAb_332_333_334_NSP_GenomeWideSNP_6_F08_1367400	8	115650697	123060846	5012	0.0293
FENCE_p_TCGAb_332_333_334_NSP_GenomeWideSNP_6_F08_1367400	8	123061062	123070883	24	-0.5079
FENCE_p_TCGAb_332_333_334_NSP_GenomeWideSNP_6_F08_1367400	8	123071023	129756266	4767	0.0237
FENCE_p_TCGAb_332_333_334_NSP_GenomeWideSNP_6_F08_1367400	8	129763135	129764085	2	-2.0472
FENCE_p_TCGAb_332_333_334_NSP_GenomeWideSNP_6_F08_1367400	8	129777454	140254844	8228	0.0224
FENCE_p_TCGAb_332_333_334_NSP_GenomeWideSNP_6_F08_1367400	8	140258252	140259197	5	-1.2668
FENCE_p_TCGAb_332_333_334_NSP_GenomeWideSNP_6_F08_1367400	8	140259420	144699157	2494	0.0367
FENCE_p_TCGAb_332_333_334_NSP_GenomeWideSNP_6_F08_1367400	8	144705157	144725956	13	-0.5993
FENCE_p_TCGAb_332_333_334_NSP_GenomeWideSNP_6_F08_1367400	8	144727653	146298155	501	0.0097
FENCE_p_TCGAb_332_333_334_NSP_GenomeWideSNP_6_F08_1367400	9	46587	39342825	31266	0.0279
FENCE_p_TCGAb_332_333_334_NSP_GenomeWideSNP_6_F08_1367400	9	39743166	39775419	4	-2.2133
FENCE_p_TCGAb_332_333_334_NSP_GenomeWideSNP_6_F08_1367400	9	39776828	44241817	164	-0.2421
FENCE_p_TCGAb_332_333_334_NSP_GenomeWideSNP_6_F08_1367400	9	44243434	44469328	20	-1.0197
FENCE_p_TCGAb_332_333_334_NSP_GenomeWideSNP_6_F08_1367400	9	44629223	44873200	39	0.3036
FENCE_p_TCGAb_332_333_334_NSP_GenomeWideSNP_6_F08_1367400	9	44875942	65672607	97	-0.3637
FENCE_p_TCGAb_332_333_334_NSP_GenomeWideSNP_6_F08_1367400	9	66323059	82982426	9047	0.0178
FENCE_p_TCGAb_332_333_334_NSP_GenomeWideSNP_6_F08_1367400	9	82983780	82984308	2	-2.0961
FENCE_p_TCGAb_332_333_334_NSP_GenomeWideSNP_6_F08_1367400	9	82984395	107364072	16713	0.0299
FENCE_p_TCGAb_332_333_334_NSP_GenomeWideSNP_6_F08_1367400	9	107364118	107365110	13	-0.8889
FENCE_p_TCGAb_332_333_334_NSP_GenomeWideSNP_6_F08_1367400	9	107365128	107365164	3	0.0515
FENCE_p_TCGAb_332_333_334_NSP_GenomeWideSNP_6_F08_1367400	9	107365172	107370036	15	-0.9483
FENCE_p_TCGAb_332_333_334_NSP_GenomeWideSNP_6_F08_1367400	9	107371653	132604821	17841	0.0383
FENCE_p_TCGAb_332_333_334_NSP_GenomeWideSNP_6_F08_1367400	9	132606380	132614412	15	-0.6793
FENCE_p_TCGAb_332_333_334_NSP_GenomeWideSNP_6_F08_1367400	9	132614436	138211368	3517	0.051
FENCE_p_TCGAb_332_333_334_NSP_GenomeWideSNP_6_F08_1367400	9	138214105	138215622	2	-1.926
FENCE_p_TCGAb_332_333_334_NSP_GenomeWideSNP_6_F08_1367400	9	138216412	141091394	1114	0.031
FENCE_p_TCGAb_332_333_334_NSP_GenomeWideSNP_6_F08_1367400	10	72809	48736766	32214	0.0339
FENCE_p_TCGAb_332_333_334_NSP_GenomeWideSNP_6_F08_1367400	10	48771950	49031175	11	-0.8453
FENCE_p_TCGAb_332_333_334_NSP_GenomeWideSNP_6_F08_1367400	10	49031252	78374513	19407	0.0289
FENCE_p_TCGAb_332_333_334_NSP_GenomeWideSNP_6_F08_1367400	10	78379998	78380674	2	-2.4679
FENCE_p_TCGAb_332_333_334_NSP_GenomeWideSNP_6_F08_1367400	10	78392318	122763675	30028	0.031
FENCE_p_TCGAb_332_333_334_NSP_GenomeWideSNP_6_F08_1367400	10	122770663	122777498	20	-1.5239
FENCE_p_TCGAb_332_333_334_NSP_GenomeWideSNP_6_F08_1367400	10	122789542	124341534	1407	0.0358
FENCE_p_TCGAb_332_333_334_NSP_GenomeWideSNP_6_F08_1367400	10	124343951	124351013	7	0.9333
FENCE_p_TCGAb_332_333_334_NSP_GenomeWideSNP_6_F08_1367400	10	124356812	134848311	7654	0.0339
FENCE_p_TCGAb_332_333_334_NSP_GenomeWideSNP_6_F08_1367400	10	134848732	135017319	47	0.4131
FENCE_p_TCGAb_332_333_334_NSP_GenomeWideSNP_6_F08_1367400	10	135056464	135229141	62	0.0713
FENCE_p_TCGAb_332_333_334_NSP_GenomeWideSNP_6_F08_1367400	10	135229719	135229868	2	1.3895
FENCE_p_TCGAb_332_333_334_NSP_GenomeWideSNP_6_F08_1367400	10	135232654	135506704	151	0.0267
FENCE_p_TCGAb_332_333_334_NSP_GenomeWideSNP_6_F08_1367400	11	198510	253662	37	0.413
FENCE_p_TCGAb_332_333_334_NSP_GenomeWideSNP_6_F08_1367400	11	253841	254010	2	-1.0835
FENCE_p_TCGAb_332_333_334_NSP_GenomeWideSNP_6_F08_1367400	11	254064	2796642	977	0.4486
FENCE_p_TCGAb_332_333_334_NSP_GenomeWideSNP_6_F08_1367400	11	2807522	3605415	361	0.0822
FENCE_p_TCGAb_332_333_334_NSP_GenomeWideSNP_6_F08_1367400	11	3611769	4239054	412	0.4313
FENCE_p_TCGAb_332_333_334_NSP_GenomeWideSNP_6_F08_1367400	11	4250013	4307420	20	-0.8868
FENCE_p_TCGAb_332_333_334_NSP_GenomeWideSNP_6_F08_1367400	11	4307999	4359288	13	-0.0525
FENCE_p_TCGAb_332_333_334_NSP_GenomeWideSNP_6_F08_1367400	11	4384797	4967103	648	0.3934
FENCE_p_TCGAb_332_333_334_NSP_GenomeWideSNP_6_F08_1367400	11	4967230	4970243	8	-0.095
FENCE_p_TCGAb_332_333_334_NSP_GenomeWideSNP_6_F08_1367400	11	4970277	4976493	32	1.1354
FENCE_p_TCGAb_332_333_334_NSP_GenomeWideSNP_6_F08_1367400	11	4976534	5853643	866	0.4077
FENCE_p_TCGAb_332_333_334_NSP_GenomeWideSNP_6_F08_1367400	11	5857232	5857234	3	-1.0232
FENCE_p_TCGAb_332_333_334_NSP_GenomeWideSNP_6_F08_1367400	11	5857751	7809678	1457	0.4353
FENCE_p_TCGAb_332_333_334_NSP_GenomeWideSNP_6_F08_1367400	11	7813040	7832258	7	-2.1058
FENCE_p_TCGAb_332_333_334_NSP_GenomeWideSNP_6_F08_1367400	11	7837009	12757023	3759	0.4369
FENCE_p_TCGAb_332_333_334_NSP_GenomeWideSNP_6_F08_1367400	11	12759572	14483274	1316	0.0311
FENCE_p_TCGAb_332_333_334_NSP_GenomeWideSNP_6_F08_1367400	11	14487936	14816961	138	0.4112
FENCE_p_TCGAb_332_333_334_NSP_GenomeWideSNP_6_F08_1367400	11	14817838	15119426	135	0.0716
FENCE_p_TCGAb_332_333_334_NSP_GenomeWideSNP_6_F08_1367400	11	15127189	15775358	488	0.4344
FENCE_p_TCGAb_332_333_334_NSP_GenomeWideSNP_6_F08_1367400	11	15776342	16029094	223	0.0281
FENCE_p_TCGAb_332_333_334_NSP_GenomeWideSNP_6_F08_1367400	11	16029617	17583200	967	0.4211
FENCE_p_TCGAb_332_333_334_NSP_GenomeWideSNP_6_F08_1367400	11	17586381	18940870	885	0.0379
FENCE_p_TCGAb_332_333_334_NSP_GenomeWideSNP_6_F08_1367400	11	18949072	18956250	30	-1.0456
FENCE_p_TCGAb_332_333_334_NSP_GenomeWideSNP_6_F08_1367400	11	18956690	18960024	5	-2.013
FENCE_p_TCGAb_332_333_334_NSP_GenomeWideSNP_6_F08_1367400	11	18960115	18961935	21	-0.5834
FENCE_p_TCGAb_332_333_334_NSP_GenomeWideSNP_6_F08_1367400	11	18961988	21186995	2033	0.0434
FENCE_p_TCGAb_332_333_334_NSP_GenomeWideSNP_6_F08_1367400	11	21191016	21215845	45	-1.2381
FENCE_p_TCGAb_332_333_334_NSP_GenomeWideSNP_6_F08_1367400	11	21216377	51127104	19355	0.028
FENCE_p_TCGAb_332_333_334_NSP_GenomeWideSNP_6_F08_1367400	11	51163249	55376498	394	-0.4969
FENCE_p_TCGAb_332_333_334_NSP_GenomeWideSNP_6_F08_1367400	11	55376511	55453009	50	-1.3631
FENCE_p_TCGAb_332_333_334_NSP_GenomeWideSNP_6_F08_1367400	11	55453576	56730500	861	-0.5286
FENCE_p_TCGAb_332_333_334_NSP_GenomeWideSNP_6_F08_1367400	11	56736558	57053273	236	0.6959
FENCE_p_TCGAb_332_333_334_NSP_GenomeWideSNP_6_F08_1367400	11	57053651	57352562	147	0.4512
FENCE_p_TCGAb_332_333_334_NSP_GenomeWideSNP_6_F08_1367400	11	57353029	57385398	21	0.0553
FENCE_p_TCGAb_332_333_334_NSP_GenomeWideSNP_6_F08_1367400	11	57390021	59479582	1165	-0.5185
FENCE_p_TCGAb_332_333_334_NSP_GenomeWideSNP_6_F08_1367400	11	59479798	62644972	1829	0.4272
FENCE_p_TCGAb_332_333_334_NSP_GenomeWideSNP_6_F08_1367400	11	62652779	62745194	43	0.0488
FENCE_p_TCGAb_332_333_334_NSP_GenomeWideSNP_6_F08_1367400	11	62749494	62803525	34	0.5284
FENCE_p_TCGAb_332_333_334_NSP_GenomeWideSNP_6_F08_1367400	11	62813912	63615628	413	-0.4733
FENCE_p_TCGAb_332_333_334_NSP_GenomeWideSNP_6_F08_1367400	11	63622632	63696187	24	0.8708
FENCE_p_TCGAb_332_333_334_NSP_GenomeWideSNP_6_F08_1367400	11	63702635	64913368	463	-0.5432
FENCE_p_TCGAb_332_333_334_NSP_GenomeWideSNP_6_F08_1367400	11	64921523	65033515	38	0.4384
FENCE_p_TCGAb_332_333_334_NSP_GenomeWideSNP_6_F08_1367400	11	65043378	65254201	92	0.0065
FENCE_p_TCGAb_332_333_334_NSP_GenomeWideSNP_6_F08_1367400	11	65257456	65768653	223	0.9341
FENCE_p_TCGAb_332_333_334_NSP_GenomeWideSNP_6_F08_1367400	11	65770658	66980818	453	0.0594
FENCE_p_TCGAb_332_333_334_NSP_GenomeWideSNP_6_F08_1367400	11	66986767	69068745	932	-0.5133
FENCE_p_TCGAb_332_333_334_NSP_GenomeWideSNP_6_F08_1367400	11	69072869	69699980	378	1.2549
FENCE_p_TCGAb_332_333_334_NSP_GenomeWideSNP_6_F08_1367400	11	69800156	69869679	55	0.9191
FENCE_p_TCGAb_332_333_334_NSP_GenomeWideSNP_6_F08_1367400	11	69870082	70321096	234	1.1979
FENCE_p_TCGAb_332_333_334_NSP_GenomeWideSNP_6_F08_1367400	11	70326807	72629946	1247	-0.5147
FENCE_p_TCGAb_332_333_334_NSP_GenomeWideSNP_6_F08_1367400	11	72632277	73369581	341	1.262
FENCE_p_TCGAb_332_333_334_NSP_GenomeWideSNP_6_F08_1367400	11	73372685	74531019	660	0.7285
FENCE_p_TCGAb_332_333_334_NSP_GenomeWideSNP_6_F08_1367400	11	74533452	75166868	347	0.4195
FENCE_p_TCGAb_332_333_334_NSP_GenomeWideSNP_6_F08_1367400	11	75171083	77005811	1022	0.0346
FENCE_p_TCGAb_332_333_334_NSP_GenomeWideSNP_6_F08_1367400	11	77012304	80540697	2475	-0.5288
FENCE_p_TCGAb_332_333_334_NSP_GenomeWideSNP_6_F08_1367400	11	80540876	80541955	2	-2.8724
FENCE_p_TCGAb_332_333_334_NSP_GenomeWideSNP_6_F08_1367400	11	80543606	89474831	6158	-0.5175
FENCE_p_TCGAb_332_333_334_NSP_GenomeWideSNP_6_F08_1367400	11	89487949	89535468	7	-1.6428
FENCE_p_TCGAb_332_333_334_NSP_GenomeWideSNP_6_F08_1367400	11	89535666	91239995	1023	-0.5096
FENCE_p_TCGAb_332_333_334_NSP_GenomeWideSNP_6_F08_1367400	11	91246211	91346327	70	0.6776
FENCE_p_TCGAb_332_333_334_NSP_GenomeWideSNP_6_F08_1367400	11	91346750	91917454	425	0.3981
FENCE_p_TCGAb_332_333_334_NSP_GenomeWideSNP_6_F08_1367400	11	91922516	92422549	358	0.7314
FENCE_p_TCGAb_332_333_334_NSP_GenomeWideSNP_6_F08_1367400	11	92423261	92470588	45	1.3782
FENCE_p_TCGAb_332_333_334_NSP_GenomeWideSNP_6_F08_1367400	11	92472261	93697958	900	-0.5416
FENCE_p_TCGAb_332_333_334_NSP_GenomeWideSNP_6_F08_1367400	11	93698060	93701588	8	-3.8107
FENCE_p_TCGAb_332_333_334_NSP_GenomeWideSNP_6_F08_1367400	11	93704460	134944770	29547	-0.5351
FENCE_p_TCGAb_332_333_334_NSP_GenomeWideSNP_6_F08_1367400	12	150442	7088058	4940	-0.5267
FENCE_p_TCGAb_332_333_334_NSP_GenomeWideSNP_6_F08_1367400	12	7089468	7346995	98	0.0226
FENCE_p_TCGAb_332_333_334_NSP_GenomeWideSNP_6_F08_1367400	12	7355898	7422403	42	0.404
FENCE_p_TCGAb_332_333_334_NSP_GenomeWideSNP_6_F08_1367400	12	7426988	8123900	331	-0.5201
FENCE_p_TCGAb_332_333_334_NSP_GenomeWideSNP_6_F08_1367400	12	8130958	8558792	189	0.4038
FENCE_p_TCGAb_332_333_334_NSP_GenomeWideSNP_6_F08_1367400	12	8558813	8581141	18	-0.2831
FENCE_p_TCGAb_332_333_334_NSP_GenomeWideSNP_6_F08_1367400	12	8584672	8937720	176	0.4074
FENCE_p_TCGAb_332_333_334_NSP_GenomeWideSNP_6_F08_1367400	12	8946016	9630556	388	-0.5564
FENCE_p_TCGAb_332_333_334_NSP_GenomeWideSNP_6_F08_1367400	12	9633870	9734970	27	0.1504
FENCE_p_TCGAb_332_333_334_NSP_GenomeWideSNP_6_F08_1367400	12	9735686	10058248	250	-0.5232
FENCE_p_TCGAb_332_333_334_NSP_GenomeWideSNP_6_F08_1367400	12	10060816	10874699	566	1.1435
FENCE_p_TCGAb_332_333_334_NSP_GenomeWideSNP_6_F08_1367400	12	10876337	25258457	9831	-0.5309
FENCE_p_TCGAb_332_333_334_NSP_GenomeWideSNP_6_F08_1367400	12	25261268	25370539	79	1.3059
FENCE_p_TCGAb_332_333_334_NSP_GenomeWideSNP_6_F08_1367400	12	25370603	25370775	4	0.4337
FENCE_p_TCGAb_332_333_334_NSP_GenomeWideSNP_6_F08_1367400	12	25371462	25377692	10	1.4253
FENCE_p_TCGAb_332_333_334_NSP_GenomeWideSNP_6_F08_1367400	12	25377709	25377802	3	-0.4667
FENCE_p_TCGAb_332_333_334_NSP_GenomeWideSNP_6_F08_1367400	12	25377990	25402069	67	1.2601
FENCE_p_TCGAb_332_333_334_NSP_GenomeWideSNP_6_F08_1367400	12	25402208	25402468	3	0.116
FENCE_p_TCGAb_332_333_334_NSP_GenomeWideSNP_6_F08_1367400	12	25404604	25547340	100	1.2486
FENCE_p_TCGAb_332_333_334_NSP_GenomeWideSNP_6_F08_1367400	12	25556704	26622098	830	0.0522
FENCE_p_TCGAb_332_333_334_NSP_GenomeWideSNP_6_F08_1367400	12	26626388	27647741	667	0.7071
FENCE_p_TCGAb_332_333_334_NSP_GenomeWideSNP_6_F08_1367400	12	27647858	27651362	27	0.2966
FENCE_p_TCGAb_332_333_334_NSP_GenomeWideSNP_6_F08_1367400	12	27657161	28220020	427	0.7247
FENCE_p_TCGAb_332_333_334_NSP_GenomeWideSNP_6_F08_1367400	12	28222007	29388772	845	0.0338
FENCE_p_TCGAb_332_333_334_NSP_GenomeWideSNP_6_F08_1367400	12	29392003	30239267	608	0.7206
FENCE_p_TCGAb_332_333_334_NSP_GenomeWideSNP_6_F08_1367400	12	30239314	30243933	25	-0.5348
FENCE_p_TCGAb_332_333_334_NSP_GenomeWideSNP_6_F08_1367400	12	30243950	30329154	109	0.723
FENCE_p_TCGAb_332_333_334_NSP_GenomeWideSNP_6_F08_1367400	12	30334952	33379966	2227	0.0232
FENCE_p_TCGAb_332_333_334_NSP_GenomeWideSNP_6_F08_1367400	12	33385830	33395418	7	-2.2203
FENCE_p_TCGAb_332_333_334_NSP_GenomeWideSNP_6_F08_1367400	12	33399053	52302443	9023	0.0292
FENCE_p_TCGAb_332_333_334_NSP_GenomeWideSNP_6_F08_1367400	12	52304399	52304461	2	-1.8521
FENCE_p_TCGAb_332_333_334_NSP_GenomeWideSNP_6_F08_1367400	12	52306221	64096642	7250	0.0268
FENCE_p_TCGAb_332_333_334_NSP_GenomeWideSNP_6_F08_1367400	12	64098365	64098952	3	-1.795
FENCE_p_TCGAb_332_333_334_NSP_GenomeWideSNP_6_F08_1367400	12	64104389	84163187	12940	0.0214
FENCE_p_TCGAb_332_333_334_NSP_GenomeWideSNP_6_F08_1367400	12	84163290	84165279	4	-1.1952
FENCE_p_TCGAb_332_333_334_NSP_GenomeWideSNP_6_F08_1367400	12	84165279	99791814	10086	0.0172
FENCE_p_TCGAb_332_333_334_NSP_GenomeWideSNP_6_F08_1367400	12	99795293	99798734	31	-0.5386
FENCE_p_TCGAb_332_333_334_NSP_GenomeWideSNP_6_F08_1367400	12	99803093	133778189	22745	0.0223
FENCE_p_TCGAb_332_333_334_NSP_GenomeWideSNP_6_F08_1367400	13	19026949	57751096	26091	0.0275
FENCE_p_TCGAb_332_333_334_NSP_GenomeWideSNP_6_F08_1367400	13	57758270	57778380	34	-2.5374
FENCE_p_TCGAb_332_333_334_NSP_GenomeWideSNP_6_F08_1367400	13	57789714	72476988	8992	0.0246
FENCE_p_TCGAb_332_333_334_NSP_GenomeWideSNP_6_F08_1367400	13	72477555	72480556	4	1.3183
FENCE_p_TCGAb_332_333_334_NSP_GenomeWideSNP_6_F08_1367400	13	72480605	76105605	2668	0.0159
FENCE_p_TCGAb_332_333_334_NSP_GenomeWideSNP_6_F08_1367400	13	76109536	76120628	12	0.6548
FENCE_p_TCGAb_332_333_334_NSP_GenomeWideSNP_6_F08_1367400	13	76122137	92899249	10513	0.0131
FENCE_p_TCGAb_332_333_334_NSP_GenomeWideSNP_6_F08_1367400	13	92899299	92909778	13	-0.8251
FENCE_p_TCGAb_332_333_334_NSP_GenomeWideSNP_6_F08_1367400	13	92911745	94687480	1258	0.0071
FENCE_p_TCGAb_332_333_334_NSP_GenomeWideSNP_6_F08_1367400	13	94689471	94704015	12	-0.6262
FENCE_p_TCGAb_332_333_334_NSP_GenomeWideSNP_6_F08_1367400	13	94704039	96019456	1028	0.0097
FENCE_p_TCGAb_332_333_334_NSP_GenomeWideSNP_6_F08_1367400	13	96019789	96023786	4	-1.222
FENCE_p_TCGAb_332_333_334_NSP_GenomeWideSNP_6_F08_1367400	13	96026985	106249855	7380	0.0212
FENCE_p_TCGAb_332_333_334_NSP_GenomeWideSNP_6_F08_1367400	13	106256067	106256374	3	-1.3571
FENCE_p_TCGAb_332_333_334_NSP_GenomeWideSNP_6_F08_1367400	13	106259835	113703404	5668	0.0327
FENCE_p_TCGAb_332_333_334_NSP_GenomeWideSNP_6_F08_1367400	13	113704385	113707613	2	-1.5728
FENCE_p_TCGAb_332_333_334_NSP_GenomeWideSNP_6_F08_1367400	13	113707658	115108397	553	0.0374
FENCE_p_TCGAb_332_333_334_NSP_GenomeWideSNP_6_F08_1367400	14	19002124	21357147	906	-0.0198
FENCE_p_TCGAb_332_333_334_NSP_GenomeWideSNP_6_F08_1367400	14	21362036	21421088	24	-0.8286
FENCE_p_TCGAb_332_333_334_NSP_GenomeWideSNP_6_F08_1367400	14	21424718	61286823	25265	0.0581
FENCE_p_TCGAb_332_333_334_NSP_GenomeWideSNP_6_F08_1367400	14	61297781	74001123	8100	-0.4787
FENCE_p_TCGAb_332_333_334_NSP_GenomeWideSNP_6_F08_1367400	14	74006707	74029900	9	0.6401
FENCE_p_TCGAb_332_333_334_NSP_GenomeWideSNP_6_F08_1367400	14	74029915	92785869	12243	-0.4855
FENCE_p_TCGAb_332_333_334_NSP_GenomeWideSNP_6_F08_1367400	14	92786283	92786637	2	-3.2327
FENCE_p_TCGAb_332_333_334_NSP_GenomeWideSNP_6_F08_1367400	14	92787050	95722060	2103	-0.4863
FENCE_p_TCGAb_332_333_334_NSP_GenomeWideSNP_6_F08_1367400	14	95730723	103241015	5174	0.072
FENCE_p_TCGAb_332_333_334_NSP_GenomeWideSNP_6_F08_1367400	14	103246470	106320386	1175	-0.4858
FENCE_p_TCGAb_332_333_334_NSP_GenomeWideSNP_6_F08_1367400	14	106328269	106329229	8	-2.5291
FENCE_p_TCGAb_332_333_334_NSP_GenomeWideSNP_6_F08_1367400	14	106342317	106672572	129	-0.2661
FENCE_p_TCGAb_332_333_334_NSP_GenomeWideSNP_6_F08_1367400	14	106673452	106839760	72	-0.8435
FENCE_p_TCGAb_332_333_334_NSP_GenomeWideSNP_6_F08_1367400	14	106843972	107285437	294	-0.3846
FENCE_p_TCGAb_332_333_334_NSP_GenomeWideSNP_6_F08_1367400	15	20016328	20262236	53	0.0116
FENCE_p_TCGAb_332_333_334_NSP_GenomeWideSNP_6_F08_1367400	15	20264286	20578421	45	0.8042
FENCE_p_TCGAb_332_333_334_NSP_GenomeWideSNP_6_F08_1367400	15	20581451	20581562	6	0.0548
FENCE_p_TCGAb_332_333_334_NSP_GenomeWideSNP_6_F08_1367400	15	20581564	20646575	41	0.7999
FENCE_p_TCGAb_332_333_334_NSP_GenomeWideSNP_6_F08_1367400	15	20646685	20820067	10	0.2376
FENCE_p_TCGAb_332_333_334_NSP_GenomeWideSNP_6_F08_1367400	15	20820159	20830582	3	-1.0475
FENCE_p_TCGAb_332_333_334_NSP_GenomeWideSNP_6_F08_1367400	15	20843562	21173886	109	0.6856
FENCE_p_TCGAb_332_333_334_NSP_GenomeWideSNP_6_F08_1367400	15	21186400	21273220	20	-0.0606
FENCE_p_TCGAb_332_333_334_NSP_GenomeWideSNP_6_F08_1367400	15	21275684	22673399	136	0.9463
FENCE_p_TCGAb_332_333_334_NSP_GenomeWideSNP_6_F08_1367400	15	22681076	26581816	2394	0.0158
FENCE_p_TCGAb_332_333_334_NSP_GenomeWideSNP_6_F08_1367400	15	26581883	26586045	3	-2.0068
FENCE_p_TCGAb_332_333_334_NSP_GenomeWideSNP_6_F08_1367400	15	26586881	27918623	994	0.0297
FENCE_p_TCGAb_332_333_334_NSP_GenomeWideSNP_6_F08_1367400	15	27919497	27927806	13	-0.9741
FENCE_p_TCGAb_332_333_334_NSP_GenomeWideSNP_6_F08_1367400	15	27928794	30370031	1271	0.0199
FENCE_p_TCGAb_332_333_334_NSP_GenomeWideSNP_6_F08_1367400	15	30386411	30925605	114	-0.5114
FENCE_p_TCGAb_332_333_334_NSP_GenomeWideSNP_6_F08_1367400	15	30930500	32023678	702	0.0297
FENCE_p_TCGAb_332_333_334_NSP_GenomeWideSNP_6_F08_1367400	15	32024867	32025645	2	-1.4469
FENCE_p_TCGAb_332_333_334_NSP_GenomeWideSNP_6_F08_1367400	15	32028767	32460887	345	0.0356
FENCE_p_TCGAb_332_333_334_NSP_GenomeWideSNP_6_F08_1367400	15	32461414	32914252	74	-0.2805
FENCE_p_TCGAb_332_333_334_NSP_GenomeWideSNP_6_F08_1367400	15	32915605	45360094	7840	0.0339
FENCE_p_TCGAb_332_333_334_NSP_GenomeWideSNP_6_F08_1367400	15	45367524	45367849	2	-2.2122
FENCE_p_TCGAb_332_333_334_NSP_GenomeWideSNP_6_F08_1367400	15	45370524	55135962	6381	0.0307
FENCE_p_TCGAb_332_333_334_NSP_GenomeWideSNP_6_F08_1367400	15	55136295	55136689	3	-1.4499
FENCE_p_TCGAb_332_333_334_NSP_GenomeWideSNP_6_F08_1367400	15	55136755	102469040	31461	0.0387
FENCE_p_TCGAb_332_333_334_NSP_GenomeWideSNP_6_F08_1367400	16	60777	16543819	11794	0.457
FENCE_p_TCGAb_332_333_334_NSP_GenomeWideSNP_6_F08_1367400	16	16555853	16652699	12	-0.3193
FENCE_p_TCGAb_332_333_334_NSP_GenomeWideSNP_6_F08_1367400	16	16656975	17340744	396	0.4291
FENCE_p_TCGAb_332_333_334_NSP_GenomeWideSNP_6_F08_1367400	16	17343051	17346501	4	-1.4491
FENCE_p_TCGAb_332_333_334_NSP_GenomeWideSNP_6_F08_1367400	16	17350043	18198717	595	0.4115
FENCE_p_TCGAb_332_333_334_NSP_GenomeWideSNP_6_F08_1367400	16	18228118	18238289	2	2.1104
FENCE_p_TCGAb_332_333_334_NSP_GenomeWideSNP_6_F08_1367400	16	18242726	20501023	1163	0.4623
FENCE_p_TCGAb_332_333_334_NSP_GenomeWideSNP_6_F08_1367400	16	20512781	20533520	24	-1.0425
FENCE_p_TCGAb_332_333_334_NSP_GenomeWideSNP_6_F08_1367400	16	20533641	33643399	6343	0.4438
FENCE_p_TCGAb_332_333_334_NSP_GenomeWideSNP_6_F08_1367400	16	33644022	33681101	9	-0.6582
FENCE_p_TCGAb_332_333_334_NSP_GenomeWideSNP_6_F08_1367400	16	33709435	35283226	506	0.3843
FENCE_p_TCGAb_332_333_334_NSP_GenomeWideSNP_6_F08_1367400	16	46463782	47351031	352	-0.5133
FENCE_p_TCGAb_332_333_334_NSP_GenomeWideSNP_6_F08_1367400	16	47355683	49325897	1171	0.475
FENCE_p_TCGAb_332_333_334_NSP_GenomeWideSNP_6_F08_1367400	16	49326781	50747704	914	-0.5222
FENCE_p_TCGAb_332_333_334_NSP_GenomeWideSNP_6_F08_1367400	16	50750953	50757735	8	0.6916
FENCE_p_TCGAb_332_333_334_NSP_GenomeWideSNP_6_F08_1367400	16	50759547	50792268	20	-0.5065
FENCE_p_TCGAb_332_333_334_NSP_GenomeWideSNP_6_F08_1367400	16	50792661	51000145	163	0.026
FENCE_p_TCGAb_332_333_334_NSP_GenomeWideSNP_6_F08_1367400	16	51001760	51048028	39	0.4661
FENCE_p_TCGAb_332_333_334_NSP_GenomeWideSNP_6_F08_1367400	16	51049988	51707148	493	-0.539
FENCE_p_TCGAb_332_333_334_NSP_GenomeWideSNP_6_F08_1367400	16	51710306	56398371	3712	0.4485
FENCE_p_TCGAb_332_333_334_NSP_GenomeWideSNP_6_F08_1367400	16	56406096	56648125	145	-0.4746
FENCE_p_TCGAb_332_333_334_NSP_GenomeWideSNP_6_F08_1367400	16	56649637	57387790	420	0.4539
FENCE_p_TCGAb_332_333_334_NSP_GenomeWideSNP_6_F08_1367400	16	57401307	58942985	945	-0.5409
FENCE_p_TCGAb_332_333_334_NSP_GenomeWideSNP_6_F08_1367400	16	58947475	58956134	5	-1.9171
FENCE_p_TCGAb_332_333_334_NSP_GenomeWideSNP_6_F08_1367400	16	58961580	70854381	7129	-0.5662
FENCE_p_TCGAb_332_333_334_NSP_GenomeWideSNP_6_F08_1367400	16	70855202	71201073	138	-0.2851
FENCE_p_TCGAb_332_333_334_NSP_GenomeWideSNP_6_F08_1367400	16	71202489	81004307	8297	-0.5692
FENCE_p_TCGAb_332_333_334_NSP_GenomeWideSNP_6_F08_1367400	16	81005379	81005402	2	-4.5792
FENCE_p_TCGAb_332_333_334_NSP_GenomeWideSNP_6_F08_1367400	16	81006758	90287535	7522	-0.5882
FENCE_p_TCGAb_332_333_334_NSP_GenomeWideSNP_6_F08_1367400	17	526	10888262	6401	-0.5251
FENCE_p_TCGAb_332_333_334_NSP_GenomeWideSNP_6_F08_1367400	17	10895679	10896036	2	-3.2139
FENCE_p_TCGAb_332_333_334_NSP_GenomeWideSNP_6_F08_1367400	17	10898819	16701526	4081	-0.5258
FENCE_p_TCGAb_332_333_334_NSP_GenomeWideSNP_6_F08_1367400	17	16709547	16718978	3	-2.4619
FENCE_p_TCGAb_332_333_334_NSP_GenomeWideSNP_6_F08_1367400	17	16719043	16741784	8	0.0739
FENCE_p_TCGAb_332_333_334_NSP_GenomeWideSNP_6_F08_1367400	17	16757147	18036072	740	-0.5464
FENCE_p_TCGAb_332_333_334_NSP_GenomeWideSNP_6_F08_1367400	17	18043270	18319862	173	0.0988
FENCE_p_TCGAb_332_333_334_NSP_GenomeWideSNP_6_F08_1367400	17	18355392	18465221	29	0.6859
FENCE_p_TCGAb_332_333_334_NSP_GenomeWideSNP_6_F08_1367400	17	18469197	36135824	7880	0.0393
FENCE_p_TCGAb_332_333_334_NSP_GenomeWideSNP_6_F08_1367400	17	36138984	36410559	73	-0.4787
FENCE_p_TCGAb_332_333_334_NSP_GenomeWideSNP_6_F08_1367400	17	36410733	36468311	11	0.0328
FENCE_p_TCGAb_332_333_334_NSP_GenomeWideSNP_6_F08_1367400	17	36470638	36909499	204	-0.5115
FENCE_p_TCGAb_332_333_334_NSP_GenomeWideSNP_6_F08_1367400	17	36911996	39421708	1333	0.048
FENCE_p_TCGAb_332_333_334_NSP_GenomeWideSNP_6_F08_1367400	17	39423014	39430531	24	1.3733
FENCE_p_TCGAb_332_333_334_NSP_GenomeWideSNP_6_F08_1367400	17	39432724	39926571	364	0.0642
FENCE_p_TCGAb_332_333_334_NSP_GenomeWideSNP_6_F08_1367400	17	39927192	42057627	1126	-0.5123
FENCE_p_TCGAb_332_333_334_NSP_GenomeWideSNP_6_F08_1367400	17	42065525	44505241	1157	0.0176
FENCE_p_TCGAb_332_333_334_NSP_GenomeWideSNP_6_F08_1367400	17	44523711	44523726	2	2.3281
FENCE_p_TCGAb_332_333_334_NSP_GenomeWideSNP_6_F08_1367400	17	44546329	44752283	32	0.4472
FENCE_p_TCGAb_332_333_334_NSP_GenomeWideSNP_6_F08_1367400	17	44752300	45153357	220	0.0208
FENCE_p_TCGAb_332_333_334_NSP_GenomeWideSNP_6_F08_1367400	17	45160022	45170436	4	0.8079
FENCE_p_TCGAb_332_333_334_NSP_GenomeWideSNP_6_F08_1367400	17	45174877	45272321	40	0.3683
FENCE_p_TCGAb_332_333_334_NSP_GenomeWideSNP_6_F08_1367400	17	45278790	45583375	151	0.9438
FENCE_p_TCGAb_332_333_334_NSP_GenomeWideSNP_6_F08_1367400	17	45594531	46318175	390	0.4876
FENCE_p_TCGAb_332_333_334_NSP_GenomeWideSNP_6_F08_1367400	17	46319406	47007013	340	1.0847
FENCE_p_TCGAb_332_333_334_NSP_GenomeWideSNP_6_F08_1367400	17	47007497	47270109	153	0.7709
FENCE_p_TCGAb_332_333_334_NSP_GenomeWideSNP_6_F08_1367400	17	47272186	48181557	481	0.0493
FENCE_p_TCGAb_332_333_334_NSP_GenomeWideSNP_6_F08_1367400	17	48185019	48769329	322	0.7534
FENCE_p_TCGAb_332_333_334_NSP_GenomeWideSNP_6_F08_1367400	17	48773492	48875028	48	1.696
FENCE_p_TCGAb_332_333_334_NSP_GenomeWideSNP_6_F08_1367400	17	48882991	49364104	217	1.3114
FENCE_p_TCGAb_332_333_334_NSP_GenomeWideSNP_6_F08_1367400	17	49365496	49604068	164	-0.5006
FENCE_p_TCGAb_332_333_334_NSP_GenomeWideSNP_6_F08_1367400	17	49605930	49744993	126	0.6837
FENCE_p_TCGAb_332_333_334_NSP_GenomeWideSNP_6_F08_1367400	17	49747558	54686424	3557	-0.5284
FENCE_p_TCGAb_332_333_334_NSP_GenomeWideSNP_6_F08_1367400	17	54692599	54868763	195	1.3371
FENCE_p_TCGAb_332_333_334_NSP_GenomeWideSNP_6_F08_1367400	17	54869473	54917200	32	0.7433
FENCE_p_TCGAb_332_333_334_NSP_GenomeWideSNP_6_F08_1367400	17	54918840	54954722	25	1.5587
FENCE_p_TCGAb_332_333_334_NSP_GenomeWideSNP_6_F08_1367400	17	54962184	55157698	109	0.7502
FENCE_p_TCGAb_332_333_334_NSP_GenomeWideSNP_6_F08_1367400	17	55158811	55268710	87	0.3895
FENCE_p_TCGAb_332_333_334_NSP_GenomeWideSNP_6_F08_1367400	17	55268754	55279508	12	0.6991
FENCE_p_TCGAb_332_333_334_NSP_GenomeWideSNP_6_F08_1367400	17	55280742	55783575	401	0.9827
FENCE_p_TCGAb_332_333_334_NSP_GenomeWideSNP_6_F08_1367400	17	55786797	55978236	166	0.4166
FENCE_p_TCGAb_332_333_334_NSP_GenomeWideSNP_6_F08_1367400	17	55980686	57016469	508	-0.4939
FENCE_p_TCGAb_332_333_334_NSP_GenomeWideSNP_6_F08_1367400	17	57020766	81049726	13845	0.0392
FENCE_p_TCGAb_332_333_334_NSP_GenomeWideSNP_6_F08_1367400	18	11543	57652638	36055	0.0299
FENCE_p_TCGAb_332_333_334_NSP_GenomeWideSNP_6_F08_1367400	18	57652749	57665024	43	0.5664
FENCE_p_TCGAb_332_333_334_NSP_GenomeWideSNP_6_F08_1367400	18	57668349	63762300	4311	0.0336
FENCE_p_TCGAb_332_333_334_NSP_GenomeWideSNP_6_F08_1367400	18	63767140	63767288	2	-2.3708
FENCE_p_TCGAb_332_333_334_NSP_GenomeWideSNP_6_F08_1367400	18	63767922	78015057	10379	0.0316
FENCE_p_TCGAb_332_333_334_NSP_GenomeWideSNP_6_F08_1367400	19	90910	9273800	3410	0.0363
FENCE_p_TCGAb_332_333_334_NSP_GenomeWideSNP_6_F08_1367400	19	9274672	9277476	4	-1.1831
FENCE_p_TCGAb_332_333_334_NSP_GenomeWideSNP_6_F08_1367400	19	9278121	20594676	5565	0.04
FENCE_p_TCGAb_332_333_334_NSP_GenomeWideSNP_6_F08_1367400	19	20596206	20721234	72	-0.6864
FENCE_p_TCGAb_332_333_334_NSP_GenomeWideSNP_6_F08_1367400	19	20721462	21814919	624	0.0283
FENCE_p_TCGAb_332_333_334_NSP_GenomeWideSNP_6_F08_1367400	19	21815640	21819869	2	-2.149
FENCE_p_TCGAb_332_333_334_NSP_GenomeWideSNP_6_F08_1367400	19	21820111	35658728	6963	0.0377
FENCE_p_TCGAb_332_333_334_NSP_GenomeWideSNP_6_F08_1367400	19	35663774	35663992	5	-1.4486
FENCE_p_TCGAb_332_333_334_NSP_GenomeWideSNP_6_F08_1367400	19	35664043	43308886	3928	0.0386
FENCE_p_TCGAb_332_333_334_NSP_GenomeWideSNP_6_F08_1367400	19	43309312	43643378	155	-0.8449
FENCE_p_TCGAb_332_333_334_NSP_GenomeWideSNP_6_F08_1367400	19	43646784	50552473	3341	0.0432
FENCE_p_TCGAb_332_333_334_NSP_GenomeWideSNP_6_F08_1367400	19	50552894	50592124	26	-0.3564
FENCE_p_TCGAb_332_333_334_NSP_GenomeWideSNP_6_F08_1367400	19	50592237	52131813	845	0.0524
FENCE_p_TCGAb_332_333_334_NSP_GenomeWideSNP_6_F08_1367400	19	52142352	52148197	11	-1.0826
FENCE_p_TCGAb_332_333_334_NSP_GenomeWideSNP_6_F08_1367400	19	52154905	59097854	4379	0.0322
FENCE_p_TCGAb_332_333_334_NSP_GenomeWideSNP_6_F08_1367400	20	61305	1560951	1205	0.0271
FENCE_p_TCGAb_332_333_334_NSP_GenomeWideSNP_6_F08_1367400	20	1560999	1593893	42	-0.5116
FENCE_p_TCGAb_332_333_334_NSP_GenomeWideSNP_6_F08_1367400	20	1597946	62956153	41204	0.0402
FENCE_p_TCGAb_332_333_334_NSP_GenomeWideSNP_6_F08_1367400	21	10736871	10943554	35	0.4205
FENCE_p_TCGAb_332_333_334_NSP_GenomeWideSNP_6_F08_1367400	21	10953424	14532550	109	-0.1055
FENCE_p_TCGAb_332_333_334_NSP_GenomeWideSNP_6_F08_1367400	21	14538478	14549965	4	-1.7561
FENCE_p_TCGAb_332_333_334_NSP_GenomeWideSNP_6_F08_1367400	21	14560710	28194904	9810	0.0232
FENCE_p_TCGAb_332_333_334_NSP_GenomeWideSNP_6_F08_1367400	21	28200072	28200722	7	-0.9196
FENCE_p_TCGAb_332_333_334_NSP_GenomeWideSNP_6_F08_1367400	21	28204073	44968053	12670	0.0391
FENCE_p_TCGAb_332_333_334_NSP_GenomeWideSNP_6_F08_1367400	21	44970873	44972812	2	-2.3029
FENCE_p_TCGAb_332_333_334_NSP_GenomeWideSNP_6_F08_1367400	21	44973667	48096957	1762	0.0238
FENCE_p_TCGAb_332_333_334_NSP_GenomeWideSNP_6_F08_1367400	22	16052528	18055605	777	-0.4808
FENCE_p_TCGAb_332_333_334_NSP_GenomeWideSNP_6_F08_1367400	22	18058748	18058885	2	2.5677
FENCE_p_TCGAb_332_333_334_NSP_GenomeWideSNP_6_F08_1367400	22	18062891	51234455	22674	-0.532
FENCE_p_TCGAb_332_333_334_NSP_GenomeWideSNP_6_F08_1367400	X	168477	56941944	32964	0.0079
FENCE_p_TCGAb_332_333_334_NSP_GenomeWideSNP_6_F08_1367400	X	56949265	56956797	43	-1.0545
FENCE_p_TCGAb_332_333_334_NSP_GenomeWideSNP_6_F08_1367400	X	56968858	90968512	14685	0.001
FENCE_p_TCGAb_332_333_334_NSP_GenomeWideSNP_6_F08_1367400	X	90970506	90971740	7	-1.4635
FENCE_p_TCGAb_332_333_334_NSP_GenomeWideSNP_6_F08_1367400	X	90971771	139493325	27154	-1e-04
FENCE_p_TCGAb_332_333_334_NSP_GenomeWideSNP_6_F08_1367400	X	139496410	139501194	6	-1.0057
FENCE_p_TCGAb_332_333_334_NSP_GenomeWideSNP_6_F08_1367400	X	139504734	140647123	651	0.0024
FENCE_p_TCGAb_332_333_334_NSP_GenomeWideSNP_6_F08_1367400	X	140647163	140681794	7	-1.4167
FENCE_p_TCGAb_332_333_334_NSP_GenomeWideSNP_6_F08_1367400	X	140683977	144572349	2709	-0.0045
FENCE_p_TCGAb_332_333_334_NSP_GenomeWideSNP_6_F08_1367400	X	144572813	144573953	3	-1.689
FENCE_p_TCGAb_332_333_334_NSP_GenomeWideSNP_6_F08_1367400	X	144574404	146843663	1687	0.0035
FENCE_p_TCGAb_332_333_334_NSP_GenomeWideSNP_6_F08_1367400	X	146843698	146849159	32	-0.9042
FENCE_p_TCGAb_332_333_334_NSP_GenomeWideSNP_6_F08_1367400	X	146849192	150876755	2528	0.0058
FENCE_p_TCGAb_332_333_334_NSP_GenomeWideSNP_6_F08_1367400	X	150877544	150878212	4	-1.4542
FENCE_p_TCGAb_332_333_334_NSP_GenomeWideSNP_6_F08_1367400	X	150878657	154775951	1910	0.0136
FENCE_p_TCGAb_332_333_334_NSP_GenomeWideSNP_6_F08_1367400	X	154779497	154780682	11	-0.8896
FENCE_p_TCGAb_332_333_334_NSP_GenomeWideSNP_6_F08_1367400	X	154783013	155182354	100	0.0312
FENCE_p_TCGAb_332_333_334_NSP_GenomeWideSNP_6_F08_1367400	Y	2650438	2951973	142	-3.3618
FENCE_p_TCGAb_332_333_334_NSP_GenomeWideSNP_6_F08_1367400	Y	2952132	6101425	728	-2.7572
FENCE_p_TCGAb_332_333_334_NSP_GenomeWideSNP_6_F08_1367400	Y	6107901	6424299	128	-4.1794
FENCE_p_TCGAb_332_333_334_NSP_GenomeWideSNP_6_F08_1367400	Y	6426233	7627911	547	-3.3609
FENCE_p_TCGAb_332_333_334_NSP_GenomeWideSNP_6_F08_1367400	Y	7628484	7659204	25	-4.7147
FENCE_p_TCGAb_332_333_334_NSP_GenomeWideSNP_6_F08_1367400	Y	7662273	8342883	496	-3.517
FENCE_p_TCGAb_332_333_334_NSP_GenomeWideSNP_6_F08_1367400	Y	8347335	9759564	559	-3.8366
FENCE_p_TCGAb_332_333_334_NSP_GenomeWideSNP_6_F08_1367400	Y	9774614	15590276	951	-3.4041
FENCE_p_TCGAb_332_333_334_NSP_GenomeWideSNP_6_F08_1367400	Y	15590342	15594523	3	-7.6945
FENCE_p_TCGAb_332_333_334_NSP_GenomeWideSNP_6_F08_1367400	Y	15594889	19571480	2082	-3.5334
FENCE_p_TCGAb_332_333_334_NSP_GenomeWideSNP_6_F08_1367400	Y	19574890	21024613	672	-4.0816
FENCE_p_TCGAb_332_333_334_NSP_GenomeWideSNP_6_F08_1367400	Y	21025062	23859163	1085	-3.5512
FENCE_p_TCGAb_332_333_334_NSP_GenomeWideSNP_6_F08_1367400	Y	23859468	26430674	567	-3.9404
FENCE_p_TCGAb_332_333_334_NSP_GenomeWideSNP_6_F08_1367400	Y	26430908	26510575	26	-2.5646
FENCE_p_TCGAb_332_333_334_NSP_GenomeWideSNP_6_F08_1367400	Y	26510799	27436702	96	-4.4198
FENCE_p_TCGAb_332_333_334_NSP_GenomeWideSNP_6_F08_1367400	Y	27444915	27529084	33	-2.6185
FENCE_p_TCGAb_332_333_334_NSP_GenomeWideSNP_6_F08_1367400	Y	27535030	27604402	23	-4.2206
FENCE_p_TCGAb_332_333_334_NSP_GenomeWideSNP_6_F08_1367400	Y	27607553	27720551	35	-2.8842
FENCE_p_TCGAb_332_333_334_NSP_GenomeWideSNP_6_F08_1367400	Y	27721084	28180322	176	-3.92
FENCE_p_TCGAb_332_333_334_NSP_GenomeWideSNP_6_F08_1367400	Y	28180757	28214007	6	-5.8884
FENCE_p_TCGAb_332_333_334_NSP_GenomeWideSNP_6_F08_1367400	Y	28215426	28277692	13	-3.9497
FENCE_p_TCGAb_332_333_334_NSP_GenomeWideSNP_6_F08_1367400	Y	28289727	28322019	13	-5.38
FENCE_p_TCGAb_332_333_334_NSP_GenomeWideSNP_6_F08_1367400	Y	28322083	28457337	51	-3.7989
FENCE_p_TCGAb_332_333_334_NSP_GenomeWideSNP_6_F08_1367400	Y	28458648	59018259	175	-3.0313
