Sample	Chromosome	Start	End	Num_Probes	Segment_Mean
FENCE_p_TCGAb_332_333_334_NSP_GenomeWideSNP_6_E12_1367306	1	61735	17112177	8820	-0.1313
FENCE_p_TCGAb_332_333_334_NSP_GenomeWideSNP_6_E12_1367306	1	17114427	17262247	69	-0.591
FENCE_p_TCGAb_332_333_334_NSP_GenomeWideSNP_6_E12_1367306	1	17276241	25178331	4972	-0.0928
FENCE_p_TCGAb_332_333_334_NSP_GenomeWideSNP_6_E12_1367306	1	25180379	25181245	3	-0.9107
FENCE_p_TCGAb_332_333_334_NSP_GenomeWideSNP_6_E12_1367306	1	25184151	25583341	292	-0.0196
FENCE_p_TCGAb_332_333_334_NSP_GenomeWideSNP_6_E12_1367306	1	25593128	25662212	31	-0.5099
FENCE_p_TCGAb_332_333_334_NSP_GenomeWideSNP_6_E12_1367306	1	25663310	72768936	28841	-0.018
FENCE_p_TCGAb_332_333_334_NSP_GenomeWideSNP_6_E12_1367306	1	72771143	72809372	38	0.2791
FENCE_p_TCGAb_332_333_334_NSP_GenomeWideSNP_6_E12_1367306	1	72809431	104159384	20085	-0.1307
FENCE_p_TCGAb_332_333_334_NSP_GenomeWideSNP_6_E12_1367306	1	104163499	104307243	31	-0.6886
FENCE_p_TCGAb_332_333_334_NSP_GenomeWideSNP_6_E12_1367306	1	104307258	106019205	915	-0.1311
FENCE_p_TCGAb_332_333_334_NSP_GenomeWideSNP_6_E12_1367306	1	106019236	106022375	16	0.5946
FENCE_p_TCGAb_332_333_334_NSP_GenomeWideSNP_6_E12_1367306	1	106024055	107387893	910	-0.1571
FENCE_p_TCGAb_332_333_334_NSP_GenomeWideSNP_6_E12_1367306	1	107387912	107388131	2	-1.7253
FENCE_p_TCGAb_332_333_334_NSP_GenomeWideSNP_6_E12_1367306	1	107388171	108766355	1051	-0.123
FENCE_p_TCGAb_332_333_334_NSP_GenomeWideSNP_6_E12_1367306	1	108769302	108817179	2	-3.5767
FENCE_p_TCGAb_332_333_334_NSP_GenomeWideSNP_6_E12_1367306	1	108828957	112696502	2683	-0.1205
FENCE_p_TCGAb_332_333_334_NSP_GenomeWideSNP_6_E12_1367306	1	112696537	112697390	18	-0.6424
FENCE_p_TCGAb_332_333_334_NSP_GenomeWideSNP_6_E12_1367306	1	112705956	152555527	8038	-0.0602
FENCE_p_TCGAb_332_333_334_NSP_GenomeWideSNP_6_E12_1367306	1	152555706	152586594	35	1.0257
FENCE_p_TCGAb_332_333_334_NSP_GenomeWideSNP_6_E12_1367306	1	152590494	193155792	27336	0.0906
FENCE_p_TCGAb_332_333_334_NSP_GenomeWideSNP_6_E12_1367306	1	193156279	193156348	4	-1.1217
FENCE_p_TCGAb_332_333_334_NSP_GenomeWideSNP_6_E12_1367306	1	193159723	196714873	2400	0.0907
FENCE_p_TCGAb_332_333_334_NSP_GenomeWideSNP_6_E12_1367306	1	196727850	196759288	41	-2.3743
FENCE_p_TCGAb_332_333_334_NSP_GenomeWideSNP_6_E12_1367306	1	196761820	196815791	55	-1.2855
FENCE_p_TCGAb_332_333_334_NSP_GenomeWideSNP_6_E12_1367306	1	196816730	210081613	8822	0.0937
FENCE_p_TCGAb_332_333_334_NSP_GenomeWideSNP_6_E12_1367306	1	210082065	210083984	2	1.5531
FENCE_p_TCGAb_332_333_334_NSP_GenomeWideSNP_6_E12_1367306	1	210086552	248697391	26939	0.0852
FENCE_p_TCGAb_332_333_334_NSP_GenomeWideSNP_6_E12_1367306	1	248709616	248809369	45	-0.5905
FENCE_p_TCGAb_332_333_334_NSP_GenomeWideSNP_6_E12_1367306	1	248818483	249224388	140	0.0675
FENCE_p_TCGAb_332_333_334_NSP_GenomeWideSNP_6_E12_1367306	2	12784	30164856	21101	-0.1269
FENCE_p_TCGAb_332_333_334_NSP_GenomeWideSNP_6_E12_1367306	2	30165005	30165137	2	-1.4939
FENCE_p_TCGAb_332_333_334_NSP_GenomeWideSNP_6_E12_1367306	2	30165295	34520473	2890	-0.1308
FENCE_p_TCGAb_332_333_334_NSP_GenomeWideSNP_6_E12_1367306	2	34523978	34525580	2	-2.3833
FENCE_p_TCGAb_332_333_334_NSP_GenomeWideSNP_6_E12_1367306	2	34525967	34691069	95	-0.1528
FENCE_p_TCGAb_332_333_334_NSP_GenomeWideSNP_6_E12_1367306	2	34699315	34737057	46	-2.3922
FENCE_p_TCGAb_332_333_334_NSP_GenomeWideSNP_6_E12_1367306	2	34737163	35967385	875	-0.1386
FENCE_p_TCGAb_332_333_334_NSP_GenomeWideSNP_6_E12_1367306	2	35968036	35987916	8	0.7999
FENCE_p_TCGAb_332_333_334_NSP_GenomeWideSNP_6_E12_1367306	2	35987947	52754561	12155	-0.1245
FENCE_p_TCGAb_332_333_334_NSP_GenomeWideSNP_6_E12_1367306	2	52754728	52754881	3	-2.4942
FENCE_p_TCGAb_332_333_334_NSP_GenomeWideSNP_6_E12_1367306	2	52758753	130793856	44037	-0.1114
FENCE_p_TCGAb_332_333_334_NSP_GenomeWideSNP_6_E12_1367306	2	130793883	130893997	18	-0.6242
FENCE_p_TCGAb_332_333_334_NSP_GenomeWideSNP_6_E12_1367306	2	130904924	146865369	9590	-0.1225
FENCE_p_TCGAb_332_333_334_NSP_GenomeWideSNP_6_E12_1367306	2	146865747	146866934	13	0.8541
FENCE_p_TCGAb_332_333_334_NSP_GenomeWideSNP_6_E12_1367306	2	146877806	151030802	2261	-0.1215
FENCE_p_TCGAb_332_333_334_NSP_GenomeWideSNP_6_E12_1367306	2	151031451	151037732	5	-1.189
FENCE_p_TCGAb_332_333_334_NSP_GenomeWideSNP_6_E12_1367306	2	151039208	208354955	34718	-0.1193
FENCE_p_TCGAb_332_333_334_NSP_GenomeWideSNP_6_E12_1367306	2	208355178	208359336	16	-1.0246
FENCE_p_TCGAb_332_333_334_NSP_GenomeWideSNP_6_E12_1367306	2	208359476	243089456	22141	-0.0291
FENCE_p_TCGAb_332_333_334_NSP_GenomeWideSNP_6_E12_1367306	3	60345	6646543	5844	0.0874
FENCE_p_TCGAb_332_333_334_NSP_GenomeWideSNP_6_E12_1367306	3	6651128	6653332	23	-0.732
FENCE_p_TCGAb_332_333_334_NSP_GenomeWideSNP_6_E12_1367306	3	6655078	37977417	21805	-0.0095
FENCE_p_TCGAb_332_333_334_NSP_GenomeWideSNP_6_E12_1367306	3	37982108	37986883	17	-1.0052
FENCE_p_TCGAb_332_333_334_NSP_GenomeWideSNP_6_E12_1367306	3	37986928	75568549	25098	-0.0123
FENCE_p_TCGAb_332_333_334_NSP_GenomeWideSNP_6_E12_1367306	3	75572549	75586805	5	-2.6116
FENCE_p_TCGAb_332_333_334_NSP_GenomeWideSNP_6_E12_1367306	3	75595181	84699184	4996	-0.0215
FENCE_p_TCGAb_332_333_334_NSP_GenomeWideSNP_6_E12_1367306	3	84699684	84702235	17	-0.6062
FENCE_p_TCGAb_332_333_334_NSP_GenomeWideSNP_6_E12_1367306	3	84702413	98944458	5996	-0.0272
FENCE_p_TCGAb_332_333_334_NSP_GenomeWideSNP_6_E12_1367306	3	98944476	98949056	26	-0.7948
FENCE_p_TCGAb_332_333_334_NSP_GenomeWideSNP_6_E12_1367306	3	98949069	98949314	10	-0.3824
FENCE_p_TCGAb_332_333_334_NSP_GenomeWideSNP_6_E12_1367306	3	98949421	129760622	18748	-0.0141
FENCE_p_TCGAb_332_333_334_NSP_GenomeWideSNP_6_E12_1367306	3	129761124	129808276	57	-0.3448
FENCE_p_TCGAb_332_333_334_NSP_GenomeWideSNP_6_E12_1367306	3	129808555	160629328	19067	-0.002
FENCE_p_TCGAb_332_333_334_NSP_GenomeWideSNP_6_E12_1367306	3	160630325	160631123	3	-1.066
FENCE_p_TCGAb_332_333_334_NSP_GenomeWideSNP_6_E12_1367306	3	160635636	162508192	1200	0.1003
FENCE_p_TCGAb_332_333_334_NSP_GenomeWideSNP_6_E12_1367306	3	162508268	162513149	5	-0.4354
FENCE_p_TCGAb_332_333_334_NSP_GenomeWideSNP_6_E12_1367306	3	162513459	162524858	8	0.9452
FENCE_p_TCGAb_332_333_334_NSP_GenomeWideSNP_6_E12_1367306	3	162528630	162532950	4	-0.5861
FENCE_p_TCGAb_332_333_334_NSP_GenomeWideSNP_6_E12_1367306	3	162534730	162540490	6	-2.0316
FENCE_p_TCGAb_332_333_334_NSP_GenomeWideSNP_6_E12_1367306	3	162545716	162615915	42	0.7276
FENCE_p_TCGAb_332_333_334_NSP_GenomeWideSNP_6_E12_1367306	3	162623842	162714517	78	0.0086
FENCE_p_TCGAb_332_333_334_NSP_GenomeWideSNP_6_E12_1367306	3	162717727	162719562	2	-3.2296
FENCE_p_TCGAb_332_333_334_NSP_GenomeWideSNP_6_E12_1367306	3	162726159	189360754	16608	0.0908
FENCE_p_TCGAb_332_333_334_NSP_GenomeWideSNP_6_E12_1367306	3	189363678	189364638	11	-0.7981
FENCE_p_TCGAb_332_333_334_NSP_GenomeWideSNP_6_E12_1367306	3	189370988	190256086	654	0.0992
FENCE_p_TCGAb_332_333_334_NSP_GenomeWideSNP_6_E12_1367306	3	190260037	190260695	3	-1.1619
FENCE_p_TCGAb_332_333_334_NSP_GenomeWideSNP_6_E12_1367306	3	190260915	192877902	1839	0.0889
FENCE_p_TCGAb_332_333_334_NSP_GenomeWideSNP_6_E12_1367306	3	192877962	192882903	19	0.7734
FENCE_p_TCGAb_332_333_334_NSP_GenomeWideSNP_6_E12_1367306	3	192886435	194634588	1160	0.0973
FENCE_p_TCGAb_332_333_334_NSP_GenomeWideSNP_6_E12_1367306	3	194641316	194641845	5	-0.7311
FENCE_p_TCGAb_332_333_334_NSP_GenomeWideSNP_6_E12_1367306	3	194642480	195412212	325	0.0841
FENCE_p_TCGAb_332_333_334_NSP_GenomeWideSNP_6_E12_1367306	3	195418263	195455508	23	0.444
FENCE_p_TCGAb_332_333_334_NSP_GenomeWideSNP_6_E12_1367306	3	195455861	197895985	1186	0.089
FENCE_p_TCGAb_332_333_334_NSP_GenomeWideSNP_6_E12_1367306	3	197896002	197896118	3	-0.6999
FENCE_p_TCGAb_332_333_334_NSP_GenomeWideSNP_6_E12_1367306	4	12281	66719	58	-0.3956
FENCE_p_TCGAb_332_333_334_NSP_GenomeWideSNP_6_E12_1367306	4	68821	777734	269	-0.138
FENCE_p_TCGAb_332_333_334_NSP_GenomeWideSNP_6_E12_1367306	4	782301	793931	2	-1.4507
FENCE_p_TCGAb_332_333_334_NSP_GenomeWideSNP_6_E12_1367306	4	796221	5162389	2180	-0.1322
FENCE_p_TCGAb_332_333_334_NSP_GenomeWideSNP_6_E12_1367306	4	5162491	5179702	13	-1.0853
FENCE_p_TCGAb_332_333_334_NSP_GenomeWideSNP_6_E12_1367306	4	5181189	9619137	2776	-0.1347
FENCE_p_TCGAb_332_333_334_NSP_GenomeWideSNP_6_E12_1367306	4	9626413	9632448	3	-1.3093
FENCE_p_TCGAb_332_333_334_NSP_GenomeWideSNP_6_E12_1367306	4	9633259	10223416	505	-0.1258
FENCE_p_TCGAb_332_333_334_NSP_GenomeWideSNP_6_E12_1367306	4	10223628	10234266	29	-0.9188
FENCE_p_TCGAb_332_333_334_NSP_GenomeWideSNP_6_E12_1367306	4	10234608	32394074	15635	-0.0543
FENCE_p_TCGAb_332_333_334_NSP_GenomeWideSNP_6_E12_1367306	4	32400551	32405314	6	-0.8473
FENCE_p_TCGAb_332_333_334_NSP_GenomeWideSNP_6_E12_1367306	4	32405883	32481587	59	-0.029
FENCE_p_TCGAb_332_333_334_NSP_GenomeWideSNP_6_E12_1367306	4	32481773	32483348	3	-0.9177
FENCE_p_TCGAb_332_333_334_NSP_GenomeWideSNP_6_E12_1367306	4	32493391	34778962	1280	-0.0117
FENCE_p_TCGAb_332_333_334_NSP_GenomeWideSNP_6_E12_1367306	4	34778975	34829872	44	0.291
FENCE_p_TCGAb_332_333_334_NSP_GenomeWideSNP_6_E12_1367306	4	34829913	49267784	8980	-0.0161
FENCE_p_TCGAb_332_333_334_NSP_GenomeWideSNP_6_E12_1367306	4	49267848	49655363	21	-0.8192
FENCE_p_TCGAb_332_333_334_NSP_GenomeWideSNP_6_E12_1367306	4	49656513	61936938	6075	-0.0199
FENCE_p_TCGAb_332_333_334_NSP_GenomeWideSNP_6_E12_1367306	4	61940935	61941952	2	1.3359
FENCE_p_TCGAb_332_333_334_NSP_GenomeWideSNP_6_E12_1367306	4	61945686	64692059	1501	-0.0292
FENCE_p_TCGAb_332_333_334_NSP_GenomeWideSNP_6_E12_1367306	4	64692979	64708258	31	-0.5999
FENCE_p_TCGAb_332_333_334_NSP_GenomeWideSNP_6_E12_1367306	4	64716431	69261064	2864	-0.0208
FENCE_p_TCGAb_332_333_334_NSP_GenomeWideSNP_6_E12_1367306	4	69282205	69288142	5	-1.5417
FENCE_p_TCGAb_332_333_334_NSP_GenomeWideSNP_6_E12_1367306	4	69294799	69372003	16	-0.2344
FENCE_p_TCGAb_332_333_334_NSP_GenomeWideSNP_6_E12_1367306	4	69374941	69505115	67	0.5928
FENCE_p_TCGAb_332_333_334_NSP_GenomeWideSNP_6_E12_1367306	4	69506334	88669936	11797	-0.0153
FENCE_p_TCGAb_332_333_334_NSP_GenomeWideSNP_6_E12_1367306	4	88670483	88670918	4	-1.1318
FENCE_p_TCGAb_332_333_334_NSP_GenomeWideSNP_6_E12_1367306	4	88670963	115173700	15936	-0.0163
FENCE_p_TCGAb_332_333_334_NSP_GenomeWideSNP_6_E12_1367306	4	115175323	115182175	23	-1.8977
FENCE_p_TCGAb_332_333_334_NSP_GenomeWideSNP_6_E12_1367306	4	115184229	161874000	28033	-0.0198
FENCE_p_TCGAb_332_333_334_NSP_GenomeWideSNP_6_E12_1367306	4	161880018	161884908	21	0.6228
FENCE_p_TCGAb_332_333_334_NSP_GenomeWideSNP_6_E12_1367306	4	161884919	172369346	6680	-0.0217
FENCE_p_TCGAb_332_333_334_NSP_GenomeWideSNP_6_E12_1367306	4	172374884	172377776	12	0.8032
FENCE_p_TCGAb_332_333_334_NSP_GenomeWideSNP_6_E12_1367306	4	172380371	191027923	12528	-0.0244
FENCE_p_TCGAb_332_333_334_NSP_GenomeWideSNP_6_E12_1367306	5	15532	728979	318	0.1093
FENCE_p_TCGAb_332_333_334_NSP_GenomeWideSNP_6_E12_1367306	5	731769	731891	2	-1.3901
FENCE_p_TCGAb_332_333_334_NSP_GenomeWideSNP_6_E12_1367306	5	732903	896815	62	-0.007
FENCE_p_TCGAb_332_333_334_NSP_GenomeWideSNP_6_E12_1367306	5	905701	908540	3	-1.2624
FENCE_p_TCGAb_332_333_334_NSP_GenomeWideSNP_6_E12_1367306	5	913391	7169476	5362	0.0862
FENCE_p_TCGAb_332_333_334_NSP_GenomeWideSNP_6_E12_1367306	5	7177338	7189925	26	-0.8931
FENCE_p_TCGAb_332_333_334_NSP_GenomeWideSNP_6_E12_1367306	5	7202635	15716127	6436	0.0952
FENCE_p_TCGAb_332_333_334_NSP_GenomeWideSNP_6_E12_1367306	5	15718492	15720597	12	-0.6436
FENCE_p_TCGAb_332_333_334_NSP_GenomeWideSNP_6_E12_1367306	5	15723346	57326027	23669	0.0863
FENCE_p_TCGAb_332_333_334_NSP_GenomeWideSNP_6_E12_1367306	5	57326163	57333533	31	-0.4852
FENCE_p_TCGAb_332_333_334_NSP_GenomeWideSNP_6_E12_1367306	5	57338357	140217794	50106	0.0914
FENCE_p_TCGAb_332_333_334_NSP_GenomeWideSNP_6_E12_1367306	5	140218330	140243756	15	-0.631
FENCE_p_TCGAb_332_333_334_NSP_GenomeWideSNP_6_E12_1367306	5	140252163	155476772	10224	0.0935
FENCE_p_TCGAb_332_333_334_NSP_GenomeWideSNP_6_E12_1367306	5	155476920	155482715	12	-0.7214
FENCE_p_TCGAb_332_333_334_NSP_GenomeWideSNP_6_E12_1367306	5	155482729	177167963	14821	0.09
FENCE_p_TCGAb_332_333_334_NSP_GenomeWideSNP_6_E12_1367306	5	177197955	177260330	8	-0.6841
FENCE_p_TCGAb_332_333_334_NSP_GenomeWideSNP_6_E12_1367306	5	177265980	180790320	1998	0.0917
FENCE_p_TCGAb_332_333_334_NSP_GenomeWideSNP_6_E12_1367306	6	149661	254283	101	-0.0241
FENCE_p_TCGAb_332_333_334_NSP_GenomeWideSNP_6_E12_1367306	6	257353	294837	23	-0.891
FENCE_p_TCGAb_332_333_334_NSP_GenomeWideSNP_6_E12_1367306	6	302306	385056	84	-0.3647
FENCE_p_TCGAb_332_333_334_NSP_GenomeWideSNP_6_E12_1367306	6	385687	23060991	17529	-0.0206
FENCE_p_TCGAb_332_333_334_NSP_GenomeWideSNP_6_E12_1367306	6	23060995	23064254	3	-1.4835
FENCE_p_TCGAb_332_333_334_NSP_GenomeWideSNP_6_E12_1367306	6	23067645	26732406	2543	-0.0287
FENCE_p_TCGAb_332_333_334_NSP_GenomeWideSNP_6_E12_1367306	6	26737032	26768569	25	-0.8803
FENCE_p_TCGAb_332_333_334_NSP_GenomeWideSNP_6_E12_1367306	6	26773063	31286305	2128	-0.016
FENCE_p_TCGAb_332_333_334_NSP_GenomeWideSNP_6_E12_1367306	6	31286531	31296451	9	0.9729
FENCE_p_TCGAb_332_333_334_NSP_GenomeWideSNP_6_E12_1367306	6	31309924	32431292	503	0.0019
FENCE_p_TCGAb_332_333_334_NSP_GenomeWideSNP_6_E12_1367306	6	32431552	32573771	39	0.9556
FENCE_p_TCGAb_332_333_334_NSP_GenomeWideSNP_6_E12_1367306	6	32574014	32582203	11	0.1442
FENCE_p_TCGAb_332_333_334_NSP_GenomeWideSNP_6_E12_1367306	6	32586908	32602107	9	0.6206
FENCE_p_TCGAb_332_333_334_NSP_GenomeWideSNP_6_E12_1367306	6	32602269	32686196	51	0.0387
FENCE_p_TCGAb_332_333_334_NSP_GenomeWideSNP_6_E12_1367306	6	32688615	32688853	3	1.955
FENCE_p_TCGAb_332_333_334_NSP_GenomeWideSNP_6_E12_1367306	6	32689324	33937999	769	0.0152
FENCE_p_TCGAb_332_333_334_NSP_GenomeWideSNP_6_E12_1367306	6	33938743	33942705	7	-1.0384
FENCE_p_TCGAb_332_333_334_NSP_GenomeWideSNP_6_E12_1367306	6	33944586	53931275	12926	-0.0161
FENCE_p_TCGAb_332_333_334_NSP_GenomeWideSNP_6_E12_1367306	6	53931380	53931419	2	2.2772
FENCE_p_TCGAb_332_333_334_NSP_GenomeWideSNP_6_E12_1367306	6	53931803	74591858	10512	-0.018
FENCE_p_TCGAb_332_333_334_NSP_GenomeWideSNP_6_E12_1367306	6	74592225	74601410	10	-0.7834
FENCE_p_TCGAb_332_333_334_NSP_GenomeWideSNP_6_E12_1367306	6	74603555	78962889	2770	-0.0078
FENCE_p_TCGAb_332_333_334_NSP_GenomeWideSNP_6_E12_1367306	6	78969065	79011266	51	0.337
FENCE_p_TCGAb_332_333_334_NSP_GenomeWideSNP_6_E12_1367306	6	79011283	79021309	28	0.0351
FENCE_p_TCGAb_332_333_334_NSP_GenomeWideSNP_6_E12_1367306	6	79021323	79023891	7	0.8737
FENCE_p_TCGAb_332_333_334_NSP_GenomeWideSNP_6_E12_1367306	6	79024104	79026701	13	0.2282
FENCE_p_TCGAb_332_333_334_NSP_GenomeWideSNP_6_E12_1367306	6	79026972	103734829	15496	-0.0225
FENCE_p_TCGAb_332_333_334_NSP_GenomeWideSNP_6_E12_1367306	6	103737976	103762061	46	0.4182
FENCE_p_TCGAb_332_333_334_NSP_GenomeWideSNP_6_E12_1367306	6	103765470	171051005	44227	-0.0946
FENCE_p_TCGAb_332_333_334_NSP_GenomeWideSNP_6_E12_1367306	7	43355	6854110	3444	0.0861
FENCE_p_TCGAb_332_333_334_NSP_GenomeWideSNP_6_E12_1367306	7	6855323	6864083	3	-1.1201
FENCE_p_TCGAb_332_333_334_NSP_GenomeWideSNP_6_E12_1367306	7	6864247	43620294	27665	0.0927
FENCE_p_TCGAb_332_333_334_NSP_GenomeWideSNP_6_E12_1367306	7	43628168	43631368	4	-1.0133
FENCE_p_TCGAb_332_333_334_NSP_GenomeWideSNP_6_E12_1367306	7	43636186	54386505	7450	0.0912
FENCE_p_TCGAb_332_333_334_NSP_GenomeWideSNP_6_E12_1367306	7	54386509	54386517	5	2.952
FENCE_p_TCGAb_332_333_334_NSP_GenomeWideSNP_6_E12_1367306	7	54393488	70420438	6298	0.078
FENCE_p_TCGAb_332_333_334_NSP_GenomeWideSNP_6_E12_1367306	7	70423250	70426141	2	-2.5131
FENCE_p_TCGAb_332_333_334_NSP_GenomeWideSNP_6_E12_1367306	7	70428243	154389895	50381	0.0891
FENCE_p_TCGAb_332_333_334_NSP_GenomeWideSNP_6_E12_1367306	7	154393171	154399613	4	-2.2351
FENCE_p_TCGAb_332_333_334_NSP_GenomeWideSNP_6_E12_1367306	7	154400830	159127004	3245	0.0845
FENCE_p_TCGAb_332_333_334_NSP_GenomeWideSNP_6_E12_1367306	8	31254	4002192	3791	-0.0281
FENCE_p_TCGAb_332_333_334_NSP_GenomeWideSNP_6_E12_1367306	8	4002207	4002316	3	-1.8646
FENCE_p_TCGAb_332_333_334_NSP_GenomeWideSNP_6_E12_1367306	8	4002653	7171097	4039	-0.0218
FENCE_p_TCGAb_332_333_334_NSP_GenomeWideSNP_6_E12_1367306	8	7186632	7186646	2	3.4086
FENCE_p_TCGAb_332_333_334_NSP_GenomeWideSNP_6_E12_1367306	8	7193821	7331352	60	0.2818
FENCE_p_TCGAb_332_333_334_NSP_GenomeWideSNP_6_E12_1367306	8	7331769	7958599	146	-0.0584
FENCE_p_TCGAb_332_333_334_NSP_GenomeWideSNP_6_E12_1367306	8	7958962	7968328	7	-1.0638
FENCE_p_TCGAb_332_333_334_NSP_GenomeWideSNP_6_E12_1367306	8	7972338	7990035	10	-0.2315
FENCE_p_TCGAb_332_333_334_NSP_GenomeWideSNP_6_E12_1367306	8	7990294	8072303	19	0.3084
FENCE_p_TCGAb_332_333_334_NSP_GenomeWideSNP_6_E12_1367306	8	8087144	8385797	288	-0.0234
FENCE_p_TCGAb_332_333_334_NSP_GenomeWideSNP_6_E12_1367306	8	8386150	8386442	4	-2.2469
FENCE_p_TCGAb_332_333_334_NSP_GenomeWideSNP_6_E12_1367306	8	8388307	11949551	2929	-0.0146
FENCE_p_TCGAb_332_333_334_NSP_GenomeWideSNP_6_E12_1367306	8	11987726	12001123	6	0.7499
FENCE_p_TCGAb_332_333_334_NSP_GenomeWideSNP_6_E12_1367306	8	12034307	12247486	49	-0.5081
FENCE_p_TCGAb_332_333_334_NSP_GenomeWideSNP_6_E12_1367306	8	12260927	21112099	7930	-0.0193
FENCE_p_TCGAb_332_333_334_NSP_GenomeWideSNP_6_E12_1367306	8	21112632	21114058	3	-1.1665
FENCE_p_TCGAb_332_333_334_NSP_GenomeWideSNP_6_E12_1367306	8	21118224	24974476	2551	-0.0086
FENCE_p_TCGAb_332_333_334_NSP_GenomeWideSNP_6_E12_1367306	8	24974522	24991274	29	0.3005
FENCE_p_TCGAb_332_333_334_NSP_GenomeWideSNP_6_E12_1367306	8	24991289	39230659	9034	-0.0171
FENCE_p_TCGAb_332_333_334_NSP_GenomeWideSNP_6_E12_1367306	8	39235603	39386965	59	0.5669
FENCE_p_TCGAb_332_333_334_NSP_GenomeWideSNP_6_E12_1367306	8	39388299	40183944	593	-0.0264
FENCE_p_TCGAb_332_333_334_NSP_GenomeWideSNP_6_E12_1367306	8	40184148	40189511	30	-0.7874
FENCE_p_TCGAb_332_333_334_NSP_GenomeWideSNP_6_E12_1367306	8	40192910	72212365	17287	-0.0181
FENCE_p_TCGAb_332_333_334_NSP_GenomeWideSNP_6_E12_1367306	8	72215311	72216599	9	-2.2569
FENCE_p_TCGAb_332_333_334_NSP_GenomeWideSNP_6_E12_1367306	8	72219863	73594172	962	-0.0203
FENCE_p_TCGAb_332_333_334_NSP_GenomeWideSNP_6_E12_1367306	8	73598526	73636709	63	0.5226
FENCE_p_TCGAb_332_333_334_NSP_GenomeWideSNP_6_E12_1367306	8	73640607	109779789	21732	-0.0161
FENCE_p_TCGAb_332_333_334_NSP_GenomeWideSNP_6_E12_1367306	8	109780588	109780828	3	-1.1268
FENCE_p_TCGAb_332_333_334_NSP_GenomeWideSNP_6_E12_1367306	8	109786898	131847869	14468	-0.015
FENCE_p_TCGAb_332_333_334_NSP_GenomeWideSNP_6_E12_1367306	8	131851699	131852615	2	-2.8192
FENCE_p_TCGAb_332_333_334_NSP_GenomeWideSNP_6_E12_1367306	8	131855192	137677896	4653	-0.0141
FENCE_p_TCGAb_332_333_334_NSP_GenomeWideSNP_6_E12_1367306	8	137681619	137862195	174	-0.8565
FENCE_p_TCGAb_332_333_334_NSP_GenomeWideSNP_6_E12_1367306	8	137862416	146298155	5003	-0.0173
FENCE_p_TCGAb_332_333_334_NSP_GenomeWideSNP_6_E12_1367306	9	46587	21914588	19491	0.0788
FENCE_p_TCGAb_332_333_334_NSP_GenomeWideSNP_6_E12_1367306	9	21918580	22250574	247	-0.3775
FENCE_p_TCGAb_332_333_334_NSP_GenomeWideSNP_6_E12_1367306	9	22257184	23361805	720	-0.154
FENCE_p_TCGAb_332_333_334_NSP_GenomeWideSNP_6_E12_1367306	9	23363115	23373484	8	-2.249
FENCE_p_TCGAb_332_333_334_NSP_GenomeWideSNP_6_E12_1367306	9	23378488	118856520	45692	0.0338
FENCE_p_TCGAb_332_333_334_NSP_GenomeWideSNP_6_E12_1367306	9	118856767	118859383	3	-1.236
FENCE_p_TCGAb_332_333_334_NSP_GenomeWideSNP_6_E12_1367306	9	118860607	141091394	13755	0.084
FENCE_p_TCGAb_332_333_334_NSP_GenomeWideSNP_6_E12_1367306	10	72809	1139183	593	-0.1398
FENCE_p_TCGAb_332_333_334_NSP_GenomeWideSNP_6_E12_1367306	10	1139711	1142424	3	-2.9736
FENCE_p_TCGAb_332_333_334_NSP_GenomeWideSNP_6_E12_1367306	10	1142628	3096866	1908	-0.1433
FENCE_p_TCGAb_332_333_334_NSP_GenomeWideSNP_6_E12_1367306	10	3103889	3298181	181	-1.0358
FENCE_p_TCGAb_332_333_334_NSP_GenomeWideSNP_6_E12_1367306	10	3303878	18173963	12203	-0.1331
FENCE_p_TCGAb_332_333_334_NSP_GenomeWideSNP_6_E12_1367306	10	18185123	18199813	3	-2.6498
FENCE_p_TCGAb_332_333_334_NSP_GenomeWideSNP_6_E12_1367306	10	18223647	47632776	16932	-0.1176
FENCE_p_TCGAb_332_333_334_NSP_GenomeWideSNP_6_E12_1367306	10	47633021	47633130	6	-0.7139
FENCE_p_TCGAb_332_333_334_NSP_GenomeWideSNP_6_E12_1367306	10	47633169	47771030	105	-0.068
FENCE_p_TCGAb_332_333_334_NSP_GenomeWideSNP_6_E12_1367306	10	47897394	47948060	4	-1.0651
FENCE_p_TCGAb_332_333_334_NSP_GenomeWideSNP_6_E12_1367306	10	47960476	48730698	289	-0.0083
FENCE_p_TCGAb_332_333_334_NSP_GenomeWideSNP_6_E12_1367306	10	48736766	48934756	8	0.8211
FENCE_p_TCGAb_332_333_334_NSP_GenomeWideSNP_6_E12_1367306	10	48947018	67306158	12488	-0.0188
FENCE_p_TCGAb_332_333_334_NSP_GenomeWideSNP_6_E12_1367306	10	67306276	67311360	23	0.4404
FENCE_p_TCGAb_332_333_334_NSP_GenomeWideSNP_6_E12_1367306	10	67313862	135234192	46157	-0.0169
FENCE_p_TCGAb_332_333_334_NSP_GenomeWideSNP_6_E12_1367306	10	135242873	135377278	110	0.6203
FENCE_p_TCGAb_332_333_334_NSP_GenomeWideSNP_6_E12_1367306	10	135387240	135506704	37	-0.0097
FENCE_p_TCGAb_332_333_334_NSP_GenomeWideSNP_6_E12_1367306	11	198510	5485224	2999	-0.0238
FENCE_p_TCGAb_332_333_334_NSP_GenomeWideSNP_6_E12_1367306	11	5487596	5505060	23	0.4488
FENCE_p_TCGAb_332_333_334_NSP_GenomeWideSNP_6_E12_1367306	11	5505764	5520975	33	-0.028
FENCE_p_TCGAb_332_333_334_NSP_GenomeWideSNP_6_E12_1367306	11	5522151	5522528	5	-1.0876
FENCE_p_TCGAb_332_333_334_NSP_GenomeWideSNP_6_E12_1367306	11	5522564	6107790	512	-0.0182
FENCE_p_TCGAb_332_333_334_NSP_GenomeWideSNP_6_E12_1367306	11	6108269	6120647	7	0.6831
FENCE_p_TCGAb_332_333_334_NSP_GenomeWideSNP_6_E12_1367306	11	6122094	18605638	8936	-0.0177
FENCE_p_TCGAb_332_333_334_NSP_GenomeWideSNP_6_E12_1367306	11	18606832	18621409	11	-1.1626
FENCE_p_TCGAb_332_333_334_NSP_GenomeWideSNP_6_E12_1367306	11	18624655	18949109	230	-0.0114
FENCE_p_TCGAb_332_333_334_NSP_GenomeWideSNP_6_E12_1367306	11	18949325	18962363	58	-0.2691
FENCE_p_TCGAb_332_333_334_NSP_GenomeWideSNP_6_E12_1367306	11	18970705	25083175	4837	-0.0273
FENCE_p_TCGAb_332_333_334_NSP_GenomeWideSNP_6_E12_1367306	11	25084215	25085737	4	-1.1372
FENCE_p_TCGAb_332_333_334_NSP_GenomeWideSNP_6_E12_1367306	11	25086509	49758987	16227	-0.0245
FENCE_p_TCGAb_332_333_334_NSP_GenomeWideSNP_6_E12_1367306	11	49759555	49766161	7	-0.9432
FENCE_p_TCGAb_332_333_334_NSP_GenomeWideSNP_6_E12_1367306	11	49766209	54935589	540	-0.0271
FENCE_p_TCGAb_332_333_334_NSP_GenomeWideSNP_6_E12_1367306	11	54939088	55039802	19	-0.4982
FENCE_p_TCGAb_332_333_334_NSP_GenomeWideSNP_6_E12_1367306	11	55045855	55376498	201	-0.0427
FENCE_p_TCGAb_332_333_334_NSP_GenomeWideSNP_6_E12_1367306	11	55376511	55442318	39	0.4266
FENCE_p_TCGAb_332_333_334_NSP_GenomeWideSNP_6_E12_1367306	11	55444211	134944770	52422	-0.0167
FENCE_p_TCGAb_332_333_334_NSP_GenomeWideSNP_6_E12_1367306	12	150442	865970	417	-0.0313
FENCE_p_TCGAb_332_333_334_NSP_GenomeWideSNP_6_E12_1367306	12	869109	874029	18	-3.6048
FENCE_p_TCGAb_332_333_334_NSP_GenomeWideSNP_6_E12_1367306	12	875354	9630556	5770	-0.0168
FENCE_p_TCGAb_332_333_334_NSP_GenomeWideSNP_6_E12_1367306	12	9633870	9728292	25	-1.9697
FENCE_p_TCGAb_332_333_334_NSP_GenomeWideSNP_6_E12_1367306	12	9734969	30239314	14343	-0.0146
FENCE_p_TCGAb_332_333_334_NSP_GenomeWideSNP_6_E12_1367306	12	30239419	30243933	24	-0.7754
FENCE_p_TCGAb_332_333_334_NSP_GenomeWideSNP_6_E12_1367306	12	30243950	33294660	2270	-0.0188
FENCE_p_TCGAb_332_333_334_NSP_GenomeWideSNP_6_E12_1367306	12	33301406	33307374	27	-0.9348
FENCE_p_TCGAb_332_333_334_NSP_GenomeWideSNP_6_E12_1367306	12	33308360	48724820	7344	-0.023
FENCE_p_TCGAb_332_333_334_NSP_GenomeWideSNP_6_E12_1367306	12	48725019	48725415	5	-1.5039
FENCE_p_TCGAb_332_333_334_NSP_GenomeWideSNP_6_E12_1367306	12	48730036	130000586	52431	-0.0418
FENCE_p_TCGAb_332_333_334_NSP_GenomeWideSNP_6_E12_1367306	12	130003490	130003594	2	-2.3411
FENCE_p_TCGAb_332_333_334_NSP_GenomeWideSNP_6_E12_1367306	12	130003770	133778189	2375	-0.137
FENCE_p_TCGAb_332_333_334_NSP_GenomeWideSNP_6_E12_1367306	13	19026949	57751096	26113	0.0858
FENCE_p_TCGAb_332_333_334_NSP_GenomeWideSNP_6_E12_1367306	13	57758270	57778380	34	-0.8006
FENCE_p_TCGAb_332_333_334_NSP_GenomeWideSNP_6_E12_1367306	13	57789714	72476988	8998	0.0742
FENCE_p_TCGAb_332_333_334_NSP_GenomeWideSNP_6_E12_1367306	13	72477555	72480556	4	-2.8798
FENCE_p_TCGAb_332_333_334_NSP_GenomeWideSNP_6_E12_1367306	13	72480605	115108397	29137	0.084
FENCE_p_TCGAb_332_333_334_NSP_GenomeWideSNP_6_E12_1367306	14	19002124	19541714	39	0.0357
FENCE_p_TCGAb_332_333_334_NSP_GenomeWideSNP_6_E12_1367306	14	19557041	19844107	24	-0.4249
FENCE_p_TCGAb_332_333_334_NSP_GenomeWideSNP_6_E12_1367306	14	19846877	19974849	8	0.5335
FENCE_p_TCGAb_332_333_334_NSP_GenomeWideSNP_6_E12_1367306	14	19975977	20423372	119	-0.2991
FENCE_p_TCGAb_332_333_334_NSP_GenomeWideSNP_6_E12_1367306	14	20424926	80104377	38187	0.0888
FENCE_p_TCGAb_332_333_334_NSP_GenomeWideSNP_6_E12_1367306	14	80112670	80112969	2	-1.6336
FENCE_p_TCGAb_332_333_334_NSP_GenomeWideSNP_6_E12_1367306	14	80117316	106534144	16767	0.0855
FENCE_p_TCGAb_332_333_334_NSP_GenomeWideSNP_6_E12_1367306	14	106535295	106567100	15	0.7387
FENCE_p_TCGAb_332_333_334_NSP_GenomeWideSNP_6_E12_1367306	14	106569463	107153042	324	0.1264
FENCE_p_TCGAb_332_333_334_NSP_GenomeWideSNP_6_E12_1367306	14	107153067	107184376	26	-0.3447
FENCE_p_TCGAb_332_333_334_NSP_GenomeWideSNP_6_E12_1367306	14	107184466	107285437	67	0.0497
FENCE_p_TCGAb_332_333_334_NSP_GenomeWideSNP_6_E12_1367306	15	20016328	20206939	48	-0.0211
FENCE_p_TCGAb_332_333_334_NSP_GenomeWideSNP_6_E12_1367306	15	20216955	20269773	9	-1.4792
FENCE_p_TCGAb_332_333_334_NSP_GenomeWideSNP_6_E12_1367306	15	20284066	23253980	670	-0.0754
FENCE_p_TCGAb_332_333_334_NSP_GenomeWideSNP_6_E12_1367306	15	23266351	23290800	5	0.8565
FENCE_p_TCGAb_332_333_334_NSP_GenomeWideSNP_6_E12_1367306	15	23296600	30369914	4367	0.0743
FENCE_p_TCGAb_332_333_334_NSP_GenomeWideSNP_6_E12_1367306	15	30370031	30900878	112	-0.431
FENCE_p_TCGAb_332_333_334_NSP_GenomeWideSNP_6_E12_1367306	15	30913587	32443464	1050	-0.0119
FENCE_p_TCGAb_332_333_334_NSP_GenomeWideSNP_6_E12_1367306	15	32444055	32489253	11	-0.4456
FENCE_p_TCGAb_332_333_334_NSP_GenomeWideSNP_6_E12_1367306	15	32504264	32531316	10	0.0273
FENCE_p_TCGAb_332_333_334_NSP_GenomeWideSNP_6_E12_1367306	15	32533091	32578141	10	-0.7092
FENCE_p_TCGAb_332_333_334_NSP_GenomeWideSNP_6_E12_1367306	15	32591766	32770460	20	-0.0736
FENCE_p_TCGAb_332_333_334_NSP_GenomeWideSNP_6_E12_1367306	15	32776211	32822612	11	-0.4368
FENCE_p_TCGAb_332_333_334_NSP_GenomeWideSNP_6_E12_1367306	15	32827536	54194989	13528	-0.1284
FENCE_p_TCGAb_332_333_334_NSP_GenomeWideSNP_6_E12_1367306	15	54200350	54201360	2	-2.8588
FENCE_p_TCGAb_332_333_334_NSP_GenomeWideSNP_6_E12_1367306	15	54204228	61684205	5366	-0.1305
FENCE_p_TCGAb_332_333_334_NSP_GenomeWideSNP_6_E12_1367306	15	61688169	61697981	17	-0.8851
FENCE_p_TCGAb_332_333_334_NSP_GenomeWideSNP_6_E12_1367306	15	61700384	70462010	5639	-0.0676
FENCE_p_TCGAb_332_333_334_NSP_GenomeWideSNP_6_E12_1367306	15	70462665	70462952	2	-1.5007
FENCE_p_TCGAb_332_333_334_NSP_GenomeWideSNP_6_E12_1367306	15	70471263	76891241	3471	-0.0182
FENCE_p_TCGAb_332_333_334_NSP_GenomeWideSNP_6_E12_1367306	15	76891511	76895775	21	-2.0745
FENCE_p_TCGAb_332_333_334_NSP_GenomeWideSNP_6_E12_1367306	15	76902179	102469040	17675	-0.0177
FENCE_p_TCGAb_332_333_334_NSP_GenomeWideSNP_6_E12_1367306	16	60777	85827	4	-0.4547
FENCE_p_TCGAb_332_333_334_NSP_GenomeWideSNP_6_E12_1367306	16	86125	12648859	9424	0.0624
FENCE_p_TCGAb_332_333_334_NSP_GenomeWideSNP_6_E12_1367306	16	12648978	12648995	2	1.7355
FENCE_p_TCGAb_332_333_334_NSP_GenomeWideSNP_6_E12_1367306	16	12650247	20545837	4559	-0.008
FENCE_p_TCGAb_332_333_334_NSP_GenomeWideSNP_6_E12_1367306	16	20545852	20551865	8	-0.8382
FENCE_p_TCGAb_332_333_334_NSP_GenomeWideSNP_6_E12_1367306	16	20555474	32303489	6115	-0.0214
FENCE_p_TCGAb_332_333_334_NSP_GenomeWideSNP_6_E12_1367306	16	32307220	32588622	47	-0.5652
FENCE_p_TCGAb_332_333_334_NSP_GenomeWideSNP_6_E12_1367306	16	32588901	32588909	5	-1.7798
FENCE_p_TCGAb_332_333_334_NSP_GenomeWideSNP_6_E12_1367306	16	32609274	32643374	19	-0.641
FENCE_p_TCGAb_332_333_334_NSP_GenomeWideSNP_6_E12_1367306	16	32654953	55795214	7135	-0.0295
FENCE_p_TCGAb_332_333_334_NSP_GenomeWideSNP_6_E12_1367306	16	55796389	55822444	22	-2.8658
FENCE_p_TCGAb_332_333_334_NSP_GenomeWideSNP_6_E12_1367306	16	55829557	55858793	16	0.7052
FENCE_p_TCGAb_332_333_334_NSP_GenomeWideSNP_6_E12_1367306	16	55868439	90287535	25068	-0.0219
FENCE_p_TCGAb_332_333_334_NSP_GenomeWideSNP_6_E12_1367306	17	526	16740270	10515	-0.0254
FENCE_p_TCGAb_332_333_334_NSP_GenomeWideSNP_6_E12_1367306	17	16741515	16763555	5	-1.2405
FENCE_p_TCGAb_332_333_334_NSP_GenomeWideSNP_6_E12_1367306	17	16769801	18319862	915	-0.0335
FENCE_p_TCGAb_332_333_334_NSP_GenomeWideSNP_6_E12_1367306	17	18355392	18426461	19	-0.5332
FENCE_p_TCGAb_332_333_334_NSP_GenomeWideSNP_6_E12_1367306	17	18433078	39414647	9506	-0.0248
FENCE_p_TCGAb_332_333_334_NSP_GenomeWideSNP_6_E12_1367306	17	39418372	39423257	12	0.8024
FENCE_p_TCGAb_332_333_334_NSP_GenomeWideSNP_6_E12_1367306	17	39423305	44214166	2566	-0.0195
FENCE_p_TCGAb_332_333_334_NSP_GenomeWideSNP_6_E12_1367306	17	44215364	44362009	84	0.3232
FENCE_p_TCGAb_332_333_334_NSP_GenomeWideSNP_6_E12_1367306	17	44362363	74738008	18416	-0.0182
FENCE_p_TCGAb_332_333_334_NSP_GenomeWideSNP_6_E12_1367306	17	74742805	74761323	10	-1.0672
FENCE_p_TCGAb_332_333_334_NSP_GenomeWideSNP_6_E12_1367306	17	74764546	81049726	3237	-0.0194
FENCE_p_TCGAb_332_333_334_NSP_GenomeWideSNP_6_E12_1367306	18	11543	14661643	10220	0.0822
FENCE_p_TCGAb_332_333_334_NSP_GenomeWideSNP_6_E12_1367306	18	14663971	14672479	2	1.5555
FENCE_p_TCGAb_332_333_334_NSP_GenomeWideSNP_6_E12_1367306	18	14691685	38258727	12618	0.0806
FENCE_p_TCGAb_332_333_334_NSP_GenomeWideSNP_6_E12_1367306	18	38260420	38265389	19	-1.8048
FENCE_p_TCGAb_332_333_334_NSP_GenomeWideSNP_6_E12_1367306	18	38268024	65998033	19151	0.0811
FENCE_p_TCGAb_332_333_334_NSP_GenomeWideSNP_6_E12_1367306	18	66001277	66001603	4	-1.0536
FENCE_p_TCGAb_332_333_334_NSP_GenomeWideSNP_6_E12_1367306	18	66001688	78015057	8802	0.0804
FENCE_p_TCGAb_332_333_334_NSP_GenomeWideSNP_6_E12_1367306	19	90910	20746190	9073	0.0776
FENCE_p_TCGAb_332_333_334_NSP_GenomeWideSNP_6_E12_1367306	19	20759077	20759858	2	-1.7462
FENCE_p_TCGAb_332_333_334_NSP_GenomeWideSNP_6_E12_1367306	19	20765130	54797848	17678	0.0763
FENCE_p_TCGAb_332_333_334_NSP_GenomeWideSNP_6_E12_1367306	19	54805530	54811325	4	-1.5936
FENCE_p_TCGAb_332_333_334_NSP_GenomeWideSNP_6_E12_1367306	19	54812675	56282535	742	0.0666
FENCE_p_TCGAb_332_333_334_NSP_GenomeWideSNP_6_E12_1367306	19	56283029	56283067	2	-3.0505
FENCE_p_TCGAb_332_333_334_NSP_GenomeWideSNP_6_E12_1367306	19	56286293	59097854	1849	0.0742
FENCE_p_TCGAb_332_333_334_NSP_GenomeWideSNP_6_E12_1367306	20	61305	1560951	1205	0.0848
FENCE_p_TCGAb_332_333_334_NSP_GenomeWideSNP_6_E12_1367306	20	1560999	1571903	24	-0.4484
FENCE_p_TCGAb_332_333_334_NSP_GenomeWideSNP_6_E12_1367306	20	1572135	20129883	14691	0.0806
FENCE_p_TCGAb_332_333_334_NSP_GenomeWideSNP_6_E12_1367306	20	20136493	20138513	2	-1.3598
FENCE_p_TCGAb_332_333_334_NSP_GenomeWideSNP_6_E12_1367306	20	20139181	59565245	24763	0.0816
FENCE_p_TCGAb_332_333_334_NSP_GenomeWideSNP_6_E12_1367306	20	59569025	59590083	49	0.6673
FENCE_p_TCGAb_332_333_334_NSP_GenomeWideSNP_6_E12_1367306	20	59590201	62956153	1748	0.0846
FENCE_p_TCGAb_332_333_334_NSP_GenomeWideSNP_6_E12_1367306	21	10736871	11052629	84	0.3813
FENCE_p_TCGAb_332_333_334_NSP_GenomeWideSNP_6_E12_1367306	21	11053339	22431221	5452	-0.0331
FENCE_p_TCGAb_332_333_334_NSP_GenomeWideSNP_6_E12_1367306	21	22431337	22432430	3	-1.0963
FENCE_p_TCGAb_332_333_334_NSP_GenomeWideSNP_6_E12_1367306	21	22435954	28054302	4259	-0.0356
FENCE_p_TCGAb_332_333_334_NSP_GenomeWideSNP_6_E12_1367306	21	28057452	28058892	5	-0.7821
FENCE_p_TCGAb_332_333_334_NSP_GenomeWideSNP_6_E12_1367306	21	28059017	44968053	12836	-0.1175
FENCE_p_TCGAb_332_333_334_NSP_GenomeWideSNP_6_E12_1367306	21	44970873	44972812	2	-2.5197
FENCE_p_TCGAb_332_333_334_NSP_GenomeWideSNP_6_E12_1367306	21	44973667	48096957	1764	-0.143
FENCE_p_TCGAb_332_333_334_NSP_GenomeWideSNP_6_E12_1367306	22	16052528	16503193	77	-0.001
FENCE_p_TCGAb_332_333_334_NSP_GenomeWideSNP_6_E12_1367306	22	16503847	16504292	2	1.3895
FENCE_p_TCGAb_332_333_334_NSP_GenomeWideSNP_6_E12_1367306	22	16504357	21465672	2773	-0.008
FENCE_p_TCGAb_332_333_334_NSP_GenomeWideSNP_6_E12_1367306	22	21465835	21841832	45	-0.4112
FENCE_p_TCGAb_332_333_334_NSP_GenomeWideSNP_6_E12_1367306	22	21843935	22474023	406	-0.0392
FENCE_p_TCGAb_332_333_334_NSP_GenomeWideSNP_6_E12_1367306	22	22474492	22474550	3	-1.0721
FENCE_p_TCGAb_332_333_334_NSP_GenomeWideSNP_6_E12_1367306	22	22474613	23262981	615	0.0103
FENCE_p_TCGAb_332_333_334_NSP_GenomeWideSNP_6_E12_1367306	22	23263242	23263257	2	-2.1172
FENCE_p_TCGAb_332_333_334_NSP_GenomeWideSNP_6_E12_1367306	22	23263274	39290920	11543	0.0216
FENCE_p_TCGAb_332_333_334_NSP_GenomeWideSNP_6_E12_1367306	22	39295255	39296904	3	-1.1055
FENCE_p_TCGAb_332_333_334_NSP_GenomeWideSNP_6_E12_1367306	22	39299114	51234455	8085	0.0346
FENCE_p_TCGAb_332_333_334_NSP_GenomeWideSNP_6_E12_1367306	X	168477	155182354	84543	0.0028
FENCE_p_TCGAb_332_333_334_NSP_GenomeWideSNP_6_E12_1367306	Y	2650438	2894833	122	-3.3123
FENCE_p_TCGAb_332_333_334_NSP_GenomeWideSNP_6_E12_1367306	Y	2895266	5944602	683	-2.7521
FENCE_p_TCGAb_332_333_334_NSP_GenomeWideSNP_6_E12_1367306	Y	5944603	6152058	91	-3.4028
FENCE_p_TCGAb_332_333_334_NSP_GenomeWideSNP_6_E12_1367306	Y	6152236	6296423	61	-4.4316
FENCE_p_TCGAb_332_333_334_NSP_GenomeWideSNP_6_E12_1367306	Y	6299046	8352852	1115	-3.4284
FENCE_p_TCGAb_332_333_334_NSP_GenomeWideSNP_6_E12_1367306	Y	8353707	9759564	555	-3.795
FENCE_p_TCGAb_332_333_334_NSP_GenomeWideSNP_6_E12_1367306	Y	9774614	14797466	594	-3.2509
FENCE_p_TCGAb_332_333_334_NSP_GenomeWideSNP_6_E12_1367306	Y	14801663	14806006	4	-6.7124
FENCE_p_TCGAb_332_333_334_NSP_GenomeWideSNP_6_E12_1367306	Y	14809887	15590276	353	-3.3973
FENCE_p_TCGAb_332_333_334_NSP_GenomeWideSNP_6_E12_1367306	Y	15590342	15594523	3	-7.6945
FENCE_p_TCGAb_332_333_334_NSP_GenomeWideSNP_6_E12_1367306	Y	15594889	19570632	2080	-3.4772
FENCE_p_TCGAb_332_333_334_NSP_GenomeWideSNP_6_E12_1367306	Y	19571480	20970746	650	-3.9943
FENCE_p_TCGAb_332_333_334_NSP_GenomeWideSNP_6_E12_1367306	Y	20971498	20972173	2	-8.2696
FENCE_p_TCGAb_332_333_334_NSP_GenomeWideSNP_6_E12_1367306	Y	20972409	21028957	23	-4.1947
FENCE_p_TCGAb_332_333_334_NSP_GenomeWideSNP_6_E12_1367306	Y	21029230	23886358	1096	-3.4967
FENCE_p_TCGAb_332_333_334_NSP_GenomeWideSNP_6_E12_1367306	Y	23887459	24497147	171	-3.6929
FENCE_p_TCGAb_332_333_334_NSP_GenomeWideSNP_6_E12_1367306	Y	24497967	26190025	322	-4.0618
FENCE_p_TCGAb_332_333_334_NSP_GenomeWideSNP_6_E12_1367306	Y	26193050	26631228	98	-3.3993
FENCE_p_TCGAb_332_333_334_NSP_GenomeWideSNP_6_E12_1367306	Y	26631371	26825375	37	-4.9124
FENCE_p_TCGAb_332_333_334_NSP_GenomeWideSNP_6_E12_1367306	Y	26921276	27315972	46	-4.1093
FENCE_p_TCGAb_332_333_334_NSP_GenomeWideSNP_6_E12_1367306	Y	27367487	27720551	93	-3.0744
FENCE_p_TCGAb_332_333_334_NSP_GenomeWideSNP_6_E12_1367306	Y	27721084	28272116	194	-3.8771
FENCE_p_TCGAb_332_333_334_NSP_GenomeWideSNP_6_E12_1367306	Y	28277692	28322019	14	-5.4025
FENCE_p_TCGAb_332_333_334_NSP_GenomeWideSNP_6_E12_1367306	Y	28322083	28423938	43	-3.8569
FENCE_p_TCGAb_332_333_334_NSP_GenomeWideSNP_6_E12_1367306	Y	28438116	59018259	183	-3.1329
