Sample	Chromosome	Start	End	Num_Probes	Segment_Mean
GAMMA_p_TCGA_b103_104_SNP_N_GenomeWideSNP_6_D10_755922	1	61735	17190004	8833	0.0199
GAMMA_p_TCGA_b103_104_SNP_N_GenomeWideSNP_6_D10_755922	1	17190862	17258139	46	-0.2652
GAMMA_p_TCGA_b103_104_SNP_N_GenomeWideSNP_6_D10_755922	1	17258501	25583341	5288	0.0172
GAMMA_p_TCGA_b103_104_SNP_N_GenomeWideSNP_6_D10_755922	1	25593128	25646689	25	-1.5278
GAMMA_p_TCGA_b103_104_SNP_N_GenomeWideSNP_6_D10_755922	1	25646744	55090200	16044	0.0073
GAMMA_p_TCGA_b103_104_SNP_N_GenomeWideSNP_6_D10_755922	1	55093291	55096450	3	1.125
GAMMA_p_TCGA_b103_104_SNP_N_GenomeWideSNP_6_D10_755922	1	55100865	63469503	6380	-0.0052
GAMMA_p_TCGA_b103_104_SNP_N_GenomeWideSNP_6_D10_755922	1	63471492	63472103	3	-1.3071
GAMMA_p_TCGA_b103_104_SNP_N_GenomeWideSNP_6_D10_755922	1	63472868	72763370	6437	-0.0041
GAMMA_p_TCGA_b103_104_SNP_N_GenomeWideSNP_6_D10_755922	1	72768418	72811148	48	0.5834
GAMMA_p_TCGA_b103_104_SNP_N_GenomeWideSNP_6_D10_755922	1	72811904	106019205	21049	7e-04
GAMMA_p_TCGA_b103_104_SNP_N_GenomeWideSNP_6_D10_755922	1	106019236	106022375	16	-1.7145
GAMMA_p_TCGA_b103_104_SNP_N_GenomeWideSNP_6_D10_755922	1	106024055	110232974	2672	0.0041
GAMMA_p_TCGA_b103_104_SNP_N_GenomeWideSNP_6_D10_755922	1	110233037	110240178	16	-0.869
GAMMA_p_TCGA_b103_104_SNP_N_GenomeWideSNP_6_D10_755922	1	110242953	152555176	10026	0.0248
GAMMA_p_TCGA_b103_104_SNP_N_GenomeWideSNP_6_D10_755922	1	152555527	152586540	34	0.8319
GAMMA_p_TCGA_b103_104_SNP_N_GenomeWideSNP_6_D10_755922	1	152586576	196739972	29792	0.0039
GAMMA_p_TCGA_b103_104_SNP_N_GenomeWideSNP_6_D10_755922	1	196740211	196815791	86	0.2676
GAMMA_p_TCGA_b103_104_SNP_N_GenomeWideSNP_6_D10_755922	1	196816730	207697830	6890	0.0079
GAMMA_p_TCGA_b103_104_SNP_N_GenomeWideSNP_6_D10_755922	1	207712848	207731374	3	0.9231
GAMMA_p_TCGA_b103_104_SNP_N_GenomeWideSNP_6_D10_755922	1	207734866	210071062	1932	-0.0041
GAMMA_p_TCGA_b103_104_SNP_N_GenomeWideSNP_6_D10_755922	1	210081613	210086552	4	0.8463
GAMMA_p_TCGA_b103_104_SNP_N_GenomeWideSNP_6_D10_755922	1	210093494	240391740	21204	8e-04
GAMMA_p_TCGA_b103_104_SNP_N_GenomeWideSNP_6_D10_755922	1	240394015	240394139	6	0.7492
GAMMA_p_TCGA_b103_104_SNP_N_GenomeWideSNP_6_D10_755922	1	240396105	248709616	5750	0.0063
GAMMA_p_TCGA_b103_104_SNP_N_GenomeWideSNP_6_D10_755922	1	248709670	248713868	2	1.2052
GAMMA_p_TCGA_b103_104_SNP_N_GenomeWideSNP_6_D10_755922	1	248713991	249224388	182	0.0794
GAMMA_p_TCGA_b103_104_SNP_N_GenomeWideSNP_6_D10_755922	2	12784	4216469	2997	0.0053
GAMMA_p_TCGA_b103_104_SNP_N_GenomeWideSNP_6_D10_755922	2	4216905	4222484	26	-0.6359
GAMMA_p_TCGA_b103_104_SNP_N_GenomeWideSNP_6_D10_755922	2	4222539	34701625	21106	0.0023
GAMMA_p_TCGA_b103_104_SNP_N_GenomeWideSNP_6_D10_755922	2	34701671	34743036	51	0.2205
GAMMA_p_TCGA_b103_104_SNP_N_GenomeWideSNP_6_D10_755922	2	34746457	35975973	868	-0.007
GAMMA_p_TCGA_b103_104_SNP_N_GenomeWideSNP_6_D10_755922	2	35977790	35987947	7	-1.0393
GAMMA_p_TCGA_b103_104_SNP_N_GenomeWideSNP_6_D10_755922	2	35997473	52741737	12164	-0.0075
GAMMA_p_TCGA_b103_104_SNP_N_GenomeWideSNP_6_D10_755922	2	52743925	52781374	35	-0.6062
GAMMA_p_TCGA_b103_104_SNP_N_GenomeWideSNP_6_D10_755922	2	52781397	77974045	16330	0.0011
GAMMA_p_TCGA_b103_104_SNP_N_GenomeWideSNP_6_D10_755922	2	77976698	77986682	9	-0.638
GAMMA_p_TCGA_b103_104_SNP_N_GenomeWideSNP_6_D10_755922	2	77986686	77993047	30	-0.025
GAMMA_p_TCGA_b103_104_SNP_N_GenomeWideSNP_6_D10_755922	2	77993217	77993232	2	-1.8117
GAMMA_p_TCGA_b103_104_SNP_N_GenomeWideSNP_6_D10_755922	2	77996378	87128201	5655	-0.0053
GAMMA_p_TCGA_b103_104_SNP_N_GenomeWideSNP_6_D10_755922	2	87129203	87137385	2	-1.7511
GAMMA_p_TCGA_b103_104_SNP_N_GenomeWideSNP_6_D10_755922	2	87161853	87373893	21	0.109
GAMMA_p_TCGA_b103_104_SNP_N_GenomeWideSNP_6_D10_755922	2	87374951	88052330	187	0.4199
GAMMA_p_TCGA_b103_104_SNP_N_GenomeWideSNP_6_D10_755922	2	88134764	97857927	1828	0.0138
GAMMA_p_TCGA_b103_104_SNP_N_GenomeWideSNP_6_D10_755922	2	97865337	97918405	22	0.3376
GAMMA_p_TCGA_b103_104_SNP_N_GenomeWideSNP_6_D10_755922	2	97918717	98154265	22	-0.117
GAMMA_p_TCGA_b103_104_SNP_N_GenomeWideSNP_6_D10_755922	2	98157272	98166878	5	-0.7639
GAMMA_p_TCGA_b103_104_SNP_N_GenomeWideSNP_6_D10_755922	2	98168606	106880713	5582	0.0093
GAMMA_p_TCGA_b103_104_SNP_N_GenomeWideSNP_6_D10_755922	2	106881539	106885357	10	0.6249
GAMMA_p_TCGA_b103_104_SNP_N_GenomeWideSNP_6_D10_755922	2	106887255	146864443	23968	-0.0022
GAMMA_p_TCGA_b103_104_SNP_N_GenomeWideSNP_6_D10_755922	2	146864457	146866934	21	-1.609
GAMMA_p_TCGA_b103_104_SNP_N_GenomeWideSNP_6_D10_755922	2	146877806	208354955	37014	0.0044
GAMMA_p_TCGA_b103_104_SNP_N_GenomeWideSNP_6_D10_755922	2	208355178	208359336	16	-0.6794
GAMMA_p_TCGA_b103_104_SNP_N_GenomeWideSNP_6_D10_755922	2	208359476	213162168	3016	5e-04
GAMMA_p_TCGA_b103_104_SNP_N_GenomeWideSNP_6_D10_755922	2	213162300	213190384	44	-0.2349
GAMMA_p_TCGA_b103_104_SNP_N_GenomeWideSNP_6_D10_755922	2	213190690	238524416	16539	0.0037
GAMMA_p_TCGA_b103_104_SNP_N_GenomeWideSNP_6_D10_755922	2	238526411	238526576	3	-0.9818
GAMMA_p_TCGA_b103_104_SNP_N_GenomeWideSNP_6_D10_755922	2	238527007	243089456	2548	0.0334
GAMMA_p_TCGA_b103_104_SNP_N_GenomeWideSNP_6_D10_755922	3	60345	8600971	7570	-0.0313
GAMMA_p_TCGA_b103_104_SNP_N_GenomeWideSNP_6_D10_755922	3	8601181	8601764	4	0.7857
GAMMA_p_TCGA_b103_104_SNP_N_GenomeWideSNP_6_D10_755922	3	8602939	12673371	2965	0.0204
GAMMA_p_TCGA_b103_104_SNP_N_GenomeWideSNP_6_D10_755922	3	12682749	12744591	61	0.2228
GAMMA_p_TCGA_b103_104_SNP_N_GenomeWideSNP_6_D10_755922	3	12745155	25069745	8204	-0.002
GAMMA_p_TCGA_b103_104_SNP_N_GenomeWideSNP_6_D10_755922	3	25077674	25081937	7	-1.1845
GAMMA_p_TCGA_b103_104_SNP_N_GenomeWideSNP_6_D10_755922	3	25082405	37977417	8894	3e-04
GAMMA_p_TCGA_b103_104_SNP_N_GenomeWideSNP_6_D10_755922	3	37982108	37986928	18	-0.8019
GAMMA_p_TCGA_b103_104_SNP_N_GenomeWideSNP_6_D10_755922	3	37987106	41624553	2474	0.0095
GAMMA_p_TCGA_b103_104_SNP_N_GenomeWideSNP_6_D10_755922	3	41626588	41626866	2	-1.3724
GAMMA_p_TCGA_b103_104_SNP_N_GenomeWideSNP_6_D10_755922	3	41635209	53022949	5608	0.0251
GAMMA_p_TCGA_b103_104_SNP_N_GenomeWideSNP_6_D10_755922	3	53023211	53032025	13	0.6403
GAMMA_p_TCGA_b103_104_SNP_N_GenomeWideSNP_6_D10_755922	3	53032038	68746164	12065	-0.0092
GAMMA_p_TCGA_b103_104_SNP_N_GenomeWideSNP_6_D10_755922	3	68746259	68747413	14	1.0233
GAMMA_p_TCGA_b103_104_SNP_N_GenomeWideSNP_6_D10_755922	3	68748758	68749052	4	0.3427
GAMMA_p_TCGA_b103_104_SNP_N_GenomeWideSNP_6_D10_755922	3	68749065	75483273	4904	-0.0056
GAMMA_p_TCGA_b103_104_SNP_N_GenomeWideSNP_6_D10_755922	3	75494140	75568549	32	0.2137
GAMMA_p_TCGA_b103_104_SNP_N_GenomeWideSNP_6_D10_755922	3	75572549	75596246	8	0.7288
GAMMA_p_TCGA_b103_104_SNP_N_GenomeWideSNP_6_D10_755922	3	75608639	89671659	7888	-0.0062
GAMMA_p_TCGA_b103_104_SNP_N_GenomeWideSNP_6_D10_755922	3	89671681	89674140	5	-1.338
GAMMA_p_TCGA_b103_104_SNP_N_GenomeWideSNP_6_D10_755922	3	89685307	98944476	3118	0.0042
GAMMA_p_TCGA_b103_104_SNP_N_GenomeWideSNP_6_D10_755922	3	98944511	98949056	25	-0.637
GAMMA_p_TCGA_b103_104_SNP_N_GenomeWideSNP_6_D10_755922	3	98949069	128394505	18133	0.0033
GAMMA_p_TCGA_b103_104_SNP_N_GenomeWideSNP_6_D10_755922	3	128395490	128421299	13	0.4916
GAMMA_p_TCGA_b103_104_SNP_N_GenomeWideSNP_6_D10_755922	3	128421595	169348944	24960	0
GAMMA_p_TCGA_b103_104_SNP_N_GenomeWideSNP_6_D10_755922	3	169349862	169350604	2	-1.2852
GAMMA_p_TCGA_b103_104_SNP_N_GenomeWideSNP_6_D10_755922	3	169352458	174737566	3446	-0.0069
GAMMA_p_TCGA_b103_104_SNP_N_GenomeWideSNP_6_D10_755922	3	174737604	174737689	2	-1.2796
GAMMA_p_TCGA_b103_104_SNP_N_GenomeWideSNP_6_D10_755922	3	174737795	187596328	8020	0.0076
GAMMA_p_TCGA_b103_104_SNP_N_GenomeWideSNP_6_D10_755922	3	187596340	187596374	3	0.9355
GAMMA_p_TCGA_b103_104_SNP_N_GenomeWideSNP_6_D10_755922	3	187596461	191995420	3192	-0.0102
GAMMA_p_TCGA_b103_104_SNP_N_GenomeWideSNP_6_D10_755922	3	191996779	192000599	3	-1.0386
GAMMA_p_TCGA_b103_104_SNP_N_GenomeWideSNP_6_D10_755922	3	192000937	192877902	625	-0.0024
GAMMA_p_TCGA_b103_104_SNP_N_GenomeWideSNP_6_D10_755922	3	192877962	192882903	19	1.6826
GAMMA_p_TCGA_b103_104_SNP_N_GenomeWideSNP_6_D10_755922	3	192886435	194641346	1163	0.004
GAMMA_p_TCGA_b103_104_SNP_N_GenomeWideSNP_6_D10_755922	3	194641381	194641845	3	-0.8651
GAMMA_p_TCGA_b103_104_SNP_N_GenomeWideSNP_6_D10_755922	3	194642480	195276072	317	0.0357
GAMMA_p_TCGA_b103_104_SNP_N_GenomeWideSNP_6_D10_755922	3	195279210	195478861	53	-0.2291
GAMMA_p_TCGA_b103_104_SNP_N_GenomeWideSNP_6_D10_755922	3	195479748	197833719	1130	0.0843
GAMMA_p_TCGA_b103_104_SNP_N_GenomeWideSNP_6_D10_755922	3	197833745	197833758	2	-1.1979
GAMMA_p_TCGA_b103_104_SNP_N_GenomeWideSNP_6_D10_755922	3	197833798	197896118	40	0.1853
GAMMA_p_TCGA_b103_104_SNP_N_GenomeWideSNP_6_D10_755922	4	12281	52390	49	0.3107
GAMMA_p_TCGA_b103_104_SNP_N_GenomeWideSNP_6_D10_755922	4	59072	9451347	5202	0.0161
GAMMA_p_TCGA_b103_104_SNP_N_GenomeWideSNP_6_D10_755922	4	9451923	9479345	11	0.532
GAMMA_p_TCGA_b103_104_SNP_N_GenomeWideSNP_6_D10_755922	4	9486087	10210390	546	0.0058
GAMMA_p_TCGA_b103_104_SNP_N_GenomeWideSNP_6_D10_755922	4	10223416	10235268	35	-1.0706
GAMMA_p_TCGA_b103_104_SNP_N_GenomeWideSNP_6_D10_755922	4	10236142	34786955	17006	-0.0063
GAMMA_p_TCGA_b103_104_SNP_N_GenomeWideSNP_6_D10_755922	4	34786990	34824183	35	0.5525
GAMMA_p_TCGA_b103_104_SNP_N_GenomeWideSNP_6_D10_755922	4	34824725	42762117	5244	-7e-04
GAMMA_p_TCGA_b103_104_SNP_N_GenomeWideSNP_6_D10_755922	4	42764949	42767863	2	-1.5934
GAMMA_p_TCGA_b103_104_SNP_N_GenomeWideSNP_6_D10_755922	4	42771246	43424452	480	-0.0379
GAMMA_p_TCGA_b103_104_SNP_N_GenomeWideSNP_6_D10_755922	4	43424930	43425162	3	-0.9646
GAMMA_p_TCGA_b103_104_SNP_N_GenomeWideSNP_6_D10_755922	4	43428426	45005755	922	-0.0055
GAMMA_p_TCGA_b103_104_SNP_N_GenomeWideSNP_6_D10_755922	4	45005852	45006192	2	-1.142
GAMMA_p_TCGA_b103_104_SNP_N_GenomeWideSNP_6_D10_755922	4	45006312	49093786	2324	0.0066
GAMMA_p_TCGA_b103_104_SNP_N_GenomeWideSNP_6_D10_755922	4	49114095	49216631	14	0.7211
GAMMA_p_TCGA_b103_104_SNP_N_GenomeWideSNP_6_D10_755922	4	49267784	64697733	7615	-0.0042
GAMMA_p_TCGA_b103_104_SNP_N_GenomeWideSNP_6_D10_755922	4	64697828	64732043	36	-0.3124
GAMMA_p_TCGA_b103_104_SNP_N_GenomeWideSNP_6_D10_755922	4	64734418	69360489	2870	0.0039
GAMMA_p_TCGA_b103_104_SNP_N_GenomeWideSNP_6_D10_755922	4	69367142	69551744	76	0.4775
GAMMA_p_TCGA_b103_104_SNP_N_GenomeWideSNP_6_D10_755922	4	69558271	70123510	319	-0.0644
GAMMA_p_TCGA_b103_104_SNP_N_GenomeWideSNP_6_D10_755922	4	70127644	70210994	45	0.3013
GAMMA_p_TCGA_b103_104_SNP_N_GenomeWideSNP_6_D10_755922	4	70219392	70389716	121	-0.007
GAMMA_p_TCGA_b103_104_SNP_N_GenomeWideSNP_6_D10_755922	4	70389861	70390779	2	-2.4743
GAMMA_p_TCGA_b103_104_SNP_N_GenomeWideSNP_6_D10_755922	4	70391888	115173656	27267	0.0051
GAMMA_p_TCGA_b103_104_SNP_N_GenomeWideSNP_6_D10_755922	4	115173700	115182175	24	0.509
GAMMA_p_TCGA_b103_104_SNP_N_GenomeWideSNP_6_D10_755922	4	115184229	138179445	13366	-0.0021
GAMMA_p_TCGA_b103_104_SNP_N_GenomeWideSNP_6_D10_755922	4	138182433	138192024	52	-0.6679
GAMMA_p_TCGA_b103_104_SNP_N_GenomeWideSNP_6_D10_755922	4	138192178	162597080	15181	0.005
GAMMA_p_TCGA_b103_104_SNP_N_GenomeWideSNP_6_D10_755922	4	162602387	162605174	2	-1.1469
GAMMA_p_TCGA_b103_104_SNP_N_GenomeWideSNP_6_D10_755922	4	162609171	172989224	6575	0.0052
GAMMA_p_TCGA_b103_104_SNP_N_GenomeWideSNP_6_D10_755922	4	172989300	172989505	7	-1.7774
GAMMA_p_TCGA_b103_104_SNP_N_GenomeWideSNP_6_D10_755922	4	172989519	183568672	7138	-0.0037
GAMMA_p_TCGA_b103_104_SNP_N_GenomeWideSNP_6_D10_755922	4	183571340	183572390	4	-0.81
GAMMA_p_TCGA_b103_104_SNP_N_GenomeWideSNP_6_D10_755922	4	183573390	189221258	3815	0.0143
GAMMA_p_TCGA_b103_104_SNP_N_GenomeWideSNP_6_D10_755922	4	189221360	189222813	5	1.2418
GAMMA_p_TCGA_b103_104_SNP_N_GenomeWideSNP_6_D10_755922	4	189223053	191027923	1176	-0.0094
GAMMA_p_TCGA_b103_104_SNP_N_GenomeWideSNP_6_D10_755922	5	15532	2038142	1059	0.0693
GAMMA_p_TCGA_b103_104_SNP_N_GenomeWideSNP_6_D10_755922	5	2044129	2059236	17	-0.9264
GAMMA_p_TCGA_b103_104_SNP_N_GenomeWideSNP_6_D10_755922	5	2059311	12815865	9157	-0.0073
GAMMA_p_TCGA_b103_104_SNP_N_GenomeWideSNP_6_D10_755922	5	12819313	12838533	12	0.6519
GAMMA_p_TCGA_b103_104_SNP_N_GenomeWideSNP_6_D10_755922	5	12849201	46251306	20581	-0.0015
GAMMA_p_TCGA_b103_104_SNP_N_GenomeWideSNP_6_D10_755922	5	46271008	46273502	8	1.0672
GAMMA_p_TCGA_b103_104_SNP_N_GenomeWideSNP_6_D10_755922	5	46278212	52695117	1950	-0.0077
GAMMA_p_TCGA_b103_104_SNP_N_GenomeWideSNP_6_D10_755922	5	52695357	52695970	2	-1.3374
GAMMA_p_TCGA_b103_104_SNP_N_GenomeWideSNP_6_D10_755922	5	52697127	171470045	74705	-7e-04
GAMMA_p_TCGA_b103_104_SNP_N_GenomeWideSNP_6_D10_755922	5	171470799	171616504	126	0.2043
GAMMA_p_TCGA_b103_104_SNP_N_GenomeWideSNP_6_D10_755922	5	171621214	175460087	2837	8e-04
GAMMA_p_TCGA_b103_104_SNP_N_GenomeWideSNP_6_D10_755922	5	175465689	175469507	2	-1.6352
GAMMA_p_TCGA_b103_104_SNP_N_GenomeWideSNP_6_D10_755922	5	175470324	179054501	1779	0.0293
GAMMA_p_TCGA_b103_104_SNP_N_GenomeWideSNP_6_D10_755922	5	179056487	179105328	50	0.2406
GAMMA_p_TCGA_b103_104_SNP_N_GenomeWideSNP_6_D10_755922	5	179108197	179821582	427	2e-04
GAMMA_p_TCGA_b103_104_SNP_N_GenomeWideSNP_6_D10_755922	5	179823105	179827383	5	0.5197
GAMMA_p_TCGA_b103_104_SNP_N_GenomeWideSNP_6_D10_755922	5	179828607	180398271	291	0.0647
GAMMA_p_TCGA_b103_104_SNP_N_GenomeWideSNP_6_D10_755922	5	180399373	180418103	13	0.4721
GAMMA_p_TCGA_b103_104_SNP_N_GenomeWideSNP_6_D10_755922	5	180433225	180790320	171	0.1109
GAMMA_p_TCGA_b103_104_SNP_N_GenomeWideSNP_6_D10_755922	6	149661	254283	101	0.062
GAMMA_p_TCGA_b103_104_SNP_N_GenomeWideSNP_6_D10_755922	6	257353	294837	23	-0.5945
GAMMA_p_TCGA_b103_104_SNP_N_GenomeWideSNP_6_D10_755922	6	302306	23057637	17624	8e-04
GAMMA_p_TCGA_b103_104_SNP_N_GenomeWideSNP_6_D10_755922	6	23060991	23060999	3	-1.3778
GAMMA_p_TCGA_b103_104_SNP_N_GenomeWideSNP_6_D10_755922	6	23064254	77439868	31355	0.0119
GAMMA_p_TCGA_b103_104_SNP_N_GenomeWideSNP_6_D10_755922	6	77440048	77452757	20	0.5037
GAMMA_p_TCGA_b103_104_SNP_N_GenomeWideSNP_6_D10_755922	6	77461073	103734829	16588	0.0049
GAMMA_p_TCGA_b103_104_SNP_N_GenomeWideSNP_6_D10_755922	6	103737976	103762061	46	-1.0665
GAMMA_p_TCGA_b103_104_SNP_N_GenomeWideSNP_6_D10_755922	6	103765470	124431774	12707	0.0048
GAMMA_p_TCGA_b103_104_SNP_N_GenomeWideSNP_6_D10_755922	6	124435941	124470365	20	0.5108
GAMMA_p_TCGA_b103_104_SNP_N_GenomeWideSNP_6_D10_755922	6	124470761	124691424	138	0.0239
GAMMA_p_TCGA_b103_104_SNP_N_GenomeWideSNP_6_D10_755922	6	124691506	124698088	2	-1.2417
GAMMA_p_TCGA_b103_104_SNP_N_GenomeWideSNP_6_D10_755922	6	124698568	168332501	29533	0.0065
GAMMA_p_TCGA_b103_104_SNP_N_GenomeWideSNP_6_D10_755922	6	168335278	168595919	179	0.539
GAMMA_p_TCGA_b103_104_SNP_N_GenomeWideSNP_6_D10_755922	6	168597242	171051005	1691	0.0071
GAMMA_p_TCGA_b103_104_SNP_N_GenomeWideSNP_6_D10_755922	7	43355	54386505	38601	9e-04
GAMMA_p_TCGA_b103_104_SNP_N_GenomeWideSNP_6_D10_755922	7	54386509	54386517	5	-1.7049
GAMMA_p_TCGA_b103_104_SNP_N_GenomeWideSNP_6_D10_755922	7	54393488	70420438	6301	0.0222
GAMMA_p_TCGA_b103_104_SNP_N_GenomeWideSNP_6_D10_755922	7	70423250	70426141	2	-1.9875
GAMMA_p_TCGA_b103_104_SNP_N_GenomeWideSNP_6_D10_755922	7	70428243	97609419	15990	0.0023
GAMMA_p_TCGA_b103_104_SNP_N_GenomeWideSNP_6_D10_755922	7	97611341	97612048	3	-1.6518
GAMMA_p_TCGA_b103_104_SNP_N_GenomeWideSNP_6_D10_755922	7	97613771	122859127	14643	0.0044
GAMMA_p_TCGA_b103_104_SNP_N_GenomeWideSNP_6_D10_755922	7	122859327	122859342	2	-1.42
GAMMA_p_TCGA_b103_104_SNP_N_GenomeWideSNP_6_D10_755922	7	122861645	124825400	1156	-0.0067
GAMMA_p_TCGA_b103_104_SNP_N_GenomeWideSNP_6_D10_755922	7	124826300	124843110	11	-0.8518
GAMMA_p_TCGA_b103_104_SNP_N_GenomeWideSNP_6_D10_755922	7	124853911	128091700	2183	0.0015
GAMMA_p_TCGA_b103_104_SNP_N_GenomeWideSNP_6_D10_755922	7	128092238	128222091	39	0.303
GAMMA_p_TCGA_b103_104_SNP_N_GenomeWideSNP_6_D10_755922	7	128228761	133785177	3292	0.0131
GAMMA_p_TCGA_b103_104_SNP_N_GenomeWideSNP_6_D10_755922	7	133785195	133795634	26	0.5411
GAMMA_p_TCGA_b103_104_SNP_N_GenomeWideSNP_6_D10_755922	7	133795665	142131990	5470	0.0176
GAMMA_p_TCGA_b103_104_SNP_N_GenomeWideSNP_6_D10_755922	7	142135786	142146497	13	-1.0279
GAMMA_p_TCGA_b103_104_SNP_N_GenomeWideSNP_6_D10_755922	7	142155887	142191409	33	0.0969
GAMMA_p_TCGA_b103_104_SNP_N_GenomeWideSNP_6_D10_755922	7	142191647	142474939	185	-0.1446
GAMMA_p_TCGA_b103_104_SNP_N_GenomeWideSNP_6_D10_755922	7	142476719	142486045	27	0.7222
GAMMA_p_TCGA_b103_104_SNP_N_GenomeWideSNP_6_D10_755922	7	142486115	143873952	838	0.031
GAMMA_p_TCGA_b103_104_SNP_N_GenomeWideSNP_6_D10_755922	7	143896252	144066947	44	0.6814
GAMMA_p_TCGA_b103_104_SNP_N_GenomeWideSNP_6_D10_755922	7	144074929	159127004	9703	0.0133
GAMMA_p_TCGA_b103_104_SNP_N_GenomeWideSNP_6_D10_755922	8	31254	594973	329	0.0139
GAMMA_p_TCGA_b103_104_SNP_N_GenomeWideSNP_6_D10_755922	8	595220	595875	6	0.5446
GAMMA_p_TCGA_b103_104_SNP_N_GenomeWideSNP_6_D10_755922	8	595892	595908	2	2.4433
GAMMA_p_TCGA_b103_104_SNP_N_GenomeWideSNP_6_D10_755922	8	601043	2701934	1786	0.008
GAMMA_p_TCGA_b103_104_SNP_N_GenomeWideSNP_6_D10_755922	8	2703533	2703899	7	-0.6716
GAMMA_p_TCGA_b103_104_SNP_N_GenomeWideSNP_6_D10_755922	8	2707171	7215742	5713	-0.0165
GAMMA_p_TCGA_b103_104_SNP_N_GenomeWideSNP_6_D10_755922	8	7215755	7831645	171	-0.3764
GAMMA_p_TCGA_b103_104_SNP_N_GenomeWideSNP_6_D10_755922	8	7832054	8054344	60	-0.0315
GAMMA_p_TCGA_b103_104_SNP_N_GenomeWideSNP_6_D10_755922	8	8055260	8072303	3	-1.3705
GAMMA_p_TCGA_b103_104_SNP_N_GenomeWideSNP_6_D10_755922	8	8087144	11768604	3153	-5e-04
GAMMA_p_TCGA_b103_104_SNP_N_GenomeWideSNP_6_D10_755922	8	11768907	11788249	8	-0.8724
GAMMA_p_TCGA_b103_104_SNP_N_GenomeWideSNP_6_D10_755922	8	11793346	11949551	63	0.0452
GAMMA_p_TCGA_b103_104_SNP_N_GenomeWideSNP_6_D10_755922	8	11987726	12001123	6	-1.7822
GAMMA_p_TCGA_b103_104_SNP_N_GenomeWideSNP_6_D10_755922	8	12034307	12646389	212	0.0424
GAMMA_p_TCGA_b103_104_SNP_N_GenomeWideSNP_6_D10_755922	8	12648728	12652526	4	-0.9192
GAMMA_p_TCGA_b103_104_SNP_N_GenomeWideSNP_6_D10_755922	8	12653533	14386801	1730	-0.0084
GAMMA_p_TCGA_b103_104_SNP_N_GenomeWideSNP_6_D10_755922	8	14386860	14386862	2	-1.3373
GAMMA_p_TCGA_b103_104_SNP_N_GenomeWideSNP_6_D10_755922	8	14391138	15684542	1176	0.0091
GAMMA_p_TCGA_b103_104_SNP_N_GenomeWideSNP_6_D10_755922	8	15685152	15690414	2	-1.4168
GAMMA_p_TCGA_b103_104_SNP_N_GenomeWideSNP_6_D10_755922	8	15690427	39230659	16488	0.0024
GAMMA_p_TCGA_b103_104_SNP_N_GenomeWideSNP_6_D10_755922	8	39235603	39386965	58	-1.9585
GAMMA_p_TCGA_b103_104_SNP_N_GenomeWideSNP_6_D10_755922	8	39388299	143743977	64172	0.0015
GAMMA_p_TCGA_b103_104_SNP_N_GenomeWideSNP_6_D10_755922	8	143749718	143750072	3	-0.857
GAMMA_p_TCGA_b103_104_SNP_N_GenomeWideSNP_6_D10_755922	8	143752235	146298155	868	0.0823
GAMMA_p_TCGA_b103_104_SNP_N_GenomeWideSNP_6_D10_755922	9	46587	1446459	1466	0.012
GAMMA_p_TCGA_b103_104_SNP_N_GenomeWideSNP_6_D10_755922	9	1446987	1450320	11	-0.9549
GAMMA_p_TCGA_b103_104_SNP_N_GenomeWideSNP_6_D10_755922	9	1453039	141091394	78497	-4e-04
GAMMA_p_TCGA_b103_104_SNP_N_GenomeWideSNP_6_D10_755922	10	72759	2554313	1930	0.0091
GAMMA_p_TCGA_b103_104_SNP_N_GenomeWideSNP_6_D10_755922	10	2562267	2562753	4	-1.2314
GAMMA_p_TCGA_b103_104_SNP_N_GenomeWideSNP_6_D10_755922	10	2570994	3141970	615	0.01
GAMMA_p_TCGA_b103_104_SNP_N_GenomeWideSNP_6_D10_755922	10	3147192	3156719	15	-0.9964
GAMMA_p_TCGA_b103_104_SNP_N_GenomeWideSNP_6_D10_755922	10	3159530	24375263	16695	0.0043
GAMMA_p_TCGA_b103_104_SNP_N_GenomeWideSNP_6_D10_755922	10	24377674	24378054	11	-1.9853
GAMMA_p_TCGA_b103_104_SNP_N_GenomeWideSNP_6_D10_755922	10	24378908	31246510	5048	0.0079
GAMMA_p_TCGA_b103_104_SNP_N_GenomeWideSNP_6_D10_755922	10	31251334	31251738	10	-0.6039
GAMMA_p_TCGA_b103_104_SNP_N_GenomeWideSNP_6_D10_755922	10	31251779	49241492	7961	0.011
GAMMA_p_TCGA_b103_104_SNP_N_GenomeWideSNP_6_D10_755922	10	49270823	49270978	2	-1.1789
GAMMA_p_TCGA_b103_104_SNP_N_GenomeWideSNP_6_D10_755922	10	49287591	51231576	1357	-0.0036
GAMMA_p_TCGA_b103_104_SNP_N_GenomeWideSNP_6_D10_755922	10	51335029	51397071	2	2.2604
GAMMA_p_TCGA_b103_104_SNP_N_GenomeWideSNP_6_D10_755922	10	51449369	67299848	11122	-0.0071
GAMMA_p_TCGA_b103_104_SNP_N_GenomeWideSNP_6_D10_755922	10	67300074	67314446	35	-0.3362
GAMMA_p_TCGA_b103_104_SNP_N_GenomeWideSNP_6_D10_755922	10	67322795	92459927	16981	-4e-04
GAMMA_p_TCGA_b103_104_SNP_N_GenomeWideSNP_6_D10_755922	10	92462715	92463291	4	-0.9375
GAMMA_p_TCGA_b103_104_SNP_N_GenomeWideSNP_6_D10_755922	10	92471580	135506704	29366	0.0018
GAMMA_p_TCGA_b103_104_SNP_N_GenomeWideSNP_6_D10_755922	11	198510	1644440	484	0.055
GAMMA_p_TCGA_b103_104_SNP_N_GenomeWideSNP_6_D10_755922	11	1644905	1648648	5	-0.6615
GAMMA_p_TCGA_b103_104_SNP_N_GenomeWideSNP_6_D10_755922	11	1649887	3633789	904	0.0263
GAMMA_p_TCGA_b103_104_SNP_N_GenomeWideSNP_6_D10_755922	11	3635056	3678678	35	0.2313
GAMMA_p_TCGA_b103_104_SNP_N_GenomeWideSNP_6_D10_755922	11	3679658	4968117	1052	-0.0105
GAMMA_p_TCGA_b103_104_SNP_N_GenomeWideSNP_6_D10_755922	11	4968510	4974029	25	0.5199
GAMMA_p_TCGA_b103_104_SNP_N_GenomeWideSNP_6_D10_755922	11	4975164	17355715	9181	0.0075
GAMMA_p_TCGA_b103_104_SNP_N_GenomeWideSNP_6_D10_755922	11	17357463	17370722	6	-0.6369
GAMMA_p_TCGA_b103_104_SNP_N_GenomeWideSNP_6_D10_755922	11	17370926	18940870	1074	-0.0028
GAMMA_p_TCGA_b103_104_SNP_N_GenomeWideSNP_6_D10_755922	11	18949072	18960115	36	-1.0028
GAMMA_p_TCGA_b103_104_SNP_N_GenomeWideSNP_6_D10_755922	11	18960750	107781379	54805	0.0042
GAMMA_p_TCGA_b103_104_SNP_N_GenomeWideSNP_6_D10_755922	11	107784507	107785098	2	-3.6871
GAMMA_p_TCGA_b103_104_SNP_N_GenomeWideSNP_6_D10_755922	11	107787713	133079948	18190	-0.0016
GAMMA_p_TCGA_b103_104_SNP_N_GenomeWideSNP_6_D10_755922	11	133079955	133085291	3	-1.2667
GAMMA_p_TCGA_b103_104_SNP_N_GenomeWideSNP_6_D10_755922	11	133085360	134944770	1385	0.0079
GAMMA_p_TCGA_b103_104_SNP_N_GenomeWideSNP_6_D10_755922	12	150442	9630556	6207	0.0312
GAMMA_p_TCGA_b103_104_SNP_N_GenomeWideSNP_6_D10_755922	12	9633870	9728292	25	0.9367
GAMMA_p_TCGA_b103_104_SNP_N_GenomeWideSNP_6_D10_755922	12	9734969	39477327	18196	0.0067
GAMMA_p_TCGA_b103_104_SNP_N_GenomeWideSNP_6_D10_755922	12	39481561	39483113	5	-1.0149
GAMMA_p_TCGA_b103_104_SNP_N_GenomeWideSNP_6_D10_755922	12	39488048	45904438	4107	-0.0071
GAMMA_p_TCGA_b103_104_SNP_N_GenomeWideSNP_6_D10_755922	12	45905840	45909537	3	-2.3769
GAMMA_p_TCGA_b103_104_SNP_N_GenomeWideSNP_6_D10_755922	12	45913292	53392399	4379	0.0134
GAMMA_p_TCGA_b103_104_SNP_N_GenomeWideSNP_6_D10_755922	12	53393448	53546045	71	0.2133
GAMMA_p_TCGA_b103_104_SNP_N_GenomeWideSNP_6_D10_755922	12	53547508	82015766	17903	0.0031
GAMMA_p_TCGA_b103_104_SNP_N_GenomeWideSNP_6_D10_755922	12	82016352	82016542	2	-2.3129
GAMMA_p_TCGA_b103_104_SNP_N_GenomeWideSNP_6_D10_755922	12	82026348	130299753	32145	0.0086
GAMMA_p_TCGA_b103_104_SNP_N_GenomeWideSNP_6_D10_755922	12	130304281	130304647	2	1.4566
GAMMA_p_TCGA_b103_104_SNP_N_GenomeWideSNP_6_D10_755922	12	130304739	131777432	1167	0.0061
GAMMA_p_TCGA_b103_104_SNP_N_GenomeWideSNP_6_D10_755922	12	131794168	131796447	5	0.9113
GAMMA_p_TCGA_b103_104_SNP_N_GenomeWideSNP_6_D10_755922	12	131803792	131814934	7	-0.5237
GAMMA_p_TCGA_b103_104_SNP_N_GenomeWideSNP_6_D10_755922	12	131815322	132120715	311	-0.0296
GAMMA_p_TCGA_b103_104_SNP_N_GenomeWideSNP_6_D10_755922	12	132132584	132132668	3	-0.9738
GAMMA_p_TCGA_b103_104_SNP_N_GenomeWideSNP_6_D10_755922	12	132132683	132133075	3	-3.0707
GAMMA_p_TCGA_b103_104_SNP_N_GenomeWideSNP_6_D10_755922	12	132133165	132133335	7	-0.9242
GAMMA_p_TCGA_b103_104_SNP_N_GenomeWideSNP_6_D10_755922	12	132142331	133778189	572	0.0871
GAMMA_p_TCGA_b103_104_SNP_N_GenomeWideSNP_6_D10_755922	13	19026949	19254916	41	0.5281
GAMMA_p_TCGA_b103_104_SNP_N_GenomeWideSNP_6_D10_755922	13	19257568	38075965	13536	0.0092
GAMMA_p_TCGA_b103_104_SNP_N_GenomeWideSNP_6_D10_755922	13	38076267	38084757	12	-0.68
GAMMA_p_TCGA_b103_104_SNP_N_GenomeWideSNP_6_D10_755922	13	38088330	49531551	8040	0.0078
GAMMA_p_TCGA_b103_104_SNP_N_GenomeWideSNP_6_D10_755922	13	49533715	49536504	2	-2.4146
GAMMA_p_TCGA_b103_104_SNP_N_GenomeWideSNP_6_D10_755922	13	49537705	72892010	13906	-0.0051
GAMMA_p_TCGA_b103_104_SNP_N_GenomeWideSNP_6_D10_755922	13	72894837	72898580	5	-0.847
GAMMA_p_TCGA_b103_104_SNP_N_GenomeWideSNP_6_D10_755922	13	72903955	99071852	17047	0.0035
GAMMA_p_TCGA_b103_104_SNP_N_GenomeWideSNP_6_D10_755922	13	99072128	99073113	5	-0.9733
GAMMA_p_TCGA_b103_104_SNP_N_GenomeWideSNP_6_D10_755922	13	99076686	115108397	11755	1e-04
GAMMA_p_TCGA_b103_104_SNP_N_GenomeWideSNP_6_D10_755922	14	19002124	19437987	32	0.0494
GAMMA_p_TCGA_b103_104_SNP_N_GenomeWideSNP_6_D10_755922	14	19438611	19852833	34	0.3987
GAMMA_p_TCGA_b103_104_SNP_N_GenomeWideSNP_6_D10_755922	14	19877072	41608358	13778	-0.0043
GAMMA_p_TCGA_b103_104_SNP_N_GenomeWideSNP_6_D10_755922	14	41610496	41657249	14	-0.5193
GAMMA_p_TCGA_b103_104_SNP_N_GenomeWideSNP_6_D10_755922	14	41657349	46590910	2869	-0.0097
GAMMA_p_TCGA_b103_104_SNP_N_GenomeWideSNP_6_D10_755922	14	46592058	46592177	2	-1.3124
GAMMA_p_TCGA_b103_104_SNP_N_GenomeWideSNP_6_D10_755922	14	46592900	106547314	38466	0.0065
GAMMA_p_TCGA_b103_104_SNP_N_GenomeWideSNP_6_D10_755922	14	106547507	106567100	10	-0.4906
GAMMA_p_TCGA_b103_104_SNP_N_GenomeWideSNP_6_D10_755922	14	106569463	106872062	141	0.0108
GAMMA_p_TCGA_b103_104_SNP_N_GenomeWideSNP_6_D10_755922	14	106874361	106918108	52	-0.5074
GAMMA_p_TCGA_b103_104_SNP_N_GenomeWideSNP_6_D10_755922	14	106918649	107285437	224	0.0072
GAMMA_p_TCGA_b103_104_SNP_N_GenomeWideSNP_6_D10_755922	15	20016328	20494297	76	0.0223
GAMMA_p_TCGA_b103_104_SNP_N_GenomeWideSNP_6_D10_755922	15	20511154	20574158	11	0.7771
GAMMA_p_TCGA_b103_104_SNP_N_GenomeWideSNP_6_D10_755922	15	20577435	21239105	196	0.3035
GAMMA_p_TCGA_b103_104_SNP_N_GenomeWideSNP_6_D10_755922	15	21258787	21302216	9	0.8917
GAMMA_p_TCGA_b103_104_SNP_N_GenomeWideSNP_6_D10_755922	15	21905757	22358625	41	0.2607
GAMMA_p_TCGA_b103_104_SNP_N_GenomeWideSNP_6_D10_755922	15	22363231	22383201	8	0.7339
GAMMA_p_TCGA_b103_104_SNP_N_GenomeWideSNP_6_D10_755922	15	22385001	30546013	4804	0.0286
GAMMA_p_TCGA_b103_104_SNP_N_GenomeWideSNP_6_D10_755922	15	30552145	30561567	2	-1.5844
GAMMA_p_TCGA_b103_104_SNP_N_GenomeWideSNP_6_D10_755922	15	30562770	39236247	5833	0.0042
GAMMA_p_TCGA_b103_104_SNP_N_GenomeWideSNP_6_D10_755922	15	39236370	39237168	3	-0.9968
GAMMA_p_TCGA_b103_104_SNP_N_GenomeWideSNP_6_D10_755922	15	39238819	76878362	23392	0.0051
GAMMA_p_TCGA_b103_104_SNP_N_GenomeWideSNP_6_D10_755922	15	76891241	76895775	22	0.7214
GAMMA_p_TCGA_b103_104_SNP_N_GenomeWideSNP_6_D10_755922	15	76902179	97800606	14248	5e-04
GAMMA_p_TCGA_b103_104_SNP_N_GenomeWideSNP_6_D10_755922	15	97808074	97832187	13	-0.7833
GAMMA_p_TCGA_b103_104_SNP_N_GenomeWideSNP_6_D10_755922	15	97833649	102469040	3433	0.014
GAMMA_p_TCGA_b103_104_SNP_N_GenomeWideSNP_6_D10_755922	16	60777	653845	287	0.2293
GAMMA_p_TCGA_b103_104_SNP_N_GenomeWideSNP_6_D10_755922	16	653862	11603872	8410	0.0064
GAMMA_p_TCGA_b103_104_SNP_N_GenomeWideSNP_6_D10_755922	16	11608244	11642242	25	0.3299
GAMMA_p_TCGA_b103_104_SNP_N_GenomeWideSNP_6_D10_755922	16	11642548	70125174	27398	0.0133
GAMMA_p_TCGA_b103_104_SNP_N_GenomeWideSNP_6_D10_755922	16	70136868	70198356	17	0.4596
GAMMA_p_TCGA_b103_104_SNP_N_GenomeWideSNP_6_D10_755922	16	70198396	74334985	2407	0.0109
GAMMA_p_TCGA_b103_104_SNP_N_GenomeWideSNP_6_D10_755922	16	74335204	74467111	40	0.3359
GAMMA_p_TCGA_b103_104_SNP_N_GenomeWideSNP_6_D10_755922	16	74467693	78371608	3205	0.0012
GAMMA_p_TCGA_b103_104_SNP_N_GenomeWideSNP_6_D10_755922	16	78372440	78384765	17	0.667
GAMMA_p_TCGA_b103_104_SNP_N_GenomeWideSNP_6_D10_755922	16	78385001	90287535	10645	0.0258
GAMMA_p_TCGA_b103_104_SNP_N_GenomeWideSNP_6_D10_755922	17	526	39421708	20978	0.0185
GAMMA_p_TCGA_b103_104_SNP_N_GenomeWideSNP_6_D10_755922	17	39423014	39430157	20	-0.5923
GAMMA_p_TCGA_b103_104_SNP_N_GenomeWideSNP_6_D10_755922	17	39430173	39430450	3	-2.3572
GAMMA_p_TCGA_b103_104_SNP_N_GenomeWideSNP_6_D10_755922	17	39430531	43655090	2170	0.0343
GAMMA_p_TCGA_b103_104_SNP_N_GenomeWideSNP_6_D10_755922	17	43656380	43664693	7	0.6239
GAMMA_p_TCGA_b103_104_SNP_N_GenomeWideSNP_6_D10_755922	17	43675229	44162307	335	0.0944
GAMMA_p_TCGA_b103_104_SNP_N_GenomeWideSNP_6_D10_755922	17	44162597	44752283	173	0.3376
GAMMA_p_TCGA_b103_104_SNP_N_GenomeWideSNP_6_D10_755922	17	44752300	81049726	21626	0.0154
GAMMA_p_TCGA_b103_104_SNP_N_GenomeWideSNP_6_D10_755922	18	11543	33628727	19713	-5e-04
GAMMA_p_TCGA_b103_104_SNP_N_GenomeWideSNP_6_D10_755922	18	33629439	33633283	2	-2.7238
GAMMA_p_TCGA_b103_104_SNP_N_GenomeWideSNP_6_D10_755922	18	33635568	36667819	2162	-0.0037
GAMMA_p_TCGA_b103_104_SNP_N_GenomeWideSNP_6_D10_755922	18	36671752	36678585	2	-0.9626
GAMMA_p_TCGA_b103_104_SNP_N_GenomeWideSNP_6_D10_755922	18	36678867	38260480	978	0.0035
GAMMA_p_TCGA_b103_104_SNP_N_GenomeWideSNP_6_D10_755922	18	38260490	38268024	15	-0.452
GAMMA_p_TCGA_b103_104_SNP_N_GenomeWideSNP_6_D10_755922	18	38269498	61374347	15873	-0.0065
GAMMA_p_TCGA_b103_104_SNP_N_GenomeWideSNP_6_D10_755922	18	61375519	61379400	4	-0.934
GAMMA_p_TCGA_b103_104_SNP_N_GenomeWideSNP_6_D10_755922	18	61379838	63200065	1258	-0.0079
GAMMA_p_TCGA_b103_104_SNP_N_GenomeWideSNP_6_D10_755922	18	63200076	63207211	23	0.6013
GAMMA_p_TCGA_b103_104_SNP_N_GenomeWideSNP_6_D10_755922	18	63207257	77262166	10432	-0.0152
GAMMA_p_TCGA_b103_104_SNP_N_GenomeWideSNP_6_D10_755922	18	77262895	77297934	11	0.4918
GAMMA_p_TCGA_b103_104_SNP_N_GenomeWideSNP_6_D10_755922	18	77299280	78015057	370	0.0505
GAMMA_p_TCGA_b103_104_SNP_N_GenomeWideSNP_6_D10_755922	19	90910	8334280	2932	0.071
GAMMA_p_TCGA_b103_104_SNP_N_GenomeWideSNP_6_D10_755922	19	8334939	8365067	11	0.503
GAMMA_p_TCGA_b103_104_SNP_N_GenomeWideSNP_6_D10_755922	19	8378870	34564386	13038	0.0219
GAMMA_p_TCGA_b103_104_SNP_N_GenomeWideSNP_6_D10_755922	19	34564696	34577581	17	-0.8188
GAMMA_p_TCGA_b103_104_SNP_N_GenomeWideSNP_6_D10_755922	19	34580653	35849322	832	0.0198
GAMMA_p_TCGA_b103_104_SNP_N_GenomeWideSNP_6_D10_755922	19	35849493	35861848	22	0.4599
GAMMA_p_TCGA_b103_104_SNP_N_GenomeWideSNP_6_D10_755922	19	35866744	52131813	8113	0.0339
GAMMA_p_TCGA_b103_104_SNP_N_GenomeWideSNP_6_D10_755922	19	52142352	52148197	11	-0.541
GAMMA_p_TCGA_b103_104_SNP_N_GenomeWideSNP_6_D10_755922	19	52154905	59097854	4386	0.0669
GAMMA_p_TCGA_b103_104_SNP_N_GenomeWideSNP_6_D10_755922	20	61305	349306	217	0.0349
GAMMA_p_TCGA_b103_104_SNP_N_GenomeWideSNP_6_D10_755922	20	351664	450826	65	0.2607
GAMMA_p_TCGA_b103_104_SNP_N_GenomeWideSNP_6_D10_755922	20	453461	1560999	925	0.016
GAMMA_p_TCGA_b103_104_SNP_N_GenomeWideSNP_6_D10_755922	20	1561580	1593893	41	1.083
GAMMA_p_TCGA_b103_104_SNP_N_GenomeWideSNP_6_D10_755922	20	1597946	7400986	4346	0.0151
GAMMA_p_TCGA_b103_104_SNP_N_GenomeWideSNP_6_D10_755922	20	7406737	7406908	2	-1.3996
GAMMA_p_TCGA_b103_104_SNP_N_GenomeWideSNP_6_D10_755922	20	7409451	7697872	219	-0.0132
GAMMA_p_TCGA_b103_104_SNP_N_GenomeWideSNP_6_D10_755922	20	7700108	7701584	5	-0.9333
GAMMA_p_TCGA_b103_104_SNP_N_GenomeWideSNP_6_D10_755922	20	7703420	29428523	14254	-0.0117
GAMMA_p_TCGA_b103_104_SNP_N_GenomeWideSNP_6_D10_755922	20	29436802	29505893	20	-0.3988
GAMMA_p_TCGA_b103_104_SNP_N_GenomeWideSNP_6_D10_755922	20	29527893	62956153	22422	0.0032
GAMMA_p_TCGA_b103_104_SNP_N_GenomeWideSNP_6_D10_755922	21	10736871	10898194	12	0.1902
GAMMA_p_TCGA_b103_104_SNP_N_GenomeWideSNP_6_D10_755922	21	10899017	11041910	70	-0.1914
GAMMA_p_TCGA_b103_104_SNP_N_GenomeWideSNP_6_D10_755922	21	11042846	14436791	47	0.0698
GAMMA_p_TCGA_b103_104_SNP_N_GenomeWideSNP_6_D10_755922	21	14446712	15075481	246	-0.5761
GAMMA_p_TCGA_b103_104_SNP_N_GenomeWideSNP_6_D10_755922	21	15078047	15100262	35	-0.1027
GAMMA_p_TCGA_b103_104_SNP_N_GenomeWideSNP_6_D10_755922	21	15100304	15147452	19	-0.8384
GAMMA_p_TCGA_b103_104_SNP_N_GenomeWideSNP_6_D10_755922	21	15158439	48096957	23993	0.0063
GAMMA_p_TCGA_b103_104_SNP_N_GenomeWideSNP_6_D10_755922	22	16052528	22473918	3303	0.108
GAMMA_p_TCGA_b103_104_SNP_N_GenomeWideSNP_6_D10_755922	22	22474023	22474613	5	-1.1409
GAMMA_p_TCGA_b103_104_SNP_N_GenomeWideSNP_6_D10_755922	22	22481498	24330218	1310	0.0705
GAMMA_p_TCGA_b103_104_SNP_N_GenomeWideSNP_6_D10_755922	22	24330269	24331967	2	-2.3308
GAMMA_p_TCGA_b103_104_SNP_N_GenomeWideSNP_6_D10_755922	22	24332625	24344422	5	-0.29
GAMMA_p_TCGA_b103_104_SNP_N_GenomeWideSNP_6_D10_755922	22	24350529	24396814	19	0.6837
GAMMA_p_TCGA_b103_104_SNP_N_GenomeWideSNP_6_D10_755922	22	24401529	37061163	9596	0.0101
GAMMA_p_TCGA_b103_104_SNP_N_GenomeWideSNP_6_D10_755922	22	37061397	37062530	2	-0.7834
GAMMA_p_TCGA_b103_104_SNP_N_GenomeWideSNP_6_D10_755922	22	37065620	39350222	1276	0.043
GAMMA_p_TCGA_b103_104_SNP_N_GenomeWideSNP_6_D10_755922	22	39351466	39413328	44	0.3074
GAMMA_p_TCGA_b103_104_SNP_N_GenomeWideSNP_6_D10_755922	22	39419853	42296668	1554	0.0321
GAMMA_p_TCGA_b103_104_SNP_N_GenomeWideSNP_6_D10_755922	22	42296703	42378573	40	0.2485
GAMMA_p_TCGA_b103_104_SNP_N_GenomeWideSNP_6_D10_755922	22	42379592	42776968	217	0.0337
GAMMA_p_TCGA_b103_104_SNP_N_GenomeWideSNP_6_D10_755922	22	42781623	42897282	64	0.2543
GAMMA_p_TCGA_b103_104_SNP_N_GenomeWideSNP_6_D10_755922	22	42899440	42943642	23	0.5753
GAMMA_p_TCGA_b103_104_SNP_N_GenomeWideSNP_6_D10_755922	22	42950491	42982861	17	0.2879
GAMMA_p_TCGA_b103_104_SNP_N_GenomeWideSNP_6_D10_755922	22	42983782	51234455	6095	0.031
GAMMA_p_TCGA_b103_104_SNP_N_GenomeWideSNP_6_D10_755922	X	168477	469800	25	0.2458
GAMMA_p_TCGA_b103_104_SNP_N_GenomeWideSNP_6_D10_755922	X	480587	492496	5	0.7481
GAMMA_p_TCGA_b103_104_SNP_N_GenomeWideSNP_6_D10_755922	X	515136	682249	45	0.1133
GAMMA_p_TCGA_b103_104_SNP_N_GenomeWideSNP_6_D10_755922	X	682858	682861	2	1.3884
GAMMA_p_TCGA_b103_104_SNP_N_GenomeWideSNP_6_D10_755922	X	689546	101276895	53420	0.0046
GAMMA_p_TCGA_b103_104_SNP_N_GenomeWideSNP_6_D10_755922	X	101276998	101277218	3	-1.0008
GAMMA_p_TCGA_b103_104_SNP_N_GenomeWideSNP_6_D10_755922	X	101281560	154379237	30901	0.0046
GAMMA_p_TCGA_b103_104_SNP_N_GenomeWideSNP_6_D10_755922	X	154383840	154418294	14	-0.4092
GAMMA_p_TCGA_b103_104_SNP_N_GenomeWideSNP_6_D10_755922	X	154432253	155182354	231	0.0447
GAMMA_p_TCGA_b103_104_SNP_N_GenomeWideSNP_6_D10_755922	Y	2650438	59018259	8634	-0.8415
