Sample	Chromosome	Start	End	Num_Probes	Segment_Mean
GAMMA_p_TCGA_b103_104_SNP_N_GenomeWideSNP_6_H06_755850	1	61735	86341	15	-0.6839
GAMMA_p_TCGA_b103_104_SNP_N_GenomeWideSNP_6_H06_755850	1	98588	2467655	488	0.2262
GAMMA_p_TCGA_b103_104_SNP_N_GenomeWideSNP_6_H06_755850	1	2468043	2473258	4	-0.7674
GAMMA_p_TCGA_b103_104_SNP_N_GenomeWideSNP_6_H06_755850	1	2482921	5236278	1674	0.106
GAMMA_p_TCGA_b103_104_SNP_N_GenomeWideSNP_6_H06_755850	1	5236770	17076467	6628	-0.1225
GAMMA_p_TCGA_b103_104_SNP_N_GenomeWideSNP_6_H06_755850	1	17082412	17177045	19	-0.4881
GAMMA_p_TCGA_b103_104_SNP_N_GenomeWideSNP_6_H06_755850	1	17177965	25602931	5345	-0.0946
GAMMA_p_TCGA_b103_104_SNP_N_GenomeWideSNP_6_H06_755850	1	25604466	25645658	13	-0.5057
GAMMA_p_TCGA_b103_104_SNP_N_GenomeWideSNP_6_H06_755850	1	25646184	27266660	708	-0.0945
GAMMA_p_TCGA_b103_104_SNP_N_GenomeWideSNP_6_H06_755850	1	27272844	62114006	20778	0.1296
GAMMA_p_TCGA_b103_104_SNP_N_GenomeWideSNP_6_H06_755850	1	62114181	62118187	3	-1.0042
GAMMA_p_TCGA_b103_104_SNP_N_GenomeWideSNP_6_H06_755850	1	62119809	63469503	941	0.1362
GAMMA_p_TCGA_b103_104_SNP_N_GenomeWideSNP_6_H06_755850	1	63471492	63472103	3	-0.9402
GAMMA_p_TCGA_b103_104_SNP_N_GenomeWideSNP_6_H06_755850	1	63472868	71060220	5372	0.1271
GAMMA_p_TCGA_b103_104_SNP_N_GenomeWideSNP_6_H06_755850	1	71060331	71073756	12	-0.2927
GAMMA_p_TCGA_b103_104_SNP_N_GenomeWideSNP_6_H06_755850	1	71073921	72768916	1055	0.1137
GAMMA_p_TCGA_b103_104_SNP_N_GenomeWideSNP_6_H06_755850	1	72768936	72811133	44	-0.897
GAMMA_p_TCGA_b103_104_SNP_N_GenomeWideSNP_6_H06_755850	1	72811148	89475255	10990	0.026
GAMMA_p_TCGA_b103_104_SNP_N_GenomeWideSNP_6_H06_755850	1	89477958	89478205	2	-2.1775
GAMMA_p_TCGA_b103_104_SNP_N_GenomeWideSNP_6_H06_755850	1	89481524	106019205	10059	0.0229
GAMMA_p_TCGA_b103_104_SNP_N_GenomeWideSNP_6_H06_755850	1	106019236	106022375	16	0.7952
GAMMA_p_TCGA_b103_104_SNP_N_GenomeWideSNP_6_H06_755850	1	106024055	108134160	1484	0.0183
GAMMA_p_TCGA_b103_104_SNP_N_GenomeWideSNP_6_H06_755850	1	108137815	108200300	54	0.3079
GAMMA_p_TCGA_b103_104_SNP_N_GenomeWideSNP_6_H06_755850	1	108202710	110232974	1134	0.0322
GAMMA_p_TCGA_b103_104_SNP_N_GenomeWideSNP_6_H06_755850	1	110233037	110240178	16	-0.8598
GAMMA_p_TCGA_b103_104_SNP_N_GenomeWideSNP_6_H06_755850	1	110242953	112690326	1959	0.0505
GAMMA_p_TCGA_b103_104_SNP_N_GenomeWideSNP_6_H06_755850	1	112695965	112696826	13	-0.3613
GAMMA_p_TCGA_b103_104_SNP_N_GenomeWideSNP_6_H06_755850	1	112696856	149036524	6393	0.071
GAMMA_p_TCGA_b103_104_SNP_N_GenomeWideSNP_6_H06_755850	1	149040066	149386959	155	-0.3414
GAMMA_p_TCGA_b103_104_SNP_N_GenomeWideSNP_6_H06_755850	1	149387593	187715854	25335	0.0907
GAMMA_p_TCGA_b103_104_SNP_N_GenomeWideSNP_6_H06_755850	1	187717560	187721369	2	-1.6827
GAMMA_p_TCGA_b103_104_SNP_N_GenomeWideSNP_6_H06_755850	1	187724610	189438197	1086	0.0419
GAMMA_p_TCGA_b103_104_SNP_N_GenomeWideSNP_6_H06_755850	1	189444322	189453147	9	0.5439
GAMMA_p_TCGA_b103_104_SNP_N_GenomeWideSNP_6_H06_755850	1	189453544	194448234	3432	0.0624
GAMMA_p_TCGA_b103_104_SNP_N_GenomeWideSNP_6_H06_755850	1	194451411	194455018	2	1.4586
GAMMA_p_TCGA_b103_104_SNP_N_GenomeWideSNP_6_H06_755850	1	194457016	196711187	1452	0.0609
GAMMA_p_TCGA_b103_104_SNP_N_GenomeWideSNP_6_H06_755850	1	196714822	196799714	83	0.3509
GAMMA_p_TCGA_b103_104_SNP_N_GenomeWideSNP_6_H06_755850	1	196801156	249224388	35988	0.0966
GAMMA_p_TCGA_b103_104_SNP_N_GenomeWideSNP_6_H06_755850	2	12784	1002279	678	0.0075
GAMMA_p_TCGA_b103_104_SNP_N_GenomeWideSNP_6_H06_755850	2	1004430	1037783	36	-0.2559
GAMMA_p_TCGA_b103_104_SNP_N_GenomeWideSNP_6_H06_755850	2	1041682	34675467	23402	0.0616
GAMMA_p_TCGA_b103_104_SNP_N_GenomeWideSNP_6_H06_755850	2	34681494	34737057	50	-0.4754
GAMMA_p_TCGA_b103_104_SNP_N_GenomeWideSNP_6_H06_755850	2	34737163	50921918	11796	0.0509
GAMMA_p_TCGA_b103_104_SNP_N_GenomeWideSNP_6_H06_755850	2	50921932	50932821	8	-0.5268
GAMMA_p_TCGA_b103_104_SNP_N_GenomeWideSNP_6_H06_755850	2	50937528	52741737	1243	0.0758
GAMMA_p_TCGA_b103_104_SNP_N_GenomeWideSNP_6_H06_755850	2	52743925	52781542	41	0.5107
GAMMA_p_TCGA_b103_104_SNP_N_GenomeWideSNP_6_H06_755850	2	52787949	80139958	17888	0.0517
GAMMA_p_TCGA_b103_104_SNP_N_GenomeWideSNP_6_H06_755850	2	80144532	80144920	5	-0.8741
GAMMA_p_TCGA_b103_104_SNP_N_GenomeWideSNP_6_H06_755850	2	80147883	87513287	4241	-0.0034
GAMMA_p_TCGA_b103_104_SNP_N_GenomeWideSNP_6_H06_755850	2	87514379	87514390	2	-1.1347
GAMMA_p_TCGA_b103_104_SNP_N_GenomeWideSNP_6_H06_755850	2	87520356	91964690	1000	-0.0779
GAMMA_p_TCGA_b103_104_SNP_N_GenomeWideSNP_6_H06_755850	2	91967186	91972202	3	0.3752
GAMMA_p_TCGA_b103_104_SNP_N_GenomeWideSNP_6_H06_755850	2	91981540	106874006	6544	0.058
GAMMA_p_TCGA_b103_104_SNP_N_GenomeWideSNP_6_H06_755850	2	106874497	106887255	16	0.3364
GAMMA_p_TCGA_b103_104_SNP_N_GenomeWideSNP_6_H06_755850	2	106887408	108440290	993	-0.0953
GAMMA_p_TCGA_b103_104_SNP_N_GenomeWideSNP_6_H06_755850	2	108440736	108540987	14	0.2196
GAMMA_p_TCGA_b103_104_SNP_N_GenomeWideSNP_6_H06_755850	2	108541118	109688972	698	-0.0915
GAMMA_p_TCGA_b103_104_SNP_N_GenomeWideSNP_6_H06_755850	2	109692425	109695116	3	-1.2285
GAMMA_p_TCGA_b103_104_SNP_N_GenomeWideSNP_6_H06_755850	2	109695410	114362015	2136	-0.0882
GAMMA_p_TCGA_b103_104_SNP_N_GenomeWideSNP_6_H06_755850	2	114362414	114380821	3	-1.2316
GAMMA_p_TCGA_b103_104_SNP_N_GenomeWideSNP_6_H06_755850	2	114383552	161552880	28968	-0.0118
GAMMA_p_TCGA_b103_104_SNP_N_GenomeWideSNP_6_H06_755850	2	161553241	161553331	2	-1.1017
GAMMA_p_TCGA_b103_104_SNP_N_GenomeWideSNP_6_H06_755850	2	161557056	179403867	11096	0.1351
GAMMA_p_TCGA_b103_104_SNP_N_GenomeWideSNP_6_H06_755850	2	179410290	179614952	115	-0.2699
GAMMA_p_TCGA_b103_104_SNP_N_GenomeWideSNP_6_H06_755850	2	179616670	184571310	3122	0.1395
GAMMA_p_TCGA_b103_104_SNP_N_GenomeWideSNP_6_H06_755850	2	184571325	184580895	11	-0.3231
GAMMA_p_TCGA_b103_104_SNP_N_GenomeWideSNP_6_H06_755850	2	184580939	206288107	12515	0.1157
GAMMA_p_TCGA_b103_104_SNP_N_GenomeWideSNP_6_H06_755850	2	206289029	208354955	1318	-0.1123
GAMMA_p_TCGA_b103_104_SNP_N_GenomeWideSNP_6_H06_755850	2	208355178	208359336	16	-0.7993
GAMMA_p_TCGA_b103_104_SNP_N_GenomeWideSNP_6_H06_755850	2	208359476	222085613	8800	-0.0932
GAMMA_p_TCGA_b103_104_SNP_N_GenomeWideSNP_6_H06_755850	2	222085787	222089516	11	-1.0076
GAMMA_p_TCGA_b103_104_SNP_N_GenomeWideSNP_6_H06_755850	2	222089797	236097368	9095	-0.1043
GAMMA_p_TCGA_b103_104_SNP_N_GenomeWideSNP_6_H06_755850	2	236097980	236478656	294	0.3356
GAMMA_p_TCGA_b103_104_SNP_N_GenomeWideSNP_6_H06_755850	2	236481590	243089456	3945	-0.0967
GAMMA_p_TCGA_b103_104_SNP_N_GenomeWideSNP_6_H06_755850	3	60345	7087002	6220	0.1509
GAMMA_p_TCGA_b103_104_SNP_N_GenomeWideSNP_6_H06_755850	3	7091338	7091669	3	-1.3737
GAMMA_p_TCGA_b103_104_SNP_N_GenomeWideSNP_6_H06_755850	3	7092021	14700183	5733	0.1536
GAMMA_p_TCGA_b103_104_SNP_N_GenomeWideSNP_6_H06_755850	3	14701302	31928027	11917	-0.0907
GAMMA_p_TCGA_b103_104_SNP_N_GenomeWideSNP_6_H06_755850	3	31933619	32310296	245	0.1624
GAMMA_p_TCGA_b103_104_SNP_N_GenomeWideSNP_6_H06_755850	3	32312561	68746259	23764	-0.0862
GAMMA_p_TCGA_b103_104_SNP_N_GenomeWideSNP_6_H06_755850	3	68746284	68747413	13	-0.8324
GAMMA_p_TCGA_b103_104_SNP_N_GenomeWideSNP_6_H06_755850	3	68748758	75568549	4940	-0.0981
GAMMA_p_TCGA_b103_104_SNP_N_GenomeWideSNP_6_H06_755850	3	75572549	75608639	9	0.6078
GAMMA_p_TCGA_b103_104_SNP_N_GenomeWideSNP_6_H06_755850	3	75613174	90394583	8140	-0.0977
GAMMA_p_TCGA_b103_104_SNP_N_GenomeWideSNP_6_H06_755850	3	90417948	95456106	1011	0.1486
GAMMA_p_TCGA_b103_104_SNP_N_GenomeWideSNP_6_H06_755850	3	95466880	95468110	2	1.0433
GAMMA_p_TCGA_b103_104_SNP_N_GenomeWideSNP_6_H06_755850	3	95468680	98937784	1855	0.1455
GAMMA_p_TCGA_b103_104_SNP_N_GenomeWideSNP_6_H06_755850	3	98944458	98949314	37	-0.2632
GAMMA_p_TCGA_b103_104_SNP_N_GenomeWideSNP_6_H06_755850	3	98949421	106617842	4597	0.1419
GAMMA_p_TCGA_b103_104_SNP_N_GenomeWideSNP_6_H06_755850	3	106617922	126685000	12452	-0.0981
GAMMA_p_TCGA_b103_104_SNP_N_GenomeWideSNP_6_H06_755850	3	126688997	129762859	1709	0.1709
GAMMA_p_TCGA_b103_104_SNP_N_GenomeWideSNP_6_H06_755850	3	129763698	129806924	53	0.3688
GAMMA_p_TCGA_b103_104_SNP_N_GenomeWideSNP_6_H06_755850	3	129806998	131626282	1113	0.1271
GAMMA_p_TCGA_b103_104_SNP_N_GenomeWideSNP_6_H06_755850	3	131627205	131627379	2	-0.8732
GAMMA_p_TCGA_b103_104_SNP_N_GenomeWideSNP_6_H06_755850	3	131628523	143285765	7262	0.1554
GAMMA_p_TCGA_b103_104_SNP_N_GenomeWideSNP_6_H06_755850	3	143285800	143285974	4	1.011
GAMMA_p_TCGA_b103_104_SNP_N_GenomeWideSNP_6_H06_755850	3	143286801	145546245	1451	0.1429
GAMMA_p_TCGA_b103_104_SNP_N_GenomeWideSNP_6_H06_755850	3	145553175	145557030	2	-0.9067
GAMMA_p_TCGA_b103_104_SNP_N_GenomeWideSNP_6_H06_755850	3	145559423	146474143	622	0.2203
GAMMA_p_TCGA_b103_104_SNP_N_GenomeWideSNP_6_H06_755850	3	146474323	146476483	3	-1.0168
GAMMA_p_TCGA_b103_104_SNP_N_GenomeWideSNP_6_H06_755850	3	146477052	164708949	11070	0.2363
GAMMA_p_TCGA_b103_104_SNP_N_GenomeWideSNP_6_H06_755850	3	164711197	164711674	2	-1.1125
GAMMA_p_TCGA_b103_104_SNP_N_GenomeWideSNP_6_H06_755850	3	164711685	168730180	2285	0.2263
GAMMA_p_TCGA_b103_104_SNP_N_GenomeWideSNP_6_H06_755850	3	168733402	168738628	2	1.1722
GAMMA_p_TCGA_b103_104_SNP_N_GenomeWideSNP_6_H06_755850	3	168739827	169348944	466	0.2443
GAMMA_p_TCGA_b103_104_SNP_N_GenomeWideSNP_6_H06_755850	3	169349862	169350604	2	-1.0478
GAMMA_p_TCGA_b103_104_SNP_N_GenomeWideSNP_6_H06_755850	3	169352458	180476283	7113	0.2408
GAMMA_p_TCGA_b103_104_SNP_N_GenomeWideSNP_6_H06_755850	3	180477295	180477503	2	-1.7004
GAMMA_p_TCGA_b103_104_SNP_N_GenomeWideSNP_6_H06_755850	3	180479157	192877902	8175	0.242
GAMMA_p_TCGA_b103_104_SNP_N_GenomeWideSNP_6_H06_755850	3	192877962	192882903	19	1.6893
GAMMA_p_TCGA_b103_104_SNP_N_GenomeWideSNP_6_H06_755850	3	192886435	195412212	1493	0.2719
GAMMA_p_TCGA_b103_104_SNP_N_GenomeWideSNP_6_H06_755850	3	195418263	195455508	23	0.6862
GAMMA_p_TCGA_b103_104_SNP_N_GenomeWideSNP_6_H06_755850	3	195455861	197896118	1192	0.268
GAMMA_p_TCGA_b103_104_SNP_N_GenomeWideSNP_6_H06_755850	4	12281	10223416	5809	-0.1599
GAMMA_p_TCGA_b103_104_SNP_N_GenomeWideSNP_6_H06_755850	4	10223628	10231498	27	-1.2287
GAMMA_p_TCGA_b103_104_SNP_N_GenomeWideSNP_6_H06_755850	4	10234214	15423018	4140	-0.1312
GAMMA_p_TCGA_b103_104_SNP_N_GenomeWideSNP_6_H06_755850	4	15423249	16230488	614	0.1042
GAMMA_p_TCGA_b103_104_SNP_N_GenomeWideSNP_6_H06_755850	4	16234544	32389364	10902	-0.1306
GAMMA_p_TCGA_b103_104_SNP_N_GenomeWideSNP_6_H06_755850	4	32394074	32400599	5	0.6087
GAMMA_p_TCGA_b103_104_SNP_N_GenomeWideSNP_6_H06_755850	4	32401513	34773515	1342	-0.1239
GAMMA_p_TCGA_b103_104_SNP_N_GenomeWideSNP_6_H06_755850	4	34778860	34824725	45	0.4249
GAMMA_p_TCGA_b103_104_SNP_N_GenomeWideSNP_6_H06_755850	4	34829872	40700573	3891	-0.117
GAMMA_p_TCGA_b103_104_SNP_N_GenomeWideSNP_6_H06_755850	4	40704011	40704192	3	-1.9945
GAMMA_p_TCGA_b103_104_SNP_N_GenomeWideSNP_6_H06_755850	4	40704687	49179856	5092	-0.1103
GAMMA_p_TCGA_b103_104_SNP_N_GenomeWideSNP_6_H06_755850	4	49205918	69244434	10500	0.1472
GAMMA_p_TCGA_b103_104_SNP_N_GenomeWideSNP_6_H06_755850	4	69255070	69261064	7	1.1694
GAMMA_p_TCGA_b103_104_SNP_N_GenomeWideSNP_6_H06_755850	4	69282205	69288142	5	-1.0934
GAMMA_p_TCGA_b103_104_SNP_N_GenomeWideSNP_6_H06_755850	4	69294799	69372003	16	0.0071
GAMMA_p_TCGA_b103_104_SNP_N_GenomeWideSNP_6_H06_755850	4	69374941	69551744	74	0.6039
GAMMA_p_TCGA_b103_104_SNP_N_GenomeWideSNP_6_H06_755850	4	69558271	70116942	311	0.155
GAMMA_p_TCGA_b103_104_SNP_N_GenomeWideSNP_6_H06_755850	4	70117977	70239096	66	-0.2217
GAMMA_p_TCGA_b103_104_SNP_N_GenomeWideSNP_6_H06_755850	4	70239981	88687190	11457	0.1643
GAMMA_p_TCGA_b103_104_SNP_N_GenomeWideSNP_6_H06_755850	4	88687559	107190547	10976	-0.11
GAMMA_p_TCGA_b103_104_SNP_N_GenomeWideSNP_6_H06_755850	4	107193570	113538851	3821	0.1688
GAMMA_p_TCGA_b103_104_SNP_N_GenomeWideSNP_6_H06_755850	4	113539383	115507624	1371	-0.0417
GAMMA_p_TCGA_b103_104_SNP_N_GenomeWideSNP_6_H06_755850	4	115508166	115575979	35	-0.4014
GAMMA_p_TCGA_b103_104_SNP_N_GenomeWideSNP_6_H06_755850	4	115578120	116166104	351	-0.1016
GAMMA_p_TCGA_b103_104_SNP_N_GenomeWideSNP_6_H06_755850	4	116172611	116173269	10	-1.0924
GAMMA_p_TCGA_b103_104_SNP_N_GenomeWideSNP_6_H06_755850	4	116175254	116175526	6	-0.0494
GAMMA_p_TCGA_b103_104_SNP_N_GenomeWideSNP_6_H06_755850	4	116175836	116176125	6	-0.9085
GAMMA_p_TCGA_b103_104_SNP_N_GenomeWideSNP_6_H06_755850	4	116180182	161874000	27425	-0.0957
GAMMA_p_TCGA_b103_104_SNP_N_GenomeWideSNP_6_H06_755850	4	161880018	161884908	21	-0.8621
GAMMA_p_TCGA_b103_104_SNP_N_GenomeWideSNP_6_H06_755850	4	161884919	172987928	7088	-0.1132
GAMMA_p_TCGA_b103_104_SNP_N_GenomeWideSNP_6_H06_755850	4	172989148	172989533	12	0.4078
GAMMA_p_TCGA_b103_104_SNP_N_GenomeWideSNP_6_H06_755850	4	172995979	173422522	232	-0.1028
GAMMA_p_TCGA_b103_104_SNP_N_GenomeWideSNP_6_H06_755850	4	173424947	173428643	7	0.8016
GAMMA_p_TCGA_b103_104_SNP_N_GenomeWideSNP_6_H06_755850	4	173441132	184977546	7767	-0.1003
GAMMA_p_TCGA_b103_104_SNP_N_GenomeWideSNP_6_H06_755850	4	184984802	184986009	2	-1.3631
GAMMA_p_TCGA_b103_104_SNP_N_GenomeWideSNP_6_H06_755850	4	184986511	191027923	4128	-0.0888
GAMMA_p_TCGA_b103_104_SNP_N_GenomeWideSNP_6_H06_755850	5	15532	3080968	2043	0.0252
GAMMA_p_TCGA_b103_104_SNP_N_GenomeWideSNP_6_H06_755850	5	3083354	3083618	2	-1.1465
GAMMA_p_TCGA_b103_104_SNP_N_GenomeWideSNP_6_H06_755850	5	3084426	70178835	41214	-0.1224
GAMMA_p_TCGA_b103_104_SNP_N_GenomeWideSNP_6_H06_755850	5	70254895	70654072	17	0.3675
GAMMA_p_TCGA_b103_104_SNP_N_GenomeWideSNP_6_H06_755850	5	70660751	106227527	20964	-0.1049
GAMMA_p_TCGA_b103_104_SNP_N_GenomeWideSNP_6_H06_755850	5	106229673	106230234	6	-1.3242
GAMMA_p_TCGA_b103_104_SNP_N_GenomeWideSNP_6_H06_755850	5	106230898	106233117	14	-0.8403
GAMMA_p_TCGA_b103_104_SNP_N_GenomeWideSNP_6_H06_755850	5	106240576	150177097	28404	-0.1646
GAMMA_p_TCGA_b103_104_SNP_N_GenomeWideSNP_6_H06_755850	5	150177708	150218604	18	0.2603
GAMMA_p_TCGA_b103_104_SNP_N_GenomeWideSNP_6_H06_755850	5	150223387	155482010	3647	-0.1018
GAMMA_p_TCGA_b103_104_SNP_N_GenomeWideSNP_6_H06_755850	5	155482196	155510862	16	0.2809
GAMMA_p_TCGA_b103_104_SNP_N_GenomeWideSNP_6_H06_755850	5	155511160	175373508	14083	0.0073
GAMMA_p_TCGA_b103_104_SNP_N_GenomeWideSNP_6_H06_755850	5	175387546	175432605	10	0.671
GAMMA_p_TCGA_b103_104_SNP_N_GenomeWideSNP_6_H06_755850	5	175436611	180374523	2551	0.0888
GAMMA_p_TCGA_b103_104_SNP_N_GenomeWideSNP_6_H06_755850	5	180378710	180418103	19	-0.5966
GAMMA_p_TCGA_b103_104_SNP_N_GenomeWideSNP_6_H06_755850	5	180433225	180630085	123	0.0953
GAMMA_p_TCGA_b103_104_SNP_N_GenomeWideSNP_6_H06_755850	5	180633680	180790320	48	0.3454
GAMMA_p_TCGA_b103_104_SNP_N_GenomeWideSNP_6_H06_755850	6	149661	10166141	8091	0.0813
GAMMA_p_TCGA_b103_104_SNP_N_GenomeWideSNP_6_H06_755850	6	10171482	10872470	512	0.3777
GAMMA_p_TCGA_b103_104_SNP_N_GenomeWideSNP_6_H06_755850	6	10875142	16359883	4153	0.0637
GAMMA_p_TCGA_b103_104_SNP_N_GenomeWideSNP_6_H06_755850	6	16361970	19040119	2047	-0.2038
GAMMA_p_TCGA_b103_104_SNP_N_GenomeWideSNP_6_H06_755850	6	19042181	19042818	3	-1.3566
GAMMA_p_TCGA_b103_104_SNP_N_GenomeWideSNP_6_H06_755850	6	19044702	25771406	4887	-0.0878
GAMMA_p_TCGA_b103_104_SNP_N_GenomeWideSNP_6_H06_755850	6	25772047	25772639	2	-1.3875
GAMMA_p_TCGA_b103_104_SNP_N_GenomeWideSNP_6_H06_755850	6	25776759	26739025	600	-0.1099
GAMMA_p_TCGA_b103_104_SNP_N_GenomeWideSNP_6_H06_755850	6	26742099	26754381	6	0.743
GAMMA_p_TCGA_b103_104_SNP_N_GenomeWideSNP_6_H06_755850	6	26754393	29837072	1452	-0.0768
GAMMA_p_TCGA_b103_104_SNP_N_GenomeWideSNP_6_H06_755850	6	29837187	29843434	9	0.2915
GAMMA_p_TCGA_b103_104_SNP_N_GenomeWideSNP_6_H06_755850	6	29844034	29850196	8	0.9303
GAMMA_p_TCGA_b103_104_SNP_N_GenomeWideSNP_6_H06_755850	6	29850274	29874808	7	0.1646
GAMMA_p_TCGA_b103_104_SNP_N_GenomeWideSNP_6_H06_755850	6	29876959	29901576	13	-0.6427
GAMMA_p_TCGA_b103_104_SNP_N_GenomeWideSNP_6_H06_755850	6	29908469	31277686	652	-0.0779
GAMMA_p_TCGA_b103_104_SNP_N_GenomeWideSNP_6_H06_755850	6	31280823	31328826	21	0.308
GAMMA_p_TCGA_b103_104_SNP_N_GenomeWideSNP_6_H06_755850	6	31333499	31348200	39	-0.1017
GAMMA_p_TCGA_b103_104_SNP_N_GenomeWideSNP_6_H06_755850	6	31348470	31348648	3	1.2034
GAMMA_p_TCGA_b103_104_SNP_N_GenomeWideSNP_6_H06_755850	6	31351035	48930865	10953	-0.0825
GAMMA_p_TCGA_b103_104_SNP_N_GenomeWideSNP_6_H06_755850	6	48931729	48935200	5	-0.9041
GAMMA_p_TCGA_b103_104_SNP_N_GenomeWideSNP_6_H06_755850	6	48946563	67038046	8827	-0.0521
GAMMA_p_TCGA_b103_104_SNP_N_GenomeWideSNP_6_H06_755850	6	67040913	67043192	7	-0.8807
GAMMA_p_TCGA_b103_104_SNP_N_GenomeWideSNP_6_H06_755850	6	67043235	74591801	5019	0.0363
GAMMA_p_TCGA_b103_104_SNP_N_GenomeWideSNP_6_H06_755850	6	74591858	74601410	11	0.9347
GAMMA_p_TCGA_b103_104_SNP_N_GenomeWideSNP_6_H06_755850	6	74603555	103734829	18381	0.033
GAMMA_p_TCGA_b103_104_SNP_N_GenomeWideSNP_6_H06_755850	6	103737976	103762061	46	-1.0041
GAMMA_p_TCGA_b103_104_SNP_N_GenomeWideSNP_6_H06_755850	6	103765470	110394906	4232	0.0311
GAMMA_p_TCGA_b103_104_SNP_N_GenomeWideSNP_6_H06_755850	6	110396191	110412466	17	-0.759
GAMMA_p_TCGA_b103_104_SNP_N_GenomeWideSNP_6_H06_755850	6	110413237	115195456	3007	0.0282
GAMMA_p_TCGA_b103_104_SNP_N_GenomeWideSNP_6_H06_755850	6	115202532	115202790	4	-1.6319
GAMMA_p_TCGA_b103_104_SNP_N_GenomeWideSNP_6_H06_755850	6	115206276	171051005	37002	-0.0715
GAMMA_p_TCGA_b103_104_SNP_N_GenomeWideSNP_6_H06_755850	7	43355	29497513	21338	0.1453
GAMMA_p_TCGA_b103_104_SNP_N_GenomeWideSNP_6_H06_755850	7	29497630	29497894	2	-1.0966
GAMMA_p_TCGA_b103_104_SNP_N_GenomeWideSNP_6_H06_755850	7	29498356	39077397	6772	0.1411
GAMMA_p_TCGA_b103_104_SNP_N_GenomeWideSNP_6_H06_755850	7	39077405	39079600	3	-1.7771
GAMMA_p_TCGA_b103_104_SNP_N_GenomeWideSNP_6_H06_755850	7	39081494	40010053	560	0.1314
GAMMA_p_TCGA_b103_104_SNP_N_GenomeWideSNP_6_H06_755850	7	40012103	40165836	88	-0.1119
GAMMA_p_TCGA_b103_104_SNP_N_GenomeWideSNP_6_H06_755850	7	40165926	56762113	11414	0.1115
GAMMA_p_TCGA_b103_104_SNP_N_GenomeWideSNP_6_H06_755850	7	56768007	56768814	2	-1.9315
GAMMA_p_TCGA_b103_104_SNP_N_GenomeWideSNP_6_H06_755850	7	56772166	70181763	4577	0.0019
GAMMA_p_TCGA_b103_104_SNP_N_GenomeWideSNP_6_H06_755850	7	70188336	70224743	39	-1.2354
GAMMA_p_TCGA_b103_104_SNP_N_GenomeWideSNP_6_H06_755850	7	70228949	75351138	1994	-0.0227
GAMMA_p_TCGA_b103_104_SNP_N_GenomeWideSNP_6_H06_755850	7	75354183	75364238	8	0.5733
GAMMA_p_TCGA_b103_104_SNP_N_GenomeWideSNP_6_H06_755850	7	75374657	89521808	8902	0.0168
GAMMA_p_TCGA_b103_104_SNP_N_GenomeWideSNP_6_H06_755850	7	89523210	89524849	2	-1.2323
GAMMA_p_TCGA_b103_104_SNP_N_GenomeWideSNP_6_H06_755850	7	89532079	101080923	6651	0.0347
GAMMA_p_TCGA_b103_104_SNP_N_GenomeWideSNP_6_H06_755850	7	101081798	101081986	2	-1.2798
GAMMA_p_TCGA_b103_104_SNP_N_GenomeWideSNP_6_H06_755850	7	101086258	107737468	3928	0.0432
GAMMA_p_TCGA_b103_104_SNP_N_GenomeWideSNP_6_H06_755850	7	107739485	107739538	2	-1.0346
GAMMA_p_TCGA_b103_104_SNP_N_GenomeWideSNP_6_H06_755850	7	107742929	109437099	1146	0.0178
GAMMA_p_TCGA_b103_104_SNP_N_GenomeWideSNP_6_H06_755850	7	109437100	109453910	29	0.5534
GAMMA_p_TCGA_b103_104_SNP_N_GenomeWideSNP_6_H06_755850	7	109453982	126044974	10043	0.0273
GAMMA_p_TCGA_b103_104_SNP_N_GenomeWideSNP_6_H06_755850	7	126045482	126046615	12	-0.748
GAMMA_p_TCGA_b103_104_SNP_N_GenomeWideSNP_6_H06_755850	7	126046876	132485072	3919	0.0852
GAMMA_p_TCGA_b103_104_SNP_N_GenomeWideSNP_6_H06_755850	7	132485411	132526350	39	-0.2094
GAMMA_p_TCGA_b103_104_SNP_N_GenomeWideSNP_6_H06_755850	7	132527075	133785177	750	0.106
GAMMA_p_TCGA_b103_104_SNP_N_GenomeWideSNP_6_H06_755850	7	133785195	133795634	26	0.6172
GAMMA_p_TCGA_b103_104_SNP_N_GenomeWideSNP_6_H06_755850	7	133795665	143216852	6194	0.1026
GAMMA_p_TCGA_b103_104_SNP_N_GenomeWideSNP_6_H06_755850	7	143217246	143543851	95	0.4134
GAMMA_p_TCGA_b103_104_SNP_N_GenomeWideSNP_6_H06_755850	7	143543865	143709684	131	0.1242
GAMMA_p_TCGA_b103_104_SNP_N_GenomeWideSNP_6_H06_755850	7	143709699	143711151	8	0.6369
GAMMA_p_TCGA_b103_104_SNP_N_GenomeWideSNP_6_H06_755850	7	143711169	149845988	3796	0.0857
GAMMA_p_TCGA_b103_104_SNP_N_GenomeWideSNP_6_H06_755850	7	149847287	152809258	1691	-0.1525
GAMMA_p_TCGA_b103_104_SNP_N_GenomeWideSNP_6_H06_755850	7	152809406	153515387	545	0.0973
GAMMA_p_TCGA_b103_104_SNP_N_GenomeWideSNP_6_H06_755850	7	153518311	153524142	3	-0.7336
GAMMA_p_TCGA_b103_104_SNP_N_GenomeWideSNP_6_H06_755850	7	153524357	154389895	600	0.0722
GAMMA_p_TCGA_b103_104_SNP_N_GenomeWideSNP_6_H06_755850	7	154393171	154399613	4	0.9761
GAMMA_p_TCGA_b103_104_SNP_N_GenomeWideSNP_6_H06_755850	7	154400830	155464029	918	0.0766
GAMMA_p_TCGA_b103_104_SNP_N_GenomeWideSNP_6_H06_755850	7	155465863	155466938	2	1.6366
GAMMA_p_TCGA_b103_104_SNP_N_GenomeWideSNP_6_H06_755850	7	155469636	156374358	686	0.0807
GAMMA_p_TCGA_b103_104_SNP_N_GenomeWideSNP_6_H06_755850	7	156383348	156395030	11	-0.2074
GAMMA_p_TCGA_b103_104_SNP_N_GenomeWideSNP_6_H06_755850	7	156395495	159127004	1629	0.097
GAMMA_p_TCGA_b103_104_SNP_N_GenomeWideSNP_6_H06_755850	8	31254	113380	4	0.2035
GAMMA_p_TCGA_b103_104_SNP_N_GenomeWideSNP_6_H06_755850	8	158062	12001123	11302	-0.2536
GAMMA_p_TCGA_b103_104_SNP_N_GenomeWideSNP_6_H06_755850	8	12034307	12247486	49	0.1233
GAMMA_p_TCGA_b103_104_SNP_N_GenomeWideSNP_6_H06_755850	8	12260927	32429464	15768	-0.2358
GAMMA_p_TCGA_b103_104_SNP_N_GenomeWideSNP_6_H06_755850	8	32432369	32439407	6	-0.8169
GAMMA_p_TCGA_b103_104_SNP_N_GenomeWideSNP_6_H06_755850	8	32441651	37464216	2938	-0.1768
GAMMA_p_TCGA_b103_104_SNP_N_GenomeWideSNP_6_H06_755850	8	37466596	39230659	853	0.0869
GAMMA_p_TCGA_b103_104_SNP_N_GenomeWideSNP_6_H06_755850	8	39235603	39386965	58	-1.9286
GAMMA_p_TCGA_b103_104_SNP_N_GenomeWideSNP_6_H06_755850	8	39388299	47742007	2887	0.0905
GAMMA_p_TCGA_b103_104_SNP_N_GenomeWideSNP_6_H06_755850	8	47742387	47742804	2	-1.1064
GAMMA_p_TCGA_b103_104_SNP_N_GenomeWideSNP_6_H06_755850	8	47743262	51032011	1708	0.0818
GAMMA_p_TCGA_b103_104_SNP_N_GenomeWideSNP_6_H06_755850	8	51032024	51032387	7	-1.6564
GAMMA_p_TCGA_b103_104_SNP_N_GenomeWideSNP_6_H06_755850	8	51033423	54039214	1949	0.2008
GAMMA_p_TCGA_b103_104_SNP_N_GenomeWideSNP_6_H06_755850	8	54039378	54073947	25	-0.0412
GAMMA_p_TCGA_b103_104_SNP_N_GenomeWideSNP_6_H06_755850	8	54074373	58762889	3106	0.1855
GAMMA_p_TCGA_b103_104_SNP_N_GenomeWideSNP_6_H06_755850	8	58762993	58763054	3	-0.4733
GAMMA_p_TCGA_b103_104_SNP_N_GenomeWideSNP_6_H06_755850	8	58771278	60229693	1057	0.1735
GAMMA_p_TCGA_b103_104_SNP_N_GenomeWideSNP_6_H06_755850	8	60235174	60235278	2	-1.0254
GAMMA_p_TCGA_b103_104_SNP_N_GenomeWideSNP_6_H06_755850	8	60238894	116443964	33728	0.2235
GAMMA_p_TCGA_b103_104_SNP_N_GenomeWideSNP_6_H06_755850	8	116444251	116677826	137	0.4722
GAMMA_p_TCGA_b103_104_SNP_N_GenomeWideSNP_6_H06_755850	8	116678277	116760086	45	0.757
GAMMA_p_TCGA_b103_104_SNP_N_GenomeWideSNP_6_H06_755850	8	116761660	117841774	666	0.5429
GAMMA_p_TCGA_b103_104_SNP_N_GenomeWideSNP_6_H06_755850	8	117842055	146298155	19719	0.3276
GAMMA_p_TCGA_b103_104_SNP_N_GenomeWideSNP_6_H06_755850	9	46587	602903	513	0.3688
GAMMA_p_TCGA_b103_104_SNP_N_GenomeWideSNP_6_H06_755850	9	606699	606893	3	1.1478
GAMMA_p_TCGA_b103_104_SNP_N_GenomeWideSNP_6_H06_755850	9	606961	1446459	950	0.3794
GAMMA_p_TCGA_b103_104_SNP_N_GenomeWideSNP_6_H06_755850	9	1446987	1450320	12	-0.4834
GAMMA_p_TCGA_b103_104_SNP_N_GenomeWideSNP_6_H06_755850	9	1453039	5079156	3777	0.3889
GAMMA_p_TCGA_b103_104_SNP_N_GenomeWideSNP_6_H06_755850	9	5081416	5081766	8	-0.1917
GAMMA_p_TCGA_b103_104_SNP_N_GenomeWideSNP_6_H06_755850	9	5081852	6770534	1172	0.4007
GAMMA_p_TCGA_b103_104_SNP_N_GenomeWideSNP_6_H06_755850	9	6770741	6770744	2	-0.6965
GAMMA_p_TCGA_b103_104_SNP_N_GenomeWideSNP_6_H06_755850	9	6771267	8143829	1432	0.3931
GAMMA_p_TCGA_b103_104_SNP_N_GenomeWideSNP_6_H06_755850	9	8144163	8144973	2	1.337
GAMMA_p_TCGA_b103_104_SNP_N_GenomeWideSNP_6_H06_755850	9	8147857	19579427	9793	0.3076
GAMMA_p_TCGA_b103_104_SNP_N_GenomeWideSNP_6_H06_755850	9	19580619	23366282	2812	0.1002
GAMMA_p_TCGA_b103_104_SNP_N_GenomeWideSNP_6_H06_755850	9	23367169	23373484	5	0.9211
GAMMA_p_TCGA_b103_104_SNP_N_GenomeWideSNP_6_H06_755850	9	23378488	44629223	11017	0.1014
GAMMA_p_TCGA_b103_104_SNP_N_GenomeWideSNP_6_H06_755850	9	44727859	44855737	36	0.5089
GAMMA_p_TCGA_b103_104_SNP_N_GenomeWideSNP_6_H06_755850	9	44866028	45706359	49	0.0998
GAMMA_p_TCGA_b103_104_SNP_N_GenomeWideSNP_6_H06_755850	9	45706444	45749018	3	1.0512
GAMMA_p_TCGA_b103_104_SNP_N_GenomeWideSNP_6_H06_755850	9	45749108	46388197	30	0.015
GAMMA_p_TCGA_b103_104_SNP_N_GenomeWideSNP_6_H06_755850	9	46388520	46390711	2	-1.1971
GAMMA_p_TCGA_b103_104_SNP_N_GenomeWideSNP_6_H06_755850	9	46390759	72032403	1169	0.155
GAMMA_p_TCGA_b103_104_SNP_N_GenomeWideSNP_6_H06_755850	9	72032492	72032497	2	-1.2571
GAMMA_p_TCGA_b103_104_SNP_N_GenomeWideSNP_6_H06_755850	9	72035199	78002560	4104	0.1517
GAMMA_p_TCGA_b103_104_SNP_N_GenomeWideSNP_6_H06_755850	9	78005177	78008161	3	-1.1183
GAMMA_p_TCGA_b103_104_SNP_N_GenomeWideSNP_6_H06_755850	9	78012459	90522594	9269	0.1631
GAMMA_p_TCGA_b103_104_SNP_N_GenomeWideSNP_6_H06_755850	9	90554151	90554219	2	-1.1092
GAMMA_p_TCGA_b103_104_SNP_N_GenomeWideSNP_6_H06_755850	9	90557957	98585873	5392	0.1557
GAMMA_p_TCGA_b103_104_SNP_N_GenomeWideSNP_6_H06_755850	9	98585987	103177334	2813	-0.0911
GAMMA_p_TCGA_b103_104_SNP_N_GenomeWideSNP_6_H06_755850	9	103182690	103396096	120	0.1471
GAMMA_p_TCGA_b103_104_SNP_N_GenomeWideSNP_6_H06_755850	9	103398020	123266912	15443	-0.0988
GAMMA_p_TCGA_b103_104_SNP_N_GenomeWideSNP_6_H06_755850	9	123267749	126537318	1990	0.1516
GAMMA_p_TCGA_b103_104_SNP_N_GenomeWideSNP_6_H06_755850	9	126541047	126941375	328	0.4797
GAMMA_p_TCGA_b103_104_SNP_N_GenomeWideSNP_6_H06_755850	9	126941461	130589287	2166	0.1504
GAMMA_p_TCGA_b103_104_SNP_N_GenomeWideSNP_6_H06_755850	9	130589853	135937012	3122	-0.0758
GAMMA_p_TCGA_b103_104_SNP_N_GenomeWideSNP_6_H06_755850	9	135943214	135957440	10	-0.603
GAMMA_p_TCGA_b103_104_SNP_N_GenomeWideSNP_6_H06_755850	9	135965662	141004005	2358	-0.0857
GAMMA_p_TCGA_b103_104_SNP_N_GenomeWideSNP_6_H06_755850	9	141004491	141004916	2	0.9808
GAMMA_p_TCGA_b103_104_SNP_N_GenomeWideSNP_6_H06_755850	9	141004997	141091394	55	-0.0054
GAMMA_p_TCGA_b103_104_SNP_N_GenomeWideSNP_6_H06_755850	10	72759	11859304	10083	0.3972
GAMMA_p_TCGA_b103_104_SNP_N_GenomeWideSNP_6_H06_755850	10	11863049	20206903	6388	0.1904
GAMMA_p_TCGA_b103_104_SNP_N_GenomeWideSNP_6_H06_755850	10	20207349	20207674	3	-0.7538
GAMMA_p_TCGA_b103_104_SNP_N_GenomeWideSNP_6_H06_755850	10	20208526	21133182	847	0.2063
GAMMA_p_TCGA_b103_104_SNP_N_GenomeWideSNP_6_H06_755850	10	21135430	21136860	4	-0.4421
GAMMA_p_TCGA_b103_104_SNP_N_GenomeWideSNP_6_H06_755850	10	21137746	24377675	1936	0.2007
GAMMA_p_TCGA_b103_104_SNP_N_GenomeWideSNP_6_H06_755850	10	24377676	24378054	9	1.355
GAMMA_p_TCGA_b103_104_SNP_N_GenomeWideSNP_6_H06_755850	10	24378908	27223903	1994	0.2062
GAMMA_p_TCGA_b103_104_SNP_N_GenomeWideSNP_6_H06_755850	10	27225904	27228350	9	0.6585
GAMMA_p_TCGA_b103_104_SNP_N_GenomeWideSNP_6_H06_755850	10	27228421	42525124	7951	0.2279
GAMMA_p_TCGA_b103_104_SNP_N_GenomeWideSNP_6_H06_755850	10	42614436	46256781	2371	-0.1278
GAMMA_p_TCGA_b103_104_SNP_N_GenomeWideSNP_6_H06_755850	10	46293619	47392332	185	0.2011
GAMMA_p_TCGA_b103_104_SNP_N_GenomeWideSNP_6_H06_755850	10	47401341	66453375	12403	-0.1525
GAMMA_p_TCGA_b103_104_SNP_N_GenomeWideSNP_6_H06_755850	10	66453379	66454238	2	-1.1247
GAMMA_p_TCGA_b103_104_SNP_N_GenomeWideSNP_6_H06_755850	10	66455310	67307936	595	-0.0963
GAMMA_p_TCGA_b103_104_SNP_N_GenomeWideSNP_6_H06_755850	10	67307951	67322795	27	0.2663
GAMMA_p_TCGA_b103_104_SNP_N_GenomeWideSNP_6_H06_755850	10	67322926	89549706	14738	-0.0907
GAMMA_p_TCGA_b103_104_SNP_N_GenomeWideSNP_6_H06_755850	10	89552203	89649615	85	-0.396
GAMMA_p_TCGA_b103_104_SNP_N_GenomeWideSNP_6_H06_755850	10	89649670	123081449	22493	-0.0956
GAMMA_p_TCGA_b103_104_SNP_N_GenomeWideSNP_6_H06_755850	10	123082354	135506704	9030	0.1529
GAMMA_p_TCGA_b103_104_SNP_N_GenomeWideSNP_6_H06_755850	11	198510	1644440	483	-0.08
GAMMA_p_TCGA_b103_104_SNP_N_GenomeWideSNP_6_H06_755850	11	1644905	1648648	5	-1.3901
GAMMA_p_TCGA_b103_104_SNP_N_GenomeWideSNP_6_H06_755850	11	1649887	3486724	859	-0.0725
GAMMA_p_TCGA_b103_104_SNP_N_GenomeWideSNP_6_H06_755850	11	3487665	3488541	3	-1.2998
GAMMA_p_TCGA_b103_104_SNP_N_GenomeWideSNP_6_H06_755850	11	3506526	4967396	1124	-0.0982
GAMMA_p_TCGA_b103_104_SNP_N_GenomeWideSNP_6_H06_755850	11	4967650	4976865	41	0.4371
GAMMA_p_TCGA_b103_104_SNP_N_GenomeWideSNP_6_H06_755850	11	4976878	6117976	1067	-0.1039
GAMMA_p_TCGA_b103_104_SNP_N_GenomeWideSNP_6_H06_755850	11	6120647	6122094	2	0.9536
GAMMA_p_TCGA_b103_104_SNP_N_GenomeWideSNP_6_H06_755850	11	6122503	37095147	22652	0.0501
GAMMA_p_TCGA_b103_104_SNP_N_GenomeWideSNP_6_H06_755850	11	37102463	37102747	2	-1.1479
GAMMA_p_TCGA_b103_104_SNP_N_GenomeWideSNP_6_H06_755850	11	37103076	48598422	7205	0.0778
GAMMA_p_TCGA_b103_104_SNP_N_GenomeWideSNP_6_H06_755850	11	48601434	48602676	2	-0.9972
GAMMA_p_TCGA_b103_104_SNP_N_GenomeWideSNP_6_H06_755850	11	48606318	50669693	827	0.0802
GAMMA_p_TCGA_b103_104_SNP_N_GenomeWideSNP_6_H06_755850	11	50682379	51192870	20	0.4933
GAMMA_p_TCGA_b103_104_SNP_N_GenomeWideSNP_6_H06_755850	11	51195051	55363340	377	0.0771
GAMMA_p_TCGA_b103_104_SNP_N_GenomeWideSNP_6_H06_755850	11	55374032	55442318	48	0.4016
GAMMA_p_TCGA_b103_104_SNP_N_GenomeWideSNP_6_H06_755850	11	55444211	107230719	32489	0.0527
GAMMA_p_TCGA_b103_104_SNP_N_GenomeWideSNP_6_H06_755850	11	107238656	107239128	7	-0.8085
GAMMA_p_TCGA_b103_104_SNP_N_GenomeWideSNP_6_H06_755850	11	107252362	107781379	385	0.0438
GAMMA_p_TCGA_b103_104_SNP_N_GenomeWideSNP_6_H06_755850	11	107784507	107785098	2	-3.4497
GAMMA_p_TCGA_b103_104_SNP_N_GenomeWideSNP_6_H06_755850	11	107787713	126356296	12881	0.0295
GAMMA_p_TCGA_b103_104_SNP_N_GenomeWideSNP_6_H06_755850	11	126356882	126371892	14	0.4777
GAMMA_p_TCGA_b103_104_SNP_N_GenomeWideSNP_6_H06_755850	11	126376826	132417444	4781	0.0285
GAMMA_p_TCGA_b103_104_SNP_N_GenomeWideSNP_6_H06_755850	11	132422483	134944770	1901	-0.2704
GAMMA_p_TCGA_b103_104_SNP_N_GenomeWideSNP_6_H06_755850	12	150442	8357507	5555	0.204
GAMMA_p_TCGA_b103_104_SNP_N_GenomeWideSNP_6_H06_755850	12	8362050	8378251	11	0.7153
GAMMA_p_TCGA_b103_104_SNP_N_GenomeWideSNP_6_H06_755850	12	8393828	9630556	642	0.1971
GAMMA_p_TCGA_b103_104_SNP_N_GenomeWideSNP_6_H06_755850	12	9633870	9713674	22	1.099
GAMMA_p_TCGA_b103_104_SNP_N_GenomeWideSNP_6_H06_755850	12	9714954	11511577	1192	0.2188
GAMMA_p_TCGA_b103_104_SNP_N_GenomeWideSNP_6_H06_755850	12	11511578	11543386	30	0.9083
GAMMA_p_TCGA_b103_104_SNP_N_GenomeWideSNP_6_H06_755850	12	11543406	18428033	4778	0.1505
GAMMA_p_TCGA_b103_104_SNP_N_GenomeWideSNP_6_H06_755850	12	18431915	18431931	2	1.1636
GAMMA_p_TCGA_b103_104_SNP_N_GenomeWideSNP_6_H06_755850	12	18438622	18742410	189	0.0907
GAMMA_p_TCGA_b103_104_SNP_N_GenomeWideSNP_6_H06_755850	12	18747077	18835286	67	-0.1997
GAMMA_p_TCGA_b103_104_SNP_N_GenomeWideSNP_6_H06_755850	12	18838947	30239314	8105	0.0947
GAMMA_p_TCGA_b103_104_SNP_N_GenomeWideSNP_6_H06_755850	12	30239419	30243665	21	-0.3914
GAMMA_p_TCGA_b103_104_SNP_N_GenomeWideSNP_6_H06_755850	12	30243689	45905840	7927	-0.0211
GAMMA_p_TCGA_b103_104_SNP_N_GenomeWideSNP_6_H06_755850	12	45908740	45909537	2	-2.6255
GAMMA_p_TCGA_b103_104_SNP_N_GenomeWideSNP_6_H06_755850	12	45913292	48907160	1827	-0.0889
GAMMA_p_TCGA_b103_104_SNP_N_GenomeWideSNP_6_H06_755850	12	48909939	48911217	2	-1.4671
GAMMA_p_TCGA_b103_104_SNP_N_GenomeWideSNP_6_H06_755850	12	48917007	97877305	30623	-0.0859
GAMMA_p_TCGA_b103_104_SNP_N_GenomeWideSNP_6_H06_755850	12	97877411	97877688	3	-1.3274
GAMMA_p_TCGA_b103_104_SNP_N_GenomeWideSNP_6_H06_755850	12	97878411	99791652	1307	-0.0092
GAMMA_p_TCGA_b103_104_SNP_N_GenomeWideSNP_6_H06_755850	12	99791771	99798355	30	0.2646
GAMMA_p_TCGA_b103_104_SNP_N_GenomeWideSNP_6_H06_755850	12	99798526	133778189	22781	-0.0369
GAMMA_p_TCGA_b103_104_SNP_N_GenomeWideSNP_6_H06_755850	13	19026949	32532622	9652	0.134
GAMMA_p_TCGA_b103_104_SNP_N_GenomeWideSNP_6_H06_755850	13	32532727	32538423	17	-0.5751
GAMMA_p_TCGA_b103_104_SNP_N_GenomeWideSNP_6_H06_755850	13	32540047	37042301	3170	0.1261
GAMMA_p_TCGA_b103_104_SNP_N_GenomeWideSNP_6_H06_755850	13	37050893	38075965	739	-0.1096
GAMMA_p_TCGA_b103_104_SNP_N_GenomeWideSNP_6_H06_755850	13	38076267	38084732	11	-0.6329
GAMMA_p_TCGA_b103_104_SNP_N_GenomeWideSNP_6_H06_755850	13	38084757	115108397	50759	-0.0999
GAMMA_p_TCGA_b103_104_SNP_N_GenomeWideSNP_6_H06_755850	14	19002124	19604114	44	0.0387
GAMMA_p_TCGA_b103_104_SNP_N_GenomeWideSNP_6_H06_755850	14	19607007	20420239	144	-0.3825
GAMMA_p_TCGA_b103_104_SNP_N_GenomeWideSNP_6_H06_755850	14	20422583	24445634	2744	-0.1082
GAMMA_p_TCGA_b103_104_SNP_N_GenomeWideSNP_6_H06_755850	14	24446631	24461854	12	-0.5579
GAMMA_p_TCGA_b103_104_SNP_N_GenomeWideSNP_6_H06_755850	14	24464512	41610496	10901	-0.0936
GAMMA_p_TCGA_b103_104_SNP_N_GenomeWideSNP_6_H06_755850	14	41610690	41637429	10	-2.1431
GAMMA_p_TCGA_b103_104_SNP_N_GenomeWideSNP_6_H06_755850	14	41637815	41653977	2	-7.5306
GAMMA_p_TCGA_b103_104_SNP_N_GenomeWideSNP_6_H06_755850	14	41657249	66069053	15522	3e-04
GAMMA_p_TCGA_b103_104_SNP_N_GenomeWideSNP_6_H06_755850	14	66069606	66080031	5	-0.783
GAMMA_p_TCGA_b103_104_SNP_N_GenomeWideSNP_6_H06_755850	14	66082751	67036031	554	0.0477
GAMMA_p_TCGA_b103_104_SNP_N_GenomeWideSNP_6_H06_755850	14	67040699	67041440	2	-1.779
GAMMA_p_TCGA_b103_104_SNP_N_GenomeWideSNP_6_H06_755850	14	67041635	79163076	7800	0.0408
GAMMA_p_TCGA_b103_104_SNP_N_GenomeWideSNP_6_H06_755850	14	79165089	79165608	3	-1.0329
GAMMA_p_TCGA_b103_104_SNP_N_GenomeWideSNP_6_H06_755850	14	79166325	83696060	3036	-0.0077
GAMMA_p_TCGA_b103_104_SNP_N_GenomeWideSNP_6_H06_755850	14	83696354	83697232	2	-1.2348
GAMMA_p_TCGA_b103_104_SNP_N_GenomeWideSNP_6_H06_755850	14	83698443	103265631	13171	-0.1859
GAMMA_p_TCGA_b103_104_SNP_N_GenomeWideSNP_6_H06_755850	14	103265666	106530364	1231	0.0559
GAMMA_p_TCGA_b103_104_SNP_N_GenomeWideSNP_6_H06_755850	14	106530687	106567100	17	0.5327
GAMMA_p_TCGA_b103_104_SNP_N_GenomeWideSNP_6_H06_755850	14	106569463	106882342	145	-0.0389
GAMMA_p_TCGA_b103_104_SNP_N_GenomeWideSNP_6_H06_755850	14	106889379	106934284	54	0.2107
GAMMA_p_TCGA_b103_104_SNP_N_GenomeWideSNP_6_H06_755850	14	106934548	107145564	121	-0.1153
GAMMA_p_TCGA_b103_104_SNP_N_GenomeWideSNP_6_H06_755850	14	107152270	107205739	47	0.1106
GAMMA_p_TCGA_b103_104_SNP_N_GenomeWideSNP_6_H06_755850	14	107211781	107285437	50	-0.1451
GAMMA_p_TCGA_b103_104_SNP_N_GenomeWideSNP_6_H06_755850	15	20016328	20412026	64	-0.0617
GAMMA_p_TCGA_b103_104_SNP_N_GenomeWideSNP_6_H06_755850	15	20412478	20581564	40	-0.4742
GAMMA_p_TCGA_b103_104_SNP_N_GenomeWideSNP_6_H06_755850	15	20585988	20586686	8	-0.9827
GAMMA_p_TCGA_b103_104_SNP_N_GenomeWideSNP_6_H06_755850	15	20586745	20590042	6	-1.6738
GAMMA_p_TCGA_b103_104_SNP_N_GenomeWideSNP_6_H06_755850	15	20590160	20730465	29	-0.6653
GAMMA_p_TCGA_b103_104_SNP_N_GenomeWideSNP_6_H06_755850	15	20735423	20820159	8	0.0838
GAMMA_p_TCGA_b103_104_SNP_N_GenomeWideSNP_6_H06_755850	15	20830374	21169904	109	-0.5565
GAMMA_p_TCGA_b103_104_SNP_N_GenomeWideSNP_6_H06_755850	15	21173853	21200700	10	-1.0922
GAMMA_p_TCGA_b103_104_SNP_N_GenomeWideSNP_6_H06_755850	15	21201533	22263557	32	-0.5353
GAMMA_p_TCGA_b103_104_SNP_N_GenomeWideSNP_6_H06_755850	15	22280477	22311810	8	0.1831
GAMMA_p_TCGA_b103_104_SNP_N_GenomeWideSNP_6_H06_755850	15	22311811	22751094	111	-0.3033
GAMMA_p_TCGA_b103_104_SNP_N_GenomeWideSNP_6_H06_755850	15	22751245	37505263	9369	-0.0849
GAMMA_p_TCGA_b103_104_SNP_N_GenomeWideSNP_6_H06_755850	15	37508181	37510351	2	-1.4391
GAMMA_p_TCGA_b103_104_SNP_N_GenomeWideSNP_6_H06_755850	15	37510641	58724383	13188	-0.0885
GAMMA_p_TCGA_b103_104_SNP_N_GenomeWideSNP_6_H06_755850	15	58724524	58724792	3	-0.8798
GAMMA_p_TCGA_b103_104_SNP_N_GenomeWideSNP_6_H06_755850	15	58726349	58730276	8	-0.2905
GAMMA_p_TCGA_b103_104_SNP_N_GenomeWideSNP_6_H06_755850	15	58730571	72811402	9338	-0.0887
GAMMA_p_TCGA_b103_104_SNP_N_GenomeWideSNP_6_H06_755850	15	72813151	72814743	3	-1.0161
GAMMA_p_TCGA_b103_104_SNP_N_GenomeWideSNP_6_H06_755850	15	72825928	76878362	2039	-0.0902
GAMMA_p_TCGA_b103_104_SNP_N_GenomeWideSNP_6_H06_755850	15	76891241	76895775	22	0.7274
GAMMA_p_TCGA_b103_104_SNP_N_GenomeWideSNP_6_H06_755850	15	76902179	86055682	5186	-0.0513
GAMMA_p_TCGA_b103_104_SNP_N_GenomeWideSNP_6_H06_755850	15	86057025	86059271	2	-1.4274
GAMMA_p_TCGA_b103_104_SNP_N_GenomeWideSNP_6_H06_755850	15	86059297	88169111	1835	-0.0486
GAMMA_p_TCGA_b103_104_SNP_N_GenomeWideSNP_6_H06_755850	15	88169181	88169802	3	-1.1165
GAMMA_p_TCGA_b103_104_SNP_N_GenomeWideSNP_6_H06_755850	15	88170228	102349683	10621	-0.0492
GAMMA_p_TCGA_b103_104_SNP_N_GenomeWideSNP_6_H06_755850	15	102350597	102469040	46	0.3345
GAMMA_p_TCGA_b103_104_SNP_N_GenomeWideSNP_6_H06_755850	16	60777	12648802	9431	-0.0923
GAMMA_p_TCGA_b103_104_SNP_N_GenomeWideSNP_6_H06_755850	16	12648843	12648995	4	0.7647
GAMMA_p_TCGA_b103_104_SNP_N_GenomeWideSNP_6_H06_755850	16	12650247	13128258	473	-0.1085
GAMMA_p_TCGA_b103_104_SNP_N_GenomeWideSNP_6_H06_755850	16	13128308	13128604	3	-1.0691
GAMMA_p_TCGA_b103_104_SNP_N_GenomeWideSNP_6_H06_755850	16	13130274	18198717	2894	-0.0821
GAMMA_p_TCGA_b103_104_SNP_N_GenomeWideSNP_6_H06_755850	16	18228118	18238289	2	1.5722
GAMMA_p_TCGA_b103_104_SNP_N_GenomeWideSNP_6_H06_755850	16	18242726	19944363	727	-0.0866
GAMMA_p_TCGA_b103_104_SNP_N_GenomeWideSNP_6_H06_755850	16	19945650	19965875	28	-2.5577
GAMMA_p_TCGA_b103_104_SNP_N_GenomeWideSNP_6_H06_755850	16	19967362	32013278	6520	-0.0787
GAMMA_p_TCGA_b103_104_SNP_N_GenomeWideSNP_6_H06_755850	16	32024412	33643399	262	0.1319
GAMMA_p_TCGA_b103_104_SNP_N_GenomeWideSNP_6_H06_755850	16	33644022	54034358	5473	-0.0841
GAMMA_p_TCGA_b103_104_SNP_N_GenomeWideSNP_6_H06_755850	16	54034941	54034952	2	-1.3168
GAMMA_p_TCGA_b103_104_SNP_N_GenomeWideSNP_6_H06_755850	16	54035808	55795214	1511	-0.0762
GAMMA_p_TCGA_b103_104_SNP_N_GenomeWideSNP_6_H06_755850	16	55796389	55822444	22	-1.7608
GAMMA_p_TCGA_b103_104_SNP_N_GenomeWideSNP_6_H06_755850	16	55829557	55858793	16	0.4237
GAMMA_p_TCGA_b103_104_SNP_N_GenomeWideSNP_6_H06_755850	16	55868439	67643193	7610	-0.0873
GAMMA_p_TCGA_b103_104_SNP_N_GenomeWideSNP_6_H06_755850	16	67653912	68160314	175	0.1534
GAMMA_p_TCGA_b103_104_SNP_N_GenomeWideSNP_6_H06_755850	16	68162579	70179343	970	-0.075
GAMMA_p_TCGA_b103_104_SNP_N_GenomeWideSNP_6_H06_755850	16	70179396	70211444	13	0.3448
GAMMA_p_TCGA_b103_104_SNP_N_GenomeWideSNP_6_H06_755850	16	70213044	77595285	4810	-0.084
GAMMA_p_TCGA_b103_104_SNP_N_GenomeWideSNP_6_H06_755850	16	77595335	77595365	2	-2.5637
GAMMA_p_TCGA_b103_104_SNP_N_GenomeWideSNP_6_H06_755850	16	77596021	77741580	219	-0.1009
GAMMA_p_TCGA_b103_104_SNP_N_GenomeWideSNP_6_H06_755850	16	77742082	77742146	2	-1.1795
GAMMA_p_TCGA_b103_104_SNP_N_GenomeWideSNP_6_H06_755850	16	77742174	78381263	631	-0.1246
GAMMA_p_TCGA_b103_104_SNP_N_GenomeWideSNP_6_H06_755850	16	78383140	78384738	2	-1.3619
GAMMA_p_TCGA_b103_104_SNP_N_GenomeWideSNP_6_H06_755850	16	78384765	79003534	827	-0.1238
GAMMA_p_TCGA_b103_104_SNP_N_GenomeWideSNP_6_H06_755850	16	79005751	79036736	44	-0.4913
GAMMA_p_TCGA_b103_104_SNP_N_GenomeWideSNP_6_H06_755850	16	79037442	79583815	661	-0.0701
GAMMA_p_TCGA_b103_104_SNP_N_GenomeWideSNP_6_H06_755850	16	79586741	79592020	8	-0.9283
GAMMA_p_TCGA_b103_104_SNP_N_GenomeWideSNP_6_H06_755850	16	79595128	90287535	9107	-0.0888
GAMMA_p_TCGA_b103_104_SNP_N_GenomeWideSNP_6_H06_755850	17	526	10310246	6071	-0.0558
GAMMA_p_TCGA_b103_104_SNP_N_GenomeWideSNP_6_H06_755850	17	10310859	10313691	4	-1.0489
GAMMA_p_TCGA_b103_104_SNP_N_GenomeWideSNP_6_H06_755850	17	10315472	16654301	4440	-0.0312
GAMMA_p_TCGA_b103_104_SNP_N_GenomeWideSNP_6_H06_755850	17	16657331	16779570	24	0.2871
GAMMA_p_TCGA_b103_104_SNP_N_GenomeWideSNP_6_H06_755850	17	16781324	18319862	910	-0.0143
GAMMA_p_TCGA_b103_104_SNP_N_GenomeWideSNP_6_H06_755850	17	18355392	18550068	46	-0.2515
GAMMA_p_TCGA_b103_104_SNP_N_GenomeWideSNP_6_H06_755850	17	18550859	32826871	5878	-0.0315
GAMMA_p_TCGA_b103_104_SNP_N_GenomeWideSNP_6_H06_755850	17	32827307	32829372	5	-0.7402
GAMMA_p_TCGA_b103_104_SNP_N_GenomeWideSNP_6_H06_755850	17	32829408	39421708	3600	-0.0404
GAMMA_p_TCGA_b103_104_SNP_N_GenomeWideSNP_6_H06_755850	17	39423014	39441219	43	0.2329
GAMMA_p_TCGA_b103_104_SNP_N_GenomeWideSNP_6_H06_755850	17	39443549	43656380	2150	-0.0554
GAMMA_p_TCGA_b103_104_SNP_N_GenomeWideSNP_6_H06_755850	17	43657243	43659426	5	-1.0079
GAMMA_p_TCGA_b103_104_SNP_N_GenomeWideSNP_6_H06_755850	17	43664693	44163098	338	-0.028
GAMMA_p_TCGA_b103_104_SNP_N_GenomeWideSNP_6_H06_755850	17	44165803	44364170	124	-0.3331
GAMMA_p_TCGA_b103_104_SNP_N_GenomeWideSNP_6_H06_755850	17	44394412	44784982	52	0.1937
GAMMA_p_TCGA_b103_104_SNP_N_GenomeWideSNP_6_H06_755850	17	44785682	49815361	2709	-0.0758
GAMMA_p_TCGA_b103_104_SNP_N_GenomeWideSNP_6_H06_755850	17	49816472	49816486	2	-1.0951
GAMMA_p_TCGA_b103_104_SNP_N_GenomeWideSNP_6_H06_755850	17	49818290	51005433	893	-0.0945
GAMMA_p_TCGA_b103_104_SNP_N_GenomeWideSNP_6_H06_755850	17	51006114	51041907	23	-0.3453
GAMMA_p_TCGA_b103_104_SNP_N_GenomeWideSNP_6_H06_755850	17	51041941	51300784	166	-0.124
GAMMA_p_TCGA_b103_104_SNP_N_GenomeWideSNP_6_H06_755850	17	51305545	51306068	2	-1.0483
GAMMA_p_TCGA_b103_104_SNP_N_GenomeWideSNP_6_H06_755850	17	51306976	54158212	2012	-0.0834
GAMMA_p_TCGA_b103_104_SNP_N_GenomeWideSNP_6_H06_755850	17	54158336	54172591	29	-0.6082
GAMMA_p_TCGA_b103_104_SNP_N_GenomeWideSNP_6_H06_755850	17	54172823	55687489	1174	-0.1036
GAMMA_p_TCGA_b103_104_SNP_N_GenomeWideSNP_6_H06_755850	17	55688333	55688993	2	1.0914
GAMMA_p_TCGA_b103_104_SNP_N_GenomeWideSNP_6_H06_755850	17	55691993	63408152	3875	-0.0744
GAMMA_p_TCGA_b103_104_SNP_N_GenomeWideSNP_6_H06_755850	17	63410534	75904519	8216	0.1732
GAMMA_p_TCGA_b103_104_SNP_N_GenomeWideSNP_6_H06_755850	17	75909591	78601416	1530	-0.0446
GAMMA_p_TCGA_b103_104_SNP_N_GenomeWideSNP_6_H06_755850	17	78604201	78613507	13	0.5236
GAMMA_p_TCGA_b103_104_SNP_N_GenomeWideSNP_6_H06_755850	17	78614824	81049726	976	-0.0592
GAMMA_p_TCGA_b103_104_SNP_N_GenomeWideSNP_6_H06_755850	18	11543	8842312	6501	-0.1646
GAMMA_p_TCGA_b103_104_SNP_N_GenomeWideSNP_6_H06_755850	18	8843160	8843643	2	-1.9221
GAMMA_p_TCGA_b103_104_SNP_N_GenomeWideSNP_6_H06_755850	18	8844406	40044108	17576	-0.0954
GAMMA_p_TCGA_b103_104_SNP_N_GenomeWideSNP_6_H06_755850	18	40049050	40070245	36	-0.4049
GAMMA_p_TCGA_b103_104_SNP_N_GenomeWideSNP_6_H06_755850	18	40070286	51524201	7899	-0.0712
GAMMA_p_TCGA_b103_104_SNP_N_GenomeWideSNP_6_H06_755850	18	51524842	51525152	3	-1.372
GAMMA_p_TCGA_b103_104_SNP_N_GenomeWideSNP_6_H06_755850	18	51528368	67207227	11001	-0.0805
GAMMA_p_TCGA_b103_104_SNP_N_GenomeWideSNP_6_H06_755850	18	67207852	67217271	8	-0.9392
GAMMA_p_TCGA_b103_104_SNP_N_GenomeWideSNP_6_H06_755850	18	67217542	74923928	5835	-0.0906
GAMMA_p_TCGA_b103_104_SNP_N_GenomeWideSNP_6_H06_755850	18	74925386	74926407	2	-1.3787
GAMMA_p_TCGA_b103_104_SNP_N_GenomeWideSNP_6_H06_755850	18	74926882	76660693	1267	-0.1008
GAMMA_p_TCGA_b103_104_SNP_N_GenomeWideSNP_6_H06_755850	18	76662714	76670843	8	-0.6286
GAMMA_p_TCGA_b103_104_SNP_N_GenomeWideSNP_6_H06_755850	18	76670898	78015057	702	-0.0748
GAMMA_p_TCGA_b103_104_SNP_N_GenomeWideSNP_6_H06_755850	19	90910	1778039	392	-0.0781
GAMMA_p_TCGA_b103_104_SNP_N_GenomeWideSNP_6_H06_755850	19	1782189	1784211	4	-1.1429
GAMMA_p_TCGA_b103_104_SNP_N_GenomeWideSNP_6_H06_755850	19	1791099	15012726	5710	0.0409
GAMMA_p_TCGA_b103_104_SNP_N_GenomeWideSNP_6_H06_755850	19	15013608	15051994	28	0.4537
GAMMA_p_TCGA_b103_104_SNP_N_GenomeWideSNP_6_H06_755850	19	15052133	19831544	2415	0.0679
GAMMA_p_TCGA_b103_104_SNP_N_GenomeWideSNP_6_H06_755850	19	19835753	19836676	2	1.1118
GAMMA_p_TCGA_b103_104_SNP_N_GenomeWideSNP_6_H06_755850	19	19840768	28141689	2768	0.0541
GAMMA_p_TCGA_b103_104_SNP_N_GenomeWideSNP_6_H06_755850	19	28144500	28153218	2	-0.9472
GAMMA_p_TCGA_b103_104_SNP_N_GenomeWideSNP_6_H06_755850	19	28153513	34197968	4390	0.1302
GAMMA_p_TCGA_b103_104_SNP_N_GenomeWideSNP_6_H06_755850	19	34201709	34203447	2	1.1781
GAMMA_p_TCGA_b103_104_SNP_N_GenomeWideSNP_6_H06_755850	19	34204094	41282288	3897	0.1567
GAMMA_p_TCGA_b103_104_SNP_N_GenomeWideSNP_6_H06_755850	19	41287605	56282369	7897	-0.0766
GAMMA_p_TCGA_b103_104_SNP_N_GenomeWideSNP_6_H06_755850	19	56282535	56283067	3	-2.4197
GAMMA_p_TCGA_b103_104_SNP_N_GenomeWideSNP_6_H06_755850	19	56286293	59097854	1850	-0.0828
GAMMA_p_TCGA_b103_104_SNP_N_GenomeWideSNP_6_H06_755850	20	61305	1552503	1186	-0.0765
GAMMA_p_TCGA_b103_104_SNP_N_GenomeWideSNP_6_H06_755850	20	1557190	1560999	21	-0.8962
GAMMA_p_TCGA_b103_104_SNP_N_GenomeWideSNP_6_H06_755850	20	1561580	1593893	41	0.9434
GAMMA_p_TCGA_b103_104_SNP_N_GenomeWideSNP_6_H06_755850	20	1597946	8545700	5194	-0.0891
GAMMA_p_TCGA_b103_104_SNP_N_GenomeWideSNP_6_H06_755850	20	8547043	8635927	84	-0.4101
GAMMA_p_TCGA_b103_104_SNP_N_GenomeWideSNP_6_H06_755850	20	8636927	48978686	25719	-0.0942
GAMMA_p_TCGA_b103_104_SNP_N_GenomeWideSNP_6_H06_755850	20	48981061	48981172	2	-1.2767
GAMMA_p_TCGA_b103_104_SNP_N_GenomeWideSNP_6_H06_755850	20	48981372	62956153	10262	0.004
GAMMA_p_TCGA_b103_104_SNP_N_GenomeWideSNP_6_H06_755850	21	10736871	20056087	3715	0.0935
GAMMA_p_TCGA_b103_104_SNP_N_GenomeWideSNP_6_H06_755850	21	20057678	20082159	29	0.5225
GAMMA_p_TCGA_b103_104_SNP_N_GenomeWideSNP_6_H06_755850	21	20082244	27729834	5808	0.0402
GAMMA_p_TCGA_b103_104_SNP_N_GenomeWideSNP_6_H06_755850	21	27730590	28749443	907	0.2675
GAMMA_p_TCGA_b103_104_SNP_N_GenomeWideSNP_6_H06_755850	21	28752471	42868131	10718	-0.0451
GAMMA_p_TCGA_b103_104_SNP_N_GenomeWideSNP_6_H06_755850	21	42868195	42868213	2	-1.3722
GAMMA_p_TCGA_b103_104_SNP_N_GenomeWideSNP_6_H06_755850	21	42868337	44968053	1475	-0.081
GAMMA_p_TCGA_b103_104_SNP_N_GenomeWideSNP_6_H06_755850	21	44970873	44972812	2	-2.4169
GAMMA_p_TCGA_b103_104_SNP_N_GenomeWideSNP_6_H06_755850	21	44973667	47688222	1486	-0.0758
GAMMA_p_TCGA_b103_104_SNP_N_GenomeWideSNP_6_H06_755850	21	47689734	47690994	4	-0.898
GAMMA_p_TCGA_b103_104_SNP_N_GenomeWideSNP_6_H06_755850	21	47692798	48096957	273	-0.0646
GAMMA_p_TCGA_b103_104_SNP_N_GenomeWideSNP_6_H06_755850	22	16052528	16239487	30	-0.3753
GAMMA_p_TCGA_b103_104_SNP_N_GenomeWideSNP_6_H06_755850	22	16239968	17811778	567	-0.0966
GAMMA_p_TCGA_b103_104_SNP_N_GenomeWideSNP_6_H06_755850	22	17821867	18732919	620	0.1289
GAMMA_p_TCGA_b103_104_SNP_N_GenomeWideSNP_6_H06_755850	22	18748440	18805861	7	-0.7148
GAMMA_p_TCGA_b103_104_SNP_N_GenomeWideSNP_6_H06_755850	22	18810094	20304875	921	0.1416
GAMMA_p_TCGA_b103_104_SNP_N_GenomeWideSNP_6_H06_755850	22	20310369	20705775	12	-0.191
GAMMA_p_TCGA_b103_104_SNP_N_GenomeWideSNP_6_H06_755850	22	20716936	22462979	1139	0.1769
GAMMA_p_TCGA_b103_104_SNP_N_GenomeWideSNP_6_H06_755850	22	22467413	22467569	5	-0.2198
GAMMA_p_TCGA_b103_104_SNP_N_GenomeWideSNP_6_H06_755850	22	22468619	22474613	7	-0.893
GAMMA_p_TCGA_b103_104_SNP_N_GenomeWideSNP_6_H06_755850	22	22481498	24271692	1283	0.0504
GAMMA_p_TCGA_b103_104_SNP_N_GenomeWideSNP_6_H06_755850	22	24271745	24396814	53	0.4353
GAMMA_p_TCGA_b103_104_SNP_N_GenomeWideSNP_6_H06_755850	22	24401529	25685837	835	-0.0706
GAMMA_p_TCGA_b103_104_SNP_N_GenomeWideSNP_6_H06_755850	22	25689073	25736345	40	0.4598
GAMMA_p_TCGA_b103_104_SNP_N_GenomeWideSNP_6_H06_755850	22	25736672	25736676	4	1.2517
GAMMA_p_TCGA_b103_104_SNP_N_GenomeWideSNP_6_H06_755850	22	25736677	25916386	236	0.4736
GAMMA_p_TCGA_b103_104_SNP_N_GenomeWideSNP_6_H06_755850	22	25918709	51234455	17812	-0.0179
GAMMA_p_TCGA_b103_104_SNP_N_GenomeWideSNP_6_H06_755850	X	168477	37919999	23613	-0.0368
GAMMA_p_TCGA_b103_104_SNP_N_GenomeWideSNP_6_H06_755850	X	37920275	37922454	4	-0.9667
GAMMA_p_TCGA_b103_104_SNP_N_GenomeWideSNP_6_H06_755850	X	37922860	126445328	44034	0.0144
GAMMA_p_TCGA_b103_104_SNP_N_GenomeWideSNP_6_H06_755850	X	126445960	126450685	10	-0.4954
GAMMA_p_TCGA_b103_104_SNP_N_GenomeWideSNP_6_H06_755850	X	126450777	143626060	10041	0.0373
GAMMA_p_TCGA_b103_104_SNP_N_GenomeWideSNP_6_H06_755850	X	143631490	143637684	4	-0.8743
GAMMA_p_TCGA_b103_104_SNP_N_GenomeWideSNP_6_H06_755850	X	143638124	155182354	6935	0.0333
GAMMA_p_TCGA_b103_104_SNP_N_GenomeWideSNP_6_H06_755850	Y	2650438	59018259	8634	-0.8489
