Sample	Chromosome	Start	End	Num_Probes	Segment_Mean
GOOFS_p_TCGA_b117_118_SNP_N_GenomeWideSNP_6_B07_778060	1	61735	17190862	8813	0.0143
GOOFS_p_TCGA_b117_118_SNP_N_GenomeWideSNP_6_B07_778060	1	17195155	17260591	52	-0.5843
GOOFS_p_TCGA_b117_118_SNP_N_GenomeWideSNP_6_B07_778060	1	17260618	25583341	5271	0.0208
GOOFS_p_TCGA_b117_118_SNP_N_GenomeWideSNP_6_B07_778060	1	25593128	25646946	27	-1.6366
GOOFS_p_TCGA_b117_118_SNP_N_GenomeWideSNP_6_B07_778060	1	25646986	30923061	2546	0.0221
GOOFS_p_TCGA_b117_118_SNP_N_GenomeWideSNP_6_B07_778060	1	30923171	30923423	2	-1.893
GOOFS_p_TCGA_b117_118_SNP_N_GenomeWideSNP_6_B07_778060	1	30923786	35091458	2411	0.0207
GOOFS_p_TCGA_b117_118_SNP_N_GenomeWideSNP_6_B07_778060	1	35091594	35116561	26	-0.6792
GOOFS_p_TCGA_b117_118_SNP_N_GenomeWideSNP_6_B07_778060	1	35117925	36253653	525	0.0188
GOOFS_p_TCGA_b117_118_SNP_N_GenomeWideSNP_6_B07_778060	1	36254192	36254781	2	-1.3336
GOOFS_p_TCGA_b117_118_SNP_N_GenomeWideSNP_6_B07_778060	1	36258947	37064882	380	0.0106
GOOFS_p_TCGA_b117_118_SNP_N_GenomeWideSNP_6_B07_778060	1	37065201	37066434	3	-1.6366
GOOFS_p_TCGA_b117_118_SNP_N_GenomeWideSNP_6_B07_778060	1	37066858	72768498	22934	0.0133
GOOFS_p_TCGA_b117_118_SNP_N_GenomeWideSNP_6_B07_778060	1	72768916	72811133	45	-1.2137
GOOFS_p_TCGA_b117_118_SNP_N_GenomeWideSNP_6_B07_778060	1	72811148	83829022	7104	0.0044
GOOFS_p_TCGA_b117_118_SNP_N_GenomeWideSNP_6_B07_778060	1	83829675	83829980	3	-1.2569
GOOFS_p_TCGA_b117_118_SNP_N_GenomeWideSNP_6_B07_778060	1	83833922	110224427	16597	0.0238
GOOFS_p_TCGA_b117_118_SNP_N_GenomeWideSNP_6_B07_778060	1	110225642	110233037	15	-0.3779
GOOFS_p_TCGA_b117_118_SNP_N_GenomeWideSNP_6_B07_778060	1	110233053	110240178	15	-0.9835
GOOFS_p_TCGA_b117_118_SNP_N_GenomeWideSNP_6_B07_778060	1	110242953	144008586	7164	0.0188
GOOFS_p_TCGA_b117_118_SNP_N_GenomeWideSNP_6_B07_778060	1	144008631	148566336	1142	0.5484
GOOFS_p_TCGA_b117_118_SNP_N_GenomeWideSNP_6_B07_778060	1	148566364	149739073	240	0.129
GOOFS_p_TCGA_b117_118_SNP_N_GenomeWideSNP_6_B07_778060	1	149748542	152555527	1467	0.5618
GOOFS_p_TCGA_b117_118_SNP_N_GenomeWideSNP_6_B07_778060	1	152555706	152586594	35	0.0058
GOOFS_p_TCGA_b117_118_SNP_N_GenomeWideSNP_6_B07_778060	1	152590494	157478538	2707	0.578
GOOFS_p_TCGA_b117_118_SNP_N_GenomeWideSNP_6_B07_778060	1	157482454	157483273	3	-0.9187
GOOFS_p_TCGA_b117_118_SNP_N_GenomeWideSNP_6_B07_778060	1	157484453	189648157	22304	0.5785
GOOFS_p_TCGA_b117_118_SNP_N_GenomeWideSNP_6_B07_778060	1	189648483	189648527	2	-1.6361
GOOFS_p_TCGA_b117_118_SNP_N_GenomeWideSNP_6_B07_778060	1	189652047	229811169	26724	0.579
GOOFS_p_TCGA_b117_118_SNP_N_GenomeWideSNP_6_B07_778060	1	229816856	229820196	3	-3.0931
GOOFS_p_TCGA_b117_118_SNP_N_GenomeWideSNP_6_B07_778060	1	229820456	249224388	14062	0.5824
GOOFS_p_TCGA_b117_118_SNP_N_GenomeWideSNP_6_B07_778060	2	12784	2016850	1322	-0.0199
GOOFS_p_TCGA_b117_118_SNP_N_GenomeWideSNP_6_B07_778060	2	2016949	2022106	2	-3.0851
GOOFS_p_TCGA_b117_118_SNP_N_GenomeWideSNP_6_B07_778060	2	2022348	4409380	1880	0.0188
GOOFS_p_TCGA_b117_118_SNP_N_GenomeWideSNP_6_B07_778060	2	4409558	4409755	2	-2.1639
GOOFS_p_TCGA_b117_118_SNP_N_GenomeWideSNP_6_B07_778060	2	4414027	13193220	6793	0.0144
GOOFS_p_TCGA_b117_118_SNP_N_GenomeWideSNP_6_B07_778060	2	13196026	13280249	46	0.486
GOOFS_p_TCGA_b117_118_SNP_N_GenomeWideSNP_6_B07_778060	2	13282840	34663443	14042	0.0126
GOOFS_p_TCGA_b117_118_SNP_N_GenomeWideSNP_6_B07_778060	2	34663929	34736513	52	0.3767
GOOFS_p_TCGA_b117_118_SNP_N_GenomeWideSNP_6_B07_778060	2	34737057	37585963	2159	-0.0048
GOOFS_p_TCGA_b117_118_SNP_N_GenomeWideSNP_6_B07_778060	2	37586246	37592628	3	-1.2851
GOOFS_p_TCGA_b117_118_SNP_N_GenomeWideSNP_6_B07_778060	2	37597808	52974958	11067	0.0131
GOOFS_p_TCGA_b117_118_SNP_N_GenomeWideSNP_6_B07_778060	2	52975226	52999337	21	-1.0193
GOOFS_p_TCGA_b117_118_SNP_N_GenomeWideSNP_6_B07_778060	2	53000765	65718815	8069	0.0069
GOOFS_p_TCGA_b117_118_SNP_N_GenomeWideSNP_6_B07_778060	2	65719839	65719941	2	-2.2725
GOOFS_p_TCGA_b117_118_SNP_N_GenomeWideSNP_6_B07_778060	2	65723956	243089456	104477	0.0066
GOOFS_p_TCGA_b117_118_SNP_N_GenomeWideSNP_6_B07_778060	3	60345	26611649	20030	0.0142
GOOFS_p_TCGA_b117_118_SNP_N_GenomeWideSNP_6_B07_778060	3	26611667	26611885	4	-2.5838
GOOFS_p_TCGA_b117_118_SNP_N_GenomeWideSNP_6_B07_778060	3	26611898	26614974	9	-0.1225
GOOFS_p_TCGA_b117_118_SNP_N_GenomeWideSNP_6_B07_778060	3	26614976	26614985	7	-1.0381
GOOFS_p_TCGA_b117_118_SNP_N_GenomeWideSNP_6_B07_778060	3	26615949	75378353	32616	0.0146
GOOFS_p_TCGA_b117_118_SNP_N_GenomeWideSNP_6_B07_778060	3	75380446	75656071	98	-0.6173
GOOFS_p_TCGA_b117_118_SNP_N_GenomeWideSNP_6_B07_778060	3	75669430	105299778	14813	0.0059
GOOFS_p_TCGA_b117_118_SNP_N_GenomeWideSNP_6_B07_778060	3	105300245	105353948	36	-1.0139
GOOFS_p_TCGA_b117_118_SNP_N_GenomeWideSNP_6_B07_778060	3	105354765	162512739	35228	0.0083
GOOFS_p_TCGA_b117_118_SNP_N_GenomeWideSNP_6_B07_778060	3	162513092	162615707	61	0.5582
GOOFS_p_TCGA_b117_118_SNP_N_GenomeWideSNP_6_B07_778060	3	162615915	197896118	21917	0.0051
GOOFS_p_TCGA_b117_118_SNP_N_GenomeWideSNP_6_B07_778060	4	12281	9456977	5237	0.012
GOOFS_p_TCGA_b117_118_SNP_N_GenomeWideSNP_6_B07_778060	4	9461230	9479345	9	-0.9681
GOOFS_p_TCGA_b117_118_SNP_N_GenomeWideSNP_6_B07_778060	4	9486087	34786500	17566	0.009
GOOFS_p_TCGA_b117_118_SNP_N_GenomeWideSNP_6_B07_778060	4	34786955	34824725	37	-2.2014
GOOFS_p_TCGA_b117_118_SNP_N_GenomeWideSNP_6_B07_778060	4	34829872	43610300	5822	0.0104
GOOFS_p_TCGA_b117_118_SNP_N_GenomeWideSNP_6_B07_778060	4	43611128	43612386	2	-2.43
GOOFS_p_TCGA_b117_118_SNP_N_GenomeWideSNP_6_B07_778060	4	43612530	49216631	3156	0.0081
GOOFS_p_TCGA_b117_118_SNP_N_GenomeWideSNP_6_B07_778060	4	49267784	49584109	13	-0.9278
GOOFS_p_TCGA_b117_118_SNP_N_GenomeWideSNP_6_B07_778060	4	49589148	64693940	7588	0.0123
GOOFS_p_TCGA_b117_118_SNP_N_GenomeWideSNP_6_B07_778060	4	64697469	64704293	7	-0.669
GOOFS_p_TCGA_b117_118_SNP_N_GenomeWideSNP_6_B07_778060	4	64705156	64707605	16	-0.1318
GOOFS_p_TCGA_b117_118_SNP_N_GenomeWideSNP_6_B07_778060	4	64707754	64708258	6	-0.7917
GOOFS_p_TCGA_b117_118_SNP_N_GenomeWideSNP_6_B07_778060	4	64716431	70130909	3278	-0.0021
GOOFS_p_TCGA_b117_118_SNP_N_GenomeWideSNP_6_B07_778060	4	70131346	70232124	51	-0.5608
GOOFS_p_TCGA_b117_118_SNP_N_GenomeWideSNP_6_B07_778060	4	70236151	126664815	34255	0.0102
GOOFS_p_TCGA_b117_118_SNP_N_GenomeWideSNP_6_B07_778060	4	126667867	126671780	2	-2.4044
GOOFS_p_TCGA_b117_118_SNP_N_GenomeWideSNP_6_B07_778060	4	126673203	138092103	6367	0.0028
GOOFS_p_TCGA_b117_118_SNP_N_GenomeWideSNP_6_B07_778060	4	138092195	138094958	17	-0.7125
GOOFS_p_TCGA_b117_118_SNP_N_GenomeWideSNP_6_B07_778060	4	138094972	152789393	8878	0.0039
GOOFS_p_TCGA_b117_118_SNP_N_GenomeWideSNP_6_B07_778060	4	152789786	152792567	13	-0.8181
GOOFS_p_TCGA_b117_118_SNP_N_GenomeWideSNP_6_B07_778060	4	152792891	161874000	5869	0.01
GOOFS_p_TCGA_b117_118_SNP_N_GenomeWideSNP_6_B07_778060	4	161880018	161884908	21	0.4353
GOOFS_p_TCGA_b117_118_SNP_N_GenomeWideSNP_6_B07_778060	4	161884919	172368531	6671	0.0061
GOOFS_p_TCGA_b117_118_SNP_N_GenomeWideSNP_6_B07_778060	4	172369346	172377776	13	-0.5053
GOOFS_p_TCGA_b117_118_SNP_N_GenomeWideSNP_6_B07_778060	4	172380371	172633885	159	0.0038
GOOFS_p_TCGA_b117_118_SNP_N_GenomeWideSNP_6_B07_778060	4	172636290	172646735	4	-0.8987
GOOFS_p_TCGA_b117_118_SNP_N_GenomeWideSNP_6_B07_778060	4	172648632	172987928	231	0.0191
GOOFS_p_TCGA_b117_118_SNP_N_GenomeWideSNP_6_B07_778060	4	172989148	172995979	13	0.6338
GOOFS_p_TCGA_b117_118_SNP_N_GenomeWideSNP_6_B07_778060	4	172996893	181138299	5122	7e-04
GOOFS_p_TCGA_b117_118_SNP_N_GenomeWideSNP_6_B07_778060	4	181138325	181146155	2	-2.0422
GOOFS_p_TCGA_b117_118_SNP_N_GenomeWideSNP_6_B07_778060	4	181146224	191027923	6987	-8e-04
GOOFS_p_TCGA_b117_118_SNP_N_GenomeWideSNP_6_B07_778060	5	15532	698505	309	-0.0187
GOOFS_p_TCGA_b117_118_SNP_N_GenomeWideSNP_6_B07_778060	5	717379	773547	25	0.4995
GOOFS_p_TCGA_b117_118_SNP_N_GenomeWideSNP_6_B07_778060	5	773568	68846303	42869	0.0102
GOOFS_p_TCGA_b117_118_SNP_N_GenomeWideSNP_6_B07_778060	5	68867294	69118135	5	-1.308
GOOFS_p_TCGA_b117_118_SNP_N_GenomeWideSNP_6_B07_778060	5	69233427	81418763	6909	0.0041
GOOFS_p_TCGA_b117_118_SNP_N_GenomeWideSNP_6_B07_778060	5	81419278	81427482	3	-2.5308
GOOFS_p_TCGA_b117_118_SNP_N_GenomeWideSNP_6_B07_778060	5	81428038	180790320	62930	0.0055
GOOFS_p_TCGA_b117_118_SNP_N_GenomeWideSNP_6_B07_778060	6	149661	254283	101	-0.0532
GOOFS_p_TCGA_b117_118_SNP_N_GenomeWideSNP_6_B07_778060	6	257353	376937	97	0.6082
GOOFS_p_TCGA_b117_118_SNP_N_GenomeWideSNP_6_B07_778060	6	378703	29837072	21528	0.0097
GOOFS_p_TCGA_b117_118_SNP_N_GenomeWideSNP_6_B07_778060	6	29837187	29849267	16	-1.0974
GOOFS_p_TCGA_b117_118_SNP_N_GenomeWideSNP_6_B07_778060	6	29850196	32431147	1184	-0.0047
GOOFS_p_TCGA_b117_118_SNP_N_GenomeWideSNP_6_B07_778060	6	32431292	32626618	74	-0.3182
GOOFS_p_TCGA_b117_118_SNP_N_GenomeWideSNP_6_B07_778060	6	32650612	53931275	13738	0.0075
GOOFS_p_TCGA_b117_118_SNP_N_GenomeWideSNP_6_B07_778060	6	53931380	53931855	4	-1.9606
GOOFS_p_TCGA_b117_118_SNP_N_GenomeWideSNP_6_B07_778060	6	53935348	77436532	12301	0.0015
GOOFS_p_TCGA_b117_118_SNP_N_GenomeWideSNP_6_B07_778060	6	77439868	77443247	11	-0.7484
GOOFS_p_TCGA_b117_118_SNP_N_GenomeWideSNP_6_B07_778060	6	77446199	78962889	988	0.0098
GOOFS_p_TCGA_b117_118_SNP_N_GenomeWideSNP_6_B07_778060	6	78969065	79035185	113	-0.6482
GOOFS_p_TCGA_b117_118_SNP_N_GenomeWideSNP_6_B07_778060	6	79039234	81123649	1317	0.0108
GOOFS_p_TCGA_b117_118_SNP_N_GenomeWideSNP_6_B07_778060	6	81130447	81131521	2	-2.1753
GOOFS_p_TCGA_b117_118_SNP_N_GenomeWideSNP_6_B07_778060	6	81134738	103734645	14166	0.0063
GOOFS_p_TCGA_b117_118_SNP_N_GenomeWideSNP_6_B07_778060	6	103734803	103762061	49	0.5201
GOOFS_p_TCGA_b117_118_SNP_N_GenomeWideSNP_6_B07_778060	6	103765470	171051005	44216	0.0023
GOOFS_p_TCGA_b117_118_SNP_N_GenomeWideSNP_6_B07_778060	7	43355	47171500	33316	0.006
GOOFS_p_TCGA_b117_118_SNP_N_GenomeWideSNP_6_B07_778060	7	47177418	47178619	3	-1.5236
GOOFS_p_TCGA_b117_118_SNP_N_GenomeWideSNP_6_B07_778060	7	47179565	54380373	5216	0.014
GOOFS_p_TCGA_b117_118_SNP_N_GenomeWideSNP_6_B07_778060	7	54386505	54386517	6	-1.3176
GOOFS_p_TCGA_b117_118_SNP_N_GenomeWideSNP_6_B07_778060	7	54393488	70420438	6290	-0.0075
GOOFS_p_TCGA_b117_118_SNP_N_GenomeWideSNP_6_B07_778060	7	70423250	70426141	2	-2.461
GOOFS_p_TCGA_b117_118_SNP_N_GenomeWideSNP_6_B07_778060	7	70428243	72239609	1144	0.0154
GOOFS_p_TCGA_b117_118_SNP_N_GenomeWideSNP_6_B07_778060	7	72246399	72248621	3	-1.7976
GOOFS_p_TCGA_b117_118_SNP_N_GenomeWideSNP_6_B07_778060	7	72249816	97609419	14825	0.0095
GOOFS_p_TCGA_b117_118_SNP_N_GenomeWideSNP_6_B07_778060	7	97611341	97612048	3	-2.2274
GOOFS_p_TCGA_b117_118_SNP_N_GenomeWideSNP_6_B07_778060	7	97613771	105153191	3696	0.0076
GOOFS_p_TCGA_b117_118_SNP_N_GenomeWideSNP_6_B07_778060	7	105153242	105153512	2	-1.7508
GOOFS_p_TCGA_b117_118_SNP_N_GenomeWideSNP_6_B07_778060	7	105157540	141770369	22840	0.0065
GOOFS_p_TCGA_b117_118_SNP_N_GenomeWideSNP_6_B07_778060	7	141770509	141792107	34	-0.7135
GOOFS_p_TCGA_b117_118_SNP_N_GenomeWideSNP_6_B07_778060	7	141795281	159127004	11044	0.0074
GOOFS_p_TCGA_b117_118_SNP_N_GenomeWideSNP_6_B07_778060	8	31254	2583198	1975	-0.2908
GOOFS_p_TCGA_b117_118_SNP_N_GenomeWideSNP_6_B07_778060	8	2589916	2591051	4	-2.2639
GOOFS_p_TCGA_b117_118_SNP_N_GenomeWideSNP_6_B07_778060	8	2595224	7171097	5830	-0.2802
GOOFS_p_TCGA_b117_118_SNP_N_GenomeWideSNP_6_B07_778060	8	7186632	7776992	155	-0.6026
GOOFS_p_TCGA_b117_118_SNP_N_GenomeWideSNP_6_B07_778060	8	7777007	39230659	22885	-0.2649
GOOFS_p_TCGA_b117_118_SNP_N_GenomeWideSNP_6_B07_778060	8	39235603	39386965	59	-1.9141
GOOFS_p_TCGA_b117_118_SNP_N_GenomeWideSNP_6_B07_778060	8	39388299	46847534	2589	-0.2577
GOOFS_p_TCGA_b117_118_SNP_N_GenomeWideSNP_6_B07_778060	8	46863535	112294466	39438	0.0064
GOOFS_p_TCGA_b117_118_SNP_N_GenomeWideSNP_6_B07_778060	8	112294646	112295245	6	-1.535
GOOFS_p_TCGA_b117_118_SNP_N_GenomeWideSNP_6_B07_778060	8	112295260	146298155	22913	0.0112
GOOFS_p_TCGA_b117_118_SNP_N_GenomeWideSNP_6_B07_778060	9	46587	6695986	6391	0.0113
GOOFS_p_TCGA_b117_118_SNP_N_GenomeWideSNP_6_B07_778060	9	6701145	6708357	7	-2.4724
GOOFS_p_TCGA_b117_118_SNP_N_GenomeWideSNP_6_B07_778060	9	6712314	68183981	25260	0.014
GOOFS_p_TCGA_b117_118_SNP_N_GenomeWideSNP_6_B07_778060	9	68186051	68188547	8	1.0297
GOOFS_p_TCGA_b117_118_SNP_N_GenomeWideSNP_6_B07_778060	9	68209916	106566497	25059	0.0103
GOOFS_p_TCGA_b117_118_SNP_N_GenomeWideSNP_6_B07_778060	9	106568696	106569290	2	-3.1368
GOOFS_p_TCGA_b117_118_SNP_N_GenomeWideSNP_6_B07_778060	9	106570702	141091394	23130	0.0104
GOOFS_p_TCGA_b117_118_SNP_N_GenomeWideSNP_6_B07_778060	10	72759	15066488	12746	0.0152
GOOFS_p_TCGA_b117_118_SNP_N_GenomeWideSNP_6_B07_778060	10	15070145	15217599	98	0.4732
GOOFS_p_TCGA_b117_118_SNP_N_GenomeWideSNP_6_B07_778060	10	15223403	135373435	78111	0.0105
GOOFS_p_TCGA_b117_118_SNP_N_GenomeWideSNP_6_B07_778060	10	135373591	135387875	8	-1.6796
GOOFS_p_TCGA_b117_118_SNP_N_GenomeWideSNP_6_B07_778060	10	135389854	135434551	29	-0.0461
GOOFS_p_TCGA_b117_118_SNP_N_GenomeWideSNP_6_B07_778060	10	135449357	135506704	5	-1.272
GOOFS_p_TCGA_b117_118_SNP_N_GenomeWideSNP_6_B07_778060	11	198510	5787405	3301	0.0017
GOOFS_p_TCGA_b117_118_SNP_N_GenomeWideSNP_6_B07_778060	11	5788080	5809139	32	-0.5843
GOOFS_p_TCGA_b117_118_SNP_N_GenomeWideSNP_6_B07_778060	11	5809338	18949668	9422	0.018
GOOFS_p_TCGA_b117_118_SNP_N_GenomeWideSNP_6_B07_778060	11	18949722	18970705	55	-0.3176
GOOFS_p_TCGA_b117_118_SNP_N_GenomeWideSNP_6_B07_778060	11	18970748	55363340	21816	0.0123
GOOFS_p_TCGA_b117_118_SNP_N_GenomeWideSNP_6_B07_778060	11	55374032	55453576	60	-0.4126
GOOFS_p_TCGA_b117_118_SNP_N_GenomeWideSNP_6_B07_778060	11	55460683	125075379	44795	0.0109
GOOFS_p_TCGA_b117_118_SNP_N_GenomeWideSNP_6_B07_778060	11	125075451	125083704	26	-1.0138
GOOFS_p_TCGA_b117_118_SNP_N_GenomeWideSNP_6_B07_778060	11	125088270	134944770	7551	0.0116
GOOFS_p_TCGA_b117_118_SNP_N_GenomeWideSNP_6_B07_778060	12	150442	28094744	19006	0.0108
GOOFS_p_TCGA_b117_118_SNP_N_GenomeWideSNP_6_B07_778060	12	28094763	28097644	13	-0.6092
GOOFS_p_TCGA_b117_118_SNP_N_GenomeWideSNP_6_B07_778060	12	28103460	84163187	33128	0.0105
GOOFS_p_TCGA_b117_118_SNP_N_GenomeWideSNP_6_B07_778060	12	84163290	84163348	2	-1.9468
GOOFS_p_TCGA_b117_118_SNP_N_GenomeWideSNP_6_B07_778060	12	84165241	133778189	32844	0.0125
GOOFS_p_TCGA_b117_118_SNP_N_GenomeWideSNP_6_B07_778060	13	19026949	38071135	13555	0.011
GOOFS_p_TCGA_b117_118_SNP_N_GenomeWideSNP_6_B07_778060	13	38072036	38084543	14	0.5516
GOOFS_p_TCGA_b117_118_SNP_N_GenomeWideSNP_6_B07_778060	13	38084732	72476988	21575	0.0156
GOOFS_p_TCGA_b117_118_SNP_N_GenomeWideSNP_6_B07_778060	13	72477555	72480556	4	1.2655
GOOFS_p_TCGA_b117_118_SNP_N_GenomeWideSNP_6_B07_778060	13	72480605	115108397	29131	0.0093
GOOFS_p_TCGA_b117_118_SNP_N_GenomeWideSNP_6_B07_778060	14	19002124	20419259	186	-0.2791
GOOFS_p_TCGA_b117_118_SNP_N_GenomeWideSNP_6_B07_778060	14	20420151	26783914	4376	0.0396
GOOFS_p_TCGA_b117_118_SNP_N_GenomeWideSNP_6_B07_778060	14	26783915	26783917	3	-1.4977
GOOFS_p_TCGA_b117_118_SNP_N_GenomeWideSNP_6_B07_778060	14	26783918	41608358	9258	0.0111
GOOFS_p_TCGA_b117_118_SNP_N_GenomeWideSNP_6_B07_778060	14	41610496	41653977	13	-0.7877
GOOFS_p_TCGA_b117_118_SNP_N_GenomeWideSNP_6_B07_778060	14	41657249	48227037	3872	0.0224
GOOFS_p_TCGA_b117_118_SNP_N_GenomeWideSNP_6_B07_778060	14	48231967	48277451	30	-1.0276
GOOFS_p_TCGA_b117_118_SNP_N_GenomeWideSNP_6_B07_778060	14	48286588	106859058	37515	0.007
GOOFS_p_TCGA_b117_118_SNP_N_GenomeWideSNP_6_B07_778060	14	106863516	106939788	68	0.291
GOOFS_p_TCGA_b117_118_SNP_N_GenomeWideSNP_6_B07_778060	14	106943522	107145564	119	-0.0144
GOOFS_p_TCGA_b117_118_SNP_N_GenomeWideSNP_6_B07_778060	14	107152270	107179847	28	-0.4963
GOOFS_p_TCGA_b117_118_SNP_N_GenomeWideSNP_6_B07_778060	14	107184184	107285437	69	-0.0697
GOOFS_p_TCGA_b117_118_SNP_N_GenomeWideSNP_6_B07_778060	15	20016328	20264286	54	-0.2731
GOOFS_p_TCGA_b117_118_SNP_N_GenomeWideSNP_6_B07_778060	15	20265978	22582902	363	-0.6671
GOOFS_p_TCGA_b117_118_SNP_N_GenomeWideSNP_6_B07_778060	15	22584431	102469040	51527	-0.257
GOOFS_p_TCGA_b117_118_SNP_N_GenomeWideSNP_6_B07_778060	16	60777	32474933	20129	0.5841
GOOFS_p_TCGA_b117_118_SNP_N_GenomeWideSNP_6_B07_778060	16	32482955	32643374	48	0.9044
GOOFS_p_TCGA_b117_118_SNP_N_GenomeWideSNP_6_B07_778060	16	32654953	33367935	66	0.4899
GOOFS_p_TCGA_b117_118_SNP_N_GenomeWideSNP_6_B07_778060	16	33369764	33631830	81	0.8825
GOOFS_p_TCGA_b117_118_SNP_N_GenomeWideSNP_6_B07_778060	16	33643399	34471492	218	0.4941
GOOFS_p_TCGA_b117_118_SNP_N_GenomeWideSNP_6_B07_778060	16	34471520	34757071	164	0.8196
GOOFS_p_TCGA_b117_118_SNP_N_GenomeWideSNP_6_B07_778060	16	34760967	35283226	134	0.535
GOOFS_p_TCGA_b117_118_SNP_N_GenomeWideSNP_6_B07_778060	16	46463782	46655516	64	0.2258
GOOFS_p_TCGA_b117_118_SNP_N_GenomeWideSNP_6_B07_778060	16	46665656	49174079	1334	0.5765
GOOFS_p_TCGA_b117_118_SNP_N_GenomeWideSNP_6_B07_778060	16	49179230	70855479	14122	-0.2554
GOOFS_p_TCGA_b117_118_SNP_N_GenomeWideSNP_6_B07_778060	16	70855633	71205908	140	0.2533
GOOFS_p_TCGA_b117_118_SNP_N_GenomeWideSNP_6_B07_778060	16	71207728	80157024	7434	-0.2567
GOOFS_p_TCGA_b117_118_SNP_N_GenomeWideSNP_6_B07_778060	16	80159229	80159913	5	-1.5321
GOOFS_p_TCGA_b117_118_SNP_N_GenomeWideSNP_6_B07_778060	16	80160016	90287535	8415	-0.273
GOOFS_p_TCGA_b117_118_SNP_N_GenomeWideSNP_6_B07_778060	17	526	39421685	20944	0.014
GOOFS_p_TCGA_b117_118_SNP_N_GenomeWideSNP_6_B07_778060	17	39421708	39430531	25	-0.8705
GOOFS_p_TCGA_b117_118_SNP_N_GenomeWideSNP_6_B07_778060	17	39432724	44135827	2488	0.0052
GOOFS_p_TCGA_b117_118_SNP_N_GenomeWideSNP_6_B07_778060	17	44136576	44137070	2	-1.6691
GOOFS_p_TCGA_b117_118_SNP_N_GenomeWideSNP_6_B07_778060	17	44137410	44408674	152	0.1442
GOOFS_p_TCGA_b117_118_SNP_N_GenomeWideSNP_6_B07_778060	17	44428681	44752300	42	-0.6563
GOOFS_p_TCGA_b117_118_SNP_N_GenomeWideSNP_6_B07_778060	17	44764994	55687489	7006	0.024
GOOFS_p_TCGA_b117_118_SNP_N_GenomeWideSNP_6_B07_778060	17	55688333	55688993	2	-1.7284
GOOFS_p_TCGA_b117_118_SNP_N_GenomeWideSNP_6_B07_778060	17	55691993	81049726	14591	0.0144
GOOFS_p_TCGA_b117_118_SNP_N_GenomeWideSNP_6_B07_778060	18	11543	78015057	50778	0.0188
GOOFS_p_TCGA_b117_118_SNP_N_GenomeWideSNP_6_B07_778060	19	90910	35849493	16792	0.0094
GOOFS_p_TCGA_b117_118_SNP_N_GenomeWideSNP_6_B07_778060	19	35855353	35861848	21	-0.5973
GOOFS_p_TCGA_b117_118_SNP_N_GenomeWideSNP_6_B07_778060	19	35866744	59097854	12490	0.0084
GOOFS_p_TCGA_b117_118_SNP_N_GenomeWideSNP_6_B07_778060	20	61305	1560999	1205	0.0093
GOOFS_p_TCGA_b117_118_SNP_N_GenomeWideSNP_6_B07_778060	20	1561580	1593893	41	-0.8998
GOOFS_p_TCGA_b117_118_SNP_N_GenomeWideSNP_6_B07_778060	20	1597946	26305579	18791	0.0171
GOOFS_p_TCGA_b117_118_SNP_N_GenomeWideSNP_6_B07_778060	20	29420352	29493853	20	-0.6222
GOOFS_p_TCGA_b117_118_SNP_N_GenomeWideSNP_6_B07_778060	20	29498271	62916068	22382	0.0168
GOOFS_p_TCGA_b117_118_SNP_N_GenomeWideSNP_6_B07_778060	20	62954695	62956153	5	-1.8807
GOOFS_p_TCGA_b117_118_SNP_N_GenomeWideSNP_6_B07_778060	21	10736871	10943554	35	0.3331
GOOFS_p_TCGA_b117_118_SNP_N_GenomeWideSNP_6_B07_778060	21	10953424	28444652	10144	0.009
GOOFS_p_TCGA_b117_118_SNP_N_GenomeWideSNP_6_B07_778060	21	28451370	28457935	10	-0.9784
GOOFS_p_TCGA_b117_118_SNP_N_GenomeWideSNP_6_B07_778060	21	28459911	37550296	6539	0.0126
GOOFS_p_TCGA_b117_118_SNP_N_GenomeWideSNP_6_B07_778060	21	37550317	37553428	3	-1.3374
GOOFS_p_TCGA_b117_118_SNP_N_GenomeWideSNP_6_B07_778060	21	37553989	48096957	7661	0.01
GOOFS_p_TCGA_b117_118_SNP_N_GenomeWideSNP_6_B07_778060	22	16052528	19106120	1386	-0.2652
GOOFS_p_TCGA_b117_118_SNP_N_GenomeWideSNP_6_B07_778060	22	19107437	19107596	2	-2.5102
GOOFS_p_TCGA_b117_118_SNP_N_GenomeWideSNP_6_B07_778060	22	19110765	19495211	239	-0.2919
GOOFS_p_TCGA_b117_118_SNP_N_GenomeWideSNP_6_B07_778060	22	19496757	19498687	4	-2.8242
GOOFS_p_TCGA_b117_118_SNP_N_GenomeWideSNP_6_B07_778060	22	19499252	25663985	3816	-0.2816
GOOFS_p_TCGA_b117_118_SNP_N_GenomeWideSNP_6_B07_778060	22	25664249	25914085	288	0.3728
GOOFS_p_TCGA_b117_118_SNP_N_GenomeWideSNP_6_B07_778060	22	25914331	51234455	17752	-0.2608
GOOFS_p_TCGA_b117_118_SNP_N_GenomeWideSNP_6_B07_778060	X	168477	150292898	82126	0.0201
GOOFS_p_TCGA_b117_118_SNP_N_GenomeWideSNP_6_B07_778060	X	150293934	150295459	2	-2.4409
GOOFS_p_TCGA_b117_118_SNP_N_GenomeWideSNP_6_B07_778060	X	150296555	155182354	2427	0.0228
GOOFS_p_TCGA_b117_118_SNP_N_GenomeWideSNP_6_B07_778060	Y	2650438	2985595	152	-2.7517
GOOFS_p_TCGA_b117_118_SNP_N_GenomeWideSNP_6_B07_778060	Y	2985939	6101425	719	-2.2887
GOOFS_p_TCGA_b117_118_SNP_N_GenomeWideSNP_6_B07_778060	Y	6107901	6281935	78	-4.0712
GOOFS_p_TCGA_b117_118_SNP_N_GenomeWideSNP_6_B07_778060	Y	6282097	7437823	501	-2.7794
GOOFS_p_TCGA_b117_118_SNP_N_GenomeWideSNP_6_B07_778060	Y	7443949	9759564	1177	-3.0888
GOOFS_p_TCGA_b117_118_SNP_N_GenomeWideSNP_6_B07_778060	Y	9774614	15590276	951	-2.7706
GOOFS_p_TCGA_b117_118_SNP_N_GenomeWideSNP_6_B07_778060	Y	15590342	15594523	3	-7.7784
GOOFS_p_TCGA_b117_118_SNP_N_GenomeWideSNP_6_B07_778060	Y	15594889	19168137	1882	-2.8646
GOOFS_p_TCGA_b117_118_SNP_N_GenomeWideSNP_6_B07_778060	Y	19168670	19179540	5	-6.8745
GOOFS_p_TCGA_b117_118_SNP_N_GenomeWideSNP_6_B07_778060	Y	19182271	19574890	196	-2.8277
GOOFS_p_TCGA_b117_118_SNP_N_GenomeWideSNP_6_B07_778060	Y	19576544	21024613	671	-3.562
GOOFS_p_TCGA_b117_118_SNP_N_GenomeWideSNP_6_B07_778060	Y	21025062	23653771	1010	-2.896
GOOFS_p_TCGA_b117_118_SNP_N_GenomeWideSNP_6_B07_778060	Y	23683731	23690350	2	-8.8048
GOOFS_p_TCGA_b117_118_SNP_N_GenomeWideSNP_6_B07_778060	Y	23715701	24510518	263	-3.1115
GOOFS_p_TCGA_b117_118_SNP_N_GenomeWideSNP_6_B07_778060	Y	24514859	26630929	413	-3.5246
GOOFS_p_TCGA_b117_118_SNP_N_GenomeWideSNP_6_B07_778060	Y	26631228	26804846	32	-4.7171
GOOFS_p_TCGA_b117_118_SNP_N_GenomeWideSNP_6_B07_778060	Y	26805564	28423938	396	-3.4736
GOOFS_p_TCGA_b117_118_SNP_N_GenomeWideSNP_6_B07_778060	Y	28438116	59018259	183	-2.5965
