Sample	Chromosome	Start	End	Num_Probes	Segment_Mean
GOOFS_p_TCGA_b117_118_SNP_N_GenomeWideSNP_6_E07_778070	1	61735	16828502	8691	0.0109
GOOFS_p_TCGA_b117_118_SNP_N_GenomeWideSNP_6_E07_778070	1	16830583	17005776	51	-0.6286
GOOFS_p_TCGA_b117_118_SNP_N_GenomeWideSNP_6_E07_778070	1	17005978	17017078	19	0.1725
GOOFS_p_TCGA_b117_118_SNP_N_GenomeWideSNP_6_E07_778070	1	17017530	17235684	58	-0.4357
GOOFS_p_TCGA_b117_118_SNP_N_GenomeWideSNP_6_E07_778070	1	17235698	72768936	34113	0.0145
GOOFS_p_TCGA_b117_118_SNP_N_GenomeWideSNP_6_E07_778070	1	72771143	72811133	43	-0.9618
GOOFS_p_TCGA_b117_118_SNP_N_GenomeWideSNP_6_E07_778070	1	72811148	104157336	20056	0.0159
GOOFS_p_TCGA_b117_118_SNP_N_GenomeWideSNP_6_E07_778070	1	104158309	104260032	27	-0.7376
GOOFS_p_TCGA_b117_118_SNP_N_GenomeWideSNP_6_E07_778070	1	104260239	110227515	3603	0.0135
GOOFS_p_TCGA_b117_118_SNP_N_GenomeWideSNP_6_E07_778070	1	110232974	110240178	17	0.9307
GOOFS_p_TCGA_b117_118_SNP_N_GenomeWideSNP_6_E07_778070	1	110242953	249224388	75727	0.0123
GOOFS_p_TCGA_b117_118_SNP_N_GenomeWideSNP_6_E07_778070	2	12784	50923850	35876	0.0138
GOOFS_p_TCGA_b117_118_SNP_N_GenomeWideSNP_6_E07_778070	2	50925528	50963574	27	-0.8191
GOOFS_p_TCGA_b117_118_SNP_N_GenomeWideSNP_6_E07_778070	2	50964046	126024417	42135	0.012
GOOFS_p_TCGA_b117_118_SNP_N_GenomeWideSNP_6_E07_778070	2	126024787	126027788	3	-3.1561
GOOFS_p_TCGA_b117_118_SNP_N_GenomeWideSNP_6_E07_778070	2	126027834	146862085	12677	0.0085
GOOFS_p_TCGA_b117_118_SNP_N_GenomeWideSNP_6_E07_778070	2	146864404	146866934	24	-1.4017
GOOFS_p_TCGA_b117_118_SNP_N_GenomeWideSNP_6_E07_778070	2	146877806	243089456	59045	0.0128
GOOFS_p_TCGA_b117_118_SNP_N_GenomeWideSNP_6_E07_778070	3	60345	98944834	63713	0.0135
GOOFS_p_TCGA_b117_118_SNP_N_GenomeWideSNP_6_E07_778070	3	98944848	98949314	28	-0.5589
GOOFS_p_TCGA_b117_118_SNP_N_GenomeWideSNP_6_E07_778070	3	98949421	128377084	18073	0.0127
GOOFS_p_TCGA_b117_118_SNP_N_GenomeWideSNP_6_E07_778070	3	128380252	128405171	11	-0.7922
GOOFS_p_TCGA_b117_118_SNP_N_GenomeWideSNP_6_E07_778070	3	128405203	129762859	627	0.0159
GOOFS_p_TCGA_b117_118_SNP_N_GenomeWideSNP_6_E07_778070	3	129763698	129806236	52	-0.9708
GOOFS_p_TCGA_b117_118_SNP_N_GenomeWideSNP_6_E07_778070	3	129806924	146383136	10386	0.0104
GOOFS_p_TCGA_b117_118_SNP_N_GenomeWideSNP_6_E07_778070	3	146383175	146386132	2	-2.323
GOOFS_p_TCGA_b117_118_SNP_N_GenomeWideSNP_6_E07_778070	3	146391984	162508178	9858	0.0076
GOOFS_p_TCGA_b117_118_SNP_N_GenomeWideSNP_6_E07_778070	3	162508192	162625995	72	0.6216
GOOFS_p_TCGA_b117_118_SNP_N_GenomeWideSNP_6_E07_778070	3	162626572	192873592	19166	0.0126
GOOFS_p_TCGA_b117_118_SNP_N_GenomeWideSNP_6_E07_778070	3	192873662	192882903	24	-0.7275
GOOFS_p_TCGA_b117_118_SNP_N_GenomeWideSNP_6_E07_778070	3	192886435	197896118	2698	0.0204
GOOFS_p_TCGA_b117_118_SNP_N_GenomeWideSNP_6_E07_778070	4	12281	4166518	1711	0.0161
GOOFS_p_TCGA_b117_118_SNP_N_GenomeWideSNP_6_E07_778070	4	4166983	4167133	3	-2.9229
GOOFS_p_TCGA_b117_118_SNP_N_GenomeWideSNP_6_E07_778070	4	4171335	9456977	3510	0.0096
GOOFS_p_TCGA_b117_118_SNP_N_GenomeWideSNP_6_E07_778070	4	9461230	9509619	15	-0.7461
GOOFS_p_TCGA_b117_118_SNP_N_GenomeWideSNP_6_E07_778070	4	9509887	49205918	26547	0.0158
GOOFS_p_TCGA_b117_118_SNP_N_GenomeWideSNP_6_E07_778070	4	49206439	49656595	27	-0.5874
GOOFS_p_TCGA_b117_118_SNP_N_GenomeWideSNP_6_E07_778070	4	49658223	64697733	7572	0.0106
GOOFS_p_TCGA_b117_118_SNP_N_GenomeWideSNP_6_E07_778070	4	64697828	64722540	29	-0.5953
GOOFS_p_TCGA_b117_118_SNP_N_GenomeWideSNP_6_E07_778070	4	64723193	69372003	2875	0.0227
GOOFS_p_TCGA_b117_118_SNP_N_GenomeWideSNP_6_E07_778070	4	69374941	69485979	64	0.5441
GOOFS_p_TCGA_b117_118_SNP_N_GenomeWideSNP_6_E07_778070	4	69489335	69668008	63	-0.0297
GOOFS_p_TCGA_b117_118_SNP_N_GenomeWideSNP_6_E07_778070	4	69671389	69709471	24	-0.8904
GOOFS_p_TCGA_b117_118_SNP_N_GenomeWideSNP_6_E07_778070	4	69709602	115173700	27621	0.0113
GOOFS_p_TCGA_b117_118_SNP_N_GenomeWideSNP_6_E07_778070	4	115175323	115182175	23	0.5717
GOOFS_p_TCGA_b117_118_SNP_N_GenomeWideSNP_6_E07_778070	4	115184229	155802548	24091	0.0126
GOOFS_p_TCGA_b117_118_SNP_N_GenomeWideSNP_6_E07_778070	4	155803005	155803078	3	-3.236
GOOFS_p_TCGA_b117_118_SNP_N_GenomeWideSNP_6_E07_778070	4	155803199	172369346	10602	0.0095
GOOFS_p_TCGA_b117_118_SNP_N_GenomeWideSNP_6_E07_778070	4	172374884	172377776	12	1.3114
GOOFS_p_TCGA_b117_118_SNP_N_GenomeWideSNP_6_E07_778070	4	172380371	191027923	12514	0.009
GOOFS_p_TCGA_b117_118_SNP_N_GenomeWideSNP_6_E07_778070	5	15532	7277827	5814	0.0168
GOOFS_p_TCGA_b117_118_SNP_N_GenomeWideSNP_6_E07_778070	5	7278454	7279325	2	-3.0005
GOOFS_p_TCGA_b117_118_SNP_N_GenomeWideSNP_6_E07_778070	5	7280581	12800889	4385	0.013
GOOFS_p_TCGA_b117_118_SNP_N_GenomeWideSNP_6_E07_778070	5	12815780	12838533	14	-1.1025
GOOFS_p_TCGA_b117_118_SNP_N_GenomeWideSNP_6_E07_778070	5	12849201	180790320	102741	0.0131
GOOFS_p_TCGA_b117_118_SNP_N_GenomeWideSNP_6_E07_778070	6	149661	253861	99	0.0818
GOOFS_p_TCGA_b117_118_SNP_N_GenomeWideSNP_6_E07_778070	6	254267	381149	100	-0.4238
GOOFS_p_TCGA_b117_118_SNP_N_GenomeWideSNP_6_E07_778070	6	382559	29837072	21500	0.0085
GOOFS_p_TCGA_b117_118_SNP_N_GenomeWideSNP_6_E07_778070	6	29837187	29850196	17	-0.861
GOOFS_p_TCGA_b117_118_SNP_N_GenomeWideSNP_6_E07_778070	6	29850274	78962889	28265	0.0137
GOOFS_p_TCGA_b117_118_SNP_N_GenomeWideSNP_6_E07_778070	6	78969065	79035185	113	-2.0215
GOOFS_p_TCGA_b117_118_SNP_N_GenomeWideSNP_6_E07_778070	6	79039234	103747610	15473	0.0156
GOOFS_p_TCGA_b117_118_SNP_N_GenomeWideSNP_6_E07_778070	6	103747730	103762061	31	-1.2534
GOOFS_p_TCGA_b117_118_SNP_N_GenomeWideSNP_6_E07_778070	6	103765470	157777952	34756	0.0064
GOOFS_p_TCGA_b117_118_SNP_N_GenomeWideSNP_6_E07_778070	6	157779495	157841647	11	-0.928
GOOFS_p_TCGA_b117_118_SNP_N_GenomeWideSNP_6_E07_778070	6	157853575	171051005	9404	0.0127
GOOFS_p_TCGA_b117_118_SNP_N_GenomeWideSNP_6_E07_778070	7	43355	26132290	18831	0.0184
GOOFS_p_TCGA_b117_118_SNP_N_GenomeWideSNP_6_E07_778070	7	26142392	26145413	4	-2.0512
GOOFS_p_TCGA_b117_118_SNP_N_GenomeWideSNP_6_E07_778070	7	26147219	38310723	8559	0.0124
GOOFS_p_TCGA_b117_118_SNP_N_GenomeWideSNP_6_E07_778070	7	38311098	38357159	88	-0.6578
GOOFS_p_TCGA_b117_118_SNP_N_GenomeWideSNP_6_E07_778070	7	38357178	141763124	59781	0.0127
GOOFS_p_TCGA_b117_118_SNP_N_GenomeWideSNP_6_E07_778070	7	141769643	141770532	10	-1.1528
GOOFS_p_TCGA_b117_118_SNP_N_GenomeWideSNP_6_E07_778070	7	141770627	141787628	22	-2.9624
GOOFS_p_TCGA_b117_118_SNP_N_GenomeWideSNP_6_E07_778070	7	141787646	141799117	13	-1.205
GOOFS_p_TCGA_b117_118_SNP_N_GenomeWideSNP_6_E07_778070	7	141799160	159127004	11018	0.0039
GOOFS_p_TCGA_b117_118_SNP_N_GenomeWideSNP_6_E07_778070	8	31254	12162739	11286	0.0053
GOOFS_p_TCGA_b117_118_SNP_N_GenomeWideSNP_6_E07_778070	8	12162782	12438891	109	-0.4864
GOOFS_p_TCGA_b117_118_SNP_N_GenomeWideSNP_6_E07_778070	8	12443055	24972187	10396	0.0132
GOOFS_p_TCGA_b117_118_SNP_N_GenomeWideSNP_6_E07_778070	8	24974443	24979987	21	0.6201
GOOFS_p_TCGA_b117_118_SNP_N_GenomeWideSNP_6_E07_778070	8	24984069	39230659	9031	0.0167
GOOFS_p_TCGA_b117_118_SNP_N_GenomeWideSNP_6_E07_778070	8	39235603	39386965	59	-1.5071
GOOFS_p_TCGA_b117_118_SNP_N_GenomeWideSNP_6_E07_778070	8	39388299	112295038	41998	0.0137
GOOFS_p_TCGA_b117_118_SNP_N_GenomeWideSNP_6_E07_778070	8	112295081	112295260	4	-2.4473
GOOFS_p_TCGA_b117_118_SNP_N_GenomeWideSNP_6_E07_778070	8	112300281	146298155	22881	0.0151
GOOFS_p_TCGA_b117_118_SNP_N_GenomeWideSNP_6_E07_778070	9	46587	39140347	31164	0.0198
GOOFS_p_TCGA_b117_118_SNP_N_GenomeWideSNP_6_E07_778070	9	39146299	39146318	2	-2.4302
GOOFS_p_TCGA_b117_118_SNP_N_GenomeWideSNP_6_E07_778070	9	39158785	141091394	48600	0.0138
GOOFS_p_TCGA_b117_118_SNP_N_GenomeWideSNP_6_E07_778070	10	72759	45196314	30903	0.0132
GOOFS_p_TCGA_b117_118_SNP_N_GenomeWideSNP_6_E07_778070	10	45203117	45357308	117	0.5481
GOOFS_p_TCGA_b117_118_SNP_N_GenomeWideSNP_6_E07_778070	10	45357798	67308591	13648	0.0262
GOOFS_p_TCGA_b117_118_SNP_N_GenomeWideSNP_6_E07_778070	10	67308709	67311360	16	-0.8359
GOOFS_p_TCGA_b117_118_SNP_N_GenomeWideSNP_6_E07_778070	10	67313862	135506704	46234	0.0149
GOOFS_p_TCGA_b117_118_SNP_N_GenomeWideSNP_6_E07_778070	11	198510	12002436	7929	0.026
GOOFS_p_TCGA_b117_118_SNP_N_GenomeWideSNP_6_E07_778070	11	12002507	12002564	2	-3.5407
GOOFS_p_TCGA_b117_118_SNP_N_GenomeWideSNP_6_E07_778070	11	12002784	134944770	79025	0.0133
GOOFS_p_TCGA_b117_118_SNP_N_GenomeWideSNP_6_E07_778070	12	150442	9630556	6192	0.02
GOOFS_p_TCGA_b117_118_SNP_N_GenomeWideSNP_6_E07_778070	12	9633870	9713674	22	-1.3882
GOOFS_p_TCGA_b117_118_SNP_N_GenomeWideSNP_6_E07_778070	12	9714954	90483350	49494	0.0113
GOOFS_p_TCGA_b117_118_SNP_N_GenomeWideSNP_6_E07_778070	12	90491669	90491687	2	-2.8564
GOOFS_p_TCGA_b117_118_SNP_N_GenomeWideSNP_6_E07_778070	12	90491816	132120715	28607	0.0063
GOOFS_p_TCGA_b117_118_SNP_N_GenomeWideSNP_6_E07_778070	12	132132584	132142331	14	-0.8713
GOOFS_p_TCGA_b117_118_SNP_N_GenomeWideSNP_6_E07_778070	12	132142369	133778189	571	0.035
GOOFS_p_TCGA_b117_118_SNP_N_GenomeWideSNP_6_E07_778070	13	19026949	23632860	2888	0.0052
GOOFS_p_TCGA_b117_118_SNP_N_GenomeWideSNP_6_E07_778070	13	23632876	23633515	10	-1.9608
GOOFS_p_TCGA_b117_118_SNP_N_GenomeWideSNP_6_E07_778070	13	23638195	28996568	4071	0.0189
GOOFS_p_TCGA_b117_118_SNP_N_GenomeWideSNP_6_E07_778070	13	28996604	28996960	2	-2.7539
GOOFS_p_TCGA_b117_118_SNP_N_GenomeWideSNP_6_E07_778070	13	28997400	57712800	19090	0.0174
GOOFS_p_TCGA_b117_118_SNP_N_GenomeWideSNP_6_E07_778070	13	57713228	57803146	56	-0.4113
GOOFS_p_TCGA_b117_118_SNP_N_GenomeWideSNP_6_E07_778070	13	57803185	115108397	38089	0.0181
GOOFS_p_TCGA_b117_118_SNP_N_GenomeWideSNP_6_E07_778070	14	19002124	22519841	1651	0.0043
GOOFS_p_TCGA_b117_118_SNP_N_GenomeWideSNP_6_E07_778070	14	22521897	22978775	423	-0.4501
GOOFS_p_TCGA_b117_118_SNP_N_GenomeWideSNP_6_E07_778070	14	22983223	107285437	53398	0.0191
GOOFS_p_TCGA_b117_118_SNP_N_GenomeWideSNP_6_E07_778070	15	20016328	20206939	47	-0.2359
GOOFS_p_TCGA_b117_118_SNP_N_GenomeWideSNP_6_E07_778070	15	20216955	22587474	371	-1.3299
GOOFS_p_TCGA_b117_118_SNP_N_GenomeWideSNP_6_E07_778070	15	22673399	24641397	994	0.0068
GOOFS_p_TCGA_b117_118_SNP_N_GenomeWideSNP_6_E07_778070	15	24641662	24712319	37	-0.5675
GOOFS_p_TCGA_b117_118_SNP_N_GenomeWideSNP_6_E07_778070	15	24713023	26560192	1346	0.0335
GOOFS_p_TCGA_b117_118_SNP_N_GenomeWideSNP_6_E07_778070	15	26562152	26563156	2	-2.7288
GOOFS_p_TCGA_b117_118_SNP_N_GenomeWideSNP_6_E07_778070	15	26563588	102469040	49157	0.017
GOOFS_p_TCGA_b117_118_SNP_N_GenomeWideSNP_6_E07_778070	16	60777	6417007	3563	0.0136
GOOFS_p_TCGA_b117_118_SNP_N_GenomeWideSNP_6_E07_778070	16	6417177	6417206	2	-2.9152
GOOFS_p_TCGA_b117_118_SNP_N_GenomeWideSNP_6_E07_778070	16	6417718	22588017	11255	0.016
GOOFS_p_TCGA_b117_118_SNP_N_GenomeWideSNP_6_E07_778070	16	22588050	22703751	62	-0.5587
GOOFS_p_TCGA_b117_118_SNP_N_GenomeWideSNP_6_E07_778070	16	22703862	32028306	5146	0.0209
GOOFS_p_TCGA_b117_118_SNP_N_GenomeWideSNP_6_E07_778070	16	32033386	32588622	86	-0.3765
GOOFS_p_TCGA_b117_118_SNP_N_GenomeWideSNP_6_E07_778070	16	32588901	32588906	4	-2.0164
GOOFS_p_TCGA_b117_118_SNP_N_GenomeWideSNP_6_E07_778070	16	32588909	90287535	32188	0.0149
GOOFS_p_TCGA_b117_118_SNP_N_GenomeWideSNP_6_E07_778070	17	526	18361686	11429	0.0261
GOOFS_p_TCGA_b117_118_SNP_N_GenomeWideSNP_6_E07_778070	17	18364842	18453437	22	-0.9734
GOOFS_p_TCGA_b117_118_SNP_N_GenomeWideSNP_6_E07_778070	17	18459272	44364170	12142	0.007
GOOFS_p_TCGA_b117_118_SNP_N_GenomeWideSNP_6_E07_778070	17	44394412	44752300	48	0.7031
GOOFS_p_TCGA_b117_118_SNP_N_GenomeWideSNP_6_E07_778070	17	44764994	81049726	21579	0.0153
GOOFS_p_TCGA_b117_118_SNP_N_GenomeWideSNP_6_E07_778070	18	11543	63202976	39926	0.0182
GOOFS_p_TCGA_b117_118_SNP_N_GenomeWideSNP_6_E07_778070	18	63202995	63207381	20	0.7142
GOOFS_p_TCGA_b117_118_SNP_N_GenomeWideSNP_6_E07_778070	18	63207411	78015057	10777	0.0273
GOOFS_p_TCGA_b117_118_SNP_N_GenomeWideSNP_6_E07_778070	19	90910	59097854	29267	0.0177
GOOFS_p_TCGA_b117_118_SNP_N_GenomeWideSNP_6_E07_778070	20	61305	1572203	1230	0.0033
GOOFS_p_TCGA_b117_118_SNP_N_GenomeWideSNP_6_E07_778070	20	1572218	1597946	17	-0.7286
GOOFS_p_TCGA_b117_118_SNP_N_GenomeWideSNP_6_E07_778070	20	1598106	62956153	41141	0.019
GOOFS_p_TCGA_b117_118_SNP_N_GenomeWideSNP_6_E07_778070	21	10736871	14385665	120	-0.4706
GOOFS_p_TCGA_b117_118_SNP_N_GenomeWideSNP_6_E07_778070	21	14385890	48096957	24254	0.0203
GOOFS_p_TCGA_b117_118_SNP_N_GenomeWideSNP_6_E07_778070	22	16052528	24344422	4606	-0.0034
GOOFS_p_TCGA_b117_118_SNP_N_GenomeWideSNP_6_E07_778070	22	24350529	24396814	19	-1.3692
GOOFS_p_TCGA_b117_118_SNP_N_GenomeWideSNP_6_E07_778070	22	24401529	25661698	821	-4e-04
GOOFS_p_TCGA_b117_118_SNP_N_GenomeWideSNP_6_E07_778070	22	25663985	25918709	294	0.502
GOOFS_p_TCGA_b117_118_SNP_N_GenomeWideSNP_6_E07_778070	22	25922342	51234455	17757	0.0211
GOOFS_p_TCGA_b117_118_SNP_N_GenomeWideSNP_6_E07_778070	X	168477	47664668	28987	0.017
GOOFS_p_TCGA_b117_118_SNP_N_GenomeWideSNP_6_E07_778070	X	47666629	47667640	2	-2.6697
GOOFS_p_TCGA_b117_118_SNP_N_GenomeWideSNP_6_E07_778070	X	47667675	155182354	55485	0.0147
GOOFS_p_TCGA_b117_118_SNP_N_GenomeWideSNP_6_E07_778070	Y	2650438	3257144	213	-2.4398
GOOFS_p_TCGA_b117_118_SNP_N_GenomeWideSNP_6_E07_778070	Y	3257151	5944602	592	-2.0075
GOOFS_p_TCGA_b117_118_SNP_N_GenomeWideSNP_6_E07_778070	Y	5944603	6101425	67	-2.4663
GOOFS_p_TCGA_b117_118_SNP_N_GenomeWideSNP_6_E07_778070	Y	6107901	6281935	78	-3.6786
GOOFS_p_TCGA_b117_118_SNP_N_GenomeWideSNP_6_E07_778070	Y	6282097	9168140	1498	-2.5317
GOOFS_p_TCGA_b117_118_SNP_N_GenomeWideSNP_6_E07_778070	Y	9170545	9391884	25	-4.0307
GOOFS_p_TCGA_b117_118_SNP_N_GenomeWideSNP_6_E07_778070	Y	9392195	9614239	92	-2.5129
GOOFS_p_TCGA_b117_118_SNP_N_GenomeWideSNP_6_E07_778070	Y	9616875	9759564	63	-3.5354
GOOFS_p_TCGA_b117_118_SNP_N_GenomeWideSNP_6_E07_778070	Y	9774614	19570632	3032	-2.4815
GOOFS_p_TCGA_b117_118_SNP_N_GenomeWideSNP_6_E07_778070	Y	19571480	21011971	670	-3.2166
GOOFS_p_TCGA_b117_118_SNP_N_GenomeWideSNP_6_E07_778070	Y	21023997	24545177	1294	-2.5645
GOOFS_p_TCGA_b117_118_SNP_N_GenomeWideSNP_6_E07_778070	Y	24548177	28423938	821	-3.27
GOOFS_p_TCGA_b117_118_SNP_N_GenomeWideSNP_6_E07_778070	Y	28438116	59018259	183	-2.4285
