Sample	Chromosome	Start	End	Num_Probes	Segment_Mean
GOOFS_p_TCGA_b117_118_SNP_N_GenomeWideSNP_6_C04_778012	1	61735	8987259	4477	0.007
GOOFS_p_TCGA_b117_118_SNP_N_GenomeWideSNP_6_C04_778012	1	8989235	9061161	51	0.5713
GOOFS_p_TCGA_b117_118_SNP_N_GenomeWideSNP_6_C04_778012	1	9061406	47907662	21632	0.018
GOOFS_p_TCGA_b117_118_SNP_N_GenomeWideSNP_6_C04_778012	1	47907779	47916917	3	-2.4807
GOOFS_p_TCGA_b117_118_SNP_N_GenomeWideSNP_6_C04_778012	1	47917113	54042047	3365	0.0195
GOOFS_p_TCGA_b117_118_SNP_N_GenomeWideSNP_6_C04_778012	1	54042336	54042650	2	-1.2774
GOOFS_p_TCGA_b117_118_SNP_N_GenomeWideSNP_6_C04_778012	1	54042871	55255583	738	0.0254
GOOFS_p_TCGA_b117_118_SNP_N_GenomeWideSNP_6_C04_778012	1	55259596	55260951	2	-1.4377
GOOFS_p_TCGA_b117_118_SNP_N_GenomeWideSNP_6_C04_778012	1	55261092	72763370	12675	0.0205
GOOFS_p_TCGA_b117_118_SNP_N_GenomeWideSNP_6_C04_778012	1	72768418	72811148	48	-1.3028
GOOFS_p_TCGA_b117_118_SNP_N_GenomeWideSNP_6_C04_778012	1	72811904	104159384	20078	0.0183
GOOFS_p_TCGA_b117_118_SNP_N_GenomeWideSNP_6_C04_778012	1	104163499	104303403	28	-1.2049
GOOFS_p_TCGA_b117_118_SNP_N_GenomeWideSNP_6_C04_778012	1	104303501	110225920	3590	0.0246
GOOFS_p_TCGA_b117_118_SNP_N_GenomeWideSNP_6_C04_778012	1	110225965	110242953	29	-0.6395
GOOFS_p_TCGA_b117_118_SNP_N_GenomeWideSNP_6_C04_778012	1	110244998	234704266	65571	0.0183
GOOFS_p_TCGA_b117_118_SNP_N_GenomeWideSNP_6_C04_778012	1	234706308	234707376	3	-2.7226
GOOFS_p_TCGA_b117_118_SNP_N_GenomeWideSNP_6_C04_778012	1	234707627	248725234	10018	0.0145
GOOFS_p_TCGA_b117_118_SNP_N_GenomeWideSNP_6_C04_778012	1	248736075	248797122	34	-0.689
GOOFS_p_TCGA_b117_118_SNP_N_GenomeWideSNP_6_C04_778012	1	248797213	248809369	6	0.6061
GOOFS_p_TCGA_b117_118_SNP_N_GenomeWideSNP_6_C04_778012	1	248818483	249224388	138	0.02
GOOFS_p_TCGA_b117_118_SNP_N_GenomeWideSNP_6_C04_778012	2	12784	4205687	2987	0.0047
GOOFS_p_TCGA_b117_118_SNP_N_GenomeWideSNP_6_C04_778012	2	4213864	4223167	36	-2.3089
GOOFS_p_TCGA_b117_118_SNP_N_GenomeWideSNP_6_C04_778012	2	4223512	4224019	6	-0.9844
GOOFS_p_TCGA_b117_118_SNP_N_GenomeWideSNP_6_C04_778012	2	4230062	34691069	21032	0.019
GOOFS_p_TCGA_b117_118_SNP_N_GenomeWideSNP_6_C04_778012	2	34699315	34743036	55	-0.4281
GOOFS_p_TCGA_b117_118_SNP_N_GenomeWideSNP_6_C04_778012	2	34746457	35975973	866	0.0187
GOOFS_p_TCGA_b117_118_SNP_N_GenomeWideSNP_6_C04_778012	2	35977790	35986716	4	-1.7559
GOOFS_p_TCGA_b117_118_SNP_N_GenomeWideSNP_6_C04_778012	2	35986908	41238235	3940	0.0186
GOOFS_p_TCGA_b117_118_SNP_N_GenomeWideSNP_6_C04_778012	2	41238443	41243339	19	-0.6254
GOOFS_p_TCGA_b117_118_SNP_N_GenomeWideSNP_6_C04_778012	2	41243427	229757006	112672	0.0173
GOOFS_p_TCGA_b117_118_SNP_N_GenomeWideSNP_6_C04_778012	2	229759479	229759913	8	-1.231
GOOFS_p_TCGA_b117_118_SNP_N_GenomeWideSNP_6_C04_778012	2	229760083	242783396	8084	0.0163
GOOFS_p_TCGA_b117_118_SNP_N_GenomeWideSNP_6_C04_778012	2	242915466	243026258	98	-0.8866
GOOFS_p_TCGA_b117_118_SNP_N_GenomeWideSNP_6_C04_778012	2	243029299	243089456	40	-0.1499
GOOFS_p_TCGA_b117_118_SNP_N_GenomeWideSNP_6_C04_778012	3	60345	224602	156	0.0424
GOOFS_p_TCGA_b117_118_SNP_N_GenomeWideSNP_6_C04_778012	3	230022	232639	3	-2.358
GOOFS_p_TCGA_b117_118_SNP_N_GenomeWideSNP_6_C04_778012	3	232800	11945930	9770	0.023
GOOFS_p_TCGA_b117_118_SNP_N_GenomeWideSNP_6_C04_778012	3	11950885	11953934	17	-0.718
GOOFS_p_TCGA_b117_118_SNP_N_GenomeWideSNP_6_C04_778012	3	11956579	13812472	1376	0.0062
GOOFS_p_TCGA_b117_118_SNP_N_GenomeWideSNP_6_C04_778012	3	13812873	13815133	2	-1.5591
GOOFS_p_TCGA_b117_118_SNP_N_GenomeWideSNP_6_C04_778012	3	13815335	20313125	3959	0.0099
GOOFS_p_TCGA_b117_118_SNP_N_GenomeWideSNP_6_C04_778012	3	20315122	20316083	2	-2.5832
GOOFS_p_TCGA_b117_118_SNP_N_GenomeWideSNP_6_C04_778012	3	20328081	68746259	32512	0.0192
GOOFS_p_TCGA_b117_118_SNP_N_GenomeWideSNP_6_C04_778012	3	68746284	68747413	13	-1.7144
GOOFS_p_TCGA_b117_118_SNP_N_GenomeWideSNP_6_C04_778012	3	68748758	75561141	4930	0.0186
GOOFS_p_TCGA_b117_118_SNP_N_GenomeWideSNP_6_C04_778012	3	75568549	75596246	8	-1.3005
GOOFS_p_TCGA_b117_118_SNP_N_GenomeWideSNP_6_C04_778012	3	75608639	84698683	4984	0.0206
GOOFS_p_TCGA_b117_118_SNP_N_GenomeWideSNP_6_C04_778012	3	84698834	84702600	24	-0.4095
GOOFS_p_TCGA_b117_118_SNP_N_GenomeWideSNP_6_C04_778012	3	84706284	98937784	5982	0.0179
GOOFS_p_TCGA_b117_118_SNP_N_GenomeWideSNP_6_C04_778012	3	98944458	98949421	38	-0.6358
GOOFS_p_TCGA_b117_118_SNP_N_GenomeWideSNP_6_C04_778012	3	98950964	162546229	39056	0.0184
GOOFS_p_TCGA_b117_118_SNP_N_GenomeWideSNP_6_C04_778012	3	162547509	162563507	5	-0.7169
GOOFS_p_TCGA_b117_118_SNP_N_GenomeWideSNP_6_C04_778012	3	162563796	162615915	35	-0.1956
GOOFS_p_TCGA_b117_118_SNP_N_GenomeWideSNP_6_C04_778012	3	162623842	162626603	8	-0.7563
GOOFS_p_TCGA_b117_118_SNP_N_GenomeWideSNP_6_C04_778012	3	162628614	192873807	19164	0.0222
GOOFS_p_TCGA_b117_118_SNP_N_GenomeWideSNP_6_C04_778012	3	192874747	192882903	21	-1.1351
GOOFS_p_TCGA_b117_118_SNP_N_GenomeWideSNP_6_C04_778012	3	192886435	197896118	2698	0.0108
GOOFS_p_TCGA_b117_118_SNP_N_GenomeWideSNP_6_C04_778012	4	12281	10390715	5986	0.01
GOOFS_p_TCGA_b117_118_SNP_N_GenomeWideSNP_6_C04_778012	4	10392354	10400156	14	-0.6404
GOOFS_p_TCGA_b117_118_SNP_N_GenomeWideSNP_6_C04_778012	4	10400511	53738411	26394	0.0176
GOOFS_p_TCGA_b117_118_SNP_N_GenomeWideSNP_6_C04_778012	4	53738516	53738524	2	-2.5205
GOOFS_p_TCGA_b117_118_SNP_N_GenomeWideSNP_6_C04_778012	4	53739262	64693940	7000	0.0166
GOOFS_p_TCGA_b117_118_SNP_N_GenomeWideSNP_6_C04_778012	4	64697469	64708258	29	-0.5447
GOOFS_p_TCGA_b117_118_SNP_N_GenomeWideSNP_6_C04_778012	4	64716431	69372003	2881	0.0179
GOOFS_p_TCGA_b117_118_SNP_N_GenomeWideSNP_6_C04_778012	4	69374941	69485979	64	-1.5789
GOOFS_p_TCGA_b117_118_SNP_N_GenomeWideSNP_6_C04_778012	4	69489335	157301739	52921	0.0182
GOOFS_p_TCGA_b117_118_SNP_N_GenomeWideSNP_6_C04_778012	4	157305377	157305922	13	-0.7029
GOOFS_p_TCGA_b117_118_SNP_N_GenomeWideSNP_6_C04_778012	4	157308041	161873736	2823	0.0139
GOOFS_p_TCGA_b117_118_SNP_N_GenomeWideSNP_6_C04_778012	4	161873846	161884600	26	0.4565
GOOFS_p_TCGA_b117_118_SNP_N_GenomeWideSNP_6_C04_778012	4	161884908	171268094	5980	0.0144
GOOFS_p_TCGA_b117_118_SNP_N_GenomeWideSNP_6_C04_778012	4	171268105	171273158	5	-0.8666
GOOFS_p_TCGA_b117_118_SNP_N_GenomeWideSNP_6_C04_778012	4	171274014	172369346	684	0.027
GOOFS_p_TCGA_b117_118_SNP_N_GenomeWideSNP_6_C04_778012	4	172374884	172377288	7	1.1275
GOOFS_p_TCGA_b117_118_SNP_N_GenomeWideSNP_6_C04_778012	4	172377444	172987928	401	0.0374
GOOFS_p_TCGA_b117_118_SNP_N_GenomeWideSNP_6_C04_778012	4	172989148	172989533	12	-1.2898
GOOFS_p_TCGA_b117_118_SNP_N_GenomeWideSNP_6_C04_778012	4	172995979	191027923	12104	0.0224
GOOFS_p_TCGA_b117_118_SNP_N_GenomeWideSNP_6_C04_778012	5	15532	667450	298	-0.0152
GOOFS_p_TCGA_b117_118_SNP_N_GenomeWideSNP_6_C04_778012	5	667485	908540	88	-0.2451
GOOFS_p_TCGA_b117_118_SNP_N_GenomeWideSNP_6_C04_778012	5	913391	12800889	9814	0.0213
GOOFS_p_TCGA_b117_118_SNP_N_GenomeWideSNP_6_C04_778012	5	12815780	12838533	14	-1.3755
GOOFS_p_TCGA_b117_118_SNP_N_GenomeWideSNP_6_C04_778012	5	12849201	12998925	54	0.0503
GOOFS_p_TCGA_b117_118_SNP_N_GenomeWideSNP_6_C04_778012	5	13005214	13014507	3	-1.4485
GOOFS_p_TCGA_b117_118_SNP_N_GenomeWideSNP_6_C04_778012	5	13015045	57321586	25568	0.0198
GOOFS_p_TCGA_b117_118_SNP_N_GenomeWideSNP_6_C04_778012	5	57321646	57340073	35	-0.5409
GOOFS_p_TCGA_b117_118_SNP_N_GenomeWideSNP_6_C04_778012	5	57341014	113153639	33092	0.0165
GOOFS_p_TCGA_b117_118_SNP_N_GenomeWideSNP_6_C04_778012	5	113158022	113167321	6	-1.0602
GOOFS_p_TCGA_b117_118_SNP_N_GenomeWideSNP_6_C04_778012	5	113176905	140231565	16959	0.0141
GOOFS_p_TCGA_b117_118_SNP_N_GenomeWideSNP_6_C04_778012	5	140231618	140243756	8	-0.7407
GOOFS_p_TCGA_b117_118_SNP_N_GenomeWideSNP_6_C04_778012	5	140252163	151515386	7536	0.0188
GOOFS_p_TCGA_b117_118_SNP_N_GenomeWideSNP_6_C04_778012	5	151515470	151520271	14	-0.8074
GOOFS_p_TCGA_b117_118_SNP_N_GenomeWideSNP_6_C04_778012	5	151520422	180790320	19472	0.0154
GOOFS_p_TCGA_b117_118_SNP_N_GenomeWideSNP_6_C04_778012	6	149661	302306	125	-0.0093
GOOFS_p_TCGA_b117_118_SNP_N_GenomeWideSNP_6_C04_778012	6	303017	303121	2	-1.5549
GOOFS_p_TCGA_b117_118_SNP_N_GenomeWideSNP_6_C04_778012	6	314962	384521	79	-0.261
GOOFS_p_TCGA_b117_118_SNP_N_GenomeWideSNP_6_C04_778012	6	384546	29837072	21499	0.017
GOOFS_p_TCGA_b117_118_SNP_N_GenomeWideSNP_6_C04_778012	6	29837187	29849267	16	-1.1875
GOOFS_p_TCGA_b117_118_SNP_N_GenomeWideSNP_6_C04_778012	6	29850196	31277686	670	0.0095
GOOFS_p_TCGA_b117_118_SNP_N_GenomeWideSNP_6_C04_778012	6	31280823	31296451	12	-1.0099
GOOFS_p_TCGA_b117_118_SNP_N_GenomeWideSNP_6_C04_778012	6	31309924	32454523	506	6e-04
GOOFS_p_TCGA_b117_118_SNP_N_GenomeWideSNP_6_C04_778012	6	32456683	32626618	65	-0.3331
GOOFS_p_TCGA_b117_118_SNP_N_GenomeWideSNP_6_C04_778012	6	32650612	33937999	808	0.014
GOOFS_p_TCGA_b117_118_SNP_N_GenomeWideSNP_6_C04_778012	6	33938743	33942705	7	-0.8583
GOOFS_p_TCGA_b117_118_SNP_N_GenomeWideSNP_6_C04_778012	6	33944586	39071203	3187	0.0198
GOOFS_p_TCGA_b117_118_SNP_N_GenomeWideSNP_6_C04_778012	6	39071235	39083288	3	-1.3026
GOOFS_p_TCGA_b117_118_SNP_N_GenomeWideSNP_6_C04_778012	6	39084353	67038046	15215	0.0196
GOOFS_p_TCGA_b117_118_SNP_N_GenomeWideSNP_6_C04_778012	6	67040913	67042897	6	-2.2349
GOOFS_p_TCGA_b117_118_SNP_N_GenomeWideSNP_6_C04_778012	6	67043192	74592225	5015	0.0221
GOOFS_p_TCGA_b117_118_SNP_N_GenomeWideSNP_6_C04_778012	6	74592457	74601410	9	-2.1331
GOOFS_p_TCGA_b117_118_SNP_N_GenomeWideSNP_6_C04_778012	6	74603555	76153450	990	0.0111
GOOFS_p_TCGA_b117_118_SNP_N_GenomeWideSNP_6_C04_778012	6	76155724	76160725	7	-0.7925
GOOFS_p_TCGA_b117_118_SNP_N_GenomeWideSNP_6_C04_778012	6	76165524	77014948	473	0.0234
GOOFS_p_TCGA_b117_118_SNP_N_GenomeWideSNP_6_C04_778012	6	77016900	77016926	3	-0.9109
GOOFS_p_TCGA_b117_118_SNP_N_GenomeWideSNP_6_C04_778012	6	77016993	77436532	295	-0.0027
GOOFS_p_TCGA_b117_118_SNP_N_GenomeWideSNP_6_C04_778012	6	77439868	77452689	20	-0.5617
GOOFS_p_TCGA_b117_118_SNP_N_GenomeWideSNP_6_C04_778012	6	77452757	103738039	16565	0.0201
GOOFS_p_TCGA_b117_118_SNP_N_GenomeWideSNP_6_C04_778012	6	103738084	103738406	7	-1.3963
GOOFS_p_TCGA_b117_118_SNP_N_GenomeWideSNP_6_C04_778012	6	103747421	103747610	6	-0.3399
GOOFS_p_TCGA_b117_118_SNP_N_GenomeWideSNP_6_C04_778012	6	103747730	103751564	5	-1.627
GOOFS_p_TCGA_b117_118_SNP_N_GenomeWideSNP_6_C04_778012	6	103751877	103751950	4	-2.7815
GOOFS_p_TCGA_b117_118_SNP_N_GenomeWideSNP_6_C04_778012	6	103752027	103762061	22	-1.3186
GOOFS_p_TCGA_b117_118_SNP_N_GenomeWideSNP_6_C04_778012	6	103765470	107141246	2186	0.0298
GOOFS_p_TCGA_b117_118_SNP_N_GenomeWideSNP_6_C04_778012	6	107141295	107141943	4	-0.838
GOOFS_p_TCGA_b117_118_SNP_N_GenomeWideSNP_6_C04_778012	6	107142309	108621667	958	0.0178
GOOFS_p_TCGA_b117_118_SNP_N_GenomeWideSNP_6_C04_778012	6	108624727	108626108	2	-2.7297
GOOFS_p_TCGA_b117_118_SNP_N_GenomeWideSNP_6_C04_778012	6	108626217	157781264	31636	0.0155
GOOFS_p_TCGA_b117_118_SNP_N_GenomeWideSNP_6_C04_778012	6	157787428	157796076	2	-1.779
GOOFS_p_TCGA_b117_118_SNP_N_GenomeWideSNP_6_C04_778012	6	157796994	171051005	9411	0.0188
GOOFS_p_TCGA_b117_118_SNP_N_GenomeWideSNP_6_C04_778012	7	43355	29668591	21449	0.0218
GOOFS_p_TCGA_b117_118_SNP_N_GenomeWideSNP_6_C04_778012	7	29670718	29686348	7	-1.0473
GOOFS_p_TCGA_b117_118_SNP_N_GenomeWideSNP_6_C04_778012	7	29688165	48580942	12804	0.0191
GOOFS_p_TCGA_b117_118_SNP_N_GenomeWideSNP_6_C04_778012	7	48581852	48592025	8	-0.9885
GOOFS_p_TCGA_b117_118_SNP_N_GenomeWideSNP_6_C04_778012	7	48600179	54380373	4245	0.0177
GOOFS_p_TCGA_b117_118_SNP_N_GenomeWideSNP_6_C04_778012	7	54386505	54386517	6	-1.0275
GOOFS_p_TCGA_b117_118_SNP_N_GenomeWideSNP_6_C04_778012	7	54393488	64594341	3137	0.0035
GOOFS_p_TCGA_b117_118_SNP_N_GenomeWideSNP_6_C04_778012	7	64594929	64595118	3	1.7222
GOOFS_p_TCGA_b117_118_SNP_N_GenomeWideSNP_6_C04_778012	7	64595698	66629240	746	-0.0104
GOOFS_p_TCGA_b117_118_SNP_N_GenomeWideSNP_6_C04_778012	7	66629329	66672116	17	-1.1423
GOOFS_p_TCGA_b117_118_SNP_N_GenomeWideSNP_6_C04_778012	7	66676262	109437669	24895	0.0174
GOOFS_p_TCGA_b117_118_SNP_N_GenomeWideSNP_6_C04_778012	7	109437673	109453858	25	-0.4954
GOOFS_p_TCGA_b117_118_SNP_N_GenomeWideSNP_6_C04_778012	7	109453910	142474939	20457	0.0196
GOOFS_p_TCGA_b117_118_SNP_N_GenomeWideSNP_6_C04_778012	7	142476719	142486345	29	-1.788
GOOFS_p_TCGA_b117_118_SNP_N_GenomeWideSNP_6_C04_778012	7	142486495	143909445	839	0.0302
GOOFS_p_TCGA_b117_118_SNP_N_GenomeWideSNP_6_C04_778012	7	143911624	144050933	37	0.5278
GOOFS_p_TCGA_b117_118_SNP_N_GenomeWideSNP_6_C04_778012	7	144051231	154389895	6429	0.016
GOOFS_p_TCGA_b117_118_SNP_N_GenomeWideSNP_6_C04_778012	7	154393171	154399613	4	1.0356
GOOFS_p_TCGA_b117_118_SNP_N_GenomeWideSNP_6_C04_778012	7	154400830	159127004	3242	0.0181
GOOFS_p_TCGA_b117_118_SNP_N_GenomeWideSNP_6_C04_778012	8	31254	4002192	3785	0.0145
GOOFS_p_TCGA_b117_118_SNP_N_GenomeWideSNP_6_C04_778012	8	4002207	4002316	3	-1.8345
GOOFS_p_TCGA_b117_118_SNP_N_GenomeWideSNP_6_C04_778012	8	4002653	4003305	10	-0.1226
GOOFS_p_TCGA_b117_118_SNP_N_GenomeWideSNP_6_C04_778012	8	4003463	4003478	2	-2.9235
GOOFS_p_TCGA_b117_118_SNP_N_GenomeWideSNP_6_C04_778012	8	4003561	5594132	2284	0.0332
GOOFS_p_TCGA_b117_118_SNP_N_GenomeWideSNP_6_C04_778012	8	5594267	5604495	28	-0.7303
GOOFS_p_TCGA_b117_118_SNP_N_GenomeWideSNP_6_C04_778012	8	5607088	12232281	5186	0.0274
GOOFS_p_TCGA_b117_118_SNP_N_GenomeWideSNP_6_C04_778012	8	12232416	12260927	38	0.4506
GOOFS_p_TCGA_b117_118_SNP_N_GenomeWideSNP_6_C04_778012	8	12260973	51032011	24161	0.0179
GOOFS_p_TCGA_b117_118_SNP_N_GenomeWideSNP_6_C04_778012	8	51032024	51032387	7	-1.7639
GOOFS_p_TCGA_b117_118_SNP_N_GenomeWideSNP_6_C04_778012	8	51038578	112294646	37413	0.0175
GOOFS_p_TCGA_b117_118_SNP_N_GenomeWideSNP_6_C04_778012	8	112294670	112295245	5	-1.9317
GOOFS_p_TCGA_b117_118_SNP_N_GenomeWideSNP_6_C04_778012	8	112295260	144699157	22382	0.0146
GOOFS_p_TCGA_b117_118_SNP_N_GenomeWideSNP_6_C04_778012	8	144705157	144707808	9	-1.6833
GOOFS_p_TCGA_b117_118_SNP_N_GenomeWideSNP_6_C04_778012	8	144718989	146298155	503	-0.0034
GOOFS_p_TCGA_b117_118_SNP_N_GenomeWideSNP_6_C04_778012	9	46587	41985187	31330	0.0234
GOOFS_p_TCGA_b117_118_SNP_N_GenomeWideSNP_6_C04_778012	9	42023107	43535364	34	-0.447
GOOFS_p_TCGA_b117_118_SNP_N_GenomeWideSNP_6_C04_778012	9	43548402	44241817	59	-0.0235
GOOFS_p_TCGA_b117_118_SNP_N_GenomeWideSNP_6_C04_778012	9	44243434	44855737	57	-0.8907
GOOFS_p_TCGA_b117_118_SNP_N_GenomeWideSNP_6_C04_778012	9	44866028	45407615	35	-0.1676
GOOFS_p_TCGA_b117_118_SNP_N_GenomeWideSNP_6_C04_778012	9	45448614	45749018	17	0.2639
GOOFS_p_TCGA_b117_118_SNP_N_GenomeWideSNP_6_C04_778012	9	45749108	46388197	30	-0.2554
GOOFS_p_TCGA_b117_118_SNP_N_GenomeWideSNP_6_C04_778012	9	46388520	46390914	4	-1.0802
GOOFS_p_TCGA_b117_118_SNP_N_GenomeWideSNP_6_C04_778012	9	46395014	106566497	25121	0.0169
GOOFS_p_TCGA_b117_118_SNP_N_GenomeWideSNP_6_C04_778012	9	106568696	106569290	2	-3.2971
GOOFS_p_TCGA_b117_118_SNP_N_GenomeWideSNP_6_C04_778012	9	106570702	141091394	23105	0.0188
GOOFS_p_TCGA_b117_118_SNP_N_GenomeWideSNP_6_C04_778012	10	72759	525403	253	-0.0356
GOOFS_p_TCGA_b117_118_SNP_N_GenomeWideSNP_6_C04_778012	10	526773	530644	2	-2.0592
GOOFS_p_TCGA_b117_118_SNP_N_GenomeWideSNP_6_C04_778012	10	531982	16466370	13524	0.0149
GOOFS_p_TCGA_b117_118_SNP_N_GenomeWideSNP_6_C04_778012	10	16467242	16470933	3	-1.5976
GOOFS_p_TCGA_b117_118_SNP_N_GenomeWideSNP_6_C04_778012	10	16476271	17894976	1075	-0.0083
GOOFS_p_TCGA_b117_118_SNP_N_GenomeWideSNP_6_C04_778012	10	17927554	17949857	3	-1.6483
GOOFS_p_TCGA_b117_118_SNP_N_GenomeWideSNP_6_C04_778012	10	17971816	46674180	16670	0.022
GOOFS_p_TCGA_b117_118_SNP_N_GenomeWideSNP_6_C04_778012	10	46691159	47704605	361	0.4345
GOOFS_p_TCGA_b117_118_SNP_N_GenomeWideSNP_6_C04_778012	10	47704621	135506704	59042	0.0154
GOOFS_p_TCGA_b117_118_SNP_N_GenomeWideSNP_6_C04_778012	11	198510	4967650	2466	0.0036
GOOFS_p_TCGA_b117_118_SNP_N_GenomeWideSNP_6_C04_778012	11	4968117	4976389	34	-0.4258
GOOFS_p_TCGA_b117_118_SNP_N_GenomeWideSNP_6_C04_778012	11	4976493	5520975	548	0.0247
GOOFS_p_TCGA_b117_118_SNP_N_GenomeWideSNP_6_C04_778012	11	5522151	5522528	5	-0.9392
GOOFS_p_TCGA_b117_118_SNP_N_GenomeWideSNP_6_C04_778012	11	5522564	5787405	240	0.0444
GOOFS_p_TCGA_b117_118_SNP_N_GenomeWideSNP_6_C04_778012	11	5788080	5809338	33	-0.5873
GOOFS_p_TCGA_b117_118_SNP_N_GenomeWideSNP_6_C04_778012	11	5809461	6107790	239	-0.0252
GOOFS_p_TCGA_b117_118_SNP_N_GenomeWideSNP_6_C04_778012	11	6108269	6122094	8	-0.9489
GOOFS_p_TCGA_b117_118_SNP_N_GenomeWideSNP_6_C04_778012	11	6122503	64665943	36226	0.0195
GOOFS_p_TCGA_b117_118_SNP_N_GenomeWideSNP_6_C04_778012	11	64665948	64669105	2	-1.8544
GOOFS_p_TCGA_b117_118_SNP_N_GenomeWideSNP_6_C04_778012	11	64682327	79967513	8121	0.0197
GOOFS_p_TCGA_b117_118_SNP_N_GenomeWideSNP_6_C04_778012	11	79967548	79967564	2	-2.9262
GOOFS_p_TCGA_b117_118_SNP_N_GenomeWideSNP_6_C04_778012	11	79967686	80538288	451	0.0233
GOOFS_p_TCGA_b117_118_SNP_N_GenomeWideSNP_6_C04_778012	11	80538545	80538917	3	-0.94
GOOFS_p_TCGA_b117_118_SNP_N_GenomeWideSNP_6_C04_778012	11	80540697	81498805	863	0.0322
GOOFS_p_TCGA_b117_118_SNP_N_GenomeWideSNP_6_C04_778012	11	81503468	81517158	11	-0.6945
GOOFS_p_TCGA_b117_118_SNP_N_GenomeWideSNP_6_C04_778012	11	81522632	104752402	16159	0.0242
GOOFS_p_TCGA_b117_118_SNP_N_GenomeWideSNP_6_C04_778012	11	104754447	104759546	10	-0.8394
GOOFS_p_TCGA_b117_118_SNP_N_GenomeWideSNP_6_C04_778012	11	104760086	107230719	1623	0.0138
GOOFS_p_TCGA_b117_118_SNP_N_GenomeWideSNP_6_C04_778012	11	107238656	107238931	6	-1.7617
GOOFS_p_TCGA_b117_118_SNP_N_GenomeWideSNP_6_C04_778012	11	107239128	134944770	19914	0.0181
GOOFS_p_TCGA_b117_118_SNP_N_GenomeWideSNP_6_C04_778012	12	150442	8531288	5598	0.0172
GOOFS_p_TCGA_b117_118_SNP_N_GenomeWideSNP_6_C04_778012	12	8533235	8584672	28	-0.4693
GOOFS_p_TCGA_b117_118_SNP_N_GenomeWideSNP_6_C04_778012	12	8594894	9630556	559	0.0254
GOOFS_p_TCGA_b117_118_SNP_N_GenomeWideSNP_6_C04_778012	12	9633870	9715565	24	0.8349
GOOFS_p_TCGA_b117_118_SNP_N_GenomeWideSNP_6_C04_778012	12	9728292	11219423	1043	0.0157
GOOFS_p_TCGA_b117_118_SNP_N_GenomeWideSNP_6_C04_778012	12	11220724	11241532	12	0.687
GOOFS_p_TCGA_b117_118_SNP_N_GenomeWideSNP_6_C04_778012	12	11251874	33301426	15574	0.021
GOOFS_p_TCGA_b117_118_SNP_N_GenomeWideSNP_6_C04_778012	12	33301520	33307374	25	-0.5566
GOOFS_p_TCGA_b117_118_SNP_N_GenomeWideSNP_6_C04_778012	12	33308360	99791814	39323	0.0182
GOOFS_p_TCGA_b117_118_SNP_N_GenomeWideSNP_6_C04_778012	12	99795293	99798734	31	-0.5301
GOOFS_p_TCGA_b117_118_SNP_N_GenomeWideSNP_6_C04_778012	12	99803093	105939651	4025	0.0167
GOOFS_p_TCGA_b117_118_SNP_N_GenomeWideSNP_6_C04_778012	12	105939816	105941328	2	1.3369
GOOFS_p_TCGA_b117_118_SNP_N_GenomeWideSNP_6_C04_778012	12	105942955	108209574	1637	0.0145
GOOFS_p_TCGA_b117_118_SNP_N_GenomeWideSNP_6_C04_778012	12	108213010	108213483	2	-1.3769
GOOFS_p_TCGA_b117_118_SNP_N_GenomeWideSNP_6_C04_778012	12	108220914	124854903	10318	0.0228
GOOFS_p_TCGA_b117_118_SNP_N_GenomeWideSNP_6_C04_778012	12	124855276	124855375	2	-1.9896
GOOFS_p_TCGA_b117_118_SNP_N_GenomeWideSNP_6_C04_778012	12	124855462	132120715	6128	0.0182
GOOFS_p_TCGA_b117_118_SNP_N_GenomeWideSNP_6_C04_778012	12	132132584	132133335	13	-2.3957
GOOFS_p_TCGA_b117_118_SNP_N_GenomeWideSNP_6_C04_778012	12	132142331	133778189	570	0.0054
GOOFS_p_TCGA_b117_118_SNP_N_GenomeWideSNP_6_C04_778012	13	19026949	58584790	26540	0.0187
GOOFS_p_TCGA_b117_118_SNP_N_GenomeWideSNP_6_C04_778012	13	58590281	58605483	10	-0.984
GOOFS_p_TCGA_b117_118_SNP_N_GenomeWideSNP_6_C04_778012	13	58605594	83164534	15848	0.0191
GOOFS_p_TCGA_b117_118_SNP_N_GenomeWideSNP_6_C04_778012	13	83168967	83170678	2	-3.4823
GOOFS_p_TCGA_b117_118_SNP_N_GenomeWideSNP_6_C04_778012	13	83172655	110672968	19156	0.0194
GOOFS_p_TCGA_b117_118_SNP_N_GenomeWideSNP_6_C04_778012	13	110673614	110673648	2	-1.6622
GOOFS_p_TCGA_b117_118_SNP_N_GenomeWideSNP_6_C04_778012	13	110674779	115108397	2656	0.0196
GOOFS_p_TCGA_b117_118_SNP_N_GenomeWideSNP_6_C04_778012	14	19002124	20200183	82	0.0303
GOOFS_p_TCGA_b117_118_SNP_N_GenomeWideSNP_6_C04_778012	14	20200381	20423372	108	0.5944
GOOFS_p_TCGA_b117_118_SNP_N_GenomeWideSNP_6_C04_778012	14	20424926	24455425	2743	0.0368
GOOFS_p_TCGA_b117_118_SNP_N_GenomeWideSNP_6_C04_778012	14	24458644	24458943	3	-1.7072
GOOFS_p_TCGA_b117_118_SNP_N_GenomeWideSNP_6_C04_778012	14	24461854	27535434	2071	0.0158
GOOFS_p_TCGA_b117_118_SNP_N_GenomeWideSNP_6_C04_778012	14	27536252	27536390	2	-1.8404
GOOFS_p_TCGA_b117_118_SNP_N_GenomeWideSNP_6_C04_778012	14	27538718	44713868	10678	0.0195
GOOFS_p_TCGA_b117_118_SNP_N_GenomeWideSNP_6_C04_778012	14	44716083	44717082	2	-1.8584
GOOFS_p_TCGA_b117_118_SNP_N_GenomeWideSNP_6_C04_778012	14	44721675	47696260	1666	0.024
GOOFS_p_TCGA_b117_118_SNP_N_GenomeWideSNP_6_C04_778012	14	47707336	47717447	9	-0.7125
GOOFS_p_TCGA_b117_118_SNP_N_GenomeWideSNP_6_C04_778012	14	47721924	73995774	16921	0.0161
GOOFS_p_TCGA_b117_118_SNP_N_GenomeWideSNP_6_C04_778012	14	74001123	74020979	9	-2.0536
GOOFS_p_TCGA_b117_118_SNP_N_GenomeWideSNP_6_C04_778012	14	74029900	93943494	12990	0.0157
GOOFS_p_TCGA_b117_118_SNP_N_GenomeWideSNP_6_C04_778012	14	93944570	93947674	2	-2.9667
GOOFS_p_TCGA_b117_118_SNP_N_GenomeWideSNP_6_C04_778012	14	93948343	106542277	7788	0.016
GOOFS_p_TCGA_b117_118_SNP_N_GenomeWideSNP_6_C04_778012	14	106547314	106567100	11	1.0423
GOOFS_p_TCGA_b117_118_SNP_N_GenomeWideSNP_6_C04_778012	14	106569463	106796697	105	-0.036
GOOFS_p_TCGA_b117_118_SNP_N_GenomeWideSNP_6_C04_778012	14	106801355	106802053	4	1.2352
GOOFS_p_TCGA_b117_118_SNP_N_GenomeWideSNP_6_C04_778012	14	106815943	106874361	33	0.0566
GOOFS_p_TCGA_b117_118_SNP_N_GenomeWideSNP_6_C04_778012	14	106879831	106939788	59	-0.4685
GOOFS_p_TCGA_b117_118_SNP_N_GenomeWideSNP_6_C04_778012	14	106943522	107285437	216	0.0365
GOOFS_p_TCGA_b117_118_SNP_N_GenomeWideSNP_6_C04_778012	15	20016328	24669745	1425	0.0318
GOOFS_p_TCGA_b117_118_SNP_N_GenomeWideSNP_6_C04_778012	15	24674751	24718596	40	-0.6929
GOOFS_p_TCGA_b117_118_SNP_N_GenomeWideSNP_6_C04_778012	15	24725293	76878362	32841	0.0176
GOOFS_p_TCGA_b117_118_SNP_N_GenomeWideSNP_6_C04_778012	15	76891241	76895344	15	0.676
GOOFS_p_TCGA_b117_118_SNP_N_GenomeWideSNP_6_C04_778012	15	76895767	102469040	17647	0.0154
GOOFS_p_TCGA_b117_118_SNP_N_GenomeWideSNP_6_C04_778012	16	60777	1073552	390	-0.0186
GOOFS_p_TCGA_b117_118_SNP_N_GenomeWideSNP_6_C04_778012	16	1078763	1088797	2	-2.0748
GOOFS_p_TCGA_b117_118_SNP_N_GenomeWideSNP_6_C04_778012	16	1089949	11603872	8281	0.0209
GOOFS_p_TCGA_b117_118_SNP_N_GenomeWideSNP_6_C04_778012	16	11608244	11633482	11	-0.6195
GOOFS_p_TCGA_b117_118_SNP_N_GenomeWideSNP_6_C04_778012	16	11633746	12411508	492	0.003
GOOFS_p_TCGA_b117_118_SNP_N_GenomeWideSNP_6_C04_778012	16	12415828	12429026	8	-0.877
GOOFS_p_TCGA_b117_118_SNP_N_GenomeWideSNP_6_C04_778012	16	12430529	12648859	222	0.0468
GOOFS_p_TCGA_b117_118_SNP_N_GenomeWideSNP_6_C04_778012	16	12648978	12648995	2	1.7814
GOOFS_p_TCGA_b117_118_SNP_N_GenomeWideSNP_6_C04_778012	16	12650247	14770632	1679	0.0161
GOOFS_p_TCGA_b117_118_SNP_N_GenomeWideSNP_6_C04_778012	16	14777393	15049981	31	-0.4323
GOOFS_p_TCGA_b117_118_SNP_N_GenomeWideSNP_6_C04_778012	16	15049998	19944363	2378	0.0186
GOOFS_p_TCGA_b117_118_SNP_N_GenomeWideSNP_6_C04_778012	16	19945650	19970490	31	-0.8402
GOOFS_p_TCGA_b117_118_SNP_N_GenomeWideSNP_6_C04_778012	16	19970818	82580397	32727	0.0152
GOOFS_p_TCGA_b117_118_SNP_N_GenomeWideSNP_6_C04_778012	16	82580557	82580869	2	-2.7632
GOOFS_p_TCGA_b117_118_SNP_N_GenomeWideSNP_6_C04_778012	16	82580871	90287535	6068	0.0099
GOOFS_p_TCGA_b117_118_SNP_N_GenomeWideSNP_6_C04_778012	17	526	940044	480	0.0106
GOOFS_p_TCGA_b117_118_SNP_N_GenomeWideSNP_6_C04_778012	17	941070	950958	3	-1.2695
GOOFS_p_TCGA_b117_118_SNP_N_GenomeWideSNP_6_C04_778012	17	958682	18358949	10945	0.0171
GOOFS_p_TCGA_b117_118_SNP_N_GenomeWideSNP_6_C04_778012	17	18361686	18459272	24	-0.4905
GOOFS_p_TCGA_b117_118_SNP_N_GenomeWideSNP_6_C04_778012	17	18464586	19497890	378	0.0184
GOOFS_p_TCGA_b117_118_SNP_N_GenomeWideSNP_6_C04_778012	17	19499736	19538758	31	-0.8355
GOOFS_p_TCGA_b117_118_SNP_N_GenomeWideSNP_6_C04_778012	17	19543162	26779053	1923	0.0069
GOOFS_p_TCGA_b117_118_SNP_N_GenomeWideSNP_6_C04_778012	17	26781341	26782319	2	-2.2325
GOOFS_p_TCGA_b117_118_SNP_N_GenomeWideSNP_6_C04_778012	17	26789271	39421685	7150	0.0162
GOOFS_p_TCGA_b117_118_SNP_N_GenomeWideSNP_6_C04_778012	17	39421708	39430531	25	-0.7627
GOOFS_p_TCGA_b117_118_SNP_N_GenomeWideSNP_6_C04_778012	17	39432724	44216322	2550	0.0072
GOOFS_p_TCGA_b117_118_SNP_N_GenomeWideSNP_6_C04_778012	17	44219555	44224651	4	0.7384
GOOFS_p_TCGA_b117_118_SNP_N_GenomeWideSNP_6_C04_778012	17	44225323	44364170	80	0.2887
GOOFS_p_TCGA_b117_118_SNP_N_GenomeWideSNP_6_C04_778012	17	44394412	44752300	48	0.6634
GOOFS_p_TCGA_b117_118_SNP_N_GenomeWideSNP_6_C04_778012	17	44764994	76394540	19296	0.0206
GOOFS_p_TCGA_b117_118_SNP_N_GenomeWideSNP_6_C04_778012	17	76395556	76395856	3	-1.5793
GOOFS_p_TCGA_b117_118_SNP_N_GenomeWideSNP_6_C04_778012	17	76398404	77489413	727	0.0061
GOOFS_p_TCGA_b117_118_SNP_N_GenomeWideSNP_6_C04_778012	17	77489945	77497716	2	-2.7625
GOOFS_p_TCGA_b117_118_SNP_N_GenomeWideSNP_6_C04_778012	17	77507897	81049726	1549	7e-04
GOOFS_p_TCGA_b117_118_SNP_N_GenomeWideSNP_6_C04_778012	18	11543	78015057	50739	0.0173
GOOFS_p_TCGA_b117_118_SNP_N_GenomeWideSNP_6_C04_778012	19	90910	10177629	3864	0.0155
GOOFS_p_TCGA_b117_118_SNP_N_GenomeWideSNP_6_C04_778012	19	10178495	10185007	8	-0.9978
GOOFS_p_TCGA_b117_118_SNP_N_GenomeWideSNP_6_C04_778012	19	10191185	55252385	23091	0.0159
GOOFS_p_TCGA_b117_118_SNP_N_GenomeWideSNP_6_C04_778012	19	55283843	55378699	46	-0.8771
GOOFS_p_TCGA_b117_118_SNP_N_GenomeWideSNP_6_C04_778012	19	55379455	59097854	2282	0.011
GOOFS_p_TCGA_b117_118_SNP_N_GenomeWideSNP_6_C04_778012	20	61305	976044	741	0.0036
GOOFS_p_TCGA_b117_118_SNP_N_GenomeWideSNP_6_C04_778012	20	976103	984766	11	-0.6761
GOOFS_p_TCGA_b117_118_SNP_N_GenomeWideSNP_6_C04_778012	20	985712	1560802	451	0.0242
GOOFS_p_TCGA_b117_118_SNP_N_GenomeWideSNP_6_C04_778012	20	1560922	1593849	43	-0.9474
GOOFS_p_TCGA_b117_118_SNP_N_GenomeWideSNP_6_C04_778012	20	1593893	14869315	10015	0.0235
GOOFS_p_TCGA_b117_118_SNP_N_GenomeWideSNP_6_C04_778012	20	14869875	14986155	111	-0.9048
GOOFS_p_TCGA_b117_118_SNP_N_GenomeWideSNP_6_C04_778012	20	14988507	62916068	31029	0.0193
GOOFS_p_TCGA_b117_118_SNP_N_GenomeWideSNP_6_C04_778012	20	62954695	62956153	5	-2.2288
GOOFS_p_TCGA_b117_118_SNP_N_GenomeWideSNP_6_C04_778012	21	10736871	44968053	22616	0.0185
GOOFS_p_TCGA_b117_118_SNP_N_GenomeWideSNP_6_C04_778012	21	44970873	44972812	2	-2.6047
GOOFS_p_TCGA_b117_118_SNP_N_GenomeWideSNP_6_C04_778012	21	44973667	48096957	1764	0.01
GOOFS_p_TCGA_b117_118_SNP_N_GenomeWideSNP_6_C04_778012	22	16052528	20950564	2303	-0.0111
GOOFS_p_TCGA_b117_118_SNP_N_GenomeWideSNP_6_C04_778012	22	20952909	20959691	5	-1.6341
GOOFS_p_TCGA_b117_118_SNP_N_GenomeWideSNP_6_C04_778012	22	20960653	24271745	2273	-0.0406
GOOFS_p_TCGA_b117_118_SNP_N_GenomeWideSNP_6_C04_778012	22	24283016	24332933	30	-0.6006
GOOFS_p_TCGA_b117_118_SNP_N_GenomeWideSNP_6_C04_778012	22	24337307	24394015	21	0.4696
GOOFS_p_TCGA_b117_118_SNP_N_GenomeWideSNP_6_C04_778012	22	24396814	39290920	10811	0.0168
GOOFS_p_TCGA_b117_118_SNP_N_GenomeWideSNP_6_C04_778012	22	39295255	39296904	3	-3.245
GOOFS_p_TCGA_b117_118_SNP_N_GenomeWideSNP_6_C04_778012	22	39299114	40793260	757	-0.0133
GOOFS_p_TCGA_b117_118_SNP_N_GenomeWideSNP_6_C04_778012	22	40794590	40794820	2	-2.821
GOOFS_p_TCGA_b117_118_SNP_N_GenomeWideSNP_6_C04_778012	22	40797672	42897282	1190	-0.0022
GOOFS_p_TCGA_b117_118_SNP_N_GenomeWideSNP_6_C04_778012	22	42899440	42934462	21	0.5695
GOOFS_p_TCGA_b117_118_SNP_N_GenomeWideSNP_6_C04_778012	22	42942962	42950491	3	-0.0308
GOOFS_p_TCGA_b117_118_SNP_N_GenomeWideSNP_6_C04_778012	22	42955431	42980051	12	-1.0331
GOOFS_p_TCGA_b117_118_SNP_N_GenomeWideSNP_6_C04_778012	22	42981167	51234455	6078	0.0158
GOOFS_p_TCGA_b117_118_SNP_N_GenomeWideSNP_6_C04_778012	X	168477	17359356	10680	0.0246
GOOFS_p_TCGA_b117_118_SNP_N_GenomeWideSNP_6_C04_778012	X	17371318	17372635	3	-1.3716
GOOFS_p_TCGA_b117_118_SNP_N_GenomeWideSNP_6_C04_778012	X	17372796	76349873	29437	0.0201
GOOFS_p_TCGA_b117_118_SNP_N_GenomeWideSNP_6_C04_778012	X	76353650	76523952	18	-0.8273
GOOFS_p_TCGA_b117_118_SNP_N_GenomeWideSNP_6_C04_778012	X	76545159	115133681	20624	0.0156
GOOFS_p_TCGA_b117_118_SNP_N_GenomeWideSNP_6_C04_778012	X	115137955	115150638	7	-1.4697
GOOFS_p_TCGA_b117_118_SNP_N_GenomeWideSNP_6_C04_778012	X	115156419	137572432	12918	0.0178
GOOFS_p_TCGA_b117_118_SNP_N_GenomeWideSNP_6_C04_778012	X	137572670	137572845	3	-1.2791
GOOFS_p_TCGA_b117_118_SNP_N_GenomeWideSNP_6_C04_778012	X	137573005	155182354	10843	0.0199
GOOFS_p_TCGA_b117_118_SNP_N_GenomeWideSNP_6_C04_778012	Y	2650438	3005268	154	-2.8952
GOOFS_p_TCGA_b117_118_SNP_N_GenomeWideSNP_6_C04_778012	Y	3006140	5949944	654	-2.3378
GOOFS_p_TCGA_b117_118_SNP_N_GenomeWideSNP_6_C04_778012	Y	5950884	6101425	63	-2.8422
GOOFS_p_TCGA_b117_118_SNP_N_GenomeWideSNP_6_C04_778012	Y	6107901	6296423	85	-4.1045
GOOFS_p_TCGA_b117_118_SNP_N_GenomeWideSNP_6_C04_778012	Y	6299046	9164747	1488	-3.0302
GOOFS_p_TCGA_b117_118_SNP_N_GenomeWideSNP_6_C04_778012	Y	9167305	9391884	27	-4.6169
GOOFS_p_TCGA_b117_118_SNP_N_GenomeWideSNP_6_C04_778012	Y	9392195	9526990	62	-2.7912
GOOFS_p_TCGA_b117_118_SNP_N_GenomeWideSNP_6_C04_778012	Y	9531709	9759564	93	-3.6946
GOOFS_p_TCGA_b117_118_SNP_N_GenomeWideSNP_6_C04_778012	Y	9774614	15590276	951	-2.8861
GOOFS_p_TCGA_b117_118_SNP_N_GenomeWideSNP_6_C04_778012	Y	15590342	15594523	3	-7.8202
GOOFS_p_TCGA_b117_118_SNP_N_GenomeWideSNP_6_C04_778012	Y	15594889	19511678	2057	-2.9619
GOOFS_p_TCGA_b117_118_SNP_N_GenomeWideSNP_6_C04_778012	Y	19515512	21024613	697	-3.6442
GOOFS_p_TCGA_b117_118_SNP_N_GenomeWideSNP_6_C04_778012	Y	21025062	24510518	1275	-3.0481
GOOFS_p_TCGA_b117_118_SNP_N_GenomeWideSNP_6_C04_778012	Y	24514859	28423938	841	-3.6563
GOOFS_p_TCGA_b117_118_SNP_N_GenomeWideSNP_6_C04_778012	Y	28438116	59018259	183	-2.7745
