Sample	Chromosome	Start	End	Num_Probes	Segment_Mean
GOOFS_p_TCGA_b117_118_SNP_N_GenomeWideSNP_6_B01_778072	1	61735	98588	16	-0.83
GOOFS_p_TCGA_b117_118_SNP_N_GenomeWideSNP_6_B01_778072	1	98602	12892309	6534	0.0299
GOOFS_p_TCGA_b117_118_SNP_N_GenomeWideSNP_6_B01_778072	1	12892508	12927856	9	0.7287
GOOFS_p_TCGA_b117_118_SNP_N_GenomeWideSNP_6_B01_778072	1	12983506	13375401	10	0.0777
GOOFS_p_TCGA_b117_118_SNP_N_GenomeWideSNP_6_B01_778072	1	13375764	13468022	20	-0.3795
GOOFS_p_TCGA_b117_118_SNP_N_GenomeWideSNP_6_B01_778072	1	13471704	16149915	1821	0.0243
GOOFS_p_TCGA_b117_118_SNP_N_GenomeWideSNP_6_B01_778072	1	16153497	16153925	6	-1.2179
GOOFS_p_TCGA_b117_118_SNP_N_GenomeWideSNP_6_B01_778072	1	16154201	17245213	435	0.0258
GOOFS_p_TCGA_b117_118_SNP_N_GenomeWideSNP_6_B01_778072	1	17245530	17257644	18	0.6219
GOOFS_p_TCGA_b117_118_SNP_N_GenomeWideSNP_6_B01_778072	1	17257943	17500814	178	0.0141
GOOFS_p_TCGA_b117_118_SNP_N_GenomeWideSNP_6_B01_778072	1	17501720	17502972	2	-2.5863
GOOFS_p_TCGA_b117_118_SNP_N_GenomeWideSNP_6_B01_778072	1	17507471	22319001	3187	0.0135
GOOFS_p_TCGA_b117_118_SNP_N_GenomeWideSNP_6_B01_778072	1	22320515	22328279	4	0.9101
GOOFS_p_TCGA_b117_118_SNP_N_GenomeWideSNP_6_B01_778072	1	22328518	25583341	1919	0.0316
GOOFS_p_TCGA_b117_118_SNP_N_GenomeWideSNP_6_B01_778072	1	25593128	25662005	30	-1.3847
GOOFS_p_TCGA_b117_118_SNP_N_GenomeWideSNP_6_B01_778072	1	25662212	72763370	28841	0.0184
GOOFS_p_TCGA_b117_118_SNP_N_GenomeWideSNP_6_B01_778072	1	72768418	72811148	48	-1.0921
GOOFS_p_TCGA_b117_118_SNP_N_GenomeWideSNP_6_B01_778072	1	72811904	106013376	21034	0.0102
GOOFS_p_TCGA_b117_118_SNP_N_GenomeWideSNP_6_B01_778072	1	106019205	106022375	17	0.6624
GOOFS_p_TCGA_b117_118_SNP_N_GenomeWideSNP_6_B01_778072	1	106024055	108582326	1810	0.0103
GOOFS_p_TCGA_b117_118_SNP_N_GenomeWideSNP_6_B01_778072	1	108583052	108600430	27	0.2817
GOOFS_p_TCGA_b117_118_SNP_N_GenomeWideSNP_6_B01_778072	1	108606001	108769302	125	0.0262
GOOFS_p_TCGA_b117_118_SNP_N_GenomeWideSNP_6_B01_778072	1	108817179	108849651	5	-0.6251
GOOFS_p_TCGA_b117_118_SNP_N_GenomeWideSNP_6_B01_778072	1	108853270	108910745	49	0.0639
GOOFS_p_TCGA_b117_118_SNP_N_GenomeWideSNP_6_B01_778072	1	108928460	108946165	5	-0.6281
GOOFS_p_TCGA_b117_118_SNP_N_GenomeWideSNP_6_B01_778072	1	108962371	110192766	621	0.0244
GOOFS_p_TCGA_b117_118_SNP_N_GenomeWideSNP_6_B01_778072	1	110197201	110226140	17	0.3695
GOOFS_p_TCGA_b117_118_SNP_N_GenomeWideSNP_6_B01_778072	1	110226378	110227515	8	-0.1198
GOOFS_p_TCGA_b117_118_SNP_N_GenomeWideSNP_6_B01_778072	1	110232974	110240178	17	1.0679
GOOFS_p_TCGA_b117_118_SNP_N_GenomeWideSNP_6_B01_778072	1	110242953	112690326	1958	0.014
GOOFS_p_TCGA_b117_118_SNP_N_GenomeWideSNP_6_B01_778072	1	112695965	112697213	22	-1.4248
GOOFS_p_TCGA_b117_118_SNP_N_GenomeWideSNP_6_B01_778072	1	112697241	121089508	5105	0.0162
GOOFS_p_TCGA_b117_118_SNP_N_GenomeWideSNP_6_B01_778072	1	121120602	121127900	2	-1.2976
GOOFS_p_TCGA_b117_118_SNP_N_GenomeWideSNP_6_B01_778072	1	121129349	148870937	1259	0.0143
GOOFS_p_TCGA_b117_118_SNP_N_GenomeWideSNP_6_B01_778072	1	148893345	149024808	15	-0.7015
GOOFS_p_TCGA_b117_118_SNP_N_GenomeWideSNP_6_B01_778072	1	149036524	149290775	136	-1.8016
GOOFS_p_TCGA_b117_118_SNP_N_GenomeWideSNP_6_B01_778072	1	149291599	149436842	25	-0.7632
GOOFS_p_TCGA_b117_118_SNP_N_GenomeWideSNP_6_B01_778072	1	149521840	149691264	17	0.0049
GOOFS_p_TCGA_b117_118_SNP_N_GenomeWideSNP_6_B01_778072	1	149691503	149758041	16	-0.5282
GOOFS_p_TCGA_b117_118_SNP_N_GenomeWideSNP_6_B01_778072	1	149769972	152762978	1687	0.0257
GOOFS_p_TCGA_b117_118_SNP_N_GenomeWideSNP_6_B01_778072	1	152762990	152768700	20	-0.4306
GOOFS_p_TCGA_b117_118_SNP_N_GenomeWideSNP_6_B01_778072	1	152773905	196714873	29553	0.0141
GOOFS_p_TCGA_b117_118_SNP_N_GenomeWideSNP_6_B01_778072	1	196727850	196732086	4	-1.812
GOOFS_p_TCGA_b117_118_SNP_N_GenomeWideSNP_6_B01_778072	1	196738623	248587826	35813	0.018
GOOFS_p_TCGA_b117_118_SNP_N_GenomeWideSNP_6_B01_778072	1	248592872	248660184	24	-0.3973
GOOFS_p_TCGA_b117_118_SNP_N_GenomeWideSNP_6_B01_778072	1	248660552	249224388	197	0.0561
GOOFS_p_TCGA_b117_118_SNP_N_GenomeWideSNP_6_B01_778072	2	12784	34708650	24114	0.0124
GOOFS_p_TCGA_b117_118_SNP_N_GenomeWideSNP_6_B01_778072	2	34710728	34737057	38	0.3895
GOOFS_p_TCGA_b117_118_SNP_N_GenomeWideSNP_6_B01_778072	2	34737163	49533042	10754	0.0099
GOOFS_p_TCGA_b117_118_SNP_N_GenomeWideSNP_6_B01_778072	2	49535768	49541190	4	-2.4482
GOOFS_p_TCGA_b117_118_SNP_N_GenomeWideSNP_6_B01_778072	2	49545041	52754468	2279	0.0042
GOOFS_p_TCGA_b117_118_SNP_N_GenomeWideSNP_6_B01_778072	2	52754480	52781295	31	-0.5896
GOOFS_p_TCGA_b117_118_SNP_N_GenomeWideSNP_6_B01_778072	2	52781326	90267103	23048	0.0148
GOOFS_p_TCGA_b117_118_SNP_N_GenomeWideSNP_6_B01_778072	2	90267121	91849290	63	-0.3388
GOOFS_p_TCGA_b117_118_SNP_N_GenomeWideSNP_6_B01_778072	2	91858949	96063658	327	0.0221
GOOFS_p_TCGA_b117_118_SNP_N_GenomeWideSNP_6_B01_778072	2	96069557	96097397	6	-0.502
GOOFS_p_TCGA_b117_118_SNP_N_GenomeWideSNP_6_B01_778072	2	96101219	96380129	78	0.0698
GOOFS_p_TCGA_b117_118_SNP_N_GenomeWideSNP_6_B01_778072	2	96380253	96395322	9	-0.36
GOOFS_p_TCGA_b117_118_SNP_N_GenomeWideSNP_6_B01_778072	2	96396824	97790279	493	0.0419
GOOFS_p_TCGA_b117_118_SNP_N_GenomeWideSNP_6_B01_778072	2	97794344	98154265	72	-0.2003
GOOFS_p_TCGA_b117_118_SNP_N_GenomeWideSNP_6_B01_778072	2	98157272	98162189	4	-1.4426
GOOFS_p_TCGA_b117_118_SNP_N_GenomeWideSNP_6_B01_778072	2	98166878	117705675	11442	0.0114
GOOFS_p_TCGA_b117_118_SNP_N_GenomeWideSNP_6_B01_778072	2	117719892	117731137	30	-0.9793
GOOFS_p_TCGA_b117_118_SNP_N_GenomeWideSNP_6_B01_778072	2	117733280	137982148	12591	0.0091
GOOFS_p_TCGA_b117_118_SNP_N_GenomeWideSNP_6_B01_778072	2	137983647	137984261	5	-1.0341
GOOFS_p_TCGA_b117_118_SNP_N_GenomeWideSNP_6_B01_778072	2	137985285	141435073	2140	0.0084
GOOFS_p_TCGA_b117_118_SNP_N_GenomeWideSNP_6_B01_778072	2	141439713	141439812	2	-1.1609
GOOFS_p_TCGA_b117_118_SNP_N_GenomeWideSNP_6_B01_778072	2	141439838	146864443	3331	0.0131
GOOFS_p_TCGA_b117_118_SNP_N_GenomeWideSNP_6_B01_778072	2	146864457	146866934	21	0.7579
GOOFS_p_TCGA_b117_118_SNP_N_GenomeWideSNP_6_B01_778072	2	146877806	164636852	10600	0.017
GOOFS_p_TCGA_b117_118_SNP_N_GenomeWideSNP_6_B01_778072	2	164643488	164645126	5	-0.9557
GOOFS_p_TCGA_b117_118_SNP_N_GenomeWideSNP_6_B01_778072	2	164646642	184573947	12555	0.0155
GOOFS_p_TCGA_b117_118_SNP_N_GenomeWideSNP_6_B01_778072	2	184577193	184577324	3	-2.7251
GOOFS_p_TCGA_b117_118_SNP_N_GenomeWideSNP_6_B01_778072	2	184580895	243089456	35985	0.0168
GOOFS_p_TCGA_b117_118_SNP_N_GenomeWideSNP_6_B01_778072	3	60345	26583220	20044	0.0051
GOOFS_p_TCGA_b117_118_SNP_N_GenomeWideSNP_6_B01_778072	3	26588441	26615949	33	-0.3467
GOOFS_p_TCGA_b117_118_SNP_N_GenomeWideSNP_6_B01_778072	3	26615970	53032038	15715	0.0137
GOOFS_p_TCGA_b117_118_SNP_N_GenomeWideSNP_6_B01_778072	3	53033148	53039116	24	-0.4625
GOOFS_p_TCGA_b117_118_SNP_N_GenomeWideSNP_6_B01_778072	3	53039217	62957906	7652	0.0116
GOOFS_p_TCGA_b117_118_SNP_N_GenomeWideSNP_6_B01_778072	3	62961431	62991509	21	-0.9118
GOOFS_p_TCGA_b117_118_SNP_N_GenomeWideSNP_6_B01_778072	3	62995549	65188453	1883	0.0148
GOOFS_p_TCGA_b117_118_SNP_N_GenomeWideSNP_6_B01_778072	3	65189235	65210452	53	-0.5976
GOOFS_p_TCGA_b117_118_SNP_N_GenomeWideSNP_6_B01_778072	3	65216349	75568549	7371	0.016
GOOFS_p_TCGA_b117_118_SNP_N_GenomeWideSNP_6_B01_778072	3	75572549	75586805	5	-1.9376
GOOFS_p_TCGA_b117_118_SNP_N_GenomeWideSNP_6_B01_778072	3	75595181	98937784	11005	0.004
GOOFS_p_TCGA_b117_118_SNP_N_GenomeWideSNP_6_B01_778072	3	98944458	98949421	38	-0.5784
GOOFS_p_TCGA_b117_118_SNP_N_GenomeWideSNP_6_B01_778072	3	98950964	100326305	748	0.0148
GOOFS_p_TCGA_b117_118_SNP_N_GenomeWideSNP_6_B01_778072	3	100340068	100442509	59	0.9126
GOOFS_p_TCGA_b117_118_SNP_N_GenomeWideSNP_6_B01_778072	3	100446616	151459597	31534	0.0131
GOOFS_p_TCGA_b117_118_SNP_N_GenomeWideSNP_6_B01_778072	3	151461278	151462665	2	-1.4959
GOOFS_p_TCGA_b117_118_SNP_N_GenomeWideSNP_6_B01_778072	3	151462927	162513092	6736	0.0155
GOOFS_p_TCGA_b117_118_SNP_N_GenomeWideSNP_6_B01_778072	3	162513149	162625995	67	0.5026
GOOFS_p_TCGA_b117_118_SNP_N_GenomeWideSNP_6_B01_778072	3	162626572	192877902	19195	0.0182
GOOFS_p_TCGA_b117_118_SNP_N_GenomeWideSNP_6_B01_778072	3	192877962	192882903	19	0.76
GOOFS_p_TCGA_b117_118_SNP_N_GenomeWideSNP_6_B01_778072	3	192886435	195456048	1522	0.0172
GOOFS_p_TCGA_b117_118_SNP_N_GenomeWideSNP_6_B01_778072	3	195456889	195464866	8	-0.2959
GOOFS_p_TCGA_b117_118_SNP_N_GenomeWideSNP_6_B01_778072	3	195473796	195650825	71	0.2434
GOOFS_p_TCGA_b117_118_SNP_N_GenomeWideSNP_6_B01_778072	3	195651349	197896118	1105	0.0327
GOOFS_p_TCGA_b117_118_SNP_N_GenomeWideSNP_6_B01_778072	4	12281	4014601	1668	0.017
GOOFS_p_TCGA_b117_118_SNP_N_GenomeWideSNP_6_B01_778072	4	4015443	4076305	26	-0.3515
GOOFS_p_TCGA_b117_118_SNP_N_GenomeWideSNP_6_B01_778072	4	4082342	9456977	3547	0.0164
GOOFS_p_TCGA_b117_118_SNP_N_GenomeWideSNP_6_B01_778072	4	9461230	9464972	3	-1.4493
GOOFS_p_TCGA_b117_118_SNP_N_GenomeWideSNP_6_B01_778072	4	9470734	10187922	502	-0.0056
GOOFS_p_TCGA_b117_118_SNP_N_GenomeWideSNP_6_B01_778072	4	10188381	10200718	28	-0.2547
GOOFS_p_TCGA_b117_118_SNP_N_GenomeWideSNP_6_B01_778072	4	10203462	10210390	22	0.0288
GOOFS_p_TCGA_b117_118_SNP_N_GenomeWideSNP_6_B01_778072	4	10214160	10231498	29	-1.5014
GOOFS_p_TCGA_b117_118_SNP_N_GenomeWideSNP_6_B01_778072	4	10234214	34779054	16998	0.0101
GOOFS_p_TCGA_b117_118_SNP_N_GenomeWideSNP_6_B01_778072	4	34786500	34824725	38	-1.8592
GOOFS_p_TCGA_b117_118_SNP_N_GenomeWideSNP_6_B01_778072	4	34829872	36009934	769	0.0078
GOOFS_p_TCGA_b117_118_SNP_N_GenomeWideSNP_6_B01_778072	4	36011393	36012853	3	-1.5045
GOOFS_p_TCGA_b117_118_SNP_N_GenomeWideSNP_6_B01_778072	4	36013141	64697530	15817	0.0145
GOOFS_p_TCGA_b117_118_SNP_N_GenomeWideSNP_6_B01_778072	4	64697609	64708258	26	-0.5733
GOOFS_p_TCGA_b117_118_SNP_N_GenomeWideSNP_6_B01_778072	4	64716431	69255070	2855	0.0106
GOOFS_p_TCGA_b117_118_SNP_N_GenomeWideSNP_6_B01_778072	4	69255070	69256759	2	2.0553
GOOFS_p_TCGA_b117_118_SNP_N_GenomeWideSNP_6_B01_778072	4	69256760	115173700	27828	0.0127
GOOFS_p_TCGA_b117_118_SNP_N_GenomeWideSNP_6_B01_778072	4	115175323	115181910	22	-0.9652
GOOFS_p_TCGA_b117_118_SNP_N_GenomeWideSNP_6_B01_778072	4	115182175	138092103	13259	0.0117
GOOFS_p_TCGA_b117_118_SNP_N_GenomeWideSNP_6_B01_778072	4	138092195	138093064	14	-0.703
GOOFS_p_TCGA_b117_118_SNP_N_GenomeWideSNP_6_B01_778072	4	138093401	144972203	4551	0.0138
GOOFS_p_TCGA_b117_118_SNP_N_GenomeWideSNP_6_B01_778072	4	144972254	145021312	27	-0.4076
GOOFS_p_TCGA_b117_118_SNP_N_GenomeWideSNP_6_B01_778072	4	145025868	156885188	7051	0.018
GOOFS_p_TCGA_b117_118_SNP_N_GenomeWideSNP_6_B01_778072	4	156888072	156890261	7	-0.8617
GOOFS_p_TCGA_b117_118_SNP_N_GenomeWideSNP_6_B01_778072	4	156893005	156968683	58	-0.0277
GOOFS_p_TCGA_b117_118_SNP_N_GenomeWideSNP_6_B01_778072	4	156968761	156973205	9	-0.634
GOOFS_p_TCGA_b117_118_SNP_N_GenomeWideSNP_6_B01_778072	4	156974697	161880812	3074	0.0202
GOOFS_p_TCGA_b117_118_SNP_N_GenomeWideSNP_6_B01_778072	4	161880906	161884600	10	0.5832
GOOFS_p_TCGA_b117_118_SNP_N_GenomeWideSNP_6_B01_778072	4	161884908	161952437	61	0.0139
GOOFS_p_TCGA_b117_118_SNP_N_GenomeWideSNP_6_B01_778072	4	161952583	162003266	40	0.5167
GOOFS_p_TCGA_b117_118_SNP_N_GenomeWideSNP_6_B01_778072	4	162006824	172987928	6981	0.0139
GOOFS_p_TCGA_b117_118_SNP_N_GenomeWideSNP_6_B01_778072	4	172989148	172995979	13	0.5754
GOOFS_p_TCGA_b117_118_SNP_N_GenomeWideSNP_6_B01_778072	4	172996893	190958143	12114	0.0158
GOOFS_p_TCGA_b117_118_SNP_N_GenomeWideSNP_6_B01_778072	4	190967249	191027923	6	-0.8708
GOOFS_p_TCGA_b117_118_SNP_N_GenomeWideSNP_6_B01_778072	5	15532	698371	308	0.0577
GOOFS_p_TCGA_b117_118_SNP_N_GenomeWideSNP_6_B01_778072	5	698472	833628	57	-0.2962
GOOFS_p_TCGA_b117_118_SNP_N_GenomeWideSNP_6_B01_778072	5	852566	17608239	13067	0.0147
GOOFS_p_TCGA_b117_118_SNP_N_GenomeWideSNP_6_B01_778072	5	17608256	17642551	11	-0.8459
GOOFS_p_TCGA_b117_118_SNP_N_GenomeWideSNP_6_B01_778072	5	17655138	46271108	17363	0.0108
GOOFS_p_TCGA_b117_118_SNP_N_GenomeWideSNP_6_B01_778072	5	46271930	46273502	6	-2.005
GOOFS_p_TCGA_b117_118_SNP_N_GenomeWideSNP_6_B01_778072	5	46278212	52695117	1952	0.0015
GOOFS_p_TCGA_b117_118_SNP_N_GenomeWideSNP_6_B01_778072	5	52695357	52695970	2	-1.5399
GOOFS_p_TCGA_b117_118_SNP_N_GenomeWideSNP_6_B01_778072	5	52697127	57321646	3126	0.0209
GOOFS_p_TCGA_b117_118_SNP_N_GenomeWideSNP_6_B01_778072	5	57326027	57333533	32	1.4486
GOOFS_p_TCGA_b117_118_SNP_N_GenomeWideSNP_6_B01_778072	5	57338357	180374523	77007	0.0156
GOOFS_p_TCGA_b117_118_SNP_N_GenomeWideSNP_6_B01_778072	5	180378710	180433264	21	0.5679
GOOFS_p_TCGA_b117_118_SNP_N_GenomeWideSNP_6_B01_778072	5	180442400	180790320	169	0.0561
GOOFS_p_TCGA_b117_118_SNP_N_GenomeWideSNP_6_B01_778072	6	149661	254283	100	0.0238
GOOFS_p_TCGA_b117_118_SNP_N_GenomeWideSNP_6_B01_778072	6	257353	294474	21	-0.5834
GOOFS_p_TCGA_b117_118_SNP_N_GenomeWideSNP_6_B01_778072	6	294725	355191	49	-0.1742
GOOFS_p_TCGA_b117_118_SNP_N_GenomeWideSNP_6_B01_778072	6	355198	355386	3	-0.7912
GOOFS_p_TCGA_b117_118_SNP_N_GenomeWideSNP_6_B01_778072	6	355536	29837187	21562	0.0153
GOOFS_p_TCGA_b117_118_SNP_N_GenomeWideSNP_6_B01_778072	6	29837188	29850196	16	-0.905
GOOFS_p_TCGA_b117_118_SNP_N_GenomeWideSNP_6_B01_778072	6	29850274	31277686	670	0.0096
GOOFS_p_TCGA_b117_118_SNP_N_GenomeWideSNP_6_B01_778072	6	31280823	31309924	13	-1.1068
GOOFS_p_TCGA_b117_118_SNP_N_GenomeWideSNP_6_B01_778072	6	31317347	32501299	524	0.0034
GOOFS_p_TCGA_b117_118_SNP_N_GenomeWideSNP_6_B01_778072	6	32508476	32573771	17	0.5819
GOOFS_p_TCGA_b117_118_SNP_N_GenomeWideSNP_6_B01_778072	6	32574014	65336942	18135	0.0087
GOOFS_p_TCGA_b117_118_SNP_N_GenomeWideSNP_6_B01_778072	6	65347544	65348992	2	1.2849
GOOFS_p_TCGA_b117_118_SNP_N_GenomeWideSNP_6_B01_778072	6	65350776	65710729	239	-0.0034
GOOFS_p_TCGA_b117_118_SNP_N_GenomeWideSNP_6_B01_778072	6	65711399	65717384	4	-1.134
GOOFS_p_TCGA_b117_118_SNP_N_GenomeWideSNP_6_B01_778072	6	65731566	69686629	2772	-0.0086
GOOFS_p_TCGA_b117_118_SNP_N_GenomeWideSNP_6_B01_778072	6	69687698	69691368	4	-1.1224
GOOFS_p_TCGA_b117_118_SNP_N_GenomeWideSNP_6_B01_778072	6	69697406	71694742	1235	0.0114
GOOFS_p_TCGA_b117_118_SNP_N_GenomeWideSNP_6_B01_778072	6	71698630	71704432	4	-0.8114
GOOFS_p_TCGA_b117_118_SNP_N_GenomeWideSNP_6_B01_778072	6	71704908	74592225	1909	0.0067
GOOFS_p_TCGA_b117_118_SNP_N_GenomeWideSNP_6_B01_778072	6	74592457	74601410	9	-1.865
GOOFS_p_TCGA_b117_118_SNP_N_GenomeWideSNP_6_B01_778072	6	74603555	77436532	1770	0.0114
GOOFS_p_TCGA_b117_118_SNP_N_GenomeWideSNP_6_B01_778072	6	77439868	77468623	26	-0.4604
GOOFS_p_TCGA_b117_118_SNP_N_GenomeWideSNP_6_B01_778072	6	77468638	103737976	16577	0.0138
GOOFS_p_TCGA_b117_118_SNP_N_GenomeWideSNP_6_B01_778072	6	103738039	103762061	45	-1.1196
GOOFS_p_TCGA_b117_118_SNP_N_GenomeWideSNP_6_B01_778072	6	103765470	161032519	36978	0.0178
GOOFS_p_TCGA_b117_118_SNP_N_GenomeWideSNP_6_B01_778072	6	161032565	161033283	6	-0.9856
GOOFS_p_TCGA_b117_118_SNP_N_GenomeWideSNP_6_B01_778072	6	161068042	171051005	7261	0.0156
GOOFS_p_TCGA_b117_118_SNP_N_GenomeWideSNP_6_B01_778072	7	43355	12309783	7941	0.0084
GOOFS_p_TCGA_b117_118_SNP_N_GenomeWideSNP_6_B01_778072	7	12310218	12326930	17	-0.9194
GOOFS_p_TCGA_b117_118_SNP_N_GenomeWideSNP_6_B01_778072	7	12328765	54380373	30617	0.0143
GOOFS_p_TCGA_b117_118_SNP_N_GenomeWideSNP_6_B01_778072	7	54386505	54386517	6	-1.463
GOOFS_p_TCGA_b117_118_SNP_N_GenomeWideSNP_6_B01_778072	7	54393488	126045556	38887	0.0112
GOOFS_p_TCGA_b117_118_SNP_N_GenomeWideSNP_6_B01_778072	7	126045651	126046615	10	-0.9146
GOOFS_p_TCGA_b117_118_SNP_N_GenomeWideSNP_6_B01_778072	7	126046876	133785177	4703	0.0191
GOOFS_p_TCGA_b117_118_SNP_N_GenomeWideSNP_6_B01_778072	7	133785195	133795634	25	-1.6979
GOOFS_p_TCGA_b117_118_SNP_N_GenomeWideSNP_6_B01_778072	7	133795665	133798543	7	-0.6702
GOOFS_p_TCGA_b117_118_SNP_N_GenomeWideSNP_6_B01_778072	7	133798558	142474939	5693	0.0164
GOOFS_p_TCGA_b117_118_SNP_N_GenomeWideSNP_6_B01_778072	7	142476719	142486045	27	-1.7339
GOOFS_p_TCGA_b117_118_SNP_N_GenomeWideSNP_6_B01_778072	7	142486115	143909445	843	0.0382
GOOFS_p_TCGA_b117_118_SNP_N_GenomeWideSNP_6_B01_778072	7	143911624	144066947	39	-0.5866
GOOFS_p_TCGA_b117_118_SNP_N_GenomeWideSNP_6_B01_778072	7	144074929	155882317	7663	0.0127
GOOFS_p_TCGA_b117_118_SNP_N_GenomeWideSNP_6_B01_778072	7	155882479	155886212	6	-0.9652
GOOFS_p_TCGA_b117_118_SNP_N_GenomeWideSNP_6_B01_778072	7	155887046	159127004	2019	0.013
GOOFS_p_TCGA_b117_118_SNP_N_GenomeWideSNP_6_B01_778072	8	31254	4002192	3791	0.0114
GOOFS_p_TCGA_b117_118_SNP_N_GenomeWideSNP_6_B01_778072	8	4002207	4002316	3	-1.9761
GOOFS_p_TCGA_b117_118_SNP_N_GenomeWideSNP_6_B01_778072	8	4002653	5598796	2307	-0.0077
GOOFS_p_TCGA_b117_118_SNP_N_GenomeWideSNP_6_B01_778072	8	5599155	5604495	21	-0.731
GOOFS_p_TCGA_b117_118_SNP_N_GenomeWideSNP_6_B01_778072	8	5607088	6826762	1601	0.0232
GOOFS_p_TCGA_b117_118_SNP_N_GenomeWideSNP_6_B01_778072	8	6827001	6827186	5	-1.1011
GOOFS_p_TCGA_b117_118_SNP_N_GenomeWideSNP_6_B01_778072	8	6827199	12198254	3579	0.0214
GOOFS_p_TCGA_b117_118_SNP_N_GenomeWideSNP_6_B01_778072	8	12216009	12240162	12	-0.6237
GOOFS_p_TCGA_b117_118_SNP_N_GenomeWideSNP_6_B01_778072	8	12240182	12473543	93	-0.1373
GOOFS_p_TCGA_b117_118_SNP_N_GenomeWideSNP_6_B01_778072	8	12473558	12507071	11	-0.7918
GOOFS_p_TCGA_b117_118_SNP_N_GenomeWideSNP_6_B01_778072	8	12528428	18265154	5318	0.012
GOOFS_p_TCGA_b117_118_SNP_N_GenomeWideSNP_6_B01_778072	8	18266157	18271185	4	-1.7673
GOOFS_p_TCGA_b117_118_SNP_N_GenomeWideSNP_6_B01_778072	8	18271387	24974443	5085	0.0187
GOOFS_p_TCGA_b117_118_SNP_N_GenomeWideSNP_6_B01_778072	8	24974476	24984333	26	-0.493
GOOFS_p_TCGA_b117_118_SNP_N_GenomeWideSNP_6_B01_778072	8	24991104	39230659	9038	0.0133
GOOFS_p_TCGA_b117_118_SNP_N_GenomeWideSNP_6_B01_778072	8	39235603	39386965	59	0.8255
GOOFS_p_TCGA_b117_118_SNP_N_GenomeWideSNP_6_B01_778072	8	39388299	40771996	1073	0.0232
GOOFS_p_TCGA_b117_118_SNP_N_GenomeWideSNP_6_B01_778072	8	40777852	40778471	2	-1.7058
GOOFS_p_TCGA_b117_118_SNP_N_GenomeWideSNP_6_B01_778072	8	40783680	112294646	40981	0.0164
GOOFS_p_TCGA_b117_118_SNP_N_GenomeWideSNP_6_B01_778072	8	112294670	112295245	5	-1.7784
GOOFS_p_TCGA_b117_118_SNP_N_GenomeWideSNP_6_B01_778072	8	112295260	115634554	1828	0.0138
GOOFS_p_TCGA_b117_118_SNP_N_GenomeWideSNP_6_B01_778072	8	115634653	115641731	33	-0.4848
GOOFS_p_TCGA_b117_118_SNP_N_GenomeWideSNP_6_B01_778072	8	115650697	146298155	21067	0.0204
GOOFS_p_TCGA_b117_118_SNP_N_GenomeWideSNP_6_B01_778072	9	46587	11975464	11254	0.0073
GOOFS_p_TCGA_b117_118_SNP_N_GenomeWideSNP_6_B01_778072	9	11975492	12379463	345	-0.9358
GOOFS_p_TCGA_b117_118_SNP_N_GenomeWideSNP_6_B01_778072	9	12383703	41952516	19757	0.0115
GOOFS_p_TCGA_b117_118_SNP_N_GenomeWideSNP_6_B01_778072	9	41972506	41985187	3	-1.4607
GOOFS_p_TCGA_b117_118_SNP_N_GenomeWideSNP_6_B01_778072	9	42023107	85376276	10915	0.0091
GOOFS_p_TCGA_b117_118_SNP_N_GenomeWideSNP_6_B01_778072	9	85376571	85384244	9	-0.8417
GOOFS_p_TCGA_b117_118_SNP_N_GenomeWideSNP_6_B01_778072	9	85391686	135949590	35204	0.0152
GOOFS_p_TCGA_b117_118_SNP_N_GenomeWideSNP_6_B01_778072	9	135950895	135957440	7	-0.7841
GOOFS_p_TCGA_b117_118_SNP_N_GenomeWideSNP_6_B01_778072	9	135965662	141091394	2413	0.0175
GOOFS_p_TCGA_b117_118_SNP_N_GenomeWideSNP_6_B01_778072	10	72759	24375263	19243	0.0195
GOOFS_p_TCGA_b117_118_SNP_N_GenomeWideSNP_6_B01_778072	10	24377674	24377682	7	-1.3423
GOOFS_p_TCGA_b117_118_SNP_N_GenomeWideSNP_6_B01_778072	10	24377918	42523441	9943	0.0229
GOOFS_p_TCGA_b117_118_SNP_N_GenomeWideSNP_6_B01_778072	10	42523461	42763230	28	-0.3229
GOOFS_p_TCGA_b117_118_SNP_N_GenomeWideSNP_6_B01_778072	10	42767643	67306276	15509	0.0132
GOOFS_p_TCGA_b117_118_SNP_N_GenomeWideSNP_6_B01_778072	10	67307923	67314446	28	-1.7839
GOOFS_p_TCGA_b117_118_SNP_N_GenomeWideSNP_6_B01_778072	10	67322795	71275493	2550	0.0231
GOOFS_p_TCGA_b117_118_SNP_N_GenomeWideSNP_6_B01_778072	10	71282472	71292932	11	-0.5091
GOOFS_p_TCGA_b117_118_SNP_N_GenomeWideSNP_6_B01_778072	10	71293189	82878159	7574	0.0141
GOOFS_p_TCGA_b117_118_SNP_N_GenomeWideSNP_6_B01_778072	10	82881330	82889783	10	-1.204
GOOFS_p_TCGA_b117_118_SNP_N_GenomeWideSNP_6_B01_778072	10	82894469	88976597	4323	0.0087
GOOFS_p_TCGA_b117_118_SNP_N_GenomeWideSNP_6_B01_778072	10	89018962	89112893	20	0.5329
GOOFS_p_TCGA_b117_118_SNP_N_GenomeWideSNP_6_B01_778072	10	89117300	92459927	2478	0.0145
GOOFS_p_TCGA_b117_118_SNP_N_GenomeWideSNP_6_B01_778072	10	92462715	92463291	3	-2.1453
GOOFS_p_TCGA_b117_118_SNP_N_GenomeWideSNP_6_B01_778072	10	92471580	135506704	29331	0.0136
GOOFS_p_TCGA_b117_118_SNP_N_GenomeWideSNP_6_B01_778072	11	198510	4970243	2480	0.0147
GOOFS_p_TCGA_b117_118_SNP_N_GenomeWideSNP_6_B01_778072	11	4970277	4976814	36	0.4317
GOOFS_p_TCGA_b117_118_SNP_N_GenomeWideSNP_6_B01_778072	11	4976865	5782959	781	0.0053
GOOFS_p_TCGA_b117_118_SNP_N_GenomeWideSNP_6_B01_778072	11	5782976	5809338	40	0.3372
GOOFS_p_TCGA_b117_118_SNP_N_GenomeWideSNP_6_B01_778072	11	5809461	6104242	234	-0.0201
GOOFS_p_TCGA_b117_118_SNP_N_GenomeWideSNP_6_B01_778072	11	6104567	6122094	12	-0.4834
GOOFS_p_TCGA_b117_118_SNP_N_GenomeWideSNP_6_B01_778072	11	6122503	18949072	9175	0.0125
GOOFS_p_TCGA_b117_118_SNP_N_GenomeWideSNP_6_B01_778072	11	18949109	18961314	42	-0.2689
GOOFS_p_TCGA_b117_118_SNP_N_GenomeWideSNP_6_B01_778072	11	18961329	18990960	58	-0.0101
GOOFS_p_TCGA_b117_118_SNP_N_GenomeWideSNP_6_B01_778072	11	18992253	18995372	7	-1.1394
GOOFS_p_TCGA_b117_118_SNP_N_GenomeWideSNP_6_B01_778072	11	18995664	24442174	4321	0.0058
GOOFS_p_TCGA_b117_118_SNP_N_GenomeWideSNP_6_B01_778072	11	24444249	24450257	6	-0.9622
GOOFS_p_TCGA_b117_118_SNP_N_GenomeWideSNP_6_B01_778072	11	24455176	134944770	69923	0.0117
GOOFS_p_TCGA_b117_118_SNP_N_GenomeWideSNP_6_B01_778072	12	150442	7994787	5375	0.0206
GOOFS_p_TCGA_b117_118_SNP_N_GenomeWideSNP_6_B01_778072	12	8004425	8123900	60	0.5993
GOOFS_p_TCGA_b117_118_SNP_N_GenomeWideSNP_6_B01_778072	12	8130958	28095493	13588	0.0178
GOOFS_p_TCGA_b117_118_SNP_N_GenomeWideSNP_6_B01_778072	12	28095558	28097644	10	-0.7505
GOOFS_p_TCGA_b117_118_SNP_N_GenomeWideSNP_6_B01_778072	12	28103460	30235421	1544	0.0053
GOOFS_p_TCGA_b117_118_SNP_N_GenomeWideSNP_6_B01_778072	12	30235581	30243561	19	-0.3938
GOOFS_p_TCGA_b117_118_SNP_N_GenomeWideSNP_6_B01_778072	12	30243575	31402690	969	0.0242
GOOFS_p_TCGA_b117_118_SNP_N_GenomeWideSNP_6_B01_778072	12	31406809	31406907	3	-1.0044
GOOFS_p_TCGA_b117_118_SNP_N_GenomeWideSNP_6_B01_778072	12	31407123	34230940	1911	0.0177
GOOFS_p_TCGA_b117_118_SNP_N_GenomeWideSNP_6_B01_778072	12	34231115	34275406	23	-0.5389
GOOFS_p_TCGA_b117_118_SNP_N_GenomeWideSNP_6_B01_778072	12	34275794	45905840	5021	0.0038
GOOFS_p_TCGA_b117_118_SNP_N_GenomeWideSNP_6_B01_778072	12	45908740	45909537	2	-1.9355
GOOFS_p_TCGA_b117_118_SNP_N_GenomeWideSNP_6_B01_778072	12	45913292	133778189	56524	0.0206
GOOFS_p_TCGA_b117_118_SNP_N_GenomeWideSNP_6_B01_778072	13	19026949	20409931	697	-0.007
GOOFS_p_TCGA_b117_118_SNP_N_GenomeWideSNP_6_B01_778072	13	20410556	20441761	10	0.5975
GOOFS_p_TCGA_b117_118_SNP_N_GenomeWideSNP_6_B01_778072	13	20444249	58584790	25868	0.0153
GOOFS_p_TCGA_b117_118_SNP_N_GenomeWideSNP_6_B01_778072	13	58590281	58597030	6	-0.8844
GOOFS_p_TCGA_b117_118_SNP_N_GenomeWideSNP_6_B01_778072	13	58602052	115108397	37726	0.0096
GOOFS_p_TCGA_b117_118_SNP_N_GenomeWideSNP_6_B01_778072	14	19002124	20037146	74	-0.0286
GOOFS_p_TCGA_b117_118_SNP_N_GenomeWideSNP_6_B01_778072	14	20100326	20425860	119	-0.4103
GOOFS_p_TCGA_b117_118_SNP_N_GenomeWideSNP_6_B01_778072	14	20425911	106783044	55066	0.015
GOOFS_p_TCGA_b117_118_SNP_N_GenomeWideSNP_6_B01_778072	14	106796025	106802053	7	-0.9196
GOOFS_p_TCGA_b117_118_SNP_N_GenomeWideSNP_6_B01_778072	14	106815943	106874361	33	0.1398
GOOFS_p_TCGA_b117_118_SNP_N_GenomeWideSNP_6_B01_778072	14	106879831	106918108	51	-0.5545
GOOFS_p_TCGA_b117_118_SNP_N_GenomeWideSNP_6_B01_778072	14	106918649	107285437	224	-0.0387
GOOFS_p_TCGA_b117_118_SNP_N_GenomeWideSNP_6_B01_778072	15	20016328	20262236	53	-0.0964
GOOFS_p_TCGA_b117_118_SNP_N_GenomeWideSNP_6_B01_778072	15	20264286	22587474	369	0.511
GOOFS_p_TCGA_b117_118_SNP_N_GenomeWideSNP_6_B01_778072	15	22673399	23266351	305	0.0775
GOOFS_p_TCGA_b117_118_SNP_N_GenomeWideSNP_6_B01_778072	15	23277448	23478049	10	0.3766
GOOFS_p_TCGA_b117_118_SNP_N_GenomeWideSNP_6_B01_778072	15	23482361	23641514	4	1.0546
GOOFS_p_TCGA_b117_118_SNP_N_GenomeWideSNP_6_B01_778072	15	23644045	30546013	4400	0.0127
GOOFS_p_TCGA_b117_118_SNP_N_GenomeWideSNP_6_B01_778072	15	30552145	30561567	2	-1.87
GOOFS_p_TCGA_b117_118_SNP_N_GenomeWideSNP_6_B01_778072	15	30562770	34727189	2680	0.0124
GOOFS_p_TCGA_b117_118_SNP_N_GenomeWideSNP_6_B01_778072	15	34727622	34855818	65	-0.7175
GOOFS_p_TCGA_b117_118_SNP_N_GenomeWideSNP_6_B01_778072	15	34858010	56789529	13682	0.0104
GOOFS_p_TCGA_b117_118_SNP_N_GenomeWideSNP_6_B01_778072	15	56789647	56801701	28	-0.4027
GOOFS_p_TCGA_b117_118_SNP_N_GenomeWideSNP_6_B01_778072	15	56810762	61684205	3624	0.0162
GOOFS_p_TCGA_b117_118_SNP_N_GenomeWideSNP_6_B01_778072	15	61688169	61697981	17	-0.7868
GOOFS_p_TCGA_b117_118_SNP_N_GenomeWideSNP_6_B01_778072	15	61700384	83068590	12799	0.0202
GOOFS_p_TCGA_b117_118_SNP_N_GenomeWideSNP_6_B01_778072	15	83083151	83169549	5	-0.8595
GOOFS_p_TCGA_b117_118_SNP_N_GenomeWideSNP_6_B01_778072	15	83169571	102469040	14007	0.0179
GOOFS_p_TCGA_b117_118_SNP_N_GenomeWideSNP_6_B01_778072	16	60777	18198717	12792	0.0343
GOOFS_p_TCGA_b117_118_SNP_N_GenomeWideSNP_6_B01_778072	16	18228118	18238289	2	-1.9582
GOOFS_p_TCGA_b117_118_SNP_N_GenomeWideSNP_6_B01_778072	16	18242726	32253248	7304	0.0276
GOOFS_p_TCGA_b117_118_SNP_N_GenomeWideSNP_6_B01_778072	16	32280234	32588622	53	-0.39
GOOFS_p_TCGA_b117_118_SNP_N_GenomeWideSNP_6_B01_778072	16	32588901	32588909	5	-4.0837
GOOFS_p_TCGA_b117_118_SNP_N_GenomeWideSNP_6_B01_778072	16	32609274	33241953	77	-0.1867
GOOFS_p_TCGA_b117_118_SNP_N_GenomeWideSNP_6_B01_778072	16	33300894	33609783	79	-0.4975
GOOFS_p_TCGA_b117_118_SNP_N_GenomeWideSNP_6_B01_778072	16	33611917	90287535	32094	0.0178
GOOFS_p_TCGA_b117_118_SNP_N_GenomeWideSNP_6_B01_778072	17	526	604919	298	0.1083
GOOFS_p_TCGA_b117_118_SNP_N_GenomeWideSNP_6_B01_778072	17	604989	611260	4	-0.7123
GOOFS_p_TCGA_b117_118_SNP_N_GenomeWideSNP_6_B01_778072	17	611433	21552172	12489	0.0258
GOOFS_p_TCGA_b117_118_SNP_N_GenomeWideSNP_6_B01_778072	17	21552186	22227075	228	0.5055
GOOFS_p_TCGA_b117_118_SNP_N_GenomeWideSNP_6_B01_778072	17	22227741	34436708	5371	0.0222
GOOFS_p_TCGA_b117_118_SNP_N_GenomeWideSNP_6_B01_778072	17	34437128	34535651	39	0.7855
GOOFS_p_TCGA_b117_118_SNP_N_GenomeWideSNP_6_B01_778072	17	34543343	39380430	2524	0.0304
GOOFS_p_TCGA_b117_118_SNP_N_GenomeWideSNP_6_B01_778072	17	39387560	39393769	5	-0.8186
GOOFS_p_TCGA_b117_118_SNP_N_GenomeWideSNP_6_B01_778072	17	39395856	39421708	12	0.0867
GOOFS_p_TCGA_b117_118_SNP_N_GenomeWideSNP_6_B01_778072	17	39423014	39433159	31	0.4185
GOOFS_p_TCGA_b117_118_SNP_N_GenomeWideSNP_6_B01_778072	17	39433245	41275694	1064	0.01
GOOFS_p_TCGA_b117_118_SNP_N_GenomeWideSNP_6_B01_778072	17	41275725	41307101	14	-0.815
GOOFS_p_TCGA_b117_118_SNP_N_GenomeWideSNP_6_B01_778072	17	41307397	43549526	1068	0.042
GOOFS_p_TCGA_b117_118_SNP_N_GenomeWideSNP_6_B01_778072	17	43551883	43693538	26	-0.318
GOOFS_p_TCGA_b117_118_SNP_N_GenomeWideSNP_6_B01_778072	17	43695377	44163098	332	0.1158
GOOFS_p_TCGA_b117_118_SNP_N_GenomeWideSNP_6_B01_778072	17	44165803	44401067	129	-0.1596
GOOFS_p_TCGA_b117_118_SNP_N_GenomeWideSNP_6_B01_778072	17	44408662	44752033	42	0.433
GOOFS_p_TCGA_b117_118_SNP_N_GenomeWideSNP_6_B01_778072	17	44752283	81049726	21617	0.0249
GOOFS_p_TCGA_b117_118_SNP_N_GenomeWideSNP_6_B01_778072	18	11543	63908092	40537	0.0147
GOOFS_p_TCGA_b117_118_SNP_N_GenomeWideSNP_6_B01_778072	18	63908561	63911361	6	-1.1137
GOOFS_p_TCGA_b117_118_SNP_N_GenomeWideSNP_6_B01_778072	18	63911589	67207852	2463	0.012
GOOFS_p_TCGA_b117_118_SNP_N_GenomeWideSNP_6_B01_778072	18	67208392	67217542	8	-0.8674
GOOFS_p_TCGA_b117_118_SNP_N_GenomeWideSNP_6_B01_778072	18	67217827	78015057	7804	0.0059
GOOFS_p_TCGA_b117_118_SNP_N_GenomeWideSNP_6_B01_778072	19	90910	14804836	5924	0.0207
GOOFS_p_TCGA_b117_118_SNP_N_GenomeWideSNP_6_B01_778072	19	14806659	14817062	8	-0.7665
GOOFS_p_TCGA_b117_118_SNP_N_GenomeWideSNP_6_B01_778072	19	14817692	14839490	20	0.1571
GOOFS_p_TCGA_b117_118_SNP_N_GenomeWideSNP_6_B01_778072	19	14842242	14855686	15	0.505
GOOFS_p_TCGA_b117_118_SNP_N_GenomeWideSNP_6_B01_778072	19	14856363	19946939	2645	0.022
GOOFS_p_TCGA_b117_118_SNP_N_GenomeWideSNP_6_B01_778072	19	19949209	20589062	362	0.5156
GOOFS_p_TCGA_b117_118_SNP_N_GenomeWideSNP_6_B01_778072	19	20593489	35849493	7840	0.014
GOOFS_p_TCGA_b117_118_SNP_N_GenomeWideSNP_6_B01_778072	19	35855353	35861848	21	-0.4024
GOOFS_p_TCGA_b117_118_SNP_N_GenomeWideSNP_6_B01_778072	19	35866744	45748244	5122	0.02
GOOFS_p_TCGA_b117_118_SNP_N_GenomeWideSNP_6_B01_778072	19	45748354	45749255	2	-1.48
GOOFS_p_TCGA_b117_118_SNP_N_GenomeWideSNP_6_B01_778072	19	45756376	55320779	5066	0.0256
GOOFS_p_TCGA_b117_118_SNP_N_GenomeWideSNP_6_B01_778072	19	55323093	55379590	35	-0.3037
GOOFS_p_TCGA_b117_118_SNP_N_GenomeWideSNP_6_B01_778072	19	55379605	56282070	429	0.0125
GOOFS_p_TCGA_b117_118_SNP_N_GenomeWideSNP_6_B01_778072	19	56282369	56286293	5	0.9596
GOOFS_p_TCGA_b117_118_SNP_N_GenomeWideSNP_6_B01_778072	19	56288941	59097854	1847	0.0196
GOOFS_p_TCGA_b117_118_SNP_N_GenomeWideSNP_6_B01_778072	20	61305	1552503	1185	0.0155
GOOFS_p_TCGA_b117_118_SNP_N_GenomeWideSNP_6_B01_778072	20	1557190	1571325	37	-0.7113
GOOFS_p_TCGA_b117_118_SNP_N_GenomeWideSNP_6_B01_778072	20	1571363	1571903	7	0.192
GOOFS_p_TCGA_b117_118_SNP_N_GenomeWideSNP_6_B01_778072	20	1572135	1582207	13	-0.6857
GOOFS_p_TCGA_b117_118_SNP_N_GenomeWideSNP_6_B01_778072	20	1590257	26305491	18809	0.0163
GOOFS_p_TCGA_b117_118_SNP_N_GenomeWideSNP_6_B01_778072	20	26305579	29492738	20	-0.5497
GOOFS_p_TCGA_b117_118_SNP_N_GenomeWideSNP_6_B01_778072	20	29493853	62956153	22405	0.0156
GOOFS_p_TCGA_b117_118_SNP_N_GenomeWideSNP_6_B01_778072	21	10736871	11039219	79	-0.37
GOOFS_p_TCGA_b117_118_SNP_N_GenomeWideSNP_6_B01_778072	21	11039272	44968053	22565	0.0121
GOOFS_p_TCGA_b117_118_SNP_N_GenomeWideSNP_6_B01_778072	21	44970873	44972812	2	-2.5857
GOOFS_p_TCGA_b117_118_SNP_N_GenomeWideSNP_6_B01_778072	21	44973667	46827872	1038	0.0314
GOOFS_p_TCGA_b117_118_SNP_N_GenomeWideSNP_6_B01_778072	21	46839570	46882077	17	0.4334
GOOFS_p_TCGA_b117_118_SNP_N_GenomeWideSNP_6_B01_778072	21	46882659	48096957	711	0.0464
GOOFS_p_TCGA_b117_118_SNP_N_GenomeWideSNP_6_B01_778072	22	16052528	17493366	373	-0.0317
GOOFS_p_TCGA_b117_118_SNP_N_GenomeWideSNP_6_B01_778072	22	17495551	17500036	5	-0.8536
GOOFS_p_TCGA_b117_118_SNP_N_GenomeWideSNP_6_B01_778072	22	17504945	39351466	15135	0.0288
GOOFS_p_TCGA_b117_118_SNP_N_GenomeWideSNP_6_B01_778072	22	39363619	39375307	24	-0.5497
GOOFS_p_TCGA_b117_118_SNP_N_GenomeWideSNP_6_B01_778072	22	39389628	42897282	1895	0.0156
GOOFS_p_TCGA_b117_118_SNP_N_GenomeWideSNP_6_B01_778072	22	42899440	42955431	25	0.5852
GOOFS_p_TCGA_b117_118_SNP_N_GenomeWideSNP_6_B01_778072	22	42955788	48694866	4355	0.018
GOOFS_p_TCGA_b117_118_SNP_N_GenomeWideSNP_6_B01_778072	22	48696659	48696697	2	-1.8228
GOOFS_p_TCGA_b117_118_SNP_N_GenomeWideSNP_6_B01_778072	22	48697257	51234455	1745	0.0302
GOOFS_p_TCGA_b117_118_SNP_N_GenomeWideSNP_6_B01_778072	X	168477	16345657	10063	0.0213
GOOFS_p_TCGA_b117_118_SNP_N_GenomeWideSNP_6_B01_778072	X	16347897	16354529	12	-0.9469
GOOFS_p_TCGA_b117_118_SNP_N_GenomeWideSNP_6_B01_778072	X	16356421	23782722	4488	0.03
GOOFS_p_TCGA_b117_118_SNP_N_GenomeWideSNP_6_B01_778072	X	23783688	23785896	4	-1.1057
GOOFS_p_TCGA_b117_118_SNP_N_GenomeWideSNP_6_B01_778072	X	23787526	75701319	25199	0.0151
GOOFS_p_TCGA_b117_118_SNP_N_GenomeWideSNP_6_B01_778072	X	75703213	75703476	2	-1.4212
GOOFS_p_TCGA_b117_118_SNP_N_GenomeWideSNP_6_B01_778072	X	75704349	76349873	373	0.0321
GOOFS_p_TCGA_b117_118_SNP_N_GenomeWideSNP_6_B01_778072	X	76353650	76517352	17	-0.6824
GOOFS_p_TCGA_b117_118_SNP_N_GenomeWideSNP_6_B01_778072	X	76523952	134746902	31893	0.0138
GOOFS_p_TCGA_b117_118_SNP_N_GenomeWideSNP_6_B01_778072	X	134748605	134838993	60	0.6745
GOOFS_p_TCGA_b117_118_SNP_N_GenomeWideSNP_6_B01_778072	X	134840290	134848927	7	1.2826
GOOFS_p_TCGA_b117_118_SNP_N_GenomeWideSNP_6_B01_778072	X	134854929	134893608	12	-0.1176
GOOFS_p_TCGA_b117_118_SNP_N_GenomeWideSNP_6_B01_778072	X	134896425	134915412	28	0.5481
GOOFS_p_TCGA_b117_118_SNP_N_GenomeWideSNP_6_B01_778072	X	134929686	155182354	12416	0.0144
GOOFS_p_TCGA_b117_118_SNP_N_GenomeWideSNP_6_B01_778072	Y	2650438	2985595	152	-2.6023
GOOFS_p_TCGA_b117_118_SNP_N_GenomeWideSNP_6_B01_778072	Y	2985939	3404110	97	-2.1049
GOOFS_p_TCGA_b117_118_SNP_N_GenomeWideSNP_6_B01_778072	Y	3406606	3471493	13	-0.8268
GOOFS_p_TCGA_b117_118_SNP_N_GenomeWideSNP_6_B01_778072	Y	3476971	6101425	609	-2.2088
GOOFS_p_TCGA_b117_118_SNP_N_GenomeWideSNP_6_B01_778072	Y	6107901	6296423	85	-3.8385
GOOFS_p_TCGA_b117_118_SNP_N_GenomeWideSNP_6_B01_778072	Y	6299046	9164747	1489	-2.7039
GOOFS_p_TCGA_b117_118_SNP_N_GenomeWideSNP_6_B01_778072	Y	9167305	9391884	27	-4.3031
GOOFS_p_TCGA_b117_118_SNP_N_GenomeWideSNP_6_B01_778072	Y	9392195	9526990	62	-2.4192
GOOFS_p_TCGA_b117_118_SNP_N_GenomeWideSNP_6_B01_778072	Y	9531709	9759564	93	-3.4031
GOOFS_p_TCGA_b117_118_SNP_N_GenomeWideSNP_6_B01_778072	Y	9774614	15024621	696	-2.5453
GOOFS_p_TCGA_b117_118_SNP_N_GenomeWideSNP_6_B01_778072	Y	15026424	15030817	5	-5.8357
GOOFS_p_TCGA_b117_118_SNP_N_GenomeWideSNP_6_B01_778072	Y	15032288	15590276	249	-2.5305
GOOFS_p_TCGA_b117_118_SNP_N_GenomeWideSNP_6_B01_778072	Y	15590342	15594523	3	-7.8202
GOOFS_p_TCGA_b117_118_SNP_N_GenomeWideSNP_6_B01_778072	Y	15594889	19574890	2083	-2.6761
GOOFS_p_TCGA_b117_118_SNP_N_GenomeWideSNP_6_B01_778072	Y	19576544	20970746	648	-3.3549
GOOFS_p_TCGA_b117_118_SNP_N_GenomeWideSNP_6_B01_778072	Y	20971498	20972173	2	-8.1733
GOOFS_p_TCGA_b117_118_SNP_N_GenomeWideSNP_6_B01_778072	Y	20972409	21028957	23	-3.4711
GOOFS_p_TCGA_b117_118_SNP_N_GenomeWideSNP_6_B01_778072	Y	21029230	24528056	1279	-2.756
GOOFS_p_TCGA_b117_118_SNP_N_GenomeWideSNP_6_B01_778072	Y	24529606	26619135	405	-3.2744
GOOFS_p_TCGA_b117_118_SNP_N_GenomeWideSNP_6_B01_778072	Y	26630929	26804846	33	-4.3469
GOOFS_p_TCGA_b117_118_SNP_N_GenomeWideSNP_6_B01_778072	Y	26805564	28423938	396	-3.2904
GOOFS_p_TCGA_b117_118_SNP_N_GenomeWideSNP_6_B01_778072	Y	28438116	59018259	182	-2.5373
