Sample	Chromosome	Start	End	Num_Probes	Segment_Mean
GOOFS_p_TCGA_b117_118_SNP_N_GenomeWideSNP_6_C12_778064	1	61735	98588	16	-0.8348
GOOFS_p_TCGA_b117_118_SNP_N_GenomeWideSNP_6_C12_778064	1	98602	16344827	8484	0.0147
GOOFS_p_TCGA_b117_118_SNP_N_GenomeWideSNP_6_C12_778064	1	16363940	16368977	4	-1.8581
GOOFS_p_TCGA_b117_118_SNP_N_GenomeWideSNP_6_C12_778064	1	16374330	16888067	216	-0.0092
GOOFS_p_TCGA_b117_118_SNP_N_GenomeWideSNP_6_C12_778064	1	16895627	16909609	4	-0.9755
GOOFS_p_TCGA_b117_118_SNP_N_GenomeWideSNP_6_C12_778064	1	16921719	17094066	83	0.1405
GOOFS_p_TCGA_b117_118_SNP_N_GenomeWideSNP_6_C12_778064	1	17100230	17262232	74	-0.4898
GOOFS_p_TCGA_b117_118_SNP_N_GenomeWideSNP_6_C12_778064	1	17262247	25583291	5265	0.0195
GOOFS_p_TCGA_b117_118_SNP_N_GenomeWideSNP_6_C12_778064	1	25583341	25646184	25	-1.4075
GOOFS_p_TCGA_b117_118_SNP_N_GenomeWideSNP_6_C12_778064	1	25646689	89475255	39868	0.0143
GOOFS_p_TCGA_b117_118_SNP_N_GenomeWideSNP_6_C12_778064	1	89477958	89478205	2	-2.7679
GOOFS_p_TCGA_b117_118_SNP_N_GenomeWideSNP_6_C12_778064	1	89481524	106021381	10060	0.0145
GOOFS_p_TCGA_b117_118_SNP_N_GenomeWideSNP_6_C12_778064	1	106021627	106022375	9	0.8649
GOOFS_p_TCGA_b117_118_SNP_N_GenomeWideSNP_6_C12_778064	1	106024055	110207321	2648	0.0122
GOOFS_p_TCGA_b117_118_SNP_N_GenomeWideSNP_6_C12_778064	1	110219008	110250572	47	0.4255
GOOFS_p_TCGA_b117_118_SNP_N_GenomeWideSNP_6_C12_778064	1	110250584	112690326	1948	0.0224
GOOFS_p_TCGA_b117_118_SNP_N_GenomeWideSNP_6_C12_778064	1	112695965	112697241	23	-1.3434
GOOFS_p_TCGA_b117_118_SNP_N_GenomeWideSNP_6_C12_778064	1	112697376	152555706	8040	0.0035
GOOFS_p_TCGA_b117_118_SNP_N_GenomeWideSNP_6_C12_778064	1	152555767	152586594	34	-1.765
GOOFS_p_TCGA_b117_118_SNP_N_GenomeWideSNP_6_C12_778064	1	152590494	152761939	173	0.0194
GOOFS_p_TCGA_b117_118_SNP_N_GenomeWideSNP_6_C12_778064	1	152761955	152778558	40	0.3832
GOOFS_p_TCGA_b117_118_SNP_N_GenomeWideSNP_6_C12_778064	1	152778576	174796266	14866	0.0172
GOOFS_p_TCGA_b117_118_SNP_N_GenomeWideSNP_6_C12_778064	1	174796405	174802451	25	-0.5853
GOOFS_p_TCGA_b117_118_SNP_N_GenomeWideSNP_6_C12_778064	1	174802841	196714873	14656	0.0159
GOOFS_p_TCGA_b117_118_SNP_N_GenomeWideSNP_6_C12_778064	1	196727850	196732086	4	-1.739
GOOFS_p_TCGA_b117_118_SNP_N_GenomeWideSNP_6_C12_778064	1	196738623	212999819	10859	0.0196
GOOFS_p_TCGA_b117_118_SNP_N_GenomeWideSNP_6_C12_778064	1	213004455	213010436	8	-0.8885
GOOFS_p_TCGA_b117_118_SNP_N_GenomeWideSNP_6_C12_778064	1	213014453	223020504	6991	0.0161
GOOFS_p_TCGA_b117_118_SNP_N_GenomeWideSNP_6_C12_778064	1	223022923	223023604	2	-2.2155
GOOFS_p_TCGA_b117_118_SNP_N_GenomeWideSNP_6_C12_778064	1	223023769	227218858	2580	0.0157
GOOFS_p_TCGA_b117_118_SNP_N_GenomeWideSNP_6_C12_778064	1	227219865	227225866	3	-1.2842
GOOFS_p_TCGA_b117_118_SNP_N_GenomeWideSNP_6_C12_778064	1	227228591	248709670	15402	0.0177
GOOFS_p_TCGA_b117_118_SNP_N_GenomeWideSNP_6_C12_778064	1	248713868	248790288	33	-0.5998
GOOFS_p_TCGA_b117_118_SNP_N_GenomeWideSNP_6_C12_778064	1	248794464	249224388	149	0.0563
GOOFS_p_TCGA_b117_118_SNP_N_GenomeWideSNP_6_C12_778064	2	12784	13529853	10185	0.0148
GOOFS_p_TCGA_b117_118_SNP_N_GenomeWideSNP_6_C12_778064	2	13534976	13537390	3	-1.2266
GOOFS_p_TCGA_b117_118_SNP_N_GenomeWideSNP_6_C12_778064	2	13537736	25304561	8129	0.0178
GOOFS_p_TCGA_b117_118_SNP_N_GenomeWideSNP_6_C12_778064	2	25304574	25305136	2	-1.9742
GOOFS_p_TCGA_b117_118_SNP_N_GenomeWideSNP_6_C12_778064	2	25305504	35580585	6359	0.0154
GOOFS_p_TCGA_b117_118_SNP_N_GenomeWideSNP_6_C12_778064	2	35581151	35615675	53	-0.8011
GOOFS_p_TCGA_b117_118_SNP_N_GenomeWideSNP_6_C12_778064	2	35621916	52754728	12445	0.0161
GOOFS_p_TCGA_b117_118_SNP_N_GenomeWideSNP_6_C12_778064	2	52754865	52781542	35	-0.6026
GOOFS_p_TCGA_b117_118_SNP_N_GenomeWideSNP_6_C12_778064	2	52787949	132709194	44668	0.0108
GOOFS_p_TCGA_b117_118_SNP_N_GenomeWideSNP_6_C12_778064	2	132714344	133361070	329	0.4567
GOOFS_p_TCGA_b117_118_SNP_N_GenomeWideSNP_6_C12_778064	2	133362141	146862085	8628	0.0178
GOOFS_p_TCGA_b117_118_SNP_N_GenomeWideSNP_6_C12_778064	2	146864404	146866934	24	0.5027
GOOFS_p_TCGA_b117_118_SNP_N_GenomeWideSNP_6_C12_778064	2	146877806	154889809	4891	0.0161
GOOFS_p_TCGA_b117_118_SNP_N_GenomeWideSNP_6_C12_778064	2	154895975	154896482	2	-1.5304
GOOFS_p_TCGA_b117_118_SNP_N_GenomeWideSNP_6_C12_778064	2	154900223	184085453	17964	0.0145
GOOFS_p_TCGA_b117_118_SNP_N_GenomeWideSNP_6_C12_778064	2	184085788	184089724	9	-1.1564
GOOFS_p_TCGA_b117_118_SNP_N_GenomeWideSNP_6_C12_778064	2	184093998	243089456	36267	0.0135
GOOFS_p_TCGA_b117_118_SNP_N_GenomeWideSNP_6_C12_778064	3	60345	67854335	47280	0.0189
GOOFS_p_TCGA_b117_118_SNP_N_GenomeWideSNP_6_C12_778064	3	67856341	67862432	5	-0.991
GOOFS_p_TCGA_b117_118_SNP_N_GenomeWideSNP_6_C12_778064	3	67863521	68746164	551	0.0038
GOOFS_p_TCGA_b117_118_SNP_N_GenomeWideSNP_6_C12_778064	3	68746259	68748758	15	0.9154
GOOFS_p_TCGA_b117_118_SNP_N_GenomeWideSNP_6_C12_778064	3	68748786	89387046	12646	0.013
GOOFS_p_TCGA_b117_118_SNP_N_GenomeWideSNP_6_C12_778064	3	89387101	89419381	52	-0.6627
GOOFS_p_TCGA_b117_118_SNP_N_GenomeWideSNP_6_C12_778064	3	89419921	102990250	5534	0.0151
GOOFS_p_TCGA_b117_118_SNP_N_GenomeWideSNP_6_C12_778064	3	102991264	102992611	2	-1.5108
GOOFS_p_TCGA_b117_118_SNP_N_GenomeWideSNP_6_C12_778064	3	102992645	114655782	7218	0.0196
GOOFS_p_TCGA_b117_118_SNP_N_GenomeWideSNP_6_C12_778064	3	114660592	114668950	7	-1.1372
GOOFS_p_TCGA_b117_118_SNP_N_GenomeWideSNP_6_C12_778064	3	114669018	195383142	50359	0.0135
GOOFS_p_TCGA_b117_118_SNP_N_GenomeWideSNP_6_C12_778064	3	195390680	195474763	46	-0.4106
GOOFS_p_TCGA_b117_118_SNP_N_GenomeWideSNP_6_C12_778064	3	195478694	197896118	1172	0
GOOFS_p_TCGA_b117_118_SNP_N_GenomeWideSNP_6_C12_778064	4	12281	4119686	1705	-0.0067
GOOFS_p_TCGA_b117_118_SNP_N_GenomeWideSNP_6_C12_778064	4	4122828	4152760	6	-0.9309
GOOFS_p_TCGA_b117_118_SNP_N_GenomeWideSNP_6_C12_778064	4	4160063	9385147	3475	0.002
GOOFS_p_TCGA_b117_118_SNP_N_GenomeWideSNP_6_C12_778064	4	9385208	9385891	5	-0.8533
GOOFS_p_TCGA_b117_118_SNP_N_GenomeWideSNP_6_C12_778064	4	9385985	9456977	48	-0.0429
GOOFS_p_TCGA_b117_118_SNP_N_GenomeWideSNP_6_C12_778064	4	9461230	9479345	9	-1.2261
GOOFS_p_TCGA_b117_118_SNP_N_GenomeWideSNP_6_C12_778064	4	9486087	10210390	546	-0.0094
GOOFS_p_TCGA_b117_118_SNP_N_GenomeWideSNP_6_C12_778064	4	10214160	10234266	31	-1.6054
GOOFS_p_TCGA_b117_118_SNP_N_GenomeWideSNP_6_C12_778064	4	10234608	34786955	16990	0.0122
GOOFS_p_TCGA_b117_118_SNP_N_GenomeWideSNP_6_C12_778064	4	34786990	34824725	36	-0.4096
GOOFS_p_TCGA_b117_118_SNP_N_GenomeWideSNP_6_C12_778064	4	34829872	40700573	3887	0.0135
GOOFS_p_TCGA_b117_118_SNP_N_GenomeWideSNP_6_C12_778064	4	40704011	40704192	3	-1.7181
GOOFS_p_TCGA_b117_118_SNP_N_GenomeWideSNP_6_C12_778064	4	40704687	49267848	5094	0.0139
GOOFS_p_TCGA_b117_118_SNP_N_GenomeWideSNP_6_C12_778064	4	49291192	49291355	2	-1.8009
GOOFS_p_TCGA_b117_118_SNP_N_GenomeWideSNP_6_C12_778064	4	49297220	69261064	10487	0.0127
GOOFS_p_TCGA_b117_118_SNP_N_GenomeWideSNP_6_C12_778064	4	69282205	69288142	5	-1.0001
GOOFS_p_TCGA_b117_118_SNP_N_GenomeWideSNP_6_C12_778064	4	69294799	69327063	7	0.0958
GOOFS_p_TCGA_b117_118_SNP_N_GenomeWideSNP_6_C12_778064	4	69333814	69540025	81	0.4005
GOOFS_p_TCGA_b117_118_SNP_N_GenomeWideSNP_6_C12_778064	4	69551744	155802548	51872	0.0129
GOOFS_p_TCGA_b117_118_SNP_N_GenomeWideSNP_6_C12_778064	4	155803005	155803057	2	-2.8857
GOOFS_p_TCGA_b117_118_SNP_N_GenomeWideSNP_6_C12_778064	4	155803078	191027923	23149	0.0181
GOOFS_p_TCGA_b117_118_SNP_N_GenomeWideSNP_6_C12_778064	5	15532	12800889	10222	0.0168
GOOFS_p_TCGA_b117_118_SNP_N_GenomeWideSNP_6_C12_778064	5	12815780	12838533	14	-1.1413
GOOFS_p_TCGA_b117_118_SNP_N_GenomeWideSNP_6_C12_778064	5	12849201	13802998	562	0.0331
GOOFS_p_TCGA_b117_118_SNP_N_GenomeWideSNP_6_C12_778064	5	13803120	13803552	3	-1.1843
GOOFS_p_TCGA_b117_118_SNP_N_GenomeWideSNP_6_C12_778064	5	13809957	22551192	5556	0.01
GOOFS_p_TCGA_b117_118_SNP_N_GenomeWideSNP_6_C12_778064	5	22554162	22571276	10	0.7027
GOOFS_p_TCGA_b117_118_SNP_N_GenomeWideSNP_6_C12_778064	5	22574111	46383335	14461	0.0144
GOOFS_p_TCGA_b117_118_SNP_N_GenomeWideSNP_6_C12_778064	5	46386392	49464306	9	-0.7335
GOOFS_p_TCGA_b117_118_SNP_N_GenomeWideSNP_6_C12_778064	5	49469994	57955360	5531	0.0127
GOOFS_p_TCGA_b117_118_SNP_N_GenomeWideSNP_6_C12_778064	5	57955464	57959132	25	-0.7802
GOOFS_p_TCGA_b117_118_SNP_N_GenomeWideSNP_6_C12_778064	5	57959692	150202205	56226	0.0174
GOOFS_p_TCGA_b117_118_SNP_N_GenomeWideSNP_6_C12_778064	5	150205500	150218604	8	-0.9346
GOOFS_p_TCGA_b117_118_SNP_N_GenomeWideSNP_6_C12_778064	5	150223387	180790320	20480	0.0149
GOOFS_p_TCGA_b117_118_SNP_N_GenomeWideSNP_6_C12_778064	6	149661	254283	101	-0.0207
GOOFS_p_TCGA_b117_118_SNP_N_GenomeWideSNP_6_C12_778064	6	257353	302306	24	-0.5912
GOOFS_p_TCGA_b117_118_SNP_N_GenomeWideSNP_6_C12_778064	6	303017	19042181	14668	0.0192
GOOFS_p_TCGA_b117_118_SNP_N_GenomeWideSNP_6_C12_778064	6	19042356	19042818	2	-2.9257
GOOFS_p_TCGA_b117_118_SNP_N_GenomeWideSNP_6_C12_778064	6	19044702	171051005	95142	0.0139
GOOFS_p_TCGA_b117_118_SNP_N_GenomeWideSNP_6_C12_778064	7	43355	28890749	20782	0.0152
GOOFS_p_TCGA_b117_118_SNP_N_GenomeWideSNP_6_C12_778064	7	28892968	28893354	2	-1.8564
GOOFS_p_TCGA_b117_118_SNP_N_GenomeWideSNP_6_C12_778064	7	28894421	43242647	10054	0.0162
GOOFS_p_TCGA_b117_118_SNP_N_GenomeWideSNP_6_C12_778064	7	43248626	43251767	2	-1.634
GOOFS_p_TCGA_b117_118_SNP_N_GenomeWideSNP_6_C12_778064	7	43252996	64568852	10861	0.0158
GOOFS_p_TCGA_b117_118_SNP_N_GenomeWideSNP_6_C12_778064	7	64594065	64595698	6	-1.4075
GOOFS_p_TCGA_b117_118_SNP_N_GenomeWideSNP_6_C12_778064	7	64637128	70420438	3152	0.0069
GOOFS_p_TCGA_b117_118_SNP_N_GenomeWideSNP_6_C12_778064	7	70423250	70426141	2	-2.2272
GOOFS_p_TCGA_b117_118_SNP_N_GenomeWideSNP_6_C12_778064	7	70428243	126044974	32582	0.0135
GOOFS_p_TCGA_b117_118_SNP_N_GenomeWideSNP_6_C12_778064	7	126045482	126046615	12	-0.8989
GOOFS_p_TCGA_b117_118_SNP_N_GenomeWideSNP_6_C12_778064	7	126046876	133785177	4704	0.0106
GOOFS_p_TCGA_b117_118_SNP_N_GenomeWideSNP_6_C12_778064	7	133785195	133795634	25	-1.6813
GOOFS_p_TCGA_b117_118_SNP_N_GenomeWideSNP_6_C12_778064	7	133795665	142474939	5696	0.018
GOOFS_p_TCGA_b117_118_SNP_N_GenomeWideSNP_6_C12_778064	7	142476719	142486345	29	-1.4938
GOOFS_p_TCGA_b117_118_SNP_N_GenomeWideSNP_6_C12_778064	7	142486495	149845988	4485	0.0129
GOOFS_p_TCGA_b117_118_SNP_N_GenomeWideSNP_6_C12_778064	7	149847287	149847740	2	-2.397
GOOFS_p_TCGA_b117_118_SNP_N_GenomeWideSNP_6_C12_778064	7	149851568	150299285	245	0.0229
GOOFS_p_TCGA_b117_118_SNP_N_GenomeWideSNP_6_C12_778064	7	150300735	150301569	4	-1.2755
GOOFS_p_TCGA_b117_118_SNP_N_GenomeWideSNP_6_C12_778064	7	150307922	159127004	5831	0.0116
GOOFS_p_TCGA_b117_118_SNP_N_GenomeWideSNP_6_C12_778064	8	31254	4002192	3785	0.0162
GOOFS_p_TCGA_b117_118_SNP_N_GenomeWideSNP_6_C12_778064	8	4002207	4002316	3	-1.7111
GOOFS_p_TCGA_b117_118_SNP_N_GenomeWideSNP_6_C12_778064	8	4002653	4003305	10	0.0691
GOOFS_p_TCGA_b117_118_SNP_N_GenomeWideSNP_6_C12_778064	8	4003463	4003478	2	-2.2383
GOOFS_p_TCGA_b117_118_SNP_N_GenomeWideSNP_6_C12_778064	8	4003561	7221983	4045	0.0227
GOOFS_p_TCGA_b117_118_SNP_N_GenomeWideSNP_6_C12_778064	8	7222181	7799390	155	-0.7136
GOOFS_p_TCGA_b117_118_SNP_N_GenomeWideSNP_6_C12_778064	8	7809891	7978187	47	-0.0632
GOOFS_p_TCGA_b117_118_SNP_N_GenomeWideSNP_6_C12_778064	8	7989963	8009204	11	-0.7659
GOOFS_p_TCGA_b117_118_SNP_N_GenomeWideSNP_6_C12_778064	8	8017930	12198254	3247	0.0112
GOOFS_p_TCGA_b117_118_SNP_N_GenomeWideSNP_6_C12_778064	8	12216009	12281121	54	-1.1931
GOOFS_p_TCGA_b117_118_SNP_N_GenomeWideSNP_6_C12_778064	8	12291824	12473652	53	-0.338
GOOFS_p_TCGA_b117_118_SNP_N_GenomeWideSNP_6_C12_778064	8	12473882	39230659	19475	0.018
GOOFS_p_TCGA_b117_118_SNP_N_GenomeWideSNP_6_C12_778064	8	39235603	39386965	58	-1.6867
GOOFS_p_TCGA_b117_118_SNP_N_GenomeWideSNP_6_C12_778064	8	39388299	40182117	588	0.0169
GOOFS_p_TCGA_b117_118_SNP_N_GenomeWideSNP_6_C12_778064	8	40183797	40192910	35	-0.9575
GOOFS_p_TCGA_b117_118_SNP_N_GenomeWideSNP_6_C12_778064	8	40194429	51032011	3970	0.0182
GOOFS_p_TCGA_b117_118_SNP_N_GenomeWideSNP_6_C12_778064	8	51032024	51032387	7	-1.7197
GOOFS_p_TCGA_b117_118_SNP_N_GenomeWideSNP_6_C12_778064	8	51033423	108134580	35033	0.012
GOOFS_p_TCGA_b117_118_SNP_N_GenomeWideSNP_6_C12_778064	8	108136312	108136733	3	-1.3408
GOOFS_p_TCGA_b117_118_SNP_N_GenomeWideSNP_6_C12_778064	8	108137643	112295038	2417	0.0071
GOOFS_p_TCGA_b117_118_SNP_N_GenomeWideSNP_6_C12_778064	8	112295081	112295245	3	-2.3572
GOOFS_p_TCGA_b117_118_SNP_N_GenomeWideSNP_6_C12_778064	8	112295260	113375693	570	0.006
GOOFS_p_TCGA_b117_118_SNP_N_GenomeWideSNP_6_C12_778064	8	113375824	113375895	2	-1.4499
GOOFS_p_TCGA_b117_118_SNP_N_GenomeWideSNP_6_C12_778064	8	113376378	115631436	1253	0.0203
GOOFS_p_TCGA_b117_118_SNP_N_GenomeWideSNP_6_C12_778064	8	115632043	115641731	36	-0.4893
GOOFS_p_TCGA_b117_118_SNP_N_GenomeWideSNP_6_C12_778064	8	115650697	137893470	16084	0.0164
GOOFS_p_TCGA_b117_118_SNP_N_GenomeWideSNP_6_C12_778064	8	137894500	137894514	2	-2.177
GOOFS_p_TCGA_b117_118_SNP_N_GenomeWideSNP_6_C12_778064	8	137900733	146298155	4974	0.0149
GOOFS_p_TCGA_b117_118_SNP_N_GenomeWideSNP_6_C12_778064	9	46587	5538263	5632	0.0223
GOOFS_p_TCGA_b117_118_SNP_N_GenomeWideSNP_6_C12_778064	9	5541877	5544405	2	-1.565
GOOFS_p_TCGA_b117_118_SNP_N_GenomeWideSNP_6_C12_778064	9	5545198	43612162	25763	0.0188
GOOFS_p_TCGA_b117_118_SNP_N_GenomeWideSNP_6_C12_778064	9	43635113	44155888	30	-0.5412
GOOFS_p_TCGA_b117_118_SNP_N_GenomeWideSNP_6_C12_778064	9	44156374	44629223	45	-0.1348
GOOFS_p_TCGA_b117_118_SNP_N_GenomeWideSNP_6_C12_778064	9	44727859	44820541	29	-0.7145
GOOFS_p_TCGA_b117_118_SNP_N_GenomeWideSNP_6_C12_778064	9	44824263	106566497	25245	0.0134
GOOFS_p_TCGA_b117_118_SNP_N_GenomeWideSNP_6_C12_778064	9	106568696	106569290	2	-3.2823
GOOFS_p_TCGA_b117_118_SNP_N_GenomeWideSNP_6_C12_778064	9	106570702	130417033	17532	0.0175
GOOFS_p_TCGA_b117_118_SNP_N_GenomeWideSNP_6_C12_778064	9	130417321	130420452	2	-1.6779
GOOFS_p_TCGA_b117_118_SNP_N_GenomeWideSNP_6_C12_778064	9	130420481	141091394	5623	0.0201
GOOFS_p_TCGA_b117_118_SNP_N_GenomeWideSNP_6_C12_778064	10	72759	1232009	690	0.0131
GOOFS_p_TCGA_b117_118_SNP_N_GenomeWideSNP_6_C12_778064	10	1235393	1236330	2	-1.6575
GOOFS_p_TCGA_b117_118_SNP_N_GenomeWideSNP_6_C12_778064	10	1236476	51830360	33007	0.0135
GOOFS_p_TCGA_b117_118_SNP_N_GenomeWideSNP_6_C12_778064	10	51840984	51857219	2	-2.1936
GOOFS_p_TCGA_b117_118_SNP_N_GenomeWideSNP_6_C12_778064	10	51867234	122214603	47485	0.0178
GOOFS_p_TCGA_b117_118_SNP_N_GenomeWideSNP_6_C12_778064	10	122215516	122217471	2	-2.0665
GOOFS_p_TCGA_b117_118_SNP_N_GenomeWideSNP_6_C12_778064	10	122218170	135506704	9863	0.0125
GOOFS_p_TCGA_b117_118_SNP_N_GenomeWideSNP_6_C12_778064	11	198510	4238406	1789	0.0133
GOOFS_p_TCGA_b117_118_SNP_N_GenomeWideSNP_6_C12_778064	11	4239054	4336529	29	-0.4921
GOOFS_p_TCGA_b117_118_SNP_N_GenomeWideSNP_6_C12_778064	11	4346809	4970243	661	0.0222
GOOFS_p_TCGA_b117_118_SNP_N_GenomeWideSNP_6_C12_778064	11	4970277	4987007	46	0.3135
GOOFS_p_TCGA_b117_118_SNP_N_GenomeWideSNP_6_C12_778064	11	4991102	5787405	777	0.0267
GOOFS_p_TCGA_b117_118_SNP_N_GenomeWideSNP_6_C12_778064	11	5788080	5809139	32	-0.4704
GOOFS_p_TCGA_b117_118_SNP_N_GenomeWideSNP_6_C12_778064	11	5809338	55376498	31318	0.0172
GOOFS_p_TCGA_b117_118_SNP_N_GenomeWideSNP_6_C12_778064	11	55376511	55431064	34	-0.5169
GOOFS_p_TCGA_b117_118_SNP_N_GenomeWideSNP_6_C12_778064	11	55435127	79195099	12728	0.0148
GOOFS_p_TCGA_b117_118_SNP_N_GenomeWideSNP_6_C12_778064	11	79195257	79200177	2	-1.5721
GOOFS_p_TCGA_b117_118_SNP_N_GenomeWideSNP_6_C12_778064	11	79208899	79967513	574	0.0189
GOOFS_p_TCGA_b117_118_SNP_N_GenomeWideSNP_6_C12_778064	11	79967548	79967564	2	-2.8679
GOOFS_p_TCGA_b117_118_SNP_N_GenomeWideSNP_6_C12_778064	11	79967686	86305813	4507	0.0241
GOOFS_p_TCGA_b117_118_SNP_N_GenomeWideSNP_6_C12_778064	11	86305817	86306054	4	-0.9687
GOOFS_p_TCGA_b117_118_SNP_N_GenomeWideSNP_6_C12_778064	11	86315174	134944770	34588	0.0183
GOOFS_p_TCGA_b117_118_SNP_N_GenomeWideSNP_6_C12_778064	12	150442	8006506	5371	0.0133
GOOFS_p_TCGA_b117_118_SNP_N_GenomeWideSNP_6_C12_778064	12	8007799	8123900	58	0.5157
GOOFS_p_TCGA_b117_118_SNP_N_GenomeWideSNP_6_C12_778064	12	8130958	9630556	767	0.0079
GOOFS_p_TCGA_b117_118_SNP_N_GenomeWideSNP_6_C12_778064	12	9633870	9728292	25	-1.3945
GOOFS_p_TCGA_b117_118_SNP_N_GenomeWideSNP_6_C12_778064	12	9734969	126994913	73740	0.0171
GOOFS_p_TCGA_b117_118_SNP_N_GenomeWideSNP_6_C12_778064	12	126994946	127004590	7	-0.9078
GOOFS_p_TCGA_b117_118_SNP_N_GenomeWideSNP_6_C12_778064	12	127007475	130236950	2921	0.0224
GOOFS_p_TCGA_b117_118_SNP_N_GenomeWideSNP_6_C12_778064	12	130237029	130237339	2	-1.7639
GOOFS_p_TCGA_b117_118_SNP_N_GenomeWideSNP_6_C12_778064	12	130237574	131773966	1227	0.0103
GOOFS_p_TCGA_b117_118_SNP_N_GenomeWideSNP_6_C12_778064	12	131775298	131775631	3	-1.2691
GOOFS_p_TCGA_b117_118_SNP_N_GenomeWideSNP_6_C12_778064	12	131775685	133778189	911	0.0057
GOOFS_p_TCGA_b117_118_SNP_N_GenomeWideSNP_6_C12_778064	13	19026949	23632876	2900	0.019
GOOFS_p_TCGA_b117_118_SNP_N_GenomeWideSNP_6_C12_778064	13	23632906	23633515	9	-2.1038
GOOFS_p_TCGA_b117_118_SNP_N_GenomeWideSNP_6_C12_778064	13	23638195	32532121	6732	0.0168
GOOFS_p_TCGA_b117_118_SNP_N_GenomeWideSNP_6_C12_778064	13	32532622	32538423	18	-0.946
GOOFS_p_TCGA_b117_118_SNP_N_GenomeWideSNP_6_C12_778064	13	32540047	115108397	54637	0.0186
GOOFS_p_TCGA_b117_118_SNP_N_GenomeWideSNP_6_C12_778064	14	19002124	20137346	79	-0.0284
GOOFS_p_TCGA_b117_118_SNP_N_GenomeWideSNP_6_C12_778064	14	20143509	20422583	110	0.7927
GOOFS_p_TCGA_b117_118_SNP_N_GenomeWideSNP_6_C12_778064	14	20423372	25922780	3724	0.0373
GOOFS_p_TCGA_b117_118_SNP_N_GenomeWideSNP_6_C12_778064	14	25922988	25925410	2	-1.6068
GOOFS_p_TCGA_b117_118_SNP_N_GenomeWideSNP_6_C12_778064	14	25925601	26783903	642	0.0121
GOOFS_p_TCGA_b117_118_SNP_N_GenomeWideSNP_6_C12_778064	14	26783911	26783918	7	-1.1413
GOOFS_p_TCGA_b117_118_SNP_N_GenomeWideSNP_6_C12_778064	14	26784913	35017871	5226	0.0287
GOOFS_p_TCGA_b117_118_SNP_N_GenomeWideSNP_6_C12_778064	14	35020274	35020985	3	-1.0807
GOOFS_p_TCGA_b117_118_SNP_N_GenomeWideSNP_6_C12_778064	14	35027042	38134579	1881	0.0248
GOOFS_p_TCGA_b117_118_SNP_N_GenomeWideSNP_6_C12_778064	14	38134804	38138176	3	-1.4278
GOOFS_p_TCGA_b117_118_SNP_N_GenomeWideSNP_6_C12_778064	14	38139170	86460807	30922	0.016
GOOFS_p_TCGA_b117_118_SNP_N_GenomeWideSNP_6_C12_778064	14	86460915	86488441	34	-0.961
GOOFS_p_TCGA_b117_118_SNP_N_GenomeWideSNP_6_C12_778064	14	86490211	107285437	12931	0.0163
GOOFS_p_TCGA_b117_118_SNP_N_GenomeWideSNP_6_C12_778064	15	20016328	20440538	68	-0.1229
GOOFS_p_TCGA_b117_118_SNP_N_GenomeWideSNP_6_C12_778064	15	20446138	20627492	75	-0.7253
GOOFS_p_TCGA_b117_118_SNP_N_GenomeWideSNP_6_C12_778064	15	20646575	20830374	13	0.1359
GOOFS_p_TCGA_b117_118_SNP_N_GenomeWideSNP_6_C12_778064	15	20830582	22587474	265	-0.6287
GOOFS_p_TCGA_b117_118_SNP_N_GenomeWideSNP_6_C12_778064	15	22673399	30545030	4715	0.0126
GOOFS_p_TCGA_b117_118_SNP_N_GenomeWideSNP_6_C12_778064	15	30545493	30561567	6	-1.3087
GOOFS_p_TCGA_b117_118_SNP_N_GenomeWideSNP_6_C12_778064	15	30562770	34745719	2689	0.0036
GOOFS_p_TCGA_b117_118_SNP_N_GenomeWideSNP_6_C12_778064	15	34745778	34748122	4	-1.1527
GOOFS_p_TCGA_b117_118_SNP_N_GenomeWideSNP_6_C12_778064	15	34750725	76891241	26513	0.0184
GOOFS_p_TCGA_b117_118_SNP_N_GenomeWideSNP_6_C12_778064	15	76891511	76895344	14	0.7016
GOOFS_p_TCGA_b117_118_SNP_N_GenomeWideSNP_6_C12_778064	15	76895767	82895028	3663	0.0198
GOOFS_p_TCGA_b117_118_SNP_N_GenomeWideSNP_6_C12_778064	15	82895362	83108839	11	-0.9791
GOOFS_p_TCGA_b117_118_SNP_N_GenomeWideSNP_6_C12_778064	15	83169549	102469040	14003	0.0125
GOOFS_p_TCGA_b117_118_SNP_N_GenomeWideSNP_6_C12_778064	16	60777	32244473	20088	0.0062
GOOFS_p_TCGA_b117_118_SNP_N_GenomeWideSNP_6_C12_778064	16	32244484	32588622	56	-0.4807
GOOFS_p_TCGA_b117_118_SNP_N_GenomeWideSNP_6_C12_778064	16	32588901	32588906	4	-1.5927
GOOFS_p_TCGA_b117_118_SNP_N_GenomeWideSNP_6_C12_778064	16	32588909	33627826	166	-0.3854
GOOFS_p_TCGA_b117_118_SNP_N_GenomeWideSNP_6_C12_778064	16	33631830	78371608	21432	0.0118
GOOFS_p_TCGA_b117_118_SNP_N_GenomeWideSNP_6_C12_778064	16	78372440	78384765	17	0.6245
GOOFS_p_TCGA_b117_118_SNP_N_GenomeWideSNP_6_C12_778064	16	78385001	78875927	662	0.0272
GOOFS_p_TCGA_b117_118_SNP_N_GenomeWideSNP_6_C12_778064	16	78877301	78877418	2	-1.562
GOOFS_p_TCGA_b117_118_SNP_N_GenomeWideSNP_6_C12_778064	16	78877618	90287535	9971	0.0157
GOOFS_p_TCGA_b117_118_SNP_N_GenomeWideSNP_6_C12_778064	17	526	55661	27	0.0121
GOOFS_p_TCGA_b117_118_SNP_N_GenomeWideSNP_6_C12_778064	17	59064	59143	2	-2.9243
GOOFS_p_TCGA_b117_118_SNP_N_GenomeWideSNP_6_C12_778064	17	59164	34437128	18357	0.0114
GOOFS_p_TCGA_b117_118_SNP_N_GenomeWideSNP_6_C12_778064	17	34439978	34477480	34	0.4504
GOOFS_p_TCGA_b117_118_SNP_N_GenomeWideSNP_6_C12_778064	17	34477603	43655090	4734	0.0116
GOOFS_p_TCGA_b117_118_SNP_N_GenomeWideSNP_6_C12_778064	17	43656380	43658471	5	1.0016
GOOFS_p_TCGA_b117_118_SNP_N_GenomeWideSNP_6_C12_778064	17	43659426	44163098	338	-0.0237
GOOFS_p_TCGA_b117_118_SNP_N_GenomeWideSNP_6_C12_778064	17	44165803	44364170	125	1.0611
GOOFS_p_TCGA_b117_118_SNP_N_GenomeWideSNP_6_C12_778064	17	44394412	44429320	8	0.1209
GOOFS_p_TCGA_b117_118_SNP_N_GenomeWideSNP_6_C12_778064	17	44435454	44557907	14	-0.7932
GOOFS_p_TCGA_b117_118_SNP_N_GenomeWideSNP_6_C12_778064	17	44571637	44665671	9	0.303
GOOFS_p_TCGA_b117_118_SNP_N_GenomeWideSNP_6_C12_778064	17	44673675	44752300	17	-0.5602
GOOFS_p_TCGA_b117_118_SNP_N_GenomeWideSNP_6_C12_778064	17	44764994	54158212	5803	0.0189
GOOFS_p_TCGA_b117_118_SNP_N_GenomeWideSNP_6_C12_778064	17	54158336	54172591	30	-0.9561
GOOFS_p_TCGA_b117_118_SNP_N_GenomeWideSNP_6_C12_778064	17	54172823	64864895	6039	0.0067
GOOFS_p_TCGA_b117_118_SNP_N_GenomeWideSNP_6_C12_778064	17	64866456	64873928	7	-0.9945
GOOFS_p_TCGA_b117_118_SNP_N_GenomeWideSNP_6_C12_778064	17	64881793	75397997	6891	0.0116
GOOFS_p_TCGA_b117_118_SNP_N_GenomeWideSNP_6_C12_778064	17	75400100	75400737	2	-1.7439
GOOFS_p_TCGA_b117_118_SNP_N_GenomeWideSNP_6_C12_778064	17	75401563	79113163	2101	0.0179
GOOFS_p_TCGA_b117_118_SNP_N_GenomeWideSNP_6_C12_778064	17	79113441	79135157	8	-0.84
GOOFS_p_TCGA_b117_118_SNP_N_GenomeWideSNP_6_C12_778064	17	79142261	81049726	725	0.0178
GOOFS_p_TCGA_b117_118_SNP_N_GenomeWideSNP_6_C12_778064	18	11543	392189	222	-0.0402
GOOFS_p_TCGA_b117_118_SNP_N_GenomeWideSNP_6_C12_778064	18	392795	393413	2	-2.0549
GOOFS_p_TCGA_b117_118_SNP_N_GenomeWideSNP_6_C12_778064	18	394762	14335072	9882	0.0114
GOOFS_p_TCGA_b117_118_SNP_N_GenomeWideSNP_6_C12_778064	18	14336536	14363580	17	0.5029
GOOFS_p_TCGA_b117_118_SNP_N_GenomeWideSNP_6_C12_778064	18	14366663	35531232	10922	0.0142
GOOFS_p_TCGA_b117_118_SNP_N_GenomeWideSNP_6_C12_778064	18	35533637	35539316	10	-0.9969
GOOFS_p_TCGA_b117_118_SNP_N_GenomeWideSNP_6_C12_778064	18	35541356	42021219	4178	0.0155
GOOFS_p_TCGA_b117_118_SNP_N_GenomeWideSNP_6_C12_778064	18	42024507	42024557	2	-1.7801
GOOFS_p_TCGA_b117_118_SNP_N_GenomeWideSNP_6_C12_778064	18	42028517	78015057	25558	0.0203
GOOFS_p_TCGA_b117_118_SNP_N_GenomeWideSNP_6_C12_778064	19	90910	2591772	628	0.0119
GOOFS_p_TCGA_b117_118_SNP_N_GenomeWideSNP_6_C12_778064	19	2592250	2668611	23	0.4463
GOOFS_p_TCGA_b117_118_SNP_N_GenomeWideSNP_6_C12_778064	19	2676779	24454781	10574	0.0037
GOOFS_p_TCGA_b117_118_SNP_N_GenomeWideSNP_6_C12_778064	19	24455963	24464844	11	-0.7508
GOOFS_p_TCGA_b117_118_SNP_N_GenomeWideSNP_6_C12_778064	19	24464953	35855353	5573	0.0199
GOOFS_p_TCGA_b117_118_SNP_N_GenomeWideSNP_6_C12_778064	19	35855449	35861779	19	-0.5368
GOOFS_p_TCGA_b117_118_SNP_N_GenomeWideSNP_6_C12_778064	19	35861848	43247525	3719	0.0113
GOOFS_p_TCGA_b117_118_SNP_N_GenomeWideSNP_6_C12_778064	19	43255217	43362652	41	0.3873
GOOFS_p_TCGA_b117_118_SNP_N_GenomeWideSNP_6_C12_778064	19	43368935	52131813	4353	0.0082
GOOFS_p_TCGA_b117_118_SNP_N_GenomeWideSNP_6_C12_778064	19	52142352	52155470	13	0.7205
GOOFS_p_TCGA_b117_118_SNP_N_GenomeWideSNP_6_C12_778064	19	52155888	59097854	4382	0.0015
GOOFS_p_TCGA_b117_118_SNP_N_GenomeWideSNP_6_C12_778064	20	61305	1560951	1204	0.0055
GOOFS_p_TCGA_b117_118_SNP_N_GenomeWideSNP_6_C12_778064	20	1560999	1593893	42	-0.4793
GOOFS_p_TCGA_b117_118_SNP_N_GenomeWideSNP_6_C12_778064	20	1597946	19466429	14026	0.0182
GOOFS_p_TCGA_b117_118_SNP_N_GenomeWideSNP_6_C12_778064	20	19468945	19469002	2	-1.7421
GOOFS_p_TCGA_b117_118_SNP_N_GenomeWideSNP_6_C12_778064	20	19469685	26280601	4762	0.015
GOOFS_p_TCGA_b117_118_SNP_N_GenomeWideSNP_6_C12_778064	20	26288307	29493853	27	-0.5247
GOOFS_p_TCGA_b117_118_SNP_N_GenomeWideSNP_6_C12_778064	20	29498271	62956153	22399	0.0182
GOOFS_p_TCGA_b117_118_SNP_N_GenomeWideSNP_6_C12_778064	21	10736871	23655900	6471	0.0146
GOOFS_p_TCGA_b117_118_SNP_N_GenomeWideSNP_6_C12_778064	21	23657558	23664658	8	-1.104
GOOFS_p_TCGA_b117_118_SNP_N_GenomeWideSNP_6_C12_778064	21	23666999	48096957	17925	0.0174
GOOFS_p_TCGA_b117_118_SNP_N_GenomeWideSNP_6_C12_778064	22	16052528	16112016	14	0.4629
GOOFS_p_TCGA_b117_118_SNP_N_GenomeWideSNP_6_C12_778064	22	16145461	24330218	4602	-0.002
GOOFS_p_TCGA_b117_118_SNP_N_GenomeWideSNP_6_C12_778064	22	24330269	24344422	7	0.5588
GOOFS_p_TCGA_b117_118_SNP_N_GenomeWideSNP_6_C12_778064	22	24350529	24396814	19	-1.536
GOOFS_p_TCGA_b117_118_SNP_N_GenomeWideSNP_6_C12_778064	22	24401529	51234455	18909	0.0152
GOOFS_p_TCGA_b117_118_SNP_N_GenomeWideSNP_6_C12_778064	X	168477	115141541	60794	0.0176
GOOFS_p_TCGA_b117_118_SNP_N_GenomeWideSNP_6_C12_778064	X	115142530	115150638	4	-1.9291
GOOFS_p_TCGA_b117_118_SNP_N_GenomeWideSNP_6_C12_778064	X	115156419	155182354	23778	0.0169
GOOFS_p_TCGA_b117_118_SNP_N_GenomeWideSNP_6_C12_778064	Y	2650438	2985595	152	-2.5855
GOOFS_p_TCGA_b117_118_SNP_N_GenomeWideSNP_6_C12_778064	Y	2985939	5944603	653	-2.1398
GOOFS_p_TCGA_b117_118_SNP_N_GenomeWideSNP_6_C12_778064	Y	5948100	6101425	66	-2.6473
GOOFS_p_TCGA_b117_118_SNP_N_GenomeWideSNP_6_C12_778064	Y	6107901	6281935	78	-3.7679
GOOFS_p_TCGA_b117_118_SNP_N_GenomeWideSNP_6_C12_778064	Y	6282097	9164747	1496	-2.733
GOOFS_p_TCGA_b117_118_SNP_N_GenomeWideSNP_6_C12_778064	Y	9167305	9391076	26	-4.4712
GOOFS_p_TCGA_b117_118_SNP_N_GenomeWideSNP_6_C12_778064	Y	9391884	9526990	63	-2.5931
GOOFS_p_TCGA_b117_118_SNP_N_GenomeWideSNP_6_C12_778064	Y	9531709	9759564	93	-3.3682
GOOFS_p_TCGA_b117_118_SNP_N_GenomeWideSNP_6_C12_778064	Y	9774614	15024621	696	-2.5405
GOOFS_p_TCGA_b117_118_SNP_N_GenomeWideSNP_6_C12_778064	Y	15026424	15030817	5	-5.663
GOOFS_p_TCGA_b117_118_SNP_N_GenomeWideSNP_6_C12_778064	Y	15032288	15590276	248	-2.5298
GOOFS_p_TCGA_b117_118_SNP_N_GenomeWideSNP_6_C12_778064	Y	15590342	15594523	3	-7.8202
GOOFS_p_TCGA_b117_118_SNP_N_GenomeWideSNP_6_C12_778064	Y	15594889	19574890	2083	-2.6806
GOOFS_p_TCGA_b117_118_SNP_N_GenomeWideSNP_6_C12_778064	Y	19576544	21024613	671	-3.3679
GOOFS_p_TCGA_b117_118_SNP_N_GenomeWideSNP_6_C12_778064	Y	21025062	24515802	1276	-2.7565
GOOFS_p_TCGA_b117_118_SNP_N_GenomeWideSNP_6_C12_778064	Y	24516081	26630929	411	-3.3069
GOOFS_p_TCGA_b117_118_SNP_N_GenomeWideSNP_6_C12_778064	Y	26631228	26928589	41	-4.2753
GOOFS_p_TCGA_b117_118_SNP_N_GenomeWideSNP_6_C12_778064	Y	26947771	28423938	387	-3.2526
GOOFS_p_TCGA_b117_118_SNP_N_GenomeWideSNP_6_C12_778064	Y	28438116	59018259	183	-2.4872
