Sample	Chromosome	Start	End	Num_Probes	Segment_Mean
GOOFS_p_TCGA_b117_118_SNP_N_GenomeWideSNP_6_C09_777996	1	61735	2448306	487	-0.2738
GOOFS_p_TCGA_b117_118_SNP_N_GenomeWideSNP_6_C09_777996	1	2449711	2450394	2	-2.2592
GOOFS_p_TCGA_b117_118_SNP_N_GenomeWideSNP_6_C09_777996	1	2452554	16869363	8218	-0.2989
GOOFS_p_TCGA_b117_118_SNP_N_GenomeWideSNP_6_C09_777996	1	16871278	17087292	85	-0.6876
GOOFS_p_TCGA_b117_118_SNP_N_GenomeWideSNP_6_C09_777996	1	17089349	25583341	5342	-0.2745
GOOFS_p_TCGA_b117_118_SNP_N_GenomeWideSNP_6_C09_777996	1	25593128	25646986	28	0.3885
GOOFS_p_TCGA_b117_118_SNP_N_GenomeWideSNP_6_C09_777996	1	25661501	72768498	28822	-0.2677
GOOFS_p_TCGA_b117_118_SNP_N_GenomeWideSNP_6_C09_777996	1	72768916	72811148	46	-1.0111
GOOFS_p_TCGA_b117_118_SNP_N_GenomeWideSNP_6_C09_777996	1	72811904	76050844	1932	-0.2431
GOOFS_p_TCGA_b117_118_SNP_N_GenomeWideSNP_6_C09_777996	1	76054763	76054854	2	-2.1875
GOOFS_p_TCGA_b117_118_SNP_N_GenomeWideSNP_6_C09_777996	1	76059509	88231484	8177	-0.2591
GOOFS_p_TCGA_b117_118_SNP_N_GenomeWideSNP_6_C09_777996	1	88231787	88235850	3	-2.223
GOOFS_p_TCGA_b117_118_SNP_N_GenomeWideSNP_6_C09_777996	1	88238465	88815384	431	-0.2643
GOOFS_p_TCGA_b117_118_SNP_N_GenomeWideSNP_6_C09_777996	1	88815855	88843795	28	-0.8119
GOOFS_p_TCGA_b117_118_SNP_N_GenomeWideSNP_6_C09_777996	1	88843951	88846964	3	0.1525
GOOFS_p_TCGA_b117_118_SNP_N_GenomeWideSNP_6_C09_777996	1	88851326	88862772	7	-0.8396
GOOFS_p_TCGA_b117_118_SNP_N_GenomeWideSNP_6_C09_777996	1	88863241	96578760	4908	-0.2629
GOOFS_p_TCGA_b117_118_SNP_N_GenomeWideSNP_6_C09_777996	1	96578814	96582418	2	-2.8844
GOOFS_p_TCGA_b117_118_SNP_N_GenomeWideSNP_6_C09_777996	1	96582704	106013376	5525	-0.2584
GOOFS_p_TCGA_b117_118_SNP_N_GenomeWideSNP_6_C09_777996	1	106019205	106022375	17	0.3091
GOOFS_p_TCGA_b117_118_SNP_N_GenomeWideSNP_6_C09_777996	1	106024055	117670642	7886	-0.2678
GOOFS_p_TCGA_b117_118_SNP_N_GenomeWideSNP_6_C09_777996	1	117671406	117883247	153	0.0608
GOOFS_p_TCGA_b117_118_SNP_N_GenomeWideSNP_6_C09_777996	1	117883834	121447136	1804	-0.2405
GOOFS_p_TCGA_b117_118_SNP_N_GenomeWideSNP_6_C09_777996	1	121482979	144050110	31	0.369
GOOFS_p_TCGA_b117_118_SNP_N_GenomeWideSNP_6_C09_777996	1	144050939	144893050	58	0.0834
GOOFS_p_TCGA_b117_118_SNP_N_GenomeWideSNP_6_C09_777996	1	144893418	145372563	188	0.3597
GOOFS_p_TCGA_b117_118_SNP_N_GenomeWideSNP_6_C09_777996	1	145382124	148555464	869	0.6409
GOOFS_p_TCGA_b117_118_SNP_N_GenomeWideSNP_6_C09_777996	1	148559499	149024802	47	0.3002
GOOFS_p_TCGA_b117_118_SNP_N_GenomeWideSNP_6_C09_777996	1	149024808	149242663	112	-0.7507
GOOFS_p_TCGA_b117_118_SNP_N_GenomeWideSNP_6_C09_777996	1	149242725	149248841	18	0.5882
GOOFS_p_TCGA_b117_118_SNP_N_GenomeWideSNP_6_C09_777996	1	149249447	149664041	49	-0.2933
GOOFS_p_TCGA_b117_118_SNP_N_GenomeWideSNP_6_C09_777996	1	149676317	149748542	18	0.2187
GOOFS_p_TCGA_b117_118_SNP_N_GenomeWideSNP_6_C09_777996	1	149758024	152555527	1465	0.599
GOOFS_p_TCGA_b117_118_SNP_N_GenomeWideSNP_6_C09_777996	1	152555706	152586594	35	-1.5815
GOOFS_p_TCGA_b117_118_SNP_N_GenomeWideSNP_6_C09_777996	1	152590494	152759678	171	0.6155
GOOFS_p_TCGA_b117_118_SNP_N_GenomeWideSNP_6_C09_777996	1	152761923	152768359	35	-0.5556
GOOFS_p_TCGA_b117_118_SNP_N_GenomeWideSNP_6_C09_777996	1	152768570	152768700	2	-0.0291
GOOFS_p_TCGA_b117_118_SNP_N_GenomeWideSNP_6_C09_777996	1	152773905	161508875	5279	0.4645
GOOFS_p_TCGA_b117_118_SNP_N_GenomeWideSNP_6_C09_777996	1	161517939	161648621	50	0.7978
GOOFS_p_TCGA_b117_118_SNP_N_GenomeWideSNP_6_C09_777996	1	161650375	169216937	6013	0.4449
GOOFS_p_TCGA_b117_118_SNP_N_GenomeWideSNP_6_C09_777996	1	169233974	169241766	7	-3.6561
GOOFS_p_TCGA_b117_118_SNP_N_GenomeWideSNP_6_C09_777996	1	169242401	200042577	20297	0.4382
GOOFS_p_TCGA_b117_118_SNP_N_GenomeWideSNP_6_C09_777996	1	200044210	200065777	22	-0.3689
GOOFS_p_TCGA_b117_118_SNP_N_GenomeWideSNP_6_C09_777996	1	200068069	225673293	17402	0.4478
GOOFS_p_TCGA_b117_118_SNP_N_GenomeWideSNP_6_C09_777996	1	225673516	225673784	2	-1.3543
GOOFS_p_TCGA_b117_118_SNP_N_GenomeWideSNP_6_C09_777996	1	225674255	249224388	16529	0.4423
GOOFS_p_TCGA_b117_118_SNP_N_GenomeWideSNP_6_C09_777996	2	12784	34681494	24096	-0.0107
GOOFS_p_TCGA_b117_118_SNP_N_GenomeWideSNP_6_C09_777996	2	34683290	34737163	50	-0.5543
GOOFS_p_TCGA_b117_118_SNP_N_GenomeWideSNP_6_C09_777996	2	34737556	54272992	14208	0.0714
GOOFS_p_TCGA_b117_118_SNP_N_GenomeWideSNP_6_C09_777996	2	54273577	54366199	59	0.3496
GOOFS_p_TCGA_b117_118_SNP_N_GenomeWideSNP_6_C09_777996	2	54366294	57394902	2160	0.0666
GOOFS_p_TCGA_b117_118_SNP_N_GenomeWideSNP_6_C09_777996	2	57402044	57441923	68	0.9806
GOOFS_p_TCGA_b117_118_SNP_N_GenomeWideSNP_6_C09_777996	2	57445471	71560981	8996	0.0671
GOOFS_p_TCGA_b117_118_SNP_N_GenomeWideSNP_6_C09_777996	2	71563172	72145857	367	-0.2057
GOOFS_p_TCGA_b117_118_SNP_N_GenomeWideSNP_6_C09_777996	2	72148446	86937687	9152	0.077
GOOFS_p_TCGA_b117_118_SNP_N_GenomeWideSNP_6_C09_777996	2	86953070	86953854	2	-1.6337
GOOFS_p_TCGA_b117_118_SNP_N_GenomeWideSNP_6_C09_777996	2	86970406	104774790	6176	0.0789
GOOFS_p_TCGA_b117_118_SNP_N_GenomeWideSNP_6_C09_777996	2	104774876	104884034	64	0.3863
GOOFS_p_TCGA_b117_118_SNP_N_GenomeWideSNP_6_C09_777996	2	104885689	105028091	94	0.1093
GOOFS_p_TCGA_b117_118_SNP_N_GenomeWideSNP_6_C09_777996	2	105028474	106036740	629	0.4363
GOOFS_p_TCGA_b117_118_SNP_N_GenomeWideSNP_6_C09_777996	2	106038591	106045085	7	0.0236
GOOFS_p_TCGA_b117_118_SNP_N_GenomeWideSNP_6_C09_777996	2	106045120	138792161	19734	-0.2566
GOOFS_p_TCGA_b117_118_SNP_N_GenomeWideSNP_6_C09_777996	2	138794955	138973827	111	0.0529
GOOFS_p_TCGA_b117_118_SNP_N_GenomeWideSNP_6_C09_777996	2	138975301	144819051	3708	-0.2523
GOOFS_p_TCGA_b117_118_SNP_N_GenomeWideSNP_6_C09_777996	2	144820057	145080113	116	-0.6366
GOOFS_p_TCGA_b117_118_SNP_N_GenomeWideSNP_6_C09_777996	2	145082658	158166168	7762	-0.2529
GOOFS_p_TCGA_b117_118_SNP_N_GenomeWideSNP_6_C09_777996	2	158166257	158371157	100	0.0117
GOOFS_p_TCGA_b117_118_SNP_N_GenomeWideSNP_6_C09_777996	2	158377885	159957477	985	-0.242
GOOFS_p_TCGA_b117_118_SNP_N_GenomeWideSNP_6_C09_777996	2	159958620	159960343	2	-1.7061
GOOFS_p_TCGA_b117_118_SNP_N_GenomeWideSNP_6_C09_777996	2	159960973	184084153	15048	-0.232
GOOFS_p_TCGA_b117_118_SNP_N_GenomeWideSNP_6_C09_777996	2	184085453	184089724	10	-1.1872
GOOFS_p_TCGA_b117_118_SNP_N_GenomeWideSNP_6_C09_777996	2	184093998	229262292	27709	-0.2117
GOOFS_p_TCGA_b117_118_SNP_N_GenomeWideSNP_6_C09_777996	2	229264414	229266374	2	-2.3831
GOOFS_p_TCGA_b117_118_SNP_N_GenomeWideSNP_6_C09_777996	2	229268856	243089456	8531	-0.2616
GOOFS_p_TCGA_b117_118_SNP_N_GenomeWideSNP_6_C09_777996	3	60345	6651211	5841	0.0332
GOOFS_p_TCGA_b117_118_SNP_N_GenomeWideSNP_6_C09_777996	3	6651237	6653332	21	-0.5169
GOOFS_p_TCGA_b117_118_SNP_N_GenomeWideSNP_6_C09_777996	3	6655078	17529545	7924	0.0311
GOOFS_p_TCGA_b117_118_SNP_N_GenomeWideSNP_6_C09_777996	3	17529948	17544013	5	-1.0553
GOOFS_p_TCGA_b117_118_SNP_N_GenomeWideSNP_6_C09_777996	3	17546438	47478509	19750	0.0317
GOOFS_p_TCGA_b117_118_SNP_N_GenomeWideSNP_6_C09_777996	3	47491822	47492720	2	-2.2932
GOOFS_p_TCGA_b117_118_SNP_N_GenomeWideSNP_6_C09_777996	3	47497214	128399221	48398	0.0373
GOOFS_p_TCGA_b117_118_SNP_N_GenomeWideSNP_6_C09_777996	3	128405171	128412331	7	0.8071
GOOFS_p_TCGA_b117_118_SNP_N_GenomeWideSNP_6_C09_777996	3	128414161	128429380	14	-0.0829
GOOFS_p_TCGA_b117_118_SNP_N_GenomeWideSNP_6_C09_777996	3	128430614	128430925	3	-0.9516
GOOFS_p_TCGA_b117_118_SNP_N_GenomeWideSNP_6_C09_777996	3	128433396	129766586	609	0.0319
GOOFS_p_TCGA_b117_118_SNP_N_GenomeWideSNP_6_C09_777996	3	129775858	129806236	50	0.6036
GOOFS_p_TCGA_b117_118_SNP_N_GenomeWideSNP_6_C09_777996	3	129806924	192877902	39555	0.0362
GOOFS_p_TCGA_b117_118_SNP_N_GenomeWideSNP_6_C09_777996	3	192877962	192882903	19	-0.9314
GOOFS_p_TCGA_b117_118_SNP_N_GenomeWideSNP_6_C09_777996	3	192886435	193435331	376	0.0461
GOOFS_p_TCGA_b117_118_SNP_N_GenomeWideSNP_6_C09_777996	3	193437652	193979855	365	0.3097
GOOFS_p_TCGA_b117_118_SNP_N_GenomeWideSNP_6_C09_777996	3	193980564	195180454	721	0.03
GOOFS_p_TCGA_b117_118_SNP_N_GenomeWideSNP_6_C09_777996	3	195182985	195285898	25	0.4196
GOOFS_p_TCGA_b117_118_SNP_N_GenomeWideSNP_6_C09_777996	3	195383142	195446922	28	-0.8953
GOOFS_p_TCGA_b117_118_SNP_N_GenomeWideSNP_6_C09_777996	3	195455508	197896118	1189	0.0608
GOOFS_p_TCGA_b117_118_SNP_N_GenomeWideSNP_6_C09_777996	4	12281	16700	3	-0.4022
GOOFS_p_TCGA_b117_118_SNP_N_GenomeWideSNP_6_C09_777996	4	17518	66719	55	0.2045
GOOFS_p_TCGA_b117_118_SNP_N_GenomeWideSNP_6_C09_777996	4	68821	10210390	5731	-0.2689
GOOFS_p_TCGA_b117_118_SNP_N_GenomeWideSNP_6_C09_777996	4	10214160	10235166	34	0.4307
GOOFS_p_TCGA_b117_118_SNP_N_GenomeWideSNP_6_C09_777996	4	10235182	10393154	175	-0.2445
GOOFS_p_TCGA_b117_118_SNP_N_GenomeWideSNP_6_C09_777996	4	10398318	10400668	14	-1.2928
GOOFS_p_TCGA_b117_118_SNP_N_GenomeWideSNP_6_C09_777996	4	10402718	11954403	1362	-0.2655
GOOFS_p_TCGA_b117_118_SNP_N_GenomeWideSNP_6_C09_777996	4	11954422	11954520	2	-2.0827
GOOFS_p_TCGA_b117_118_SNP_N_GenomeWideSNP_6_C09_777996	4	11956575	43363591	21152	-0.2684
GOOFS_p_TCGA_b117_118_SNP_N_GenomeWideSNP_6_C09_777996	4	43363873	43367755	3	-1.8126
GOOFS_p_TCGA_b117_118_SNP_N_GenomeWideSNP_6_C09_777996	4	43367932	69372003	13802	-0.2664
GOOFS_p_TCGA_b117_118_SNP_N_GenomeWideSNP_6_C09_777996	4	69374941	69485979	64	-0.7886
GOOFS_p_TCGA_b117_118_SNP_N_GenomeWideSNP_6_C09_777996	4	69489335	92506034	14240	-0.267
GOOFS_p_TCGA_b117_118_SNP_N_GenomeWideSNP_6_C09_777996	4	92512621	92911486	220	0.2747
GOOFS_p_TCGA_b117_118_SNP_N_GenomeWideSNP_6_C09_777996	4	92912528	112946922	11817	-0.2564
GOOFS_p_TCGA_b117_118_SNP_N_GenomeWideSNP_6_C09_777996	4	112946970	113098726	86	0.0435
GOOFS_p_TCGA_b117_118_SNP_N_GenomeWideSNP_6_C09_777996	4	113099045	153095574	23794	-0.2544
GOOFS_p_TCGA_b117_118_SNP_N_GenomeWideSNP_6_C09_777996	4	153095684	153310853	106	0.0102
GOOFS_p_TCGA_b117_118_SNP_N_GenomeWideSNP_6_C09_777996	4	153313485	161041304	4872	-0.2603
GOOFS_p_TCGA_b117_118_SNP_N_GenomeWideSNP_6_C09_777996	4	161052774	161070789	40	-1.5501
GOOFS_p_TCGA_b117_118_SNP_N_GenomeWideSNP_6_C09_777996	4	161083870	189565170	18961	-0.2689
GOOFS_p_TCGA_b117_118_SNP_N_GenomeWideSNP_6_C09_777996	4	189565594	189780531	152	-0.6873
GOOFS_p_TCGA_b117_118_SNP_N_GenomeWideSNP_6_C09_777996	4	189786640	191027923	700	-0.2861
GOOFS_p_TCGA_b117_118_SNP_N_GenomeWideSNP_6_C09_777996	5	15532	12800889	10223	0.4551
GOOFS_p_TCGA_b117_118_SNP_N_GenomeWideSNP_6_C09_777996	5	12815780	12826650	11	-0.0801
GOOFS_p_TCGA_b117_118_SNP_N_GenomeWideSNP_6_C09_777996	5	12833857	17345088	3072	0.4619
GOOFS_p_TCGA_b117_118_SNP_N_GenomeWideSNP_6_C09_777996	5	17347706	17356239	6	-0.3494
GOOFS_p_TCGA_b117_118_SNP_N_GenomeWideSNP_6_C09_777996	5	17358269	29077647	6933	0.4425
GOOFS_p_TCGA_b117_118_SNP_N_GenomeWideSNP_6_C09_777996	5	29077901	29078634	10	-0.5947
GOOFS_p_TCGA_b117_118_SNP_N_GenomeWideSNP_6_C09_777996	5	29082580	32455473	2311	0.4579
GOOFS_p_TCGA_b117_118_SNP_N_GenomeWideSNP_6_C09_777996	5	32458945	32573223	89	0.8285
GOOFS_p_TCGA_b117_118_SNP_N_GenomeWideSNP_6_C09_777996	5	32575914	46271108	8153	0.4467
GOOFS_p_TCGA_b117_118_SNP_N_GenomeWideSNP_6_C09_777996	5	46271930	46273502	6	-2.0129
GOOFS_p_TCGA_b117_118_SNP_N_GenomeWideSNP_6_C09_777996	5	46278212	57321646	5081	0.455
GOOFS_p_TCGA_b117_118_SNP_N_GenomeWideSNP_6_C09_777996	5	57326027	57333533	32	1.9832
GOOFS_p_TCGA_b117_118_SNP_N_GenomeWideSNP_6_C09_777996	5	57338357	68846303	7304	0.4638
GOOFS_p_TCGA_b117_118_SNP_N_GenomeWideSNP_6_C09_777996	5	68867294	69233444	7	-0.5635
GOOFS_p_TCGA_b117_118_SNP_N_GenomeWideSNP_6_C09_777996	5	69313673	97029877	15613	0.4541
GOOFS_p_TCGA_b117_118_SNP_N_GenomeWideSNP_6_C09_777996	5	97029921	97045121	15	0.7327
GOOFS_p_TCGA_b117_118_SNP_N_GenomeWideSNP_6_C09_777996	5	97048466	97099320	43	-0.7042
GOOFS_p_TCGA_b117_118_SNP_N_GenomeWideSNP_6_C09_777996	5	97099684	140218722	27140	0.4552
GOOFS_p_TCGA_b117_118_SNP_N_GenomeWideSNP_6_C09_777996	5	140223836	140243756	12	-1.1372
GOOFS_p_TCGA_b117_118_SNP_N_GenomeWideSNP_6_C09_777996	5	140252163	168181632	18860	0.4558
GOOFS_p_TCGA_b117_118_SNP_N_GenomeWideSNP_6_C09_777996	5	168182282	168182776	2	-0.8927
GOOFS_p_TCGA_b117_118_SNP_N_GenomeWideSNP_6_C09_777996	5	168186217	172886305	3490	0.4663
GOOFS_p_TCGA_b117_118_SNP_N_GenomeWideSNP_6_C09_777996	5	172891885	172987283	88	0.9743
GOOFS_p_TCGA_b117_118_SNP_N_GenomeWideSNP_6_C09_777996	5	172987559	173019003	44	0.7011
GOOFS_p_TCGA_b117_118_SNP_N_GenomeWideSNP_6_C09_777996	5	173019833	173042673	19	0.9227
GOOFS_p_TCGA_b117_118_SNP_N_GenomeWideSNP_6_C09_777996	5	173044538	175362475	1822	0.4729
GOOFS_p_TCGA_b117_118_SNP_N_GenomeWideSNP_6_C09_777996	5	175367879	175372411	2	-0.6311
GOOFS_p_TCGA_b117_118_SNP_N_GenomeWideSNP_6_C09_777996	5	175373508	175460087	14	0.5473
GOOFS_p_TCGA_b117_118_SNP_N_GenomeWideSNP_6_C09_777996	5	175465689	175469507	2	-1.2474
GOOFS_p_TCGA_b117_118_SNP_N_GenomeWideSNP_6_C09_777996	5	175470324	180790320	2731	0.4559
GOOFS_p_TCGA_b117_118_SNP_N_GenomeWideSNP_6_C09_777996	6	149661	31280823	22426	0.0809
GOOFS_p_TCGA_b117_118_SNP_N_GenomeWideSNP_6_C09_777996	6	31286276	31295406	7	-0.897
GOOFS_p_TCGA_b117_118_SNP_N_GenomeWideSNP_6_C09_777996	6	31295953	32581889	556	0.2859
GOOFS_p_TCGA_b117_118_SNP_N_GenomeWideSNP_6_C09_777996	6	32582203	32605576	13	-0.6631
GOOFS_p_TCGA_b117_118_SNP_N_GenomeWideSNP_6_C09_777996	6	32605884	33060840	308	0.3112
GOOFS_p_TCGA_b117_118_SNP_N_GenomeWideSNP_6_C09_777996	6	33061098	51604457	11739	0.0275
GOOFS_p_TCGA_b117_118_SNP_N_GenomeWideSNP_6_C09_777996	6	51606542	53931275	1706	-0.2761
GOOFS_p_TCGA_b117_118_SNP_N_GenomeWideSNP_6_C09_777996	6	53931380	53931855	4	-1.554
GOOFS_p_TCGA_b117_118_SNP_N_GenomeWideSNP_6_C09_777996	6	53935348	78972724	13305	-0.261
GOOFS_p_TCGA_b117_118_SNP_N_GenomeWideSNP_6_C09_777996	6	78972776	79060022	124	0.1875
GOOFS_p_TCGA_b117_118_SNP_N_GenomeWideSNP_6_C09_777996	6	79073784	103737976	15460	-0.2626
GOOFS_p_TCGA_b117_118_SNP_N_GenomeWideSNP_6_C09_777996	6	103738039	103762061	45	-1.0997
GOOFS_p_TCGA_b117_118_SNP_N_GenomeWideSNP_6_C09_777996	6	103765470	151904485	30665	-0.2673
GOOFS_p_TCGA_b117_118_SNP_N_GenomeWideSNP_6_C09_777996	6	151905015	152056771	111	-0.019
GOOFS_p_TCGA_b117_118_SNP_N_GenomeWideSNP_6_C09_777996	6	152056792	159312000	4925	-0.2758
GOOFS_p_TCGA_b117_118_SNP_N_GenomeWideSNP_6_C09_777996	6	159312038	159785799	341	0.0753
GOOFS_p_TCGA_b117_118_SNP_N_GenomeWideSNP_6_C09_777996	6	159786840	168332501	6306	-0.2808
GOOFS_p_TCGA_b117_118_SNP_N_GenomeWideSNP_6_C09_777996	6	168335278	168595919	179	0.262
GOOFS_p_TCGA_b117_118_SNP_N_GenomeWideSNP_6_C09_777996	6	168597242	171051005	1690	-0.2819
GOOFS_p_TCGA_b117_118_SNP_N_GenomeWideSNP_6_C09_777996	7	43355	6885538	3454	0.2757
GOOFS_p_TCGA_b117_118_SNP_N_GenomeWideSNP_6_C09_777996	7	6893308	6928701	11	-0.3742
GOOFS_p_TCGA_b117_118_SNP_N_GenomeWideSNP_6_C09_777996	7	6929662	10535566	2998	0.283
GOOFS_p_TCGA_b117_118_SNP_N_GenomeWideSNP_6_C09_777996	7	10546350	10614030	57	0.8394
GOOFS_p_TCGA_b117_118_SNP_N_GenomeWideSNP_6_C09_777996	7	10621681	38479401	21111	0.281
GOOFS_p_TCGA_b117_118_SNP_N_GenomeWideSNP_6_C09_777996	7	38484120	38485913	3	-1.1061
GOOFS_p_TCGA_b117_118_SNP_N_GenomeWideSNP_6_C09_777996	7	38486569	70420438	17233	0.2675
GOOFS_p_TCGA_b117_118_SNP_N_GenomeWideSNP_6_C09_777996	7	70423250	70426141	2	-1.9247
GOOFS_p_TCGA_b117_118_SNP_N_GenomeWideSNP_6_C09_777996	7	70428243	88586101	10226	0.0161
GOOFS_p_TCGA_b117_118_SNP_N_GenomeWideSNP_6_C09_777996	7	88587805	88588037	4	-1.5685
GOOFS_p_TCGA_b117_118_SNP_N_GenomeWideSNP_6_C09_777996	7	88592292	97395460	5627	0.0768
GOOFS_p_TCGA_b117_118_SNP_N_GenomeWideSNP_6_C09_777996	7	97395462	97402475	15	-1.9362
GOOFS_p_TCGA_b117_118_SNP_N_GenomeWideSNP_6_C09_777996	7	97404240	101080923	1565	0.1635
GOOFS_p_TCGA_b117_118_SNP_N_GenomeWideSNP_6_C09_777996	7	101081798	101081986	2	-1.5978
GOOFS_p_TCGA_b117_118_SNP_N_GenomeWideSNP_6_C09_777996	7	101086258	101284577	128	0.2217
GOOFS_p_TCGA_b117_118_SNP_N_GenomeWideSNP_6_C09_777996	7	101324686	102340696	377	-0.0378
GOOFS_p_TCGA_b117_118_SNP_N_GenomeWideSNP_6_C09_777996	7	102340956	104286892	1210	0.2674
GOOFS_p_TCGA_b117_118_SNP_N_GenomeWideSNP_6_C09_777996	7	104288177	105158056	528	-0.0054
GOOFS_p_TCGA_b117_118_SNP_N_GenomeWideSNP_6_C09_777996	7	105160424	105166520	3	-1.0584
GOOFS_p_TCGA_b117_118_SNP_N_GenomeWideSNP_6_C09_777996	7	105166776	111060785	3947	0.1696
GOOFS_p_TCGA_b117_118_SNP_N_GenomeWideSNP_6_C09_777996	7	111065292	111066659	6	-0.6435
GOOFS_p_TCGA_b117_118_SNP_N_GenomeWideSNP_6_C09_777996	7	111069414	116835364	3460	0.2069
GOOFS_p_TCGA_b117_118_SNP_N_GenomeWideSNP_6_C09_777996	7	116837610	116919978	68	0.7563
GOOFS_p_TCGA_b117_118_SNP_N_GenomeWideSNP_6_C09_777996	7	116922330	117519825	313	0.4628
GOOFS_p_TCGA_b117_118_SNP_N_GenomeWideSNP_6_C09_777996	7	117522687	118302148	483	0.0289
GOOFS_p_TCGA_b117_118_SNP_N_GenomeWideSNP_6_C09_777996	7	118305379	118351997	34	0.5497
GOOFS_p_TCGA_b117_118_SNP_N_GenomeWideSNP_6_C09_777996	7	118355929	120546810	1151	0.0287
GOOFS_p_TCGA_b117_118_SNP_N_GenomeWideSNP_6_C09_777996	7	120549120	120571127	24	0.4731
GOOFS_p_TCGA_b117_118_SNP_N_GenomeWideSNP_6_C09_777996	7	120571600	122401546	1136	0.9496
GOOFS_p_TCGA_b117_118_SNP_N_GenomeWideSNP_6_C09_777996	7	122401995	122471661	44	0.257
GOOFS_p_TCGA_b117_118_SNP_N_GenomeWideSNP_6_C09_777996	7	122473308	122815011	238	0.6271
GOOFS_p_TCGA_b117_118_SNP_N_GenomeWideSNP_6_C09_777996	7	122819571	123129299	196	-0.3257
GOOFS_p_TCGA_b117_118_SNP_N_GenomeWideSNP_6_C09_777996	7	123149749	123290458	71	0.2357
GOOFS_p_TCGA_b117_118_SNP_N_GenomeWideSNP_6_C09_777996	7	123299855	124334212	647	0.8596
GOOFS_p_TCGA_b117_118_SNP_N_GenomeWideSNP_6_C09_777996	7	124339361	124995177	355	1.3452
GOOFS_p_TCGA_b117_118_SNP_N_GenomeWideSNP_6_C09_777996	7	124995368	125630806	428	0.9959
GOOFS_p_TCGA_b117_118_SNP_N_GenomeWideSNP_6_C09_777996	7	125634702	126045482	294	1.4903
GOOFS_p_TCGA_b117_118_SNP_N_GenomeWideSNP_6_C09_777996	7	126045556	126046881	17	-0.3121
GOOFS_p_TCGA_b117_118_SNP_N_GenomeWideSNP_6_C09_777996	7	126052766	126240280	133	1.4643
GOOFS_p_TCGA_b117_118_SNP_N_GenomeWideSNP_6_C09_777996	7	126241354	126261849	6	0.2336
GOOFS_p_TCGA_b117_118_SNP_N_GenomeWideSNP_6_C09_777996	7	126262856	126543879	187	1.5071
GOOFS_p_TCGA_b117_118_SNP_N_GenomeWideSNP_6_C09_777996	7	126546487	126657545	96	-0.2463
GOOFS_p_TCGA_b117_118_SNP_N_GenomeWideSNP_6_C09_777996	7	126664152	127001657	265	1.4272
GOOFS_p_TCGA_b117_118_SNP_N_GenomeWideSNP_6_C09_777996	7	127004746	127153293	112	0.4434
GOOFS_p_TCGA_b117_118_SNP_N_GenomeWideSNP_6_C09_777996	7	127153729	127358487	120	0.6987
GOOFS_p_TCGA_b117_118_SNP_N_GenomeWideSNP_6_C09_777996	7	127361207	127382265	14	1.6197
GOOFS_p_TCGA_b117_118_SNP_N_GenomeWideSNP_6_C09_777996	7	127383170	127521693	74	-0.7427
GOOFS_p_TCGA_b117_118_SNP_N_GenomeWideSNP_6_C09_777996	7	127522576	128100038	368	-0.3076
GOOFS_p_TCGA_b117_118_SNP_N_GenomeWideSNP_6_C09_777996	7	128104287	128253396	40	0.1645
GOOFS_p_TCGA_b117_118_SNP_N_GenomeWideSNP_6_C09_777996	7	128253611	141755195	8506	-0.301
GOOFS_p_TCGA_b117_118_SNP_N_GenomeWideSNP_6_C09_777996	7	141757591	141787646	41	-0.898
GOOFS_p_TCGA_b117_118_SNP_N_GenomeWideSNP_6_C09_777996	7	141787899	143223081	958	-0.3186
GOOFS_p_TCGA_b117_118_SNP_N_GenomeWideSNP_6_C09_777996	7	143223768	143425378	32	0.2931
GOOFS_p_TCGA_b117_118_SNP_N_GenomeWideSNP_6_C09_777996	7	143425716	143477274	31	-0.2401
GOOFS_p_TCGA_b117_118_SNP_N_GenomeWideSNP_6_C09_777996	7	143477308	143543851	27	0.2543
GOOFS_p_TCGA_b117_118_SNP_N_GenomeWideSNP_6_C09_777996	7	143543865	159127004	10007	-0.2987
GOOFS_p_TCGA_b117_118_SNP_N_GenomeWideSNP_6_C09_777996	8	31254	18265154	16738	-0.1892
GOOFS_p_TCGA_b117_118_SNP_N_GenomeWideSNP_6_C09_777996	8	18266157	18271185	4	-2.2051
GOOFS_p_TCGA_b117_118_SNP_N_GenomeWideSNP_6_C09_777996	8	18271387	21453402	2858	-0.1764
GOOFS_p_TCGA_b117_118_SNP_N_GenomeWideSNP_6_C09_777996	8	21454886	21455169	2	-1.4183
GOOFS_p_TCGA_b117_118_SNP_N_GenomeWideSNP_6_C09_777996	8	21455291	24974476	2222	-0.1821
GOOFS_p_TCGA_b117_118_SNP_N_GenomeWideSNP_6_C09_777996	8	24974522	24984250	24	-0.7452
GOOFS_p_TCGA_b117_118_SNP_N_GenomeWideSNP_6_C09_777996	8	24984333	39230325	9038	-0.1722
GOOFS_p_TCGA_b117_118_SNP_N_GenomeWideSNP_6_C09_777996	8	39230659	39386965	60	0.6901
GOOFS_p_TCGA_b117_118_SNP_N_GenomeWideSNP_6_C09_777996	8	39388299	53224453	6010	-0.0444
GOOFS_p_TCGA_b117_118_SNP_N_GenomeWideSNP_6_C09_777996	8	53225373	53227219	4	-1.1815
GOOFS_p_TCGA_b117_118_SNP_N_GenomeWideSNP_6_C09_777996	8	53231329	67730937	9164	-0.0444
GOOFS_p_TCGA_b117_118_SNP_N_GenomeWideSNP_6_C09_777996	8	67743953	72212365	2730	0.2198
GOOFS_p_TCGA_b117_118_SNP_N_GenomeWideSNP_6_C09_777996	8	72215311	72216599	9	-2.5288
GOOFS_p_TCGA_b117_118_SNP_N_GenomeWideSNP_6_C09_777996	8	72219863	141650616	45089	0.4457
GOOFS_p_TCGA_b117_118_SNP_N_GenomeWideSNP_6_C09_777996	8	141656155	141975290	146	0.0413
GOOFS_p_TCGA_b117_118_SNP_N_GenomeWideSNP_6_C09_777996	8	141976089	146298155	1839	0.449
GOOFS_p_TCGA_b117_118_SNP_N_GenomeWideSNP_6_C09_777996	9	46587	12722399	11852	0.0235
GOOFS_p_TCGA_b117_118_SNP_N_GenomeWideSNP_6_C09_777996	9	12723131	12847724	73	0.3113
GOOFS_p_TCGA_b117_118_SNP_N_GenomeWideSNP_6_C09_777996	9	12847826	17717228	4079	0.0378
GOOFS_p_TCGA_b117_118_SNP_N_GenomeWideSNP_6_C09_777996	9	17717577	17717690	2	-3.2177
GOOFS_p_TCGA_b117_118_SNP_N_GenomeWideSNP_6_C09_777996	9	17719459	22492889	3873	0.0233
GOOFS_p_TCGA_b117_118_SNP_N_GenomeWideSNP_6_C09_777996	9	22501913	22502699	2	-3.7584
GOOFS_p_TCGA_b117_118_SNP_N_GenomeWideSNP_6_C09_777996	9	22509340	41952516	11479	0.0209
GOOFS_p_TCGA_b117_118_SNP_N_GenomeWideSNP_6_C09_777996	9	41972506	41985187	3	-1.3421
GOOFS_p_TCGA_b117_118_SNP_N_GenomeWideSNP_6_C09_777996	9	42023107	44241817	93	0.1397
GOOFS_p_TCGA_b117_118_SNP_N_GenomeWideSNP_6_C09_777996	9	44243434	44837527	55	0.377
GOOFS_p_TCGA_b117_118_SNP_N_GenomeWideSNP_6_C09_777996	9	44840918	69062978	258	-0.0735
GOOFS_p_TCGA_b117_118_SNP_N_GenomeWideSNP_6_C09_777996	9	69074891	69166377	15	0.4263
GOOFS_p_TCGA_b117_118_SNP_N_GenomeWideSNP_6_C09_777996	9	69166497	134258779	44480	0.0633
GOOFS_p_TCGA_b117_118_SNP_N_GenomeWideSNP_6_C09_777996	9	134260926	134283995	16	-0.3716
GOOFS_p_TCGA_b117_118_SNP_N_GenomeWideSNP_6_C09_777996	9	134287449	141091394	3630	0.0595
GOOFS_p_TCGA_b117_118_SNP_N_GenomeWideSNP_6_C09_777996	10	72759	31757031	24632	-0.2625
GOOFS_p_TCGA_b117_118_SNP_N_GenomeWideSNP_6_C09_777996	10	31766545	42469894	4521	0.1333
GOOFS_p_TCGA_b117_118_SNP_N_GenomeWideSNP_6_C09_777996	10	42473873	51830360	4522	-0.1875
GOOFS_p_TCGA_b117_118_SNP_N_GenomeWideSNP_6_C09_777996	10	51840984	51857219	2	-2.2149
GOOFS_p_TCGA_b117_118_SNP_N_GenomeWideSNP_6_C09_777996	10	51867234	67309007	11028	-0.1856
GOOFS_p_TCGA_b117_118_SNP_N_GenomeWideSNP_6_C09_777996	10	67309010	67314430	13	-0.9798
GOOFS_p_TCGA_b117_118_SNP_N_GenomeWideSNP_6_C09_777996	10	67314446	135506704	46283	-0.1939
GOOFS_p_TCGA_b117_118_SNP_N_GenomeWideSNP_6_C09_777996	11	198510	4307999	1810	0.0331
GOOFS_p_TCGA_b117_118_SNP_N_GenomeWideSNP_6_C09_777996	11	4319712	4359056	11	-0.9934
GOOFS_p_TCGA_b117_118_SNP_N_GenomeWideSNP_6_C09_777996	11	4359288	4968510	655	-0.0021
GOOFS_p_TCGA_b117_118_SNP_N_GenomeWideSNP_6_C09_777996	11	4970243	4977082	43	0.3801
GOOFS_p_TCGA_b117_118_SNP_N_GenomeWideSNP_6_C09_777996	11	4978382	5783923	780	0.0042
GOOFS_p_TCGA_b117_118_SNP_N_GenomeWideSNP_6_C09_777996	11	5787405	5809139	33	0.3479
GOOFS_p_TCGA_b117_118_SNP_N_GenomeWideSNP_6_C09_777996	11	5809338	25702237	14814	0.0265
GOOFS_p_TCGA_b117_118_SNP_N_GenomeWideSNP_6_C09_777996	11	25702333	25718981	26	-0.8541
GOOFS_p_TCGA_b117_118_SNP_N_GenomeWideSNP_6_C09_777996	11	25722078	44299841	12882	0.0268
GOOFS_p_TCGA_b117_118_SNP_N_GenomeWideSNP_6_C09_777996	11	44301548	44306381	8	-1.3576
GOOFS_p_TCGA_b117_118_SNP_N_GenomeWideSNP_6_C09_777996	11	44306907	50344799	3115	0.0246
GOOFS_p_TCGA_b117_118_SNP_N_GenomeWideSNP_6_C09_777996	11	50344991	50345390	2	-1.5758
GOOFS_p_TCGA_b117_118_SNP_N_GenomeWideSNP_6_C09_777996	11	50357056	55363340	463	-0.043
GOOFS_p_TCGA_b117_118_SNP_N_GenomeWideSNP_6_C09_777996	11	55374032	55453576	60	-0.6387
GOOFS_p_TCGA_b117_118_SNP_N_GenomeWideSNP_6_C09_777996	11	55460683	66109452	5748	0.2025
GOOFS_p_TCGA_b117_118_SNP_N_GenomeWideSNP_6_C09_777996	11	66110666	66999677	310	2.3252
GOOFS_p_TCGA_b117_118_SNP_N_GenomeWideSNP_6_C09_777996	11	67003389	67296858	110	0.2238
GOOFS_p_TCGA_b117_118_SNP_N_GenomeWideSNP_6_C09_777996	11	67297866	70639849	1682	0.6357
GOOFS_p_TCGA_b117_118_SNP_N_GenomeWideSNP_6_C09_777996	11	70642820	78557765	4301	0.2516
GOOFS_p_TCGA_b117_118_SNP_N_GenomeWideSNP_6_C09_777996	11	78562549	78777394	194	-0.2784
GOOFS_p_TCGA_b117_118_SNP_N_GenomeWideSNP_6_C09_777996	11	78777519	80489615	1381	0.3065
GOOFS_p_TCGA_b117_118_SNP_N_GenomeWideSNP_6_C09_777996	11	80490318	81196903	615	-0.2531
GOOFS_p_TCGA_b117_118_SNP_N_GenomeWideSNP_6_C09_777996	11	81200608	81686992	417	-1.2358
GOOFS_p_TCGA_b117_118_SNP_N_GenomeWideSNP_6_C09_777996	11	81688529	107230719	17674	-0.2647
GOOFS_p_TCGA_b117_118_SNP_N_GenomeWideSNP_6_C09_777996	11	107238656	107239128	7	-1.9727
GOOFS_p_TCGA_b117_118_SNP_N_GenomeWideSNP_6_C09_777996	11	107252362	107648810	308	-0.3032
GOOFS_p_TCGA_b117_118_SNP_N_GenomeWideSNP_6_C09_777996	11	107653743	107671601	16	0.3873
GOOFS_p_TCGA_b117_118_SNP_N_GenomeWideSNP_6_C09_777996	11	107672045	134944770	19602	-0.2704
GOOFS_p_TCGA_b117_118_SNP_N_GenomeWideSNP_6_C09_777996	12	150442	8357507	5551	0.2551
GOOFS_p_TCGA_b117_118_SNP_N_GenomeWideSNP_6_C09_777996	12	8362050	8378251	11	0.7691
GOOFS_p_TCGA_b117_118_SNP_N_GenomeWideSNP_6_C09_777996	12	8393828	9633870	640	0.2149
GOOFS_p_TCGA_b117_118_SNP_N_GenomeWideSNP_6_C09_777996	12	9637909	9715565	23	0.9825
GOOFS_p_TCGA_b117_118_SNP_N_GenomeWideSNP_6_C09_777996	12	9728292	11220827	1045	0.2234
GOOFS_p_TCGA_b117_118_SNP_N_GenomeWideSNP_6_C09_777996	12	11222368	11241532	10	-1.1327
GOOFS_p_TCGA_b117_118_SNP_N_GenomeWideSNP_6_C09_777996	12	11251874	11504091	132	0.2181
GOOFS_p_TCGA_b117_118_SNP_N_GenomeWideSNP_6_C09_777996	12	11511577	11543406	32	-0.4771
GOOFS_p_TCGA_b117_118_SNP_N_GenomeWideSNP_6_C09_777996	12	11552192	33301426	15430	0.253
GOOFS_p_TCGA_b117_118_SNP_N_GenomeWideSNP_6_C09_777996	12	33301520	33307078	24	-0.2814
GOOFS_p_TCGA_b117_118_SNP_N_GenomeWideSNP_6_C09_777996	12	33307374	43419957	4164	0.2435
GOOFS_p_TCGA_b117_118_SNP_N_GenomeWideSNP_6_C09_777996	12	43420529	43420753	2	-1.2188
GOOFS_p_TCGA_b117_118_SNP_N_GenomeWideSNP_6_C09_777996	12	43427308	70871858	16657	0.2483
GOOFS_p_TCGA_b117_118_SNP_N_GenomeWideSNP_6_C09_777996	12	70872675	70879385	10	-0.4272
GOOFS_p_TCGA_b117_118_SNP_N_GenomeWideSNP_6_C09_777996	12	70879433	130000586	38950	0.2515
GOOFS_p_TCGA_b117_118_SNP_N_GenomeWideSNP_6_C09_777996	12	130003490	130003594	2	-1.1459
GOOFS_p_TCGA_b117_118_SNP_N_GenomeWideSNP_6_C09_777996	12	130003770	131731944	1409	0.2425
GOOFS_p_TCGA_b117_118_SNP_N_GenomeWideSNP_6_C09_777996	12	131732657	131825755	85	-0.6353
GOOFS_p_TCGA_b117_118_SNP_N_GenomeWideSNP_6_C09_777996	12	131833210	132117539	292	0.2972
GOOFS_p_TCGA_b117_118_SNP_N_GenomeWideSNP_6_C09_777996	12	132118633	132152732	32	-0.2984
GOOFS_p_TCGA_b117_118_SNP_N_GenomeWideSNP_6_C09_777996	12	132154193	133778189	556	0.2516
GOOFS_p_TCGA_b117_118_SNP_N_GenomeWideSNP_6_C09_777996	13	19026949	23473663	2788	-0.2747
GOOFS_p_TCGA_b117_118_SNP_N_GenomeWideSNP_6_C09_777996	13	23477607	23632860	108	0.0149
GOOFS_p_TCGA_b117_118_SNP_N_GenomeWideSNP_6_C09_777996	13	23632876	23633515	10	-1.2902
GOOFS_p_TCGA_b117_118_SNP_N_GenomeWideSNP_6_C09_777996	13	23638195	67532154	29139	-0.2699
GOOFS_p_TCGA_b117_118_SNP_N_GenomeWideSNP_6_C09_777996	13	67532237	67532341	3	-1.9301
GOOFS_p_TCGA_b117_118_SNP_N_GenomeWideSNP_6_C09_777996	13	67536402	73794367	4022	-0.2662
GOOFS_p_TCGA_b117_118_SNP_N_GenomeWideSNP_6_C09_777996	13	73795288	73795915	4	-1.655
GOOFS_p_TCGA_b117_118_SNP_N_GenomeWideSNP_6_C09_777996	13	73796039	115108397	28168	-0.2666
GOOFS_p_TCGA_b117_118_SNP_N_GenomeWideSNP_6_C09_777996	14	19002124	19604114	44	-0.004
GOOFS_p_TCGA_b117_118_SNP_N_GenomeWideSNP_6_C09_777996	14	19607007	19689317	4	-1.3664
GOOFS_p_TCGA_b117_118_SNP_N_GenomeWideSNP_6_C09_777996	14	19693231	20105491	28	-0.0811
GOOFS_p_TCGA_b117_118_SNP_N_GenomeWideSNP_6_C09_777996	14	20118883	20157843	5	-1.1752
GOOFS_p_TCGA_b117_118_SNP_N_GenomeWideSNP_6_C09_777996	14	20200183	20423372	109	-0.0947
GOOFS_p_TCGA_b117_118_SNP_N_GenomeWideSNP_6_C09_777996	14	20424926	24429298	2736	0.3268
GOOFS_p_TCGA_b117_118_SNP_N_GenomeWideSNP_6_C09_777996	14	24431149	24484459	26	-0.8607
GOOFS_p_TCGA_b117_118_SNP_N_GenomeWideSNP_6_C09_777996	14	24488143	26783903	1609	0.3201
GOOFS_p_TCGA_b117_118_SNP_N_GenomeWideSNP_6_C09_777996	14	26783911	26783918	7	-0.5431
GOOFS_p_TCGA_b117_118_SNP_N_GenomeWideSNP_6_C09_777996	14	26784913	45659896	11631	0.3043
GOOFS_p_TCGA_b117_118_SNP_N_GenomeWideSNP_6_C09_777996	14	45666524	98153706	34363	0.026
GOOFS_p_TCGA_b117_118_SNP_N_GenomeWideSNP_6_C09_777996	14	98154479	98155055	7	-0.8025
GOOFS_p_TCGA_b117_118_SNP_N_GenomeWideSNP_6_C09_777996	14	98156589	99423427	1142	0.0141
GOOFS_p_TCGA_b117_118_SNP_N_GenomeWideSNP_6_C09_777996	14	99424212	99424485	2	-1.722
GOOFS_p_TCGA_b117_118_SNP_N_GenomeWideSNP_6_C09_777996	14	99428834	106535295	3439	0.0188
GOOFS_p_TCGA_b117_118_SNP_N_GenomeWideSNP_6_C09_777996	14	106538062	106561441	13	0.6789
GOOFS_p_TCGA_b117_118_SNP_N_GenomeWideSNP_6_C09_777996	14	106567100	106783044	103	0.0181
GOOFS_p_TCGA_b117_118_SNP_N_GenomeWideSNP_6_C09_777996	14	106796025	106802053	7	0.8635
GOOFS_p_TCGA_b117_118_SNP_N_GenomeWideSNP_6_C09_777996	14	106815943	106918649	85	0.0853
GOOFS_p_TCGA_b117_118_SNP_N_GenomeWideSNP_6_C09_777996	14	106922531	106939788	7	0.9237
GOOFS_p_TCGA_b117_118_SNP_N_GenomeWideSNP_6_C09_777996	14	106943522	107153173	126	0.0052
GOOFS_p_TCGA_b117_118_SNP_N_GenomeWideSNP_6_C09_777996	14	107160325	107179496	20	-0.6479
GOOFS_p_TCGA_b117_118_SNP_N_GenomeWideSNP_6_C09_777996	14	107179847	107285437	70	0.0333
GOOFS_p_TCGA_b117_118_SNP_N_GenomeWideSNP_6_C09_777996	15	20016328	20578304	95	-0.0557
GOOFS_p_TCGA_b117_118_SNP_N_GenomeWideSNP_6_C09_777996	15	20578366	20590042	23	-0.5681
GOOFS_p_TCGA_b117_118_SNP_N_GenomeWideSNP_6_C09_777996	15	20590160	21173886	148	-0.0939
GOOFS_p_TCGA_b117_118_SNP_N_GenomeWideSNP_6_C09_777996	15	21186400	21188006	2	1.6707
GOOFS_p_TCGA_b117_118_SNP_N_GenomeWideSNP_6_C09_777996	15	21192108	22280477	39	-0.0516
GOOFS_p_TCGA_b117_118_SNP_N_GenomeWideSNP_6_C09_777996	15	22284954	22287270	3	-1.2528
GOOFS_p_TCGA_b117_118_SNP_N_GenomeWideSNP_6_C09_777996	15	22291024	22363231	23	0.1051
GOOFS_p_TCGA_b117_118_SNP_N_GenomeWideSNP_6_C09_777996	15	22373070	22381411	6	-2.2222
GOOFS_p_TCGA_b117_118_SNP_N_GenomeWideSNP_6_C09_777996	15	22383201	23266351	387	0.0101
GOOFS_p_TCGA_b117_118_SNP_N_GenomeWideSNP_6_C09_777996	15	23277448	23290800	4	-1.408
GOOFS_p_TCGA_b117_118_SNP_N_GenomeWideSNP_6_C09_777996	15	23296600	24706918	722	-0.1006
GOOFS_p_TCGA_b117_118_SNP_N_GenomeWideSNP_6_C09_777996	15	24707317	24718173	12	0.4846
GOOFS_p_TCGA_b117_118_SNP_N_GenomeWideSNP_6_C09_777996	15	24718596	34745719	6366	-0.1166
GOOFS_p_TCGA_b117_118_SNP_N_GenomeWideSNP_6_C09_777996	15	34745778	34747343	3	-1.1327
GOOFS_p_TCGA_b117_118_SNP_N_GenomeWideSNP_6_C09_777996	15	34748122	65814102	19968	0.1443
GOOFS_p_TCGA_b117_118_SNP_N_GenomeWideSNP_6_C09_777996	15	65816942	65818387	3	-2.8147
GOOFS_p_TCGA_b117_118_SNP_N_GenomeWideSNP_6_C09_777996	15	65822534	89897054	14768	0.1411
GOOFS_p_TCGA_b117_118_SNP_N_GenomeWideSNP_6_C09_777996	15	89897342	90098754	123	0.5238
GOOFS_p_TCGA_b117_118_SNP_N_GenomeWideSNP_6_C09_777996	15	90100100	102420602	9340	0.1479
GOOFS_p_TCGA_b117_118_SNP_N_GenomeWideSNP_6_C09_777996	15	102420807	102469040	11	-0.2896
GOOFS_p_TCGA_b117_118_SNP_N_GenomeWideSNP_6_C09_777996	16	60777	6426717	3590	-0.0019
GOOFS_p_TCGA_b117_118_SNP_N_GenomeWideSNP_6_C09_777996	16	6427786	6427826	2	-1.928
GOOFS_p_TCGA_b117_118_SNP_N_GenomeWideSNP_6_C09_777996	16	6427917	14980977	7534	0.019
GOOFS_p_TCGA_b117_118_SNP_N_GenomeWideSNP_6_C09_777996	16	14989839	15116257	64	-0.2924
GOOFS_p_TCGA_b117_118_SNP_N_GenomeWideSNP_6_C09_777996	16	15125441	34471464	9345	0.0187
GOOFS_p_TCGA_b117_118_SNP_N_GenomeWideSNP_6_C09_777996	16	34471492	34757071	165	0.4881
GOOFS_p_TCGA_b117_118_SNP_N_GenomeWideSNP_6_C09_777996	16	34760967	55795214	6602	-0.2114
GOOFS_p_TCGA_b117_118_SNP_N_GenomeWideSNP_6_C09_777996	16	55796389	55822444	22	-1.0894
GOOFS_p_TCGA_b117_118_SNP_N_GenomeWideSNP_6_C09_777996	16	55829557	70839337	9042	-0.2228
GOOFS_p_TCGA_b117_118_SNP_N_GenomeWideSNP_6_C09_777996	16	70842097	71202489	141	0.2114
GOOFS_p_TCGA_b117_118_SNP_N_GenomeWideSNP_6_C09_777996	16	71202797	78371608	5234	-0.2199
GOOFS_p_TCGA_b117_118_SNP_N_GenomeWideSNP_6_C09_777996	16	78372440	78383140	15	-2.1774
GOOFS_p_TCGA_b117_118_SNP_N_GenomeWideSNP_6_C09_777996	16	78384738	85977911	7860	-0.2327
GOOFS_p_TCGA_b117_118_SNP_N_GenomeWideSNP_6_C09_777996	16	85977932	85978545	4	-1.5571
GOOFS_p_TCGA_b117_118_SNP_N_GenomeWideSNP_6_C09_777996	16	85979801	90287535	2758	-0.2202
GOOFS_p_TCGA_b117_118_SNP_N_GenomeWideSNP_6_C09_777996	17	526	5901029	3220	0.2086
GOOFS_p_TCGA_b117_118_SNP_N_GenomeWideSNP_6_C09_777996	17	5903291	15256067	6670	-0.2927
GOOFS_p_TCGA_b117_118_SNP_N_GenomeWideSNP_6_C09_777996	17	15265766	28682453	4731	0.1557
GOOFS_p_TCGA_b117_118_SNP_N_GenomeWideSNP_6_C09_777996	17	28685949	31682850	1642	-0.2831
GOOFS_p_TCGA_b117_118_SNP_N_GenomeWideSNP_6_C09_777996	17	31686282	31768958	87	0.0309
GOOFS_p_TCGA_b117_118_SNP_N_GenomeWideSNP_6_C09_777996	17	31773453	32175219	398	-0.2751
GOOFS_p_TCGA_b117_118_SNP_N_GenomeWideSNP_6_C09_777996	17	32175255	32176869	2	-1.9247
GOOFS_p_TCGA_b117_118_SNP_N_GenomeWideSNP_6_C09_777996	17	32177194	37665554	3226	-0.2827
GOOFS_p_TCGA_b117_118_SNP_N_GenomeWideSNP_6_C09_777996	17	37666806	38477271	410	2.5992
GOOFS_p_TCGA_b117_118_SNP_N_GenomeWideSNP_6_C09_777996	17	38480657	38856662	206	0.7293
GOOFS_p_TCGA_b117_118_SNP_N_GenomeWideSNP_6_C09_777996	17	38857494	38983071	84	1.092
GOOFS_p_TCGA_b117_118_SNP_N_GenomeWideSNP_6_C09_777996	17	38983551	43533182	2457	-0.2757
GOOFS_p_TCGA_b117_118_SNP_N_GenomeWideSNP_6_C09_777996	17	43537168	43574226	11	0.5867
GOOFS_p_TCGA_b117_118_SNP_N_GenomeWideSNP_6_C09_777996	17	43574411	44401067	478	-0.2942
GOOFS_p_TCGA_b117_118_SNP_N_GenomeWideSNP_6_C09_777996	17	44408662	44722831	37	-0.8218
GOOFS_p_TCGA_b117_118_SNP_N_GenomeWideSNP_6_C09_777996	17	44722842	46521781	914	-0.2788
GOOFS_p_TCGA_b117_118_SNP_N_GenomeWideSNP_6_C09_777996	17	46522539	46753887	110	-0.0095
GOOFS_p_TCGA_b117_118_SNP_N_GenomeWideSNP_6_C09_777996	17	46756779	47356100	337	-0.3301
GOOFS_p_TCGA_b117_118_SNP_N_GenomeWideSNP_6_C09_777996	17	47371922	47463169	65	1.0587
GOOFS_p_TCGA_b117_118_SNP_N_GenomeWideSNP_6_C09_777996	17	47471552	47477635	6	-0.2501
GOOFS_p_TCGA_b117_118_SNP_N_GenomeWideSNP_6_C09_777996	17	47480653	47509780	21	1.2209
GOOFS_p_TCGA_b117_118_SNP_N_GenomeWideSNP_6_C09_777996	17	47513874	52228185	2950	-0.2691
GOOFS_p_TCGA_b117_118_SNP_N_GenomeWideSNP_6_C09_777996	17	52231985	53187496	592	1.2666
GOOFS_p_TCGA_b117_118_SNP_N_GenomeWideSNP_6_C09_777996	17	53193781	54407001	1036	0.036
GOOFS_p_TCGA_b117_118_SNP_N_GenomeWideSNP_6_C09_777996	17	54407111	56363513	1428	-0.2892
GOOFS_p_TCGA_b117_118_SNP_N_GenomeWideSNP_6_C09_777996	17	56368303	56882083	253	2.0274
GOOFS_p_TCGA_b117_118_SNP_N_GenomeWideSNP_6_C09_777996	17	56882315	57597164	319	-0.2864
GOOFS_p_TCGA_b117_118_SNP_N_GenomeWideSNP_6_C09_777996	17	57599128	57929535	141	2.0749
GOOFS_p_TCGA_b117_118_SNP_N_GenomeWideSNP_6_C09_777996	17	57929589	58318314	166	2.8271
GOOFS_p_TCGA_b117_118_SNP_N_GenomeWideSNP_6_C09_777996	17	58322659	59075614	384	1.7954
GOOFS_p_TCGA_b117_118_SNP_N_GenomeWideSNP_6_C09_777996	17	59079666	59380391	155	0.021
GOOFS_p_TCGA_b117_118_SNP_N_GenomeWideSNP_6_C09_777996	17	59384567	59536610	104	1.9787
GOOFS_p_TCGA_b117_118_SNP_N_GenomeWideSNP_6_C09_777996	17	59538663	59604928	42	0.0093
GOOFS_p_TCGA_b117_118_SNP_N_GenomeWideSNP_6_C09_777996	17	59611085	60028441	201	2.0037
GOOFS_p_TCGA_b117_118_SNP_N_GenomeWideSNP_6_C09_777996	17	60031493	60123052	45	1.1705
GOOFS_p_TCGA_b117_118_SNP_N_GenomeWideSNP_6_C09_777996	17	60131289	61234735	508	2.0631
GOOFS_p_TCGA_b117_118_SNP_N_GenomeWideSNP_6_C09_777996	17	61235696	61750154	225	0.9585
GOOFS_p_TCGA_b117_118_SNP_N_GenomeWideSNP_6_C09_777996	17	61754654	62409586	376	2.2792
GOOFS_p_TCGA_b117_118_SNP_N_GenomeWideSNP_6_C09_777996	17	62410571	62581511	64	1.1595
GOOFS_p_TCGA_b117_118_SNP_N_GenomeWideSNP_6_C09_777996	17	62587822	62744281	74	1.588
GOOFS_p_TCGA_b117_118_SNP_N_GenomeWideSNP_6_C09_777996	17	62747456	62812526	22	1.3152
GOOFS_p_TCGA_b117_118_SNP_N_GenomeWideSNP_6_C09_777996	17	62834899	62932398	15	0.6677
GOOFS_p_TCGA_b117_118_SNP_N_GenomeWideSNP_6_C09_777996	17	62947855	63320984	259	1.2444
GOOFS_p_TCGA_b117_118_SNP_N_GenomeWideSNP_6_C09_777996	17	63321572	63559219	158	2.1608
GOOFS_p_TCGA_b117_118_SNP_N_GenomeWideSNP_6_C09_777996	17	63561592	64719949	787	0.6365
GOOFS_p_TCGA_b117_118_SNP_N_GenomeWideSNP_6_C09_777996	17	64721603	64937423	189	1.7971
GOOFS_p_TCGA_b117_118_SNP_N_GenomeWideSNP_6_C09_777996	17	64938097	65771774	523	0.572
GOOFS_p_TCGA_b117_118_SNP_N_GenomeWideSNP_6_C09_777996	17	65772218	65989014	93	0.2228
GOOFS_p_TCGA_b117_118_SNP_N_GenomeWideSNP_6_C09_777996	17	65994627	66703569	401	1.6143
GOOFS_p_TCGA_b117_118_SNP_N_GenomeWideSNP_6_C09_777996	17	66705009	67490230	514	2.1964
GOOFS_p_TCGA_b117_118_SNP_N_GenomeWideSNP_6_C09_777996	17	67502138	67765799	170	1.4602
GOOFS_p_TCGA_b117_118_SNP_N_GenomeWideSNP_6_C09_777996	17	67768491	68166353	289	2.263
GOOFS_p_TCGA_b117_118_SNP_N_GenomeWideSNP_6_C09_777996	17	68167507	68377864	185	2.8278
GOOFS_p_TCGA_b117_118_SNP_N_GenomeWideSNP_6_C09_777996	17	68381166	68490855	85	2.2949
GOOFS_p_TCGA_b117_118_SNP_N_GenomeWideSNP_6_C09_777996	17	68492891	68568429	44	2.8381
GOOFS_p_TCGA_b117_118_SNP_N_GenomeWideSNP_6_C09_777996	17	68569325	68610061	27	2.485
GOOFS_p_TCGA_b117_118_SNP_N_GenomeWideSNP_6_C09_777996	17	68610815	68620316	17	2.0355
GOOFS_p_TCGA_b117_118_SNP_N_GenomeWideSNP_6_C09_777996	17	68623636	71468267	2265	0.6035
GOOFS_p_TCGA_b117_118_SNP_N_GenomeWideSNP_6_C09_777996	17	71468346	71746148	222	0.3131
GOOFS_p_TCGA_b117_118_SNP_N_GenomeWideSNP_6_C09_777996	17	71746227	71746784	7	-0.1676
GOOFS_p_TCGA_b117_118_SNP_N_GenomeWideSNP_6_C09_777996	17	71746851	71766157	18	0.3828
GOOFS_p_TCGA_b117_118_SNP_N_GenomeWideSNP_6_C09_777996	17	71768124	71973275	141	-0.3425
GOOFS_p_TCGA_b117_118_SNP_N_GenomeWideSNP_6_C09_777996	17	71974027	72179980	154	0.234
GOOFS_p_TCGA_b117_118_SNP_N_GenomeWideSNP_6_C09_777996	17	72182479	72188501	4	0.9851
GOOFS_p_TCGA_b117_118_SNP_N_GenomeWideSNP_6_C09_777996	17	72188546	72248801	32	0.319
GOOFS_p_TCGA_b117_118_SNP_N_GenomeWideSNP_6_C09_777996	17	72249229	81049726	4474	-0.2848
GOOFS_p_TCGA_b117_118_SNP_N_GenomeWideSNP_6_C09_777996	18	11543	63762300	40420	0.0259
GOOFS_p_TCGA_b117_118_SNP_N_GenomeWideSNP_6_C09_777996	18	63767140	63767922	3	-1.2713
GOOFS_p_TCGA_b117_118_SNP_N_GenomeWideSNP_6_C09_777996	18	63775595	78015057	10376	0.0357
GOOFS_p_TCGA_b117_118_SNP_N_GenomeWideSNP_6_C09_777996	19	90910	35849322	16808	-0.002
GOOFS_p_TCGA_b117_118_SNP_N_GenomeWideSNP_6_C09_777996	19	35849493	35861848	22	-1.5064
GOOFS_p_TCGA_b117_118_SNP_N_GenomeWideSNP_6_C09_777996	19	35866744	59097854	12503	-5e-04
GOOFS_p_TCGA_b117_118_SNP_N_GenomeWideSNP_6_C09_777996	20	61305	1560999	1205	0.2595
GOOFS_p_TCGA_b117_118_SNP_N_GenomeWideSNP_6_C09_777996	20	1561580	1593893	41	-0.594
GOOFS_p_TCGA_b117_118_SNP_N_GenomeWideSNP_6_C09_777996	20	1597946	44722011	27995	0.2229
GOOFS_p_TCGA_b117_118_SNP_N_GenomeWideSNP_6_C09_777996	20	44722320	44730763	8	1.4548
GOOFS_p_TCGA_b117_118_SNP_N_GenomeWideSNP_6_C09_777996	20	44734296	44804798	58	2.451
GOOFS_p_TCGA_b117_118_SNP_N_GenomeWideSNP_6_C09_777996	20	44813304	48586060	2710	0.0308
GOOFS_p_TCGA_b117_118_SNP_N_GenomeWideSNP_6_C09_777996	20	48587353	49261894	492	1.492
GOOFS_p_TCGA_b117_118_SNP_N_GenomeWideSNP_6_C09_777996	20	49268596	50007080	501	1.2305
GOOFS_p_TCGA_b117_118_SNP_N_GenomeWideSNP_6_C09_777996	20	50008792	50012453	5	1.8778
GOOFS_p_TCGA_b117_118_SNP_N_GenomeWideSNP_6_C09_777996	20	50012548	50036343	19	1.1113
GOOFS_p_TCGA_b117_118_SNP_N_GenomeWideSNP_6_C09_777996	20	50042220	50120334	67	1.656
GOOFS_p_TCGA_b117_118_SNP_N_GenomeWideSNP_6_C09_777996	20	50121520	50130329	6	2.2553
GOOFS_p_TCGA_b117_118_SNP_N_GenomeWideSNP_6_C09_777996	20	50131999	50142212	12	1.6362
GOOFS_p_TCGA_b117_118_SNP_N_GenomeWideSNP_6_C09_777996	20	50143976	50853887	503	1.1669
GOOFS_p_TCGA_b117_118_SNP_N_GenomeWideSNP_6_C09_777996	20	50855624	50935474	46	0.4033
GOOFS_p_TCGA_b117_118_SNP_N_GenomeWideSNP_6_C09_777996	20	50939247	51551395	457	2.173
GOOFS_p_TCGA_b117_118_SNP_N_GenomeWideSNP_6_C09_777996	20	51551601	51590534	31	1.2472
GOOFS_p_TCGA_b117_118_SNP_N_GenomeWideSNP_6_C09_777996	20	51591277	51613433	15	1.9496
GOOFS_p_TCGA_b117_118_SNP_N_GenomeWideSNP_6_C09_777996	20	51621922	51959331	308	1.1783
GOOFS_p_TCGA_b117_118_SNP_N_GenomeWideSNP_6_C09_777996	20	51959965	52127087	124	0.9082
GOOFS_p_TCGA_b117_118_SNP_N_GenomeWideSNP_6_C09_777996	20	52129664	52652360	395	1.9991
GOOFS_p_TCGA_b117_118_SNP_N_GenomeWideSNP_6_C09_777996	20	52652478	52998427	355	2.2641
GOOFS_p_TCGA_b117_118_SNP_N_GenomeWideSNP_6_C09_777996	20	53002694	53315227	240	1.8495
GOOFS_p_TCGA_b117_118_SNP_N_GenomeWideSNP_6_C09_777996	20	53317016	54705473	1133	-0.6777
GOOFS_p_TCGA_b117_118_SNP_N_GenomeWideSNP_6_C09_777996	20	54706646	54774563	50	-0.2861
GOOFS_p_TCGA_b117_118_SNP_N_GenomeWideSNP_6_C09_777996	20	54775682	54781816	9	-0.8029
GOOFS_p_TCGA_b117_118_SNP_N_GenomeWideSNP_6_C09_777996	20	54784978	54888167	120	0.7343
GOOFS_p_TCGA_b117_118_SNP_N_GenomeWideSNP_6_C09_777996	20	54888985	54902790	11	2.1594
GOOFS_p_TCGA_b117_118_SNP_N_GenomeWideSNP_6_C09_777996	20	54903466	55299656	280	0.762
GOOFS_p_TCGA_b117_118_SNP_N_GenomeWideSNP_6_C09_777996	20	55307075	55892461	540	-0.2739
GOOFS_p_TCGA_b117_118_SNP_N_GenomeWideSNP_6_C09_777996	20	55892525	59415170	2782	-0.6952
GOOFS_p_TCGA_b117_118_SNP_N_GenomeWideSNP_6_C09_777996	20	59418180	59500222	84	1.188
GOOFS_p_TCGA_b117_118_SNP_N_GenomeWideSNP_6_C09_777996	20	59502888	59570792	64	-0.6695
GOOFS_p_TCGA_b117_118_SNP_N_GenomeWideSNP_6_C09_777996	20	59573296	59584346	27	2.4317
GOOFS_p_TCGA_b117_118_SNP_N_GenomeWideSNP_6_C09_777996	20	59584388	59781767	219	1.9499
GOOFS_p_TCGA_b117_118_SNP_N_GenomeWideSNP_6_C09_777996	20	59784409	60179532	315	-0.6604
GOOFS_p_TCGA_b117_118_SNP_N_GenomeWideSNP_6_C09_777996	20	60179562	62956153	1224	-0.2491
GOOFS_p_TCGA_b117_118_SNP_N_GenomeWideSNP_6_C09_777996	21	10736871	10954126	37	0.2095
GOOFS_p_TCGA_b117_118_SNP_N_GenomeWideSNP_6_C09_777996	21	10954181	44968053	22593	-0.274
GOOFS_p_TCGA_b117_118_SNP_N_GenomeWideSNP_6_C09_777996	21	44970873	44972812	2	-2.4174
GOOFS_p_TCGA_b117_118_SNP_N_GenomeWideSNP_6_C09_777996	21	44973667	48096957	1764	-0.2718
GOOFS_p_TCGA_b117_118_SNP_N_GenomeWideSNP_6_C09_777996	22	16052528	18624771	1190	-0.2745
GOOFS_p_TCGA_b117_118_SNP_N_GenomeWideSNP_6_C09_777996	22	18626129	18629153	8	-1.3259
GOOFS_p_TCGA_b117_118_SNP_N_GenomeWideSNP_6_C09_777996	22	18630060	38779399	13986	-0.2782
GOOFS_p_TCGA_b117_118_SNP_N_GenomeWideSNP_6_C09_777996	22	38789936	38790131	2	1.7039
GOOFS_p_TCGA_b117_118_SNP_N_GenomeWideSNP_6_C09_777996	22	38790184	51234455	8350	-0.278
GOOFS_p_TCGA_b117_118_SNP_N_GenomeWideSNP_6_C09_777996	X	168477	13597597	8276	0.1504
GOOFS_p_TCGA_b117_118_SNP_N_GenomeWideSNP_6_C09_777996	X	13605759	13607422	5	-0.9372
GOOFS_p_TCGA_b117_118_SNP_N_GenomeWideSNP_6_C09_777996	X	13607881	56797633	24601	0.0788
GOOFS_p_TCGA_b117_118_SNP_N_GenomeWideSNP_6_C09_777996	X	56798119	56808091	7	-0.8888
GOOFS_p_TCGA_b117_118_SNP_N_GenomeWideSNP_6_C09_777996	X	56809037	76335490	7254	-0.1826
GOOFS_p_TCGA_b117_118_SNP_N_GenomeWideSNP_6_C09_777996	X	76349873	76545159	20	-0.7259
GOOFS_p_TCGA_b117_118_SNP_N_GenomeWideSNP_6_C09_777996	X	76546512	89895048	7106	-0.1766
GOOFS_p_TCGA_b117_118_SNP_N_GenomeWideSNP_6_C09_777996	X	89895059	89929979	22	-0.787
GOOFS_p_TCGA_b117_118_SNP_N_GenomeWideSNP_6_C09_777996	X	89933447	106125451	8516	-0.178
GOOFS_p_TCGA_b117_118_SNP_N_GenomeWideSNP_6_C09_777996	X	106130635	106222718	63	0.1541
GOOFS_p_TCGA_b117_118_SNP_N_GenomeWideSNP_6_C09_777996	X	106222998	106223185	4	-0.9363
GOOFS_p_TCGA_b117_118_SNP_N_GenomeWideSNP_6_C09_777996	X	106228540	115145337	4920	0.0929
GOOFS_p_TCGA_b117_118_SNP_N_GenomeWideSNP_6_C09_777996	X	115145755	115150638	2	-2.0451
GOOFS_p_TCGA_b117_118_SNP_N_GenomeWideSNP_6_C09_777996	X	115156419	155182354	23781	0.0825
GOOFS_p_TCGA_b117_118_SNP_N_GenomeWideSNP_6_C09_777996	Y	2650438	2985595	152	-2.5851
GOOFS_p_TCGA_b117_118_SNP_N_GenomeWideSNP_6_C09_777996	Y	2985939	6101425	720	-2.1596
GOOFS_p_TCGA_b117_118_SNP_N_GenomeWideSNP_6_C09_777996	Y	6107901	6281935	77	-3.9483
GOOFS_p_TCGA_b117_118_SNP_N_GenomeWideSNP_6_C09_777996	Y	6282097	7397635	474	-2.4876
GOOFS_p_TCGA_b117_118_SNP_N_GenomeWideSNP_6_C09_777996	Y	7399842	9823373	1222	-2.8213
GOOFS_p_TCGA_b117_118_SNP_N_GenomeWideSNP_6_C09_777996	Y	9826040	15590276	933	-2.513
GOOFS_p_TCGA_b117_118_SNP_N_GenomeWideSNP_6_C09_777996	Y	15590342	15594523	3	-7.8202
GOOFS_p_TCGA_b117_118_SNP_N_GenomeWideSNP_6_C09_777996	Y	15594889	19515512	2058	-2.6477
GOOFS_p_TCGA_b117_118_SNP_N_GenomeWideSNP_6_C09_777996	Y	19516159	21088297	728	-3.2676
GOOFS_p_TCGA_b117_118_SNP_N_GenomeWideSNP_6_C09_777996	Y	21088485	23981777	1084	-2.692
GOOFS_p_TCGA_b117_118_SNP_N_GenomeWideSNP_6_C09_777996	Y	23982659	24370546	86	-3.4158
GOOFS_p_TCGA_b117_118_SNP_N_GenomeWideSNP_6_C09_777996	Y	24372686	24510518	70	-2.4872
GOOFS_p_TCGA_b117_118_SNP_N_GenomeWideSNP_6_C09_777996	Y	24514859	26630929	413	-3.248
GOOFS_p_TCGA_b117_118_SNP_N_GenomeWideSNP_6_C09_777996	Y	26631228	26928589	41	-4.2547
GOOFS_p_TCGA_b117_118_SNP_N_GenomeWideSNP_6_C09_777996	Y	26947771	28423938	387	-3.193
GOOFS_p_TCGA_b117_118_SNP_N_GenomeWideSNP_6_C09_777996	Y	28438116	59018259	183	-2.4104
