Sample	Chromosome	Start	End	Num_Probes	Segment_Mean
HEIGH_p_TCGAb418_19_21_BCR_NSP_GenomeWideSNP_6_G03_1485768	1	61735	229619	23	-0.6403
HEIGH_p_TCGAb418_19_21_BCR_NSP_GenomeWideSNP_6_G03_1485768	1	229677	17089349	8781	-0.0105
HEIGH_p_TCGAb418_19_21_BCR_NSP_GenomeWideSNP_6_G03_1485768	1	17093257	17114712	14	-1.0105
HEIGH_p_TCGAb418_19_21_BCR_NSP_GenomeWideSNP_6_G03_1485768	1	17177045	25595947	5333	-0.0069
HEIGH_p_TCGAb418_19_21_BCR_NSP_GenomeWideSNP_6_G03_1485768	1	25596405	25663344	30	-0.4825
HEIGH_p_TCGAb418_19_21_BCR_NSP_GenomeWideSNP_6_G03_1485768	1	25673154	72763370	28831	-0.003
HEIGH_p_TCGAb418_19_21_BCR_NSP_GenomeWideSNP_6_G03_1485768	1	72768418	72779080	12	1.7324
HEIGH_p_TCGAb418_19_21_BCR_NSP_GenomeWideSNP_6_G03_1485768	1	72779091	72784222	7	-0.1634
HEIGH_p_TCGAb418_19_21_BCR_NSP_GenomeWideSNP_6_G03_1485768	1	72788696	72811148	29	1.7662
HEIGH_p_TCGAb418_19_21_BCR_NSP_GenomeWideSNP_6_G03_1485768	1	72811904	98689515	16688	0.004
HEIGH_p_TCGAb418_19_21_BCR_NSP_GenomeWideSNP_6_G03_1485768	1	98690214	98698557	4	-2.1734
HEIGH_p_TCGAb418_19_21_BCR_NSP_GenomeWideSNP_6_G03_1485768	1	98706905	104103230	3359	0.0049
HEIGH_p_TCGAb418_19_21_BCR_NSP_GenomeWideSNP_6_G03_1485768	1	104109238	104225568	41	0.4844
HEIGH_p_TCGAb418_19_21_BCR_NSP_GenomeWideSNP_6_G03_1485768	1	104239689	106019205	931	-8e-04
HEIGH_p_TCGAb418_19_21_BCR_NSP_GenomeWideSNP_6_G03_1485768	1	106019236	106022375	16	-2.4011
HEIGH_p_TCGAb418_19_21_BCR_NSP_GenomeWideSNP_6_G03_1485768	1	106024055	111376220	3525	-0.0038
HEIGH_p_TCGAb418_19_21_BCR_NSP_GenomeWideSNP_6_G03_1485768	1	111377368	111388226	39	-0.8625
HEIGH_p_TCGAb418_19_21_BCR_NSP_GenomeWideSNP_6_G03_1485768	1	111392067	144081043	6323	0.0055
HEIGH_p_TCGAb418_19_21_BCR_NSP_GenomeWideSNP_6_G03_1485768	1	144471986	144472001	2	2.4866
HEIGH_p_TCGAb418_19_21_BCR_NSP_GenomeWideSNP_6_G03_1485768	1	144527147	152556414	2820	-0.0063
HEIGH_p_TCGAb418_19_21_BCR_NSP_GenomeWideSNP_6_G03_1485768	1	152560284	152586117	23	0.4841
HEIGH_p_TCGAb418_19_21_BCR_NSP_GenomeWideSNP_6_G03_1485768	1	152586238	152759678	176	-0.0032
HEIGH_p_TCGAb418_19_21_BCR_NSP_GenomeWideSNP_6_G03_1485768	1	152761923	152768700	37	-0.4725
HEIGH_p_TCGAb418_19_21_BCR_NSP_GenomeWideSNP_6_G03_1485768	1	152773905	196714873	29537	0.0015
HEIGH_p_TCGAb418_19_21_BCR_NSP_GenomeWideSNP_6_G03_1485768	1	196727850	196801987	91	-0.5977
HEIGH_p_TCGAb418_19_21_BCR_NSP_GenomeWideSNP_6_G03_1485768	1	196802002	240391740	29998	-1e-04
HEIGH_p_TCGAb418_19_21_BCR_NSP_GenomeWideSNP_6_G03_1485768	1	240394015	240394139	6	-2.0583
HEIGH_p_TCGAb418_19_21_BCR_NSP_GenomeWideSNP_6_G03_1485768	1	240396105	248737447	5750	-0.0179
HEIGH_p_TCGAb418_19_21_BCR_NSP_GenomeWideSNP_6_G03_1485768	1	248749194	248795289	30	-0.861
HEIGH_p_TCGAb418_19_21_BCR_NSP_GenomeWideSNP_6_G03_1485768	1	248795852	249224388	148	-0.0678
HEIGH_p_TCGAb418_19_21_BCR_NSP_GenomeWideSNP_6_G03_1485768	2	12784	4913643	3605	-0.0091
HEIGH_p_TCGAb418_19_21_BCR_NSP_GenomeWideSNP_6_G03_1485768	2	4913700	4915899	8	-0.9678
HEIGH_p_TCGAb418_19_21_BCR_NSP_GenomeWideSNP_6_G03_1485768	2	4915947	24599249	14314	0.0029
HEIGH_p_TCGAb418_19_21_BCR_NSP_GenomeWideSNP_6_G03_1485768	2	24601511	24611128	20	-0.828
HEIGH_p_TCGAb418_19_21_BCR_NSP_GenomeWideSNP_6_G03_1485768	2	24611727	34717483	6175	-1e-04
HEIGH_p_TCGAb418_19_21_BCR_NSP_GenomeWideSNP_6_G03_1485768	2	34717668	34737163	22	0.7254
HEIGH_p_TCGAb418_19_21_BCR_NSP_GenomeWideSNP_6_G03_1485768	2	34737556	35975973	876	-0.0174
HEIGH_p_TCGAb418_19_21_BCR_NSP_GenomeWideSNP_6_G03_1485768	2	35977790	35987947	7	-1.8078
HEIGH_p_TCGAb418_19_21_BCR_NSP_GenomeWideSNP_6_G03_1485768	2	35997473	41238235	3945	-0.0032
HEIGH_p_TCGAb418_19_21_BCR_NSP_GenomeWideSNP_6_G03_1485768	2	41238443	41245887	23	-0.6869
HEIGH_p_TCGAb418_19_21_BCR_NSP_GenomeWideSNP_6_G03_1485768	2	41251233	52754881	8192	0.0015
HEIGH_p_TCGAb418_19_21_BCR_NSP_GenomeWideSNP_6_G03_1485768	2	52758753	52781542	33	0.4771
HEIGH_p_TCGAb418_19_21_BCR_NSP_GenomeWideSNP_6_G03_1485768	2	52787949	65902188	8388	-0.0031
HEIGH_p_TCGAb418_19_21_BCR_NSP_GenomeWideSNP_6_G03_1485768	2	65904240	65904980	2	-1.9778
HEIGH_p_TCGAb418_19_21_BCR_NSP_GenomeWideSNP_6_G03_1485768	2	65907591	70540113	3282	-7e-04
HEIGH_p_TCGAb418_19_21_BCR_NSP_GenomeWideSNP_6_G03_1485768	2	70542919	70545888	6	-1.2854
HEIGH_p_TCGAb418_19_21_BCR_NSP_GenomeWideSNP_6_G03_1485768	2	70550426	98118212	12396	0.0059
HEIGH_p_TCGAb418_19_21_BCR_NSP_GenomeWideSNP_6_G03_1485768	2	98140747	98162189	9	-1.5194
HEIGH_p_TCGAb418_19_21_BCR_NSP_GenomeWideSNP_6_G03_1485768	2	98166878	133280843	20823	0.0011
HEIGH_p_TCGAb418_19_21_BCR_NSP_GenomeWideSNP_6_G03_1485768	2	133280984	133302575	46	0.4638
HEIGH_p_TCGAb418_19_21_BCR_NSP_GenomeWideSNP_6_G03_1485768	2	133313845	138503602	3515	0.015
HEIGH_p_TCGAb418_19_21_BCR_NSP_GenomeWideSNP_6_G03_1485768	2	138505147	138512353	10	-0.7703
HEIGH_p_TCGAb418_19_21_BCR_NSP_GenomeWideSNP_6_G03_1485768	2	138515452	146864429	5141	0.0061
HEIGH_p_TCGAb418_19_21_BCR_NSP_GenomeWideSNP_6_G03_1485768	2	146864443	146877806	23	-0.3866
HEIGH_p_TCGAb418_19_21_BCR_NSP_GenomeWideSNP_6_G03_1485768	2	146878395	180061655	20289	0.0096
HEIGH_p_TCGAb418_19_21_BCR_NSP_GenomeWideSNP_6_G03_1485768	2	180067192	180076663	2	-2.0741
HEIGH_p_TCGAb418_19_21_BCR_NSP_GenomeWideSNP_6_G03_1485768	2	180079144	180418388	222	-0.0124
HEIGH_p_TCGAb418_19_21_BCR_NSP_GenomeWideSNP_6_G03_1485768	2	180418490	180421906	25	-1.2044
HEIGH_p_TCGAb418_19_21_BCR_NSP_GenomeWideSNP_6_G03_1485768	2	180422121	239865114	36838	0.0036
HEIGH_p_TCGAb418_19_21_BCR_NSP_GenomeWideSNP_6_G03_1485768	2	239865136	239869897	5	-0.9984
HEIGH_p_TCGAb418_19_21_BCR_NSP_GenomeWideSNP_6_G03_1485768	2	239884404	243089456	1753	9e-04
HEIGH_p_TCGAb418_19_21_BCR_NSP_GenomeWideSNP_6_G03_1485768	3	60345	46793377	33236	-0.0058
HEIGH_p_TCGAb418_19_21_BCR_NSP_GenomeWideSNP_6_G03_1485768	3	46801817	46849589	40	-2.7125
HEIGH_p_TCGAb418_19_21_BCR_NSP_GenomeWideSNP_6_G03_1485768	3	46859479	107701253	35791	8e-04
HEIGH_p_TCGAb418_19_21_BCR_NSP_GenomeWideSNP_6_G03_1485768	3	107703473	107703776	9	-1.1967
HEIGH_p_TCGAb418_19_21_BCR_NSP_GenomeWideSNP_6_G03_1485768	3	107706609	114655782	4247	-0.0019
HEIGH_p_TCGAb418_19_21_BCR_NSP_GenomeWideSNP_6_G03_1485768	3	114660592	114660944	6	-0.9792
HEIGH_p_TCGAb418_19_21_BCR_NSP_GenomeWideSNP_6_G03_1485768	3	114668950	129762859	9251	-0.0023
HEIGH_p_TCGAb418_19_21_BCR_NSP_GenomeWideSNP_6_G03_1485768	3	129763698	129806236	52	0.5042
HEIGH_p_TCGAb418_19_21_BCR_NSP_GenomeWideSNP_6_G03_1485768	3	129806924	162532950	20288	-0.0026
HEIGH_p_TCGAb418_19_21_BCR_NSP_GenomeWideSNP_6_G03_1485768	3	162534730	162540490	6	1.0996
HEIGH_p_TCGAb418_19_21_BCR_NSP_GenomeWideSNP_6_G03_1485768	3	162545716	197838578	21944	-0.0089
HEIGH_p_TCGAb418_19_21_BCR_NSP_GenomeWideSNP_6_G03_1485768	3	197845216	197896118	20	-0.701
HEIGH_p_TCGAb418_19_21_BCR_NSP_GenomeWideSNP_6_G03_1485768	4	12281	12365010	7616	-0.0028
HEIGH_p_TCGAb418_19_21_BCR_NSP_GenomeWideSNP_6_G03_1485768	4	12369885	12384916	41	-0.9563
HEIGH_p_TCGAb418_19_21_BCR_NSP_GenomeWideSNP_6_G03_1485768	4	12386473	21372003	6382	0.002
HEIGH_p_TCGAb418_19_21_BCR_NSP_GenomeWideSNP_6_G03_1485768	4	21372039	21376851	14	-0.714
HEIGH_p_TCGAb418_19_21_BCR_NSP_GenomeWideSNP_6_G03_1485768	4	21383740	34778962	8758	-0.0061
HEIGH_p_TCGAb418_19_21_BCR_NSP_GenomeWideSNP_6_G03_1485768	4	34778975	34824725	43	-0.5994
HEIGH_p_TCGAb418_19_21_BCR_NSP_GenomeWideSNP_6_G03_1485768	4	34829872	57543222	12197	-0.0021
HEIGH_p_TCGAb418_19_21_BCR_NSP_GenomeWideSNP_6_G03_1485768	4	57543320	57544766	12	-0.9367
HEIGH_p_TCGAb418_19_21_BCR_NSP_GenomeWideSNP_6_G03_1485768	4	57545031	69372003	7286	-1e-04
HEIGH_p_TCGAb418_19_21_BCR_NSP_GenomeWideSNP_6_G03_1485768	4	69374941	69536788	71	0.2851
HEIGH_p_TCGAb418_19_21_BCR_NSP_GenomeWideSNP_6_G03_1485768	4	69537152	73420212	2248	-0.0138
HEIGH_p_TCGAb418_19_21_BCR_NSP_GenomeWideSNP_6_G03_1485768	4	73420838	73425312	10	-1.1107
HEIGH_p_TCGAb418_19_21_BCR_NSP_GenomeWideSNP_6_G03_1485768	4	73426703	122281973	29850	-0.003
HEIGH_p_TCGAb418_19_21_BCR_NSP_GenomeWideSNP_6_G03_1485768	4	122282468	122285135	28	-3.0611
HEIGH_p_TCGAb418_19_21_BCR_NSP_GenomeWideSNP_6_G03_1485768	4	122291131	125459405	1734	-0.0056
HEIGH_p_TCGAb418_19_21_BCR_NSP_GenomeWideSNP_6_G03_1485768	4	125460351	125462935	3	-1.5197
HEIGH_p_TCGAb418_19_21_BCR_NSP_GenomeWideSNP_6_G03_1485768	4	125463025	130584697	3026	-0.0021
HEIGH_p_TCGAb418_19_21_BCR_NSP_GenomeWideSNP_6_G03_1485768	4	130585860	130587231	2	-1.5388
HEIGH_p_TCGAb418_19_21_BCR_NSP_GenomeWideSNP_6_G03_1485768	4	130588289	151876351	12537	-0.0034
HEIGH_p_TCGAb418_19_21_BCR_NSP_GenomeWideSNP_6_G03_1485768	4	151876406	151884306	23	-0.7125
HEIGH_p_TCGAb418_19_21_BCR_NSP_GenomeWideSNP_6_G03_1485768	4	151884310	156879173	3172	0.0018
HEIGH_p_TCGAb418_19_21_BCR_NSP_GenomeWideSNP_6_G03_1485768	4	156879219	156880481	13	-0.7912
HEIGH_p_TCGAb418_19_21_BCR_NSP_GenomeWideSNP_6_G03_1485768	4	156880606	156968180	79	0.004
HEIGH_p_TCGAb418_19_21_BCR_NSP_GenomeWideSNP_6_G03_1485768	4	156968283	156968298	2	-1.7624
HEIGH_p_TCGAb418_19_21_BCR_NSP_GenomeWideSNP_6_G03_1485768	4	156968473	165665405	5588	-0.0057
HEIGH_p_TCGAb418_19_21_BCR_NSP_GenomeWideSNP_6_G03_1485768	4	165667039	165672949	3	-1.8883
HEIGH_p_TCGAb418_19_21_BCR_NSP_GenomeWideSNP_6_G03_1485768	4	165683917	191027923	16727	-0.007
HEIGH_p_TCGAb418_19_21_BCR_NSP_GenomeWideSNP_6_G03_1485768	5	15532	10268443	8388	-0.0014
HEIGH_p_TCGAb418_19_21_BCR_NSP_GenomeWideSNP_6_G03_1485768	5	10273643	10275870	2	-1.939
HEIGH_p_TCGAb418_19_21_BCR_NSP_GenomeWideSNP_6_G03_1485768	5	10279647	12815780	1832	-0.0067
HEIGH_p_TCGAb418_19_21_BCR_NSP_GenomeWideSNP_6_G03_1485768	5	12815865	12820076	8	0.7609
HEIGH_p_TCGAb418_19_21_BCR_NSP_GenomeWideSNP_6_G03_1485768	5	12824411	24778106	7466	0.0047
HEIGH_p_TCGAb418_19_21_BCR_NSP_GenomeWideSNP_6_G03_1485768	5	24778376	24781828	15	-0.9296
HEIGH_p_TCGAb418_19_21_BCR_NSP_GenomeWideSNP_6_G03_1485768	5	24786926	46251306	13094	-2e-04
HEIGH_p_TCGAb418_19_21_BCR_NSP_GenomeWideSNP_6_G03_1485768	5	46271008	46273502	8	-2.407
HEIGH_p_TCGAb418_19_21_BCR_NSP_GenomeWideSNP_6_G03_1485768	5	46278212	57321646	5078	-0.0072
HEIGH_p_TCGAb418_19_21_BCR_NSP_GenomeWideSNP_6_G03_1485768	5	57326027	57332644	27	-0.7329
HEIGH_p_TCGAb418_19_21_BCR_NSP_GenomeWideSNP_6_G03_1485768	5	57332916	86944511	17381	-0.0014
HEIGH_p_TCGAb418_19_21_BCR_NSP_GenomeWideSNP_6_G03_1485768	5	86944787	86944919	2	-1.7223
HEIGH_p_TCGAb418_19_21_BCR_NSP_GenomeWideSNP_6_G03_1485768	5	86957068	117386617	18884	3e-04
HEIGH_p_TCGAb418_19_21_BCR_NSP_GenomeWideSNP_6_G03_1485768	5	117388422	117389085	11	-0.7545
HEIGH_p_TCGAb418_19_21_BCR_NSP_GenomeWideSNP_6_G03_1485768	5	117404340	140231724	13831	-0.0049
HEIGH_p_TCGAb418_19_21_BCR_NSP_GenomeWideSNP_6_G03_1485768	5	140231739	140231839	3	-2.0638
HEIGH_p_TCGAb418_19_21_BCR_NSP_GenomeWideSNP_6_G03_1485768	5	140241027	147304455	4623	-0.0027
HEIGH_p_TCGAb418_19_21_BCR_NSP_GenomeWideSNP_6_G03_1485768	5	147310364	147341396	17	0.639
HEIGH_p_TCGAb418_19_21_BCR_NSP_GenomeWideSNP_6_G03_1485768	5	147343763	154577292	4935	0.0018
HEIGH_p_TCGAb418_19_21_BCR_NSP_GenomeWideSNP_6_G03_1485768	5	154589901	154596267	7	-1.1876
HEIGH_p_TCGAb418_19_21_BCR_NSP_GenomeWideSNP_6_G03_1485768	5	154597909	175460087	14743	-0.0012
HEIGH_p_TCGAb418_19_21_BCR_NSP_GenomeWideSNP_6_G03_1485768	5	175465689	175469507	2	-3.1497
HEIGH_p_TCGAb418_19_21_BCR_NSP_GenomeWideSNP_6_G03_1485768	5	175470324	177198449	727	-0.0026
HEIGH_p_TCGAb418_19_21_BCR_NSP_GenomeWideSNP_6_G03_1485768	5	177227551	177232605	3	1.9647
HEIGH_p_TCGAb418_19_21_BCR_NSP_GenomeWideSNP_6_G03_1485768	5	177254965	180378888	1815	-0.0087
HEIGH_p_TCGAb418_19_21_BCR_NSP_GenomeWideSNP_6_G03_1485768	5	180380203	180418103	17	-0.9615
HEIGH_p_TCGAb418_19_21_BCR_NSP_GenomeWideSNP_6_G03_1485768	5	180433225	180790320	171	-0.038
HEIGH_p_TCGAb418_19_21_BCR_NSP_GenomeWideSNP_6_G03_1485768	6	149661	285695	115	-0.0829
HEIGH_p_TCGAb418_19_21_BCR_NSP_GenomeWideSNP_6_G03_1485768	6	286393	381149	86	0.3873
HEIGH_p_TCGAb418_19_21_BCR_NSP_GenomeWideSNP_6_G03_1485768	6	382559	2002051	1401	-0.0164
HEIGH_p_TCGAb418_19_21_BCR_NSP_GenomeWideSNP_6_G03_1485768	6	2002196	2002407	2	-1.4627
HEIGH_p_TCGAb418_19_21_BCR_NSP_GenomeWideSNP_6_G03_1485768	6	2005974	2602357	416	-0.0353
HEIGH_p_TCGAb418_19_21_BCR_NSP_GenomeWideSNP_6_G03_1485768	6	2604177	2605198	4	-1.4276
HEIGH_p_TCGAb418_19_21_BCR_NSP_GenomeWideSNP_6_G03_1485768	6	2608796	29837072	19712	-0.0039
HEIGH_p_TCGAb418_19_21_BCR_NSP_GenomeWideSNP_6_G03_1485768	6	29837187	29850380	20	-0.6099
HEIGH_p_TCGAb418_19_21_BCR_NSP_GenomeWideSNP_6_G03_1485768	6	29871636	32430975	1179	-0.024
HEIGH_p_TCGAb418_19_21_BCR_NSP_GenomeWideSNP_6_G03_1485768	6	32431105	32624304	71	-0.3373
HEIGH_p_TCGAb418_19_21_BCR_NSP_GenomeWideSNP_6_G03_1485768	6	32624591	32626618	5	-1.8775
HEIGH_p_TCGAb418_19_21_BCR_NSP_GenomeWideSNP_6_G03_1485768	6	32650612	48930865	10410	0.0018
HEIGH_p_TCGAb418_19_21_BCR_NSP_GenomeWideSNP_6_G03_1485768	6	48931729	48935200	5	-1.0473
HEIGH_p_TCGAb418_19_21_BCR_NSP_GenomeWideSNP_6_G03_1485768	6	48946563	50914326	1119	0.0066
HEIGH_p_TCGAb418_19_21_BCR_NSP_GenomeWideSNP_6_G03_1485768	6	50914796	50914812	3	-1.8639
HEIGH_p_TCGAb418_19_21_BCR_NSP_GenomeWideSNP_6_G03_1485768	6	50916275	53931067	2190	0.0059
HEIGH_p_TCGAb418_19_21_BCR_NSP_GenomeWideSNP_6_G03_1485768	6	53931084	53931855	8	0.823
HEIGH_p_TCGAb418_19_21_BCR_NSP_GenomeWideSNP_6_G03_1485768	6	53935348	55895876	1249	-0.0153
HEIGH_p_TCGAb418_19_21_BCR_NSP_GenomeWideSNP_6_G03_1485768	6	55898843	55906935	7	-0.837
HEIGH_p_TCGAb418_19_21_BCR_NSP_GenomeWideSNP_6_G03_1485768	6	55906949	67038046	4240	-0.0044
HEIGH_p_TCGAb418_19_21_BCR_NSP_GenomeWideSNP_6_G03_1485768	6	67040913	67043192	7	-0.9571
HEIGH_p_TCGAb418_19_21_BCR_NSP_GenomeWideSNP_6_G03_1485768	6	67043235	103734829	23391	-0.0015
HEIGH_p_TCGAb418_19_21_BCR_NSP_GenomeWideSNP_6_G03_1485768	6	103737976	103765470	47	0.5234
HEIGH_p_TCGAb418_19_21_BCR_NSP_GenomeWideSNP_6_G03_1485768	6	103765670	135092064	19665	-0.0013
HEIGH_p_TCGAb418_19_21_BCR_NSP_GenomeWideSNP_6_G03_1485768	6	135094272	135094272	2	-1.9939
HEIGH_p_TCGAb418_19_21_BCR_NSP_GenomeWideSNP_6_G03_1485768	6	135097124	162430993	18407	-0.0011
HEIGH_p_TCGAb418_19_21_BCR_NSP_GenomeWideSNP_6_G03_1485768	6	162433917	162441100	9	-1.1802
HEIGH_p_TCGAb418_19_21_BCR_NSP_GenomeWideSNP_6_G03_1485768	6	162442894	171051005	6145	-0.013
HEIGH_p_TCGAb418_19_21_BCR_NSP_GenomeWideSNP_6_G03_1485768	7	43355	38387443	27546	-0.0062
HEIGH_p_TCGAb418_19_21_BCR_NSP_GenomeWideSNP_6_G03_1485768	7	38391365	38402496	7	-1.2585
HEIGH_p_TCGAb418_19_21_BCR_NSP_GenomeWideSNP_6_G03_1485768	7	38404387	42751965	2964	-0.0046
HEIGH_p_TCGAb418_19_21_BCR_NSP_GenomeWideSNP_6_G03_1485768	7	42752725	42753138	2	-2.7659
HEIGH_p_TCGAb418_19_21_BCR_NSP_GenomeWideSNP_6_G03_1485768	7	42755893	46876091	2506	-0.006
HEIGH_p_TCGAb418_19_21_BCR_NSP_GenomeWideSNP_6_G03_1485768	7	46876106	46885356	37	-1.1244
HEIGH_p_TCGAb418_19_21_BCR_NSP_GenomeWideSNP_6_G03_1485768	7	46887213	54386505	5494	0.0024
HEIGH_p_TCGAb418_19_21_BCR_NSP_GenomeWideSNP_6_G03_1485768	7	54386509	54386517	5	-2.361
HEIGH_p_TCGAb418_19_21_BCR_NSP_GenomeWideSNP_6_G03_1485768	7	54393488	67417160	4383	-0.0148
HEIGH_p_TCGAb418_19_21_BCR_NSP_GenomeWideSNP_6_G03_1485768	7	67420743	67424221	3	-2.0088
HEIGH_p_TCGAb418_19_21_BCR_NSP_GenomeWideSNP_6_G03_1485768	7	67425355	75864024	4011	0.0092
HEIGH_p_TCGAb418_19_21_BCR_NSP_GenomeWideSNP_6_G03_1485768	7	75866271	75871480	3	-2.033
HEIGH_p_TCGAb418_19_21_BCR_NSP_GenomeWideSNP_6_G03_1485768	7	75873894	76179714	96	0.0287
HEIGH_p_TCGAb418_19_21_BCR_NSP_GenomeWideSNP_6_G03_1485768	7	76197430	76709612	261	0.3935
HEIGH_p_TCGAb418_19_21_BCR_NSP_GenomeWideSNP_6_G03_1485768	7	76711915	97385970	13407	-0.0094
HEIGH_p_TCGAb418_19_21_BCR_NSP_GenomeWideSNP_6_G03_1485768	7	97395460	97402475	16	-0.6224
HEIGH_p_TCGAb418_19_21_BCR_NSP_GenomeWideSNP_6_G03_1485768	7	97404240	119156523	12550	-0.0072
HEIGH_p_TCGAb418_19_21_BCR_NSP_GenomeWideSNP_6_G03_1485768	7	119156538	119162447	10	-1.0073
HEIGH_p_TCGAb418_19_21_BCR_NSP_GenomeWideSNP_6_G03_1485768	7	119162730	133785177	8866	-5e-04
HEIGH_p_TCGAb418_19_21_BCR_NSP_GenomeWideSNP_6_G03_1485768	7	133785195	133787087	14	-2.1808
HEIGH_p_TCGAb418_19_21_BCR_NSP_GenomeWideSNP_6_G03_1485768	7	133787146	133789997	7	-0.5549
HEIGH_p_TCGAb418_19_21_BCR_NSP_GenomeWideSNP_6_G03_1485768	7	133790011	133790443	3	-2.3248
HEIGH_p_TCGAb418_19_21_BCR_NSP_GenomeWideSNP_6_G03_1485768	7	133795634	133799197	12	-0.6032
HEIGH_p_TCGAb418_19_21_BCR_NSP_GenomeWideSNP_6_G03_1485768	7	133806244	142474939	5690	-0.0059
HEIGH_p_TCGAb418_19_21_BCR_NSP_GenomeWideSNP_6_G03_1485768	7	142476719	142486045	27	0.6519
HEIGH_p_TCGAb418_19_21_BCR_NSP_GenomeWideSNP_6_G03_1485768	7	142486115	149906520	4513	-0.007
HEIGH_p_TCGAb418_19_21_BCR_NSP_GenomeWideSNP_6_G03_1485768	7	149908842	149909354	3	-2.9564
HEIGH_p_TCGAb418_19_21_BCR_NSP_GenomeWideSNP_6_G03_1485768	7	149916208	153099046	1903	0.0085
HEIGH_p_TCGAb418_19_21_BCR_NSP_GenomeWideSNP_6_G03_1485768	7	153099627	153105671	6	-0.8691
HEIGH_p_TCGAb418_19_21_BCR_NSP_GenomeWideSNP_6_G03_1485768	7	153106476	154884853	1328	0.0057
HEIGH_p_TCGAb418_19_21_BCR_NSP_GenomeWideSNP_6_G03_1485768	7	154884999	154889545	44	-0.8443
HEIGH_p_TCGAb418_19_21_BCR_NSP_GenomeWideSNP_6_G03_1485768	7	154891952	159127004	2775	-0.0097
HEIGH_p_TCGAb418_19_21_BCR_NSP_GenomeWideSNP_6_G03_1485768	8	31254	595875	334	-0.0056
HEIGH_p_TCGAb418_19_21_BCR_NSP_GenomeWideSNP_6_G03_1485768	8	595892	595908	2	3.4738
HEIGH_p_TCGAb418_19_21_BCR_NSP_GenomeWideSNP_6_G03_1485768	8	601043	2246686	1303	-0.012
HEIGH_p_TCGAb418_19_21_BCR_NSP_GenomeWideSNP_6_G03_1485768	8	2247094	2259358	17	-0.6393
HEIGH_p_TCGAb418_19_21_BCR_NSP_GenomeWideSNP_6_G03_1485768	8	2270328	3784187	1776	-0.0044
HEIGH_p_TCGAb418_19_21_BCR_NSP_GenomeWideSNP_6_G03_1485768	8	3787060	3789998	22	-0.9528
HEIGH_p_TCGAb418_19_21_BCR_NSP_GenomeWideSNP_6_G03_1485768	8	3790037	3996813	317	-0.0138
HEIGH_p_TCGAb418_19_21_BCR_NSP_GenomeWideSNP_6_G03_1485768	8	3997063	4004291	34	-1.0097
HEIGH_p_TCGAb418_19_21_BCR_NSP_GenomeWideSNP_6_G03_1485768	8	4004498	7238019	4041	-0.0186
HEIGH_p_TCGAb418_19_21_BCR_NSP_GenomeWideSNP_6_G03_1485768	8	7250380	7809906	151	0.5948
HEIGH_p_TCGAb418_19_21_BCR_NSP_GenomeWideSNP_6_G03_1485768	8	7826922	11893228	3283	-0.0182
HEIGH_p_TCGAb418_19_21_BCR_NSP_GenomeWideSNP_6_G03_1485768	8	11895245	12443055	122	0.3081
HEIGH_p_TCGAb418_19_21_BCR_NSP_GenomeWideSNP_6_G03_1485768	8	12473543	12550682	21	-0.4724
HEIGH_p_TCGAb418_19_21_BCR_NSP_GenomeWideSNP_6_G03_1485768	8	12550768	13804598	1275	-0.0107
HEIGH_p_TCGAb418_19_21_BCR_NSP_GenomeWideSNP_6_G03_1485768	8	13805006	13815335	12	-0.9985
HEIGH_p_TCGAb418_19_21_BCR_NSP_GenomeWideSNP_6_G03_1485768	8	13816066	16197191	2169	-0.0022
HEIGH_p_TCGAb418_19_21_BCR_NSP_GenomeWideSNP_6_G03_1485768	8	16206954	16207123	8	-1.8565
HEIGH_p_TCGAb418_19_21_BCR_NSP_GenomeWideSNP_6_G03_1485768	8	16212084	23402308	5796	-0.0047
HEIGH_p_TCGAb418_19_21_BCR_NSP_GenomeWideSNP_6_G03_1485768	8	23407740	23407871	5	-1.029
HEIGH_p_TCGAb418_19_21_BCR_NSP_GenomeWideSNP_6_G03_1485768	8	23407905	24201600	521	0.0174
HEIGH_p_TCGAb418_19_21_BCR_NSP_GenomeWideSNP_6_G03_1485768	8	24201750	24202359	2	-1.5485
HEIGH_p_TCGAb418_19_21_BCR_NSP_GenomeWideSNP_6_G03_1485768	8	24204531	32678866	6094	0.0051
HEIGH_p_TCGAb418_19_21_BCR_NSP_GenomeWideSNP_6_G03_1485768	8	32683098	32685768	4	0.7988
HEIGH_p_TCGAb418_19_21_BCR_NSP_GenomeWideSNP_6_G03_1485768	8	32686619	32688413	4	2.0718
HEIGH_p_TCGAb418_19_21_BCR_NSP_GenomeWideSNP_6_G03_1485768	8	32692106	39230325	3579	0.004
HEIGH_p_TCGAb418_19_21_BCR_NSP_GenomeWideSNP_6_G03_1485768	8	39230659	39384124	56	0.7488
HEIGH_p_TCGAb418_19_21_BCR_NSP_GenomeWideSNP_6_G03_1485768	8	39384700	40771996	1079	-0.0058
HEIGH_p_TCGAb418_19_21_BCR_NSP_GenomeWideSNP_6_G03_1485768	8	40777852	40778471	2	-2.807
HEIGH_p_TCGAb418_19_21_BCR_NSP_GenomeWideSNP_6_G03_1485768	8	40783680	63213378	11608	-0.0039
HEIGH_p_TCGAb418_19_21_BCR_NSP_GenomeWideSNP_6_G03_1485768	8	63217551	63224085	7	-1.1186
HEIGH_p_TCGAb418_19_21_BCR_NSP_GenomeWideSNP_6_G03_1485768	8	63229146	75308318	7423	0.0021
HEIGH_p_TCGAb418_19_21_BCR_NSP_GenomeWideSNP_6_G03_1485768	8	75319183	75325343	4	-1.3219
HEIGH_p_TCGAb418_19_21_BCR_NSP_GenomeWideSNP_6_G03_1485768	8	75327594	106115738	18215	-0.0048
HEIGH_p_TCGAb418_19_21_BCR_NSP_GenomeWideSNP_6_G03_1485768	8	106118083	106118644	4	-4.4661
HEIGH_p_TCGAb418_19_21_BCR_NSP_GenomeWideSNP_6_G03_1485768	8	106119427	120152010	8702	-0.0064
HEIGH_p_TCGAb418_19_21_BCR_NSP_GenomeWideSNP_6_G03_1485768	8	120154784	120159446	4	-2.4882
HEIGH_p_TCGAb418_19_21_BCR_NSP_GenomeWideSNP_6_G03_1485768	8	120162854	126513026	4222	-0.0023
HEIGH_p_TCGAb418_19_21_BCR_NSP_GenomeWideSNP_6_G03_1485768	8	126516197	126516511	2	-1.9145
HEIGH_p_TCGAb418_19_21_BCR_NSP_GenomeWideSNP_6_G03_1485768	8	126516821	146298155	13725	-0.0049
HEIGH_p_TCGAb418_19_21_BCR_NSP_GenomeWideSNP_6_G03_1485768	9	46587	602903	512	-0.0146
HEIGH_p_TCGAb418_19_21_BCR_NSP_GenomeWideSNP_6_G03_1485768	9	606699	607519	6	-0.6746
HEIGH_p_TCGAb418_19_21_BCR_NSP_GenomeWideSNP_6_G03_1485768	9	607571	641751	57	-0.0116
HEIGH_p_TCGAb418_19_21_BCR_NSP_GenomeWideSNP_6_G03_1485768	9	646036	646656	5	-1.1231
HEIGH_p_TCGAb418_19_21_BCR_NSP_GenomeWideSNP_6_G03_1485768	9	648732	6397144	5579	-0.0062
HEIGH_p_TCGAb418_19_21_BCR_NSP_GenomeWideSNP_6_G03_1485768	9	6399538	6401361	5	-1.2608
HEIGH_p_TCGAb418_19_21_BCR_NSP_GenomeWideSNP_6_G03_1485768	9	6402856	16519711	8833	-0.0125
HEIGH_p_TCGAb418_19_21_BCR_NSP_GenomeWideSNP_6_G03_1485768	9	16519926	16520074	2	-1.8082
HEIGH_p_TCGAb418_19_21_BCR_NSP_GenomeWideSNP_6_G03_1485768	9	16520103	23361805	5454	0.0057
HEIGH_p_TCGAb418_19_21_BCR_NSP_GenomeWideSNP_6_G03_1485768	9	23363115	23373484	8	0.8729
HEIGH_p_TCGAb418_19_21_BCR_NSP_GenomeWideSNP_6_G03_1485768	9	23378488	43511855	10920	-0.002
HEIGH_p_TCGAb418_19_21_BCR_NSP_GenomeWideSNP_6_G03_1485768	9	43518992	43602726	8	-0.4129
HEIGH_p_TCGAb418_19_21_BCR_NSP_GenomeWideSNP_6_G03_1485768	9	43612162	43658083	6	-1.1032
HEIGH_p_TCGAb418_19_21_BCR_NSP_GenomeWideSNP_6_G03_1485768	9	43662908	43800186	21	-0.4438
HEIGH_p_TCGAb418_19_21_BCR_NSP_GenomeWideSNP_6_G03_1485768	9	44114872	44250853	31	-0.0455
HEIGH_p_TCGAb418_19_21_BCR_NSP_GenomeWideSNP_6_G03_1485768	9	44251228	44446136	16	-0.6809
HEIGH_p_TCGAb418_19_21_BCR_NSP_GenomeWideSNP_6_G03_1485768	9	44469328	44824263	32	0.4832
HEIGH_p_TCGAb418_19_21_BCR_NSP_GenomeWideSNP_6_G03_1485768	9	44827045	69479877	288	-0.0378
HEIGH_p_TCGAb418_19_21_BCR_NSP_GenomeWideSNP_6_G03_1485768	9	69492981	69519629	11	-0.7186
HEIGH_p_TCGAb418_19_21_BCR_NSP_GenomeWideSNP_6_G03_1485768	9	69522698	72091267	1020	-0.0035
HEIGH_p_TCGAb418_19_21_BCR_NSP_GenomeWideSNP_6_G03_1485768	9	72097655	72120237	67	0.5182
HEIGH_p_TCGAb418_19_21_BCR_NSP_GenomeWideSNP_6_G03_1485768	9	72120277	138211368	45891	-0.0014
HEIGH_p_TCGAb418_19_21_BCR_NSP_GenomeWideSNP_6_G03_1485768	9	138214105	138216412	3	-3.0015
HEIGH_p_TCGAb418_19_21_BCR_NSP_GenomeWideSNP_6_G03_1485768	9	138217797	140252947	696	-0.0261
HEIGH_p_TCGAb418_19_21_BCR_NSP_GenomeWideSNP_6_G03_1485768	9	140255642	140255833	3	1.2609
HEIGH_p_TCGAb418_19_21_BCR_NSP_GenomeWideSNP_6_G03_1485768	9	140273003	141091394	412	-0.0457
HEIGH_p_TCGAb418_19_21_BCR_NSP_GenomeWideSNP_6_G03_1485768	10	72759	48902376	32223	-0.0017
HEIGH_p_TCGAb418_19_21_BCR_NSP_GenomeWideSNP_6_G03_1485768	10	48928791	49031175	6	-1.1648
HEIGH_p_TCGAb418_19_21_BCR_NSP_GenomeWideSNP_6_G03_1485768	10	49031252	67978859	13061	-0.0011
HEIGH_p_TCGAb418_19_21_BCR_NSP_GenomeWideSNP_6_G03_1485768	10	67980921	67980972	2	-3.2925
HEIGH_p_TCGAb418_19_21_BCR_NSP_GenomeWideSNP_6_G03_1485768	10	67981064	128588288	40894	-4e-04
HEIGH_p_TCGAb418_19_21_BCR_NSP_GenomeWideSNP_6_G03_1485768	10	128591137	128592021	2	-2.4402
HEIGH_p_TCGAb418_19_21_BCR_NSP_GenomeWideSNP_6_G03_1485768	10	128597586	135229141	4684	-0.0063
HEIGH_p_TCGAb418_19_21_BCR_NSP_GenomeWideSNP_6_G03_1485768	10	135229719	135229868	2	-2.2563
HEIGH_p_TCGAb418_19_21_BCR_NSP_GenomeWideSNP_6_G03_1485768	10	135232654	135506704	150	-0.0303
HEIGH_p_TCGAb418_19_21_BCR_NSP_GenomeWideSNP_6_G03_1485768	11	198510	18940870	12755	5e-04
HEIGH_p_TCGAb418_19_21_BCR_NSP_GenomeWideSNP_6_G03_1485768	11	18949072	18961922	55	-1.121
HEIGH_p_TCGAb418_19_21_BCR_NSP_GenomeWideSNP_6_G03_1485768	11	18961935	25423184	5129	2e-04
HEIGH_p_TCGAb418_19_21_BCR_NSP_GenomeWideSNP_6_G03_1485768	11	25425832	25432771	6	-1.3626
HEIGH_p_TCGAb418_19_21_BCR_NSP_GenomeWideSNP_6_G03_1485768	11	25432895	50360136	16245	0.0023
HEIGH_p_TCGAb418_19_21_BCR_NSP_GenomeWideSNP_6_G03_1485768	11	50367359	50403175	18	-0.9676
HEIGH_p_TCGAb418_19_21_BCR_NSP_GenomeWideSNP_6_G03_1485768	11	50417549	55408170	473	-0.0601
HEIGH_p_TCGAb418_19_21_BCR_NSP_GenomeWideSNP_6_G03_1485768	11	55409362	55442318	17	0.5002
HEIGH_p_TCGAb418_19_21_BCR_NSP_GenomeWideSNP_6_G03_1485768	11	55444211	56013798	409	-0.0471
HEIGH_p_TCGAb418_19_21_BCR_NSP_GenomeWideSNP_6_G03_1485768	11	56014779	56016656	3	-1.2957
HEIGH_p_TCGAb418_19_21_BCR_NSP_GenomeWideSNP_6_G03_1485768	11	56016696	63342638	4255	0.0086
HEIGH_p_TCGAb418_19_21_BCR_NSP_GenomeWideSNP_6_G03_1485768	11	63343244	63361442	12	0.5477
HEIGH_p_TCGAb418_19_21_BCR_NSP_GenomeWideSNP_6_G03_1485768	11	63366853	79967504	8619	-0.0028
HEIGH_p_TCGAb418_19_21_BCR_NSP_GenomeWideSNP_6_G03_1485768	11	79967513	79967564	3	-2.2828
HEIGH_p_TCGAb418_19_21_BCR_NSP_GenomeWideSNP_6_G03_1485768	11	79967686	87939148	5667	0.0037
HEIGH_p_TCGAb418_19_21_BCR_NSP_GenomeWideSNP_6_G03_1485768	11	87939294	87939593	2	-2.4672
HEIGH_p_TCGAb418_19_21_BCR_NSP_GenomeWideSNP_6_G03_1485768	11	87939709	134944770	33428	-0.0023
HEIGH_p_TCGAb418_19_21_BCR_NSP_GenomeWideSNP_6_G03_1485768	12	150442	869109	418	-0.0444
HEIGH_p_TCGAb418_19_21_BCR_NSP_GenomeWideSNP_6_G03_1485768	12	869198	874029	17	-1.0899
HEIGH_p_TCGAb418_19_21_BCR_NSP_GenomeWideSNP_6_G03_1485768	12	875354	1072508	129	-0.0073
HEIGH_p_TCGAb418_19_21_BCR_NSP_GenomeWideSNP_6_G03_1485768	12	1072965	1079168	7	-1.1742
HEIGH_p_TCGAb418_19_21_BCR_NSP_GenomeWideSNP_6_G03_1485768	12	1080428	6090694	3858	0.0034
HEIGH_p_TCGAb418_19_21_BCR_NSP_GenomeWideSNP_6_G03_1485768	12	6095274	6097337	3	-1.2492
HEIGH_p_TCGAb418_19_21_BCR_NSP_GenomeWideSNP_6_G03_1485768	12	6097340	11511577	2981	-0.0161
HEIGH_p_TCGAb418_19_21_BCR_NSP_GenomeWideSNP_6_G03_1485768	12	11511578	11543406	31	0.4512
HEIGH_p_TCGAb418_19_21_BCR_NSP_GenomeWideSNP_6_G03_1485768	12	11552192	27647741	11217	-0.0041
HEIGH_p_TCGAb418_19_21_BCR_NSP_GenomeWideSNP_6_G03_1485768	12	27647858	27651362	27	-0.9173
HEIGH_p_TCGAb418_19_21_BCR_NSP_GenomeWideSNP_6_G03_1485768	12	27657161	38053237	5050	-0.012
HEIGH_p_TCGAb418_19_21_BCR_NSP_GenomeWideSNP_6_G03_1485768	12	38053291	38105942	30	-0.7321
HEIGH_p_TCGAb418_19_21_BCR_NSP_GenomeWideSNP_6_G03_1485768	12	38106113	45899825	4739	-0.0075
HEIGH_p_TCGAb418_19_21_BCR_NSP_GenomeWideSNP_6_G03_1485768	12	45904438	45909537	4	-2.4632
HEIGH_p_TCGAb418_19_21_BCR_NSP_GenomeWideSNP_6_G03_1485768	12	45913292	63919989	10650	-0.002
HEIGH_p_TCGAb418_19_21_BCR_NSP_GenomeWideSNP_6_G03_1485768	12	63920585	63939740	6	-1.02
HEIGH_p_TCGAb418_19_21_BCR_NSP_GenomeWideSNP_6_G03_1485768	12	63948151	87404923	14813	-0.003
HEIGH_p_TCGAb418_19_21_BCR_NSP_GenomeWideSNP_6_G03_1485768	12	87407032	87426271	8	-0.9381
HEIGH_p_TCGAb418_19_21_BCR_NSP_GenomeWideSNP_6_G03_1485768	12	87428020	133778189	31054	-0.0011
HEIGH_p_TCGAb418_19_21_BCR_NSP_GenomeWideSNP_6_G03_1485768	13	19026949	57751096	26114	7e-04
HEIGH_p_TCGAb418_19_21_BCR_NSP_GenomeWideSNP_6_G03_1485768	13	57758270	57778380	34	-2.3485
HEIGH_p_TCGAb418_19_21_BCR_NSP_GenomeWideSNP_6_G03_1485768	13	57789714	72476988	9002	-0.0035
HEIGH_p_TCGAb418_19_21_BCR_NSP_GenomeWideSNP_6_G03_1485768	13	72477555	72480556	4	1.1486
HEIGH_p_TCGAb418_19_21_BCR_NSP_GenomeWideSNP_6_G03_1485768	13	72480605	76362739	2817	-0.0017
HEIGH_p_TCGAb418_19_21_BCR_NSP_GenomeWideSNP_6_G03_1485768	13	76363655	76366939	6	-1.1047
HEIGH_p_TCGAb418_19_21_BCR_NSP_GenomeWideSNP_6_G03_1485768	13	76367193	111735210	24540	0.0012
HEIGH_p_TCGAb418_19_21_BCR_NSP_GenomeWideSNP_6_G03_1485768	13	111737340	111737356	2	-3.4827
HEIGH_p_TCGAb418_19_21_BCR_NSP_GenomeWideSNP_6_G03_1485768	13	111738220	115108397	1773	0.0014
HEIGH_p_TCGAb418_19_21_BCR_NSP_GenomeWideSNP_6_G03_1485768	14	19002124	61697813	26407	-0.0036
HEIGH_p_TCGAb418_19_21_BCR_NSP_GenomeWideSNP_6_G03_1485768	14	61701121	61701465	3	-1.5667
HEIGH_p_TCGAb418_19_21_BCR_NSP_GenomeWideSNP_6_G03_1485768	14	61701500	74006707	7914	0.004
HEIGH_p_TCGAb418_19_21_BCR_NSP_GenomeWideSNP_6_G03_1485768	14	74006851	74020979	7	1.057
HEIGH_p_TCGAb418_19_21_BCR_NSP_GenomeWideSNP_6_G03_1485768	14	74029900	106320386	20738	-0.0034
HEIGH_p_TCGAb418_19_21_BCR_NSP_GenomeWideSNP_6_G03_1485768	14	106328269	106328426	3	-1.4753
HEIGH_p_TCGAb418_19_21_BCR_NSP_GenomeWideSNP_6_G03_1485768	14	106328563	106783044	185	-0.0284
HEIGH_p_TCGAb418_19_21_BCR_NSP_GenomeWideSNP_6_G03_1485768	14	106796025	106802053	7	0.9144
HEIGH_p_TCGAb418_19_21_BCR_NSP_GenomeWideSNP_6_G03_1485768	14	106815943	106918649	85	-0.09
HEIGH_p_TCGAb418_19_21_BCR_NSP_GenomeWideSNP_6_G03_1485768	14	106922531	106939788	7	0.9178
HEIGH_p_TCGAb418_19_21_BCR_NSP_GenomeWideSNP_6_G03_1485768	14	106943522	107160325	127	-0.0251
HEIGH_p_TCGAb418_19_21_BCR_NSP_GenomeWideSNP_6_G03_1485768	14	107160399	107179847	20	0.6769
HEIGH_p_TCGAb418_19_21_BCR_NSP_GenomeWideSNP_6_G03_1485768	14	107184184	107285437	69	-0.2036
HEIGH_p_TCGAb418_19_21_BCR_NSP_GenomeWideSNP_6_G03_1485768	15	20016328	20440538	68	0.0562
HEIGH_p_TCGAb418_19_21_BCR_NSP_GenomeWideSNP_6_G03_1485768	15	20446138	20581564	36	-0.3357
HEIGH_p_TCGAb418_19_21_BCR_NSP_GenomeWideSNP_6_G03_1485768	15	20585988	20590027	13	0.526
HEIGH_p_TCGAb418_19_21_BCR_NSP_GenomeWideSNP_6_G03_1485768	15	20590042	20627492	26	-0.4133
HEIGH_p_TCGAb418_19_21_BCR_NSP_GenomeWideSNP_6_G03_1485768	15	20646575	20820067	11	0.5542
HEIGH_p_TCGAb418_19_21_BCR_NSP_GenomeWideSNP_6_G03_1485768	15	20820159	22280477	153	-0.1508
HEIGH_p_TCGAb418_19_21_BCR_NSP_GenomeWideSNP_6_G03_1485768	15	22284954	22587474	114	-0.826
HEIGH_p_TCGAb418_19_21_BCR_NSP_GenomeWideSNP_6_G03_1485768	15	22673399	30519632	4705	-0.0032
HEIGH_p_TCGAb418_19_21_BCR_NSP_GenomeWideSNP_6_G03_1485768	15	30519724	30775994	68	-0.5943
HEIGH_p_TCGAb418_19_21_BCR_NSP_GenomeWideSNP_6_G03_1485768	15	30779591	32621227	1098	-0.012
HEIGH_p_TCGAb418_19_21_BCR_NSP_GenomeWideSNP_6_G03_1485768	15	32631721	32902983	31	-0.4961
HEIGH_p_TCGAb418_19_21_BCR_NSP_GenomeWideSNP_6_G03_1485768	15	32904615	34719935	1489	-0.0048
HEIGH_p_TCGAb418_19_21_BCR_NSP_GenomeWideSNP_6_G03_1485768	15	34722802	34739921	14	-0.6669
HEIGH_p_TCGAb418_19_21_BCR_NSP_GenomeWideSNP_6_G03_1485768	15	34745719	34746462	3	-2.5889
HEIGH_p_TCGAb418_19_21_BCR_NSP_GenomeWideSNP_6_G03_1485768	15	34747343	34855818	52	-0.9981
HEIGH_p_TCGAb418_19_21_BCR_NSP_GenomeWideSNP_6_G03_1485768	15	34858010	62458253	17924	9e-04
HEIGH_p_TCGAb418_19_21_BCR_NSP_GenomeWideSNP_6_G03_1485768	15	62461099	62466171	8	-1.5891
HEIGH_p_TCGAb418_19_21_BCR_NSP_GenomeWideSNP_6_G03_1485768	15	62466284	84540717	12974	-0.0015
HEIGH_p_TCGAb418_19_21_BCR_NSP_GenomeWideSNP_6_G03_1485768	15	84540738	84543550	6	-3.9818
HEIGH_p_TCGAb418_19_21_BCR_NSP_GenomeWideSNP_6_G03_1485768	15	84547277	90505849	4094	-0.0084
HEIGH_p_TCGAb418_19_21_BCR_NSP_GenomeWideSNP_6_G03_1485768	15	90506227	90509969	4	-1.5971
HEIGH_p_TCGAb418_19_21_BCR_NSP_GenomeWideSNP_6_G03_1485768	15	90510119	102469040	9138	-0.0065
HEIGH_p_TCGAb418_19_21_BCR_NSP_GenomeWideSNP_6_G03_1485768	16	60777	78371608	41756	-0.0036
HEIGH_p_TCGAb418_19_21_BCR_NSP_GenomeWideSNP_6_G03_1485768	16	78372440	78383140	15	0.6482
HEIGH_p_TCGAb418_19_21_BCR_NSP_GenomeWideSNP_6_G03_1485768	16	78384738	86153427	8086	-0.0057
HEIGH_p_TCGAb418_19_21_BCR_NSP_GenomeWideSNP_6_G03_1485768	16	86153864	86158850	5	-1.0431
HEIGH_p_TCGAb418_19_21_BCR_NSP_GenomeWideSNP_6_G03_1485768	16	86159002	90287535	2546	-0.0086
HEIGH_p_TCGAb418_19_21_BCR_NSP_GenomeWideSNP_6_G03_1485768	17	526	201460	117	-0.1186
HEIGH_p_TCGAb418_19_21_BCR_NSP_GenomeWideSNP_6_G03_1485768	17	202893	204759	2	-2.1736
HEIGH_p_TCGAb418_19_21_BCR_NSP_GenomeWideSNP_6_G03_1485768	17	204959	39421708	20841	-0.0093
HEIGH_p_TCGAb418_19_21_BCR_NSP_GenomeWideSNP_6_G03_1485768	17	39423014	39430450	23	1.0234
HEIGH_p_TCGAb418_19_21_BCR_NSP_GenomeWideSNP_6_G03_1485768	17	39430531	44191085	2529	-0.0167
HEIGH_p_TCGAb418_19_21_BCR_NSP_GenomeWideSNP_6_G03_1485768	17	44191778	44394414	108	-0.2871
HEIGH_p_TCGAb418_19_21_BCR_NSP_GenomeWideSNP_6_G03_1485768	17	44394420	81049726	21663	-0.0062
HEIGH_p_TCGAb418_19_21_BCR_NSP_GenomeWideSNP_6_G03_1485768	18	11543	64953649	41205	-0.003
HEIGH_p_TCGAb418_19_21_BCR_NSP_GenomeWideSNP_6_G03_1485768	18	64959207	64967265	21	-0.8529
HEIGH_p_TCGAb418_19_21_BCR_NSP_GenomeWideSNP_6_G03_1485768	18	64967718	78015057	9579	-0.0071
HEIGH_p_TCGAb418_19_21_BCR_NSP_GenomeWideSNP_6_G03_1485768	19	90910	59097854	29330	-0.0046
HEIGH_p_TCGAb418_19_21_BCR_NSP_GenomeWideSNP_6_G03_1485768	20	61305	941665	707	-0.02
HEIGH_p_TCGAb418_19_21_BCR_NSP_GenomeWideSNP_6_G03_1485768	20	946462	946498	2	-2.2479
HEIGH_p_TCGAb418_19_21_BCR_NSP_GenomeWideSNP_6_G03_1485768	20	947014	1560951	497	-0.0099
HEIGH_p_TCGAb418_19_21_BCR_NSP_GenomeWideSNP_6_G03_1485768	20	1560999	1593893	42	-0.7083
HEIGH_p_TCGAb418_19_21_BCR_NSP_GenomeWideSNP_6_G03_1485768	20	1597946	62956153	41226	0.0013
HEIGH_p_TCGAb418_19_21_BCR_NSP_GenomeWideSNP_6_G03_1485768	21	10736871	14436791	129	0.0239
HEIGH_p_TCGAb418_19_21_BCR_NSP_GenomeWideSNP_6_G03_1485768	21	14446712	14549965	19	-0.7406
HEIGH_p_TCGAb418_19_21_BCR_NSP_GenomeWideSNP_6_G03_1485768	21	14560710	24223261	6729	-0.0083
HEIGH_p_TCGAb418_19_21_BCR_NSP_GenomeWideSNP_6_G03_1485768	21	24223576	24229673	2	-1.8323
HEIGH_p_TCGAb418_19_21_BCR_NSP_GenomeWideSNP_6_G03_1485768	21	24230154	46931460	16839	5e-04
HEIGH_p_TCGAb418_19_21_BCR_NSP_GenomeWideSNP_6_G03_1485768	21	46933467	46952750	8	-1.304
HEIGH_p_TCGAb418_19_21_BCR_NSP_GenomeWideSNP_6_G03_1485768	21	46953292	48096957	678	-0.0129
HEIGH_p_TCGAb418_19_21_BCR_NSP_GenomeWideSNP_6_G03_1485768	22	16052528	21465672	2848	-0.0372
HEIGH_p_TCGAb418_19_21_BCR_NSP_GenomeWideSNP_6_G03_1485768	22	21465835	21708108	10	-1.09
HEIGH_p_TCGAb418_19_21_BCR_NSP_GenomeWideSNP_6_G03_1485768	22	21721603	36469822	10942	-0.0095
HEIGH_p_TCGAb418_19_21_BCR_NSP_GenomeWideSNP_6_G03_1485768	22	36475682	36501258	15	0.6812
HEIGH_p_TCGAb418_19_21_BCR_NSP_GenomeWideSNP_6_G03_1485768	22	36504576	36833397	239	0.0111
HEIGH_p_TCGAb418_19_21_BCR_NSP_GenomeWideSNP_6_G03_1485768	22	36836408	37009864	131	0.6212
HEIGH_p_TCGAb418_19_21_BCR_NSP_GenomeWideSNP_6_G03_1485768	22	37010854	51234455	9361	-0.0097
HEIGH_p_TCGAb418_19_21_BCR_NSP_GenomeWideSNP_6_G03_1485768	X	168477	2666353	95	-0.8608
HEIGH_p_TCGAb418_19_21_BCR_NSP_GenomeWideSNP_6_G03_1485768	X	2703391	3069345	263	-0.0262
HEIGH_p_TCGAb418_19_21_BCR_NSP_GenomeWideSNP_6_G03_1485768	X	3069568	3070699	3	-1.695
HEIGH_p_TCGAb418_19_21_BCR_NSP_GenomeWideSNP_6_G03_1485768	X	3073671	6457671	2616	0.0129
HEIGH_p_TCGAb418_19_21_BCR_NSP_GenomeWideSNP_6_G03_1485768	X	6458810	6461450	17	-0.5655
HEIGH_p_TCGAb418_19_21_BCR_NSP_GenomeWideSNP_6_G03_1485768	X	6467914	32919110	17336	0.0197
HEIGH_p_TCGAb418_19_21_BCR_NSP_GenomeWideSNP_6_G03_1485768	X	32919715	32920433	2	-2.6467
HEIGH_p_TCGAb418_19_21_BCR_NSP_GenomeWideSNP_6_G03_1485768	X	32924009	32983945	52	-0.0333
HEIGH_p_TCGAb418_19_21_BCR_NSP_GenomeWideSNP_6_G03_1485768	X	32987454	32988258	3	-2.3671
HEIGH_p_TCGAb418_19_21_BCR_NSP_GenomeWideSNP_6_G03_1485768	X	32990039	35392271	1572	0.0264
HEIGH_p_TCGAb418_19_21_BCR_NSP_GenomeWideSNP_6_G03_1485768	X	35392860	35394637	2	-2.3319
HEIGH_p_TCGAb418_19_21_BCR_NSP_GenomeWideSNP_6_G03_1485768	X	35394914	80746832	19800	0.0036
HEIGH_p_TCGAb418_19_21_BCR_NSP_GenomeWideSNP_6_G03_1485768	X	80752646	80770570	10	-1.0583
HEIGH_p_TCGAb418_19_21_BCR_NSP_GenomeWideSNP_6_G03_1485768	X	80782919	88973359	4727	0.008
HEIGH_p_TCGAb418_19_21_BCR_NSP_GenomeWideSNP_6_G03_1485768	X	88974207	88981409	3	-0.7932
HEIGH_p_TCGAb418_19_21_BCR_NSP_GenomeWideSNP_6_G03_1485768	X	88983271	89699899	252	-0.0901
HEIGH_p_TCGAb418_19_21_BCR_NSP_GenomeWideSNP_6_G03_1485768	X	89700649	89742163	11	-0.7295
HEIGH_p_TCGAb418_19_21_BCR_NSP_GenomeWideSNP_6_G03_1485768	X	89747177	89841186	24	0.0036
HEIGH_p_TCGAb418_19_21_BCR_NSP_GenomeWideSNP_6_G03_1485768	X	89843761	90007147	64	-0.4215
HEIGH_p_TCGAb418_19_21_BCR_NSP_GenomeWideSNP_6_G03_1485768	X	90013607	92323173	951	-0.0893
HEIGH_p_TCGAb418_19_21_BCR_NSP_GenomeWideSNP_6_G03_1485768	X	92323279	92337604	38	-0.7094
HEIGH_p_TCGAb418_19_21_BCR_NSP_GenomeWideSNP_6_G03_1485768	X	92344672	140341716	26878	0.0153
HEIGH_p_TCGAb418_19_21_BCR_NSP_GenomeWideSNP_6_G03_1485768	X	140353323	140555300	136	0.6182
HEIGH_p_TCGAb418_19_21_BCR_NSP_GenomeWideSNP_6_G03_1485768	X	140558989	148632178	5564	0.0128
HEIGH_p_TCGAb418_19_21_BCR_NSP_GenomeWideSNP_6_G03_1485768	X	148643710	148654489	10	-0.9259
HEIGH_p_TCGAb418_19_21_BCR_NSP_GenomeWideSNP_6_G03_1485768	X	148686062	148839445	81	-0.0082
HEIGH_p_TCGAb418_19_21_BCR_NSP_GenomeWideSNP_6_G03_1485768	X	148839724	149028760	68	0.5844
HEIGH_p_TCGAb418_19_21_BCR_NSP_GenomeWideSNP_6_G03_1485768	X	149100327	154964055	3162	0.0028
HEIGH_p_TCGAb418_19_21_BCR_NSP_GenomeWideSNP_6_G03_1485768	X	154964089	155182354	17	-0.9725
HEIGH_p_TCGAb418_19_21_BCR_NSP_GenomeWideSNP_6_G03_1485768	Y	2650438	6101425	871	-2.5705
HEIGH_p_TCGAb418_19_21_BCR_NSP_GenomeWideSNP_6_G03_1485768	Y	6107901	6313572	91	-4.0416
HEIGH_p_TCGAb418_19_21_BCR_NSP_GenomeWideSNP_6_G03_1485768	Y	6315579	7350046	439	-2.8989
HEIGH_p_TCGAb418_19_21_BCR_NSP_GenomeWideSNP_6_G03_1485768	Y	7350390	9823373	1244	-3.3096
HEIGH_p_TCGAb418_19_21_BCR_NSP_GenomeWideSNP_6_G03_1485768	Y	9826040	15024621	679	-2.9923
HEIGH_p_TCGAb418_19_21_BCR_NSP_GenomeWideSNP_6_G03_1485768	Y	15026424	15030817	5	-6.6689
HEIGH_p_TCGAb418_19_21_BCR_NSP_GenomeWideSNP_6_G03_1485768	Y	15032288	15590276	249	-3.0473
HEIGH_p_TCGAb418_19_21_BCR_NSP_GenomeWideSNP_6_G03_1485768	Y	15590342	15594523	3	-7.1092
HEIGH_p_TCGAb418_19_21_BCR_NSP_GenomeWideSNP_6_G03_1485768	Y	15594889	19574890	2082	-3.1386
HEIGH_p_TCGAb418_19_21_BCR_NSP_GenomeWideSNP_6_G03_1485768	Y	19576544	21029230	674	-3.7964
HEIGH_p_TCGAb418_19_21_BCR_NSP_GenomeWideSNP_6_G03_1485768	Y	21035425	24516975	1277	-3.2477
HEIGH_p_TCGAb418_19_21_BCR_NSP_GenomeWideSNP_6_G03_1485768	Y	24525360	26427522	371	-3.774
HEIGH_p_TCGAb418_19_21_BCR_NSP_GenomeWideSNP_6_G03_1485768	Y	26430674	26482387	21	-2.1838
HEIGH_p_TCGAb418_19_21_BCR_NSP_GenomeWideSNP_6_G03_1485768	Y	26489997	27315972	100	-4.2107
HEIGH_p_TCGAb418_19_21_BCR_NSP_GenomeWideSNP_6_G03_1485768	Y	27367487	27720551	93	-3.042
HEIGH_p_TCGAb418_19_21_BCR_NSP_GenomeWideSNP_6_G03_1485768	Y	27721084	28452016	258	-3.8854
HEIGH_p_TCGAb418_19_21_BCR_NSP_GenomeWideSNP_6_G03_1485768	Y	28457337	59018259	176	-2.6989
