Sample	Chromosome	Start	End	Num_Probes	Segment_Mean
HELVE_p_TCGA_b139_154_155_SNP_N_GenomeWideSNP_6_H09_808542	1	61735	1628826	229	0.0746
HELVE_p_TCGA_b139_154_155_SNP_N_GenomeWideSNP_6_H09_808542	1	1642103	1672603	14	-0.517
HELVE_p_TCGA_b139_154_155_SNP_N_GenomeWideSNP_6_H09_808542	1	1687587	6437061	2752	0.0217
HELVE_p_TCGA_b139_154_155_SNP_N_GenomeWideSNP_6_H09_808542	1	6439953	6445278	3	-1.1644
HELVE_p_TCGA_b139_154_155_SNP_N_GenomeWideSNP_6_H09_808542	1	6449638	16830583	5723	0.0216
HELVE_p_TCGA_b139_154_155_SNP_N_GenomeWideSNP_6_H09_808542	1	16830820	17005734	49	0.4967
HELVE_p_TCGA_b139_154_155_SNP_N_GenomeWideSNP_6_H09_808542	1	17005776	17012741	14	-0.1593
HELVE_p_TCGA_b139_154_155_SNP_N_GenomeWideSNP_6_H09_808542	1	17012785	17190862	48	0.4914
HELVE_p_TCGA_b139_154_155_SNP_N_GenomeWideSNP_6_H09_808542	1	17195155	19939449	1967	-0.0051
HELVE_p_TCGA_b139_154_155_SNP_N_GenomeWideSNP_6_H09_808542	1	19942002	19942931	2	-1.3677
HELVE_p_TCGA_b139_154_155_SNP_N_GenomeWideSNP_6_H09_808542	1	19943823	30738504	5787	0.0208
HELVE_p_TCGA_b139_154_155_SNP_N_GenomeWideSNP_6_H09_808542	1	30738534	30739796	4	-1.2605
HELVE_p_TCGA_b139_154_155_SNP_N_GenomeWideSNP_6_H09_808542	1	30741496	72768418	26426	0.013
HELVE_p_TCGA_b139_154_155_SNP_N_GenomeWideSNP_6_H09_808542	1	72768498	72811148	47	1.4247
HELVE_p_TCGA_b139_154_155_SNP_N_GenomeWideSNP_6_H09_808542	1	72811904	89475255	10972	0.0194
HELVE_p_TCGA_b139_154_155_SNP_N_GenomeWideSNP_6_H09_808542	1	89477958	89478205	2	-2.514
HELVE_p_TCGA_b139_154_155_SNP_N_GenomeWideSNP_6_H09_808542	1	89481524	101619376	7563	0.0171
HELVE_p_TCGA_b139_154_155_SNP_N_GenomeWideSNP_6_H09_808542	1	101620239	101620326	2	-2.0792
HELVE_p_TCGA_b139_154_155_SNP_N_GenomeWideSNP_6_H09_808542	1	101620370	102685030	794	0.0093
HELVE_p_TCGA_b139_154_155_SNP_N_GenomeWideSNP_6_H09_808542	1	102685626	102744012	40	-0.33
HELVE_p_TCGA_b139_154_155_SNP_N_GenomeWideSNP_6_H09_808542	1	102744309	104157317	699	0.032
HELVE_p_TCGA_b139_154_155_SNP_N_GenomeWideSNP_6_H09_808542	1	104157336	104239986	20	0.6196
HELVE_p_TCGA_b139_154_155_SNP_N_GenomeWideSNP_6_H09_808542	1	104256880	110224384	3598	0.0051
HELVE_p_TCGA_b139_154_155_SNP_N_GenomeWideSNP_6_H09_808542	1	110224427	110242953	32	0.8486
HELVE_p_TCGA_b139_154_155_SNP_N_GenomeWideSNP_6_H09_808542	1	110244998	144842558	7215	0.0212
HELVE_p_TCGA_b139_154_155_SNP_N_GenomeWideSNP_6_H09_808542	1	144849539	144868360	5	1.3419
HELVE_p_TCGA_b139_154_155_SNP_N_GenomeWideSNP_6_H09_808542	1	144869084	152759678	2996	0.059
HELVE_p_TCGA_b139_154_155_SNP_N_GenomeWideSNP_6_H09_808542	1	152761923	152767467	21	0.3538
HELVE_p_TCGA_b139_154_155_SNP_N_GenomeWideSNP_6_H09_808542	1	152767482	152768700	16	0.7496
HELVE_p_TCGA_b139_154_155_SNP_N_GenomeWideSNP_6_H09_808542	1	152773905	174796405	14854	0.0108
HELVE_p_TCGA_b139_154_155_SNP_N_GenomeWideSNP_6_H09_808542	1	174796556	174797505	10	-0.774
HELVE_p_TCGA_b139_154_155_SNP_N_GenomeWideSNP_6_H09_808542	1	174797577	196731610	14663	0.0111
HELVE_p_TCGA_b139_154_155_SNP_N_GenomeWideSNP_6_H09_808542	1	196732086	196905159	157	-0.7789
HELVE_p_TCGA_b139_154_155_SNP_N_GenomeWideSNP_6_H09_808542	1	196909645	228693055	21074	0.0167
HELVE_p_TCGA_b139_154_155_SNP_N_GenomeWideSNP_6_H09_808542	1	228699515	228702618	3	-1.3815
HELVE_p_TCGA_b139_154_155_SNP_N_GenomeWideSNP_6_H09_808542	1	228703289	229811169	728	0.0167
HELVE_p_TCGA_b139_154_155_SNP_N_GenomeWideSNP_6_H09_808542	1	229816856	229820485	5	0.7917
HELVE_p_TCGA_b139_154_155_SNP_N_GenomeWideSNP_6_H09_808542	1	229820531	231874302	1477	0.0157
HELVE_p_TCGA_b139_154_155_SNP_N_GenomeWideSNP_6_H09_808542	1	231876767	231876982	2	-1.4982
HELVE_p_TCGA_b139_154_155_SNP_N_GenomeWideSNP_6_H09_808542	1	231877073	243142309	8795	0.0091
HELVE_p_TCGA_b139_154_155_SNP_N_GenomeWideSNP_6_H09_808542	1	243145593	243268959	17	0.6192
HELVE_p_TCGA_b139_154_155_SNP_N_GenomeWideSNP_6_H09_808542	1	243272648	248709670	3570	0.0164
HELVE_p_TCGA_b139_154_155_SNP_N_GenomeWideSNP_6_H09_808542	1	248713868	248805339	39	-0.4992
HELVE_p_TCGA_b139_154_155_SNP_N_GenomeWideSNP_6_H09_808542	1	248808557	249224388	144	0.0691
HELVE_p_TCGA_b139_154_155_SNP_N_GenomeWideSNP_6_H09_808542	2	12784	1786221	1158	0.0137
HELVE_p_TCGA_b139_154_155_SNP_N_GenomeWideSNP_6_H09_808542	2	1786522	1789960	3	-1.5531
HELVE_p_TCGA_b139_154_155_SNP_N_GenomeWideSNP_6_H09_808542	2	1790637	4213864	1827	0.0159
HELVE_p_TCGA_b139_154_155_SNP_N_GenomeWideSNP_6_H09_808542	2	4214200	4224019	41	0.4261
HELVE_p_TCGA_b139_154_155_SNP_N_GenomeWideSNP_6_H09_808542	2	4230062	5736039	1158	0.0039
HELVE_p_TCGA_b139_154_155_SNP_N_GenomeWideSNP_6_H09_808542	2	5736321	5737113	3	-2.1089
HELVE_p_TCGA_b139_154_155_SNP_N_GenomeWideSNP_6_H09_808542	2	5737581	34691069	19908	0.0131
HELVE_p_TCGA_b139_154_155_SNP_N_GenomeWideSNP_6_H09_808542	2	34699315	34737163	47	0.6197
HELVE_p_TCGA_b139_154_155_SNP_N_GenomeWideSNP_6_H09_808542	2	34737556	40332851	4049	0.0015
HELVE_p_TCGA_b139_154_155_SNP_N_GenomeWideSNP_6_H09_808542	2	40335410	40336640	4	-1.5626
HELVE_p_TCGA_b139_154_155_SNP_N_GenomeWideSNP_6_H09_808542	2	40338067	47437558	5442	0.0108
HELVE_p_TCGA_b139_154_155_SNP_N_GenomeWideSNP_6_H09_808542	2	47437830	47445567	3	-1.4422
HELVE_p_TCGA_b139_154_155_SNP_N_GenomeWideSNP_6_H09_808542	2	47446812	52754561	3540	0.0118
HELVE_p_TCGA_b139_154_155_SNP_N_GenomeWideSNP_6_H09_808542	2	52754728	52754881	3	-1.5005
HELVE_p_TCGA_b139_154_155_SNP_N_GenomeWideSNP_6_H09_808542	2	52758753	52781542	33	0.62
HELVE_p_TCGA_b139_154_155_SNP_N_GenomeWideSNP_6_H09_808542	2	52787949	52808702	19	0.0482
HELVE_p_TCGA_b139_154_155_SNP_N_GenomeWideSNP_6_H09_808542	2	52811714	52811730	2	-1.6637
HELVE_p_TCGA_b139_154_155_SNP_N_GenomeWideSNP_6_H09_808542	2	52812187	59546538	4695	9e-04
HELVE_p_TCGA_b139_154_155_SNP_N_GenomeWideSNP_6_H09_808542	2	59546545	59548055	3	-1.7392
HELVE_p_TCGA_b139_154_155_SNP_N_GenomeWideSNP_6_H09_808542	2	59550979	90237916	18289	0.0199
HELVE_p_TCGA_b139_154_155_SNP_N_GenomeWideSNP_6_H09_808542	2	90240473	90242076	2	-1.8777
HELVE_p_TCGA_b139_154_155_SNP_N_GenomeWideSNP_6_H09_808542	2	90242268	98118212	1058	0.0731
HELVE_p_TCGA_b139_154_155_SNP_N_GenomeWideSNP_6_H09_808542	2	98140747	98162189	9	1.0997
HELVE_p_TCGA_b139_154_155_SNP_N_GenomeWideSNP_6_H09_808542	2	98166878	106874649	5570	0.0099
HELVE_p_TCGA_b139_154_155_SNP_N_GenomeWideSNP_6_H09_808542	2	106874722	106885357	13	0.551
HELVE_p_TCGA_b139_154_155_SNP_N_GenomeWideSNP_6_H09_808542	2	106887255	107418036	274	0.0054
HELVE_p_TCGA_b139_154_155_SNP_N_GenomeWideSNP_6_H09_808542	2	107419243	107420409	4	-1.1312
HELVE_p_TCGA_b139_154_155_SNP_N_GenomeWideSNP_6_H09_808542	2	107421536	129638078	13160	0.0151
HELVE_p_TCGA_b139_154_155_SNP_N_GenomeWideSNP_6_H09_808542	2	129638478	129640297	14	-0.8114
HELVE_p_TCGA_b139_154_155_SNP_N_GenomeWideSNP_6_H09_808542	2	129640315	130795379	879	0.0199
HELVE_p_TCGA_b139_154_155_SNP_N_GenomeWideSNP_6_H09_808542	2	130817339	130849237	10	0.9807
HELVE_p_TCGA_b139_154_155_SNP_N_GenomeWideSNP_6_H09_808542	2	130849304	164643488	20187	0.0187
HELVE_p_TCGA_b139_154_155_SNP_N_GenomeWideSNP_6_H09_808542	2	164643588	164645126	4	-1.2174
HELVE_p_TCGA_b139_154_155_SNP_N_GenomeWideSNP_6_H09_808542	2	164646642	179133995	9167	0.0118
HELVE_p_TCGA_b139_154_155_SNP_N_GenomeWideSNP_6_H09_808542	2	179134960	179137143	3	-1.587
HELVE_p_TCGA_b139_154_155_SNP_N_GenomeWideSNP_6_H09_808542	2	179138517	184794400	3526	0.0139
HELVE_p_TCGA_b139_154_155_SNP_N_GenomeWideSNP_6_H09_808542	2	184794514	184802315	15	-0.5226
HELVE_p_TCGA_b139_154_155_SNP_N_GenomeWideSNP_6_H09_808542	2	184802441	213181322	16720	0.0128
HELVE_p_TCGA_b139_154_155_SNP_N_GenomeWideSNP_6_H09_808542	2	213186549	213191825	25	-1.0118
HELVE_p_TCGA_b139_154_155_SNP_N_GenomeWideSNP_6_H09_808542	2	213192126	229262292	10511	0.0125
HELVE_p_TCGA_b139_154_155_SNP_N_GenomeWideSNP_6_H09_808542	2	229264414	229266374	2	-2.4858
HELVE_p_TCGA_b139_154_155_SNP_N_GenomeWideSNP_6_H09_808542	2	229268856	243089456	8544	0.0159
HELVE_p_TCGA_b139_154_155_SNP_N_GenomeWideSNP_6_H09_808542	3	60345	53023211	35758	0.0113
HELVE_p_TCGA_b139_154_155_SNP_N_GenomeWideSNP_6_H09_808542	3	53028375	53039279	40	-0.6325
HELVE_p_TCGA_b139_154_155_SNP_N_GenomeWideSNP_6_H09_808542	3	53039455	65199568	9579	0.0158
HELVE_p_TCGA_b139_154_155_SNP_N_GenomeWideSNP_6_H09_808542	3	65199702	65203712	12	0.6675
HELVE_p_TCGA_b139_154_155_SNP_N_GenomeWideSNP_6_H09_808542	3	65206904	68746164	2429	-8e-04
HELVE_p_TCGA_b139_154_155_SNP_N_GenomeWideSNP_6_H09_808542	3	68746259	68747413	14	-1.0913
HELVE_p_TCGA_b139_154_155_SNP_N_GenomeWideSNP_6_H09_808542	3	68748758	70549484	1422	0.0059
HELVE_p_TCGA_b139_154_155_SNP_N_GenomeWideSNP_6_H09_808542	3	70549516	70550462	3	-1.4583
HELVE_p_TCGA_b139_154_155_SNP_N_GenomeWideSNP_6_H09_808542	3	70550712	75500764	3478	0.0184
HELVE_p_TCGA_b139_154_155_SNP_N_GenomeWideSNP_6_H09_808542	3	75507394	75776919	78	0.3786
HELVE_p_TCGA_b139_154_155_SNP_N_GenomeWideSNP_6_H09_808542	3	75782551	78971626	1915	0.0104
HELVE_p_TCGA_b139_154_155_SNP_N_GenomeWideSNP_6_H09_808542	3	78972040	78973537	2	-1.5922
HELVE_p_TCGA_b139_154_155_SNP_N_GenomeWideSNP_6_H09_808542	3	78974179	98937784	9039	0.0186
HELVE_p_TCGA_b139_154_155_SNP_N_GenomeWideSNP_6_H09_808542	3	98944458	98949308	36	0.3734
HELVE_p_TCGA_b139_154_155_SNP_N_GenomeWideSNP_6_H09_808542	3	98949314	107033464	4773	0.0146
HELVE_p_TCGA_b139_154_155_SNP_N_GenomeWideSNP_6_H09_808542	3	107035798	107036184	2	1.5455
HELVE_p_TCGA_b139_154_155_SNP_N_GenomeWideSNP_6_H09_808542	3	107039461	129746627	13945	0.0177
HELVE_p_TCGA_b139_154_155_SNP_N_GenomeWideSNP_6_H09_808542	3	129747156	129851863	84	0.5089
HELVE_p_TCGA_b139_154_155_SNP_N_GenomeWideSNP_6_H09_808542	3	129856480	141430083	7207	0.02
HELVE_p_TCGA_b139_154_155_SNP_N_GenomeWideSNP_6_H09_808542	3	141430157	141432064	2	-2.3348
HELVE_p_TCGA_b139_154_155_SNP_N_GenomeWideSNP_6_H09_808542	3	141436474	141756886	187	0.0203
HELVE_p_TCGA_b139_154_155_SNP_N_GenomeWideSNP_6_H09_808542	3	141764803	141770001	2	-1.5051
HELVE_p_TCGA_b139_154_155_SNP_N_GenomeWideSNP_6_H09_808542	3	141772787	162714517	13004	0.0145
HELVE_p_TCGA_b139_154_155_SNP_N_GenomeWideSNP_6_H09_808542	3	162717727	162719562	2	-2.5584
HELVE_p_TCGA_b139_154_155_SNP_N_GenomeWideSNP_6_H09_808542	3	162726159	192877962	19108	0.0121
HELVE_p_TCGA_b139_154_155_SNP_N_GenomeWideSNP_6_H09_808542	3	192878045	192882903	18	-1.0275
HELVE_p_TCGA_b139_154_155_SNP_N_GenomeWideSNP_6_H09_808542	3	192886435	195285898	1485	0.0193
HELVE_p_TCGA_b139_154_155_SNP_N_GenomeWideSNP_6_H09_808542	3	195383142	195456048	36	0.559
HELVE_p_TCGA_b139_154_155_SNP_N_GenomeWideSNP_6_H09_808542	3	195456889	197896118	1182	0.0234
HELVE_p_TCGA_b139_154_155_SNP_N_GenomeWideSNP_6_H09_808542	4	12281	69520	61	0.3147
HELVE_p_TCGA_b139_154_155_SNP_N_GenomeWideSNP_6_H09_808542	4	69713	3885808	1580	0.0142
HELVE_p_TCGA_b139_154_155_SNP_N_GenomeWideSNP_6_H09_808542	4	3897744	4176629	79	0.3587
HELVE_p_TCGA_b139_154_155_SNP_N_GenomeWideSNP_6_H09_808542	4	4177173	10210390	4080	0.0233
HELVE_p_TCGA_b139_154_155_SNP_N_GenomeWideSNP_6_H09_808542	4	10214160	10231498	29	-1.6559
HELVE_p_TCGA_b139_154_155_SNP_N_GenomeWideSNP_6_H09_808542	4	10234214	32394074	15627	0.0114
HELVE_p_TCGA_b139_154_155_SNP_N_GenomeWideSNP_6_H09_808542	4	32400551	32400599	4	-1.1447
HELVE_p_TCGA_b139_154_155_SNP_N_GenomeWideSNP_6_H09_808542	4	32401513	34779054	1348	-0.0253
HELVE_p_TCGA_b139_154_155_SNP_N_GenomeWideSNP_6_H09_808542	4	34786500	34829949	42	-0.3621
HELVE_p_TCGA_b139_154_155_SNP_N_GenomeWideSNP_6_H09_808542	4	34830004	36012853	766	-0.0129
HELVE_p_TCGA_b139_154_155_SNP_N_GenomeWideSNP_6_H09_808542	4	36013141	36015518	8	-0.6797
HELVE_p_TCGA_b139_154_155_SNP_N_GenomeWideSNP_6_H09_808542	4	36017518	44753278	5671	0.0048
HELVE_p_TCGA_b139_154_155_SNP_N_GenomeWideSNP_6_H09_808542	4	44755989	44756502	4	-1.3745
HELVE_p_TCGA_b139_154_155_SNP_N_GenomeWideSNP_6_H09_808542	4	44756755	49089374	2508	0.003
HELVE_p_TCGA_b139_154_155_SNP_N_GenomeWideSNP_6_H09_808542	4	49093786	49297235	21	0.5134
HELVE_p_TCGA_b139_154_155_SNP_N_GenomeWideSNP_6_H09_808542	4	49309854	69420117	10522	0.0154
HELVE_p_TCGA_b139_154_155_SNP_N_GenomeWideSNP_6_H09_808542	4	69426448	69489335	42	0.7713
HELVE_p_TCGA_b139_154_155_SNP_N_GenomeWideSNP_6_H09_808542	4	69505115	78171898	5292	0.0214
HELVE_p_TCGA_b139_154_155_SNP_N_GenomeWideSNP_6_H09_808542	4	78171925	78200471	53	0.2743
HELVE_p_TCGA_b139_154_155_SNP_N_GenomeWideSNP_6_H09_808542	4	78200796	86823705	5365	0.0202
HELVE_p_TCGA_b139_154_155_SNP_N_GenomeWideSNP_6_H09_808542	4	86825557	86836423	7	-0.9516
HELVE_p_TCGA_b139_154_155_SNP_N_GenomeWideSNP_6_H09_808542	4	86837843	115179049	17018	0.0134
HELVE_p_TCGA_b139_154_155_SNP_N_GenomeWideSNP_6_H09_808542	4	115179352	115182175	13	1.017
HELVE_p_TCGA_b139_154_155_SNP_N_GenomeWideSNP_6_H09_808542	4	115184229	122281973	4346	0.0157
HELVE_p_TCGA_b139_154_155_SNP_N_GenomeWideSNP_6_H09_808542	4	122282468	122291522	30	-0.6482
HELVE_p_TCGA_b139_154_155_SNP_N_GenomeWideSNP_6_H09_808542	4	122291627	130062751	4354	0.014
HELVE_p_TCGA_b139_154_155_SNP_N_GenomeWideSNP_6_H09_808542	4	130067546	130068160	2	-2.4724
HELVE_p_TCGA_b139_154_155_SNP_N_GenomeWideSNP_6_H09_808542	4	130072563	152789786	13400	0.0148
HELVE_p_TCGA_b139_154_155_SNP_N_GenomeWideSNP_6_H09_808542	4	152791533	152792891	13	-0.8383
HELVE_p_TCGA_b139_154_155_SNP_N_GenomeWideSNP_6_H09_808542	4	152794796	152794859	3	0.9767
HELVE_p_TCGA_b139_154_155_SNP_N_GenomeWideSNP_6_H09_808542	4	152795388	172369346	12557	0.0143
HELVE_p_TCGA_b139_154_155_SNP_N_GenomeWideSNP_6_H09_808542	4	172374884	172377776	12	-0.6935
HELVE_p_TCGA_b139_154_155_SNP_N_GenomeWideSNP_6_H09_808542	4	172380371	172987928	396	0.0308
HELVE_p_TCGA_b139_154_155_SNP_N_GenomeWideSNP_6_H09_808542	4	172989148	172989533	12	0.8574
HELVE_p_TCGA_b139_154_155_SNP_N_GenomeWideSNP_6_H09_808542	4	172995979	190778092	12043	0.0087
HELVE_p_TCGA_b139_154_155_SNP_N_GenomeWideSNP_6_H09_808542	4	190778266	191027923	66	0.3566
HELVE_p_TCGA_b139_154_155_SNP_N_GenomeWideSNP_6_H09_808542	5	15532	12800889	10211	0.0172
HELVE_p_TCGA_b139_154_155_SNP_N_GenomeWideSNP_6_H09_808542	5	12815780	12826650	11	0.6948
HELVE_p_TCGA_b139_154_155_SNP_N_GenomeWideSNP_6_H09_808542	5	12833857	17828138	3339	0.0139
HELVE_p_TCGA_b139_154_155_SNP_N_GenomeWideSNP_6_H09_808542	5	17828853	17829787	3	-1.7306
HELVE_p_TCGA_b139_154_155_SNP_N_GenomeWideSNP_6_H09_808542	5	17833659	21376844	2150	-0.0067
HELVE_p_TCGA_b139_154_155_SNP_N_GenomeWideSNP_6_H09_808542	5	21377839	21377853	2	-1.8137
HELVE_p_TCGA_b139_154_155_SNP_N_GenomeWideSNP_6_H09_808542	5	21386066	46251306	15057	0.014
HELVE_p_TCGA_b139_154_155_SNP_N_GenomeWideSNP_6_H09_808542	5	46271008	46273502	8	-1.1478
HELVE_p_TCGA_b139_154_155_SNP_N_GenomeWideSNP_6_H09_808542	5	46278212	57321646	5078	0.0151
HELVE_p_TCGA_b139_154_155_SNP_N_GenomeWideSNP_6_H09_808542	5	57326027	57333533	32	2.4076
HELVE_p_TCGA_b139_154_155_SNP_N_GenomeWideSNP_6_H09_808542	5	57338357	62764638	3570	0.0126
HELVE_p_TCGA_b139_154_155_SNP_N_GenomeWideSNP_6_H09_808542	5	62765781	62790824	10	-0.5458
HELVE_p_TCGA_b139_154_155_SNP_N_GenomeWideSNP_6_H09_808542	5	62790942	70254906	3740	0.0153
HELVE_p_TCGA_b139_154_155_SNP_N_GenomeWideSNP_6_H09_808542	5	70306659	70391185	7	-1.0819
HELVE_p_TCGA_b139_154_155_SNP_N_GenomeWideSNP_6_H09_808542	5	70391253	92539513	13051	0.0129
HELVE_p_TCGA_b139_154_155_SNP_N_GenomeWideSNP_6_H09_808542	5	92545556	92546833	2	-2.1202
HELVE_p_TCGA_b139_154_155_SNP_N_GenomeWideSNP_6_H09_808542	5	92548485	98807614	3555	0.0106
HELVE_p_TCGA_b139_154_155_SNP_N_GenomeWideSNP_6_H09_808542	5	98809033	98863633	20	0.4656
HELVE_p_TCGA_b139_154_155_SNP_N_GenomeWideSNP_6_H09_808542	5	98864211	103851221	2903	5e-04
HELVE_p_TCGA_b139_154_155_SNP_N_GenomeWideSNP_6_H09_808542	5	103860373	103860604	4	-1.3733
HELVE_p_TCGA_b139_154_155_SNP_N_GenomeWideSNP_6_H09_808542	5	103861049	180790320	50286	0.0154
HELVE_p_TCGA_b139_154_155_SNP_N_GenomeWideSNP_6_H09_808542	6	149661	23833447	18291	0.0201
HELVE_p_TCGA_b139_154_155_SNP_N_GenomeWideSNP_6_H09_808542	6	23833992	23835343	2	-2.4649
HELVE_p_TCGA_b139_154_155_SNP_N_GenomeWideSNP_6_H09_808542	6	23835993	26728640	1964	0.0011
HELVE_p_TCGA_b139_154_155_SNP_N_GenomeWideSNP_6_H09_808542	6	26728859	26755915	18	0.5744
HELVE_p_TCGA_b139_154_155_SNP_N_GenomeWideSNP_6_H09_808542	6	26758030	26849331	40	0.1976
HELVE_p_TCGA_b139_154_155_SNP_N_GenomeWideSNP_6_H09_808542	6	26851798	26904759	5	0.5893
HELVE_p_TCGA_b139_154_155_SNP_N_GenomeWideSNP_6_H09_808542	6	26904828	29850274	1419	0.0174
HELVE_p_TCGA_b139_154_155_SNP_N_GenomeWideSNP_6_H09_808542	6	29850366	29914220	21	-0.6802
HELVE_p_TCGA_b139_154_155_SNP_N_GenomeWideSNP_6_H09_808542	6	29914615	32452929	1169	0.0097
HELVE_p_TCGA_b139_154_155_SNP_N_GenomeWideSNP_6_H09_808542	6	32454275	32561295	30	1.1057
HELVE_p_TCGA_b139_154_155_SNP_N_GenomeWideSNP_6_H09_808542	6	32570046	32605576	26	0.3718
HELVE_p_TCGA_b139_154_155_SNP_N_GenomeWideSNP_6_H09_808542	6	32605884	69138056	20767	0.0173
HELVE_p_TCGA_b139_154_155_SNP_N_GenomeWideSNP_6_H09_808542	6	69138329	69142008	2	-3.1157
HELVE_p_TCGA_b139_154_155_SNP_N_GenomeWideSNP_6_H09_808542	6	69146027	74591858	3488	0.0169
HELVE_p_TCGA_b139_154_155_SNP_N_GenomeWideSNP_6_H09_808542	6	74592225	74601410	10	0.6851
HELVE_p_TCGA_b139_154_155_SNP_N_GenomeWideSNP_6_H09_808542	6	74603555	77436532	1767	0.0139
HELVE_p_TCGA_b139_154_155_SNP_N_GenomeWideSNP_6_H09_808542	6	77439868	77443247	11	-0.8261
HELVE_p_TCGA_b139_154_155_SNP_N_GenomeWideSNP_6_H09_808542	6	77446199	103734829	16575	0.013
HELVE_p_TCGA_b139_154_155_SNP_N_GenomeWideSNP_6_H09_808542	6	103737976	103762061	46	-0.8985
HELVE_p_TCGA_b139_154_155_SNP_N_GenomeWideSNP_6_H09_808542	6	103765470	153640890	32046	0.0152
HELVE_p_TCGA_b139_154_155_SNP_N_GenomeWideSNP_6_H09_808542	6	153647708	153656875	9	-0.8554
HELVE_p_TCGA_b139_154_155_SNP_N_GenomeWideSNP_6_H09_808542	6	153662425	154963666	947	0.0185
HELVE_p_TCGA_b139_154_155_SNP_N_GenomeWideSNP_6_H09_808542	6	154964514	154965837	2	-1.238
HELVE_p_TCGA_b139_154_155_SNP_N_GenomeWideSNP_6_H09_808542	6	154966267	161032565	3942	0.0174
HELVE_p_TCGA_b139_154_155_SNP_N_GenomeWideSNP_6_H09_808542	6	161032719	161033283	5	1.2974
HELVE_p_TCGA_b139_154_155_SNP_N_GenomeWideSNP_6_H09_808542	6	161068042	162615988	1286	0.0197
HELVE_p_TCGA_b139_154_155_SNP_N_GenomeWideSNP_6_H09_808542	6	162617012	162841446	169	-1.1291
HELVE_p_TCGA_b139_154_155_SNP_N_GenomeWideSNP_6_H09_808542	6	162841881	171051005	5797	0.0151
HELVE_p_TCGA_b139_154_155_SNP_N_GenomeWideSNP_6_H09_808542	7	43355	148300	91	0.0513
HELVE_p_TCGA_b139_154_155_SNP_N_GenomeWideSNP_6_H09_808542	7	155066	158626	10	-0.7214
HELVE_p_TCGA_b139_154_155_SNP_N_GenomeWideSNP_6_H09_808542	7	161442	1813406	420	0.0199
HELVE_p_TCGA_b139_154_155_SNP_N_GenomeWideSNP_6_H09_808542	7	1816397	1817997	2	-1.389
HELVE_p_TCGA_b139_154_155_SNP_N_GenomeWideSNP_6_H09_808542	7	1819139	6876185	2931	0.0231
HELVE_p_TCGA_b139_154_155_SNP_N_GenomeWideSNP_6_H09_808542	7	6882252	7057254	60	0.339
HELVE_p_TCGA_b139_154_155_SNP_N_GenomeWideSNP_6_H09_808542	7	7057830	54380373	35038	0.013
HELVE_p_TCGA_b139_154_155_SNP_N_GenomeWideSNP_6_H09_808542	7	54386505	54386517	6	1.4326
HELVE_p_TCGA_b139_154_155_SNP_N_GenomeWideSNP_6_H09_808542	7	54393488	62909524	2424	0.0501
HELVE_p_TCGA_b139_154_155_SNP_N_GenomeWideSNP_6_H09_808542	7	62916262	63083340	14	0.5058
HELVE_p_TCGA_b139_154_155_SNP_N_GenomeWideSNP_6_H09_808542	7	63084553	64568852	699	0.0282
HELVE_p_TCGA_b139_154_155_SNP_N_GenomeWideSNP_6_H09_808542	7	64594065	64637128	7	1.2205
HELVE_p_TCGA_b139_154_155_SNP_N_GenomeWideSNP_6_H09_808542	7	64638157	70420438	3150	0.0201
HELVE_p_TCGA_b139_154_155_SNP_N_GenomeWideSNP_6_H09_808542	7	70423250	70426141	2	-2.1299
HELVE_p_TCGA_b139_154_155_SNP_N_GenomeWideSNP_6_H09_808542	7	70428243	71997205	1067	0.0063
HELVE_p_TCGA_b139_154_155_SNP_N_GenomeWideSNP_6_H09_808542	7	71997529	72002782	3	1.0111
HELVE_p_TCGA_b139_154_155_SNP_N_GenomeWideSNP_6_H09_808542	7	72003242	76108761	1111	0.0311
HELVE_p_TCGA_b139_154_155_SNP_N_GenomeWideSNP_6_H09_808542	7	76135730	76143625	6	-0.857
HELVE_p_TCGA_b139_154_155_SNP_N_GenomeWideSNP_6_H09_808542	7	76143782	76161308	9	0.1202
HELVE_p_TCGA_b139_154_155_SNP_N_GenomeWideSNP_6_H09_808542	7	76161422	76574201	256	-0.5728
HELVE_p_TCGA_b139_154_155_SNP_N_GenomeWideSNP_6_H09_808542	7	76596904	126045556	30109	0.0108
HELVE_p_TCGA_b139_154_155_SNP_N_GenomeWideSNP_6_H09_808542	7	126045651	126046878	13	1.0632
HELVE_p_TCGA_b139_154_155_SNP_N_GenomeWideSNP_6_H09_808542	7	126046879	133778652	4701	0.0139
HELVE_p_TCGA_b139_154_155_SNP_N_GenomeWideSNP_6_H09_808542	7	133785177	133799197	38	0.5001
HELVE_p_TCGA_b139_154_155_SNP_N_GenomeWideSNP_6_H09_808542	7	133806244	141770532	5204	0.0199
HELVE_p_TCGA_b139_154_155_SNP_N_GenomeWideSNP_6_H09_808542	7	141770627	141799117	36	0.3838
HELVE_p_TCGA_b139_154_155_SNP_N_GenomeWideSNP_6_H09_808542	7	141799160	143218858	943	0.0497
HELVE_p_TCGA_b139_154_155_SNP_N_GenomeWideSNP_6_H09_808542	7	143218968	143408430	33	-0.3978
HELVE_p_TCGA_b139_154_155_SNP_N_GenomeWideSNP_6_H09_808542	7	143425378	143430576	16	0.1584
HELVE_p_TCGA_b139_154_155_SNP_N_GenomeWideSNP_6_H09_808542	7	143431034	143448400	9	-0.232
HELVE_p_TCGA_b139_154_155_SNP_N_GenomeWideSNP_6_H09_808542	7	143452888	143470139	3	0.1541
HELVE_p_TCGA_b139_154_155_SNP_N_GenomeWideSNP_6_H09_808542	7	143470187	143568059	40	-0.3897
HELVE_p_TCGA_b139_154_155_SNP_N_GenomeWideSNP_6_H09_808542	7	143572166	143873952	268	0.0111
HELVE_p_TCGA_b139_154_155_SNP_N_GenomeWideSNP_6_H09_808542	7	143896252	143938313	12	0.6453
HELVE_p_TCGA_b139_154_155_SNP_N_GenomeWideSNP_6_H09_808542	7	143946878	159127004	9729	0.0229
HELVE_p_TCGA_b139_154_155_SNP_N_GenomeWideSNP_6_H09_808542	8	31254	6837933	7726	0.0045
HELVE_p_TCGA_b139_154_155_SNP_N_GenomeWideSNP_6_H09_808542	8	6839705	6876142	6	1.089
HELVE_p_TCGA_b139_154_155_SNP_N_GenomeWideSNP_6_H09_808542	8	6878188	7193821	93	0.1485
HELVE_p_TCGA_b139_154_155_SNP_N_GenomeWideSNP_6_H09_808542	8	7214611	7255110	30	-0.4078
HELVE_p_TCGA_b139_154_155_SNP_N_GenomeWideSNP_6_H09_808542	8	7267365	8017932	204	0.4562
HELVE_p_TCGA_b139_154_155_SNP_N_GenomeWideSNP_6_H09_808542	8	8018036	11877195	3218	0.0126
HELVE_p_TCGA_b139_154_155_SNP_N_GenomeWideSNP_6_H09_808542	8	11881859	12554743	156	0.6249
HELVE_p_TCGA_b139_154_155_SNP_N_GenomeWideSNP_6_H09_808542	8	12556042	16059804	3346	0.0195
HELVE_p_TCGA_b139_154_155_SNP_N_GenomeWideSNP_6_H09_808542	8	16059926	16069524	9	-0.9206
HELVE_p_TCGA_b139_154_155_SNP_N_GenomeWideSNP_6_H09_808542	8	16070171	16197191	88	0.0133
HELVE_p_TCGA_b139_154_155_SNP_N_GenomeWideSNP_6_H09_808542	8	16206954	16207123	8	-0.6448
HELVE_p_TCGA_b139_154_155_SNP_N_GenomeWideSNP_6_H09_808542	8	16212084	16245654	23	-0.1007
HELVE_p_TCGA_b139_154_155_SNP_N_GenomeWideSNP_6_H09_808542	8	16246448	16248357	8	-0.9532
HELVE_p_TCGA_b139_154_155_SNP_N_GenomeWideSNP_6_H09_808542	8	16253562	24730415	6713	0.0177
HELVE_p_TCGA_b139_154_155_SNP_N_GenomeWideSNP_6_H09_808542	8	24730552	24730594	2	-1.488
HELVE_p_TCGA_b139_154_155_SNP_N_GenomeWideSNP_6_H09_808542	8	24730754	39230325	9236	0.0166
HELVE_p_TCGA_b139_154_155_SNP_N_GenomeWideSNP_6_H09_808542	8	39230659	39386965	60	0.7251
HELVE_p_TCGA_b139_154_155_SNP_N_GenomeWideSNP_6_H09_808542	8	39388299	51030772	4593	0.0228
HELVE_p_TCGA_b139_154_155_SNP_N_GenomeWideSNP_6_H09_808542	8	51032011	51033423	9	-0.8358
HELVE_p_TCGA_b139_154_155_SNP_N_GenomeWideSNP_6_H09_808542	8	51038578	55208930	2658	0.017
HELVE_p_TCGA_b139_154_155_SNP_N_GenomeWideSNP_6_H09_808542	8	55209048	55211118	7	-1.071
HELVE_p_TCGA_b139_154_155_SNP_N_GenomeWideSNP_6_H09_808542	8	55211213	58371708	2119	0.0161
HELVE_p_TCGA_b139_154_155_SNP_N_GenomeWideSNP_6_H09_808542	8	58372027	58378246	17	0.6154
HELVE_p_TCGA_b139_154_155_SNP_N_GenomeWideSNP_6_H09_808542	8	58381007	78472630	12546	0.014
HELVE_p_TCGA_b139_154_155_SNP_N_GenomeWideSNP_6_H09_808542	8	78476100	78483395	9	-0.8989
HELVE_p_TCGA_b139_154_155_SNP_N_GenomeWideSNP_6_H09_808542	8	78485207	146298155	42993	0.0173
HELVE_p_TCGA_b139_154_155_SNP_N_GenomeWideSNP_6_H09_808542	9	46587	23361805	20448	0.0114
HELVE_p_TCGA_b139_154_155_SNP_N_GenomeWideSNP_6_H09_808542	9	23363115	23373484	8	-1.7636
HELVE_p_TCGA_b139_154_155_SNP_N_GenomeWideSNP_6_H09_808542	9	23378488	25599963	1624	0.0098
HELVE_p_TCGA_b139_154_155_SNP_N_GenomeWideSNP_6_H09_808542	9	25600655	25603763	2	-1.601
HELVE_p_TCGA_b139_154_155_SNP_N_GenomeWideSNP_6_H09_808542	9	25604425	68186051	9572	0.0245
HELVE_p_TCGA_b139_154_155_SNP_N_GenomeWideSNP_6_H09_808542	9	68186053	68186057	3	2.3041
HELVE_p_TCGA_b139_154_155_SNP_N_GenomeWideSNP_6_H09_808542	9	68186059	71022029	235	0.3208
HELVE_p_TCGA_b139_154_155_SNP_N_GenomeWideSNP_6_H09_808542	9	71027495	96470097	18140	0.0137
HELVE_p_TCGA_b139_154_155_SNP_N_GenomeWideSNP_6_H09_808542	9	96470711	96472946	3	-2.1753
HELVE_p_TCGA_b139_154_155_SNP_N_GenomeWideSNP_6_H09_808542	9	96473784	114439656	12917	0.0125
HELVE_p_TCGA_b139_154_155_SNP_N_GenomeWideSNP_6_H09_808542	9	114447425	114448687	4	-1.513
HELVE_p_TCGA_b139_154_155_SNP_N_GenomeWideSNP_6_H09_808542	9	114449112	141025318	16914	0.0144
HELVE_p_TCGA_b139_154_155_SNP_N_GenomeWideSNP_6_H09_808542	9	141025328	141091394	17	0.4493
HELVE_p_TCGA_b139_154_155_SNP_N_GenomeWideSNP_6_H09_808542	10	72759	756996	390	0.0518
HELVE_p_TCGA_b139_154_155_SNP_N_GenomeWideSNP_6_H09_808542	10	759276	761025	5	-1.3837
HELVE_p_TCGA_b139_154_155_SNP_N_GenomeWideSNP_6_H09_808542	10	766867	5512276	4284	0.0021
HELVE_p_TCGA_b139_154_155_SNP_N_GenomeWideSNP_6_H09_808542	10	5517651	5519005	2	-2.0969
HELVE_p_TCGA_b139_154_155_SNP_N_GenomeWideSNP_6_H09_808542	10	5526158	36709589	23254	0.0116
HELVE_p_TCGA_b139_154_155_SNP_N_GenomeWideSNP_6_H09_808542	10	36710530	36710556	2	-1.9618
HELVE_p_TCGA_b139_154_155_SNP_N_GenomeWideSNP_6_H09_808542	10	36711654	39076206	1215	0.0203
HELVE_p_TCGA_b139_154_155_SNP_N_GenomeWideSNP_6_H09_808542	10	39076221	42760053	49	0.3981
HELVE_p_TCGA_b139_154_155_SNP_N_GenomeWideSNP_6_H09_808542	10	42763230	46177093	2330	0.0186
HELVE_p_TCGA_b139_154_155_SNP_N_GenomeWideSNP_6_H09_808542	10	46189527	47560479	214	0.3173
HELVE_p_TCGA_b139_154_155_SNP_N_GenomeWideSNP_6_H09_808542	10	47566926	49045895	488	0.0456
HELVE_p_TCGA_b139_154_155_SNP_N_GenomeWideSNP_6_H09_808542	10	49082219	49381611	19	0.6694
HELVE_p_TCGA_b139_154_155_SNP_N_GenomeWideSNP_6_H09_808542	10	49387614	58516403	6301	0.0062
HELVE_p_TCGA_b139_154_155_SNP_N_GenomeWideSNP_6_H09_808542	10	58516521	58532752	40	-0.7796
HELVE_p_TCGA_b139_154_155_SNP_N_GenomeWideSNP_6_H09_808542	10	58532765	67305069	6104	0.0166
HELVE_p_TCGA_b139_154_155_SNP_N_GenomeWideSNP_6_H09_808542	10	67305085	67322795	34	0.4358
HELVE_p_TCGA_b139_154_155_SNP_N_GenomeWideSNP_6_H09_808542	10	67322926	67357990	43	-0.0422
HELVE_p_TCGA_b139_154_155_SNP_N_GenomeWideSNP_6_H09_808542	10	67357993	67362269	6	0.8272
HELVE_p_TCGA_b139_154_155_SNP_N_GenomeWideSNP_6_H09_808542	10	67362320	88970595	14413	0.0154
HELVE_p_TCGA_b139_154_155_SNP_N_GenomeWideSNP_6_H09_808542	10	88971833	89117300	24	0.5734
HELVE_p_TCGA_b139_154_155_SNP_N_GenomeWideSNP_6_H09_808542	10	89131190	98966882	6486	0.0154
HELVE_p_TCGA_b139_154_155_SNP_N_GenomeWideSNP_6_H09_808542	10	98969068	98970910	3	-1.5197
HELVE_p_TCGA_b139_154_155_SNP_N_GenomeWideSNP_6_H09_808542	10	98971025	132270771	23304	0.0127
HELVE_p_TCGA_b139_154_155_SNP_N_GenomeWideSNP_6_H09_808542	10	132270842	132270895	2	-3.4333
HELVE_p_TCGA_b139_154_155_SNP_N_GenomeWideSNP_6_H09_808542	10	132271141	135506704	2001	0.0282
HELVE_p_TCGA_b139_154_155_SNP_N_GenomeWideSNP_6_H09_808542	11	198510	4970367	2479	0.0301
HELVE_p_TCGA_b139_154_155_SNP_N_GenomeWideSNP_6_H09_808542	11	4972005	4976892	34	0.7542
HELVE_p_TCGA_b139_154_155_SNP_N_GenomeWideSNP_6_H09_808542	11	4976907	5787405	783	-0.0131
HELVE_p_TCGA_b139_154_155_SNP_N_GenomeWideSNP_6_H09_808542	11	5788080	5809139	32	0.4968
HELVE_p_TCGA_b139_154_155_SNP_N_GenomeWideSNP_6_H09_808542	11	5809338	54940342	31095	0.0147
HELVE_p_TCGA_b139_154_155_SNP_N_GenomeWideSNP_6_H09_808542	11	54965608	54982211	6	-1.7143
HELVE_p_TCGA_b139_154_155_SNP_N_GenomeWideSNP_6_H09_808542	11	55009475	55374032	204	0.0962
HELVE_p_TCGA_b139_154_155_SNP_N_GenomeWideSNP_6_H09_808542	11	55374048	55453576	59	0.5942
HELVE_p_TCGA_b139_154_155_SNP_N_GenomeWideSNP_6_H09_808542	11	55460683	55632259	127	-0.0634
HELVE_p_TCGA_b139_154_155_SNP_N_GenomeWideSNP_6_H09_808542	11	55632785	55648702	8	0.6503
HELVE_p_TCGA_b139_154_155_SNP_N_GenomeWideSNP_6_H09_808542	11	55650188	55682048	26	0.0633
HELVE_p_TCGA_b139_154_155_SNP_N_GenomeWideSNP_6_H09_808542	11	55682604	55683787	6	-0.7638
HELVE_p_TCGA_b139_154_155_SNP_N_GenomeWideSNP_6_H09_808542	11	55683944	55956356	194	-0.0022
HELVE_p_TCGA_b139_154_155_SNP_N_GenomeWideSNP_6_H09_808542	11	55956758	55967191	4	-0.8507
HELVE_p_TCGA_b139_154_155_SNP_N_GenomeWideSNP_6_H09_808542	11	55967259	60965310	3036	0.0129
HELVE_p_TCGA_b139_154_155_SNP_N_GenomeWideSNP_6_H09_808542	11	60965461	60965476	2	-1.4145
HELVE_p_TCGA_b139_154_155_SNP_N_GenomeWideSNP_6_H09_808542	11	60984460	67501626	2836	0.0289
HELVE_p_TCGA_b139_154_155_SNP_N_GenomeWideSNP_6_H09_808542	11	67503656	67749322	71	0.365
HELVE_p_TCGA_b139_154_155_SNP_N_GenomeWideSNP_6_H09_808542	11	67764080	134944770	46064	0.0151
HELVE_p_TCGA_b139_154_155_SNP_N_GenomeWideSNP_6_H09_808542	12	150442	865970	417	0.0771
HELVE_p_TCGA_b139_154_155_SNP_N_GenomeWideSNP_6_H09_808542	12	869109	874029	18	-0.7358
HELVE_p_TCGA_b139_154_155_SNP_N_GenomeWideSNP_6_H09_808542	12	875354	8317835	5102	0.0191
HELVE_p_TCGA_b139_154_155_SNP_N_GenomeWideSNP_6_H09_808542	12	8320899	8581141	99	0.357
HELVE_p_TCGA_b139_154_155_SNP_N_GenomeWideSNP_6_H09_808542	12	8584672	30239314	14929	0.0167
HELVE_p_TCGA_b139_154_155_SNP_N_GenomeWideSNP_6_H09_808542	12	30239419	30243575	17	-0.6336
HELVE_p_TCGA_b139_154_155_SNP_N_GenomeWideSNP_6_H09_808542	12	30243590	90491669	35198	0.0154
HELVE_p_TCGA_b139_154_155_SNP_N_GenomeWideSNP_6_H09_808542	12	90491687	90492074	6	-2.3185
HELVE_p_TCGA_b139_154_155_SNP_N_GenomeWideSNP_6_H09_808542	12	90493557	99795293	6453	0.0162
HELVE_p_TCGA_b139_154_155_SNP_N_GenomeWideSNP_6_H09_808542	12	99795468	99797809	20	0.5832
HELVE_p_TCGA_b139_154_155_SNP_N_GenomeWideSNP_6_H09_808542	12	99797918	133778189	22756	0.0168
HELVE_p_TCGA_b139_154_155_SNP_N_GenomeWideSNP_6_H09_808542	13	19026949	20115373	563	0.0847
HELVE_p_TCGA_b139_154_155_SNP_N_GenomeWideSNP_6_H09_808542	13	20119153	20143975	16	-0.5209
HELVE_p_TCGA_b139_154_155_SNP_N_GenomeWideSNP_6_H09_808542	13	20145559	38070370	12968	0.0167
HELVE_p_TCGA_b139_154_155_SNP_N_GenomeWideSNP_6_H09_808542	13	38071135	38088330	18	0.6684
HELVE_p_TCGA_b139_154_155_SNP_N_GenomeWideSNP_6_H09_808542	13	38088374	38277511	180	0.0397
HELVE_p_TCGA_b139_154_155_SNP_N_GenomeWideSNP_6_H09_808542	13	38279927	38280430	2	-1.4294
HELVE_p_TCGA_b139_154_155_SNP_N_GenomeWideSNP_6_H09_808542	13	38281132	39052811	518	0.0245
HELVE_p_TCGA_b139_154_155_SNP_N_GenomeWideSNP_6_H09_808542	13	39057572	39058056	2	-2.0295
HELVE_p_TCGA_b139_154_155_SNP_N_GenomeWideSNP_6_H09_808542	13	39065057	53076705	9198	0.0125
HELVE_p_TCGA_b139_154_155_SNP_N_GenomeWideSNP_6_H09_808542	13	53079344	53094799	4	-1.09
HELVE_p_TCGA_b139_154_155_SNP_N_GenomeWideSNP_6_H09_808542	13	53097984	57751096	2625	0.0128
HELVE_p_TCGA_b139_154_155_SNP_N_GenomeWideSNP_6_H09_808542	13	57758270	57778380	34	-0.7462
HELVE_p_TCGA_b139_154_155_SNP_N_GenomeWideSNP_6_H09_808542	13	57789714	115108397	38103	0.0098
HELVE_p_TCGA_b139_154_155_SNP_N_GenomeWideSNP_6_H09_808542	14	19002124	20201117	85	0.1183
HELVE_p_TCGA_b139_154_155_SNP_N_GenomeWideSNP_6_H09_808542	14	20203466	20422583	104	-0.3797
HELVE_p_TCGA_b139_154_155_SNP_N_GenomeWideSNP_6_H09_808542	14	20423372	74001123	34121	0.0168
HELVE_p_TCGA_b139_154_155_SNP_N_GenomeWideSNP_6_H09_808542	14	74006707	74020979	8	-1.3146
HELVE_p_TCGA_b139_154_155_SNP_N_GenomeWideSNP_6_H09_808542	14	74029900	107285437	21235	0.0143
HELVE_p_TCGA_b139_154_155_SNP_N_GenomeWideSNP_6_H09_808542	15	20016328	22311811	316	0.3067
HELVE_p_TCGA_b139_154_155_SNP_N_GenomeWideSNP_6_H09_808542	15	22317512	102420602	51678	0.0193
HELVE_p_TCGA_b139_154_155_SNP_N_GenomeWideSNP_6_H09_808542	15	102420807	102469040	11	0.3397
HELVE_p_TCGA_b139_154_155_SNP_N_GenomeWideSNP_6_H09_808542	16	60777	14777628	11104	0.0151
HELVE_p_TCGA_b139_154_155_SNP_N_GenomeWideSNP_6_H09_808542	16	14780654	15077480	60	0.4231
HELVE_p_TCGA_b139_154_155_SNP_N_GenomeWideSNP_6_H09_808542	16	15080139	55795048	16139	0.0329
HELVE_p_TCGA_b139_154_155_SNP_N_GenomeWideSNP_6_H09_808542	16	55795214	55822444	23	-0.5888
HELVE_p_TCGA_b139_154_155_SNP_N_GenomeWideSNP_6_H09_808542	16	55829557	55842515	6	0.0787
HELVE_p_TCGA_b139_154_155_SNP_N_GenomeWideSNP_6_H09_808542	16	55843518	55858793	10	0.6496
HELVE_p_TCGA_b139_154_155_SNP_N_GenomeWideSNP_6_H09_808542	16	55868439	70124413	8742	0.0153
HELVE_p_TCGA_b139_154_155_SNP_N_GenomeWideSNP_6_H09_808542	16	70124765	70198396	20	0.423
HELVE_p_TCGA_b139_154_155_SNP_N_GenomeWideSNP_6_H09_808542	16	70211444	70245925	4	1.251
HELVE_p_TCGA_b139_154_155_SNP_N_GenomeWideSNP_6_H09_808542	16	70246333	77372502	4560	0.0179
HELVE_p_TCGA_b139_154_155_SNP_N_GenomeWideSNP_6_H09_808542	16	77373039	77375182	6	-1.5292
HELVE_p_TCGA_b139_154_155_SNP_N_GenomeWideSNP_6_H09_808542	16	77376081	90287535	11722	0.0156
HELVE_p_TCGA_b139_154_155_SNP_N_GenomeWideSNP_6_H09_808542	17	526	18319862	11436	0.0217
HELVE_p_TCGA_b139_154_155_SNP_N_GenomeWideSNP_6_H09_808542	17	18355392	18459272	27	1.0694
HELVE_p_TCGA_b139_154_155_SNP_N_GenomeWideSNP_6_H09_808542	17	18464586	20338373	816	0.0369
HELVE_p_TCGA_b139_154_155_SNP_N_GenomeWideSNP_6_H09_808542	17	20338458	20413446	18	0.5308
HELVE_p_TCGA_b139_154_155_SNP_N_GenomeWideSNP_6_H09_808542	17	20431180	34436708	6076	0.0271
HELVE_p_TCGA_b139_154_155_SNP_N_GenomeWideSNP_6_H09_808542	17	34437128	34629696	42	0.5561
HELVE_p_TCGA_b139_154_155_SNP_N_GenomeWideSNP_6_H09_808542	17	34816256	43655090	4730	0.0186
HELVE_p_TCGA_b139_154_155_SNP_N_GenomeWideSNP_6_H09_808542	17	43656380	43659426	6	0.8502
HELVE_p_TCGA_b139_154_155_SNP_N_GenomeWideSNP_6_H09_808542	17	43664693	44163098	338	0.0538
HELVE_p_TCGA_b139_154_155_SNP_N_GenomeWideSNP_6_H09_808542	17	44165803	44364170	125	0.8547
HELVE_p_TCGA_b139_154_155_SNP_N_GenomeWideSNP_6_H09_808542	17	44394412	44429320	8	0.1998
HELVE_p_TCGA_b139_154_155_SNP_N_GenomeWideSNP_6_H09_808542	17	44435454	44557907	14	-0.4593
HELVE_p_TCGA_b139_154_155_SNP_N_GenomeWideSNP_6_H09_808542	17	44571637	44648367	6	0.5508
HELVE_p_TCGA_b139_154_155_SNP_N_GenomeWideSNP_6_H09_808542	17	44653397	44764994	21	-0.5796
HELVE_p_TCGA_b139_154_155_SNP_N_GenomeWideSNP_6_H09_808542	17	44784652	54778620	6323	0.012
HELVE_p_TCGA_b139_154_155_SNP_N_GenomeWideSNP_6_H09_808542	17	54778817	54779481	4	-1.3106
HELVE_p_TCGA_b139_154_155_SNP_N_GenomeWideSNP_6_H09_808542	17	54780414	81049726	15284	0.0185
HELVE_p_TCGA_b139_154_155_SNP_N_GenomeWideSNP_6_H09_808542	18	11543	14233534	10095	0.0169
HELVE_p_TCGA_b139_154_155_SNP_N_GenomeWideSNP_6_H09_808542	18	14233681	14351752	27	0.4141
HELVE_p_TCGA_b139_154_155_SNP_N_GenomeWideSNP_6_H09_808542	18	14352852	35140670	10665	0.0173
HELVE_p_TCGA_b139_154_155_SNP_N_GenomeWideSNP_6_H09_808542	18	35152111	35159833	10	-0.9099
HELVE_p_TCGA_b139_154_155_SNP_N_GenomeWideSNP_6_H09_808542	18	35160143	38353915	2103	0.0168
HELVE_p_TCGA_b139_154_155_SNP_N_GenomeWideSNP_6_H09_808542	18	38359791	38359810	2	-1.7603
HELVE_p_TCGA_b139_154_155_SNP_N_GenomeWideSNP_6_H09_808542	18	38363064	63200466	17051	0.0185
HELVE_p_TCGA_b139_154_155_SNP_N_GenomeWideSNP_6_H09_808542	18	63200479	63204717	18	0.5374
HELVE_p_TCGA_b139_154_155_SNP_N_GenomeWideSNP_6_H09_808542	18	63207196	63721579	361	-0.0646
HELVE_p_TCGA_b139_154_155_SNP_N_GenomeWideSNP_6_H09_808542	18	63727492	63728340	12	-1.3164
HELVE_p_TCGA_b139_154_155_SNP_N_GenomeWideSNP_6_H09_808542	18	63732738	78015057	10428	-4e-04
HELVE_p_TCGA_b139_154_155_SNP_N_GenomeWideSNP_6_H09_808542	19	90910	20594676	8980	0.0205
HELVE_p_TCGA_b139_154_155_SNP_N_GenomeWideSNP_6_H09_808542	19	20596206	20721234	72	-0.4853
HELVE_p_TCGA_b139_154_155_SNP_N_GenomeWideSNP_6_H09_808542	19	20721462	21814919	624	0.0383
HELVE_p_TCGA_b139_154_155_SNP_N_GenomeWideSNP_6_H09_808542	19	21815640	21835733	10	0.6908
HELVE_p_TCGA_b139_154_155_SNP_N_GenomeWideSNP_6_H09_808542	19	21836844	43294390	10882	0.0216
HELVE_p_TCGA_b139_154_155_SNP_N_GenomeWideSNP_6_H09_808542	19	43299429	43458054	71	-0.4816
HELVE_p_TCGA_b139_154_155_SNP_N_GenomeWideSNP_6_H09_808542	19	43460991	43475496	7	-3.6894
HELVE_p_TCGA_b139_154_155_SNP_N_GenomeWideSNP_6_H09_808542	19	43477434	43538778	37	-0.5058
HELVE_p_TCGA_b139_154_155_SNP_N_GenomeWideSNP_6_H09_808542	19	43541419	53316340	5066	0.0249
HELVE_p_TCGA_b139_154_155_SNP_N_GenomeWideSNP_6_H09_808542	19	53319104	53353669	49	-0.6518
HELVE_p_TCGA_b139_154_155_SNP_N_GenomeWideSNP_6_H09_808542	19	53357185	55324041	1229	0.0653
HELVE_p_TCGA_b139_154_155_SNP_N_GenomeWideSNP_6_H09_808542	19	55326613	55368203	20	0.6026
HELVE_p_TCGA_b139_154_155_SNP_N_GenomeWideSNP_6_H09_808542	19	55368363	59097854	2295	0.0233
HELVE_p_TCGA_b139_154_155_SNP_N_GenomeWideSNP_6_H09_808542	20	61305	1552503	1186	0.0534
HELVE_p_TCGA_b139_154_155_SNP_N_GenomeWideSNP_6_H09_808542	20	1557190	1572451	50	-0.4015
HELVE_p_TCGA_b139_154_155_SNP_N_GenomeWideSNP_6_H09_808542	20	1578962	41472232	25886	0.0165
HELVE_p_TCGA_b139_154_155_SNP_N_GenomeWideSNP_6_H09_808542	20	41472337	41473749	3	1.314
HELVE_p_TCGA_b139_154_155_SNP_N_GenomeWideSNP_6_H09_808542	20	41473902	54504596	9461	0.0124
HELVE_p_TCGA_b139_154_155_SNP_N_GenomeWideSNP_6_H09_808542	20	54507088	54516338	13	-1.3747
HELVE_p_TCGA_b139_154_155_SNP_N_GenomeWideSNP_6_H09_808542	20	54517939	62956153	5874	0.019
HELVE_p_TCGA_b139_154_155_SNP_N_GenomeWideSNP_6_H09_808542	21	10736871	48096957	24379	0.0165
HELVE_p_TCGA_b139_154_155_SNP_N_GenomeWideSNP_6_H09_808542	22	16052528	21542615	2854	0.0608
HELVE_p_TCGA_b139_154_155_SNP_N_GenomeWideSNP_6_H09_808542	22	21567231	21948224	61	0.4542
HELVE_p_TCGA_b139_154_155_SNP_N_GenomeWideSNP_6_H09_808542	22	21949238	24344422	1708	0.0818
HELVE_p_TCGA_b139_154_155_SNP_N_GenomeWideSNP_6_H09_808542	22	24350529	24370430	9	-0.7972
HELVE_p_TCGA_b139_154_155_SNP_N_GenomeWideSNP_6_H09_808542	22	24371070	24385546	4	-3.2216
HELVE_p_TCGA_b139_154_155_SNP_N_GenomeWideSNP_6_H09_808542	22	24386631	24394015	5	-0.9133
HELVE_p_TCGA_b139_154_155_SNP_N_GenomeWideSNP_6_H09_808542	22	24396814	51234455	18917	0.0182
HELVE_p_TCGA_b139_154_155_SNP_N_GenomeWideSNP_6_H09_808542	X	168477	67158555	35863	0.0124
HELVE_p_TCGA_b139_154_155_SNP_N_GenomeWideSNP_6_H09_808542	X	67161402	67182008	13	0.6149
HELVE_p_TCGA_b139_154_155_SNP_N_GenomeWideSNP_6_H09_808542	X	67192422	78757727	5096	0.0219
HELVE_p_TCGA_b139_154_155_SNP_N_GenomeWideSNP_6_H09_808542	X	78758258	78765199	3	-1.2037
HELVE_p_TCGA_b139_154_155_SNP_N_GenomeWideSNP_6_H09_808542	X	78765454	95050340	8861	0.0136
HELVE_p_TCGA_b139_154_155_SNP_N_GenomeWideSNP_6_H09_808542	X	95050723	95056558	2	-1.579
HELVE_p_TCGA_b139_154_155_SNP_N_GenomeWideSNP_6_H09_808542	X	95056725	134915412	22230	0.0124
HELVE_p_TCGA_b139_154_155_SNP_N_GenomeWideSNP_6_H09_808542	X	134929686	134947995	5	0.9501
HELVE_p_TCGA_b139_154_155_SNP_N_GenomeWideSNP_6_H09_808542	X	134948073	141469912	4057	0.0089
HELVE_p_TCGA_b139_154_155_SNP_N_GenomeWideSNP_6_H09_808542	X	141469976	141470296	5	1.0639
HELVE_p_TCGA_b139_154_155_SNP_N_GenomeWideSNP_6_H09_808542	X	141470790	142875631	1008	0.0115
HELVE_p_TCGA_b139_154_155_SNP_N_GenomeWideSNP_6_H09_808542	X	142877736	142884348	7	-0.9941
HELVE_p_TCGA_b139_154_155_SNP_N_GenomeWideSNP_6_H09_808542	X	142887245	155182354	7311	0.0247
HELVE_p_TCGA_b139_154_155_SNP_N_GenomeWideSNP_6_H09_808542	Y	2650438	2985595	152	-2.6521
HELVE_p_TCGA_b139_154_155_SNP_N_GenomeWideSNP_6_H09_808542	Y	2985939	6101425	718	-2.0594
HELVE_p_TCGA_b139_154_155_SNP_N_GenomeWideSNP_6_H09_808542	Y	6107901	6313572	91	-3.5613
HELVE_p_TCGA_b139_154_155_SNP_N_GenomeWideSNP_6_H09_808542	Y	6315579	7399842	462	-2.5719
HELVE_p_TCGA_b139_154_155_SNP_N_GenomeWideSNP_6_H09_808542	Y	7400746	9823373	1221	-2.9661
HELVE_p_TCGA_b139_154_155_SNP_N_GenomeWideSNP_6_H09_808542	Y	9826040	15590276	933	-2.6631
HELVE_p_TCGA_b139_154_155_SNP_N_GenomeWideSNP_6_H09_808542	Y	15590342	15594523	3	-7.6439
HELVE_p_TCGA_b139_154_155_SNP_N_GenomeWideSNP_6_H09_808542	Y	15594889	19063565	1841	-2.8008
HELVE_p_TCGA_b139_154_155_SNP_N_GenomeWideSNP_6_H09_808542	Y	19068122	21088297	944	-3.1937
HELVE_p_TCGA_b139_154_155_SNP_N_GenomeWideSNP_6_H09_808542	Y	21088485	23859163	1053	-2.845
HELVE_p_TCGA_b139_154_155_SNP_N_GenomeWideSNP_6_H09_808542	Y	23859468	26241849	519	-3.2371
HELVE_p_TCGA_b139_154_155_SNP_N_GenomeWideSNP_6_H09_808542	Y	26244825	26517533	77	-2.2338
HELVE_p_TCGA_b139_154_155_SNP_N_GenomeWideSNP_6_H09_808542	Y	26526212	27240184	86	-3.6899
HELVE_p_TCGA_b139_154_155_SNP_N_GenomeWideSNP_6_H09_808542	Y	27254679	27720551	98	-2.3066
HELVE_p_TCGA_b139_154_155_SNP_N_GenomeWideSNP_6_H09_808542	Y	27721084	28452016	258	-3.3191
HELVE_p_TCGA_b139_154_155_SNP_N_GenomeWideSNP_6_H09_808542	Y	28457337	59018259	176	-2.1691
