Sample	Chromosome	Start	End	Num_Probes	Segment_Mean
HELVE_p_TCGA_b139_154_155_SNP_N_GenomeWideSNP_6_H01_808616	1	61735	752566	45	0.5729
HELVE_p_TCGA_b139_154_155_SNP_N_GenomeWideSNP_6_H01_808616	1	757469	12838744	6482	0.0248
HELVE_p_TCGA_b139_154_155_SNP_N_GenomeWideSNP_6_H01_808616	1	12839576	13717824	90	0.4029
HELVE_p_TCGA_b139_154_155_SNP_N_GenomeWideSNP_6_H01_808616	1	13724101	16814994	2098	0.0093
HELVE_p_TCGA_b139_154_155_SNP_N_GenomeWideSNP_6_H01_808616	1	16815530	17319778	199	0.3752
HELVE_p_TCGA_b139_154_155_SNP_N_GenomeWideSNP_6_H01_808616	1	17324445	21699339	2972	0.0218
HELVE_p_TCGA_b139_154_155_SNP_N_GenomeWideSNP_6_H01_808616	1	21703826	21779898	38	0.3777
HELVE_p_TCGA_b139_154_155_SNP_N_GenomeWideSNP_6_H01_808616	1	21783980	25583341	2235	0.0262
HELVE_p_TCGA_b139_154_155_SNP_N_GenomeWideSNP_6_H01_808616	1	25593128	25661501	29	0.8304
HELVE_p_TCGA_b139_154_155_SNP_N_GenomeWideSNP_6_H01_808616	1	25662005	27375717	733	0.0214
HELVE_p_TCGA_b139_154_155_SNP_N_GenomeWideSNP_6_H01_808616	1	27376290	27381440	8	0.8061
HELVE_p_TCGA_b139_154_155_SNP_N_GenomeWideSNP_6_H01_808616	1	27382298	35091674	4224	0.0265
HELVE_p_TCGA_b139_154_155_SNP_N_GenomeWideSNP_6_H01_808616	1	35102654	35104491	20	-2.0696
HELVE_p_TCGA_b139_154_155_SNP_N_GenomeWideSNP_6_H01_808616	1	35114268	72750353	23830	0.015
HELVE_p_TCGA_b139_154_155_SNP_N_GenomeWideSNP_6_H01_808616	1	72756113	72763370	9	-2.7439
HELVE_p_TCGA_b139_154_155_SNP_N_GenomeWideSNP_6_H01_808616	1	72768418	72811148	48	1.4634
HELVE_p_TCGA_b139_154_155_SNP_N_GenomeWideSNP_6_H01_808616	1	72811904	92154994	12697	0.0087
HELVE_p_TCGA_b139_154_155_SNP_N_GenomeWideSNP_6_H01_808616	1	92155337	92171575	16	-0.5813
HELVE_p_TCGA_b139_154_155_SNP_N_GenomeWideSNP_6_H01_808616	1	92172608	110224384	10965	0.0074
HELVE_p_TCGA_b139_154_155_SNP_N_GenomeWideSNP_6_H01_808616	1	110224427	110253130	51	0.743
HELVE_p_TCGA_b139_154_155_SNP_N_GenomeWideSNP_6_H01_808616	1	110256624	112690326	1936	0.0225
HELVE_p_TCGA_b139_154_155_SNP_N_GenomeWideSNP_6_H01_808616	1	112695965	112697390	25	-1.529
HELVE_p_TCGA_b139_154_155_SNP_N_GenomeWideSNP_6_H01_808616	1	112705956	120102884	4718	0.0186
HELVE_p_TCGA_b139_154_155_SNP_N_GenomeWideSNP_6_H01_808616	1	120108137	120150949	58	0.3026
HELVE_p_TCGA_b139_154_155_SNP_N_GenomeWideSNP_6_H01_808616	1	120151588	144542773	450	0.1085
HELVE_p_TCGA_b139_154_155_SNP_N_GenomeWideSNP_6_H01_808616	1	144545755	144884334	29	0.828
HELVE_p_TCGA_b139_154_155_SNP_N_GenomeWideSNP_6_H01_808616	1	144884345	152759678	2983	0.0726
HELVE_p_TCGA_b139_154_155_SNP_N_GenomeWideSNP_6_H01_808616	1	152761923	152768570	36	0.5061
HELVE_p_TCGA_b139_154_155_SNP_N_GenomeWideSNP_6_H01_808616	1	152768700	153672247	625	0.0235
HELVE_p_TCGA_b139_154_155_SNP_N_GenomeWideSNP_6_H01_808616	1	153673674	153691490	7	0.8808
HELVE_p_TCGA_b139_154_155_SNP_N_GenomeWideSNP_6_H01_808616	1	153693248	154607838	408	-0.0039
HELVE_p_TCGA_b139_154_155_SNP_N_GenomeWideSNP_6_H01_808616	1	154608570	154608760	2	-1.9843
HELVE_p_TCGA_b139_154_155_SNP_N_GenomeWideSNP_6_H01_808616	1	154609657	166184481	7968	0.0117
HELVE_p_TCGA_b139_154_155_SNP_N_GenomeWideSNP_6_H01_808616	1	166184824	166186356	5	-1.1938
HELVE_p_TCGA_b139_154_155_SNP_N_GenomeWideSNP_6_H01_808616	1	166186753	196714873	20498	0.0112
HELVE_p_TCGA_b139_154_155_SNP_N_GenomeWideSNP_6_H01_808616	1	196727850	196791043	70	0.4027
HELVE_p_TCGA_b139_154_155_SNP_N_GenomeWideSNP_6_H01_808616	1	196798565	243129352	32167	0.011
HELVE_p_TCGA_b139_154_155_SNP_N_GenomeWideSNP_6_H01_808616	1	243134707	243268406	22	0.7343
HELVE_p_TCGA_b139_154_155_SNP_N_GenomeWideSNP_6_H01_808616	1	243268959	249224388	3754	0.0281
HELVE_p_TCGA_b139_154_155_SNP_N_GenomeWideSNP_6_H01_808616	2	12784	29731165	20738	0.0117
HELVE_p_TCGA_b139_154_155_SNP_N_GenomeWideSNP_6_H01_808616	2	29731788	29733698	4	-1.5319
HELVE_p_TCGA_b139_154_155_SNP_N_GenomeWideSNP_6_H01_808616	2	29737338	34675467	3350	1e-04
HELVE_p_TCGA_b139_154_155_SNP_N_GenomeWideSNP_6_H01_808616	2	34681494	34727867	48	0.6113
HELVE_p_TCGA_b139_154_155_SNP_N_GenomeWideSNP_6_H01_808616	2	34736513	52754468	13034	4e-04
HELVE_p_TCGA_b139_154_155_SNP_N_GenomeWideSNP_6_H01_808616	2	52754480	52781374	33	-0.6954
HELVE_p_TCGA_b139_154_155_SNP_N_GenomeWideSNP_6_H01_808616	2	52781397	90248524	23014	0.0139
HELVE_p_TCGA_b139_154_155_SNP_N_GenomeWideSNP_6_H01_808616	2	90248784	95334806	145	0.4595
HELVE_p_TCGA_b139_154_155_SNP_N_GenomeWideSNP_6_H01_808616	2	95341388	97753585	820	0.0408
HELVE_p_TCGA_b139_154_155_SNP_N_GenomeWideSNP_6_H01_808616	2	97757509	98118212	83	0.3236
HELVE_p_TCGA_b139_154_155_SNP_N_GenomeWideSNP_6_H01_808616	2	98140747	98162189	9	1.3339
HELVE_p_TCGA_b139_154_155_SNP_N_GenomeWideSNP_6_H01_808616	2	98166878	98241192	16	0.4604
HELVE_p_TCGA_b139_154_155_SNP_N_GenomeWideSNP_6_H01_808616	2	98244174	129638478	19013	0.011
HELVE_p_TCGA_b139_154_155_SNP_N_GenomeWideSNP_6_H01_808616	2	129638502	129640297	13	-1.0531
HELVE_p_TCGA_b139_154_155_SNP_N_GenomeWideSNP_6_H01_808616	2	129640315	131318051	996	0.0456
HELVE_p_TCGA_b139_154_155_SNP_N_GenomeWideSNP_6_H01_808616	2	131338652	131407189	3	1.1563
HELVE_p_TCGA_b139_154_155_SNP_N_GenomeWideSNP_6_H01_808616	2	131477948	131940494	227	0.0062
HELVE_p_TCGA_b139_154_155_SNP_N_GenomeWideSNP_6_H01_808616	2	131946313	132157984	44	0.3912
HELVE_p_TCGA_b139_154_155_SNP_N_GenomeWideSNP_6_H01_808616	2	132158447	132188341	32	-0.058
HELVE_p_TCGA_b139_154_155_SNP_N_GenomeWideSNP_6_H01_808616	2	132188368	132279325	51	0.2768
HELVE_p_TCGA_b139_154_155_SNP_N_GenomeWideSNP_6_H01_808616	2	132280836	132538742	120	0.0148
HELVE_p_TCGA_b139_154_155_SNP_N_GenomeWideSNP_6_H01_808616	2	132548521	132560381	3	1.0788
HELVE_p_TCGA_b139_154_155_SNP_N_GenomeWideSNP_6_H01_808616	2	132571593	194687745	37878	0.0118
HELVE_p_TCGA_b139_154_155_SNP_N_GenomeWideSNP_6_H01_808616	2	194690304	194693798	2	2.124
HELVE_p_TCGA_b139_154_155_SNP_N_GenomeWideSNP_6_H01_808616	2	194702314	194924061	94	-0.0099
HELVE_p_TCGA_b139_154_155_SNP_N_GenomeWideSNP_6_H01_808616	2	194924073	194987867	53	-0.3201
HELVE_p_TCGA_b139_154_155_SNP_N_GenomeWideSNP_6_H01_808616	2	194989600	198144002	1849	0.0174
HELVE_p_TCGA_b139_154_155_SNP_N_GenomeWideSNP_6_H01_808616	2	198145895	198149658	6	-0.9414
HELVE_p_TCGA_b139_154_155_SNP_N_GenomeWideSNP_6_H01_808616	2	198150380	212736590	8832	0.0147
HELVE_p_TCGA_b139_154_155_SNP_N_GenomeWideSNP_6_H01_808616	2	212737105	212739861	2	-1.7185
HELVE_p_TCGA_b139_154_155_SNP_N_GenomeWideSNP_6_H01_808616	2	212740406	213216979	366	-0.0298
HELVE_p_TCGA_b139_154_155_SNP_N_GenomeWideSNP_6_H01_808616	2	213217697	213218396	2	-1.9828
HELVE_p_TCGA_b139_154_155_SNP_N_GenomeWideSNP_6_H01_808616	2	213218795	221566081	5344	0.0065
HELVE_p_TCGA_b139_154_155_SNP_N_GenomeWideSNP_6_H01_808616	2	221570900	221571162	3	-1.3631
HELVE_p_TCGA_b139_154_155_SNP_N_GenomeWideSNP_6_H01_808616	2	221574105	242953866	13569	0.0142
HELVE_p_TCGA_b139_154_155_SNP_N_GenomeWideSNP_6_H01_808616	2	242958067	242958295	5	0.6168
HELVE_p_TCGA_b139_154_155_SNP_N_GenomeWideSNP_6_H01_808616	2	242958324	243048760	95	0.1717
HELVE_p_TCGA_b139_154_155_SNP_N_GenomeWideSNP_6_H01_808616	2	243049025	243089456	8	0.7449
HELVE_p_TCGA_b139_154_155_SNP_N_GenomeWideSNP_6_H01_808616	3	60345	6646543	5835	-0.0112
HELVE_p_TCGA_b139_154_155_SNP_N_GenomeWideSNP_6_H01_808616	3	6651128	6655078	24	-0.5917
HELVE_p_TCGA_b139_154_155_SNP_N_GenomeWideSNP_6_H01_808616	3	6655248	16240556	7065	0.0191
HELVE_p_TCGA_b139_154_155_SNP_N_GenomeWideSNP_6_H01_808616	3	16240629	16241179	5	-1.8015
HELVE_p_TCGA_b139_154_155_SNP_N_GenomeWideSNP_6_H01_808616	3	16241325	21304273	3008	0.0014
HELVE_p_TCGA_b139_154_155_SNP_N_GenomeWideSNP_6_H01_808616	3	21307401	21307601	3	-1.8438
HELVE_p_TCGA_b139_154_155_SNP_N_GenomeWideSNP_6_H01_808616	3	21307666	65199422	29418	0.0133
HELVE_p_TCGA_b139_154_155_SNP_N_GenomeWideSNP_6_H01_808616	3	65199568	65203712	13	0.8585
HELVE_p_TCGA_b139_154_155_SNP_N_GenomeWideSNP_6_H01_808616	3	65206904	68746840	2439	0.0115
HELVE_p_TCGA_b139_154_155_SNP_N_GenomeWideSNP_6_H01_808616	3	68747012	68747413	6	-1.513
HELVE_p_TCGA_b139_154_155_SNP_N_GenomeWideSNP_6_H01_808616	3	68748758	75394435	4860	0.0127
HELVE_p_TCGA_b139_154_155_SNP_N_GenomeWideSNP_6_H01_808616	3	75396818	75902909	155	0.4971
HELVE_p_TCGA_b139_154_155_SNP_N_GenomeWideSNP_6_H01_808616	3	75912351	85497678	5391	0.0033
HELVE_p_TCGA_b139_154_155_SNP_N_GenomeWideSNP_6_H01_808616	3	85499035	85521057	16	-0.5029
HELVE_p_TCGA_b139_154_155_SNP_N_GenomeWideSNP_6_H01_808616	3	85521125	98948401	5525	0.0085
HELVE_p_TCGA_b139_154_155_SNP_N_GenomeWideSNP_6_H01_808616	3	98948543	98949038	9	-1.0361
HELVE_p_TCGA_b139_154_155_SNP_N_GenomeWideSNP_6_H01_808616	3	98949056	103912041	2817	0.0099
HELVE_p_TCGA_b139_154_155_SNP_N_GenomeWideSNP_6_H01_808616	3	103913431	103914757	2	-2.308
HELVE_p_TCGA_b139_154_155_SNP_N_GenomeWideSNP_6_H01_808616	3	103914827	107033464	1969	0.0186
HELVE_p_TCGA_b139_154_155_SNP_N_GenomeWideSNP_6_H01_808616	3	107035798	107043012	4	1.5347
HELVE_p_TCGA_b139_154_155_SNP_N_GenomeWideSNP_6_H01_808616	3	107043049	125407689	11466	0.0095
HELVE_p_TCGA_b139_154_155_SNP_N_GenomeWideSNP_6_H01_808616	3	125424472	125475334	20	0.5657
HELVE_p_TCGA_b139_154_155_SNP_N_GenomeWideSNP_6_H01_808616	3	125476076	128398703	1834	0.0134
HELVE_p_TCGA_b139_154_155_SNP_N_GenomeWideSNP_6_H01_808616	3	128399221	128412331	8	0.7736
HELVE_p_TCGA_b139_154_155_SNP_N_GenomeWideSNP_6_H01_808616	3	128414161	129747156	615	0.0068
HELVE_p_TCGA_b139_154_155_SNP_N_GenomeWideSNP_6_H01_808616	3	129750206	129921219	101	0.2678
HELVE_p_TCGA_b139_154_155_SNP_N_GenomeWideSNP_6_H01_808616	3	129929625	162540009	20248	0.0109
HELVE_p_TCGA_b139_154_155_SNP_N_GenomeWideSNP_6_H01_808616	3	162540473	162540490	2	-2.371
HELVE_p_TCGA_b139_154_155_SNP_N_GenomeWideSNP_6_H01_808616	3	162545716	162623881	45	0.4505
HELVE_p_TCGA_b139_154_155_SNP_N_GenomeWideSNP_6_H01_808616	3	162623897	192874747	19175	0.0037
HELVE_p_TCGA_b139_154_155_SNP_N_GenomeWideSNP_6_H01_808616	3	192877902	192882903	20	1.2463
HELVE_p_TCGA_b139_154_155_SNP_N_GenomeWideSNP_6_H01_808616	3	192886435	194641316	1161	0.0141
HELVE_p_TCGA_b139_154_155_SNP_N_GenomeWideSNP_6_H01_808616	3	194641346	194641845	4	-1.0186
HELVE_p_TCGA_b139_154_155_SNP_N_GenomeWideSNP_6_H01_808616	3	194642480	195460696	358	0.084
HELVE_p_TCGA_b139_154_155_SNP_N_GenomeWideSNP_6_H01_808616	3	195462316	195474763	9	-0.8669
HELVE_p_TCGA_b139_154_155_SNP_N_GenomeWideSNP_6_H01_808616	3	195478694	197772604	1090	0.0506
HELVE_p_TCGA_b139_154_155_SNP_N_GenomeWideSNP_6_H01_808616	3	197772749	197773998	4	1.3148
HELVE_p_TCGA_b139_154_155_SNP_N_GenomeWideSNP_6_H01_808616	3	197779631	197834570	46	-0.0382
HELVE_p_TCGA_b139_154_155_SNP_N_GenomeWideSNP_6_H01_808616	3	197834720	197896118	31	0.6303
HELVE_p_TCGA_b139_154_155_SNP_N_GenomeWideSNP_6_H01_808616	4	12281	36310	26	0.5707
HELVE_p_TCGA_b139_154_155_SNP_N_GenomeWideSNP_6_H01_808616	4	36331	3897744	1619	0.0299
HELVE_p_TCGA_b139_154_155_SNP_N_GenomeWideSNP_6_H01_808616	4	3900852	4176629	78	0.628
HELVE_p_TCGA_b139_154_155_SNP_N_GenomeWideSNP_6_H01_808616	4	4177173	6404386	1855	0.0202
HELVE_p_TCGA_b139_154_155_SNP_N_GenomeWideSNP_6_H01_808616	4	6404531	6410746	7	0.7506
HELVE_p_TCGA_b139_154_155_SNP_N_GenomeWideSNP_6_H01_808616	4	6411705	8722252	1600	0.0233
HELVE_p_TCGA_b139_154_155_SNP_N_GenomeWideSNP_6_H01_808616	4	8724543	9650598	119	0.4639
HELVE_p_TCGA_b139_154_155_SNP_N_GenomeWideSNP_6_H01_808616	4	9653990	10198628	464	0.0052
HELVE_p_TCGA_b139_154_155_SNP_N_GenomeWideSNP_6_H01_808616	4	10198824	10198967	4	1.2683
HELVE_p_TCGA_b139_154_155_SNP_N_GenomeWideSNP_6_H01_808616	4	10199688	10210390	30	0.1028
HELVE_p_TCGA_b139_154_155_SNP_N_GenomeWideSNP_6_H01_808616	4	10214160	10235007	33	-1.4782
HELVE_p_TCGA_b139_154_155_SNP_N_GenomeWideSNP_6_H01_808616	4	10235166	34773515	16973	0.0127
HELVE_p_TCGA_b139_154_155_SNP_N_GenomeWideSNP_6_H01_808616	4	34778860	34831818	51	-0.4361
HELVE_p_TCGA_b139_154_155_SNP_N_GenomeWideSNP_6_H01_808616	4	34831867	36011393	761	-0.0174
HELVE_p_TCGA_b139_154_155_SNP_N_GenomeWideSNP_6_H01_808616	4	36011629	36015518	10	-1.126
HELVE_p_TCGA_b139_154_155_SNP_N_GenomeWideSNP_6_H01_808616	4	36017518	49089374	8182	0.0103
HELVE_p_TCGA_b139_154_155_SNP_N_GenomeWideSNP_6_H01_808616	4	49093786	49656595	39	0.7978
HELVE_p_TCGA_b139_154_155_SNP_N_GenomeWideSNP_6_H01_808616	4	49658223	64693940	7571	0.0137
HELVE_p_TCGA_b139_154_155_SNP_N_GenomeWideSNP_6_H01_808616	4	64697469	64704293	7	-1.2326
HELVE_p_TCGA_b139_154_155_SNP_N_GenomeWideSNP_6_H01_808616	4	64705156	64705785	14	-0.0808
HELVE_p_TCGA_b139_154_155_SNP_N_GenomeWideSNP_6_H01_808616	4	64707581	64708258	8	-2.5147
HELVE_p_TCGA_b139_154_155_SNP_N_GenomeWideSNP_6_H01_808616	4	64716431	69282205	2856	0.0094
HELVE_p_TCGA_b139_154_155_SNP_N_GenomeWideSNP_6_H01_808616	4	69284591	69288142	4	1.2523
HELVE_p_TCGA_b139_154_155_SNP_N_GenomeWideSNP_6_H01_808616	4	69294799	70138047	420	0.0065
HELVE_p_TCGA_b139_154_155_SNP_N_GenomeWideSNP_6_H01_808616	4	70143374	70229434	41	-0.6222
HELVE_p_TCGA_b139_154_155_SNP_N_GenomeWideSNP_6_H01_808616	4	70231799	72767478	1495	0.0152
HELVE_p_TCGA_b139_154_155_SNP_N_GenomeWideSNP_6_H01_808616	4	72767672	72779309	3	-1.2482
HELVE_p_TCGA_b139_154_155_SNP_N_GenomeWideSNP_6_H01_808616	4	72779617	77786579	3106	0.0111
HELVE_p_TCGA_b139_154_155_SNP_N_GenomeWideSNP_6_H01_808616	4	77786657	77793778	24	0.4025
HELVE_p_TCGA_b139_154_155_SNP_N_GenomeWideSNP_6_H01_808616	4	77793829	78170557	278	0.0067
HELVE_p_TCGA_b139_154_155_SNP_N_GenomeWideSNP_6_H01_808616	4	78171206	78200471	56	0.3801
HELVE_p_TCGA_b139_154_155_SNP_N_GenomeWideSNP_6_H01_808616	4	78200796	115173700	22374	0.0107
HELVE_p_TCGA_b139_154_155_SNP_N_GenomeWideSNP_6_H01_808616	4	115175323	115182175	23	-1.0727
HELVE_p_TCGA_b139_154_155_SNP_N_GenomeWideSNP_6_H01_808616	4	115184229	116165868	611	0.002
HELVE_p_TCGA_b139_154_155_SNP_N_GenomeWideSNP_6_H01_808616	4	116166104	116180555	28	-0.6547
HELVE_p_TCGA_b139_154_155_SNP_N_GenomeWideSNP_6_H01_808616	4	116182579	127459568	6743	0.0157
HELVE_p_TCGA_b139_154_155_SNP_N_GenomeWideSNP_6_H01_808616	4	127462865	127470966	14	-0.5772
HELVE_p_TCGA_b139_154_155_SNP_N_GenomeWideSNP_6_H01_808616	4	127471106	134142725	3697	0.0063
HELVE_p_TCGA_b139_154_155_SNP_N_GenomeWideSNP_6_H01_808616	4	134145952	134238544	41	-0.3534
HELVE_p_TCGA_b139_154_155_SNP_N_GenomeWideSNP_6_H01_808616	4	134240601	135044547	420	-0.0144
HELVE_p_TCGA_b139_154_155_SNP_N_GenomeWideSNP_6_H01_808616	4	135047355	135060257	4	-0.9815
HELVE_p_TCGA_b139_154_155_SNP_N_GenomeWideSNP_6_H01_808616	4	135060582	137938701	1561	0.0097
HELVE_p_TCGA_b139_154_155_SNP_N_GenomeWideSNP_6_H01_808616	4	137938715	137972114	46	-0.2986
HELVE_p_TCGA_b139_154_155_SNP_N_GenomeWideSNP_6_H01_808616	4	137976085	138084982	69	0.0312
HELVE_p_TCGA_b139_154_155_SNP_N_GenomeWideSNP_6_H01_808616	4	138085107	138108363	23	0.4178
HELVE_p_TCGA_b139_154_155_SNP_N_GenomeWideSNP_6_H01_808616	4	138108487	151868941	8394	0.0157
HELVE_p_TCGA_b139_154_155_SNP_N_GenomeWideSNP_6_H01_808616	4	151876309	151881140	19	0.4574
HELVE_p_TCGA_b139_154_155_SNP_N_GenomeWideSNP_6_H01_808616	4	151881209	152791654	464	0.02
HELVE_p_TCGA_b139_154_155_SNP_N_GenomeWideSNP_6_H01_808616	4	152791692	152792567	9	-0.9886
HELVE_p_TCGA_b139_154_155_SNP_N_GenomeWideSNP_6_H01_808616	4	152792891	161041304	5235	0.0148
HELVE_p_TCGA_b139_154_155_SNP_N_GenomeWideSNP_6_H01_808616	4	161052774	161070789	40	-0.9567
HELVE_p_TCGA_b139_154_155_SNP_N_GenomeWideSNP_6_H01_808616	4	161083870	165550166	2985	0.0077
HELVE_p_TCGA_b139_154_155_SNP_N_GenomeWideSNP_6_H01_808616	4	165553341	165557757	3	1.3947
HELVE_p_TCGA_b139_154_155_SNP_N_GenomeWideSNP_6_H01_808616	4	165558099	165650777	100	-0.0603
HELVE_p_TCGA_b139_154_155_SNP_N_GenomeWideSNP_6_H01_808616	4	165656200	165658642	3	-1.3761
HELVE_p_TCGA_b139_154_155_SNP_N_GenomeWideSNP_6_H01_808616	4	165658643	172369346	4190	0.0078
HELVE_p_TCGA_b139_154_155_SNP_N_GenomeWideSNP_6_H01_808616	4	172374884	172377444	8	0.8533
HELVE_p_TCGA_b139_154_155_SNP_N_GenomeWideSNP_6_H01_808616	4	172377458	172989373	405	0.0202
HELVE_p_TCGA_b139_154_155_SNP_N_GenomeWideSNP_6_H01_808616	4	172989408	172989505	5	-2.014
HELVE_p_TCGA_b139_154_155_SNP_N_GenomeWideSNP_6_H01_808616	4	172989519	189234425	10959	0.0016
HELVE_p_TCGA_b139_154_155_SNP_N_GenomeWideSNP_6_H01_808616	4	189234561	189234707	5	1.3108
HELVE_p_TCGA_b139_154_155_SNP_N_GenomeWideSNP_6_H01_808616	4	189244891	190785565	1077	0.0024
HELVE_p_TCGA_b139_154_155_SNP_N_GenomeWideSNP_6_H01_808616	4	190791543	190794060	3	1.5339
HELVE_p_TCGA_b139_154_155_SNP_N_GenomeWideSNP_6_H01_808616	4	190795794	190958143	53	0.4671
HELVE_p_TCGA_b139_154_155_SNP_N_GenomeWideSNP_6_H01_808616	4	190967249	191027923	6	1.1956
HELVE_p_TCGA_b139_154_155_SNP_N_GenomeWideSNP_6_H01_808616	5	15532	676886	304	0.0921
HELVE_p_TCGA_b139_154_155_SNP_N_GenomeWideSNP_6_H01_808616	5	681302	825653	60	0.4827
HELVE_p_TCGA_b139_154_155_SNP_N_GenomeWideSNP_6_H01_808616	5	833628	46102691	30370	0.0115
HELVE_p_TCGA_b139_154_155_SNP_N_GenomeWideSNP_6_H01_808616	5	46106835	49447306	63	0.3321
HELVE_p_TCGA_b139_154_155_SNP_N_GenomeWideSNP_6_H01_808616	5	49455636	109362720	35447	0.0111
HELVE_p_TCGA_b139_154_155_SNP_N_GenomeWideSNP_6_H01_808616	5	109363572	109371718	14	-1.1807
HELVE_p_TCGA_b139_154_155_SNP_N_GenomeWideSNP_6_H01_808616	5	109372065	180790320	46754	0.0162
HELVE_p_TCGA_b139_154_155_SNP_N_GenomeWideSNP_6_H01_808616	6	149661	10212394	8134	0.0206
HELVE_p_TCGA_b139_154_155_SNP_N_GenomeWideSNP_6_H01_808616	6	10212460	10213121	3	-1.4951
HELVE_p_TCGA_b139_154_155_SNP_N_GenomeWideSNP_6_H01_808616	6	10213333	29833948	13559	0.0187
HELVE_p_TCGA_b139_154_155_SNP_N_GenomeWideSNP_6_H01_808616	6	29834449	29965501	91	0.4113
HELVE_p_TCGA_b139_154_155_SNP_N_GenomeWideSNP_6_H01_808616	6	29966175	31286276	610	0.0321
HELVE_p_TCGA_b139_154_155_SNP_N_GenomeWideSNP_6_H01_808616	6	31286305	31309924	11	1.3044
HELVE_p_TCGA_b139_154_155_SNP_N_GenomeWideSNP_6_H01_808616	6	31317347	32622194	568	0.0444
HELVE_p_TCGA_b139_154_155_SNP_N_GenomeWideSNP_6_H01_808616	6	32624304	32626618	6	1.5137
HELVE_p_TCGA_b139_154_155_SNP_N_GenomeWideSNP_6_H01_808616	6	32650612	52611118	12735	0.0177
HELVE_p_TCGA_b139_154_155_SNP_N_GenomeWideSNP_6_H01_808616	6	52611384	52664482	53	0.3997
HELVE_p_TCGA_b139_154_155_SNP_N_GenomeWideSNP_6_H01_808616	6	52664572	56910334	2788	0.0138
HELVE_p_TCGA_b139_154_155_SNP_N_GenomeWideSNP_6_H01_808616	6	56913072	56952630	16	0.4829
HELVE_p_TCGA_b139_154_155_SNP_N_GenomeWideSNP_6_H01_808616	6	56959663	62478547	993	0.0729
HELVE_p_TCGA_b139_154_155_SNP_N_GenomeWideSNP_6_H01_808616	6	62482633	62486911	3	1.1863
HELVE_p_TCGA_b139_154_155_SNP_N_GenomeWideSNP_6_H01_808616	6	62487397	63033377	301	-0.0225
HELVE_p_TCGA_b139_154_155_SNP_N_GenomeWideSNP_6_H01_808616	6	63033690	63034181	2	-1.7006
HELVE_p_TCGA_b139_154_155_SNP_N_GenomeWideSNP_6_H01_808616	6	63034249	74591858	7361	0.0106
HELVE_p_TCGA_b139_154_155_SNP_N_GenomeWideSNP_6_H01_808616	6	74592225	74597289	8	-0.8883
HELVE_p_TCGA_b139_154_155_SNP_N_GenomeWideSNP_6_H01_808616	6	74597341	77436532	1767	0.0032
HELVE_p_TCGA_b139_154_155_SNP_N_GenomeWideSNP_6_H01_808616	6	77439868	77443247	11	-0.7585
HELVE_p_TCGA_b139_154_155_SNP_N_GenomeWideSNP_6_H01_808616	6	77446199	78878511	924	-0.0061
HELVE_p_TCGA_b139_154_155_SNP_N_GenomeWideSNP_6_H01_808616	6	78879025	78879490	3	-1.5083
HELVE_p_TCGA_b139_154_155_SNP_N_GenomeWideSNP_6_H01_808616	6	78879512	78962889	63	-0.0037
HELVE_p_TCGA_b139_154_155_SNP_N_GenomeWideSNP_6_H01_808616	6	78969065	79039234	112	-0.645
HELVE_p_TCGA_b139_154_155_SNP_N_GenomeWideSNP_6_H01_808616	6	79041633	103747730	15487	0.0049
HELVE_p_TCGA_b139_154_155_SNP_N_GenomeWideSNP_6_H01_808616	6	103747782	103765670	32	0.8251
HELVE_p_TCGA_b139_154_155_SNP_N_GenomeWideSNP_6_H01_808616	6	103765711	132425242	17744	0.0109
HELVE_p_TCGA_b139_154_155_SNP_N_GenomeWideSNP_6_H01_808616	6	132425702	132427795	3	-1.7738
HELVE_p_TCGA_b139_154_155_SNP_N_GenomeWideSNP_6_H01_808616	6	132428346	133659293	887	0
HELVE_p_TCGA_b139_154_155_SNP_N_GenomeWideSNP_6_H01_808616	6	133661466	133668152	8	-1.1004
HELVE_p_TCGA_b139_154_155_SNP_N_GenomeWideSNP_6_H01_808616	6	133668290	140788026	4768	0.0101
HELVE_p_TCGA_b139_154_155_SNP_N_GenomeWideSNP_6_H01_808616	6	140788303	140917051	65	-0.2657
HELVE_p_TCGA_b139_154_155_SNP_N_GenomeWideSNP_6_H01_808616	6	140919466	148501944	4818	0.0119
HELVE_p_TCGA_b139_154_155_SNP_N_GenomeWideSNP_6_H01_808616	6	148506612	148506944	2	-1.5396
HELVE_p_TCGA_b139_154_155_SNP_N_GenomeWideSNP_6_H01_808616	6	148507255	151320896	1983	0.018
HELVE_p_TCGA_b139_154_155_SNP_N_GenomeWideSNP_6_H01_808616	6	151320909	151335764	14	-0.4805
HELVE_p_TCGA_b139_154_155_SNP_N_GenomeWideSNP_6_H01_808616	6	151338793	161031765	6630	0.019
HELVE_p_TCGA_b139_154_155_SNP_N_GenomeWideSNP_6_H01_808616	6	161031786	161068108	14	1.1947
HELVE_p_TCGA_b139_154_155_SNP_N_GenomeWideSNP_6_H01_808616	6	161068477	171051005	7254	0.0167
HELVE_p_TCGA_b139_154_155_SNP_N_GenomeWideSNP_6_H01_808616	7	43355	6876185	3449	0.0254
HELVE_p_TCGA_b139_154_155_SNP_N_GenomeWideSNP_6_H01_808616	7	6882252	6900607	6	1.3337
HELVE_p_TCGA_b139_154_155_SNP_N_GenomeWideSNP_6_H01_808616	7	6901720	11600972	3837	0.0059
HELVE_p_TCGA_b139_154_155_SNP_N_GenomeWideSNP_6_H01_808616	7	11605015	11605390	3	-1.969
HELVE_p_TCGA_b139_154_155_SNP_N_GenomeWideSNP_6_H01_808616	7	11605508	15431632	3111	0.0023
HELVE_p_TCGA_b139_154_155_SNP_N_GenomeWideSNP_6_H01_808616	7	15431670	15433289	2	-1.8551
HELVE_p_TCGA_b139_154_155_SNP_N_GenomeWideSNP_6_H01_808616	7	15434065	16803990	1118	0.0082
HELVE_p_TCGA_b139_154_155_SNP_N_GenomeWideSNP_6_H01_808616	7	16806301	16808472	2	-2.0196
HELVE_p_TCGA_b139_154_155_SNP_N_GenomeWideSNP_6_H01_808616	7	16811553	20268584	2886	-0.0189
HELVE_p_TCGA_b139_154_155_SNP_N_GenomeWideSNP_6_H01_808616	7	20271988	20274504	5	-1.3021
HELVE_p_TCGA_b139_154_155_SNP_N_GenomeWideSNP_6_H01_808616	7	20276994	38326698	13016	0.0123
HELVE_p_TCGA_b139_154_155_SNP_N_GenomeWideSNP_6_H01_808616	7	38326782	38408194	105	0.2677
HELVE_p_TCGA_b139_154_155_SNP_N_GenomeWideSNP_6_H01_808616	7	38408479	54386512	10997	0.0125
HELVE_p_TCGA_b139_154_155_SNP_N_GenomeWideSNP_6_H01_808616	7	54386514	54386517	2	-1.7977
HELVE_p_TCGA_b139_154_155_SNP_N_GenomeWideSNP_6_H01_808616	7	54393488	63533993	2596	0.0925
HELVE_p_TCGA_b139_154_155_SNP_N_GenomeWideSNP_6_H01_808616	7	63534480	63575632	19	0.4595
HELVE_p_TCGA_b139_154_155_SNP_N_GenomeWideSNP_6_H01_808616	7	63578433	64594065	519	0.0465
HELVE_p_TCGA_b139_154_155_SNP_N_GenomeWideSNP_6_H01_808616	7	64594341	64637128	6	0.8762
HELVE_p_TCGA_b139_154_155_SNP_N_GenomeWideSNP_6_H01_808616	7	64638157	64951818	174	0.0876
HELVE_p_TCGA_b139_154_155_SNP_N_GenomeWideSNP_6_H01_808616	7	64958622	65066702	25	0.7618
HELVE_p_TCGA_b139_154_155_SNP_N_GenomeWideSNP_6_H01_808616	7	65066954	66629240	545	0.0343
HELVE_p_TCGA_b139_154_155_SNP_N_GenomeWideSNP_6_H01_808616	7	66629329	66811313	62	0.2963
HELVE_p_TCGA_b139_154_155_SNP_N_GenomeWideSNP_6_H01_808616	7	66814000	71997205	3411	0.0165
HELVE_p_TCGA_b139_154_155_SNP_N_GenomeWideSNP_6_H01_808616	7	71997529	72054103	24	0.537
HELVE_p_TCGA_b139_154_155_SNP_N_GenomeWideSNP_6_H01_808616	7	72054724	72400581	96	0.0667
HELVE_p_TCGA_b139_154_155_SNP_N_GenomeWideSNP_6_H01_808616	7	72401628	72702162	35	0.4213
HELVE_p_TCGA_b139_154_155_SNP_N_GenomeWideSNP_6_H01_808616	7	72723383	75357339	664	0.0118
HELVE_p_TCGA_b139_154_155_SNP_N_GenomeWideSNP_6_H01_808616	7	75360028	75364117	4	0.8685
HELVE_p_TCGA_b139_154_155_SNP_N_GenomeWideSNP_6_H01_808616	7	75364238	76054285	287	0.0291
HELVE_p_TCGA_b139_154_155_SNP_N_GenomeWideSNP_6_H01_808616	7	76055847	76310510	97	0.3298
HELVE_p_TCGA_b139_154_155_SNP_N_GenomeWideSNP_6_H01_808616	7	76310628	97385970	13573	0
HELVE_p_TCGA_b139_154_155_SNP_N_GenomeWideSNP_6_H01_808616	7	97395460	97401932	9	0.897
HELVE_p_TCGA_b139_154_155_SNP_N_GenomeWideSNP_6_H01_808616	7	97401959	102101306	2058	0.0099
HELVE_p_TCGA_b139_154_155_SNP_N_GenomeWideSNP_6_H01_808616	7	102102164	102355693	30	0.5104
HELVE_p_TCGA_b139_154_155_SNP_N_GenomeWideSNP_6_H01_808616	7	102356501	107737468	3410	0.02
HELVE_p_TCGA_b139_154_155_SNP_N_GenomeWideSNP_6_H01_808616	7	107739485	107739538	2	-1.9511
HELVE_p_TCGA_b139_154_155_SNP_N_GenomeWideSNP_6_H01_808616	7	107742929	109430050	1134	0.0138
HELVE_p_TCGA_b139_154_155_SNP_N_GenomeWideSNP_6_H01_808616	7	109433747	109453762	35	0.4972
HELVE_p_TCGA_b139_154_155_SNP_N_GenomeWideSNP_6_H01_808616	7	109453803	112071795	1744	-0.0149
HELVE_p_TCGA_b139_154_155_SNP_N_GenomeWideSNP_6_H01_808616	7	112071859	112076515	2	-2.3433
HELVE_p_TCGA_b139_154_155_SNP_N_GenomeWideSNP_6_H01_808616	7	112077612	126046489	8295	0.0094
HELVE_p_TCGA_b139_154_155_SNP_N_GenomeWideSNP_6_H01_808616	7	126046543	126046881	9	0.9276
HELVE_p_TCGA_b139_154_155_SNP_N_GenomeWideSNP_6_H01_808616	7	126052766	128140204	1389	0.0136
HELVE_p_TCGA_b139_154_155_SNP_N_GenomeWideSNP_6_H01_808616	7	128141865	128307989	36	0.4335
HELVE_p_TCGA_b139_154_155_SNP_N_GenomeWideSNP_6_H01_808616	7	128308386	133785177	3275	0.0159
HELVE_p_TCGA_b139_154_155_SNP_N_GenomeWideSNP_6_H01_808616	7	133785195	133790443	25	-1.9306
HELVE_p_TCGA_b139_154_155_SNP_N_GenomeWideSNP_6_H01_808616	7	133795634	134227754	346	0.0045
HELVE_p_TCGA_b139_154_155_SNP_N_GenomeWideSNP_6_H01_808616	7	134230690	134260106	21	0.4526
HELVE_p_TCGA_b139_154_155_SNP_N_GenomeWideSNP_6_H01_808616	7	134263676	142156617	5116	0.0161
HELVE_p_TCGA_b139_154_155_SNP_N_GenomeWideSNP_6_H01_808616	7	142156848	142179394	21	0.5439
HELVE_p_TCGA_b139_154_155_SNP_N_GenomeWideSNP_6_H01_808616	7	142180812	142449568	177	0.0564
HELVE_p_TCGA_b139_154_155_SNP_N_GenomeWideSNP_6_H01_808616	7	142454498	142486345	46	0.696
HELVE_p_TCGA_b139_154_155_SNP_N_GenomeWideSNP_6_H01_808616	7	142486495	150701022	5028	0.0183
HELVE_p_TCGA_b139_154_155_SNP_N_GenomeWideSNP_6_H01_808616	7	150702591	150710392	4	-1.7152
HELVE_p_TCGA_b139_154_155_SNP_N_GenomeWideSNP_6_H01_808616	7	150717679	158705972	5241	0.0156
HELVE_p_TCGA_b139_154_155_SNP_N_GenomeWideSNP_6_H01_808616	7	158706093	158863758	121	0.2239
HELVE_p_TCGA_b139_154_155_SNP_N_GenomeWideSNP_6_H01_808616	7	158866660	159127004	179	0.0671
HELVE_p_TCGA_b139_154_155_SNP_N_GenomeWideSNP_6_H01_808616	8	31254	593041	327	0.0875
HELVE_p_TCGA_b139_154_155_SNP_N_GenomeWideSNP_6_H01_808616	8	594944	595908	10	1.3713
HELVE_p_TCGA_b139_154_155_SNP_N_GenomeWideSNP_6_H01_808616	8	601043	6825536	7369	-0.0016
HELVE_p_TCGA_b139_154_155_SNP_N_GenomeWideSNP_6_H01_808616	8	6825676	7238019	140	0.3748
HELVE_p_TCGA_b139_154_155_SNP_N_GenomeWideSNP_6_H01_808616	8	7250380	7799390	149	-0.2455
HELVE_p_TCGA_b139_154_155_SNP_N_GenomeWideSNP_6_H01_808616	8	7809891	8092025	70	0.4795
HELVE_p_TCGA_b139_154_155_SNP_N_GenomeWideSNP_6_H01_808616	8	8093182	8586383	480	-0.0179
HELVE_p_TCGA_b139_154_155_SNP_N_GenomeWideSNP_6_H01_808616	8	8587132	8587589	2	-2.2144
HELVE_p_TCGA_b139_154_155_SNP_N_GenomeWideSNP_6_H01_808616	8	8589494	11767918	2663	0.0257
HELVE_p_TCGA_b139_154_155_SNP_N_GenomeWideSNP_6_H01_808616	8	11768604	12561950	225	0.3593
HELVE_p_TCGA_b139_154_155_SNP_N_GenomeWideSNP_6_H01_808616	8	12562455	16197191	3438	0.0049
HELVE_p_TCGA_b139_154_155_SNP_N_GenomeWideSNP_6_H01_808616	8	16206954	16207123	8	-0.901
HELVE_p_TCGA_b139_154_155_SNP_N_GenomeWideSNP_6_H01_808616	8	16212084	16262235	48	0.0474
HELVE_p_TCGA_b139_154_155_SNP_N_GenomeWideSNP_6_H01_808616	8	16262247	16282587	29	-0.7305
HELVE_p_TCGA_b139_154_155_SNP_N_GenomeWideSNP_6_H01_808616	8	16283341	24979955	6879	0.015
HELVE_p_TCGA_b139_154_155_SNP_N_GenomeWideSNP_6_H01_808616	8	24979962	24984333	9	0.833
HELVE_p_TCGA_b139_154_155_SNP_N_GenomeWideSNP_6_H01_808616	8	24991104	32687459	5444	0.0096
HELVE_p_TCGA_b139_154_155_SNP_N_GenomeWideSNP_6_H01_808616	8	32688203	32688413	2	1.6447
HELVE_p_TCGA_b139_154_155_SNP_N_GenomeWideSNP_6_H01_808616	8	32692106	43624895	6192	0.0122
HELVE_p_TCGA_b139_154_155_SNP_N_GenomeWideSNP_6_H01_808616	8	43625120	47397762	156	0.3314
HELVE_p_TCGA_b139_154_155_SNP_N_GenomeWideSNP_6_H01_808616	8	47398258	50876267	1770	0.0095
HELVE_p_TCGA_b139_154_155_SNP_N_GenomeWideSNP_6_H01_808616	8	50876523	50921942	35	-0.3793
HELVE_p_TCGA_b139_154_155_SNP_N_GenomeWideSNP_6_H01_808616	8	50922208	53980321	1987	0.0034
HELVE_p_TCGA_b139_154_155_SNP_N_GenomeWideSNP_6_H01_808616	8	53980650	53987957	6	0.8531
HELVE_p_TCGA_b139_154_155_SNP_N_GenomeWideSNP_6_H01_808616	8	53988007	58371435	2872	0.0115
HELVE_p_TCGA_b139_154_155_SNP_N_GenomeWideSNP_6_H01_808616	8	58371693	58378246	19	0.6617
HELVE_p_TCGA_b139_154_155_SNP_N_GenomeWideSNP_6_H01_808616	8	58381007	71607196	8133	0.0117
HELVE_p_TCGA_b139_154_155_SNP_N_GenomeWideSNP_6_H01_808616	8	71614675	71630989	10	-1.0433
HELVE_p_TCGA_b139_154_155_SNP_N_GenomeWideSNP_6_H01_808616	8	71631870	72212181	350	-0.0054
HELVE_p_TCGA_b139_154_155_SNP_N_GenomeWideSNP_6_H01_808616	8	72212365	72220127	12	-0.6757
HELVE_p_TCGA_b139_154_155_SNP_N_GenomeWideSNP_6_H01_808616	8	72220321	112294466	24112	0.0078
HELVE_p_TCGA_b139_154_155_SNP_N_GenomeWideSNP_6_H01_808616	8	112294646	112295260	7	1.2634
HELVE_p_TCGA_b139_154_155_SNP_N_GenomeWideSNP_6_H01_808616	8	112300281	115611596	1809	0.008
HELVE_p_TCGA_b139_154_155_SNP_N_GenomeWideSNP_6_H01_808616	8	115612488	115635701	30	-0.3292
HELVE_p_TCGA_b139_154_155_SNP_N_GenomeWideSNP_6_H01_808616	8	115638350	115640817	9	0.8749
HELVE_p_TCGA_b139_154_155_SNP_N_GenomeWideSNP_6_H01_808616	8	115640908	129755460	9809	0.0139
HELVE_p_TCGA_b139_154_155_SNP_N_GenomeWideSNP_6_H01_808616	8	129756266	129764085	3	-1.2783
HELVE_p_TCGA_b139_154_155_SNP_N_GenomeWideSNP_6_H01_808616	8	129777454	146298155	11257	0.0238
HELVE_p_TCGA_b139_154_155_SNP_N_GenomeWideSNP_6_H01_808616	9	46587	197543	24	0.6153
HELVE_p_TCGA_b139_154_155_SNP_N_GenomeWideSNP_6_H01_808616	9	203310	673167	637	0.0378
HELVE_p_TCGA_b139_154_155_SNP_N_GenomeWideSNP_6_H01_808616	9	673512	676175	4	1.3028
HELVE_p_TCGA_b139_154_155_SNP_N_GenomeWideSNP_6_H01_808616	9	676278	2145495	1658	0.0156
HELVE_p_TCGA_b139_154_155_SNP_N_GenomeWideSNP_6_H01_808616	9	2145512	2150662	8	-1.291
HELVE_p_TCGA_b139_154_155_SNP_N_GenomeWideSNP_6_H01_808616	9	2152115	5110118	2973	0.0144
HELVE_p_TCGA_b139_154_155_SNP_N_GenomeWideSNP_6_H01_808616	9	5110240	5116016	7	0.8974
HELVE_p_TCGA_b139_154_155_SNP_N_GenomeWideSNP_6_H01_808616	9	5116616	6536953	943	0.0081
HELVE_p_TCGA_b139_154_155_SNP_N_GenomeWideSNP_6_H01_808616	9	6542265	6548358	3	-1.9309
HELVE_p_TCGA_b139_154_155_SNP_N_GenomeWideSNP_6_H01_808616	9	6548393	6774263	175	0.0978
HELVE_p_TCGA_b139_154_155_SNP_N_GenomeWideSNP_6_H01_808616	9	6774846	6774993	2	-1.6745
HELVE_p_TCGA_b139_154_155_SNP_N_GenomeWideSNP_6_H01_808616	9	6775119	7237880	496	-0.0058
HELVE_p_TCGA_b139_154_155_SNP_N_GenomeWideSNP_6_H01_808616	9	7239198	7239415	3	-1.5127
HELVE_p_TCGA_b139_154_155_SNP_N_GenomeWideSNP_6_H01_808616	9	7240593	32113078	19971	-0.0077
HELVE_p_TCGA_b139_154_155_SNP_N_GenomeWideSNP_6_H01_808616	9	32113138	32113319	3	-1.3025
HELVE_p_TCGA_b139_154_155_SNP_N_GenomeWideSNP_6_H01_808616	9	32113841	39283389	4329	0.0238
HELVE_p_TCGA_b139_154_155_SNP_N_GenomeWideSNP_6_H01_808616	9	39283453	39743166	19	0.6406
HELVE_p_TCGA_b139_154_155_SNP_N_GenomeWideSNP_6_H01_808616	9	39769325	41978375	73	0.1965
HELVE_p_TCGA_b139_154_155_SNP_N_GenomeWideSNP_6_H01_808616	9	41985187	44629223	115	0.5458
HELVE_p_TCGA_b139_154_155_SNP_N_GenomeWideSNP_6_H01_808616	9	44727859	44866028	37	-0.275
HELVE_p_TCGA_b139_154_155_SNP_N_GenomeWideSNP_6_H01_808616	9	44873200	70989971	383	0.5132
HELVE_p_TCGA_b139_154_155_SNP_N_GenomeWideSNP_6_H01_808616	9	70996001	141091394	47998	0.0135
HELVE_p_TCGA_b139_154_155_SNP_N_GenomeWideSNP_6_H01_808616	10	72759	15007841	12714	0.0097
HELVE_p_TCGA_b139_154_155_SNP_N_GenomeWideSNP_6_H01_808616	10	15010553	15065675	24	0.5843
HELVE_p_TCGA_b139_154_155_SNP_N_GenomeWideSNP_6_H01_808616	10	15066488	27223903	8488	0.0083
HELVE_p_TCGA_b139_154_155_SNP_N_GenomeWideSNP_6_H01_808616	10	27225904	27230675	15	0.7994
HELVE_p_TCGA_b139_154_155_SNP_N_GenomeWideSNP_6_H01_808616	10	27230737	32951737	4103	0.0205
HELVE_p_TCGA_b139_154_155_SNP_N_GenomeWideSNP_6_H01_808616	10	32952337	32953368	12	-0.6049
HELVE_p_TCGA_b139_154_155_SNP_N_GenomeWideSNP_6_H01_808616	10	32953397	42523441	3814	0.0165
HELVE_p_TCGA_b139_154_155_SNP_N_GenomeWideSNP_6_H01_808616	10	42523461	42760053	27	0.7954
HELVE_p_TCGA_b139_154_155_SNP_N_GenomeWideSNP_6_H01_808616	10	42763230	46177093	2331	0.0265
HELVE_p_TCGA_b139_154_155_SNP_N_GenomeWideSNP_6_H01_808616	10	46189527	47131749	182	0.4549
HELVE_p_TCGA_b139_154_155_SNP_N_GenomeWideSNP_6_H01_808616	10	47132153	48736766	506	0.1122
HELVE_p_TCGA_b139_154_155_SNP_N_GenomeWideSNP_6_H01_808616	10	48771950	49292533	27	0.7944
HELVE_p_TCGA_b139_154_155_SNP_N_GenomeWideSNP_6_H01_808616	10	49322868	51507381	1367	0.0083
HELVE_p_TCGA_b139_154_155_SNP_N_GenomeWideSNP_6_H01_808616	10	51511397	51981971	91	0.326
HELVE_p_TCGA_b139_154_155_SNP_N_GenomeWideSNP_6_H01_808616	10	51989181	52411190	348	-0.0339
HELVE_p_TCGA_b139_154_155_SNP_N_GenomeWideSNP_6_H01_808616	10	52414456	52463621	25	0.5404
HELVE_p_TCGA_b139_154_155_SNP_N_GenomeWideSNP_6_H01_808616	10	52465494	57748156	3984	-0.0074
HELVE_p_TCGA_b139_154_155_SNP_N_GenomeWideSNP_6_H01_808616	10	57748317	57792441	26	-0.4124
HELVE_p_TCGA_b139_154_155_SNP_N_GenomeWideSNP_6_H01_808616	10	57795078	58861802	771	-0.0065
HELVE_p_TCGA_b139_154_155_SNP_N_GenomeWideSNP_6_H01_808616	10	58863872	58890707	26	-0.3972
HELVE_p_TCGA_b139_154_155_SNP_N_GenomeWideSNP_6_H01_808616	10	58890761	67357990	5900	6e-04
HELVE_p_TCGA_b139_154_155_SNP_N_GenomeWideSNP_6_H01_808616	10	67357993	67362269	6	1.2649
HELVE_p_TCGA_b139_154_155_SNP_N_GenomeWideSNP_6_H01_808616	10	67362320	78142421	6676	0.0093
HELVE_p_TCGA_b139_154_155_SNP_N_GenomeWideSNP_6_H01_808616	10	78142829	78157572	18	-1.2354
HELVE_p_TCGA_b139_154_155_SNP_N_GenomeWideSNP_6_H01_808616	10	78159042	81355072	2504	0.0101
HELVE_p_TCGA_b139_154_155_SNP_N_GenomeWideSNP_6_H01_808616	10	81383874	81497471	15	0.6833
HELVE_p_TCGA_b139_154_155_SNP_N_GenomeWideSNP_6_H01_808616	10	81514175	88956341	5199	0.0088
HELVE_p_TCGA_b139_154_155_SNP_N_GenomeWideSNP_6_H01_808616	10	88958560	89061261	13	0.7386
HELVE_p_TCGA_b139_154_155_SNP_N_GenomeWideSNP_6_H01_808616	10	89069796	123459330	23232	0.0156
HELVE_p_TCGA_b139_154_155_SNP_N_GenomeWideSNP_6_H01_808616	10	123459336	123459523	6	1.1296
HELVE_p_TCGA_b139_154_155_SNP_N_GenomeWideSNP_6_H01_808616	10	123460078	135506704	8567	0.0236
HELVE_p_TCGA_b139_154_155_SNP_N_GenomeWideSNP_6_H01_808616	11	198510	733609	173	0.0791
HELVE_p_TCGA_b139_154_155_SNP_N_GenomeWideSNP_6_H01_808616	11	733639	745581	8	0.8553
HELVE_p_TCGA_b139_154_155_SNP_N_GenomeWideSNP_6_H01_808616	11	748946	1638144	298	0.0023
HELVE_p_TCGA_b139_154_155_SNP_N_GenomeWideSNP_6_H01_808616	11	1638412	1644905	4	-0.687
HELVE_p_TCGA_b139_154_155_SNP_N_GenomeWideSNP_6_H01_808616	11	1645966	1654565	11	0.5433
HELVE_p_TCGA_b139_154_155_SNP_N_GenomeWideSNP_6_H01_808616	11	1654761	3413187	827	0.0135
HELVE_p_TCGA_b139_154_155_SNP_N_GenomeWideSNP_6_H01_808616	11	3416489	3529938	32	0.5547
HELVE_p_TCGA_b139_154_155_SNP_N_GenomeWideSNP_6_H01_808616	11	3530671	5061541	1235	0.0283
HELVE_p_TCGA_b139_154_155_SNP_N_GenomeWideSNP_6_H01_808616	11	5061906	5062836	2	-1.7886
HELVE_p_TCGA_b139_154_155_SNP_N_GenomeWideSNP_6_H01_808616	11	5062942	5522151	460	-0.0103
HELVE_p_TCGA_b139_154_155_SNP_N_GenomeWideSNP_6_H01_808616	11	5522197	5523593	5	-1.5079
HELVE_p_TCGA_b139_154_155_SNP_N_GenomeWideSNP_6_H01_808616	11	5524464	5788080	240	-0.0034
HELVE_p_TCGA_b139_154_155_SNP_N_GenomeWideSNP_6_H01_808616	11	5788092	5802786	24	0.4423
HELVE_p_TCGA_b139_154_155_SNP_N_GenomeWideSNP_6_H01_808616	11	5802866	18949072	9426	0.0159
HELVE_p_TCGA_b139_154_155_SNP_N_GenomeWideSNP_6_H01_808616	11	18949109	18970748	61	0.5624
HELVE_p_TCGA_b139_154_155_SNP_N_GenomeWideSNP_6_H01_808616	11	18971175	25206548	4943	0.0106
HELVE_p_TCGA_b139_154_155_SNP_N_GenomeWideSNP_6_H01_808616	11	25207228	25251050	29	-0.4075
HELVE_p_TCGA_b139_154_155_SNP_N_GenomeWideSNP_6_H01_808616	11	25251463	37338943	8638	0.0041
HELVE_p_TCGA_b139_154_155_SNP_N_GenomeWideSNP_6_H01_808616	11	37339216	37339630	2	-1.9808
HELVE_p_TCGA_b139_154_155_SNP_N_GenomeWideSNP_6_H01_808616	11	37341397	55632259	8390	0.0273
HELVE_p_TCGA_b139_154_155_SNP_N_GenomeWideSNP_6_H01_808616	11	55632785	55669925	19	0.5766
HELVE_p_TCGA_b139_154_155_SNP_N_GenomeWideSNP_6_H01_808616	11	55670089	67501626	6091	0.0168
HELVE_p_TCGA_b139_154_155_SNP_N_GenomeWideSNP_6_H01_808616	11	67503656	67749322	71	0.6351
HELVE_p_TCGA_b139_154_155_SNP_N_GenomeWideSNP_6_H01_808616	11	67764080	71370531	2024	0.0066
HELVE_p_TCGA_b139_154_155_SNP_N_GenomeWideSNP_6_H01_808616	11	71370800	71423465	13	0.6778
HELVE_p_TCGA_b139_154_155_SNP_N_GenomeWideSNP_6_H01_808616	11	71423619	81662203	6385	0.0116
HELVE_p_TCGA_b139_154_155_SNP_N_GenomeWideSNP_6_H01_808616	11	81662646	81663024	3	1.7198
HELVE_p_TCGA_b139_154_155_SNP_N_GenomeWideSNP_6_H01_808616	11	81668644	107230719	17692	0.0082
HELVE_p_TCGA_b139_154_155_SNP_N_GenomeWideSNP_6_H01_808616	11	107238656	107239128	7	-1.7326
HELVE_p_TCGA_b139_154_155_SNP_N_GenomeWideSNP_6_H01_808616	11	107252362	127772574	14399	0.0104
HELVE_p_TCGA_b139_154_155_SNP_N_GenomeWideSNP_6_H01_808616	11	127779649	127788904	5	1.0632
HELVE_p_TCGA_b139_154_155_SNP_N_GenomeWideSNP_6_H01_808616	11	127790755	134944770	5538	0.0194
HELVE_p_TCGA_b139_154_155_SNP_N_GenomeWideSNP_6_H01_808616	12	150442	8317835	5542	0.0213
HELVE_p_TCGA_b139_154_155_SNP_N_GenomeWideSNP_6_H01_808616	12	8320899	8581141	99	0.6276
HELVE_p_TCGA_b139_154_155_SNP_N_GenomeWideSNP_6_H01_808616	12	8584672	9630556	562	0.0257
HELVE_p_TCGA_b139_154_155_SNP_N_GenomeWideSNP_6_H01_808616	12	9633870	9713674	22	-1.1414
HELVE_p_TCGA_b139_154_155_SNP_N_GenomeWideSNP_6_H01_808616	12	9714954	10580460	635	-0.0058
HELVE_p_TCGA_b139_154_155_SNP_N_GenomeWideSNP_6_H01_808616	12	10583367	10586795	2	-2.8362
HELVE_p_TCGA_b139_154_155_SNP_N_GenomeWideSNP_6_H01_808616	12	10587320	11231455	413	0.012
HELVE_p_TCGA_b139_154_155_SNP_N_GenomeWideSNP_6_H01_808616	12	11232918	11241532	5	-1.3757
HELVE_p_TCGA_b139_154_155_SNP_N_GenomeWideSNP_6_H01_808616	12	11251874	11504091	132	0.0191
HELVE_p_TCGA_b139_154_155_SNP_N_GenomeWideSNP_6_H01_808616	12	11511577	11567911	46	0.4976
HELVE_p_TCGA_b139_154_155_SNP_N_GenomeWideSNP_6_H01_808616	12	11578412	33294660	15392	0.001
HELVE_p_TCGA_b139_154_155_SNP_N_GenomeWideSNP_6_H01_808616	12	33301406	33307374	27	-2.3874
HELVE_p_TCGA_b139_154_155_SNP_N_GenomeWideSNP_6_H01_808616	12	33308360	34320518	633	-0.0276
HELVE_p_TCGA_b139_154_155_SNP_N_GenomeWideSNP_6_H01_808616	12	34323204	38268840	263	0.3679
HELVE_p_TCGA_b139_154_155_SNP_N_GenomeWideSNP_6_H01_808616	12	38279343	40816512	1419	0.0119
HELVE_p_TCGA_b139_154_155_SNP_N_GenomeWideSNP_6_H01_808616	12	40816587	40817853	12	0.6455
HELVE_p_TCGA_b139_154_155_SNP_N_GenomeWideSNP_6_H01_808616	12	40817867	43442559	1840	-0.0021
HELVE_p_TCGA_b139_154_155_SNP_N_GenomeWideSNP_6_H01_808616	12	43442784	43466909	12	-0.6395
HELVE_p_TCGA_b139_154_155_SNP_N_GenomeWideSNP_6_H01_808616	12	43467644	45904438	1441	-0.0043
HELVE_p_TCGA_b139_154_155_SNP_N_GenomeWideSNP_6_H01_808616	12	45905840	45909537	3	-1.9832
HELVE_p_TCGA_b139_154_155_SNP_N_GenomeWideSNP_6_H01_808616	12	45913292	48725042	1719	0.0084
HELVE_p_TCGA_b139_154_155_SNP_N_GenomeWideSNP_6_H01_808616	12	48725239	48725415	3	-1.9446
HELVE_p_TCGA_b139_154_155_SNP_N_GenomeWideSNP_6_H01_808616	12	48730036	53432978	2668	0.0196
HELVE_p_TCGA_b139_154_155_SNP_N_GenomeWideSNP_6_H01_808616	12	53433089	53515622	45	0.3108
HELVE_p_TCGA_b139_154_155_SNP_N_GenomeWideSNP_6_H01_808616	12	53516979	55714027	1187	0.0097
HELVE_p_TCGA_b139_154_155_SNP_N_GenomeWideSNP_6_H01_808616	12	55714099	55714757	9	0.6714
HELVE_p_TCGA_b139_154_155_SNP_N_GenomeWideSNP_6_H01_808616	12	55714772	63989689	5036	0.0111
HELVE_p_TCGA_b139_154_155_SNP_N_GenomeWideSNP_6_H01_808616	12	63992945	64046586	13	0.5912
HELVE_p_TCGA_b139_154_155_SNP_N_GenomeWideSNP_6_H01_808616	12	64046625	73206331	6015	0.0095
HELVE_p_TCGA_b139_154_155_SNP_N_GenomeWideSNP_6_H01_808616	12	73206406	73207191	2	1.5735
HELVE_p_TCGA_b139_154_155_SNP_N_GenomeWideSNP_6_H01_808616	12	73207967	90491669	10573	0.0057
HELVE_p_TCGA_b139_154_155_SNP_N_GenomeWideSNP_6_H01_808616	12	90491687	90492074	6	-2.2737
HELVE_p_TCGA_b139_154_155_SNP_N_GenomeWideSNP_6_H01_808616	12	90493557	99795851	6457	0.0129
HELVE_p_TCGA_b139_154_155_SNP_N_GenomeWideSNP_6_H01_808616	12	99796186	99797809	15	0.9748
HELVE_p_TCGA_b139_154_155_SNP_N_GenomeWideSNP_6_H01_808616	12	99797918	100042163	166	0.0103
HELVE_p_TCGA_b139_154_155_SNP_N_GenomeWideSNP_6_H01_808616	12	100042922	100043758	4	0.8732
HELVE_p_TCGA_b139_154_155_SNP_N_GenomeWideSNP_6_H01_808616	12	100044015	100078478	16	-0.4177
HELVE_p_TCGA_b139_154_155_SNP_N_GenomeWideSNP_6_H01_808616	12	100079970	108481417	5726	0.0132
HELVE_p_TCGA_b139_154_155_SNP_N_GenomeWideSNP_6_H01_808616	12	108483774	108484124	3	1.2625
HELVE_p_TCGA_b139_154_155_SNP_N_GenomeWideSNP_6_H01_808616	12	108486223	114475608	3522	0.0254
HELVE_p_TCGA_b139_154_155_SNP_N_GenomeWideSNP_6_H01_808616	12	114476717	114479926	7	-0.6118
HELVE_p_TCGA_b139_154_155_SNP_N_GenomeWideSNP_6_H01_808616	12	114480853	115335636	690	0.0401
HELVE_p_TCGA_b139_154_155_SNP_N_GenomeWideSNP_6_H01_808616	12	115340360	115352783	8	0.9402
HELVE_p_TCGA_b139_154_155_SNP_N_GenomeWideSNP_6_H01_808616	12	115353849	126824356	7380	0.0083
HELVE_p_TCGA_b139_154_155_SNP_N_GenomeWideSNP_6_H01_808616	12	126825354	126831196	12	0.5144
HELVE_p_TCGA_b139_154_155_SNP_N_GenomeWideSNP_6_H01_808616	12	126831211	127004590	159	-0.0048
HELVE_p_TCGA_b139_154_155_SNP_N_GenomeWideSNP_6_H01_808616	12	127007475	127007656	3	-1.2457
HELVE_p_TCGA_b139_154_155_SNP_N_GenomeWideSNP_6_H01_808616	12	127010299	127063592	52	-0.1261
HELVE_p_TCGA_b139_154_155_SNP_N_GenomeWideSNP_6_H01_808616	12	127065015	127107772	25	0.4438
HELVE_p_TCGA_b139_154_155_SNP_N_GenomeWideSNP_6_H01_808616	12	127111687	129902226	2519	0.0209
HELVE_p_TCGA_b139_154_155_SNP_N_GenomeWideSNP_6_H01_808616	12	129905287	129914035	10	-0.6835
HELVE_p_TCGA_b139_154_155_SNP_N_GenomeWideSNP_6_H01_808616	12	129915755	131733483	1489	0.0292
HELVE_p_TCGA_b139_154_155_SNP_N_GenomeWideSNP_6_H01_808616	12	131734048	131833210	83	0.288
HELVE_p_TCGA_b139_154_155_SNP_N_GenomeWideSNP_6_H01_808616	12	131834052	132097916	275	0.0434
HELVE_p_TCGA_b139_154_155_SNP_N_GenomeWideSNP_6_H01_808616	12	132097932	132142706	38	0.5174
HELVE_p_TCGA_b139_154_155_SNP_N_GenomeWideSNP_6_H01_808616	12	132142963	133778189	567	0.0246
HELVE_p_TCGA_b139_154_155_SNP_N_GenomeWideSNP_6_H01_808616	13	19026949	19407911	101	0.3902
HELVE_p_TCGA_b139_154_155_SNP_N_GenomeWideSNP_6_H01_808616	13	19408095	34188263	10766	0.0148
HELVE_p_TCGA_b139_154_155_SNP_N_GenomeWideSNP_6_H01_808616	13	34192789	34193376	4	-1.1422
HELVE_p_TCGA_b139_154_155_SNP_N_GenomeWideSNP_6_H01_808616	13	34197304	38076267	2688	0.0198
HELVE_p_TCGA_b139_154_155_SNP_N_GenomeWideSNP_6_H01_808616	13	38076287	38084757	11	0.7149
HELVE_p_TCGA_b139_154_155_SNP_N_GenomeWideSNP_6_H01_808616	13	38088330	39052811	699	0.003
HELVE_p_TCGA_b139_154_155_SNP_N_GenomeWideSNP_6_H01_808616	13	39057572	39058056	2	-2.111
HELVE_p_TCGA_b139_154_155_SNP_N_GenomeWideSNP_6_H01_808616	13	39065057	43746081	3308	0.0073
HELVE_p_TCGA_b139_154_155_SNP_N_GenomeWideSNP_6_H01_808616	13	43747989	43750425	5	-1.2054
HELVE_p_TCGA_b139_154_155_SNP_N_GenomeWideSNP_6_H01_808616	13	43756747	51328797	4966	0.0144
HELVE_p_TCGA_b139_154_155_SNP_N_GenomeWideSNP_6_H01_808616	13	51334114	51340315	10	-0.6334
HELVE_p_TCGA_b139_154_155_SNP_N_GenomeWideSNP_6_H01_808616	13	51341975	57828092	3593	-7e-04
HELVE_p_TCGA_b139_154_155_SNP_N_GenomeWideSNP_6_H01_808616	13	57828554	57906957	52	-0.3412
HELVE_p_TCGA_b139_154_155_SNP_N_GenomeWideSNP_6_H01_808616	13	57907840	69196973	6757	-0.012
HELVE_p_TCGA_b139_154_155_SNP_N_GenomeWideSNP_6_H01_808616	13	69199523	69201245	5	-0.9436
HELVE_p_TCGA_b139_154_155_SNP_N_GenomeWideSNP_6_H01_808616	13	69208374	69242162	40	0.083
HELVE_p_TCGA_b139_154_155_SNP_N_GenomeWideSNP_6_H01_808616	13	69242179	69268242	40	-0.602
HELVE_p_TCGA_b139_154_155_SNP_N_GenomeWideSNP_6_H01_808616	13	69269119	106372757	25024	0.0043
HELVE_p_TCGA_b139_154_155_SNP_N_GenomeWideSNP_6_H01_808616	13	106372957	106382965	11	-0.868
HELVE_p_TCGA_b139_154_155_SNP_N_GenomeWideSNP_6_H01_808616	13	106385740	115105786	6136	0.011
HELVE_p_TCGA_b139_154_155_SNP_N_GenomeWideSNP_6_H01_808616	13	115106996	115108397	2	1.2959
HELVE_p_TCGA_b139_154_155_SNP_N_GenomeWideSNP_6_H01_808616	14	19002124	20118883	77	0.514
HELVE_p_TCGA_b139_154_155_SNP_N_GenomeWideSNP_6_H01_808616	14	20135224	20435030	130	-0.233
HELVE_p_TCGA_b139_154_155_SNP_N_GenomeWideSNP_6_H01_808616	14	20435386	22646553	1580	0.0062
HELVE_p_TCGA_b139_154_155_SNP_N_GenomeWideSNP_6_H01_808616	14	22646696	22647535	4	-0.5473
HELVE_p_TCGA_b139_154_155_SNP_N_GenomeWideSNP_6_H01_808616	14	22651414	24458943	1150	0.0633
HELVE_p_TCGA_b139_154_155_SNP_N_GenomeWideSNP_6_H01_808616	14	24461854	24488396	12	0.5586
HELVE_p_TCGA_b139_154_155_SNP_N_GenomeWideSNP_6_H01_808616	14	24488409	33364845	5442	0.0036
HELVE_p_TCGA_b139_154_155_SNP_N_GenomeWideSNP_6_H01_808616	14	33368331	33368366	2	-2.1832
HELVE_p_TCGA_b139_154_155_SNP_N_GenomeWideSNP_6_H01_808616	14	33368709	81406617	30761	0.0126
HELVE_p_TCGA_b139_154_155_SNP_N_GenomeWideSNP_6_H01_808616	14	81406683	81410433	3	-1.6641
HELVE_p_TCGA_b139_154_155_SNP_N_GenomeWideSNP_6_H01_808616	14	81411299	107285437	16375	0.0165
HELVE_p_TCGA_b139_154_155_SNP_N_GenomeWideSNP_6_H01_808616	15	20016328	20095521	16	0.2252
HELVE_p_TCGA_b139_154_155_SNP_N_GenomeWideSNP_6_H01_808616	15	20101653	20152728	13	1.0605
HELVE_p_TCGA_b139_154_155_SNP_N_GenomeWideSNP_6_H01_808616	15	20155638	20216955	20	0.1367
HELVE_p_TCGA_b139_154_155_SNP_N_GenomeWideSNP_6_H01_808616	15	20231906	20581455	54	0.7639
HELVE_p_TCGA_b139_154_155_SNP_N_GenomeWideSNP_6_H01_808616	15	20581562	20602418	27	0.3609
HELVE_p_TCGA_b139_154_155_SNP_N_GenomeWideSNP_6_H01_808616	15	20606698	21201534	147	0.7099
HELVE_p_TCGA_b139_154_155_SNP_N_GenomeWideSNP_6_H01_808616	15	21201535	22311811	39	1.1271
HELVE_p_TCGA_b139_154_155_SNP_N_GenomeWideSNP_6_H01_808616	15	22317512	22535771	87	0.3792
HELVE_p_TCGA_b139_154_155_SNP_N_GenomeWideSNP_6_H01_808616	15	22536313	23239510	320	0.0525
HELVE_p_TCGA_b139_154_155_SNP_N_GenomeWideSNP_6_H01_808616	15	23241449	23654207	22	0.5116
HELVE_p_TCGA_b139_154_155_SNP_N_GenomeWideSNP_6_H01_808616	15	23654294	25417458	1177	0.033
HELVE_p_TCGA_b139_154_155_SNP_N_GenomeWideSNP_6_H01_808616	15	25419992	25430243	9	0.6865
HELVE_p_TCGA_b139_154_155_SNP_N_GenomeWideSNP_6_H01_808616	15	25433305	27025373	1213	0.0112
HELVE_p_TCGA_b139_154_155_SNP_N_GenomeWideSNP_6_H01_808616	15	27027847	27032067	5	-1.0111
HELVE_p_TCGA_b139_154_155_SNP_N_GenomeWideSNP_6_H01_808616	15	27032107	28930632	1103	0.0187
HELVE_p_TCGA_b139_154_155_SNP_N_GenomeWideSNP_6_H01_808616	15	28934756	28962540	13	0.8846
HELVE_p_TCGA_b139_154_155_SNP_N_GenomeWideSNP_6_H01_808616	15	28962687	30017926	615	0.1067
HELVE_p_TCGA_b139_154_155_SNP_N_GenomeWideSNP_6_H01_808616	15	30017931	30025954	5	-1.1576
HELVE_p_TCGA_b139_154_155_SNP_N_GenomeWideSNP_6_H01_808616	15	30040221	32471487	1371	0.0396
HELVE_p_TCGA_b139_154_155_SNP_N_GenomeWideSNP_6_H01_808616	15	32471506	32822612	58	0.3164
HELVE_p_TCGA_b139_154_155_SNP_N_GenomeWideSNP_6_H01_808616	15	32827536	53784991	13199	0.0095
HELVE_p_TCGA_b139_154_155_SNP_N_GenomeWideSNP_6_H01_808616	15	53785039	53785279	5	-1.4655
HELVE_p_TCGA_b139_154_155_SNP_N_GenomeWideSNP_6_H01_808616	15	53790247	76891241	14803	0.013
HELVE_p_TCGA_b139_154_155_SNP_N_GenomeWideSNP_6_H01_808616	15	76891511	76895344	14	-1.8461
HELVE_p_TCGA_b139_154_155_SNP_N_GenomeWideSNP_6_H01_808616	15	76895767	82680099	3654	0.0147
HELVE_p_TCGA_b139_154_155_SNP_N_GenomeWideSNP_6_H01_808616	15	82684935	83198315	20	0.6647
HELVE_p_TCGA_b139_154_155_SNP_N_GenomeWideSNP_6_H01_808616	15	83198331	84932648	956	0.0166
HELVE_p_TCGA_b139_154_155_SNP_N_GenomeWideSNP_6_H01_808616	15	84932938	85089621	19	0.6509
HELVE_p_TCGA_b139_154_155_SNP_N_GenomeWideSNP_6_H01_808616	15	85090446	92805978	5694	0.0136
HELVE_p_TCGA_b139_154_155_SNP_N_GenomeWideSNP_6_H01_808616	15	92805993	92806155	5	1.1916
HELVE_p_TCGA_b139_154_155_SNP_N_GenomeWideSNP_6_H01_808616	15	92806231	102469040	7322	0.028
HELVE_p_TCGA_b139_154_155_SNP_N_GenomeWideSNP_6_H01_808616	16	60777	5161774	2201	0.0318
HELVE_p_TCGA_b139_154_155_SNP_N_GenomeWideSNP_6_H01_808616	16	5162491	5216718	27	0.549
HELVE_p_TCGA_b139_154_155_SNP_N_GenomeWideSNP_6_H01_808616	16	5220094	14752209	8867	0.0091
HELVE_p_TCGA_b139_154_155_SNP_N_GenomeWideSNP_6_H01_808616	16	14754198	15094442	83	0.4756
HELVE_p_TCGA_b139_154_155_SNP_N_GenomeWideSNP_6_H01_808616	16	15094586	19944363	2335	0.0672
HELVE_p_TCGA_b139_154_155_SNP_N_GenomeWideSNP_6_H01_808616	16	19945650	19967362	29	-0.7227
HELVE_p_TCGA_b139_154_155_SNP_N_GenomeWideSNP_6_H01_808616	16	19970254	20478436	387	0.0133
HELVE_p_TCGA_b139_154_155_SNP_N_GenomeWideSNP_6_H01_808616	16	20478598	20533641	45	0.3501
HELVE_p_TCGA_b139_154_155_SNP_N_GenomeWideSNP_6_H01_808616	16	20545837	22635050	890	0.0411
HELVE_p_TCGA_b139_154_155_SNP_N_GenomeWideSNP_6_H01_808616	16	22637250	22720366	50	-0.2532
HELVE_p_TCGA_b139_154_155_SNP_N_GenomeWideSNP_6_H01_808616	16	22721638	22753055	35	0.0975
HELVE_p_TCGA_b139_154_155_SNP_N_GenomeWideSNP_6_H01_808616	16	22755933	22784560	28	0.4342
HELVE_p_TCGA_b139_154_155_SNP_N_GenomeWideSNP_6_H01_808616	16	22785204	31965616	5061	0.0222
HELVE_p_TCGA_b139_154_155_SNP_N_GenomeWideSNP_6_H01_808616	16	31965881	32209874	51	0.5875
HELVE_p_TCGA_b139_154_155_SNP_N_GenomeWideSNP_6_H01_808616	16	32210099	32791269	93	0.1594
HELVE_p_TCGA_b139_154_155_SNP_N_GenomeWideSNP_6_H01_808616	16	32795483	32808591	3	1.5334
HELVE_p_TCGA_b139_154_155_SNP_N_GenomeWideSNP_6_H01_808616	16	32812052	32848907	12	0.6706
HELVE_p_TCGA_b139_154_155_SNP_N_GenomeWideSNP_6_H01_808616	16	32863923	32875396	4	1.2836
HELVE_p_TCGA_b139_154_155_SNP_N_GenomeWideSNP_6_H01_808616	16	32875797	33999879	175	0.3519
HELVE_p_TCGA_b139_154_155_SNP_N_GenomeWideSNP_6_H01_808616	16	34002622	55796575	6927	0.0174
HELVE_p_TCGA_b139_154_155_SNP_N_GenomeWideSNP_6_H01_808616	16	55796594	55822444	19	0.7819
HELVE_p_TCGA_b139_154_155_SNP_N_GenomeWideSNP_6_H01_808616	16	55829557	78372440	14417	0.01
HELVE_p_TCGA_b139_154_155_SNP_N_GenomeWideSNP_6_H01_808616	16	78372611	78383140	13	1.2694
HELVE_p_TCGA_b139_154_155_SNP_N_GenomeWideSNP_6_H01_808616	16	78384738	80976014	3041	0.021
HELVE_p_TCGA_b139_154_155_SNP_N_GenomeWideSNP_6_H01_808616	16	80976203	80976361	3	1.5623
HELVE_p_TCGA_b139_154_155_SNP_N_GenomeWideSNP_6_H01_808616	16	80979433	90287535	7579	0.0232
HELVE_p_TCGA_b139_154_155_SNP_N_GenomeWideSNP_6_H01_808616	17	526	16653252	10501	0.0203
HELVE_p_TCGA_b139_154_155_SNP_N_GenomeWideSNP_6_H01_808616	17	16654301	16774149	23	0.6198
HELVE_p_TCGA_b139_154_155_SNP_N_GenomeWideSNP_6_H01_808616	17	16779185	18278752	880	0.0201
HELVE_p_TCGA_b139_154_155_SNP_N_GenomeWideSNP_6_H01_808616	17	18278767	18288994	17	0.4925
HELVE_p_TCGA_b139_154_155_SNP_N_GenomeWideSNP_6_H01_808616	17	18289033	18358946	17	0.1003
HELVE_p_TCGA_b139_154_155_SNP_N_GenomeWideSNP_6_H01_808616	17	18358949	18377278	9	-0.9459
HELVE_p_TCGA_b139_154_155_SNP_N_GenomeWideSNP_6_H01_808616	17	18380394	25403868	1628	0.0798
HELVE_p_TCGA_b139_154_155_SNP_N_GenomeWideSNP_6_H01_808616	17	25404049	25455185	23	-0.5533
HELVE_p_TCGA_b139_154_155_SNP_N_GenomeWideSNP_6_H01_808616	17	25455929	25785189	175	-0.0071
HELVE_p_TCGA_b139_154_155_SNP_N_GenomeWideSNP_6_H01_808616	17	25785742	25799268	6	0.6144
HELVE_p_TCGA_b139_154_155_SNP_N_GenomeWideSNP_6_H01_808616	17	25803654	28952029	1461	0.0179
HELVE_p_TCGA_b139_154_155_SNP_N_GenomeWideSNP_6_H01_808616	17	28952286	29054355	22	0.6257
HELVE_p_TCGA_b139_154_155_SNP_N_GenomeWideSNP_6_H01_808616	17	29055579	32530596	2285	0.0221
HELVE_p_TCGA_b139_154_155_SNP_N_GenomeWideSNP_6_H01_808616	17	32530824	32544155	15	0.621
HELVE_p_TCGA_b139_154_155_SNP_N_GenomeWideSNP_6_H01_808616	17	32544857	34535651	1354	0.0188
HELVE_p_TCGA_b139_154_155_SNP_N_GenomeWideSNP_6_H01_808616	17	34543343	34629696	3	1.4011
HELVE_p_TCGA_b139_154_155_SNP_N_GenomeWideSNP_6_H01_808616	17	34816256	39418372	2535	0.0217
HELVE_p_TCGA_b139_154_155_SNP_N_GenomeWideSNP_6_H01_808616	17	39421685	39430531	26	1.0437
HELVE_p_TCGA_b139_154_155_SNP_N_GenomeWideSNP_6_H01_808616	17	39432724	39504593	73	0.0233
HELVE_p_TCGA_b139_154_155_SNP_N_GenomeWideSNP_6_H01_808616	17	39505151	39520320	21	0.3366
HELVE_p_TCGA_b139_154_155_SNP_N_GenomeWideSNP_6_H01_808616	17	39520334	39669696	155	0.007
HELVE_p_TCGA_b139_154_155_SNP_N_GenomeWideSNP_6_H01_808616	17	39670223	39688599	13	0.3807
HELVE_p_TCGA_b139_154_155_SNP_N_GenomeWideSNP_6_H01_808616	17	39697064	41239303	737	0.0123
HELVE_p_TCGA_b139_154_155_SNP_N_GenomeWideSNP_6_H01_808616	17	41239394	41242993	7	0.7242
HELVE_p_TCGA_b139_154_155_SNP_N_GenomeWideSNP_6_H01_808616	17	41243031	41261563	46	0.0029
HELVE_p_TCGA_b139_154_155_SNP_N_GenomeWideSNP_6_H01_808616	17	41264014	41269833	13	0.5421
HELVE_p_TCGA_b139_154_155_SNP_N_GenomeWideSNP_6_H01_808616	17	41269848	44198157	1475	0.0513
HELVE_p_TCGA_b139_154_155_SNP_N_GenomeWideSNP_6_H01_808616	17	44201388	44408674	104	0.4314
HELVE_p_TCGA_b139_154_155_SNP_N_GenomeWideSNP_6_H01_808616	17	44428681	50660615	3412	0.0125
HELVE_p_TCGA_b139_154_155_SNP_N_GenomeWideSNP_6_H01_808616	17	50665383	50665821	2	1.6081
HELVE_p_TCGA_b139_154_155_SNP_N_GenomeWideSNP_6_H01_808616	17	50666057	53595515	1941	-0.004
HELVE_p_TCGA_b139_154_155_SNP_N_GenomeWideSNP_6_H01_808616	17	53596398	53596618	2	-1.7045
HELVE_p_TCGA_b139_154_155_SNP_N_GenomeWideSNP_6_H01_808616	17	53596866	65431265	6929	0.0136
HELVE_p_TCGA_b139_154_155_SNP_N_GenomeWideSNP_6_H01_808616	17	65440366	65444493	8	-1.0281
HELVE_p_TCGA_b139_154_155_SNP_N_GenomeWideSNP_6_H01_808616	17	65444882	81049726	9357	0.0309
HELVE_p_TCGA_b139_154_155_SNP_N_GenomeWideSNP_6_H01_808616	18	11543	14104213	10062	0.0131
HELVE_p_TCGA_b139_154_155_SNP_N_GenomeWideSNP_6_H01_808616	18	14108788	14351752	59	0.4176
HELVE_p_TCGA_b139_154_155_SNP_N_GenomeWideSNP_6_H01_808616	18	14352852	15098541	259	0.0948
HELVE_p_TCGA_b139_154_155_SNP_N_GenomeWideSNP_6_H01_808616	18	15099162	15402408	64	0.4511
HELVE_p_TCGA_b139_154_155_SNP_N_GenomeWideSNP_6_H01_808616	18	18529353	38260470	12375	0.0096
HELVE_p_TCGA_b139_154_155_SNP_N_GenomeWideSNP_6_H01_808616	18	38260480	38270072	19	-0.7359
HELVE_p_TCGA_b139_154_155_SNP_N_GenomeWideSNP_6_H01_808616	18	38270198	63762300	17545	0.0084
HELVE_p_TCGA_b139_154_155_SNP_N_GenomeWideSNP_6_H01_808616	18	63767140	63767922	3	-2.7145
HELVE_p_TCGA_b139_154_155_SNP_N_GenomeWideSNP_6_H01_808616	18	63775595	65711516	1365	0.008
HELVE_p_TCGA_b139_154_155_SNP_N_GenomeWideSNP_6_H01_808616	18	65711772	65770969	38	-0.3581
HELVE_p_TCGA_b139_154_155_SNP_N_GenomeWideSNP_6_H01_808616	18	65771514	76663872	8255	-0.0092
HELVE_p_TCGA_b139_154_155_SNP_N_GenomeWideSNP_6_H01_808616	18	76664040	76664863	2	-2.2127
HELVE_p_TCGA_b139_154_155_SNP_N_GenomeWideSNP_6_H01_808616	18	76666449	78015057	703	0.0327
HELVE_p_TCGA_b139_154_155_SNP_N_GenomeWideSNP_6_H01_808616	19	90910	7638775	2608	0.0224
HELVE_p_TCGA_b139_154_155_SNP_N_GenomeWideSNP_6_H01_808616	19	7640456	7653218	3	1.3388
HELVE_p_TCGA_b139_154_155_SNP_N_GenomeWideSNP_6_H01_808616	19	7654115	8351473	322	0.0195
HELVE_p_TCGA_b139_154_155_SNP_N_GenomeWideSNP_6_H01_808616	19	8351848	8365042	6	1.0604
HELVE_p_TCGA_b139_154_155_SNP_N_GenomeWideSNP_6_H01_808616	19	8365067	11869517	1681	0.0152
HELVE_p_TCGA_b139_154_155_SNP_N_GenomeWideSNP_6_H01_808616	19	11870561	11873550	4	-1.1526
HELVE_p_TCGA_b139_154_155_SNP_N_GenomeWideSNP_6_H01_808616	19	11874458	15807212	2026	0.0227
HELVE_p_TCGA_b139_154_155_SNP_N_GenomeWideSNP_6_H01_808616	19	15809750	15824943	9	-0.7465
HELVE_p_TCGA_b139_154_155_SNP_N_GenomeWideSNP_6_H01_808616	19	15825598	22709945	3535	0.0518
HELVE_p_TCGA_b139_154_155_SNP_N_GenomeWideSNP_6_H01_808616	19	22713875	22714327	3	-1.763
HELVE_p_TCGA_b139_154_155_SNP_N_GenomeWideSNP_6_H01_808616	19	22718556	30591245	2981	0.0299
HELVE_p_TCGA_b139_154_155_SNP_N_GenomeWideSNP_6_H01_808616	19	30594186	30597792	4	0.9098
HELVE_p_TCGA_b139_154_155_SNP_N_GenomeWideSNP_6_H01_808616	19	30598289	36825458	4086	0.0114
HELVE_p_TCGA_b139_154_155_SNP_N_GenomeWideSNP_6_H01_808616	19	36826939	36847378	10	0.6773
HELVE_p_TCGA_b139_154_155_SNP_N_GenomeWideSNP_6_H01_808616	19	36847397	39572239	1409	0.0214
HELVE_p_TCGA_b139_154_155_SNP_N_GenomeWideSNP_6_H01_808616	19	39572556	39573482	2	1.5424
HELVE_p_TCGA_b139_154_155_SNP_N_GenomeWideSNP_6_H01_808616	19	39573709	40261323	353	0.0016
HELVE_p_TCGA_b139_154_155_SNP_N_GenomeWideSNP_6_H01_808616	19	40263913	40266148	5	-1.1464
HELVE_p_TCGA_b139_154_155_SNP_N_GenomeWideSNP_6_H01_808616	19	40266579	41352383	576	0.0237
HELVE_p_TCGA_b139_154_155_SNP_N_GenomeWideSNP_6_H01_808616	19	41352639	41360172	6	0.7839
HELVE_p_TCGA_b139_154_155_SNP_N_GenomeWideSNP_6_H01_808616	19	41360370	41416143	54	0.07
HELVE_p_TCGA_b139_154_155_SNP_N_GenomeWideSNP_6_H01_808616	19	41416327	41428820	5	0.8724
HELVE_p_TCGA_b139_154_155_SNP_N_GenomeWideSNP_6_H01_808616	19	41429672	43215328	848	0.022
HELVE_p_TCGA_b139_154_155_SNP_N_GenomeWideSNP_6_H01_808616	19	43216971	43565531	149	0.4216
HELVE_p_TCGA_b139_154_155_SNP_N_GenomeWideSNP_6_H01_808616	19	43566924	53171777	4957	0.0299
HELVE_p_TCGA_b139_154_155_SNP_N_GenomeWideSNP_6_H01_808616	19	53174436	53181334	4	-1.4512
HELVE_p_TCGA_b139_154_155_SNP_N_GenomeWideSNP_6_H01_808616	19	53182298	53679949	358	0.1949
HELVE_p_TCGA_b139_154_155_SNP_N_GenomeWideSNP_6_H01_808616	19	53680455	53682042	2	-1.9257
HELVE_p_TCGA_b139_154_155_SNP_N_GenomeWideSNP_6_H01_808616	19	53682129	55314820	1007	0.0881
HELVE_p_TCGA_b139_154_155_SNP_N_GenomeWideSNP_6_H01_808616	19	55320779	55373818	26	0.6107
HELVE_p_TCGA_b139_154_155_SNP_N_GenomeWideSNP_6_H01_808616	19	55378008	59097854	2293	0.0328
HELVE_p_TCGA_b139_154_155_SNP_N_GenomeWideSNP_6_H01_808616	20	61305	62920	16	0.6066
HELVE_p_TCGA_b139_154_155_SNP_N_GenomeWideSNP_6_H01_808616	20	65300	1582207	1227	0.0603
HELVE_p_TCGA_b139_154_155_SNP_N_GenomeWideSNP_6_H01_808616	20	1590257	1593893	5	-1.4178
HELVE_p_TCGA_b139_154_155_SNP_N_GenomeWideSNP_6_H01_808616	20	1597946	26210452	18756	0.0081
HELVE_p_TCGA_b139_154_155_SNP_N_GenomeWideSNP_6_H01_808616	20	26210619	29835049	105	0.4663
HELVE_p_TCGA_b139_154_155_SNP_N_GenomeWideSNP_6_H01_808616	20	29835471	32303607	1262	0.0104
HELVE_p_TCGA_b139_154_155_SNP_N_GenomeWideSNP_6_H01_808616	20	32304211	32306375	3	0.8836
HELVE_p_TCGA_b139_154_155_SNP_N_GenomeWideSNP_6_H01_808616	20	32313867	33426212	481	0.0198
HELVE_p_TCGA_b139_154_155_SNP_N_GenomeWideSNP_6_H01_808616	20	33432523	33434562	2	1.8998
HELVE_p_TCGA_b139_154_155_SNP_N_GenomeWideSNP_6_H01_808616	20	33435161	62956153	20613	0.0137
HELVE_p_TCGA_b139_154_155_SNP_N_GenomeWideSNP_6_H01_808616	21	10736871	20274399	3875	0.0205
HELVE_p_TCGA_b139_154_155_SNP_N_GenomeWideSNP_6_H01_808616	21	20274718	20278820	4	-1.487
HELVE_p_TCGA_b139_154_155_SNP_N_GenomeWideSNP_6_H01_808616	21	20279171	44968053	18727	0.0069
HELVE_p_TCGA_b139_154_155_SNP_N_GenomeWideSNP_6_H01_808616	21	44970873	44972812	2	-2.2866
HELVE_p_TCGA_b139_154_155_SNP_N_GenomeWideSNP_6_H01_808616	21	44973667	48096957	1763	0.0366
HELVE_p_TCGA_b139_154_155_SNP_N_GenomeWideSNP_6_H01_808616	22	16052528	17247073	219	0.2592
HELVE_p_TCGA_b139_154_155_SNP_N_GenomeWideSNP_6_H01_808616	22	17248204	17329601	62	-0.0889
HELVE_p_TCGA_b139_154_155_SNP_N_GenomeWideSNP_6_H01_808616	22	17330108	17395700	19	0.4866
HELVE_p_TCGA_b139_154_155_SNP_N_GenomeWideSNP_6_H01_808616	22	17398800	17401928	6	-0.3304
HELVE_p_TCGA_b139_154_155_SNP_N_GenomeWideSNP_6_H01_808616	22	17402922	17412216	11	0.3049
HELVE_p_TCGA_b139_154_155_SNP_N_GenomeWideSNP_6_H01_808616	22	17414103	17452925	31	-0.1128
HELVE_p_TCGA_b139_154_155_SNP_N_GenomeWideSNP_6_H01_808616	22	17454822	17461983	4	0.8898
HELVE_p_TCGA_b139_154_155_SNP_N_GenomeWideSNP_6_H01_808616	22	17462663	17492452	18	-0.0149
HELVE_p_TCGA_b139_154_155_SNP_N_GenomeWideSNP_6_H01_808616	22	17493182	17500036	8	0.8362
HELVE_p_TCGA_b139_154_155_SNP_N_GenomeWideSNP_6_H01_808616	22	17504945	18655860	834	0.0017
HELVE_p_TCGA_b139_154_155_SNP_N_GenomeWideSNP_6_H01_808616	22	18672885	18876428	13	0.7573
HELVE_p_TCGA_b139_154_155_SNP_N_GenomeWideSNP_6_H01_808616	22	18876713	22467527	2072	0.1427
HELVE_p_TCGA_b139_154_155_SNP_N_GenomeWideSNP_6_H01_808616	22	22467569	22485271	16	-0.7366
HELVE_p_TCGA_b139_154_155_SNP_N_GenomeWideSNP_6_H01_808616	22	22485288	22568128	199	0.1083
HELVE_p_TCGA_b139_154_155_SNP_N_GenomeWideSNP_6_H01_808616	22	22568187	22569035	3	-1.4664
HELVE_p_TCGA_b139_154_155_SNP_N_GenomeWideSNP_6_H01_808616	22	22570417	44606527	15108	0.0277
HELVE_p_TCGA_b139_154_155_SNP_N_GenomeWideSNP_6_H01_808616	22	44611222	44611250	2	-2.2387
HELVE_p_TCGA_b139_154_155_SNP_N_GenomeWideSNP_6_H01_808616	22	44611298	51234455	4925	0.0304
HELVE_p_TCGA_b139_154_155_SNP_N_GenomeWideSNP_6_H01_808616	X	168477	44438274	27367	0.0044
HELVE_p_TCGA_b139_154_155_SNP_N_GenomeWideSNP_6_H01_808616	X	44442219	44442449	2	1.6901
HELVE_p_TCGA_b139_154_155_SNP_N_GenomeWideSNP_6_H01_808616	X	44450781	51839831	3553	0.0156
HELVE_p_TCGA_b139_154_155_SNP_N_GenomeWideSNP_6_H01_808616	X	51849211	51855007	9	0.6668
HELVE_p_TCGA_b139_154_155_SNP_N_GenomeWideSNP_6_H01_808616	X	51860298	56378974	1695	0.0072
HELVE_p_TCGA_b139_154_155_SNP_N_GenomeWideSNP_6_H01_808616	X	56379425	56405278	10	0.7044
HELVE_p_TCGA_b139_154_155_SNP_N_GenomeWideSNP_6_H01_808616	X	56405337	91890365	15436	0.0166
HELVE_p_TCGA_b139_154_155_SNP_N_GenomeWideSNP_6_H01_808616	X	91890845	91891109	2	-2.455
HELVE_p_TCGA_b139_154_155_SNP_N_GenomeWideSNP_6_H01_808616	X	91894221	155182354	36398	0.0146
HELVE_p_TCGA_b139_154_155_SNP_N_GenomeWideSNP_6_H01_808616	Y	2650438	6110498	872	-2.0894
HELVE_p_TCGA_b139_154_155_SNP_N_GenomeWideSNP_6_H01_808616	Y	6112554	6429434	129	-3.301
HELVE_p_TCGA_b139_154_155_SNP_N_GenomeWideSNP_6_H01_808616	Y	6438630	7399842	422	-2.4114
HELVE_p_TCGA_b139_154_155_SNP_N_GenomeWideSNP_6_H01_808616	Y	7400746	9908724	1278	-2.8125
HELVE_p_TCGA_b139_154_155_SNP_N_GenomeWideSNP_6_H01_808616	Y	9908810	10076242	47	-1.507
HELVE_p_TCGA_b139_154_155_SNP_N_GenomeWideSNP_6_H01_808616	Y	13134531	15590276	829	-2.5766
HELVE_p_TCGA_b139_154_155_SNP_N_GenomeWideSNP_6_H01_808616	Y	15590342	15594523	3	-7.5064
HELVE_p_TCGA_b139_154_155_SNP_N_GenomeWideSNP_6_H01_808616	Y	15594889	19063565	1841	-2.6602
HELVE_p_TCGA_b139_154_155_SNP_N_GenomeWideSNP_6_H01_808616	Y	19068122	21088297	944	-3.0564
HELVE_p_TCGA_b139_154_155_SNP_N_GenomeWideSNP_6_H01_808616	Y	21088485	23859163	1053	-2.6991
HELVE_p_TCGA_b139_154_155_SNP_N_GenomeWideSNP_6_H01_808616	Y	23859468	26241849	519	-3.1377
HELVE_p_TCGA_b139_154_155_SNP_N_GenomeWideSNP_6_H01_808616	Y	26244825	26408766	37	-1.9132
HELVE_p_TCGA_b139_154_155_SNP_N_GenomeWideSNP_6_H01_808616	Y	26409789	26417092	4	-4.8743
HELVE_p_TCGA_b139_154_155_SNP_N_GenomeWideSNP_6_H01_808616	Y	26417501	26510575	33	-1.4805
HELVE_p_TCGA_b139_154_155_SNP_N_GenomeWideSNP_6_H01_808616	Y	26510799	27002736	72	-3.5984
HELVE_p_TCGA_b139_154_155_SNP_N_GenomeWideSNP_6_H01_808616	Y	27022387	27022389	3	-0.3848
HELVE_p_TCGA_b139_154_155_SNP_N_GenomeWideSNP_6_H01_808616	Y	27041129	27444915	22	-3.6165
HELVE_p_TCGA_b139_154_155_SNP_N_GenomeWideSNP_6_H01_808616	Y	27448378	27718290	89	-1.8742
HELVE_p_TCGA_b139_154_155_SNP_N_GenomeWideSNP_6_H01_808616	Y	27720551	28452016	259	-3.1816
HELVE_p_TCGA_b139_154_155_SNP_N_GenomeWideSNP_6_H01_808616	Y	28457337	59018259	176	-2.0597
