Sample	Chromosome	Start	End	Num_Probes	Segment_Mean
KEBAB_p_TCGASNP_226_227_N_GenomeWideSNP_6_G07_1151652	1	61735	235938	27	-0.1341
KEBAB_p_TCGASNP_226_227_N_GenomeWideSNP_6_G07_1151652	1	356443	723317	11	-0.5219
KEBAB_p_TCGASNP_226_227_N_GenomeWideSNP_6_G07_1151652	1	728608	1647494	194	-0.0222
KEBAB_p_TCGASNP_226_227_N_GenomeWideSNP_6_G07_1151652	1	1647890	1650927	3	1.1795
KEBAB_p_TCGASNP_226_227_N_GenomeWideSNP_6_G07_1151652	1	1652395	7322160	3270	0.001
KEBAB_p_TCGASNP_226_227_N_GenomeWideSNP_6_G07_1151652	1	7324468	7325225	3	-1.6328
KEBAB_p_TCGASNP_226_227_N_GenomeWideSNP_6_G07_1151652	1	7325420	12838744	3014	7e-04
KEBAB_p_TCGASNP_226_227_N_GenomeWideSNP_6_G07_1151652	1	12839576	13468022	71	-0.4854
KEBAB_p_TCGASNP_226_227_N_GenomeWideSNP_6_G07_1151652	1	13471704	17005776	2176	-0.0074
KEBAB_p_TCGASNP_226_227_N_GenomeWideSNP_6_G07_1151652	1	17005978	17048479	36	0.2826
KEBAB_p_TCGASNP_226_227_N_GenomeWideSNP_6_G07_1151652	1	17056457	17089349	6	0.0303
KEBAB_p_TCGASNP_226_227_N_GenomeWideSNP_6_G07_1151652	1	17093257	17111296	9	-0.3826
KEBAB_p_TCGASNP_226_227_N_GenomeWideSNP_6_G07_1151652	1	17111559	17203497	12	-0.1036
KEBAB_p_TCGASNP_226_227_N_GenomeWideSNP_6_G07_1151652	1	17209603	17277940	61	0.2594
KEBAB_p_TCGASNP_226_227_N_GenomeWideSNP_6_G07_1151652	1	17282425	25583291	5265	0.0039
KEBAB_p_TCGASNP_226_227_N_GenomeWideSNP_6_G07_1151652	1	25583341	25646986	29	0.6921
KEBAB_p_TCGASNP_226_227_N_GenomeWideSNP_6_G07_1151652	1	25661501	32443485	3439	0.0121
KEBAB_p_TCGASNP_226_227_N_GenomeWideSNP_6_G07_1151652	1	32449564	32450276	2	-1.6889
KEBAB_p_TCGASNP_226_227_N_GenomeWideSNP_6_G07_1151652	1	32453587	67860946	22275	0
KEBAB_p_TCGASNP_226_227_N_GenomeWideSNP_6_G07_1151652	1	67864303	67868059	4	-0.959
KEBAB_p_TCGASNP_226_227_N_GenomeWideSNP_6_G07_1151652	1	67872781	72768916	3133	-0.0057
KEBAB_p_TCGASNP_226_227_N_GenomeWideSNP_6_G07_1151652	1	72768936	72779080	9	-2.3787
KEBAB_p_TCGASNP_226_227_N_GenomeWideSNP_6_G07_1151652	1	72779091	72811148	36	-1.3173
KEBAB_p_TCGASNP_226_227_N_GenomeWideSNP_6_G07_1151652	1	72811904	104159384	20097	0.0014
KEBAB_p_TCGASNP_226_227_N_GenomeWideSNP_6_G07_1151652	1	104163499	104261206	26	0.6664
KEBAB_p_TCGASNP_226_227_N_GenomeWideSNP_6_G07_1151652	1	104268222	110227500	3607	-8e-04
KEBAB_p_TCGASNP_226_227_N_GenomeWideSNP_6_G07_1151652	1	110227515	110234555	11	-0.8584
KEBAB_p_TCGASNP_226_227_N_GenomeWideSNP_6_G07_1151652	1	110234628	112690326	1963	3e-04
KEBAB_p_TCGASNP_226_227_N_GenomeWideSNP_6_G07_1151652	1	112695965	112705956	26	0.5284
KEBAB_p_TCGASNP_226_227_N_GenomeWideSNP_6_G07_1151652	1	112706060	120527395	5057	5e-04
KEBAB_p_TCGASNP_226_227_N_GenomeWideSNP_6_G07_1151652	1	120540804	120589553	11	-0.5641
KEBAB_p_TCGASNP_226_227_N_GenomeWideSNP_6_G07_1151652	1	120592874	144949070	245	-0.0059
KEBAB_p_TCGASNP_226_227_N_GenomeWideSNP_6_G07_1151652	1	144949975	145080051	48	-0.3365
KEBAB_p_TCGASNP_226_227_N_GenomeWideSNP_6_G07_1151652	1	145083864	148953996	1016	-0.0095
KEBAB_p_TCGASNP_226_227_N_GenomeWideSNP_6_G07_1151652	1	149024802	149202593	81	-0.7674
KEBAB_p_TCGASNP_226_227_N_GenomeWideSNP_6_G07_1151652	1	149202745	149691746	104	-0.4721
KEBAB_p_TCGASNP_226_227_N_GenomeWideSNP_6_G07_1151652	1	149692388	152555176	1477	0.014
KEBAB_p_TCGASNP_226_227_N_GenomeWideSNP_6_G07_1151652	1	152555527	152586238	32	0.4088
KEBAB_p_TCGASNP_226_227_N_GenomeWideSNP_6_G07_1151652	1	152586278	152759678	175	-0.0336
KEBAB_p_TCGASNP_226_227_N_GenomeWideSNP_6_G07_1151652	1	152761923	152768700	37	0.5351
KEBAB_p_TCGASNP_226_227_N_GenomeWideSNP_6_G07_1151652	1	152773905	161501857	5268	0.0082
KEBAB_p_TCGASNP_226_227_N_GenomeWideSNP_6_G07_1151652	1	161502211	161650494	56	0.2986
KEBAB_p_TCGASNP_226_227_N_GenomeWideSNP_6_G07_1151652	1	161650621	169216937	6009	0.0017
KEBAB_p_TCGASNP_226_227_N_GenomeWideSNP_6_G07_1151652	1	169233974	169241766	7	0.8169
KEBAB_p_TCGASNP_226_227_N_GenomeWideSNP_6_G07_1151652	1	169242401	196731035	18207	0.0022
KEBAB_p_TCGASNP_226_227_N_GenomeWideSNP_6_G07_1151652	1	196731610	196738981	7	-0.4329
KEBAB_p_TCGASNP_226_227_N_GenomeWideSNP_6_G07_1151652	1	196739972	210071062	8907	0.0038
KEBAB_p_TCGASNP_226_227_N_GenomeWideSNP_6_G07_1151652	1	210081613	210082065	2	-1.8265
KEBAB_p_TCGASNP_226_227_N_GenomeWideSNP_6_G07_1151652	1	210083984	223644261	9367	-8e-04
KEBAB_p_TCGASNP_226_227_N_GenomeWideSNP_6_G07_1151652	1	223644406	223644478	3	-1.1838
KEBAB_p_TCGASNP_226_227_N_GenomeWideSNP_6_G07_1151652	1	223645256	249224388	17758	1e-04
KEBAB_p_TCGASNP_226_227_N_GenomeWideSNP_6_G07_1151652	2	12784	24599249	17939	-0.0016
KEBAB_p_TCGASNP_226_227_N_GenomeWideSNP_6_G07_1151652	2	24601511	24611727	21	-0.7645
KEBAB_p_TCGASNP_226_227_N_GenomeWideSNP_6_G07_1151652	2	24613559	34683290	6145	0.0013
KEBAB_p_TCGASNP_226_227_N_GenomeWideSNP_6_G07_1151652	2	34685280	34740639	52	0.3788
KEBAB_p_TCGASNP_226_227_N_GenomeWideSNP_6_G07_1151652	2	34740757	52754468	13046	-0.0015
KEBAB_p_TCGASNP_226_227_N_GenomeWideSNP_6_G07_1151652	2	52754480	52781542	39	0.3762
KEBAB_p_TCGASNP_226_227_N_GenomeWideSNP_6_G07_1151652	2	52787949	106874722	29659	-5e-04
KEBAB_p_TCGASNP_226_227_N_GenomeWideSNP_6_G07_1151652	2	106880095	106885357	12	-2.1248
KEBAB_p_TCGASNP_226_227_N_GenomeWideSNP_6_G07_1151652	2	106887255	243089456	83148	0.0027
KEBAB_p_TCGASNP_226_227_N_GenomeWideSNP_6_G07_1151652	3	60345	68746259	47870	0.0012
KEBAB_p_TCGASNP_226_227_N_GenomeWideSNP_6_G07_1151652	3	68746284	68747413	13	-1.857
KEBAB_p_TCGASNP_226_227_N_GenomeWideSNP_6_G07_1151652	3	68748758	75568549	4935	-0.0013
KEBAB_p_TCGASNP_226_227_N_GenomeWideSNP_6_G07_1151652	3	75572549	75586805	6	1.0436
KEBAB_p_TCGASNP_226_227_N_GenomeWideSNP_6_G07_1151652	3	75595181	84699184	5002	2e-04
KEBAB_p_TCGASNP_226_227_N_GenomeWideSNP_6_G07_1151652	3	84699684	84702136	15	-0.5358
KEBAB_p_TCGASNP_226_227_N_GenomeWideSNP_6_G07_1151652	3	84702161	129762859	24779	0.0053
KEBAB_p_TCGASNP_226_227_N_GenomeWideSNP_6_G07_1151652	3	129763698	129806236	52	0.5037
KEBAB_p_TCGASNP_226_227_N_GenomeWideSNP_6_G07_1151652	3	129806924	131989330	1444	0.0114
KEBAB_p_TCGASNP_226_227_N_GenomeWideSNP_6_G07_1151652	3	131989347	131995684	5	0.7717
KEBAB_p_TCGASNP_226_227_N_GenomeWideSNP_6_G07_1151652	3	132000477	136019099	2587	0.0016
KEBAB_p_TCGASNP_226_227_N_GenomeWideSNP_6_G07_1151652	3	136022951	136025426	2	-2.5429
KEBAB_p_TCGASNP_226_227_N_GenomeWideSNP_6_G07_1151652	3	136038541	162508268	16253	7e-04
KEBAB_p_TCGASNP_226_227_N_GenomeWideSNP_6_G07_1151652	3	162512657	162625995	70	-1.363
KEBAB_p_TCGASNP_226_227_N_GenomeWideSNP_6_G07_1151652	3	162626572	192877902	19195	0.0044
KEBAB_p_TCGASNP_226_227_N_GenomeWideSNP_6_G07_1151652	3	192877962	192882903	19	-1.3778
KEBAB_p_TCGASNP_226_227_N_GenomeWideSNP_6_G07_1151652	3	192886435	193134385	177	-0.0028
KEBAB_p_TCGASNP_226_227_N_GenomeWideSNP_6_G07_1151652	3	193143294	193143548	6	-0.6488
KEBAB_p_TCGASNP_226_227_N_GenomeWideSNP_6_G07_1151652	3	193143872	193188475	35	0.0323
KEBAB_p_TCGASNP_226_227_N_GenomeWideSNP_6_G07_1151652	3	193198176	193200037	2	-1.3166
KEBAB_p_TCGASNP_226_227_N_GenomeWideSNP_6_G07_1151652	3	193200656	195383142	1268	0.0146
KEBAB_p_TCGASNP_226_227_N_GenomeWideSNP_6_G07_1151652	3	195390680	195455876	30	0.5987
KEBAB_p_TCGASNP_226_227_N_GenomeWideSNP_6_G07_1151652	3	195455911	197896118	1189	-0.0038
KEBAB_p_TCGASNP_226_227_N_GenomeWideSNP_6_G07_1151652	4	12281	258363	152	-0.0075
KEBAB_p_TCGASNP_226_227_N_GenomeWideSNP_6_G07_1151652	4	260626	260639	2	1.2475
KEBAB_p_TCGASNP_226_227_N_GenomeWideSNP_6_G07_1151652	4	260807	4165335	1561	-0.0072
KEBAB_p_TCGASNP_226_227_N_GenomeWideSNP_6_G07_1151652	4	4166518	4171335	5	-0.9609
KEBAB_p_TCGASNP_226_227_N_GenomeWideSNP_6_G07_1151652	4	4175577	9456977	3530	-0.0022
KEBAB_p_TCGASNP_226_227_N_GenomeWideSNP_6_G07_1151652	4	9461230	9478849	6	1.4557
KEBAB_p_TCGASNP_226_227_N_GenomeWideSNP_6_G07_1151652	4	9479035	10210390	549	0.0065
KEBAB_p_TCGASNP_226_227_N_GenomeWideSNP_6_G07_1151652	4	10223416	10235268	35	1.1861
KEBAB_p_TCGASNP_226_227_N_GenomeWideSNP_6_G07_1151652	4	10236142	10272093	42	-0.033
KEBAB_p_TCGASNP_226_227_N_GenomeWideSNP_6_G07_1151652	4	10272788	10274994	10	-0.7418
KEBAB_p_TCGASNP_226_227_N_GenomeWideSNP_6_G07_1151652	4	10275982	21498094	8259	7e-04
KEBAB_p_TCGASNP_226_227_N_GenomeWideSNP_6_G07_1151652	4	21500353	21505182	10	-0.9486
KEBAB_p_TCGASNP_226_227_N_GenomeWideSNP_6_G07_1151652	4	21506939	34786500	8671	0.004
KEBAB_p_TCGASNP_226_227_N_GenomeWideSNP_6_G07_1151652	4	34786955	34824725	37	0.636
KEBAB_p_TCGASNP_226_227_N_GenomeWideSNP_6_G07_1151652	4	34829872	63667834	16030	0.0013
KEBAB_p_TCGASNP_226_227_N_GenomeWideSNP_6_G07_1151652	4	63669936	63671662	8	-1.9961
KEBAB_p_TCGASNP_226_227_N_GenomeWideSNP_6_G07_1151652	4	63679630	69344612	3461	0.0019
KEBAB_p_TCGASNP_226_227_N_GenomeWideSNP_6_G07_1151652	4	69360488	69485979	68	-1.7162
KEBAB_p_TCGASNP_226_227_N_GenomeWideSNP_6_G07_1151652	4	69489335	92470003	14229	0.0052
KEBAB_p_TCGASNP_226_227_N_GenomeWideSNP_6_G07_1151652	4	92473314	92478321	6	-0.7942
KEBAB_p_TCGASNP_226_227_N_GenomeWideSNP_6_G07_1151652	4	92481361	116165868	14153	0.0038
KEBAB_p_TCGASNP_226_227_N_GenomeWideSNP_6_G07_1151652	4	116166104	116180370	27	-0.4934
KEBAB_p_TCGASNP_226_227_N_GenomeWideSNP_6_G07_1151652	4	116180555	138092103	12622	-0.0023
KEBAB_p_TCGASNP_226_227_N_GenomeWideSNP_6_G07_1151652	4	138092195	138094958	17	-0.6364
KEBAB_p_TCGASNP_226_227_N_GenomeWideSNP_6_G07_1151652	4	138094972	140229007	1530	-4e-04
KEBAB_p_TCGASNP_226_227_N_GenomeWideSNP_6_G07_1151652	4	140232546	140238360	6	-0.8409
KEBAB_p_TCGASNP_226_227_N_GenomeWideSNP_6_G07_1151652	4	140239695	161873940	13237	-3e-04
KEBAB_p_TCGASNP_226_227_N_GenomeWideSNP_6_G07_1151652	4	161874000	161885123	29	-0.4259
KEBAB_p_TCGASNP_226_227_N_GenomeWideSNP_6_G07_1151652	4	161885165	190189043	18822	-0.0023
KEBAB_p_TCGASNP_226_227_N_GenomeWideSNP_6_G07_1151652	4	190195118	190199264	4	0.973
KEBAB_p_TCGASNP_226_227_N_GenomeWideSNP_6_G07_1151652	4	190199771	191027923	385	-0.0141
KEBAB_p_TCGASNP_226_227_N_GenomeWideSNP_6_G07_1151652	5	15532	676859	302	0.0168
KEBAB_p_TCGASNP_226_227_N_GenomeWideSNP_6_G07_1151652	5	676886	806225	44	-0.3077
KEBAB_p_TCGASNP_226_227_N_GenomeWideSNP_6_G07_1151652	5	806336	12791720	9879	4e-04
KEBAB_p_TCGASNP_226_227_N_GenomeWideSNP_6_G07_1151652	5	12800889	12826650	12	0.9435
KEBAB_p_TCGASNP_226_227_N_GenomeWideSNP_6_G07_1151652	5	12833857	41584002	18465	0.001
KEBAB_p_TCGASNP_226_227_N_GenomeWideSNP_6_G07_1151652	5	41587271	41599449	8	-0.8782
KEBAB_p_TCGASNP_226_227_N_GenomeWideSNP_6_G07_1151652	5	41600324	57321646	7188	0.0046
KEBAB_p_TCGASNP_226_227_N_GenomeWideSNP_6_G07_1151652	5	57326027	57332916	28	-0.7045
KEBAB_p_TCGASNP_226_227_N_GenomeWideSNP_6_G07_1151652	5	57332955	58753267	1151	0.0165
KEBAB_p_TCGASNP_226_227_N_GenomeWideSNP_6_G07_1151652	5	58753869	58756590	7	-0.5991
KEBAB_p_TCGASNP_226_227_N_GenomeWideSNP_6_G07_1151652	5	58757871	68846303	6150	-0.0041
KEBAB_p_TCGASNP_226_227_N_GenomeWideSNP_6_G07_1151652	5	68867294	69118135	5	-1.5508
KEBAB_p_TCGASNP_226_227_N_GenomeWideSNP_6_G07_1151652	5	69233427	91066692	12313	0.0017
KEBAB_p_TCGASNP_226_227_N_GenomeWideSNP_6_G07_1151652	5	91066839	91080838	11	-1.0222
KEBAB_p_TCGASNP_226_227_N_GenomeWideSNP_6_G07_1151652	5	91083687	95235516	2193	0.0019
KEBAB_p_TCGASNP_226_227_N_GenomeWideSNP_6_G07_1151652	5	95236415	95236467	2	-2.0847
KEBAB_p_TCGASNP_226_227_N_GenomeWideSNP_6_G07_1151652	5	95237185	103851221	5046	1e-04
KEBAB_p_TCGASNP_226_227_N_GenomeWideSNP_6_G07_1151652	5	103860373	103860604	4	-1.4768
KEBAB_p_TCGASNP_226_227_N_GenomeWideSNP_6_G07_1151652	5	103861049	175405750	47584	0.0015
KEBAB_p_TCGASNP_226_227_N_GenomeWideSNP_6_G07_1151652	5	175416124	175432605	5	1.139
KEBAB_p_TCGASNP_226_227_N_GenomeWideSNP_6_G07_1151652	5	175436611	177227551	735	-0.016
KEBAB_p_TCGASNP_226_227_N_GenomeWideSNP_6_G07_1151652	5	177228579	177232605	2	1.5265
KEBAB_p_TCGASNP_226_227_N_GenomeWideSNP_6_G07_1151652	5	177254965	180378888	1814	-0.0024
KEBAB_p_TCGASNP_226_227_N_GenomeWideSNP_6_G07_1151652	5	180380203	180399373	5	1.1756
KEBAB_p_TCGASNP_226_227_N_GenomeWideSNP_6_G07_1151652	5	180402764	180433225	13	0.6387
KEBAB_p_TCGASNP_226_227_N_GenomeWideSNP_6_G07_1151652	5	180433264	180790320	170	8e-04
KEBAB_p_TCGASNP_226_227_N_GenomeWideSNP_6_G07_1151652	6	149661	254283	101	-0.0652
KEBAB_p_TCGASNP_226_227_N_GenomeWideSNP_6_G07_1151652	6	257353	302306	24	0.5767
KEBAB_p_TCGASNP_226_227_N_GenomeWideSNP_6_G07_1151652	6	303017	3280621	2438	1e-04
KEBAB_p_TCGASNP_226_227_N_GenomeWideSNP_6_G07_1151652	6	3281153	3281414	2	-1.7765
KEBAB_p_TCGASNP_226_227_N_GenomeWideSNP_6_G07_1151652	6	3281726	16087234	10024	0.0056
KEBAB_p_TCGASNP_226_227_N_GenomeWideSNP_6_G07_1151652	6	16087649	16088731	5	-1.4159
KEBAB_p_TCGASNP_226_227_N_GenomeWideSNP_6_G07_1151652	6	16089051	26737032	7684	0.0034
KEBAB_p_TCGASNP_226_227_N_GenomeWideSNP_6_G07_1151652	6	26737438	26765068	22	-0.4559
KEBAB_p_TCGASNP_226_227_N_GenomeWideSNP_6_G07_1151652	6	26766440	29837072	1440	-0.0049
KEBAB_p_TCGASNP_226_227_N_GenomeWideSNP_6_G07_1151652	6	29837187	29850380	20	0.5272
KEBAB_p_TCGASNP_226_227_N_GenomeWideSNP_6_G07_1151652	6	29871636	29898897	12	-1.5512
KEBAB_p_TCGASNP_226_227_N_GenomeWideSNP_6_G07_1151652	6	29899677	32449050	1174	-0.0244
KEBAB_p_TCGASNP_226_227_N_GenomeWideSNP_6_G07_1151652	6	32449523	32452801	2	-1.9376
KEBAB_p_TCGASNP_226_227_N_GenomeWideSNP_6_G07_1151652	6	32452929	32530144	24	-0.1658
KEBAB_p_TCGASNP_226_227_N_GenomeWideSNP_6_G07_1151652	6	32530298	32573771	10	-0.9595
KEBAB_p_TCGASNP_226_227_N_GenomeWideSNP_6_G07_1151652	6	32574014	32624304	29	-0.0421
KEBAB_p_TCGASNP_226_227_N_GenomeWideSNP_6_G07_1151652	6	32624591	32626618	5	-1.6522
KEBAB_p_TCGASNP_226_227_N_GenomeWideSNP_6_G07_1151652	6	32650612	32690027	45	0.0473
KEBAB_p_TCGASNP_226_227_N_GenomeWideSNP_6_G07_1151652	6	32690797	32690830	3	1.5529
KEBAB_p_TCGASNP_226_227_N_GenomeWideSNP_6_G07_1151652	6	32692227	53931275	13706	0.0048
KEBAB_p_TCGASNP_226_227_N_GenomeWideSNP_6_G07_1151652	6	53931380	53931855	4	1.3921
KEBAB_p_TCGASNP_226_227_N_GenomeWideSNP_6_G07_1151652	6	53935348	66399482	5057	0.0062
KEBAB_p_TCGASNP_226_227_N_GenomeWideSNP_6_G07_1151652	6	66399537	66403852	23	-0.7592
KEBAB_p_TCGASNP_226_227_N_GenomeWideSNP_6_G07_1151652	6	66407127	69686629	2292	0.009
KEBAB_p_TCGASNP_226_227_N_GenomeWideSNP_6_G07_1151652	6	69687698	69691368	4	-0.8859
KEBAB_p_TCGASNP_226_227_N_GenomeWideSNP_6_G07_1151652	6	69697406	77014948	4625	0.0019
KEBAB_p_TCGASNP_226_227_N_GenomeWideSNP_6_G07_1151652	6	77016900	77016926	3	-1.3546
KEBAB_p_TCGASNP_226_227_N_GenomeWideSNP_6_G07_1151652	6	77016993	77439868	296	-0.0102
KEBAB_p_TCGASNP_226_227_N_GenomeWideSNP_6_G07_1151652	6	77440048	77467931	22	0.3896
KEBAB_p_TCGASNP_226_227_N_GenomeWideSNP_6_G07_1151652	6	77468466	78962626	976	-0.0151
KEBAB_p_TCGASNP_226_227_N_GenomeWideSNP_6_G07_1151652	6	78962874	79027515	108	0.4306
KEBAB_p_TCGASNP_226_227_N_GenomeWideSNP_6_G07_1151652	6	79027770	81277987	1438	-0.0089
KEBAB_p_TCGASNP_226_227_N_GenomeWideSNP_6_G07_1151652	6	81284189	81289534	33	-0.8383
KEBAB_p_TCGASNP_226_227_N_GenomeWideSNP_6_G07_1151652	6	81294341	103747610	14036	-4e-04
KEBAB_p_TCGASNP_226_227_N_GenomeWideSNP_6_G07_1151652	6	103747730	103752027	10	-0.5796
KEBAB_p_TCGASNP_226_227_N_GenomeWideSNP_6_G07_1151652	6	103752042	124852543	13007	0.0032
KEBAB_p_TCGASNP_226_227_N_GenomeWideSNP_6_G07_1151652	6	124855854	124857273	3	-2.1423
KEBAB_p_TCGASNP_226_227_N_GenomeWideSNP_6_G07_1151652	6	124857991	126182763	908	-0.0025
KEBAB_p_TCGASNP_226_227_N_GenomeWideSNP_6_G07_1151652	6	126183692	126186776	3	-2.7009
KEBAB_p_TCGASNP_226_227_N_GenomeWideSNP_6_G07_1151652	6	126188893	135050939	5729	0.006
KEBAB_p_TCGASNP_226_227_N_GenomeWideSNP_6_G07_1151652	6	135051291	135053711	6	-0.9836
KEBAB_p_TCGASNP_226_227_N_GenomeWideSNP_6_G07_1151652	6	135056757	159163004	16020	0.0033
KEBAB_p_TCGASNP_226_227_N_GenomeWideSNP_6_G07_1151652	6	159166164	159172854	6	-0.8192
KEBAB_p_TCGASNP_226_227_N_GenomeWideSNP_6_G07_1151652	6	159183562	161032565	1314	0.0022
KEBAB_p_TCGASNP_226_227_N_GenomeWideSNP_6_G07_1151652	6	161032719	161033283	5	1.3624
KEBAB_p_TCGASNP_226_227_N_GenomeWideSNP_6_G07_1151652	6	161068042	162736500	1364	0.0072
KEBAB_p_TCGASNP_226_227_N_GenomeWideSNP_6_G07_1151652	6	162738569	162740440	21	-1.031
KEBAB_p_TCGASNP_226_227_N_GenomeWideSNP_6_G07_1151652	6	162745580	171051005	5879	0.0019
KEBAB_p_TCGASNP_226_227_N_GenomeWideSNP_6_G07_1151652	7	43355	145185	90	0.0087
KEBAB_p_TCGASNP_226_227_N_GenomeWideSNP_6_G07_1151652	7	148300	158626	11	-0.7975
KEBAB_p_TCGASNP_226_227_N_GenomeWideSNP_6_G07_1151652	7	161442	54380373	38487	-0.0028
KEBAB_p_TCGASNP_226_227_N_GenomeWideSNP_6_G07_1151652	7	54386505	54386517	6	1.8378
KEBAB_p_TCGASNP_226_227_N_GenomeWideSNP_6_G07_1151652	7	54393488	79398058	10662	-0.002
KEBAB_p_TCGASNP_226_227_N_GenomeWideSNP_6_G07_1151652	7	79398798	79401778	2	-3.7191
KEBAB_p_TCGASNP_226_227_N_GenomeWideSNP_6_G07_1151652	7	79401887	141770161	38178	-0.0031
KEBAB_p_TCGASNP_226_227_N_GenomeWideSNP_6_G07_1151652	7	141770260	141799117	40	-0.7074
KEBAB_p_TCGASNP_226_227_N_GenomeWideSNP_6_G07_1151652	7	141799160	142474939	447	-0.0654
KEBAB_p_TCGASNP_226_227_N_GenomeWideSNP_6_G07_1151652	7	142476719	142486045	27	-2.4268
KEBAB_p_TCGASNP_226_227_N_GenomeWideSNP_6_G07_1151652	7	142486115	149845988	4493	-0.0068
KEBAB_p_TCGASNP_226_227_N_GenomeWideSNP_6_G07_1151652	7	149847287	149855335	4	-1.1499
KEBAB_p_TCGASNP_226_227_N_GenomeWideSNP_6_G07_1151652	7	149855691	149928555	24	0.0056
KEBAB_p_TCGASNP_226_227_N_GenomeWideSNP_6_G07_1151652	7	149933692	149933706	2	-1.7735
KEBAB_p_TCGASNP_226_227_N_GenomeWideSNP_6_G07_1151652	7	149937385	154389895	2806	-0.0018
KEBAB_p_TCGASNP_226_227_N_GenomeWideSNP_6_G07_1151652	7	154393171	154399613	4	-2.0644
KEBAB_p_TCGASNP_226_227_N_GenomeWideSNP_6_G07_1151652	7	154400830	154965392	572	0.0018
KEBAB_p_TCGASNP_226_227_N_GenomeWideSNP_6_G07_1151652	7	154966514	154967127	13	-0.4741
KEBAB_p_TCGASNP_226_227_N_GenomeWideSNP_6_G07_1151652	7	154968530	155464029	333	-0.0183
KEBAB_p_TCGASNP_226_227_N_GenomeWideSNP_6_G07_1151652	7	155465863	155466938	2	1.6401
KEBAB_p_TCGASNP_226_227_N_GenomeWideSNP_6_G07_1151652	7	155469636	157512290	1322	-0.0079
KEBAB_p_TCGASNP_226_227_N_GenomeWideSNP_6_G07_1151652	7	157514189	157514210	2	-1.9811
KEBAB_p_TCGASNP_226_227_N_GenomeWideSNP_6_G07_1151652	7	157519296	159127004	1003	-0.0138
KEBAB_p_TCGASNP_226_227_N_GenomeWideSNP_6_G07_1151652	8	31254	3787060	3435	-0.0057
KEBAB_p_TCGASNP_226_227_N_GenomeWideSNP_6_G07_1151652	8	3787083	3790106	23	-0.6859
KEBAB_p_TCGASNP_226_227_N_GenomeWideSNP_6_G07_1151652	8	3791218	6840297	4274	-0.0022
KEBAB_p_TCGASNP_226_227_N_GenomeWideSNP_6_G07_1151652	8	6858815	6859662	3	1.3614
KEBAB_p_TCGASNP_226_227_N_GenomeWideSNP_6_G07_1151652	8	6876142	6999220	76	-0.0519
KEBAB_p_TCGASNP_226_227_N_GenomeWideSNP_6_G07_1151652	8	7009595	7250380	43	-0.4091
KEBAB_p_TCGASNP_226_227_N_GenomeWideSNP_6_G07_1151652	8	7254291	7744064	111	-0.0463
KEBAB_p_TCGASNP_226_227_N_GenomeWideSNP_6_G07_1151652	8	7745979	7747699	4	-1.3787
KEBAB_p_TCGASNP_226_227_N_GenomeWideSNP_6_G07_1151652	8	7752048	16919086	7522	-0.0014
KEBAB_p_TCGASNP_226_227_N_GenomeWideSNP_6_G07_1151652	8	16919124	16919668	2	-1.2782
KEBAB_p_TCGASNP_226_227_N_GenomeWideSNP_6_G07_1151652	8	16924697	19645339	2524	0.0067
KEBAB_p_TCGASNP_226_227_N_GenomeWideSNP_6_G07_1151652	8	19646515	19646706	2	-1.4008
KEBAB_p_TCGASNP_226_227_N_GenomeWideSNP_6_G07_1151652	8	19647864	23402308	2675	-0.0078
KEBAB_p_TCGASNP_226_227_N_GenomeWideSNP_6_G07_1151652	8	23407740	23407811	4	-4.415
KEBAB_p_TCGASNP_226_227_N_GenomeWideSNP_6_G07_1151652	8	23407871	39230659	10207	-0.0038
KEBAB_p_TCGASNP_226_227_N_GenomeWideSNP_6_G07_1151652	8	39235603	39386965	59	1.0053
KEBAB_p_TCGASNP_226_227_N_GenomeWideSNP_6_G07_1151652	8	39388299	58115275	9197	-0.0055
KEBAB_p_TCGASNP_226_227_N_GenomeWideSNP_6_G07_1151652	8	58116550	58130025	5	-1.2097
KEBAB_p_TCGASNP_226_227_N_GenomeWideSNP_6_G07_1151652	8	58132798	64312607	4166	0.0034
KEBAB_p_TCGASNP_226_227_N_GenomeWideSNP_6_G07_1151652	8	64315765	64315893	2	-3.6353
KEBAB_p_TCGASNP_226_227_N_GenomeWideSNP_6_G07_1151652	8	64319210	64847240	283	0.0082
KEBAB_p_TCGASNP_226_227_N_GenomeWideSNP_6_G07_1151652	8	64847341	64848031	6	0.4781
KEBAB_p_TCGASNP_226_227_N_GenomeWideSNP_6_G07_1151652	8	64848033	64848636	6	0.0935
KEBAB_p_TCGASNP_226_227_N_GenomeWideSNP_6_G07_1151652	8	64848897	64849118	6	1.2167
KEBAB_p_TCGASNP_226_227_N_GenomeWideSNP_6_G07_1151652	8	64849510	112291494	28389	-0.0035
KEBAB_p_TCGASNP_226_227_N_GenomeWideSNP_6_G07_1151652	8	112294279	112295260	10	1.7773
KEBAB_p_TCGASNP_226_227_N_GenomeWideSNP_6_G07_1151652	8	112300281	146298155	22928	0.0021
KEBAB_p_TCGASNP_226_227_N_GenomeWideSNP_6_G07_1151652	9	46587	43187967	31388	0.0045
KEBAB_p_TCGASNP_226_227_N_GenomeWideSNP_6_G07_1151652	9	43315670	43800186	41	-1.2744
KEBAB_p_TCGASNP_226_227_N_GenomeWideSNP_6_G07_1151652	9	44114872	44424451	46	-0.1312
KEBAB_p_TCGASNP_226_227_N_GenomeWideSNP_6_G07_1151652	9	44446136	44795319	27	-1.3932
KEBAB_p_TCGASNP_226_227_N_GenomeWideSNP_6_G07_1151652	9	44795730	139053515	47724	0.0051
KEBAB_p_TCGASNP_226_227_N_GenomeWideSNP_6_G07_1151652	9	139056779	139057920	2	-1.9643
KEBAB_p_TCGASNP_226_227_N_GenomeWideSNP_6_G07_1151652	9	139058723	139575829	142	0.0261
KEBAB_p_TCGASNP_226_227_N_GenomeWideSNP_6_G07_1151652	9	139589039	139589433	2	-1.6827
KEBAB_p_TCGASNP_226_227_N_GenomeWideSNP_6_G07_1151652	9	139590724	141091394	566	-0.0036
KEBAB_p_TCGASNP_226_227_N_GenomeWideSNP_6_G07_1151652	10	72759	6404700	5409	0.0032
KEBAB_p_TCGASNP_226_227_N_GenomeWideSNP_6_G07_1151652	10	6407737	6410132	2	-2.0777
KEBAB_p_TCGASNP_226_227_N_GenomeWideSNP_6_G07_1151652	10	6410287	9796538	2956	0.0093
KEBAB_p_TCGASNP_226_227_N_GenomeWideSNP_6_G07_1151652	10	9796700	9796738	2	-1.6148
KEBAB_p_TCGASNP_226_227_N_GenomeWideSNP_6_G07_1151652	10	9801095	14619045	4052	0.0018
KEBAB_p_TCGASNP_226_227_N_GenomeWideSNP_6_G07_1151652	10	14621396	14624710	2	1.1861
KEBAB_p_TCGASNP_226_227_N_GenomeWideSNP_6_G07_1151652	10	14625316	16466370	1372	-0.0019
KEBAB_p_TCGASNP_226_227_N_GenomeWideSNP_6_G07_1151652	10	16467242	16470933	3	-0.9907
KEBAB_p_TCGASNP_226_227_N_GenomeWideSNP_6_G07_1151652	10	16476271	17894976	1077	0.0052
KEBAB_p_TCGASNP_226_227_N_GenomeWideSNP_6_G07_1151652	10	17927554	17971816	4	0.8483
KEBAB_p_TCGASNP_226_227_N_GenomeWideSNP_6_G07_1151652	10	18029825	19851833	1324	0.0198
KEBAB_p_TCGASNP_226_227_N_GenomeWideSNP_6_G07_1151652	10	19852375	19865032	13	-1.0175
KEBAB_p_TCGASNP_226_227_N_GenomeWideSNP_6_G07_1151652	10	19868367	24071910	2798	0.0036
KEBAB_p_TCGASNP_226_227_N_GenomeWideSNP_6_G07_1151652	10	24074662	24076286	3	-0.9399
KEBAB_p_TCGASNP_226_227_N_GenomeWideSNP_6_G07_1151652	10	24080842	24377675	223	-0.0016
KEBAB_p_TCGASNP_226_227_N_GenomeWideSNP_6_G07_1151652	10	24377676	24378054	9	0.9041
KEBAB_p_TCGASNP_226_227_N_GenomeWideSNP_6_G07_1151652	10	24378908	46070052	12261	-0.0051
KEBAB_p_TCGASNP_226_227_N_GenomeWideSNP_6_G07_1151652	10	46072872	46088061	13	-0.5278
KEBAB_p_TCGASNP_226_227_N_GenomeWideSNP_6_G07_1151652	10	46088963	46674180	55	-0.0059
KEBAB_p_TCGASNP_226_227_N_GenomeWideSNP_6_G07_1151652	10	46691159	46931589	5	0.885
KEBAB_p_TCGASNP_226_227_N_GenomeWideSNP_6_G07_1151652	10	46932195	47392332	169	0.1619
KEBAB_p_TCGASNP_226_227_N_GenomeWideSNP_6_G07_1151652	10	47401341	47419711	3	-0.5069
KEBAB_p_TCGASNP_226_227_N_GenomeWideSNP_6_G07_1151652	10	47541189	47703613	184	0.5261
KEBAB_p_TCGASNP_226_227_N_GenomeWideSNP_6_G07_1151652	10	47704605	47897394	9	0.2191
KEBAB_p_TCGASNP_226_227_N_GenomeWideSNP_6_G07_1151652	10	47912899	47948060	3	-1.6154
KEBAB_p_TCGASNP_226_227_N_GenomeWideSNP_6_G07_1151652	10	47960476	48902376	295	0.0031
KEBAB_p_TCGASNP_226_227_N_GenomeWideSNP_6_G07_1151652	10	48928791	48934756	2	-1.7651
KEBAB_p_TCGASNP_226_227_N_GenomeWideSNP_6_G07_1151652	10	48947018	49045681	6	-0.4171
KEBAB_p_TCGASNP_226_227_N_GenomeWideSNP_6_G07_1151652	10	49045895	51790701	1445	0.0033
KEBAB_p_TCGASNP_226_227_N_GenomeWideSNP_6_G07_1151652	10	51792797	51822000	16	-0.4416
KEBAB_p_TCGASNP_226_227_N_GenomeWideSNP_6_G07_1151652	10	51822399	58846422	5159	0.0068
KEBAB_p_TCGASNP_226_227_N_GenomeWideSNP_6_G07_1151652	10	58846575	58849853	5	-1.308
KEBAB_p_TCGASNP_226_227_N_GenomeWideSNP_6_G07_1151652	10	58849888	67306276	5864	-0.0063
KEBAB_p_TCGASNP_226_227_N_GenomeWideSNP_6_G07_1151652	10	67307923	67314446	28	-2.0727
KEBAB_p_TCGASNP_226_227_N_GenomeWideSNP_6_G07_1151652	10	67322795	81383874	9250	0.003
KEBAB_p_TCGASNP_226_227_N_GenomeWideSNP_6_G07_1151652	10	81383884	81385399	3	-2.5052
KEBAB_p_TCGASNP_226_227_N_GenomeWideSNP_6_G07_1151652	10	81385449	135506704	37065	-0.0024
KEBAB_p_TCGASNP_226_227_N_GenomeWideSNP_6_G07_1151652	11	198510	4335878	1814	-3e-04
KEBAB_p_TCGASNP_226_227_N_GenomeWideSNP_6_G07_1151652	11	4336067	4359288	7	-0.692
KEBAB_p_TCGASNP_226_227_N_GenomeWideSNP_6_G07_1151652	11	4384797	4970243	657	-0.0013
KEBAB_p_TCGASNP_226_227_N_GenomeWideSNP_6_G07_1151652	11	4970277	4976614	35	0.5456
KEBAB_p_TCGASNP_226_227_N_GenomeWideSNP_6_G07_1151652	11	4976814	5520975	544	-0.0107
KEBAB_p_TCGASNP_226_227_N_GenomeWideSNP_6_G07_1151652	11	5522151	5522528	5	-0.7855
KEBAB_p_TCGASNP_226_227_N_GenomeWideSNP_6_G07_1151652	11	5522564	5783923	240	-0.0097
KEBAB_p_TCGASNP_226_227_N_GenomeWideSNP_6_G07_1151652	11	5787405	5809139	33	-0.665
KEBAB_p_TCGASNP_226_227_N_GenomeWideSNP_6_G07_1151652	11	5809338	18949343	9429	0.0036
KEBAB_p_TCGASNP_226_227_N_GenomeWideSNP_6_G07_1151652	11	18949647	18961597	45	-0.3819
KEBAB_p_TCGASNP_226_227_N_GenomeWideSNP_6_G07_1151652	11	18961613	48593125	20620	0.001
KEBAB_p_TCGASNP_226_227_N_GenomeWideSNP_6_G07_1151652	11	48594268	48602676	4	1.2688
KEBAB_p_TCGASNP_226_227_N_GenomeWideSNP_6_G07_1151652	11	48606318	48849414	90	0.013
KEBAB_p_TCGASNP_226_227_N_GenomeWideSNP_6_G07_1151652	11	48886523	48893219	6	0.8763
KEBAB_p_TCGASNP_226_227_N_GenomeWideSNP_6_G07_1151652	11	48913644	49758987	371	0.0148
KEBAB_p_TCGASNP_226_227_N_GenomeWideSNP_6_G07_1151652	11	49759555	49760688	6	-0.958
KEBAB_p_TCGASNP_226_227_N_GenomeWideSNP_6_G07_1151652	11	49766161	55374048	754	-0.0044
KEBAB_p_TCGASNP_226_227_N_GenomeWideSNP_6_G07_1151652	11	55374188	55442318	46	0.3719
KEBAB_p_TCGASNP_226_227_N_GenomeWideSNP_6_G07_1151652	11	55444211	58813310	2092	0.0068
KEBAB_p_TCGASNP_226_227_N_GenomeWideSNP_6_G07_1151652	11	58815127	58855019	20	0.5195
KEBAB_p_TCGASNP_226_227_N_GenomeWideSNP_6_G07_1151652	11	58855046	86305817	15708	-0.001
KEBAB_p_TCGASNP_226_227_N_GenomeWideSNP_6_G07_1151652	11	86305875	86306054	3	-3.0698
KEBAB_p_TCGASNP_226_227_N_GenomeWideSNP_6_G07_1151652	11	86315174	101594384	10837	0.0022
KEBAB_p_TCGASNP_226_227_N_GenomeWideSNP_6_G07_1151652	11	101597860	101597964	4	1.5534
KEBAB_p_TCGASNP_226_227_N_GenomeWideSNP_6_G07_1151652	11	101598212	107230719	3809	0.011
KEBAB_p_TCGASNP_226_227_N_GenomeWideSNP_6_G07_1151652	11	107238656	107238931	6	-1.8437
KEBAB_p_TCGASNP_226_227_N_GenomeWideSNP_6_G07_1151652	11	107239128	133814191	19112	-0.0017
KEBAB_p_TCGASNP_226_227_N_GenomeWideSNP_6_G07_1151652	11	133814713	133817333	2	-1.3052
KEBAB_p_TCGASNP_226_227_N_GenomeWideSNP_6_G07_1151652	11	133817472	134944770	843	-0.0052
KEBAB_p_TCGASNP_226_227_N_GenomeWideSNP_6_G07_1151652	12	150442	4389155	2889	0.0057
KEBAB_p_TCGASNP_226_227_N_GenomeWideSNP_6_G07_1151652	12	4389178	4389206	2	-3.8306
KEBAB_p_TCGASNP_226_227_N_GenomeWideSNP_6_G07_1151652	12	4389349	11215372	4370	-0.0025
KEBAB_p_TCGASNP_226_227_N_GenomeWideSNP_6_G07_1151652	12	11216849	11241532	14	-1.2418
KEBAB_p_TCGASNP_226_227_N_GenomeWideSNP_6_G07_1151652	12	11251874	11504091	132	0.0118
KEBAB_p_TCGASNP_226_227_N_GenomeWideSNP_6_G07_1151652	12	11511577	11543406	31	-0.7992
KEBAB_p_TCGASNP_226_227_N_GenomeWideSNP_6_G07_1151652	12	11552192	30235581	13129	0.0012
KEBAB_p_TCGASNP_226_227_N_GenomeWideSNP_6_G07_1151652	12	30239267	30243933	26	-0.5499
KEBAB_p_TCGASNP_226_227_N_GenomeWideSNP_6_G07_1151652	12	30243950	31395472	959	0.0089
KEBAB_p_TCGASNP_226_227_N_GenomeWideSNP_6_G07_1151652	12	31395843	31442222	28	0.6488
KEBAB_p_TCGASNP_226_227_N_GenomeWideSNP_6_G07_1151652	12	31444180	33294660	1282	0.0105
KEBAB_p_TCGASNP_226_227_N_GenomeWideSNP_6_G07_1151652	12	33301406	33307374	27	-0.6227
KEBAB_p_TCGASNP_226_227_N_GenomeWideSNP_6_G07_1151652	12	33308360	45899825	5625	0.01
KEBAB_p_TCGASNP_226_227_N_GenomeWideSNP_6_G07_1151652	12	45904438	45909537	4	1.0872
KEBAB_p_TCGASNP_226_227_N_GenomeWideSNP_6_G07_1151652	12	45913292	57331971	6510	-2e-04
KEBAB_p_TCGASNP_226_227_N_GenomeWideSNP_6_G07_1151652	12	57335481	57377312	14	0.4635
KEBAB_p_TCGASNP_226_227_N_GenomeWideSNP_6_G07_1151652	12	57377347	63919989	4131	0.0014
KEBAB_p_TCGASNP_226_227_N_GenomeWideSNP_6_G07_1151652	12	63920585	63924805	3	-1.7544
KEBAB_p_TCGASNP_226_227_N_GenomeWideSNP_6_G07_1151652	12	63932963	70872675	4543	-0.0025
KEBAB_p_TCGASNP_226_227_N_GenomeWideSNP_6_G07_1151652	12	70876314	70878027	8	-2.4356
KEBAB_p_TCGASNP_226_227_N_GenomeWideSNP_6_G07_1151652	12	70879385	132120715	40751	0.0012
KEBAB_p_TCGASNP_226_227_N_GenomeWideSNP_6_G07_1151652	12	132132584	132133335	13	0.5809
KEBAB_p_TCGASNP_226_227_N_GenomeWideSNP_6_G07_1151652	12	132142331	133778189	572	-0.0027
KEBAB_p_TCGASNP_226_227_N_GenomeWideSNP_6_G07_1151652	13	19026949	19776854	356	-0.0157
KEBAB_p_TCGASNP_226_227_N_GenomeWideSNP_6_G07_1151652	13	19777093	19777270	2	-1.6273
KEBAB_p_TCGASNP_226_227_N_GenomeWideSNP_6_G07_1151652	13	19781460	23329181	2347	0.0041
KEBAB_p_TCGASNP_226_227_N_GenomeWideSNP_6_G07_1151652	13	23330412	23331292	3	-1.1601
KEBAB_p_TCGASNP_226_227_N_GenomeWideSNP_6_G07_1151652	13	23331457	72476988	32459	0.0057
KEBAB_p_TCGASNP_226_227_N_GenomeWideSNP_6_G07_1151652	13	72477555	72480556	4	1.1699
KEBAB_p_TCGASNP_226_227_N_GenomeWideSNP_6_G07_1151652	13	72480605	108534926	24791	-0.0013
KEBAB_p_TCGASNP_226_227_N_GenomeWideSNP_6_G07_1151652	13	108535689	108536028	2	-1.4301
KEBAB_p_TCGASNP_226_227_N_GenomeWideSNP_6_G07_1151652	13	108536758	115108397	4358	0.0074
KEBAB_p_TCGASNP_226_227_N_GenomeWideSNP_6_G07_1151652	14	19002124	19541714	39	0.1117
KEBAB_p_TCGASNP_226_227_N_GenomeWideSNP_6_G07_1151652	14	19557041	19693249	11	-0.7556
KEBAB_p_TCGASNP_226_227_N_GenomeWideSNP_6_G07_1151652	14	19697885	20424926	141	-0.2662
KEBAB_p_TCGASNP_226_227_N_GenomeWideSNP_6_G07_1151652	14	20425509	41608358	13649	-0.0047
KEBAB_p_TCGASNP_226_227_N_GenomeWideSNP_6_G07_1151652	14	41610496	41657249	14	-3.1603
KEBAB_p_TCGASNP_226_227_N_GenomeWideSNP_6_G07_1151652	14	41657349	74001123	20483	0.0018
KEBAB_p_TCGASNP_226_227_N_GenomeWideSNP_6_G07_1151652	14	74006707	74017538	7	-1.7584
KEBAB_p_TCGASNP_226_227_N_GenomeWideSNP_6_G07_1151652	14	74020979	74232069	108	-0.0194
KEBAB_p_TCGASNP_226_227_N_GenomeWideSNP_6_G07_1151652	14	74244358	74245607	3	-1.1294
KEBAB_p_TCGASNP_226_227_N_GenomeWideSNP_6_G07_1151652	14	74247410	106460902	20675	0.0042
KEBAB_p_TCGASNP_226_227_N_GenomeWideSNP_6_G07_1151652	14	106479675	106479941	2	1.3395
KEBAB_p_TCGASNP_226_227_N_GenomeWideSNP_6_G07_1151652	14	106482128	106547314	28	0.2223
KEBAB_p_TCGASNP_226_227_N_GenomeWideSNP_6_G07_1151652	14	106547507	106567100	10	1.154
KEBAB_p_TCGASNP_226_227_N_GenomeWideSNP_6_G07_1151652	14	106569463	106751284	84	0.0214
KEBAB_p_TCGASNP_226_227_N_GenomeWideSNP_6_G07_1151652	14	106753859	106753867	3	0.9773
KEBAB_p_TCGASNP_226_227_N_GenomeWideSNP_6_G07_1151652	14	106754003	106796025	16	-0.085
KEBAB_p_TCGASNP_226_227_N_GenomeWideSNP_6_G07_1151652	14	106796228	106802053	6	-1.2924
KEBAB_p_TCGASNP_226_227_N_GenomeWideSNP_6_G07_1151652	14	106815943	106863516	25	-0.1032
KEBAB_p_TCGASNP_226_227_N_GenomeWideSNP_6_G07_1151652	14	106863521	106934548	66	0.2622
KEBAB_p_TCGASNP_226_227_N_GenomeWideSNP_6_G07_1151652	14	106939788	107285437	217	-0.0014
KEBAB_p_TCGASNP_226_227_N_GenomeWideSNP_6_G07_1151652	15	20016328	20395529	61	-0.1141
KEBAB_p_TCGASNP_226_227_N_GenomeWideSNP_6_G07_1151652	15	20411378	22673399	362	0.7056
KEBAB_p_TCGASNP_226_227_N_GenomeWideSNP_6_G07_1151652	15	22681076	24058799	630	0.0095
KEBAB_p_TCGASNP_226_227_N_GenomeWideSNP_6_G07_1151652	15	24058820	24058849	2	-4.0772
KEBAB_p_TCGASNP_226_227_N_GenomeWideSNP_6_G07_1151652	15	24058995	24669745	372	0.0073
KEBAB_p_TCGASNP_226_227_N_GenomeWideSNP_6_G07_1151652	15	24674751	24718596	40	-0.3379
KEBAB_p_TCGASNP_226_227_N_GenomeWideSNP_6_G07_1151652	15	24725293	32512220	4813	0.0033
KEBAB_p_TCGASNP_226_227_N_GenomeWideSNP_6_G07_1151652	15	32531316	32533091	2	-1.8512
KEBAB_p_TCGASNP_226_227_N_GenomeWideSNP_6_G07_1151652	15	32539537	34719811	1537	-0.011
KEBAB_p_TCGASNP_226_227_N_GenomeWideSNP_6_G07_1151652	15	34719935	34830388	69	-0.8012
KEBAB_p_TCGASNP_226_227_N_GenomeWideSNP_6_G07_1151652	15	34830944	69329815	22220	0.0024
KEBAB_p_TCGASNP_226_227_N_GenomeWideSNP_6_G07_1151652	15	69331285	69331360	2	1.504
KEBAB_p_TCGASNP_226_227_N_GenomeWideSNP_6_G07_1151652	15	69337675	76891511	4249	0.0063
KEBAB_p_TCGASNP_226_227_N_GenomeWideSNP_6_G07_1151652	15	76891627	76895775	20	0.9312
KEBAB_p_TCGASNP_226_227_N_GenomeWideSNP_6_G07_1151652	15	76902179	84540181	4430	0.0054
KEBAB_p_TCGASNP_226_227_N_GenomeWideSNP_6_G07_1151652	15	84540717	84543550	7	-0.883
KEBAB_p_TCGASNP_226_227_N_GenomeWideSNP_6_G07_1151652	15	84547277	89959142	3794	-0.0047
KEBAB_p_TCGASNP_226_227_N_GenomeWideSNP_6_G07_1151652	15	89960512	89960860	3	-1.1984
KEBAB_p_TCGASNP_226_227_N_GenomeWideSNP_6_G07_1151652	15	89964631	93801088	2886	0.0092
KEBAB_p_TCGASNP_226_227_N_GenomeWideSNP_6_G07_1151652	15	93801119	93801133	3	-1.264
KEBAB_p_TCGASNP_226_227_N_GenomeWideSNP_6_G07_1151652	15	93801306	102469040	6560	0.0019
KEBAB_p_TCGASNP_226_227_N_GenomeWideSNP_6_G07_1151652	16	60777	14835067	11115	-0.0018
KEBAB_p_TCGASNP_226_227_N_GenomeWideSNP_6_G07_1151652	16	14888595	15125441	81	-0.727
KEBAB_p_TCGASNP_226_227_N_GenomeWideSNP_6_G07_1151652	16	15126890	18429385	1616	0
KEBAB_p_TCGASNP_226_227_N_GenomeWideSNP_6_G07_1151652	16	18551587	18557211	3	1.6459
KEBAB_p_TCGASNP_226_227_N_GenomeWideSNP_6_G07_1151652	16	18594400	20478436	1128	-0.0072
KEBAB_p_TCGASNP_226_227_N_GenomeWideSNP_6_G07_1151652	16	20478598	20478612	2	-1.2428
KEBAB_p_TCGASNP_226_227_N_GenomeWideSNP_6_G07_1151652	16	20478682	22676087	955	0.0174
KEBAB_p_TCGASNP_226_227_N_GenomeWideSNP_6_G07_1151652	16	22676787	22781970	90	0.4542
KEBAB_p_TCGASNP_226_227_N_GenomeWideSNP_6_G07_1151652	16	22783591	32158852	5105	0.0015
KEBAB_p_TCGASNP_226_227_N_GenomeWideSNP_6_G07_1151652	16	32158862	32180860	5	0.7731
KEBAB_p_TCGASNP_226_227_N_GenomeWideSNP_6_G07_1151652	16	32180976	32482955	39	-0.0155
KEBAB_p_TCGASNP_226_227_N_GenomeWideSNP_6_G07_1151652	16	32483006	32655523	53	0.4141
KEBAB_p_TCGASNP_226_227_N_GenomeWideSNP_6_G07_1151652	16	32743289	33369764	61	0.063
KEBAB_p_TCGASNP_226_227_N_GenomeWideSNP_6_G07_1151652	16	33371606	33801983	103	0.3394
KEBAB_p_TCGASNP_226_227_N_GenomeWideSNP_6_G07_1151652	16	33811501	48569237	1443	-0.0015
KEBAB_p_TCGASNP_226_227_N_GenomeWideSNP_6_G07_1151652	16	48569814	48571590	2	-2.3627
KEBAB_p_TCGASNP_226_227_N_GenomeWideSNP_6_G07_1151652	16	48573078	55796594	5528	-0.0026
KEBAB_p_TCGASNP_226_227_N_GenomeWideSNP_6_G07_1151652	16	55798222	55798779	3	2.7302
KEBAB_p_TCGASNP_226_227_N_GenomeWideSNP_6_G07_1151652	16	55804348	78371608	14447	4e-04
KEBAB_p_TCGASNP_226_227_N_GenomeWideSNP_6_G07_1151652	16	78372440	78381263	14	1.1647
KEBAB_p_TCGASNP_226_227_N_GenomeWideSNP_6_G07_1151652	16	78383140	82187267	4159	-0.0028
KEBAB_p_TCGASNP_226_227_N_GenomeWideSNP_6_G07_1151652	16	82189330	82189695	2	-1.4868
KEBAB_p_TCGASNP_226_227_N_GenomeWideSNP_6_G07_1151652	16	82193496	90287535	6481	-0.0037
KEBAB_p_TCGASNP_226_227_N_GenomeWideSNP_6_G07_1151652	17	526	18358949	11448	-0.0041
KEBAB_p_TCGASNP_226_227_N_GenomeWideSNP_6_G07_1151652	17	18361686	18465221	26	0.5998
KEBAB_p_TCGASNP_226_227_N_GenomeWideSNP_6_G07_1151652	17	18469197	39423103	9506	0.0036
KEBAB_p_TCGASNP_226_227_N_GenomeWideSNP_6_G07_1151652	17	39423153	39430450	17	0.9233
KEBAB_p_TCGASNP_226_227_N_GenomeWideSNP_6_G07_1151652	17	39430531	44214166	2550	0.0101
KEBAB_p_TCGASNP_226_227_N_GenomeWideSNP_6_G07_1151652	17	44215364	44660206	117	-0.3232
KEBAB_p_TCGASNP_226_227_N_GenomeWideSNP_6_G07_1151652	17	44665671	77991228	20275	7e-04
KEBAB_p_TCGASNP_226_227_N_GenomeWideSNP_6_G07_1151652	17	77993096	77996780	3	-1.3222
KEBAB_p_TCGASNP_226_227_N_GenomeWideSNP_6_G07_1151652	17	78004093	81049726	1353	0.003
KEBAB_p_TCGASNP_226_227_N_GenomeWideSNP_6_G07_1151652	18	11543	479816	312	0.0251
KEBAB_p_TCGASNP_226_227_N_GenomeWideSNP_6_G07_1151652	18	481341	483753	2	1.4873
KEBAB_p_TCGASNP_226_227_N_GenomeWideSNP_6_G07_1151652	18	485410	37584470	22052	0.0057
KEBAB_p_TCGASNP_226_227_N_GenomeWideSNP_6_G07_1151652	18	37585038	37585740	2	-1.7386
KEBAB_p_TCGASNP_226_227_N_GenomeWideSNP_6_G07_1151652	18	37586416	38178869	404	0.0212
KEBAB_p_TCGASNP_226_227_N_GenomeWideSNP_6_G07_1151652	18	38179829	38182298	2	1.0602
KEBAB_p_TCGASNP_226_227_N_GenomeWideSNP_6_G07_1151652	18	38189747	38258705	68	0.0059
KEBAB_p_TCGASNP_226_227_N_GenomeWideSNP_6_G07_1151652	18	38258727	38260837	13	0.4356
KEBAB_p_TCGASNP_226_227_N_GenomeWideSNP_6_G07_1151652	18	38260887	47632490	6348	0.014
KEBAB_p_TCGASNP_226_227_N_GenomeWideSNP_6_G07_1151652	18	47633151	47635228	4	-1.6574
KEBAB_p_TCGASNP_226_227_N_GenomeWideSNP_6_G07_1151652	18	47635303	51267097	2638	-2e-04
KEBAB_p_TCGASNP_226_227_N_GenomeWideSNP_6_G07_1151652	18	51267142	51267210	3	0.841
KEBAB_p_TCGASNP_226_227_N_GenomeWideSNP_6_G07_1151652	18	51267350	51268184	3	-0.584
KEBAB_p_TCGASNP_226_227_N_GenomeWideSNP_6_G07_1151652	18	51278269	51376226	59	0.0412
KEBAB_p_TCGASNP_226_227_N_GenomeWideSNP_6_G07_1151652	18	51379751	51384089	2	-1.3189
KEBAB_p_TCGASNP_226_227_N_GenomeWideSNP_6_G07_1151652	18	51384978	61587700	6993	0.0064
KEBAB_p_TCGASNP_226_227_N_GenomeWideSNP_6_G07_1151652	18	61587718	61587750	3	-0.9636
KEBAB_p_TCGASNP_226_227_N_GenomeWideSNP_6_G07_1151652	18	61587794	64953649	2300	0.0133
KEBAB_p_TCGASNP_226_227_N_GenomeWideSNP_6_G07_1151652	18	64959207	64967265	21	-2.3921
KEBAB_p_TCGASNP_226_227_N_GenomeWideSNP_6_G07_1151652	18	64967718	66743345	1379	-9e-04
KEBAB_p_TCGASNP_226_227_N_GenomeWideSNP_6_G07_1151652	18	66746106	66753326	38	-3.3343
KEBAB_p_TCGASNP_226_227_N_GenomeWideSNP_6_G07_1151652	18	66757696	78015057	8177	0.005
KEBAB_p_TCGASNP_226_227_N_GenomeWideSNP_6_G07_1151652	19	90910	35849322	16818	0.0042
KEBAB_p_TCGASNP_226_227_N_GenomeWideSNP_6_G07_1151652	19	35849493	35866801	25	-0.5609
KEBAB_p_TCGASNP_226_227_N_GenomeWideSNP_6_G07_1151652	19	35866954	40374809	2302	0.0098
KEBAB_p_TCGASNP_226_227_N_GenomeWideSNP_6_G07_1151652	19	40374820	40393821	13	-0.7098
KEBAB_p_TCGASNP_226_227_N_GenomeWideSNP_6_G07_1151652	19	40404633	41068931	337	0.0228
KEBAB_p_TCGASNP_226_227_N_GenomeWideSNP_6_G07_1151652	19	41070854	41071823	2	-0.8714
KEBAB_p_TCGASNP_226_227_N_GenomeWideSNP_6_G07_1151652	19	41077501	41345158	134	0.0209
KEBAB_p_TCGASNP_226_227_N_GenomeWideSNP_6_G07_1151652	19	41348869	41376019	36	-0.6713
KEBAB_p_TCGASNP_226_227_N_GenomeWideSNP_6_G07_1151652	19	41380946	52142352	5281	-0.001
KEBAB_p_TCGASNP_226_227_N_GenomeWideSNP_6_G07_1151652	19	52142615	52148197	10	-0.7612
KEBAB_p_TCGASNP_226_227_N_GenomeWideSNP_6_G07_1151652	19	52154905	53333903	808	0.0204
KEBAB_p_TCGASNP_226_227_N_GenomeWideSNP_6_G07_1151652	19	53334165	53371364	38	-0.8852
KEBAB_p_TCGASNP_226_227_N_GenomeWideSNP_6_G07_1151652	19	53371718	54718938	902	-0.0018
KEBAB_p_TCGASNP_226_227_N_GenomeWideSNP_6_G07_1151652	19	54718952	54814732	46	0.2437
KEBAB_p_TCGASNP_226_227_N_GenomeWideSNP_6_G07_1151652	19	54815093	56263024	723	-0.0044
KEBAB_p_TCGASNP_226_227_N_GenomeWideSNP_6_G07_1151652	19	56265664	56266277	3	-1.1888
KEBAB_p_TCGASNP_226_227_N_GenomeWideSNP_6_G07_1151652	19	56266504	56273057	9	0.0828
KEBAB_p_TCGASNP_226_227_N_GenomeWideSNP_6_G07_1151652	19	56278050	56283067	6	0.8421
KEBAB_p_TCGASNP_226_227_N_GenomeWideSNP_6_G07_1151652	19	56286293	59097854	1850	0.0126
KEBAB_p_TCGASNP_226_227_N_GenomeWideSNP_6_G07_1151652	20	61305	139419	64	0.0424
KEBAB_p_TCGASNP_226_227_N_GenomeWideSNP_6_G07_1151652	20	139576	139745	2	-1.4504
KEBAB_p_TCGASNP_226_227_N_GenomeWideSNP_6_G07_1151652	20	139801	1557190	1121	0.0096
KEBAB_p_TCGASNP_226_227_N_GenomeWideSNP_6_G07_1151652	20	1557219	1560999	20	-0.5468
KEBAB_p_TCGASNP_226_227_N_GenomeWideSNP_6_G07_1151652	20	1561580	1593893	41	1.4669
KEBAB_p_TCGASNP_226_227_N_GenomeWideSNP_6_G07_1151652	20	1597946	62956153	41255	0.0024
KEBAB_p_TCGASNP_226_227_N_GenomeWideSNP_6_G07_1151652	21	10736871	23651134	6462	2e-04
KEBAB_p_TCGASNP_226_227_N_GenomeWideSNP_6_G07_1151652	21	23655900	23664658	9	-5.1124
KEBAB_p_TCGASNP_226_227_N_GenomeWideSNP_6_G07_1151652	21	23666999	48096957	17928	0.0011
KEBAB_p_TCGASNP_226_227_N_GenomeWideSNP_6_G07_1151652	22	16052528	16152285	19	-0.4833
KEBAB_p_TCGASNP_226_227_N_GenomeWideSNP_6_G07_1151652	22	16205766	24337949	4603	-0.0096
KEBAB_p_TCGASNP_226_227_N_GenomeWideSNP_6_G07_1151652	22	24344422	24396814	20	0.7784
KEBAB_p_TCGASNP_226_227_N_GenomeWideSNP_6_G07_1151652	22	24401529	25661698	822	0.008
KEBAB_p_TCGASNP_226_227_N_GenomeWideSNP_6_G07_1151652	22	25663985	25918709	294	0.5572
KEBAB_p_TCGASNP_226_227_N_GenomeWideSNP_6_G07_1151652	22	25922342	51234455	17809	-0.0041
KEBAB_p_TCGASNP_226_227_N_GenomeWideSNP_6_G07_1151652	X	168477	682249	75	0.0368
KEBAB_p_TCGASNP_226_227_N_GenomeWideSNP_6_G07_1151652	X	682858	682861	2	1.6619
KEBAB_p_TCGASNP_226_227_N_GenomeWideSNP_6_G07_1151652	X	689546	38583819	24011	0.0037
KEBAB_p_TCGASNP_226_227_N_GenomeWideSNP_6_G07_1151652	X	38586159	38586188	2	-1.7291
KEBAB_p_TCGASNP_226_227_N_GenomeWideSNP_6_G07_1151652	X	38591633	76353650	16045	-3e-04
KEBAB_p_TCGASNP_226_227_N_GenomeWideSNP_6_G07_1151652	X	76362292	76378656	2	-2.516
KEBAB_p_TCGASNP_226_227_N_GenomeWideSNP_6_G07_1151652	X	76378658	76437473	8	0.0149
KEBAB_p_TCGASNP_226_227_N_GenomeWideSNP_6_G07_1151652	X	76471935	76523952	7	-0.9486
KEBAB_p_TCGASNP_226_227_N_GenomeWideSNP_6_G07_1151652	X	76545159	83978555	3654	0.013
KEBAB_p_TCGASNP_226_227_N_GenomeWideSNP_6_G07_1151652	X	83979341	83979879	2	-2.9975
KEBAB_p_TCGASNP_226_227_N_GenomeWideSNP_6_G07_1151652	X	83986751	128700449	25083	6e-04
KEBAB_p_TCGASNP_226_227_N_GenomeWideSNP_6_G07_1151652	X	128702767	128702922	2	-1.9782
KEBAB_p_TCGASNP_226_227_N_GenomeWideSNP_6_G07_1151652	X	128706700	148884281	12406	0.001
KEBAB_p_TCGASNP_226_227_N_GenomeWideSNP_6_G07_1151652	X	148884908	148885435	5	0.8993
KEBAB_p_TCGASNP_226_227_N_GenomeWideSNP_6_G07_1151652	X	148886557	154385156	3029	0.0028
KEBAB_p_TCGASNP_226_227_N_GenomeWideSNP_6_G07_1151652	X	154392382	154418294	11	-0.8296
KEBAB_p_TCGASNP_226_227_N_GenomeWideSNP_6_G07_1151652	X	154432253	155182354	230	0.0219
KEBAB_p_TCGASNP_226_227_N_GenomeWideSNP_6_G07_1151652	Y	2650438	3005268	154	-3.0659
KEBAB_p_TCGASNP_226_227_N_GenomeWideSNP_6_G07_1151652	Y	3006140	6101425	718	-2.4649
KEBAB_p_TCGASNP_226_227_N_GenomeWideSNP_6_G07_1151652	Y	6107901	6313572	91	-4.1436
KEBAB_p_TCGASNP_226_227_N_GenomeWideSNP_6_G07_1151652	Y	6315579	7395687	460	-3.0537
KEBAB_p_TCGASNP_226_227_N_GenomeWideSNP_6_G07_1151652	Y	7397635	9787350	1209	-3.4235
KEBAB_p_TCGASNP_226_227_N_GenomeWideSNP_6_G07_1151652	Y	9788342	14801663	591	-3.0824
KEBAB_p_TCGASNP_226_227_N_GenomeWideSNP_6_G07_1151652	Y	14804077	14806006	3	-7.04
KEBAB_p_TCGASNP_226_227_N_GenomeWideSNP_6_G07_1151652	Y	14809887	15590276	353	-3.1315
KEBAB_p_TCGASNP_226_227_N_GenomeWideSNP_6_G07_1151652	Y	15590342	15594523	3	-7.6439
KEBAB_p_TCGASNP_226_227_N_GenomeWideSNP_6_G07_1151652	Y	15594889	19574890	2083	-3.2204
KEBAB_p_TCGASNP_226_227_N_GenomeWideSNP_6_G07_1151652	Y	19576544	21024613	671	-3.8373
KEBAB_p_TCGASNP_226_227_N_GenomeWideSNP_6_G07_1151652	Y	21025062	24548177	1296	-3.289
KEBAB_p_TCGASNP_226_227_N_GenomeWideSNP_6_G07_1151652	Y	24560227	26218232	302	-3.9313
KEBAB_p_TCGASNP_226_227_N_GenomeWideSNP_6_G07_1151652	Y	26222820	26517533	83	-3.1195
KEBAB_p_TCGASNP_226_227_N_GenomeWideSNP_6_G07_1151652	Y	26526212	27315972	91	-4.3007
KEBAB_p_TCGASNP_226_227_N_GenomeWideSNP_6_G07_1151652	Y	27367487	27720551	93	-2.9818
KEBAB_p_TCGASNP_226_227_N_GenomeWideSNP_6_G07_1151652	Y	27721084	28277692	195	-3.8394
KEBAB_p_TCGASNP_226_227_N_GenomeWideSNP_6_G07_1151652	Y	28289727	28322019	13	-5.5623
KEBAB_p_TCGASNP_226_227_N_GenomeWideSNP_6_G07_1151652	Y	28322083	28452016	50	-3.7
KEBAB_p_TCGASNP_226_227_N_GenomeWideSNP_6_G07_1151652	Y	28457337	59018259	176	-2.7814
