Sample	Chromosome	Start	End	Num_Probes	Segment_Mean
KEBAB_p_TCGASNP_226_227_N_GenomeWideSNP_6_D09_1151584	1	61735	98588	16	-0.6852
KEBAB_p_TCGASNP_226_227_N_GenomeWideSNP_6_D09_1151584	1	98602	35091674	19141	0.0234
KEBAB_p_TCGASNP_226_227_N_GenomeWideSNP_6_D09_1151584	1	35102654	35104491	20	-0.612
KEBAB_p_TCGASNP_226_227_N_GenomeWideSNP_6_D09_1151584	1	35114268	72768418	23864	0.0097
KEBAB_p_TCGASNP_226_227_N_GenomeWideSNP_6_D09_1151584	1	72768498	72768916	2	-0.5279
KEBAB_p_TCGASNP_226_227_N_GenomeWideSNP_6_D09_1151584	1	72768936	72811148	45	-1.6386
KEBAB_p_TCGASNP_226_227_N_GenomeWideSNP_6_D09_1151584	1	72811904	75177284	1440	0.0036
KEBAB_p_TCGASNP_226_227_N_GenomeWideSNP_6_D09_1151584	1	75184418	75186369	2	-1.0953
KEBAB_p_TCGASNP_226_227_N_GenomeWideSNP_6_D09_1151584	1	75187501	76050844	488	0.0145
KEBAB_p_TCGASNP_226_227_N_GenomeWideSNP_6_D09_1151584	1	76054763	76054854	2	-3.0633
KEBAB_p_TCGASNP_226_227_N_GenomeWideSNP_6_D09_1151584	1	76059509	81888456	3852	2e-04
KEBAB_p_TCGASNP_226_227_N_GenomeWideSNP_6_D09_1151584	1	81888602	81888605	2	-1.405
KEBAB_p_TCGASNP_226_227_N_GenomeWideSNP_6_D09_1151584	1	81888667	94607607	8300	-0.0045
KEBAB_p_TCGASNP_226_227_N_GenomeWideSNP_6_D09_1151584	1	94609246	94609891	5	-0.9248
KEBAB_p_TCGASNP_226_227_N_GenomeWideSNP_6_D09_1151584	1	94610187	106013376	6943	-0.0013
KEBAB_p_TCGASNP_226_227_N_GenomeWideSNP_6_D09_1151584	1	106019205	106022375	17	0.7834
KEBAB_p_TCGASNP_226_227_N_GenomeWideSNP_6_D09_1151584	1	106024055	110227515	2669	-0.002
KEBAB_p_TCGASNP_226_227_N_GenomeWideSNP_6_D09_1151584	1	110232974	110244998	19	1.1911
KEBAB_p_TCGASNP_226_227_N_GenomeWideSNP_6_D09_1151584	1	110246126	144008335	7171	0.0107
KEBAB_p_TCGASNP_226_227_N_GenomeWideSNP_6_D09_1151584	1	144008375	145173031	231	0.3168
KEBAB_p_TCGASNP_226_227_N_GenomeWideSNP_6_D09_1151584	1	145173084	147831183	902	0.5293
KEBAB_p_TCGASNP_226_227_N_GenomeWideSNP_6_D09_1151584	1	147844790	148953996	56	0.1565
KEBAB_p_TCGASNP_226_227_N_GenomeWideSNP_6_D09_1151584	1	149024802	149202798	83	-0.722
KEBAB_p_TCGASNP_226_227_N_GenomeWideSNP_6_D09_1151584	1	149202878	149732591	111	-0.1904
KEBAB_p_TCGASNP_226_227_N_GenomeWideSNP_6_D09_1151584	1	149732625	152555176	1468	0.4944
KEBAB_p_TCGASNP_226_227_N_GenomeWideSNP_6_D09_1151584	1	152555527	152586594	36	1.0758
KEBAB_p_TCGASNP_226_227_N_GenomeWideSNP_6_D09_1151584	1	152590494	152759678	171	0.5468
KEBAB_p_TCGASNP_226_227_N_GenomeWideSNP_6_D09_1151584	1	152761923	152768700	37	1.1365
KEBAB_p_TCGASNP_226_227_N_GenomeWideSNP_6_D09_1151584	1	152773905	169216937	11338	0.5151
KEBAB_p_TCGASNP_226_227_N_GenomeWideSNP_6_D09_1151584	1	169233974	169241766	7	-2.2356
KEBAB_p_TCGASNP_226_227_N_GenomeWideSNP_6_D09_1151584	1	169242401	186943126	11685	0.5092
KEBAB_p_TCGASNP_226_227_N_GenomeWideSNP_6_D09_1151584	1	186945729	188296708	923	0.0131
KEBAB_p_TCGASNP_226_227_N_GenomeWideSNP_6_D09_1151584	1	188298285	188524302	152	0.272
KEBAB_p_TCGASNP_226_227_N_GenomeWideSNP_6_D09_1151584	1	188525296	188765276	144	0.0216
KEBAB_p_TCGASNP_226_227_N_GenomeWideSNP_6_D09_1151584	1	188769865	188889406	48	0.4458
KEBAB_p_TCGASNP_226_227_N_GenomeWideSNP_6_D09_1151584	1	188889793	189131846	182	-0.0128
KEBAB_p_TCGASNP_226_227_N_GenomeWideSNP_6_D09_1151584	1	189136242	194448234	3618	0.5112
KEBAB_p_TCGASNP_226_227_N_GenomeWideSNP_6_D09_1151584	1	194451411	194455018	2	2.0521
KEBAB_p_TCGASNP_226_227_N_GenomeWideSNP_6_D09_1151584	1	194457016	202567553	5249	0.5116
KEBAB_p_TCGASNP_226_227_N_GenomeWideSNP_6_D09_1151584	1	202567713	202567786	2	-0.993
KEBAB_p_TCGASNP_226_227_N_GenomeWideSNP_6_D09_1151584	1	202568542	208456813	3760	0.5182
KEBAB_p_TCGASNP_226_227_N_GenomeWideSNP_6_D09_1151584	1	208456880	210536278	1633	0.015
KEBAB_p_TCGASNP_226_227_N_GenomeWideSNP_6_D09_1151584	1	210537625	211484970	713	0.5209
KEBAB_p_TCGASNP_226_227_N_GenomeWideSNP_6_D09_1151584	1	211489187	214048289	1631	0.0067
KEBAB_p_TCGASNP_226_227_N_GenomeWideSNP_6_D09_1151584	1	214048890	214114866	59	0.4938
KEBAB_p_TCGASNP_226_227_N_GenomeWideSNP_6_D09_1151584	1	214124818	214255698	96	0.0317
KEBAB_p_TCGASNP_226_227_N_GenomeWideSNP_6_D09_1151584	1	214258230	214292127	26	0.5291
KEBAB_p_TCGASNP_226_227_N_GenomeWideSNP_6_D09_1151584	1	214293644	214756842	407	0.0145
KEBAB_p_TCGASNP_226_227_N_GenomeWideSNP_6_D09_1151584	1	214760319	242836169	19920	0.5128
KEBAB_p_TCGASNP_226_227_N_GenomeWideSNP_6_D09_1151584	1	242838799	243268406	252	-0.0082
KEBAB_p_TCGASNP_226_227_N_GenomeWideSNP_6_D09_1151584	1	243268959	249224388	3756	0.5177
KEBAB_p_TCGASNP_226_227_N_GenomeWideSNP_6_D09_1151584	2	12784	32330025	22471	0.014
KEBAB_p_TCGASNP_226_227_N_GenomeWideSNP_6_D09_1151584	2	32339561	34701583	1634	-0.359
KEBAB_p_TCGASNP_226_227_N_GenomeWideSNP_6_D09_1151584	2	34701625	34737057	43	0.1527
KEBAB_p_TCGASNP_226_227_N_GenomeWideSNP_6_D09_1151584	2	34737163	35968036	876	-0.3458
KEBAB_p_TCGASNP_226_227_N_GenomeWideSNP_6_D09_1151584	2	35975973	35987947	8	0.2721
KEBAB_p_TCGASNP_226_227_N_GenomeWideSNP_6_D09_1151584	2	35997473	36229113	181	-0.3735
KEBAB_p_TCGASNP_226_227_N_GenomeWideSNP_6_D09_1151584	2	36231047	36234293	2	-1.7849
KEBAB_p_TCGASNP_226_227_N_GenomeWideSNP_6_D09_1151584	2	36236169	36705747	471	-0.3624
KEBAB_p_TCGASNP_226_227_N_GenomeWideSNP_6_D09_1151584	2	36706289	36746271	37	0.0174
KEBAB_p_TCGASNP_226_227_N_GenomeWideSNP_6_D09_1151584	2	36746693	37169143	358	-0.3515
KEBAB_p_TCGASNP_226_227_N_GenomeWideSNP_6_D09_1151584	2	37172956	38954495	1271	0.0014
KEBAB_p_TCGASNP_226_227_N_GenomeWideSNP_6_D09_1151584	2	38955866	38972281	8	0.9511
KEBAB_p_TCGASNP_226_227_N_GenomeWideSNP_6_D09_1151584	2	38972826	50976171	8622	0.0103
KEBAB_p_TCGASNP_226_227_N_GenomeWideSNP_6_D09_1151584	2	50976459	50976852	5	-0.7403
KEBAB_p_TCGASNP_226_227_N_GenomeWideSNP_6_D09_1151584	2	50977979	52741737	1208	-0.0038
KEBAB_p_TCGASNP_226_227_N_GenomeWideSNP_6_D09_1151584	2	52743925	52764229	18	0.4277
KEBAB_p_TCGASNP_226_227_N_GenomeWideSNP_6_D09_1151584	2	52764255	58719389	4191	0.0064
KEBAB_p_TCGASNP_226_227_N_GenomeWideSNP_6_D09_1151584	2	58719393	62729674	2452	-0.3546
KEBAB_p_TCGASNP_226_227_N_GenomeWideSNP_6_D09_1151584	2	62741167	63008800	145	-0.033
KEBAB_p_TCGASNP_226_227_N_GenomeWideSNP_6_D09_1151584	2	63016196	67966200	3198	-0.3638
KEBAB_p_TCGASNP_226_227_N_GenomeWideSNP_6_D09_1151584	2	67970201	68975813	695	-0.0043
KEBAB_p_TCGASNP_226_227_N_GenomeWideSNP_6_D09_1151584	2	68975854	87455717	11410	-0.3585
KEBAB_p_TCGASNP_226_227_N_GenomeWideSNP_6_D09_1151584	2	87456862	87765018	80	-0.0975
KEBAB_p_TCGASNP_226_227_N_GenomeWideSNP_6_D09_1151584	2	87766225	91727980	899	-0.3505
KEBAB_p_TCGASNP_226_227_N_GenomeWideSNP_6_D09_1151584	2	91760827	92101322	80	-0.0863
KEBAB_p_TCGASNP_226_227_N_GenomeWideSNP_6_D09_1151584	2	92105338	92305784	35	-0.3884
KEBAB_p_TCGASNP_226_227_N_GenomeWideSNP_6_D09_1151584	2	95327887	98118212	904	0.0258
KEBAB_p_TCGASNP_226_227_N_GenomeWideSNP_6_D09_1151584	2	98140747	98162189	9	-1.0417
KEBAB_p_TCGASNP_226_227_N_GenomeWideSNP_6_D09_1151584	2	98166878	109269081	7069	0.0131
KEBAB_p_TCGASNP_226_227_N_GenomeWideSNP_6_D09_1151584	2	109276127	109330439	18	0.5126
KEBAB_p_TCGASNP_226_227_N_GenomeWideSNP_6_D09_1151584	2	109331640	110983681	698	0.025
KEBAB_p_TCGASNP_226_227_N_GenomeWideSNP_6_D09_1151584	2	111037146	111397799	19	-0.3807
KEBAB_p_TCGASNP_226_227_N_GenomeWideSNP_6_D09_1151584	2	111400662	112085449	413	0.0118
KEBAB_p_TCGASNP_226_227_N_GenomeWideSNP_6_D09_1151584	2	112088957	112188518	30	0.3177
KEBAB_p_TCGASNP_226_227_N_GenomeWideSNP_6_D09_1151584	2	112196233	154889809	26197	0.0094
KEBAB_p_TCGASNP_226_227_N_GenomeWideSNP_6_D09_1151584	2	154895975	154896482	2	-2.8073
KEBAB_p_TCGASNP_226_227_N_GenomeWideSNP_6_D09_1151584	2	154900223	194987693	24152	3e-04
KEBAB_p_TCGASNP_226_227_N_GenomeWideSNP_6_D09_1151584	2	194987867	194989558	2	-1.3144
KEBAB_p_TCGASNP_226_227_N_GenomeWideSNP_6_D09_1151584	2	194989600	208350191	7947	0.0047
KEBAB_p_TCGASNP_226_227_N_GenomeWideSNP_6_D09_1151584	2	208350247	208350262	2	-1.7499
KEBAB_p_TCGASNP_226_227_N_GenomeWideSNP_6_D09_1151584	2	208350319	209029320	414	-0.0078
KEBAB_p_TCGASNP_226_227_N_GenomeWideSNP_6_D09_1151584	2	209033581	209058397	15	-1.1536
KEBAB_p_TCGASNP_226_227_N_GenomeWideSNP_6_D09_1151584	2	209060563	237802747	18645	0.0118
KEBAB_p_TCGASNP_226_227_N_GenomeWideSNP_6_D09_1151584	2	237802804	237804092	10	-0.5494
KEBAB_p_TCGASNP_226_227_N_GenomeWideSNP_6_D09_1151584	2	237804122	242486349	2882	0.0257
KEBAB_p_TCGASNP_226_227_N_GenomeWideSNP_6_D09_1151584	2	242486535	242486694	2	-1.2057
KEBAB_p_TCGASNP_226_227_N_GenomeWideSNP_6_D09_1151584	2	242486812	243089456	195	0.0165
KEBAB_p_TCGASNP_226_227_N_GenomeWideSNP_6_D09_1151584	3	60345	1584466	1331	0.0111
KEBAB_p_TCGASNP_226_227_N_GenomeWideSNP_6_D09_1151584	3	1584497	1584632	2	-1.3789
KEBAB_p_TCGASNP_226_227_N_GenomeWideSNP_6_D09_1151584	3	1587151	8117179	5826	0.0058
KEBAB_p_TCGASNP_226_227_N_GenomeWideSNP_6_D09_1151584	3	8117950	9360211	1076	-0.3502
KEBAB_p_TCGASNP_226_227_N_GenomeWideSNP_6_D09_1151584	3	9362670	12980297	2493	0.2891
KEBAB_p_TCGASNP_226_227_N_GenomeWideSNP_6_D09_1151584	3	12984199	13806135	607	-0.3289
KEBAB_p_TCGASNP_226_227_N_GenomeWideSNP_6_D09_1151584	3	13807781	16239063	1610	0.292
KEBAB_p_TCGASNP_226_227_N_GenomeWideSNP_6_D09_1151584	3	16240556	16241179	6	-0.4883
KEBAB_p_TCGASNP_226_227_N_GenomeWideSNP_6_D09_1151584	3	16241325	20313125	2357	0.269
KEBAB_p_TCGASNP_226_227_N_GenomeWideSNP_6_D09_1151584	3	20315122	20316083	2	-0.8863
KEBAB_p_TCGASNP_226_227_N_GenomeWideSNP_6_D09_1151584	3	20328081	22255478	1504	0.2985
KEBAB_p_TCGASNP_226_227_N_GenomeWideSNP_6_D09_1151584	3	22256143	24860295	1776	-0.3669
KEBAB_p_TCGASNP_226_227_N_GenomeWideSNP_6_D09_1151584	3	24864245	29410522	3382	0.2846
KEBAB_p_TCGASNP_226_227_N_GenomeWideSNP_6_D09_1151584	3	29413388	29531716	133	-0.391
KEBAB_p_TCGASNP_226_227_N_GenomeWideSNP_6_D09_1151584	3	29532224	37977417	5587	0.0013
KEBAB_p_TCGASNP_226_227_N_GenomeWideSNP_6_D09_1151584	3	37982108	37986928	18	-4.7519
KEBAB_p_TCGASNP_226_227_N_GenomeWideSNP_6_D09_1151584	3	37987106	49161004	6489	0.0064
KEBAB_p_TCGASNP_226_227_N_GenomeWideSNP_6_D09_1151584	3	49165916	49638736	156	-0.307
KEBAB_p_TCGASNP_226_227_N_GenomeWideSNP_6_D09_1151584	3	49641924	52236077	1063	0.0164
KEBAB_p_TCGASNP_226_227_N_GenomeWideSNP_6_D09_1151584	3	52236762	52799638	225	-0.3852
KEBAB_p_TCGASNP_226_227_N_GenomeWideSNP_6_D09_1151584	3	52804559	53022924	142	0.0234
KEBAB_p_TCGASNP_226_227_N_GenomeWideSNP_6_D09_1151584	3	53022949	53039116	39	-0.6156
KEBAB_p_TCGASNP_226_227_N_GenomeWideSNP_6_D09_1151584	3	53039217	53454680	241	0.0144
KEBAB_p_TCGASNP_226_227_N_GenomeWideSNP_6_D09_1151584	3	53456422	53763390	236	-0.3741
KEBAB_p_TCGASNP_226_227_N_GenomeWideSNP_6_D09_1151584	3	53767689	68746164	11557	0.0122
KEBAB_p_TCGASNP_226_227_N_GenomeWideSNP_6_D09_1151584	3	68746259	68747413	14	-1.7351
KEBAB_p_TCGASNP_226_227_N_GenomeWideSNP_6_D09_1151584	3	68748758	74635097	4471	0.008
KEBAB_p_TCGASNP_226_227_N_GenomeWideSNP_6_D09_1151584	3	74646892	74649203	4	-0.8099
KEBAB_p_TCGASNP_226_227_N_GenomeWideSNP_6_D09_1151584	3	74649989	84699793	5469	0.0063
KEBAB_p_TCGASNP_226_227_N_GenomeWideSNP_6_D09_1151584	3	84699871	84702136	12	-0.5239
KEBAB_p_TCGASNP_226_227_N_GenomeWideSNP_6_D09_1151584	3	84702161	97909125	5401	0.0056
KEBAB_p_TCGASNP_226_227_N_GenomeWideSNP_6_D09_1151584	3	97913425	97914817	2	-1.2091
KEBAB_p_TCGASNP_226_227_N_GenomeWideSNP_6_D09_1151584	3	97915948	98944476	596	-0.0124
KEBAB_p_TCGASNP_226_227_N_GenomeWideSNP_6_D09_1151584	3	98944511	98949421	36	-0.6176
KEBAB_p_TCGASNP_226_227_N_GenomeWideSNP_6_D09_1151584	3	98950964	107706887	5237	3e-04
KEBAB_p_TCGASNP_226_227_N_GenomeWideSNP_6_D09_1151584	3	107707000	107707753	7	-0.7126
KEBAB_p_TCGASNP_226_227_N_GenomeWideSNP_6_D09_1151584	3	107708633	128384523	12862	-1e-04
KEBAB_p_TCGASNP_226_227_N_GenomeWideSNP_6_D09_1151584	3	128386602	128414161	15	0.7063
KEBAB_p_TCGASNP_226_227_N_GenomeWideSNP_6_D09_1151584	3	128421166	129785940	630	-3e-04
KEBAB_p_TCGASNP_226_227_N_GenomeWideSNP_6_D09_1151584	3	129786209	129806924	47	0.5989
KEBAB_p_TCGASNP_226_227_N_GenomeWideSNP_6_D09_1151584	3	129806998	136019099	4035	0.0105
KEBAB_p_TCGASNP_226_227_N_GenomeWideSNP_6_D09_1151584	3	136022951	136025426	2	1.3475
KEBAB_p_TCGASNP_226_227_N_GenomeWideSNP_6_D09_1151584	3	136038541	162532950	16269	8e-04
KEBAB_p_TCGASNP_226_227_N_GenomeWideSNP_6_D09_1151584	3	162534730	162540009	4	1.256
KEBAB_p_TCGASNP_226_227_N_GenomeWideSNP_6_D09_1151584	3	162540473	162540490	2	4.7411
KEBAB_p_TCGASNP_226_227_N_GenomeWideSNP_6_D09_1151584	3	162545716	162623881	45	-0.046
KEBAB_p_TCGASNP_226_227_N_GenomeWideSNP_6_D09_1151584	3	162623897	162626603	5	-0.9706
KEBAB_p_TCGASNP_226_227_N_GenomeWideSNP_6_D09_1151584	3	162628614	175080611	7664	-0.006
KEBAB_p_TCGASNP_226_227_N_GenomeWideSNP_6_D09_1151584	3	175080747	175081325	5	-1.1374
KEBAB_p_TCGASNP_226_227_N_GenomeWideSNP_6_D09_1151584	3	175086788	180476283	3354	-0.0052
KEBAB_p_TCGASNP_226_227_N_GenomeWideSNP_6_D09_1151584	3	180477295	180477503	2	-2.0707
KEBAB_p_TCGASNP_226_227_N_GenomeWideSNP_6_D09_1151584	3	180479157	197896118	10888	0.0056
KEBAB_p_TCGASNP_226_227_N_GenomeWideSNP_6_D09_1151584	4	12281	10210390	5806	0.0284
KEBAB_p_TCGASNP_226_227_N_GenomeWideSNP_6_D09_1151584	4	10223416	10235268	35	0.3144
KEBAB_p_TCGASNP_226_227_N_GenomeWideSNP_6_D09_1151584	4	10236142	10390715	171	-0.0503
KEBAB_p_TCGASNP_226_227_N_GenomeWideSNP_6_D09_1151584	4	10392354	10400668	16	-2.5764
KEBAB_p_TCGASNP_226_227_N_GenomeWideSNP_6_D09_1151584	4	10402718	34778962	16800	0.0051
KEBAB_p_TCGASNP_226_227_N_GenomeWideSNP_6_D09_1151584	4	34778975	34829928	46	0.6064
KEBAB_p_TCGASNP_226_227_N_GenomeWideSNP_6_D09_1151584	4	34829949	64697517	16586	0.0045
KEBAB_p_TCGASNP_226_227_N_GenomeWideSNP_6_D09_1151584	4	64697530	64708258	27	0.3263
KEBAB_p_TCGASNP_226_227_N_GenomeWideSNP_6_D09_1151584	4	64716431	70123510	3271	-0.0067
KEBAB_p_TCGASNP_226_227_N_GenomeWideSNP_6_D09_1151584	4	70127644	70232022	55	-0.6032
KEBAB_p_TCGASNP_226_227_N_GenomeWideSNP_6_D09_1151584	4	70232124	72859725	1547	0.0022
KEBAB_p_TCGASNP_226_227_N_GenomeWideSNP_6_D09_1151584	4	72861686	72873553	7	-0.6403
KEBAB_p_TCGASNP_226_227_N_GenomeWideSNP_6_D09_1151584	4	72881796	86823705	8786	0.0017
KEBAB_p_TCGASNP_226_227_N_GenomeWideSNP_6_D09_1151584	4	86825557	86831114	4	-1.3376
KEBAB_p_TCGASNP_226_227_N_GenomeWideSNP_6_D09_1151584	4	86835805	115173700	17023	-7e-04
KEBAB_p_TCGASNP_226_227_N_GenomeWideSNP_6_D09_1151584	4	115175323	115182175	23	0.7804
KEBAB_p_TCGASNP_226_227_N_GenomeWideSNP_6_D09_1151584	4	115184229	125459405	6114	-0.0015
KEBAB_p_TCGASNP_226_227_N_GenomeWideSNP_6_D09_1151584	4	125460351	125462935	3	-1.5063
KEBAB_p_TCGASNP_226_227_N_GenomeWideSNP_6_D09_1151584	4	125463025	172369346	28621	-0.003
KEBAB_p_TCGASNP_226_227_N_GenomeWideSNP_6_D09_1151584	4	172374884	172377724	11	1.0221
KEBAB_p_TCGASNP_226_227_N_GenomeWideSNP_6_D09_1151584	4	172377776	191027923	12532	0.0052
KEBAB_p_TCGASNP_226_227_N_GenomeWideSNP_6_D09_1151584	5	15532	6137463	4853	0.0231
KEBAB_p_TCGASNP_226_227_N_GenomeWideSNP_6_D09_1151584	5	6138166	6139075	3	-1.7805
KEBAB_p_TCGASNP_226_227_N_GenomeWideSNP_6_D09_1151584	5	6140778	12815780	5372	0.0141
KEBAB_p_TCGASNP_226_227_N_GenomeWideSNP_6_D09_1151584	5	12815865	12826650	10	0.9585
KEBAB_p_TCGASNP_226_227_N_GenomeWideSNP_6_D09_1151584	5	12833857	15718492	1977	0.0195
KEBAB_p_TCGASNP_226_227_N_GenomeWideSNP_6_D09_1151584	5	15719222	15720597	11	-0.8852
KEBAB_p_TCGASNP_226_227_N_GenomeWideSNP_6_D09_1151584	5	15723346	46251306	18578	0.0015
KEBAB_p_TCGASNP_226_227_N_GenomeWideSNP_6_D09_1151584	5	46271008	46273502	8	0.9867
KEBAB_p_TCGASNP_226_227_N_GenomeWideSNP_6_D09_1151584	5	46278212	57326280	5084	-8e-04
KEBAB_p_TCGASNP_226_227_N_GenomeWideSNP_6_D09_1151584	5	57329115	57332916	25	-0.7123
KEBAB_p_TCGASNP_226_227_N_GenomeWideSNP_6_D09_1151584	5	57332955	68846303	7307	-0.0024
KEBAB_p_TCGASNP_226_227_N_GenomeWideSNP_6_D09_1151584	5	68867294	69118135	5	-1.1745
KEBAB_p_TCGASNP_226_227_N_GenomeWideSNP_6_D09_1151584	5	69233427	103851221	19554	-0.006
KEBAB_p_TCGASNP_226_227_N_GenomeWideSNP_6_D09_1151584	5	103860373	103860604	4	-1.5931
KEBAB_p_TCGASNP_226_227_N_GenomeWideSNP_6_D09_1151584	5	103861049	180790320	50326	0.0028
KEBAB_p_TCGASNP_226_227_N_GenomeWideSNP_6_D09_1151584	6	149661	254283	101	0.0258
KEBAB_p_TCGASNP_226_227_N_GenomeWideSNP_6_D09_1151584	6	257353	294725	21	-0.5174
KEBAB_p_TCGASNP_226_227_N_GenomeWideSNP_6_D09_1151584	6	294837	29837072	21614	0.0051
KEBAB_p_TCGASNP_226_227_N_GenomeWideSNP_6_D09_1151584	6	29837187	29850380	20	-0.7456
KEBAB_p_TCGASNP_226_227_N_GenomeWideSNP_6_D09_1151584	6	29871636	30285121	205	0.0154
KEBAB_p_TCGASNP_226_227_N_GenomeWideSNP_6_D09_1151584	6	30285405	30301600	4	-1.0548
KEBAB_p_TCGASNP_226_227_N_GenomeWideSNP_6_D09_1151584	6	30306306	32452929	980	0.0106
KEBAB_p_TCGASNP_226_227_N_GenomeWideSNP_6_D09_1151584	6	32454275	32501299	16	1.454
KEBAB_p_TCGASNP_226_227_N_GenomeWideSNP_6_D09_1151584	6	32508476	32690027	96	0.0979
KEBAB_p_TCGASNP_226_227_N_GenomeWideSNP_6_D09_1151584	6	32690797	32690830	3	1.4391
KEBAB_p_TCGASNP_226_227_N_GenomeWideSNP_6_D09_1151584	6	32692227	34125281	887	0.0116
KEBAB_p_TCGASNP_226_227_N_GenomeWideSNP_6_D09_1151584	6	34125554	34138089	8	-0.5142
KEBAB_p_TCGASNP_226_227_N_GenomeWideSNP_6_D09_1151584	6	34138302	39975291	3727	0.0076
KEBAB_p_TCGASNP_226_227_N_GenomeWideSNP_6_D09_1151584	6	39980359	39982354	4	-0.8749
KEBAB_p_TCGASNP_226_227_N_GenomeWideSNP_6_D09_1151584	6	39985748	53396162	8640	0.0083
KEBAB_p_TCGASNP_226_227_N_GenomeWideSNP_6_D09_1151584	6	53398160	53400900	3	-1.6012
KEBAB_p_TCGASNP_226_227_N_GenomeWideSNP_6_D09_1151584	6	53401903	53931084	430	0.0094
KEBAB_p_TCGASNP_226_227_N_GenomeWideSNP_6_D09_1151584	6	53931151	53931855	7	-1.5595
KEBAB_p_TCGASNP_226_227_N_GenomeWideSNP_6_D09_1151584	6	53935348	77014948	11996	0.0088
KEBAB_p_TCGASNP_226_227_N_GenomeWideSNP_6_D09_1151584	6	77016900	77016926	3	-1.2735
KEBAB_p_TCGASNP_226_227_N_GenomeWideSNP_6_D09_1151584	6	77016993	77436532	296	-0.0191
KEBAB_p_TCGASNP_226_227_N_GenomeWideSNP_6_D09_1151584	6	77439868	77452673	19	-0.6278
KEBAB_p_TCGASNP_226_227_N_GenomeWideSNP_6_D09_1151584	6	77452689	78962889	982	-0.0034
KEBAB_p_TCGASNP_226_227_N_GenomeWideSNP_6_D09_1151584	6	78969065	79041633	114	-0.4469
KEBAB_p_TCGASNP_226_227_N_GenomeWideSNP_6_D09_1151584	6	79041719	171051005	59779	0.0018
KEBAB_p_TCGASNP_226_227_N_GenomeWideSNP_6_D09_1151584	7	43355	3610915	1630	0.0261
KEBAB_p_TCGASNP_226_227_N_GenomeWideSNP_6_D09_1151584	7	3612067	3614800	22	-1.1461
KEBAB_p_TCGASNP_226_227_N_GenomeWideSNP_6_D09_1151584	7	3618010	26132290	17226	0.0051
KEBAB_p_TCGASNP_226_227_N_GenomeWideSNP_6_D09_1151584	7	26142392	26145413	4	-0.9484
KEBAB_p_TCGASNP_226_227_N_GenomeWideSNP_6_D09_1151584	7	26147219	54380373	19699	0.0086
KEBAB_p_TCGASNP_226_227_N_GenomeWideSNP_6_D09_1151584	7	54386505	54386517	6	-1.968
KEBAB_p_TCGASNP_226_227_N_GenomeWideSNP_6_D09_1151584	7	54393488	64568852	3140	0.0072
KEBAB_p_TCGASNP_226_227_N_GenomeWideSNP_6_D09_1151584	7	64594065	64595698	6	1.5698
KEBAB_p_TCGASNP_226_227_N_GenomeWideSNP_6_D09_1151584	7	64637128	65002683	185	0.0853
KEBAB_p_TCGASNP_226_227_N_GenomeWideSNP_6_D09_1151584	7	65004474	65026492	3	-1.4118
KEBAB_p_TCGASNP_226_227_N_GenomeWideSNP_6_D09_1151584	7	65051738	70420438	2966	0.025
KEBAB_p_TCGASNP_226_227_N_GenomeWideSNP_6_D09_1151584	7	70423250	70426141	2	-2.7612
KEBAB_p_TCGASNP_226_227_N_GenomeWideSNP_6_D09_1151584	7	70428243	97385933	15860	-0.0074
KEBAB_p_TCGASNP_226_227_N_GenomeWideSNP_6_D09_1151584	7	97385970	97402475	17	-0.5849
KEBAB_p_TCGASNP_226_227_N_GenomeWideSNP_6_D09_1151584	7	97404240	101052486	1552	0.0041
KEBAB_p_TCGASNP_226_227_N_GenomeWideSNP_6_D09_1151584	7	101059732	101059949	2	-2.4547
KEBAB_p_TCGASNP_226_227_N_GenomeWideSNP_6_D09_1151584	7	101062911	109433798	5080	-0.01
KEBAB_p_TCGASNP_226_227_N_GenomeWideSNP_6_D09_1151584	7	109437092	109437772	15	-0.8125
KEBAB_p_TCGASNP_226_227_N_GenomeWideSNP_6_D09_1151584	7	109437774	109441244	10	-0.1333
KEBAB_p_TCGASNP_226_227_N_GenomeWideSNP_6_D09_1151584	7	109441629	109453910	10	-2.2929
KEBAB_p_TCGASNP_226_227_N_GenomeWideSNP_6_D09_1151584	7	109453982	121187701	7071	-0.0149
KEBAB_p_TCGASNP_226_227_N_GenomeWideSNP_6_D09_1151584	7	121188478	121199586	7	-0.6741
KEBAB_p_TCGASNP_226_227_N_GenomeWideSNP_6_D09_1151584	7	121201292	143216852	13896	-0.006
KEBAB_p_TCGASNP_226_227_N_GenomeWideSNP_6_D09_1151584	7	143217246	143532868	92	0.2422
KEBAB_p_TCGASNP_226_227_N_GenomeWideSNP_6_D09_1151584	7	143532978	155464029	7693	5e-04
KEBAB_p_TCGASNP_226_227_N_GenomeWideSNP_6_D09_1151584	7	155465863	155469636	3	1.0742
KEBAB_p_TCGASNP_226_227_N_GenomeWideSNP_6_D09_1151584	7	155475736	159117446	2308	0.0167
KEBAB_p_TCGASNP_226_227_N_GenomeWideSNP_6_D09_1151584	7	159117493	159127004	16	-0.9891
KEBAB_p_TCGASNP_226_227_N_GenomeWideSNP_6_D09_1151584	8	31254	2247827	1650	0.0299
KEBAB_p_TCGASNP_226_227_N_GenomeWideSNP_6_D09_1151584	8	2254638	2259358	12	-2.4176
KEBAB_p_TCGASNP_226_227_N_GenomeWideSNP_6_D09_1151584	8	2270328	2296727	64	0.041
KEBAB_p_TCGASNP_226_227_N_GenomeWideSNP_6_D09_1151584	8	2296933	2297291	5	0.8103
KEBAB_p_TCGASNP_226_227_N_GenomeWideSNP_6_D09_1151584	8	2301535	2701934	391	0.0172
KEBAB_p_TCGASNP_226_227_N_GenomeWideSNP_6_D09_1151584	8	2703533	2703899	7	-1.3922
KEBAB_p_TCGASNP_226_227_N_GenomeWideSNP_6_D09_1151584	8	2707171	3784187	1308	0.0086
KEBAB_p_TCGASNP_226_227_N_GenomeWideSNP_6_D09_1151584	8	3787083	3790106	23	-0.6219
KEBAB_p_TCGASNP_226_227_N_GenomeWideSNP_6_D09_1151584	8	3791218	7171097	4366	0.0181
KEBAB_p_TCGASNP_226_227_N_GenomeWideSNP_6_D09_1151584	8	7186632	7186646	2	2.11
KEBAB_p_TCGASNP_226_227_N_GenomeWideSNP_6_D09_1151584	8	7193821	7238019	25	0.0784
KEBAB_p_TCGASNP_226_227_N_GenomeWideSNP_6_D09_1151584	8	7250380	7831645	154	-0.409
KEBAB_p_TCGASNP_226_227_N_GenomeWideSNP_6_D09_1151584	8	7832054	11883257	3280	0.0203
KEBAB_p_TCGASNP_226_227_N_GenomeWideSNP_6_D09_1151584	8	11893228	12420300	118	-0.393
KEBAB_p_TCGASNP_226_227_N_GenomeWideSNP_6_D09_1151584	8	12422571	13535612	975	0.0047
KEBAB_p_TCGASNP_226_227_N_GenomeWideSNP_6_D09_1151584	8	13535708	13536020	2	-1.4123
KEBAB_p_TCGASNP_226_227_N_GenomeWideSNP_6_D09_1151584	8	13536022	14284264	763	0.0085
KEBAB_p_TCGASNP_226_227_N_GenomeWideSNP_6_D09_1151584	8	14284690	14286320	5	-0.7052
KEBAB_p_TCGASNP_226_227_N_GenomeWideSNP_6_D09_1151584	8	14286552	15779863	1374	0.0039
KEBAB_p_TCGASNP_226_227_N_GenomeWideSNP_6_D09_1151584	8	15784407	15788269	6	-0.855
KEBAB_p_TCGASNP_226_227_N_GenomeWideSNP_6_D09_1151584	8	15789001	18709153	2627	0.0095
KEBAB_p_TCGASNP_226_227_N_GenomeWideSNP_6_D09_1151584	8	18709842	18722529	9	-0.987
KEBAB_p_TCGASNP_226_227_N_GenomeWideSNP_6_D09_1151584	8	18726061	23402308	3527	0.0169
KEBAB_p_TCGASNP_226_227_N_GenomeWideSNP_6_D09_1151584	8	23407740	23407871	5	-0.8467
KEBAB_p_TCGASNP_226_227_N_GenomeWideSNP_6_D09_1151584	8	23407905	24974522	1144	0.0089
KEBAB_p_TCGASNP_226_227_N_GenomeWideSNP_6_D09_1151584	8	24974577	24984333	24	0.8364
KEBAB_p_TCGASNP_226_227_N_GenomeWideSNP_6_D09_1151584	8	24991104	27042160	1613	0.0143
KEBAB_p_TCGASNP_226_227_N_GenomeWideSNP_6_D09_1151584	8	27046310	27046401	2	-1.5789
KEBAB_p_TCGASNP_226_227_N_GenomeWideSNP_6_D09_1151584	8	27053642	39230659	7422	0.0081
KEBAB_p_TCGASNP_226_227_N_GenomeWideSNP_6_D09_1151584	8	39235603	39386965	59	-2.2092
KEBAB_p_TCGASNP_226_227_N_GenomeWideSNP_6_D09_1151584	8	39388299	72215311	17912	0.0105
KEBAB_p_TCGASNP_226_227_N_GenomeWideSNP_6_D09_1151584	8	72215364	72216026	3	-1.3057
KEBAB_p_TCGASNP_226_227_N_GenomeWideSNP_6_D09_1151584	8	72216138	78755329	4189	0.0059
KEBAB_p_TCGASNP_226_227_N_GenomeWideSNP_6_D09_1151584	8	78756303	78756512	2	-1.3123
KEBAB_p_TCGASNP_226_227_N_GenomeWideSNP_6_D09_1151584	8	78756643	109896670	18630	0.008
KEBAB_p_TCGASNP_226_227_N_GenomeWideSNP_6_D09_1151584	8	109899401	109900836	2	-1.6456
KEBAB_p_TCGASNP_226_227_N_GenomeWideSNP_6_D09_1151584	8	109900838	112291494	1310	-0.0078
KEBAB_p_TCGASNP_226_227_N_GenomeWideSNP_6_D09_1151584	8	112294279	112295081	7	-0.8765
KEBAB_p_TCGASNP_226_227_N_GenomeWideSNP_6_D09_1151584	8	112295202	112295260	3	-3.4291
KEBAB_p_TCGASNP_226_227_N_GenomeWideSNP_6_D09_1151584	8	112300281	129756266	11671	0.0097
KEBAB_p_TCGASNP_226_227_N_GenomeWideSNP_6_D09_1151584	8	129763135	129764085	2	-2.0271
KEBAB_p_TCGASNP_226_227_N_GenomeWideSNP_6_D09_1151584	8	129777454	143128774	10122	0.0199
KEBAB_p_TCGASNP_226_227_N_GenomeWideSNP_6_D09_1151584	8	143128775	143145547	10	-0.4588
KEBAB_p_TCGASNP_226_227_N_GenomeWideSNP_6_D09_1151584	8	143145749	143148417	2	-1.7998
KEBAB_p_TCGASNP_226_227_N_GenomeWideSNP_6_D09_1151584	8	143148811	146298155	1126	0.0319
KEBAB_p_TCGASNP_226_227_N_GenomeWideSNP_6_D09_1151584	9	46587	1062218	1023	0.0095
KEBAB_p_TCGASNP_226_227_N_GenomeWideSNP_6_D09_1151584	9	1062676	1138616	91	-1.1746
KEBAB_p_TCGASNP_226_227_N_GenomeWideSNP_6_D09_1151584	9	1141314	1231372	94	-0.011
KEBAB_p_TCGASNP_226_227_N_GenomeWideSNP_6_D09_1151584	9	1232401	1232509	2	-2.7193
KEBAB_p_TCGASNP_226_227_N_GenomeWideSNP_6_D09_1151584	9	1232971	2064563	998	0.0175
KEBAB_p_TCGASNP_226_227_N_GenomeWideSNP_6_D09_1151584	9	2064795	2064884	2	-1.2051
KEBAB_p_TCGASNP_226_227_N_GenomeWideSNP_6_D09_1151584	9	2066837	2147099	113	-0.0028
KEBAB_p_TCGASNP_226_227_N_GenomeWideSNP_6_D09_1151584	9	2148837	2150662	6	-1.0737
KEBAB_p_TCGASNP_226_227_N_GenomeWideSNP_6_D09_1151584	9	2152115	6654819	4022	0.0081
KEBAB_p_TCGASNP_226_227_N_GenomeWideSNP_6_D09_1151584	9	6654834	6661613	5	-0.6461
KEBAB_p_TCGASNP_226_227_N_GenomeWideSNP_6_D09_1151584	9	6663786	6695986	32	0.0875
KEBAB_p_TCGASNP_226_227_N_GenomeWideSNP_6_D09_1151584	9	6701145	6708357	7	-0.946
KEBAB_p_TCGASNP_226_227_N_GenomeWideSNP_6_D09_1151584	9	6712314	10403105	3587	0.0089
KEBAB_p_TCGASNP_226_227_N_GenomeWideSNP_6_D09_1151584	9	10404138	10404986	2	1.6433
KEBAB_p_TCGASNP_226_227_N_GenomeWideSNP_6_D09_1151584	9	10407943	12554856	1733	0.0097
KEBAB_p_TCGASNP_226_227_N_GenomeWideSNP_6_D09_1151584	9	12556594	12562294	3	-2.8269
KEBAB_p_TCGASNP_226_227_N_GenomeWideSNP_6_D09_1151584	9	12565520	29091097	13085	0.0098
KEBAB_p_TCGASNP_226_227_N_GenomeWideSNP_6_D09_1151584	9	29094549	29097680	3	-3.1319
KEBAB_p_TCGASNP_226_227_N_GenomeWideSNP_6_D09_1151584	9	29100799	39313820	6462	0.0087
KEBAB_p_TCGASNP_226_227_N_GenomeWideSNP_6_D09_1151584	9	39314082	39337293	11	0.5564
KEBAB_p_TCGASNP_226_227_N_GenomeWideSNP_6_D09_1151584	9	39342575	43072777	92	0.017
KEBAB_p_TCGASNP_226_227_N_GenomeWideSNP_6_D09_1151584	9	43084322	43790346	49	-0.4672
KEBAB_p_TCGASNP_226_227_N_GenomeWideSNP_6_D09_1151584	9	43800186	44629223	50	0.0941
KEBAB_p_TCGASNP_226_227_N_GenomeWideSNP_6_D09_1151584	9	44727859	44837527	34	0.5407
KEBAB_p_TCGASNP_226_227_N_GenomeWideSNP_6_D09_1151584	9	44840918	76038788	4096	0.0032
KEBAB_p_TCGASNP_226_227_N_GenomeWideSNP_6_D09_1151584	9	76040650	76045993	4	-0.8526
KEBAB_p_TCGASNP_226_227_N_GenomeWideSNP_6_D09_1151584	9	76048540	90522594	10529	0.0032
KEBAB_p_TCGASNP_226_227_N_GenomeWideSNP_6_D09_1151584	9	90554151	90554219	2	-1.7461
KEBAB_p_TCGASNP_226_227_N_GenomeWideSNP_6_D09_1151584	9	90557957	141091394	33779	0.0063
KEBAB_p_TCGASNP_226_227_N_GenomeWideSNP_6_D09_1151584	10	72759	24375263	19237	0.0054
KEBAB_p_TCGASNP_226_227_N_GenomeWideSNP_6_D09_1151584	10	24377674	24378054	11	0.7355
KEBAB_p_TCGASNP_226_227_N_GenomeWideSNP_6_D09_1151584	10	24378908	46961245	12356	0.0061
KEBAB_p_TCGASNP_226_227_N_GenomeWideSNP_6_D09_1151584	10	46961501	47055654	56	0.302
KEBAB_p_TCGASNP_226_227_N_GenomeWideSNP_6_D09_1151584	10	47055711	47062311	24	0.0307
KEBAB_p_TCGASNP_226_227_N_GenomeWideSNP_6_D09_1151584	10	47062414	47948060	268	0.4687
KEBAB_p_TCGASNP_226_227_N_GenomeWideSNP_6_D09_1151584	10	47960476	67307951	12795	0.0012
KEBAB_p_TCGASNP_226_227_N_GenomeWideSNP_6_D09_1151584	10	67308017	67314446	25	-2.1019
KEBAB_p_TCGASNP_226_227_N_GenomeWideSNP_6_D09_1151584	10	67322795	88944256	14459	0.0095
KEBAB_p_TCGASNP_226_227_N_GenomeWideSNP_6_D09_1151584	10	88945007	89195742	71	-0.4289
KEBAB_p_TCGASNP_226_227_N_GenomeWideSNP_6_D09_1151584	10	89210990	90304838	831	-0.828
KEBAB_p_TCGASNP_226_227_N_GenomeWideSNP_6_D09_1151584	10	90307397	92770145	1806	-0.3695
KEBAB_p_TCGASNP_226_227_N_GenomeWideSNP_6_D09_1151584	10	92772368	92772522	2	-2.3819
KEBAB_p_TCGASNP_226_227_N_GenomeWideSNP_6_D09_1151584	10	92773249	92984783	216	-0.3676
KEBAB_p_TCGASNP_226_227_N_GenomeWideSNP_6_D09_1151584	10	92987262	134692110	28576	0.0127
KEBAB_p_TCGASNP_226_227_N_GenomeWideSNP_6_D09_1151584	10	134694685	134798249	52	0.995
KEBAB_p_TCGASNP_226_227_N_GenomeWideSNP_6_D09_1151584	10	134801017	135229141	133	0.0291
KEBAB_p_TCGASNP_226_227_N_GenomeWideSNP_6_D09_1151584	10	135229719	135229868	2	-2.2401
KEBAB_p_TCGASNP_226_227_N_GenomeWideSNP_6_D09_1151584	10	135232654	135506704	150	0.0343
KEBAB_p_TCGASNP_226_227_N_GenomeWideSNP_6_D09_1151584	11	198510	4968117	2476	0.0225
KEBAB_p_TCGASNP_226_227_N_GenomeWideSNP_6_D09_1151584	11	4968510	4976272	30	-1.8384
KEBAB_p_TCGASNP_226_227_N_GenomeWideSNP_6_D09_1151584	11	4976334	4977082	14	-0.5863
KEBAB_p_TCGASNP_226_227_N_GenomeWideSNP_6_D09_1151584	11	4978382	5783923	780	0.0151
KEBAB_p_TCGASNP_226_227_N_GenomeWideSNP_6_D09_1151584	11	5787405	5809338	34	-0.7068
KEBAB_p_TCGASNP_226_227_N_GenomeWideSNP_6_D09_1151584	11	5809461	7809678	1504	0.0115
KEBAB_p_TCGASNP_226_227_N_GenomeWideSNP_6_D09_1151584	11	7813040	7832258	7	-0.6993
KEBAB_p_TCGASNP_226_227_N_GenomeWideSNP_6_D09_1151584	11	7837009	18940856	7911	0.0112
KEBAB_p_TCGASNP_226_227_N_GenomeWideSNP_6_D09_1151584	11	18940870	18960750	38	0.4101
KEBAB_p_TCGASNP_226_227_N_GenomeWideSNP_6_D09_1151584	11	18961065	21846809	2617	0.0179
KEBAB_p_TCGASNP_226_227_N_GenomeWideSNP_6_D09_1151584	11	21846894	21848680	5	-0.8976
KEBAB_p_TCGASNP_226_227_N_GenomeWideSNP_6_D09_1151584	11	21848752	36979503	10737	0.0154
KEBAB_p_TCGASNP_226_227_N_GenomeWideSNP_6_D09_1151584	11	36979905	36993746	7	-0.657
KEBAB_p_TCGASNP_226_227_N_GenomeWideSNP_6_D09_1151584	11	36994390	49905711	7833	0.0128
KEBAB_p_TCGASNP_226_227_N_GenomeWideSNP_6_D09_1151584	11	49905730	49911790	4	-0.7598
KEBAB_p_TCGASNP_226_227_N_GenomeWideSNP_6_D09_1151584	11	49912768	50769317	268	0.029
KEBAB_p_TCGASNP_226_227_N_GenomeWideSNP_6_D09_1151584	11	51096372	51165185	5	0.8753
KEBAB_p_TCGASNP_226_227_N_GenomeWideSNP_6_D09_1151584	11	51176574	51337258	51	0.0218
KEBAB_p_TCGASNP_226_227_N_GenomeWideSNP_6_D09_1151584	11	51352990	51357245	3	-1.1293
KEBAB_p_TCGASNP_226_227_N_GenomeWideSNP_6_D09_1151584	11	51375310	55361431	328	0.0306
KEBAB_p_TCGASNP_226_227_N_GenomeWideSNP_6_D09_1151584	11	55363340	55447237	55	0.2895
KEBAB_p_TCGASNP_226_227_N_GenomeWideSNP_6_D09_1151584	11	55447332	74024257	9576	0.0148
KEBAB_p_TCGASNP_226_227_N_GenomeWideSNP_6_D09_1151584	11	74025289	74026228	2	-1.2785
KEBAB_p_TCGASNP_226_227_N_GenomeWideSNP_6_D09_1151584	11	74029530	74969855	552	0.0134
KEBAB_p_TCGASNP_226_227_N_GenomeWideSNP_6_D09_1151584	11	74971557	123521440	33575	-0.3583
KEBAB_p_TCGASNP_226_227_N_GenomeWideSNP_6_D09_1151584	11	123522721	123523107	4	-2.3677
KEBAB_p_TCGASNP_226_227_N_GenomeWideSNP_6_D09_1151584	11	123523358	134601791	8402	-0.3571
KEBAB_p_TCGASNP_226_227_N_GenomeWideSNP_6_D09_1151584	11	134602280	134602946	2	-3.6619
KEBAB_p_TCGASNP_226_227_N_GenomeWideSNP_6_D09_1151584	11	134607871	134944770	282	-0.3623
KEBAB_p_TCGASNP_226_227_N_GenomeWideSNP_6_D09_1151584	12	150442	865970	417	0.0216
KEBAB_p_TCGASNP_226_227_N_GenomeWideSNP_6_D09_1151584	12	869109	875354	19	-0.858
KEBAB_p_TCGASNP_226_227_N_GenomeWideSNP_6_D09_1151584	12	876246	8442285	5141	0.001
KEBAB_p_TCGASNP_226_227_N_GenomeWideSNP_6_D09_1151584	12	8449112	8449217	2	1.2981
KEBAB_p_TCGASNP_226_227_N_GenomeWideSNP_6_D09_1151584	12	8453466	27645986	13085	-0.0148
KEBAB_p_TCGASNP_226_227_N_GenomeWideSNP_6_D09_1151584	12	27645992	27651362	29	-0.9638
KEBAB_p_TCGASNP_226_227_N_GenomeWideSNP_6_D09_1151584	12	27657161	33294660	4174	0.0072
KEBAB_p_TCGASNP_226_227_N_GenomeWideSNP_6_D09_1151584	12	33301406	33308459	30	-0.6049
KEBAB_p_TCGASNP_226_227_N_GenomeWideSNP_6_D09_1151584	12	33308497	45899825	5617	0.0018
KEBAB_p_TCGASNP_226_227_N_GenomeWideSNP_6_D09_1151584	12	45904438	45909537	4	-1.5958
KEBAB_p_TCGASNP_226_227_N_GenomeWideSNP_6_D09_1151584	12	45913292	99795293	33752	-0.0029
KEBAB_p_TCGASNP_226_227_N_GenomeWideSNP_6_D09_1151584	12	99795468	99803093	31	0.3564
KEBAB_p_TCGASNP_226_227_N_GenomeWideSNP_6_D09_1151584	12	99803118	114402567	9359	0.0057
KEBAB_p_TCGASNP_226_227_N_GenomeWideSNP_6_D09_1151584	12	114404462	119983825	4313	-0.35
KEBAB_p_TCGASNP_226_227_N_GenomeWideSNP_6_D09_1151584	12	119988887	119990761	16	-1.4209
KEBAB_p_TCGASNP_226_227_N_GenomeWideSNP_6_D09_1151584	12	119994041	125486750	2736	-0.3457
KEBAB_p_TCGASNP_226_227_N_GenomeWideSNP_6_D09_1151584	12	125486797	125486837	2	-2.846
KEBAB_p_TCGASNP_226_227_N_GenomeWideSNP_6_D09_1151584	12	125489393	125583913	60	-0.3634
KEBAB_p_TCGASNP_226_227_N_GenomeWideSNP_6_D09_1151584	12	125588197	132120715	5688	0.0242
KEBAB_p_TCGASNP_226_227_N_GenomeWideSNP_6_D09_1151584	12	132132584	132133335	13	-2.0831
KEBAB_p_TCGASNP_226_227_N_GenomeWideSNP_6_D09_1151584	12	132142331	133778189	572	0.0143
KEBAB_p_TCGASNP_226_227_N_GenomeWideSNP_6_D09_1151584	13	19026949	23629177	2894	0.0182
KEBAB_p_TCGASNP_226_227_N_GenomeWideSNP_6_D09_1151584	13	23629187	23633515	14	-0.6624
KEBAB_p_TCGASNP_226_227_N_GenomeWideSNP_6_D09_1151584	13	23638195	57751096	23221	0.0045
KEBAB_p_TCGASNP_226_227_N_GenomeWideSNP_6_D09_1151584	13	57758270	57778368	33	-0.7996
KEBAB_p_TCGASNP_226_227_N_GenomeWideSNP_6_D09_1151584	13	57778380	72476988	9002	0.0044
KEBAB_p_TCGASNP_226_227_N_GenomeWideSNP_6_D09_1151584	13	72477555	72480556	4	-3.2817
KEBAB_p_TCGASNP_226_227_N_GenomeWideSNP_6_D09_1151584	13	72480605	115108397	29136	0.0025
KEBAB_p_TCGASNP_226_227_N_GenomeWideSNP_6_D09_1151584	14	19002124	19422533	29	-0.1939
KEBAB_p_TCGASNP_226_227_N_GenomeWideSNP_6_D09_1151584	14	19432799	19693249	21	0.8163
KEBAB_p_TCGASNP_226_227_N_GenomeWideSNP_6_D09_1151584	14	19697885	19846877	14	0.108
KEBAB_p_TCGASNP_226_227_N_GenomeWideSNP_6_D09_1151584	14	19849591	20010913	9	0.6194
KEBAB_p_TCGASNP_226_227_N_GenomeWideSNP_6_D09_1151584	14	20037146	20135224	5	-0.6517
KEBAB_p_TCGASNP_226_227_N_GenomeWideSNP_6_D09_1151584	14	20137346	20420239	110	0.2163
KEBAB_p_TCGASNP_226_227_N_GenomeWideSNP_6_D09_1151584	14	20422583	24478894	2759	-0.0155
KEBAB_p_TCGASNP_226_227_N_GenomeWideSNP_6_D09_1151584	14	24479387	24488143	6	-0.6422
KEBAB_p_TCGASNP_226_227_N_GenomeWideSNP_6_D09_1151584	14	24488396	38119850	8733	0.0121
KEBAB_p_TCGASNP_226_227_N_GenomeWideSNP_6_D09_1151584	14	38122489	38138176	8	-0.7619
KEBAB_p_TCGASNP_226_227_N_GenomeWideSNP_6_D09_1151584	14	38139170	38358206	111	-0.014
KEBAB_p_TCGASNP_226_227_N_GenomeWideSNP_6_D09_1151584	14	38362430	38364852	4	-1.1409
KEBAB_p_TCGASNP_226_227_N_GenomeWideSNP_6_D09_1151584	14	38367230	70013979	19893	0.0056
KEBAB_p_TCGASNP_226_227_N_GenomeWideSNP_6_D09_1151584	14	70018047	70022726	11	-0.7624
KEBAB_p_TCGASNP_226_227_N_GenomeWideSNP_6_D09_1151584	14	70022944	82470729	8194	0.0129
KEBAB_p_TCGASNP_226_227_N_GenomeWideSNP_6_D09_1151584	14	82471133	82474438	2	-1.2077
KEBAB_p_TCGASNP_226_227_N_GenomeWideSNP_6_D09_1151584	14	82475149	97143392	9895	0.0125
KEBAB_p_TCGASNP_226_227_N_GenomeWideSNP_6_D09_1151584	14	97143881	97144242	2	-1.0505
KEBAB_p_TCGASNP_226_227_N_GenomeWideSNP_6_D09_1151584	14	97144914	99663847	2162	0.0155
KEBAB_p_TCGASNP_226_227_N_GenomeWideSNP_6_D09_1151584	14	99664984	99666400	3	-1.9331
KEBAB_p_TCGASNP_226_227_N_GenomeWideSNP_6_D09_1151584	14	99667687	106689549	3249	0.0203
KEBAB_p_TCGASNP_226_227_N_GenomeWideSNP_6_D09_1151584	14	106692797	106751284	29	-0.2396
KEBAB_p_TCGASNP_226_227_N_GenomeWideSNP_6_D09_1151584	14	106753859	106753867	3	-1.432
KEBAB_p_TCGASNP_226_227_N_GenomeWideSNP_6_D09_1151584	14	106754003	106872062	54	0.0887
KEBAB_p_TCGASNP_226_227_N_GenomeWideSNP_6_D09_1151584	14	106874361	106918108	52	-0.5136
KEBAB_p_TCGASNP_226_227_N_GenomeWideSNP_6_D09_1151584	14	106918649	107285437	224	0.0654
KEBAB_p_TCGASNP_226_227_N_GenomeWideSNP_6_D09_1151584	15	20016328	20247155	52	-0.0095
KEBAB_p_TCGASNP_226_227_N_GenomeWideSNP_6_D09_1151584	15	20262236	20581564	53	-0.8234
KEBAB_p_TCGASNP_226_227_N_GenomeWideSNP_6_D09_1151584	15	20585988	20586957	12	-2.7433
KEBAB_p_TCGASNP_226_227_N_GenomeWideSNP_6_D09_1151584	15	20590027	22280477	191	-0.8859
KEBAB_p_TCGASNP_226_227_N_GenomeWideSNP_6_D09_1151584	15	22284954	22543492	99	-0.059
KEBAB_p_TCGASNP_226_227_N_GenomeWideSNP_6_D09_1151584	15	22548025	22681076	17	-0.5423
KEBAB_p_TCGASNP_226_227_N_GenomeWideSNP_6_D09_1151584	15	22681250	24674887	1005	0.0011
KEBAB_p_TCGASNP_226_227_N_GenomeWideSNP_6_D09_1151584	15	24675133	24730995	41	-0.382
KEBAB_p_TCGASNP_226_227_N_GenomeWideSNP_6_D09_1151584	15	24731872	27602392	2091	0.0267
KEBAB_p_TCGASNP_226_227_N_GenomeWideSNP_6_D09_1151584	15	27604735	29009054	722	-0.3369
KEBAB_p_TCGASNP_226_227_N_GenomeWideSNP_6_D09_1151584	15	29010269	30358439	809	0.0137
KEBAB_p_TCGASNP_226_227_N_GenomeWideSNP_6_D09_1151584	15	30362487	30920624	119	0.3396
KEBAB_p_TCGASNP_226_227_N_GenomeWideSNP_6_D09_1151584	15	30925605	81988539	32434	0.0091
KEBAB_p_TCGASNP_226_227_N_GenomeWideSNP_6_D09_1151584	15	81995868	82089071	59	0.6519
KEBAB_p_TCGASNP_226_227_N_GenomeWideSNP_6_D09_1151584	15	82089191	102469040	14357	0.0134
KEBAB_p_TCGASNP_226_227_N_GenomeWideSNP_6_D09_1151584	16	60777	201389	92	0.2963
KEBAB_p_TCGASNP_226_227_N_GenomeWideSNP_6_D09_1151584	16	204944	221057	7	1.0459
KEBAB_p_TCGASNP_226_227_N_GenomeWideSNP_6_D09_1151584	16	232086	15048768	11041	0.3038
KEBAB_p_TCGASNP_226_227_N_GenomeWideSNP_6_D09_1151584	16	15048844	15116257	62	-0.0577
KEBAB_p_TCGASNP_226_227_N_GenomeWideSNP_6_D09_1151584	16	15125441	16362362	588	0.2886
KEBAB_p_TCGASNP_226_227_N_GenomeWideSNP_6_D09_1151584	16	16363225	16513279	4	1.2703
KEBAB_p_TCGASNP_226_227_N_GenomeWideSNP_6_D09_1151584	16	16513638	18167517	1005	0.3086
KEBAB_p_TCGASNP_226_227_N_GenomeWideSNP_6_D09_1151584	16	18172481	18247290	10	-0.2571
KEBAB_p_TCGASNP_226_227_N_GenomeWideSNP_6_D09_1151584	16	18255924	29279750	6346	0.3021
KEBAB_p_TCGASNP_226_227_N_GenomeWideSNP_6_D09_1151584	16	29280524	29281055	3	-1.5508
KEBAB_p_TCGASNP_226_227_N_GenomeWideSNP_6_D09_1151584	16	29281765	32554239	998	0.2605
KEBAB_p_TCGASNP_226_227_N_GenomeWideSNP_6_D09_1151584	16	32554255	32588622	13	-0.1155
KEBAB_p_TCGASNP_226_227_N_GenomeWideSNP_6_D09_1151584	16	32588901	32588909	5	-3.7166
KEBAB_p_TCGASNP_226_227_N_GenomeWideSNP_6_D09_1151584	16	32609274	33241953	77	0.1027
KEBAB_p_TCGASNP_226_227_N_GenomeWideSNP_6_D09_1151584	16	33300894	33627826	88	-0.118
KEBAB_p_TCGASNP_226_227_N_GenomeWideSNP_6_D09_1151584	16	33631830	34012168	62	0.2072
KEBAB_p_TCGASNP_226_227_N_GenomeWideSNP_6_D09_1151584	16	34197351	34567212	207	-0.3783
KEBAB_p_TCGASNP_226_227_N_GenomeWideSNP_6_D09_1151584	16	34575707	34657066	55	0.0069
KEBAB_p_TCGASNP_226_227_N_GenomeWideSNP_6_D09_1151584	16	34663450	55795048	6662	-0.3422
KEBAB_p_TCGASNP_226_227_N_GenomeWideSNP_6_D09_1151584	16	55795214	55816243	18	-0.7597
KEBAB_p_TCGASNP_226_227_N_GenomeWideSNP_6_D09_1151584	16	55816646	70854381	9052	-0.3484
KEBAB_p_TCGASNP_226_227_N_GenomeWideSNP_6_D09_1151584	16	70855202	71202489	139	0.1811
KEBAB_p_TCGASNP_226_227_N_GenomeWideSNP_6_D09_1151584	16	71202797	74369531	2014	-0.3364
KEBAB_p_TCGASNP_226_227_N_GenomeWideSNP_6_D09_1151584	16	74379973	74384258	2	-1.8285
KEBAB_p_TCGASNP_226_227_N_GenomeWideSNP_6_D09_1151584	16	74397058	78371608	3218	-0.3515
KEBAB_p_TCGASNP_226_227_N_GenomeWideSNP_6_D09_1151584	16	78372440	78384738	16	-0.9917
KEBAB_p_TCGASNP_226_227_N_GenomeWideSNP_6_D09_1151584	16	78384765	90287535	10636	-0.3478
KEBAB_p_TCGASNP_226_227_N_GenomeWideSNP_6_D09_1151584	17	526	12881061	7930	-0.3539
KEBAB_p_TCGASNP_226_227_N_GenomeWideSNP_6_D09_1151584	17	12881382	12884471	3	-1.7063
KEBAB_p_TCGASNP_226_227_N_GenomeWideSNP_6_D09_1151584	17	12885870	16740270	2586	-0.3533
KEBAB_p_TCGASNP_226_227_N_GenomeWideSNP_6_D09_1151584	17	16741515	16741528	2	1.415
KEBAB_p_TCGASNP_226_227_N_GenomeWideSNP_6_D09_1151584	17	16741784	17450135	444	-0.3356
KEBAB_p_TCGASNP_226_227_N_GenomeWideSNP_6_D09_1151584	17	17452325	18317113	471	0.0254
KEBAB_p_TCGASNP_226_227_N_GenomeWideSNP_6_D09_1151584	17	18317181	18374180	14	0.801
KEBAB_p_TCGASNP_226_227_N_GenomeWideSNP_6_D09_1151584	17	18377278	18443677	14	0.3595
KEBAB_p_TCGASNP_226_227_N_GenomeWideSNP_6_D09_1151584	17	18446679	18465221	5	0.9486
KEBAB_p_TCGASNP_226_227_N_GenomeWideSNP_6_D09_1151584	17	18469197	20384880	825	0.2708
KEBAB_p_TCGASNP_226_227_N_GenomeWideSNP_6_D09_1151584	17	20384920	20410231	7	-0.4713
KEBAB_p_TCGASNP_226_227_N_GenomeWideSNP_6_D09_1151584	17	20413446	20552659	35	-0.0234
KEBAB_p_TCGASNP_226_227_N_GenomeWideSNP_6_D09_1151584	17	20556267	20775046	93	-0.3035
KEBAB_p_TCGASNP_226_227_N_GenomeWideSNP_6_D09_1151584	17	20777652	21516192	343	0.2973
KEBAB_p_TCGASNP_226_227_N_GenomeWideSNP_6_D09_1151584	17	21516276	34436708	5621	0.0168
KEBAB_p_TCGASNP_226_227_N_GenomeWideSNP_6_D09_1151584	17	34437128	34528125	38	0.8186
KEBAB_p_TCGASNP_226_227_N_GenomeWideSNP_6_D09_1151584	17	34535651	39421708	2541	0.0166
KEBAB_p_TCGASNP_226_227_N_GenomeWideSNP_6_D09_1151584	17	39423014	39430531	24	-0.8621
KEBAB_p_TCGASNP_226_227_N_GenomeWideSNP_6_D09_1151584	17	39432724	44204373	2543	0.0032
KEBAB_p_TCGASNP_226_227_N_GenomeWideSNP_6_D09_1151584	17	44208144	44351701	88	-0.3565
KEBAB_p_TCGASNP_226_227_N_GenomeWideSNP_6_D09_1151584	17	44351929	44429320	14	0.0526
KEBAB_p_TCGASNP_226_227_N_GenomeWideSNP_6_D09_1151584	17	44435454	44752283	39	0.4731
KEBAB_p_TCGASNP_226_227_N_GenomeWideSNP_6_D09_1151584	17	44752300	55687489	7015	0.0134
KEBAB_p_TCGASNP_226_227_N_GenomeWideSNP_6_D09_1151584	17	55688333	55688993	2	-2.274
KEBAB_p_TCGASNP_226_227_N_GenomeWideSNP_6_D09_1151584	17	55691993	56212100	352	0.0028
KEBAB_p_TCGASNP_226_227_N_GenomeWideSNP_6_D09_1151584	17	56212514	56214094	4	-1.174
KEBAB_p_TCGASNP_226_227_N_GenomeWideSNP_6_D09_1151584	17	56217398	81049726	14253	0.0185
KEBAB_p_TCGASNP_226_227_N_GenomeWideSNP_6_D09_1151584	18	11543	26187998	15103	0.0253
KEBAB_p_TCGASNP_226_227_N_GenomeWideSNP_6_D09_1151584	18	26188056	26191431	2	-2.055
KEBAB_p_TCGASNP_226_227_N_GenomeWideSNP_6_D09_1151584	18	26191770	78015057	35707	0.0177
KEBAB_p_TCGASNP_226_227_N_GenomeWideSNP_6_D09_1151584	19	90910	4184192	1113	0.0183
KEBAB_p_TCGASNP_226_227_N_GenomeWideSNP_6_D09_1151584	19	4186143	4514469	81	-0.3619
KEBAB_p_TCGASNP_226_227_N_GenomeWideSNP_6_D09_1151584	19	4521625	52131813	23750	0.0169
KEBAB_p_TCGASNP_226_227_N_GenomeWideSNP_6_D09_1151584	19	52142352	52148197	11	-0.8717
KEBAB_p_TCGASNP_226_227_N_GenomeWideSNP_6_D09_1151584	19	52154905	56282535	2534	0.0175
KEBAB_p_TCGASNP_226_227_N_GenomeWideSNP_6_D09_1151584	19	56283029	56283067	2	-2.5453
KEBAB_p_TCGASNP_226_227_N_GenomeWideSNP_6_D09_1151584	19	56286293	57470332	848	0.0284
KEBAB_p_TCGASNP_226_227_N_GenomeWideSNP_6_D09_1151584	19	57474120	57479482	7	-1.0164
KEBAB_p_TCGASNP_226_227_N_GenomeWideSNP_6_D09_1151584	19	57481592	58940514	940	0.0135
KEBAB_p_TCGASNP_226_227_N_GenomeWideSNP_6_D09_1151584	19	58943408	58948894	6	-0.6262
KEBAB_p_TCGASNP_226_227_N_GenomeWideSNP_6_D09_1151584	19	58949051	59097854	48	0.0699
KEBAB_p_TCGASNP_226_227_N_GenomeWideSNP_6_D09_1151584	20	61305	1552503	1186	0.0105
KEBAB_p_TCGASNP_226_227_N_GenomeWideSNP_6_D09_1151584	20	1557190	1581768	55	-0.5547
KEBAB_p_TCGASNP_226_227_N_GenomeWideSNP_6_D09_1151584	20	1582092	62956153	41254	0.0212
KEBAB_p_TCGASNP_226_227_N_GenomeWideSNP_6_D09_1151584	21	10736871	10956147	41	0.3724
KEBAB_p_TCGASNP_226_227_N_GenomeWideSNP_6_D09_1151584	21	10956149	44968053	22593	-0.0119
KEBAB_p_TCGASNP_226_227_N_GenomeWideSNP_6_D09_1151584	21	44970873	44972812	2	-2.2433
KEBAB_p_TCGASNP_226_227_N_GenomeWideSNP_6_D09_1151584	21	44973667	48096957	1765	-0.0085
KEBAB_p_TCGASNP_226_227_N_GenomeWideSNP_6_D09_1151584	22	16052528	16248706	39	0.0841
KEBAB_p_TCGASNP_226_227_N_GenomeWideSNP_6_D09_1151584	22	16281201	16350807	3	-1.2968
KEBAB_p_TCGASNP_226_227_N_GenomeWideSNP_6_D09_1151584	22	16359993	16892858	62	-0.1005
KEBAB_p_TCGASNP_226_227_N_GenomeWideSNP_6_D09_1151584	22	16894090	16894264	3	-1.4092
KEBAB_p_TCGASNP_226_227_N_GenomeWideSNP_6_D09_1151584	22	16894625	18617515	1079	-0.3219
KEBAB_p_TCGASNP_226_227_N_GenomeWideSNP_6_D09_1151584	22	18620961	18624771	3	0.2045
KEBAB_p_TCGASNP_226_227_N_GenomeWideSNP_6_D09_1151584	22	18626129	18629153	8	-1.9862
KEBAB_p_TCGASNP_226_227_N_GenomeWideSNP_6_D09_1151584	22	18630060	24344422	3421	-0.3302
KEBAB_p_TCGASNP_226_227_N_GenomeWideSNP_6_D09_1151584	22	24350529	24396814	19	-2.0405
KEBAB_p_TCGASNP_226_227_N_GenomeWideSNP_6_D09_1151584	22	24401529	39290920	10819	-0.3337
KEBAB_p_TCGASNP_226_227_N_GenomeWideSNP_6_D09_1151584	22	39295255	39300048	5	-1.5263
KEBAB_p_TCGASNP_226_227_N_GenomeWideSNP_6_D09_1151584	22	39300205	50967032	7927	-0.3326
KEBAB_p_TCGASNP_226_227_N_GenomeWideSNP_6_D09_1151584	22	50973108	50973116	5	-1.3651
KEBAB_p_TCGASNP_226_227_N_GenomeWideSNP_6_D09_1151584	22	50973754	51234455	147	-0.3165
KEBAB_p_TCGASNP_226_227_N_GenomeWideSNP_6_D09_1151584	X	168477	49043342	29607	0.0014
KEBAB_p_TCGASNP_226_227_N_GenomeWideSNP_6_D09_1151584	X	49043393	49043475	2	-1.4122
KEBAB_p_TCGASNP_226_227_N_GenomeWideSNP_6_D09_1151584	X	49043580	115133681	31159	0.0031
KEBAB_p_TCGASNP_226_227_N_GenomeWideSNP_6_D09_1151584	X	115137955	115150638	7	-2.0508
KEBAB_p_TCGASNP_226_227_N_GenomeWideSNP_6_D09_1151584	X	115156419	155182354	23777	0.0035
KEBAB_p_TCGASNP_226_227_N_GenomeWideSNP_6_D09_1151584	Y	2650438	6101425	872	-2.6537
KEBAB_p_TCGASNP_226_227_N_GenomeWideSNP_6_D09_1151584	Y	6107901	6424299	128	-3.9743
KEBAB_p_TCGASNP_226_227_N_GenomeWideSNP_6_D09_1151584	Y	6426233	19571480	4664	-3.2365
KEBAB_p_TCGASNP_226_227_N_GenomeWideSNP_6_D09_1151584	Y	19574890	21024613	672	-3.8836
KEBAB_p_TCGASNP_226_227_N_GenomeWideSNP_6_D09_1151584	Y	21025062	23859163	1085	-3.2584
KEBAB_p_TCGASNP_226_227_N_GenomeWideSNP_6_D09_1151584	Y	23859468	24372686	121	-3.823
KEBAB_p_TCGASNP_226_227_N_GenomeWideSNP_6_D09_1151584	Y	24381969	24510518	69	-3.0535
KEBAB_p_TCGASNP_226_227_N_GenomeWideSNP_6_D09_1151584	Y	24514859	26427522	376	-3.7771
KEBAB_p_TCGASNP_226_227_N_GenomeWideSNP_6_D09_1151584	Y	26430674	26510575	27	-2.4318
KEBAB_p_TCGASNP_226_227_N_GenomeWideSNP_6_D09_1151584	Y	26510799	26630929	10	-3.5849
KEBAB_p_TCGASNP_226_227_N_GenomeWideSNP_6_D09_1151584	Y	26631228	26802327	29	-5.0031
KEBAB_p_TCGASNP_226_227_N_GenomeWideSNP_6_D09_1151584	Y	26803166	27436702	57	-4.0619
KEBAB_p_TCGASNP_226_227_N_GenomeWideSNP_6_D09_1151584	Y	27444915	27718290	90	-2.9127
KEBAB_p_TCGASNP_226_227_N_GenomeWideSNP_6_D09_1151584	Y	27720551	28277692	196	-3.8381
KEBAB_p_TCGASNP_226_227_N_GenomeWideSNP_6_D09_1151584	Y	28289727	28322019	13	-5.2503
KEBAB_p_TCGASNP_226_227_N_GenomeWideSNP_6_D09_1151584	Y	28322083	28423938	43	-3.6149
KEBAB_p_TCGASNP_226_227_N_GenomeWideSNP_6_D09_1151584	Y	28438116	59018259	183	-2.7882
