Sample	Chromosome	Start	End	Num_Probes	Segment_Mean
MINAE_p_TCGA_200_202_203_SNP_N_GenomeWideSNP_6_B04_955178	1	61735	17005776	8771	0.0067
MINAE_p_TCGA_200_202_203_SNP_N_GenomeWideSNP_6_B04_955178	1	17005978	17048479	36	0.3956
MINAE_p_TCGA_200_202_203_SNP_N_GenomeWideSNP_6_B04_955178	1	17056457	17182437	23	-0.2095
MINAE_p_TCGA_200_202_203_SNP_N_GenomeWideSNP_6_B04_955178	1	17190004	17330149	88	0.2652
MINAE_p_TCGA_200_202_203_SNP_N_GenomeWideSNP_6_B04_955178	1	17336877	22319001	3323	0.0023
MINAE_p_TCGA_200_202_203_SNP_N_GenomeWideSNP_6_B04_955178	1	22320515	22330539	6	-6.3182
MINAE_p_TCGA_200_202_203_SNP_N_GenomeWideSNP_6_B04_955178	1	22337243	22338125	2	-2.4008
MINAE_p_TCGA_200_202_203_SNP_N_GenomeWideSNP_6_B04_955178	1	22342389	25602867	1922	-0.0055
MINAE_p_TCGA_200_202_203_SNP_N_GenomeWideSNP_6_B04_955178	1	25602931	25661501	20	0.4574
MINAE_p_TCGA_200_202_203_SNP_N_GenomeWideSNP_6_B04_955178	1	25662005	72768498	28860	0.0023
MINAE_p_TCGA_200_202_203_SNP_N_GenomeWideSNP_6_B04_955178	1	72768916	72811148	46	-1.4622
MINAE_p_TCGA_200_202_203_SNP_N_GenomeWideSNP_6_B04_955178	1	72811904	106013376	21031	-0.0024
MINAE_p_TCGA_200_202_203_SNP_N_GenomeWideSNP_6_B04_955178	1	106019205	106022375	17	-2.1332
MINAE_p_TCGA_200_202_203_SNP_N_GenomeWideSNP_6_B04_955178	1	106024055	110227515	2668	-0.0073
MINAE_p_TCGA_200_202_203_SNP_N_GenomeWideSNP_6_B04_955178	1	110232974	110240178	17	1.2155
MINAE_p_TCGA_200_202_203_SNP_N_GenomeWideSNP_6_B04_955178	1	110242953	112107669	1466	-0.0164
MINAE_p_TCGA_200_202_203_SNP_N_GenomeWideSNP_6_B04_955178	1	112108175	112108322	2	1.2808
MINAE_p_TCGA_200_202_203_SNP_N_GenomeWideSNP_6_B04_955178	1	112112052	112690326	488	-0.0195
MINAE_p_TCGA_200_202_203_SNP_N_GenomeWideSNP_6_B04_955178	1	112695965	112697390	25	-1.7468
MINAE_p_TCGA_200_202_203_SNP_N_GenomeWideSNP_6_B04_955178	1	112705956	147829226	6322	-0.0025
MINAE_p_TCGA_200_202_203_SNP_N_GenomeWideSNP_6_B04_955178	1	147831183	148937905	53	-0.3129
MINAE_p_TCGA_200_202_203_SNP_N_GenomeWideSNP_6_B04_955178	1	148947710	149521846	171	0.1141
MINAE_p_TCGA_200_202_203_SNP_N_GenomeWideSNP_6_B04_955178	1	149545372	149548726	4	1.0746
MINAE_p_TCGA_200_202_203_SNP_N_GenomeWideSNP_6_B04_955178	1	149578722	152555706	1491	0.0094
MINAE_p_TCGA_200_202_203_SNP_N_GenomeWideSNP_6_B04_955178	1	152555767	152586238	30	-1.7861
MINAE_p_TCGA_200_202_203_SNP_N_GenomeWideSNP_6_B04_955178	1	152586278	152754630	166	-0.0118
MINAE_p_TCGA_200_202_203_SNP_N_GenomeWideSNP_6_B04_955178	1	152756308	152778526	48	0.3299
MINAE_p_TCGA_200_202_203_SNP_N_GenomeWideSNP_6_B04_955178	1	152778558	158866573	3620	-0.0033
MINAE_p_TCGA_200_202_203_SNP_N_GenomeWideSNP_6_B04_955178	1	158868501	158869759	2	-1.6192
MINAE_p_TCGA_200_202_203_SNP_N_GenomeWideSNP_6_B04_955178	1	158874818	174796405	11254	-0.0022
MINAE_p_TCGA_200_202_203_SNP_N_GenomeWideSNP_6_B04_955178	1	174796556	174801737	15	-0.7345
MINAE_p_TCGA_200_202_203_SNP_N_GenomeWideSNP_6_B04_955178	1	174801840	189807758	10059	-2e-04
MINAE_p_TCGA_200_202_203_SNP_N_GenomeWideSNP_6_B04_955178	1	189807771	189807842	3	-1.1875
MINAE_p_TCGA_200_202_203_SNP_N_GenomeWideSNP_6_B04_955178	1	189809374	196758120	4636	-0.0036
MINAE_p_TCGA_200_202_203_SNP_N_GenomeWideSNP_6_B04_955178	1	196758149	196759288	4	-1.5455
MINAE_p_TCGA_200_202_203_SNP_N_GenomeWideSNP_6_B04_955178	1	196761820	214003718	11465	3e-04
MINAE_p_TCGA_200_202_203_SNP_N_GenomeWideSNP_6_B04_955178	1	214007190	214011905	3	-1.3924
MINAE_p_TCGA_200_202_203_SNP_N_GenomeWideSNP_6_B04_955178	1	214014136	249224388	24542	0.0021
MINAE_p_TCGA_200_202_203_SNP_N_GenomeWideSNP_6_B04_955178	2	12784	34520473	24016	-0.002
MINAE_p_TCGA_200_202_203_SNP_N_GenomeWideSNP_6_B04_955178	2	34523978	34525580	2	-2.3078
MINAE_p_TCGA_200_202_203_SNP_N_GenomeWideSNP_6_B04_955178	2	34525967	34691069	95	0.0071
MINAE_p_TCGA_200_202_203_SNP_N_GenomeWideSNP_6_B04_955178	2	34699315	34727867	44	0.3879
MINAE_p_TCGA_200_202_203_SNP_N_GenomeWideSNP_6_B04_955178	2	34736513	37586246	2167	0.0042
MINAE_p_TCGA_200_202_203_SNP_N_GenomeWideSNP_6_B04_955178	2	37592359	37597808	3	-1.3943
MINAE_p_TCGA_200_202_203_SNP_N_GenomeWideSNP_6_B04_955178	2	37598421	52754561	10882	-0.008
MINAE_p_TCGA_200_202_203_SNP_N_GenomeWideSNP_6_B04_955178	2	52754728	52754881	3	-1.9401
MINAE_p_TCGA_200_202_203_SNP_N_GenomeWideSNP_6_B04_955178	2	52758753	87373893	22062	-5e-04
MINAE_p_TCGA_200_202_203_SNP_N_GenomeWideSNP_6_B04_955178	2	87374951	87951710	177	0.3372
MINAE_p_TCGA_200_202_203_SNP_N_GenomeWideSNP_6_B04_955178	2	87955850	97854159	1836	-0.0063
MINAE_p_TCGA_200_202_203_SNP_N_GenomeWideSNP_6_B04_955178	2	97857927	97877173	16	-0.6243
MINAE_p_TCGA_200_202_203_SNP_N_GenomeWideSNP_6_B04_955178	2	97886334	106880095	5613	-0.0017
MINAE_p_TCGA_200_202_203_SNP_N_GenomeWideSNP_6_B04_955178	2	106880713	106885357	11	-2.1912
MINAE_p_TCGA_200_202_203_SNP_N_GenomeWideSNP_6_B04_955178	2	106887255	123477014	9555	-0.0042
MINAE_p_TCGA_200_202_203_SNP_N_GenomeWideSNP_6_B04_955178	2	123479899	123482241	9	-1.7183
MINAE_p_TCGA_200_202_203_SNP_N_GenomeWideSNP_6_B04_955178	2	123483653	129638478	3892	-0.007
MINAE_p_TCGA_200_202_203_SNP_N_GenomeWideSNP_6_B04_955178	2	129638502	129640315	14	-0.6434
MINAE_p_TCGA_200_202_203_SNP_N_GenomeWideSNP_6_B04_955178	2	129640329	130795379	879	0.0042
MINAE_p_TCGA_200_202_203_SNP_N_GenomeWideSNP_6_B04_955178	2	130817339	130826342	9	-0.893
MINAE_p_TCGA_200_202_203_SNP_N_GenomeWideSNP_6_B04_955178	2	130849237	133100962	740	-0.0197
MINAE_p_TCGA_200_202_203_SNP_N_GenomeWideSNP_6_B04_955178	2	133101442	133103441	2	-1.9038
MINAE_p_TCGA_200_202_203_SNP_N_GenomeWideSNP_6_B04_955178	2	133108026	163934651	19040	-0.0022
MINAE_p_TCGA_200_202_203_SNP_N_GenomeWideSNP_6_B04_955178	2	163937989	163938173	2	-1.6566
MINAE_p_TCGA_200_202_203_SNP_N_GenomeWideSNP_6_B04_955178	2	163938285	178431399	9136	-0.0028
MINAE_p_TCGA_200_202_203_SNP_N_GenomeWideSNP_6_B04_955178	2	178434544	178435127	2	-2.5375
MINAE_p_TCGA_200_202_203_SNP_N_GenomeWideSNP_6_B04_955178	2	178435150	211618187	19671	-0.0011
MINAE_p_TCGA_200_202_203_SNP_N_GenomeWideSNP_6_B04_955178	2	211618242	211630283	7	-0.7918
MINAE_p_TCGA_200_202_203_SNP_N_GenomeWideSNP_6_B04_955178	2	211630731	243089456	20171	0.0023
MINAE_p_TCGA_200_202_203_SNP_N_GenomeWideSNP_6_B04_955178	3	60345	224602	157	0.0054
MINAE_p_TCGA_200_202_203_SNP_N_GenomeWideSNP_6_B04_955178	3	230022	232639	3	-3.5823
MINAE_p_TCGA_200_202_203_SNP_N_GenomeWideSNP_6_B04_955178	3	232800	2276570	1809	-0.0041
MINAE_p_TCGA_200_202_203_SNP_N_GenomeWideSNP_6_B04_955178	3	2277951	2293801	16	-1.2116
MINAE_p_TCGA_200_202_203_SNP_N_GenomeWideSNP_6_B04_955178	3	2298210	31502960	21625	3e-04
MINAE_p_TCGA_200_202_203_SNP_N_GenomeWideSNP_6_B04_955178	3	31503032	31503397	2	-1.8013
MINAE_p_TCGA_200_202_203_SNP_N_GenomeWideSNP_6_B04_955178	3	31503419	53023211	12186	-0.005
MINAE_p_TCGA_200_202_203_SNP_N_GenomeWideSNP_6_B04_955178	3	53028375	53039116	37	-0.705
MINAE_p_TCGA_200_202_203_SNP_N_GenomeWideSNP_6_B04_955178	3	53039217	68746164	12036	-0.0018
MINAE_p_TCGA_200_202_203_SNP_N_GenomeWideSNP_6_B04_955178	3	68746259	68747413	14	-1.5589
MINAE_p_TCGA_200_202_203_SNP_N_GenomeWideSNP_6_B04_955178	3	68748758	162532950	55097	-0.0017
MINAE_p_TCGA_200_202_203_SNP_N_GenomeWideSNP_6_B04_955178	3	162534730	162540473	5	1.8721
MINAE_p_TCGA_200_202_203_SNP_N_GenomeWideSNP_6_B04_955178	3	162540490	162625995	49	-0.3426
MINAE_p_TCGA_200_202_203_SNP_N_GenomeWideSNP_6_B04_955178	3	162626572	189360754	16686	-0.0037
MINAE_p_TCGA_200_202_203_SNP_N_GenomeWideSNP_6_B04_955178	3	189363678	189370988	12	-0.9518
MINAE_p_TCGA_200_202_203_SNP_N_GenomeWideSNP_6_B04_955178	3	189371014	190342505	749	-0.0019
MINAE_p_TCGA_200_202_203_SNP_N_GenomeWideSNP_6_B04_955178	3	190345518	190346525	3	-1.2894
MINAE_p_TCGA_200_202_203_SNP_N_GenomeWideSNP_6_B04_955178	3	190349480	192803259	1680	0.0026
MINAE_p_TCGA_200_202_203_SNP_N_GenomeWideSNP_6_B04_955178	3	192803962	192811289	4	-0.9204
MINAE_p_TCGA_200_202_203_SNP_N_GenomeWideSNP_6_B04_955178	3	192811405	195285898	1565	0.0035
MINAE_p_TCGA_200_202_203_SNP_N_GenomeWideSNP_6_B04_955178	3	195383142	195455508	29	0.7813
MINAE_p_TCGA_200_202_203_SNP_N_GenomeWideSNP_6_B04_955178	3	195455861	197896118	1190	-0.0032
MINAE_p_TCGA_200_202_203_SNP_N_GenomeWideSNP_6_B04_955178	4	12281	65761	56	-0.3507
MINAE_p_TCGA_200_202_203_SNP_N_GenomeWideSNP_6_B04_955178	4	65978	4113921	1649	0.0095
MINAE_p_TCGA_200_202_203_SNP_N_GenomeWideSNP_6_B04_955178	4	4118957	4119686	2	-1.3113
MINAE_p_TCGA_200_202_203_SNP_N_GenomeWideSNP_6_B04_955178	4	4122828	9464972	3545	7e-04
MINAE_p_TCGA_200_202_203_SNP_N_GenomeWideSNP_6_B04_955178	4	9470734	9479206	5	-1.284
MINAE_p_TCGA_200_202_203_SNP_N_GenomeWideSNP_6_B04_955178	4	9479345	10209946	541	-2e-04
MINAE_p_TCGA_200_202_203_SNP_N_GenomeWideSNP_6_B04_955178	4	10209963	10210390	6	-0.7279
MINAE_p_TCGA_200_202_203_SNP_N_GenomeWideSNP_6_B04_955178	4	10223416	10231498	28	-1.8813
MINAE_p_TCGA_200_202_203_SNP_N_GenomeWideSNP_6_B04_955178	4	10234214	34786955	17003	-0.0015
MINAE_p_TCGA_200_202_203_SNP_N_GenomeWideSNP_6_B04_955178	4	34786990	34829913	38	0.3011
MINAE_p_TCGA_200_202_203_SNP_N_GenomeWideSNP_6_B04_955178	4	34829928	63669936	16022	-0.0024
MINAE_p_TCGA_200_202_203_SNP_N_GenomeWideSNP_6_B04_955178	4	63670069	63671662	7	-0.9048
MINAE_p_TCGA_200_202_203_SNP_N_GenomeWideSNP_6_B04_955178	4	63679630	69261064	3447	-0.0013
MINAE_p_TCGA_200_202_203_SNP_N_GenomeWideSNP_6_B04_955178	4	69282205	69288142	5	-1.4577
MINAE_p_TCGA_200_202_203_SNP_N_GenomeWideSNP_6_B04_955178	4	69294799	69372003	16	0.0496
MINAE_p_TCGA_200_202_203_SNP_N_GenomeWideSNP_6_B04_955178	4	69374941	69396466	12	-2.1196
MINAE_p_TCGA_200_202_203_SNP_N_GenomeWideSNP_6_B04_955178	4	69410224	69413943	8	-0.4324
MINAE_p_TCGA_200_202_203_SNP_N_GenomeWideSNP_6_B04_955178	4	69420023	69485979	45	-1.6402
MINAE_p_TCGA_200_202_203_SNP_N_GenomeWideSNP_6_B04_955178	4	69489335	115173700	27746	-0.0029
MINAE_p_TCGA_200_202_203_SNP_N_GenomeWideSNP_6_B04_955178	4	115175323	115182175	23	-1.4347
MINAE_p_TCGA_200_202_203_SNP_N_GenomeWideSNP_6_B04_955178	4	115184229	122857028	4725	-0.0047
MINAE_p_TCGA_200_202_203_SNP_N_GenomeWideSNP_6_B04_955178	4	122857568	122857929	2	-1.5452
MINAE_p_TCGA_200_202_203_SNP_N_GenomeWideSNP_6_B04_955178	4	122862610	140229007	10082	-0.004
MINAE_p_TCGA_200_202_203_SNP_N_GenomeWideSNP_6_B04_955178	4	140232546	140238360	6	-0.9835
MINAE_p_TCGA_200_202_203_SNP_N_GenomeWideSNP_6_B04_955178	4	140239695	156968180	10163	-3e-04
MINAE_p_TCGA_200_202_203_SNP_N_GenomeWideSNP_6_B04_955178	4	156968283	156968298	2	-1.6001
MINAE_p_TCGA_200_202_203_SNP_N_GenomeWideSNP_6_B04_955178	4	156968473	161863893	3053	0.0051
MINAE_p_TCGA_200_202_203_SNP_N_GenomeWideSNP_6_B04_955178	4	161864128	161931652	86	0.3613
MINAE_p_TCGA_200_202_203_SNP_N_GenomeWideSNP_6_B04_955178	4	161931896	172369346	6637	-0.0029
MINAE_p_TCGA_200_202_203_SNP_N_GenomeWideSNP_6_B04_955178	4	172374884	172377710	10	0.887
MINAE_p_TCGA_200_202_203_SNP_N_GenomeWideSNP_6_B04_955178	4	172377724	180942572	5379	0.0019
MINAE_p_TCGA_200_202_203_SNP_N_GenomeWideSNP_6_B04_955178	4	180942678	180942826	3	-1.19
MINAE_p_TCGA_200_202_203_SNP_N_GenomeWideSNP_6_B04_955178	4	180946934	189221258	5973	0.0096
MINAE_p_TCGA_200_202_203_SNP_N_GenomeWideSNP_6_B04_955178	4	189221360	189221424	3	1.5513
MINAE_p_TCGA_200_202_203_SNP_N_GenomeWideSNP_6_B04_955178	4	189221439	191027923	1178	-0.01
MINAE_p_TCGA_200_202_203_SNP_N_GenomeWideSNP_6_B04_955178	5	15532	19396253	14582	0.0028
MINAE_p_TCGA_200_202_203_SNP_N_GenomeWideSNP_6_B04_955178	5	19401451	19409087	8	-0.74
MINAE_p_TCGA_200_202_203_SNP_N_GenomeWideSNP_6_B04_955178	5	19412474	21376844	1146	-0.0033
MINAE_p_TCGA_200_202_203_SNP_N_GenomeWideSNP_6_B04_955178	5	21377839	21377853	2	-2.4527
MINAE_p_TCGA_200_202_203_SNP_N_GenomeWideSNP_6_B04_955178	5	21386066	46191884	15058	-0.0026
MINAE_p_TCGA_200_202_203_SNP_N_GenomeWideSNP_6_B04_955178	5	46195883	46199435	4	-1.3361
MINAE_p_TCGA_200_202_203_SNP_N_GenomeWideSNP_6_B04_955178	5	46209299	46271108	15	0.1076
MINAE_p_TCGA_200_202_203_SNP_N_GenomeWideSNP_6_B04_955178	5	46271930	46313347	8	0.8795
MINAE_p_TCGA_200_202_203_SNP_N_GenomeWideSNP_6_B04_955178	5	46313502	57326027	5082	-0.0039
MINAE_p_TCGA_200_202_203_SNP_N_GenomeWideSNP_6_B04_955178	5	57326163	57333293	29	-0.5422
MINAE_p_TCGA_200_202_203_SNP_N_GenomeWideSNP_6_B04_955178	5	57333515	180790320	77219	-0.0014
MINAE_p_TCGA_200_202_203_SNP_N_GenomeWideSNP_6_B04_955178	6	149661	294837	124	0.0083
MINAE_p_TCGA_200_202_203_SNP_N_GenomeWideSNP_6_B04_955178	6	302306	378703	74	-0.3733
MINAE_p_TCGA_200_202_203_SNP_N_GenomeWideSNP_6_B04_955178	6	379015	16330191	12547	-3e-04
MINAE_p_TCGA_200_202_203_SNP_N_GenomeWideSNP_6_B04_955178	6	16333408	16354048	13	0.6028
MINAE_p_TCGA_200_202_203_SNP_N_GenomeWideSNP_6_B04_955178	6	16356155	19040119	2050	0.0024
MINAE_p_TCGA_200_202_203_SNP_N_GenomeWideSNP_6_B04_955178	6	19042181	19042818	3	-1.2654
MINAE_p_TCGA_200_202_203_SNP_N_GenomeWideSNP_6_B04_955178	6	19044702	32481987	8164	-1e-04
MINAE_p_TCGA_200_202_203_SNP_N_GenomeWideSNP_6_B04_955178	6	32482969	32626618	58	-0.4177
MINAE_p_TCGA_200_202_203_SNP_N_GenomeWideSNP_6_B04_955178	6	32650612	37961490	3174	0.0055
MINAE_p_TCGA_200_202_203_SNP_N_GenomeWideSNP_6_B04_955178	6	37961583	37986467	15	0.5579
MINAE_p_TCGA_200_202_203_SNP_N_GenomeWideSNP_6_B04_955178	6	37987864	53931151	10554	0.0052
MINAE_p_TCGA_200_202_203_SNP_N_GenomeWideSNP_6_B04_955178	6	53931230	53931855	6	-1.3131
MINAE_p_TCGA_200_202_203_SNP_N_GenomeWideSNP_6_B04_955178	6	53935348	57256870	2001	-0.0024
MINAE_p_TCGA_200_202_203_SNP_N_GenomeWideSNP_6_B04_955178	6	57263688	57265248	2	-1.3259
MINAE_p_TCGA_200_202_203_SNP_N_GenomeWideSNP_6_B04_955178	6	57266510	62096996	650	-0.0383
MINAE_p_TCGA_200_202_203_SNP_N_GenomeWideSNP_6_B04_955178	6	62098282	62296411	82	-0.2226
MINAE_p_TCGA_200_202_203_SNP_N_GenomeWideSNP_6_B04_955178	6	62296457	66399482	2322	0.0028
MINAE_p_TCGA_200_202_203_SNP_N_GenomeWideSNP_6_B04_955178	6	66399537	66403852	23	-0.7096
MINAE_p_TCGA_200_202_203_SNP_N_GenomeWideSNP_6_B04_955178	6	66407127	78962889	8220	-5e-04
MINAE_p_TCGA_200_202_203_SNP_N_GenomeWideSNP_6_B04_955178	6	78969065	79026144	95	-0.6718
MINAE_p_TCGA_200_202_203_SNP_N_GenomeWideSNP_6_B04_955178	6	79026501	79026686	3	-2.0428
MINAE_p_TCGA_200_202_203_SNP_N_GenomeWideSNP_6_B04_955178	6	79026701	79035185	14	-0.7994
MINAE_p_TCGA_200_202_203_SNP_N_GenomeWideSNP_6_B04_955178	6	79039234	81277987	1432	0.0069
MINAE_p_TCGA_200_202_203_SNP_N_GenomeWideSNP_6_B04_955178	6	81284189	81284716	5	-1.4284
MINAE_p_TCGA_200_202_203_SNP_N_GenomeWideSNP_6_B04_955178	6	81284759	81289534	28	-3.1025
MINAE_p_TCGA_200_202_203_SNP_N_GenomeWideSNP_6_B04_955178	6	81294341	162736500	52425	-8e-04
MINAE_p_TCGA_200_202_203_SNP_N_GenomeWideSNP_6_B04_955178	6	162738569	162740440	21	-0.9376
MINAE_p_TCGA_200_202_203_SNP_N_GenomeWideSNP_6_B04_955178	6	162745580	171051005	5879	0.0088
MINAE_p_TCGA_200_202_203_SNP_N_GenomeWideSNP_6_B04_955178	7	43355	68659	31	0.5212
MINAE_p_TCGA_200_202_203_SNP_N_GenomeWideSNP_6_B04_955178	7	71276	21966119	15674	0.0031
MINAE_p_TCGA_200_202_203_SNP_N_GenomeWideSNP_6_B04_955178	7	21973207	21979517	3	-1.5949
MINAE_p_TCGA_200_202_203_SNP_N_GenomeWideSNP_6_B04_955178	7	21980773	23824013	1322	-0.0031
MINAE_p_TCGA_200_202_203_SNP_N_GenomeWideSNP_6_B04_955178	7	23824084	24289842	382	0.5093
MINAE_p_TCGA_200_202_203_SNP_N_GenomeWideSNP_6_B04_955178	7	24295889	54380373	21151	-0.0037
MINAE_p_TCGA_200_202_203_SNP_N_GenomeWideSNP_6_B04_955178	7	54386505	54386517	6	1.0011
MINAE_p_TCGA_200_202_203_SNP_N_GenomeWideSNP_6_B04_955178	7	54393488	61072037	2087	0.0043
MINAE_p_TCGA_200_202_203_SNP_N_GenomeWideSNP_6_B04_955178	7	61074194	61076034	2	-1.6868
MINAE_p_TCGA_200_202_203_SNP_N_GenomeWideSNP_6_B04_955178	7	61255393	64568852	1048	-0.0273
MINAE_p_TCGA_200_202_203_SNP_N_GenomeWideSNP_6_B04_955178	7	64594065	64637128	7	-1.3928
MINAE_p_TCGA_200_202_203_SNP_N_GenomeWideSNP_6_B04_955178	7	64638157	65261298	260	-0.0606
MINAE_p_TCGA_200_202_203_SNP_N_GenomeWideSNP_6_B04_955178	7	65264524	65283868	10	0.5256
MINAE_p_TCGA_200_202_203_SNP_N_GenomeWideSNP_6_B04_955178	7	65292958	67716660	1169	3e-04
MINAE_p_TCGA_200_202_203_SNP_N_GenomeWideSNP_6_B04_955178	7	67718975	67719379	2	-1.5118
MINAE_p_TCGA_200_202_203_SNP_N_GenomeWideSNP_6_B04_955178	7	67723097	67802540	58	0.0011
MINAE_p_TCGA_200_202_203_SNP_N_GenomeWideSNP_6_B04_955178	7	67803137	67818537	11	-1.0051
MINAE_p_TCGA_200_202_203_SNP_N_GenomeWideSNP_6_B04_955178	7	67820719	70420438	1643	-4e-04
MINAE_p_TCGA_200_202_203_SNP_N_GenomeWideSNP_6_B04_955178	7	70423250	70426141	2	-3.0388
MINAE_p_TCGA_200_202_203_SNP_N_GenomeWideSNP_6_B04_955178	7	70428243	97395460	15862	-0.0098
MINAE_p_TCGA_200_202_203_SNP_N_GenomeWideSNP_6_B04_955178	7	97395462	97402475	15	-1.9546
MINAE_p_TCGA_200_202_203_SNP_N_GenomeWideSNP_6_B04_955178	7	97404240	109441212	6657	9e-04
MINAE_p_TCGA_200_202_203_SNP_N_GenomeWideSNP_6_B04_955178	7	109441244	109453858	10	0.583
MINAE_p_TCGA_200_202_203_SNP_N_GenomeWideSNP_6_B04_955178	7	109453910	126045556	10042	0.0012
MINAE_p_TCGA_200_202_203_SNP_N_GenomeWideSNP_6_B04_955178	7	126045651	126046876	11	1.3149
MINAE_p_TCGA_200_202_203_SNP_N_GenomeWideSNP_6_B04_955178	7	126046877	126260750	143	-0.003
MINAE_p_TCGA_200_202_203_SNP_N_GenomeWideSNP_6_B04_955178	7	126261849	126277032	8	-1.1954
MINAE_p_TCGA_200_202_203_SNP_N_GenomeWideSNP_6_B04_955178	7	126278361	133785309	4559	-0.0044
MINAE_p_TCGA_200_202_203_SNP_N_GenomeWideSNP_6_B04_955178	7	133785340	133798067	28	0.4836
MINAE_p_TCGA_200_202_203_SNP_N_GenomeWideSNP_6_B04_955178	7	133798109	142474939	5699	-0.0056
MINAE_p_TCGA_200_202_203_SNP_N_GenomeWideSNP_6_B04_955178	7	142476719	142486045	27	-1.8282
MINAE_p_TCGA_200_202_203_SNP_N_GenomeWideSNP_6_B04_955178	7	142486115	159127004	10581	6e-04
MINAE_p_TCGA_200_202_203_SNP_N_GenomeWideSNP_6_B04_955178	8	31254	1360130	868	0.0047
MINAE_p_TCGA_200_202_203_SNP_N_GenomeWideSNP_6_B04_955178	8	1360322	1360702	9	-1.0353
MINAE_p_TCGA_200_202_203_SNP_N_GenomeWideSNP_6_B04_955178	8	1360734	1367068	26	-0.0971
MINAE_p_TCGA_200_202_203_SNP_N_GenomeWideSNP_6_B04_955178	8	1367362	1367602	3	-1.4656
MINAE_p_TCGA_200_202_203_SNP_N_GenomeWideSNP_6_B04_955178	8	1367688	4165733	3254	0.012
MINAE_p_TCGA_200_202_203_SNP_N_GenomeWideSNP_6_B04_955178	8	4166023	4166038	3	1.1717
MINAE_p_TCGA_200_202_203_SNP_N_GenomeWideSNP_6_B04_955178	8	4166067	8054344	3910	0.0107
MINAE_p_TCGA_200_202_203_SNP_N_GenomeWideSNP_6_B04_955178	8	8055260	8072303	3	-1.427
MINAE_p_TCGA_200_202_203_SNP_N_GenomeWideSNP_6_B04_955178	8	8087144	23402308	12627	0.0054
MINAE_p_TCGA_200_202_203_SNP_N_GenomeWideSNP_6_B04_955178	8	23407740	23407871	5	-1.0073
MINAE_p_TCGA_200_202_203_SNP_N_GenomeWideSNP_6_B04_955178	8	23407905	24145008	488	0.0172
MINAE_p_TCGA_200_202_203_SNP_N_GenomeWideSNP_6_B04_955178	8	24145430	24148130	3	-1.0273
MINAE_p_TCGA_200_202_203_SNP_N_GenomeWideSNP_6_B04_955178	8	24151066	24974476	652	0.002
MINAE_p_TCGA_200_202_203_SNP_N_GenomeWideSNP_6_B04_955178	8	24974522	24984223	23	-0.463
MINAE_p_TCGA_200_202_203_SNP_N_GenomeWideSNP_6_B04_955178	8	24984250	115632043	52996	3e-04
MINAE_p_TCGA_200_202_203_SNP_N_GenomeWideSNP_6_B04_955178	8	115634487	115662781	40	-0.5915
MINAE_p_TCGA_200_202_203_SNP_N_GenomeWideSNP_6_B04_955178	8	115665386	146298155	21071	0.0036
MINAE_p_TCGA_200_202_203_SNP_N_GenomeWideSNP_6_B04_955178	9	46587	21731366	19376	4e-04
MINAE_p_TCGA_200_202_203_SNP_N_GenomeWideSNP_6_B04_955178	9	21731367	21732466	2	-1.711
MINAE_p_TCGA_200_202_203_SNP_N_GenomeWideSNP_6_B04_955178	9	21732466	22492889	501	-0.0203
MINAE_p_TCGA_200_202_203_SNP_N_GenomeWideSNP_6_B04_955178	9	22501913	22502699	2	1.1595
MINAE_p_TCGA_200_202_203_SNP_N_GenomeWideSNP_6_B04_955178	9	22509340	23361805	579	0.0024
MINAE_p_TCGA_200_202_203_SNP_N_GenomeWideSNP_6_B04_955178	9	23363115	23373484	8	-2.4574
MINAE_p_TCGA_200_202_203_SNP_N_GenomeWideSNP_6_B04_955178	9	23378488	39310907	10807	-0.002
MINAE_p_TCGA_200_202_203_SNP_N_GenomeWideSNP_6_B04_955178	9	39313820	40524130	25	-0.3345
MINAE_p_TCGA_200_202_203_SNP_N_GenomeWideSNP_6_B04_955178	9	40529803	41692303	51	0.278
MINAE_p_TCGA_200_202_203_SNP_N_GenomeWideSNP_6_B04_955178	9	41692317	42135708	19	-0.2364
MINAE_p_TCGA_200_202_203_SNP_N_GenomeWideSNP_6_B04_955178	9	42136026	43084322	10	0.2324
MINAE_p_TCGA_200_202_203_SNP_N_GenomeWideSNP_6_B04_955178	9	43127225	44404912	94	-0.3323
MINAE_p_TCGA_200_202_203_SNP_N_GenomeWideSNP_6_B04_955178	9	44424451	44729751	6	-1.3161
MINAE_p_TCGA_200_202_203_SNP_N_GenomeWideSNP_6_B04_955178	9	44731386	45131906	60	0.0348
MINAE_p_TCGA_200_202_203_SNP_N_GenomeWideSNP_6_B04_955178	9	45131923	46397841	63	-0.6894
MINAE_p_TCGA_200_202_203_SNP_N_GenomeWideSNP_6_B04_955178	9	46399281	68831542	159	0.0968
MINAE_p_TCGA_200_202_203_SNP_N_GenomeWideSNP_6_B04_955178	9	68837844	69915441	95	-0.6464
MINAE_p_TCGA_200_202_203_SNP_N_GenomeWideSNP_6_B04_955178	9	69923647	138211368	46970	-0.0014
MINAE_p_TCGA_200_202_203_SNP_N_GenomeWideSNP_6_B04_955178	9	138214105	138215622	2	-1.925
MINAE_p_TCGA_200_202_203_SNP_N_GenomeWideSNP_6_B04_955178	9	138216412	141091394	1114	0.0182
MINAE_p_TCGA_200_202_203_SNP_N_GenomeWideSNP_6_B04_955178	10	72759	3095638	2505	0.0027
MINAE_p_TCGA_200_202_203_SNP_N_GenomeWideSNP_6_B04_955178	10	3096461	3136322	32	0.3233
MINAE_p_TCGA_200_202_203_SNP_N_GenomeWideSNP_6_B04_955178	10	3136717	17894976	12352	-1e-04
MINAE_p_TCGA_200_202_203_SNP_N_GenomeWideSNP_6_B04_955178	10	17927554	17949857	3	1.2585
MINAE_p_TCGA_200_202_203_SNP_N_GenomeWideSNP_6_B04_955178	10	17971816	22384043	3082	0.0024
MINAE_p_TCGA_200_202_203_SNP_N_GenomeWideSNP_6_B04_955178	10	22384439	22386417	2	-1.4941
MINAE_p_TCGA_200_202_203_SNP_N_GenomeWideSNP_6_B04_955178	10	22390262	24375263	1275	-0.0115
MINAE_p_TCGA_200_202_203_SNP_N_GenomeWideSNP_6_B04_955178	10	24377674	24379039	15	0.4383
MINAE_p_TCGA_200_202_203_SNP_N_GenomeWideSNP_6_B04_955178	10	24380660	47897394	12687	-0.0034
MINAE_p_TCGA_200_202_203_SNP_N_GenomeWideSNP_6_B04_955178	10	47912899	47948060	3	-1.2317
MINAE_p_TCGA_200_202_203_SNP_N_GenomeWideSNP_6_B04_955178	10	47960476	48771950	291	0.0048
MINAE_p_TCGA_200_202_203_SNP_N_GenomeWideSNP_6_B04_955178	10	48837810	48840627	2	2.4257
MINAE_p_TCGA_200_202_203_SNP_N_GenomeWideSNP_6_B04_955178	10	48883402	81383874	21778	-0.0026
MINAE_p_TCGA_200_202_203_SNP_N_GenomeWideSNP_6_B04_955178	10	81383884	81385399	3	-1.5383
MINAE_p_TCGA_200_202_203_SNP_N_GenomeWideSNP_6_B04_955178	10	81385449	94620334	8917	-0.0045
MINAE_p_TCGA_200_202_203_SNP_N_GenomeWideSNP_6_B04_955178	10	94624759	94631922	6	-0.9197
MINAE_p_TCGA_200_202_203_SNP_N_GenomeWideSNP_6_B04_955178	10	94634221	106411646	7049	7e-04
MINAE_p_TCGA_200_202_203_SNP_N_GenomeWideSNP_6_B04_955178	10	106412297	106412424	2	-1.5824
MINAE_p_TCGA_200_202_203_SNP_N_GenomeWideSNP_6_B04_955178	10	106414591	135506704	21099	0.0034
MINAE_p_TCGA_200_202_203_SNP_N_GenomeWideSNP_6_B04_955178	11	198510	4269264	1799	0.0219
MINAE_p_TCGA_200_202_203_SNP_N_GenomeWideSNP_6_B04_955178	11	4272420	4336067	18	-0.6853
MINAE_p_TCGA_200_202_203_SNP_N_GenomeWideSNP_6_B04_955178	11	4336529	55361431	32838	-0.0012
MINAE_p_TCGA_200_202_203_SNP_N_GenomeWideSNP_6_B04_955178	11	55363340	55442318	49	-0.393
MINAE_p_TCGA_200_202_203_SNP_N_GenomeWideSNP_6_B04_955178	11	55444211	101594384	28667	0.0016
MINAE_p_TCGA_200_202_203_SNP_N_GenomeWideSNP_6_B04_955178	11	101597860	101597964	4	1.6911
MINAE_p_TCGA_200_202_203_SNP_N_GenomeWideSNP_6_B04_955178	11	101598212	134944770	23777	-9e-04
MINAE_p_TCGA_200_202_203_SNP_N_GenomeWideSNP_6_B04_955178	12	150442	3427655	2152	0.0093
MINAE_p_TCGA_200_202_203_SNP_N_GenomeWideSNP_6_B04_955178	12	3427738	3428428	2	-1.5984
MINAE_p_TCGA_200_202_203_SNP_N_GenomeWideSNP_6_B04_955178	12	3428759	4388532	740	-0.0088
MINAE_p_TCGA_200_202_203_SNP_N_GenomeWideSNP_6_B04_955178	12	4389155	4389206	4	-1.0401
MINAE_p_TCGA_200_202_203_SNP_N_GenomeWideSNP_6_B04_955178	12	4389349	28094763	16127	0.001
MINAE_p_TCGA_200_202_203_SNP_N_GenomeWideSNP_6_B04_955178	12	28094921	28097644	12	-0.7616
MINAE_p_TCGA_200_202_203_SNP_N_GenomeWideSNP_6_B04_955178	12	28103460	33294644	3840	0.005
MINAE_p_TCGA_200_202_203_SNP_N_GenomeWideSNP_6_B04_955178	12	33294660	33307374	28	-0.5379
MINAE_p_TCGA_200_202_203_SNP_N_GenomeWideSNP_6_B04_955178	12	33308360	133778189	62178	0.0025
MINAE_p_TCGA_200_202_203_SNP_N_GenomeWideSNP_6_B04_955178	13	19026949	32532622	9644	0.0026
MINAE_p_TCGA_200_202_203_SNP_N_GenomeWideSNP_6_B04_955178	13	32532727	32538423	17	-0.8946
MINAE_p_TCGA_200_202_203_SNP_N_GenomeWideSNP_6_B04_955178	13	32540047	57751096	16465	0.0027
MINAE_p_TCGA_200_202_203_SNP_N_GenomeWideSNP_6_B04_955178	13	57758270	57778380	34	-2.1945
MINAE_p_TCGA_200_202_203_SNP_N_GenomeWideSNP_6_B04_955178	13	57789714	108534926	33790	-3e-04
MINAE_p_TCGA_200_202_203_SNP_N_GenomeWideSNP_6_B04_955178	13	108535689	108536028	2	-4.0832
MINAE_p_TCGA_200_202_203_SNP_N_GenomeWideSNP_6_B04_955178	13	108536758	115108397	4355	0.0115
MINAE_p_TCGA_200_202_203_SNP_N_GenomeWideSNP_6_B04_955178	14	19002124	20200183	82	-0.0796
MINAE_p_TCGA_200_202_203_SNP_N_GenomeWideSNP_6_B04_955178	14	20200381	20420151	105	0.3875
MINAE_p_TCGA_200_202_203_SNP_N_GenomeWideSNP_6_B04_955178	14	20420239	22393148	1358	0.0021
MINAE_p_TCGA_200_202_203_SNP_N_GenomeWideSNP_6_B04_955178	14	22393359	22393545	3	-1.6786
MINAE_p_TCGA_200_202_203_SNP_N_GenomeWideSNP_6_B04_955178	14	22393599	41610496	12286	-0.0051
MINAE_p_TCGA_200_202_203_SNP_N_GenomeWideSNP_6_B04_955178	14	41610690	41657249	13	-0.8004
MINAE_p_TCGA_200_202_203_SNP_N_GenomeWideSNP_6_B04_955178	14	41657349	74006707	20486	-0.0011
MINAE_p_TCGA_200_202_203_SNP_N_GenomeWideSNP_6_B04_955178	14	74006851	74029900	8	-1.5285
MINAE_p_TCGA_200_202_203_SNP_N_GenomeWideSNP_6_B04_955178	14	74029915	106526966	20817	6e-04
MINAE_p_TCGA_200_202_203_SNP_N_GenomeWideSNP_6_B04_955178	14	106530364	106569463	19	0.8391
MINAE_p_TCGA_200_202_203_SNP_N_GenomeWideSNP_6_B04_955178	14	106574118	106715489	65	-0.1011
MINAE_p_TCGA_200_202_203_SNP_N_GenomeWideSNP_6_B04_955178	14	106717356	106740347	12	0.5116
MINAE_p_TCGA_200_202_203_SNP_N_GenomeWideSNP_6_B04_955178	14	106740774	106777343	23	-0.2086
MINAE_p_TCGA_200_202_203_SNP_N_GenomeWideSNP_6_B04_955178	14	106783044	106801762	6	-1.13
MINAE_p_TCGA_200_202_203_SNP_N_GenomeWideSNP_6_B04_955178	14	106802039	107285437	310	-0.0713
MINAE_p_TCGA_200_202_203_SNP_N_GenomeWideSNP_6_B04_955178	15	20016328	24636093	1417	0.0193
MINAE_p_TCGA_200_202_203_SNP_N_GenomeWideSNP_6_B04_955178	15	24636429	24718173	49	-0.3531
MINAE_p_TCGA_200_202_203_SNP_N_GenomeWideSNP_6_B04_955178	15	24718596	30448595	3639	0.0063
MINAE_p_TCGA_200_202_203_SNP_N_GenomeWideSNP_6_B04_955178	15	30450044	30821758	104	-0.253
MINAE_p_TCGA_200_202_203_SNP_N_GenomeWideSNP_6_B04_955178	15	30887956	32511238	1068	-0.0015
MINAE_p_TCGA_200_202_203_SNP_N_GenomeWideSNP_6_B04_955178	15	32511555	32776211	36	-0.5415
MINAE_p_TCGA_200_202_203_SNP_N_GenomeWideSNP_6_B04_955178	15	32784174	32859858	15	-0.0547
MINAE_p_TCGA_200_202_203_SNP_N_GenomeWideSNP_6_B04_955178	15	32876831	32876984	2	-1.5519
MINAE_p_TCGA_200_202_203_SNP_N_GenomeWideSNP_6_B04_955178	15	32902983	76891511	28030	-7e-04
MINAE_p_TCGA_200_202_203_SNP_N_GenomeWideSNP_6_B04_955178	15	76891627	76895775	20	0.5842
MINAE_p_TCGA_200_202_203_SNP_N_GenomeWideSNP_6_B04_955178	15	76902179	102469040	17684	9e-04
MINAE_p_TCGA_200_202_203_SNP_N_GenomeWideSNP_6_B04_955178	16	60777	14951575	11131	0.0038
MINAE_p_TCGA_200_202_203_SNP_N_GenomeWideSNP_6_B04_955178	16	14963699	15116257	70	-0.5503
MINAE_p_TCGA_200_202_203_SNP_N_GenomeWideSNP_6_B04_955178	16	15125441	21389970	3266	0.0132
MINAE_p_TCGA_200_202_203_SNP_N_GenomeWideSNP_6_B04_955178	16	21412403	21593634	25	-0.8647
MINAE_p_TCGA_200_202_203_SNP_N_GenomeWideSNP_6_B04_955178	16	21596313	22442020	364	-0.0109
MINAE_p_TCGA_200_202_203_SNP_N_GenomeWideSNP_6_B04_955178	16	22557932	22710742	71	-0.9397
MINAE_p_TCGA_200_202_203_SNP_N_GenomeWideSNP_6_B04_955178	16	22712979	32795483	5276	0.007
MINAE_p_TCGA_200_202_203_SNP_N_GenomeWideSNP_6_B04_955178	16	32795495	32878335	21	-0.4298
MINAE_p_TCGA_200_202_203_SNP_N_GenomeWideSNP_6_B04_955178	16	32899247	33056748	22	0.1318
MINAE_p_TCGA_200_202_203_SNP_N_GenomeWideSNP_6_B04_955178	16	33097422	33794655	113	-0.4072
MINAE_p_TCGA_200_202_203_SNP_N_GenomeWideSNP_6_B04_955178	16	33799929	55795214	6970	1e-04
MINAE_p_TCGA_200_202_203_SNP_N_GenomeWideSNP_6_B04_955178	16	55796389	55822397	21	-1.9659
MINAE_p_TCGA_200_202_203_SNP_N_GenomeWideSNP_6_B04_955178	16	55822444	55858793	17	0.3681
MINAE_p_TCGA_200_202_203_SNP_N_GenomeWideSNP_6_B04_955178	16	55868439	70151527	8747	-0.0013
MINAE_p_TCGA_200_202_203_SNP_N_GenomeWideSNP_6_B04_955178	16	70151560	70246333	20	-0.4931
MINAE_p_TCGA_200_202_203_SNP_N_GenomeWideSNP_6_B04_955178	16	70246339	74397058	2425	0.0045
MINAE_p_TCGA_200_202_203_SNP_N_GenomeWideSNP_6_B04_955178	16	74397987	74407379	6	-0.7795
MINAE_p_TCGA_200_202_203_SNP_N_GenomeWideSNP_6_B04_955178	16	74452036	78372846	3215	0.0068
MINAE_p_TCGA_200_202_203_SNP_N_GenomeWideSNP_6_B04_955178	16	78373337	78384738	13	0.8061
MINAE_p_TCGA_200_202_203_SNP_N_GenomeWideSNP_6_B04_955178	16	78384765	90287535	10641	0.0177
MINAE_p_TCGA_200_202_203_SNP_N_GenomeWideSNP_6_B04_955178	17	526	16722801	10520	0.0061
MINAE_p_TCGA_200_202_203_SNP_N_GenomeWideSNP_6_B04_955178	17	16735532	16741528	5	-0.9737
MINAE_p_TCGA_200_202_203_SNP_N_GenomeWideSNP_6_B04_955178	17	16741784	17619575	533	-0.0095
MINAE_p_TCGA_200_202_203_SNP_N_GenomeWideSNP_6_B04_955178	17	17622136	17633932	10	0.4674
MINAE_p_TCGA_200_202_203_SNP_N_GenomeWideSNP_6_B04_955178	17	17637950	18319862	376	-0.0106
MINAE_p_TCGA_200_202_203_SNP_N_GenomeWideSNP_6_B04_955178	17	18355392	18465221	29	0.4789
MINAE_p_TCGA_200_202_203_SNP_N_GenomeWideSNP_6_B04_955178	17	18469197	39421708	9495	0.0022
MINAE_p_TCGA_200_202_203_SNP_N_GenomeWideSNP_6_B04_955178	17	39423014	39430450	23	-0.9493
MINAE_p_TCGA_200_202_203_SNP_N_GenomeWideSNP_6_B04_955178	17	39430531	44162284	2511	-0.0055
MINAE_p_TCGA_200_202_203_SNP_N_GenomeWideSNP_6_B04_955178	17	44162307	44364170	127	-0.2899
MINAE_p_TCGA_200_202_203_SNP_N_GenomeWideSNP_6_B04_955178	17	44394412	44752300	48	0.7231
MINAE_p_TCGA_200_202_203_SNP_N_GenomeWideSNP_6_B04_955178	17	44764994	77363513	19982	0.001
MINAE_p_TCGA_200_202_203_SNP_N_GenomeWideSNP_6_B04_955178	17	77365534	77400623	20	0.6374
MINAE_p_TCGA_200_202_203_SNP_N_GenomeWideSNP_6_B04_955178	17	77402051	81049726	1618	0.0099
MINAE_p_TCGA_200_202_203_SNP_N_GenomeWideSNP_6_B04_955178	18	11543	63762300	40440	0.0345
MINAE_p_TCGA_200_202_203_SNP_N_GenomeWideSNP_6_B04_955178	18	63767140	63775595	4	-1.7052
MINAE_p_TCGA_200_202_203_SNP_N_GenomeWideSNP_6_B04_955178	18	63777130	64953271	767	0.0093
MINAE_p_TCGA_200_202_203_SNP_N_GenomeWideSNP_6_B04_955178	18	64953649	64967718	23	-0.8859
MINAE_p_TCGA_200_202_203_SNP_N_GenomeWideSNP_6_B04_955178	18	64967954	78015057	9594	0.0071
MINAE_p_TCGA_200_202_203_SNP_N_GenomeWideSNP_6_B04_955178	19	90910	2559841	617	0.03
MINAE_p_TCGA_200_202_203_SNP_N_GenomeWideSNP_6_B04_955178	19	2568275	2569045	2	-2.1205
MINAE_p_TCGA_200_202_203_SNP_N_GenomeWideSNP_6_B04_955178	19	2569242	19831544	7930	0.0039
MINAE_p_TCGA_200_202_203_SNP_N_GenomeWideSNP_6_B04_955178	19	19835753	19836676	2	-1.5583
MINAE_p_TCGA_200_202_203_SNP_N_GenomeWideSNP_6_B04_955178	19	19840768	20594676	431	2e-04
MINAE_p_TCGA_200_202_203_SNP_N_GenomeWideSNP_6_B04_955178	19	20596206	20721462	73	-0.794
MINAE_p_TCGA_200_202_203_SNP_N_GenomeWideSNP_6_B04_955178	19	20723845	35658728	7589	-0.003
MINAE_p_TCGA_200_202_203_SNP_N_GenomeWideSNP_6_B04_955178	19	35663774	35664043	6	-0.8497
MINAE_p_TCGA_200_202_203_SNP_N_GenomeWideSNP_6_B04_955178	19	35666047	35878380	201	0.012
MINAE_p_TCGA_200_202_203_SNP_N_GenomeWideSNP_6_B04_955178	19	35880890	35882459	2	-1.8606
MINAE_p_TCGA_200_202_203_SNP_N_GenomeWideSNP_6_B04_955178	19	35882487	43542831	3837	0.0026
MINAE_p_TCGA_200_202_203_SNP_N_GenomeWideSNP_6_B04_955178	19	43549014	43696975	70	0.4568
MINAE_p_TCGA_200_202_203_SNP_N_GenomeWideSNP_6_B04_955178	19	43697333	43756237	23	-0.6331
MINAE_p_TCGA_200_202_203_SNP_N_GenomeWideSNP_6_B04_955178	19	43766659	43785729	15	0.563
MINAE_p_TCGA_200_202_203_SNP_N_GenomeWideSNP_6_B04_955178	19	43785910	52131813	4153	0.0029
MINAE_p_TCGA_200_202_203_SNP_N_GenomeWideSNP_6_B04_955178	19	52142352	52148197	11	-2.6546
MINAE_p_TCGA_200_202_203_SNP_N_GenomeWideSNP_6_B04_955178	19	52154905	53316340	791	0.0116
MINAE_p_TCGA_200_202_203_SNP_N_GenomeWideSNP_6_B04_955178	19	53319104	53327390	3	-1.4811
MINAE_p_TCGA_200_202_203_SNP_N_GenomeWideSNP_6_B04_955178	19	53327559	54797848	994	0.0063
MINAE_p_TCGA_200_202_203_SNP_N_GenomeWideSNP_6_B04_955178	19	54805530	54811325	4	-1.7192
MINAE_p_TCGA_200_202_203_SNP_N_GenomeWideSNP_6_B04_955178	19	54812675	55402358	317	-0.0145
MINAE_p_TCGA_200_202_203_SNP_N_GenomeWideSNP_6_B04_955178	19	55406969	55407349	2	-1.2093
MINAE_p_TCGA_200_202_203_SNP_N_GenomeWideSNP_6_B04_955178	19	55407358	59097854	2275	0.0064
MINAE_p_TCGA_200_202_203_SNP_N_GenomeWideSNP_6_B04_955178	20	61305	1568006	1213	0.0063
MINAE_p_TCGA_200_202_203_SNP_N_GenomeWideSNP_6_B04_955178	20	1568083	1571363	10	-0.5986
MINAE_p_TCGA_200_202_203_SNP_N_GenomeWideSNP_6_B04_955178	20	1571378	20033840	14614	0.0024
MINAE_p_TCGA_200_202_203_SNP_N_GenomeWideSNP_6_B04_955178	20	20034319	20035228	2	-2.6131
MINAE_p_TCGA_200_202_203_SNP_N_GenomeWideSNP_6_B04_955178	20	20035372	62956153	26661	0.0061
MINAE_p_TCGA_200_202_203_SNP_N_GenomeWideSNP_6_B04_955178	21	10736871	10898194	12	0.2953
MINAE_p_TCGA_200_202_203_SNP_N_GenomeWideSNP_6_B04_955178	21	10899017	10905259	3	1.1239
MINAE_p_TCGA_200_202_203_SNP_N_GenomeWideSNP_6_B04_955178	21	10906344	46045485	23194	0.0012
MINAE_p_TCGA_200_202_203_SNP_N_GenomeWideSNP_6_B04_955178	21	46049290	46066140	13	-0.9261
MINAE_p_TCGA_200_202_203_SNP_N_GenomeWideSNP_6_B04_955178	21	46069356	48096957	1186	0.0191
MINAE_p_TCGA_200_202_203_SNP_N_GenomeWideSNP_6_B04_955178	22	16052528	17495551	375	-0.0373
MINAE_p_TCGA_200_202_203_SNP_N_GenomeWideSNP_6_B04_955178	22	17499034	17499508	2	2.0975
MINAE_p_TCGA_200_202_203_SNP_N_GenomeWideSNP_6_B04_955178	22	17499890	18055605	405	0.0184
MINAE_p_TCGA_200_202_203_SNP_N_GenomeWideSNP_6_B04_955178	22	18058748	18058885	2	1.988
MINAE_p_TCGA_200_202_203_SNP_N_GenomeWideSNP_6_B04_955178	22	18062891	22752462	2862	0.0175
MINAE_p_TCGA_200_202_203_SNP_N_GenomeWideSNP_6_B04_955178	22	22752680	22752880	4	-1.5085
MINAE_p_TCGA_200_202_203_SNP_N_GenomeWideSNP_6_B04_955178	22	22757321	24344422	971	0.0189
MINAE_p_TCGA_200_202_203_SNP_N_GenomeWideSNP_6_B04_955178	22	24350529	24370430	9	-0.8998
MINAE_p_TCGA_200_202_203_SNP_N_GenomeWideSNP_6_B04_955178	22	24371070	24385546	4	-3.5445
MINAE_p_TCGA_200_202_203_SNP_N_GenomeWideSNP_6_B04_955178	22	24386631	24396814	6	-0.9342
MINAE_p_TCGA_200_202_203_SNP_N_GenomeWideSNP_6_B04_955178	22	24401529	26138017	1254	-0.0045
MINAE_p_TCGA_200_202_203_SNP_N_GenomeWideSNP_6_B04_955178	22	26138052	26138438	4	0.9176
MINAE_p_TCGA_200_202_203_SNP_N_GenomeWideSNP_6_B04_955178	22	26138830	34173406	6020	0.0036
MINAE_p_TCGA_200_202_203_SNP_N_GenomeWideSNP_6_B04_955178	22	34174947	34174973	3	-2.4293
MINAE_p_TCGA_200_202_203_SNP_N_GenomeWideSNP_6_B04_955178	22	34174985	44003678	6202	0.0032
MINAE_p_TCGA_200_202_203_SNP_N_GenomeWideSNP_6_B04_955178	22	44007357	44008300	3	-3.1739
MINAE_p_TCGA_200_202_203_SNP_N_GenomeWideSNP_6_B04_955178	22	44009382	50967032	5290	0.0173
MINAE_p_TCGA_200_202_203_SNP_N_GenomeWideSNP_6_B04_955178	22	50973108	50973116	5	-0.9895
MINAE_p_TCGA_200_202_203_SNP_N_GenomeWideSNP_6_B04_955178	22	50973754	51234455	147	0.0427
MINAE_p_TCGA_200_202_203_SNP_N_GenomeWideSNP_6_B04_955178	X	168477	44518795	27436	0.0051
MINAE_p_TCGA_200_202_203_SNP_N_GenomeWideSNP_6_B04_955178	X	44523400	44527255	6	-0.8468
MINAE_p_TCGA_200_202_203_SNP_N_GenomeWideSNP_6_B04_955178	X	44528103	54984266	4543	0.0019
MINAE_p_TCGA_200_202_203_SNP_N_GenomeWideSNP_6_B04_955178	X	54988163	55009707	10	0.7484
MINAE_p_TCGA_200_202_203_SNP_N_GenomeWideSNP_6_B04_955178	X	55011457	64003370	2432	-0.0119
MINAE_p_TCGA_200_202_203_SNP_N_GenomeWideSNP_6_B04_955178	X	64004348	64053909	48	-0.7931
MINAE_p_TCGA_200_202_203_SNP_N_GenomeWideSNP_6_B04_955178	X	64059177	74873324	4904	-0.0059
MINAE_p_TCGA_200_202_203_SNP_N_GenomeWideSNP_6_B04_955178	X	74873938	74874492	2	1.3821
MINAE_p_TCGA_200_202_203_SNP_N_GenomeWideSNP_6_B04_955178	X	74875138	76353650	766	0.014
MINAE_p_TCGA_200_202_203_SNP_N_GenomeWideSNP_6_B04_955178	X	76362292	76378656	2	-2.2951
MINAE_p_TCGA_200_202_203_SNP_N_GenomeWideSNP_6_B04_955178	X	76378658	140673423	35441	0.0018
MINAE_p_TCGA_200_202_203_SNP_N_GenomeWideSNP_6_B04_955178	X	140673732	140686163	5	-1.7249
MINAE_p_TCGA_200_202_203_SNP_N_GenomeWideSNP_6_B04_955178	X	140690068	141469502	637	-0.0239
MINAE_p_TCGA_200_202_203_SNP_N_GenomeWideSNP_6_B04_955178	X	141469912	141470879	11	-0.8129
MINAE_p_TCGA_200_202_203_SNP_N_GenomeWideSNP_6_B04_955178	X	141479899	155182354	8343	0.0091
MINAE_p_TCGA_200_202_203_SNP_N_GenomeWideSNP_6_B04_955178	Y	2650438	5949434	808	-2.5512
MINAE_p_TCGA_200_202_203_SNP_N_GenomeWideSNP_6_B04_955178	Y	5949944	6429434	195	-3.4064
MINAE_p_TCGA_200_202_203_SNP_N_GenomeWideSNP_6_B04_955178	Y	6438630	15590276	2576	-3.0431
MINAE_p_TCGA_200_202_203_SNP_N_GenomeWideSNP_6_B04_955178	Y	15590342	15594523	3	-7.6945
MINAE_p_TCGA_200_202_203_SNP_N_GenomeWideSNP_6_B04_955178	Y	15594889	19571480	2082	-3.074
MINAE_p_TCGA_200_202_203_SNP_N_GenomeWideSNP_6_B04_955178	Y	19574890	21024613	672	-3.6075
MINAE_p_TCGA_200_202_203_SNP_N_GenomeWideSNP_6_B04_955178	Y	21025062	24582690	1312	-3.1099
MINAE_p_TCGA_200_202_203_SNP_N_GenomeWideSNP_6_B04_955178	Y	24583219	26190025	279	-3.6954
MINAE_p_TCGA_200_202_203_SNP_N_GenomeWideSNP_6_B04_955178	Y	26193050	26631228	98	-2.9363
MINAE_p_TCGA_200_202_203_SNP_N_GenomeWideSNP_6_B04_955178	Y	26631371	26958025	47	-4.3428
MINAE_p_TCGA_200_202_203_SNP_N_GenomeWideSNP_6_B04_955178	Y	26969811	27274970	34	-3.7271
MINAE_p_TCGA_200_202_203_SNP_N_GenomeWideSNP_6_B04_955178	Y	27298371	27720551	95	-2.837
MINAE_p_TCGA_200_202_203_SNP_N_GenomeWideSNP_6_B04_955178	Y	27721084	28423938	251	-3.6458
MINAE_p_TCGA_200_202_203_SNP_N_GenomeWideSNP_6_B04_955178	Y	28438116	28661292	108	-2.925
MINAE_p_TCGA_200_202_203_SNP_N_GenomeWideSNP_6_B04_955178	Y	28661650	59018259	75	-2.5986
