Sample	Chromosome	Start	End	Num_Probes	Segment_Mean
MOHEL_p_TCGA_271_274_275_N_GenomeWideSNP_6_A09_1320368	1	61735	1510801	226	0.0313
MOHEL_p_TCGA_271_274_275_N_GenomeWideSNP_6_A09_1320368	1	1627918	1672603	17	-0.8414
MOHEL_p_TCGA_271_274_275_N_GenomeWideSNP_6_A09_1320368	1	1687587	12841928	6286	0.002
MOHEL_p_TCGA_271_274_275_N_GenomeWideSNP_6_A09_1320368	1	12845863	12859399	6	-1.0838
MOHEL_p_TCGA_271_274_275_N_GenomeWideSNP_6_A09_1320368	1	12859413	12862337	8	0.0293
MOHEL_p_TCGA_271_274_275_N_GenomeWideSNP_6_A09_1320368	1	12867090	12867966	11	-0.538
MOHEL_p_TCGA_271_274_275_N_GenomeWideSNP_6_A09_1320368	1	12873385	16869363	2175	-0.0068
MOHEL_p_TCGA_271_274_275_N_GenomeWideSNP_6_A09_1320368	1	16871278	16970456	42	-0.2835
MOHEL_p_TCGA_271_274_275_N_GenomeWideSNP_6_A09_1320368	1	17005734	25583341	5398	-0.0017
MOHEL_p_TCGA_271_274_275_N_GenomeWideSNP_6_A09_1320368	1	25593128	25646946	27	-1.6797
MOHEL_p_TCGA_271_274_275_N_GenomeWideSNP_6_A09_1320368	1	25646986	54002914	15364	-0.002
MOHEL_p_TCGA_271_274_275_N_GenomeWideSNP_6_A09_1320368	1	54003207	54004078	2	-1.2415
MOHEL_p_TCGA_271_274_275_N_GenomeWideSNP_6_A09_1320368	1	54004536	72750353	13486	0.0011
MOHEL_p_TCGA_271_274_275_N_GenomeWideSNP_6_A09_1320368	1	72756113	72763370	9	-1.1691
MOHEL_p_TCGA_271_274_275_N_GenomeWideSNP_6_A09_1320368	1	72768418	104159384	20139	0.0018
MOHEL_p_TCGA_271_274_275_N_GenomeWideSNP_6_A09_1320368	1	104163499	104268222	27	0.3286
MOHEL_p_TCGA_271_274_275_N_GenomeWideSNP_6_A09_1320368	1	104303403	106013376	918	-0.0125
MOHEL_p_TCGA_271_274_275_N_GenomeWideSNP_6_A09_1320368	1	106019205	106022375	17	0.8749
MOHEL_p_TCGA_271_274_275_N_GenomeWideSNP_6_A09_1320368	1	106024055	108729759	1941	0.0023
MOHEL_p_TCGA_271_274_275_N_GenomeWideSNP_6_A09_1320368	1	108734235	108737496	3	-0.9029
MOHEL_p_TCGA_271_274_275_N_GenomeWideSNP_6_A09_1320368	1	108739104	108900183	68	-0.0039
MOHEL_p_TCGA_271_274_275_N_GenomeWideSNP_6_A09_1320368	1	108900763	108986197	16	-0.4111
MOHEL_p_TCGA_271_274_275_N_GenomeWideSNP_6_A09_1320368	1	109013908	110224384	627	-0.0018
MOHEL_p_TCGA_271_274_275_N_GenomeWideSNP_6_A09_1320368	1	110224427	110244998	33	0.8322
MOHEL_p_TCGA_271_274_275_N_GenomeWideSNP_6_A09_1320368	1	110246126	149036524	8357	0.0095
MOHEL_p_TCGA_271_274_275_N_GenomeWideSNP_6_A09_1320368	1	149040066	149229086	107	-0.7244
MOHEL_p_TCGA_271_274_275_N_GenomeWideSNP_6_A09_1320368	1	149229808	152555527	1555	-0.0152
MOHEL_p_TCGA_271_274_275_N_GenomeWideSNP_6_A09_1320368	1	152555706	152586238	31	-2.1819
MOHEL_p_TCGA_271_274_275_N_GenomeWideSNP_6_A09_1320368	1	152586278	152586594	4	-0.3775
MOHEL_p_TCGA_271_274_275_N_GenomeWideSNP_6_A09_1320368	1	152590494	196698314	29744	0.0014
MOHEL_p_TCGA_271_274_275_N_GenomeWideSNP_6_A09_1320368	1	196704997	196798664	89	-0.2333
MOHEL_p_TCGA_271_274_275_N_GenomeWideSNP_6_A09_1320368	1	196798705	196799288	5	-1.1254
MOHEL_p_TCGA_271_274_275_N_GenomeWideSNP_6_A09_1320368	1	196799505	196812507	16	-0.2584
MOHEL_p_TCGA_271_274_275_N_GenomeWideSNP_6_A09_1320368	1	196812530	196815791	2	3.1199
MOHEL_p_TCGA_271_274_275_N_GenomeWideSNP_6_A09_1320368	1	196816730	210071062	8818	-0.0024
MOHEL_p_TCGA_271_274_275_N_GenomeWideSNP_6_A09_1320368	1	210081613	210086552	4	-0.8017
MOHEL_p_TCGA_271_274_275_N_GenomeWideSNP_6_A09_1320368	1	210093494	215227431	3537	-0.0032
MOHEL_p_TCGA_271_274_275_N_GenomeWideSNP_6_A09_1320368	1	215228000	215228234	2	-1.2795
MOHEL_p_TCGA_271_274_275_N_GenomeWideSNP_6_A09_1320368	1	215228304	215491496	196	0.0174
MOHEL_p_TCGA_271_274_275_N_GenomeWideSNP_6_A09_1320368	1	215493469	215499104	7	-1.067
MOHEL_p_TCGA_271_274_275_N_GenomeWideSNP_6_A09_1320368	1	215501031	240391740	17453	-0.0019
MOHEL_p_TCGA_271_274_275_N_GenomeWideSNP_6_A09_1320368	1	240394015	240394139	6	-1.9715
MOHEL_p_TCGA_271_274_275_N_GenomeWideSNP_6_A09_1320368	1	240396105	249224388	5932	-0.0038
MOHEL_p_TCGA_271_274_275_N_GenomeWideSNP_6_A09_1320368	2	12784	3728104	2569	0.0144
MOHEL_p_TCGA_271_274_275_N_GenomeWideSNP_6_A09_1320368	2	3728561	3742071	7	-0.8179
MOHEL_p_TCGA_271_274_275_N_GenomeWideSNP_6_A09_1320368	2	3742156	4205687	413	-0.0086
MOHEL_p_TCGA_271_274_275_N_GenomeWideSNP_6_A09_1320368	2	4213864	4224019	42	-0.7068
MOHEL_p_TCGA_271_274_275_N_GenomeWideSNP_6_A09_1320368	2	4230062	34691069	21078	0.0019
MOHEL_p_TCGA_271_274_275_N_GenomeWideSNP_6_A09_1320368	2	34699315	34737057	46	-0.6763
MOHEL_p_TCGA_271_274_275_N_GenomeWideSNP_6_A09_1320368	2	34737163	51086349	11908	0.01
MOHEL_p_TCGA_271_274_275_N_GenomeWideSNP_6_A09_1320368	2	51087886	51113228	11	-0.4637
MOHEL_p_TCGA_271_274_275_N_GenomeWideSNP_6_A09_1320368	2	51118081	52754468	1127	1e-04
MOHEL_p_TCGA_271_274_275_N_GenomeWideSNP_6_A09_1320368	2	52754480	52781542	39	0.4823
MOHEL_p_TCGA_271_274_275_N_GenomeWideSNP_6_A09_1320368	2	52787949	57394902	3354	-0.0058
MOHEL_p_TCGA_271_274_275_N_GenomeWideSNP_6_A09_1320368	2	57402044	57445471	69	1.0194
MOHEL_p_TCGA_271_274_275_N_GenomeWideSNP_6_A09_1320368	2	57447398	57656441	115	0.0074
MOHEL_p_TCGA_271_274_275_N_GenomeWideSNP_6_A09_1320368	2	57657306	57660908	2	-1.3092
MOHEL_p_TCGA_271_274_275_N_GenomeWideSNP_6_A09_1320368	2	57660998	106880095	26131	0.0068
MOHEL_p_TCGA_271_274_275_N_GenomeWideSNP_6_A09_1320368	2	106880713	106885357	11	-2.2202
MOHEL_p_TCGA_271_274_275_N_GenomeWideSNP_6_A09_1320368	2	106887255	184085453	46840	0.0049
MOHEL_p_TCGA_271_274_275_N_GenomeWideSNP_6_A09_1320368	2	184085788	184089724	9	-5.7752
MOHEL_p_TCGA_271_274_275_N_GenomeWideSNP_6_A09_1320368	2	184093998	193713350	5570	-0.0031
MOHEL_p_TCGA_271_274_275_N_GenomeWideSNP_6_A09_1320368	2	193718877	193718953	2	-1.2014
MOHEL_p_TCGA_271_274_275_N_GenomeWideSNP_6_A09_1320368	2	193723663	208354955	8549	7e-04
MOHEL_p_TCGA_271_274_275_N_GenomeWideSNP_6_A09_1320368	2	208355178	208359336	16	-0.9645
MOHEL_p_TCGA_271_274_275_N_GenomeWideSNP_6_A09_1320368	2	208359476	242486349	21952	0.0017
MOHEL_p_TCGA_271_274_275_N_GenomeWideSNP_6_A09_1320368	2	242486535	242486694	2	-1.5044
MOHEL_p_TCGA_271_274_275_N_GenomeWideSNP_6_A09_1320368	2	242486812	243089456	195	0.0417
MOHEL_p_TCGA_271_274_275_N_GenomeWideSNP_6_A09_1320368	3	60345	129763698	82608	1e-04
MOHEL_p_TCGA_271_274_275_N_GenomeWideSNP_6_A09_1320368	3	129766586	129806998	53	0.3773
MOHEL_p_TCGA_271_274_275_N_GenomeWideSNP_6_A09_1320368	3	129808276	152342827	14118	0.0049
MOHEL_p_TCGA_271_274_275_N_GenomeWideSNP_6_A09_1320368	3	152347094	152356202	46	-0.783
MOHEL_p_TCGA_271_274_275_N_GenomeWideSNP_6_A09_1320368	3	152356483	162508192	6119	0.0038
MOHEL_p_TCGA_271_274_275_N_GenomeWideSNP_6_A09_1320368	3	162508268	162626603	73	0.7914
MOHEL_p_TCGA_271_274_275_N_GenomeWideSNP_6_A09_1320368	3	162628614	162714517	70	-0.0497
MOHEL_p_TCGA_271_274_275_N_GenomeWideSNP_6_A09_1320368	3	162717727	162719562	2	1.1359
MOHEL_p_TCGA_271_274_275_N_GenomeWideSNP_6_A09_1320368	3	162726159	173236903	6291	-0.0021
MOHEL_p_TCGA_271_274_275_N_GenomeWideSNP_6_A09_1320368	3	173240635	173289680	24	0.6064
MOHEL_p_TCGA_271_274_275_N_GenomeWideSNP_6_A09_1320368	3	173300193	192877902	12809	-0.003
MOHEL_p_TCGA_271_274_275_N_GenomeWideSNP_6_A09_1320368	3	192877962	192882903	19	-1.4702
MOHEL_p_TCGA_271_274_275_N_GenomeWideSNP_6_A09_1320368	3	192886435	195430864	1503	0.0065
MOHEL_p_TCGA_271_274_275_N_GenomeWideSNP_6_A09_1320368	3	195430899	195474763	31	0.4172
MOHEL_p_TCGA_271_274_275_N_GenomeWideSNP_6_A09_1320368	3	195478694	197896118	1172	-0.021
MOHEL_p_TCGA_271_274_275_N_GenomeWideSNP_6_A09_1320368	4	12281	34779054	22837	0.0018
MOHEL_p_TCGA_271_274_275_N_GenomeWideSNP_6_A09_1320368	4	34786500	34829872	39	0.579
MOHEL_p_TCGA_271_274_275_N_GenomeWideSNP_6_A09_1320368	4	34829913	43267057	5621	-0.001
MOHEL_p_TCGA_271_274_275_N_GenomeWideSNP_6_A09_1320368	4	43269309	43270827	2	-1.3354
MOHEL_p_TCGA_271_274_275_N_GenomeWideSNP_6_A09_1320368	4	43273218	44965196	977	-0.0116
MOHEL_p_TCGA_271_274_275_N_GenomeWideSNP_6_A09_1320368	4	44967004	45006312	45	0.626
MOHEL_p_TCGA_271_274_275_N_GenomeWideSNP_6_A09_1320368	4	45006335	69260551	12833	-0.0022
MOHEL_p_TCGA_271_274_275_N_GenomeWideSNP_6_A09_1320368	4	69261064	69288142	6	-1.5415
MOHEL_p_TCGA_271_274_275_N_GenomeWideSNP_6_A09_1320368	4	69294799	70127644	409	-0.0319
MOHEL_p_TCGA_271_274_275_N_GenomeWideSNP_6_A09_1320368	4	70127652	70232124	55	0.3624
MOHEL_p_TCGA_271_274_275_N_GenomeWideSNP_6_A09_1320368	4	70236151	70389716	110	-0.0072
MOHEL_p_TCGA_271_274_275_N_GenomeWideSNP_6_A09_1320368	4	70389861	70390779	2	-2.287
MOHEL_p_TCGA_271_274_275_N_GenomeWideSNP_6_A09_1320368	4	70391888	86975223	10343	-2e-04
MOHEL_p_TCGA_271_274_275_N_GenomeWideSNP_6_A09_1320368	4	86976094	86979764	19	-0.9333
MOHEL_p_TCGA_271_274_275_N_GenomeWideSNP_6_A09_1320368	4	86979944	89027542	1296	0.0147
MOHEL_p_TCGA_271_274_275_N_GenomeWideSNP_6_A09_1320368	4	89027840	89029860	3	-1.5386
MOHEL_p_TCGA_271_274_275_N_GenomeWideSNP_6_A09_1320368	4	89029887	104279946	8975	-0.0037
MOHEL_p_TCGA_271_274_275_N_GenomeWideSNP_6_A09_1320368	4	104280563	104285210	3	-1.0061
MOHEL_p_TCGA_271_274_275_N_GenomeWideSNP_6_A09_1320368	4	104285544	115173700	6618	2e-04
MOHEL_p_TCGA_271_274_275_N_GenomeWideSNP_6_A09_1320368	4	115175323	115182175	23	-1.8325
MOHEL_p_TCGA_271_274_275_N_GenomeWideSNP_6_A09_1320368	4	115184229	127380337	7342	-0.0011
MOHEL_p_TCGA_271_274_275_N_GenomeWideSNP_6_A09_1320368	4	127383386	127389055	2	-2.4579
MOHEL_p_TCGA_271_274_275_N_GenomeWideSNP_6_A09_1320368	4	127389550	161874000	20702	-0.001
MOHEL_p_TCGA_271_274_275_N_GenomeWideSNP_6_A09_1320368	4	161880018	161884908	21	-0.6503
MOHEL_p_TCGA_271_274_275_N_GenomeWideSNP_6_A09_1320368	4	161884919	161927991	40	0.0378
MOHEL_p_TCGA_271_274_275_N_GenomeWideSNP_6_A09_1320368	4	161928596	161931652	2	-1.2742
MOHEL_p_TCGA_271_274_275_N_GenomeWideSNP_6_A09_1320368	4	161931896	172369346	6634	9e-04
MOHEL_p_TCGA_271_274_275_N_GenomeWideSNP_6_A09_1320368	4	172374884	172377288	7	-1.5315
MOHEL_p_TCGA_271_274_275_N_GenomeWideSNP_6_A09_1320368	4	172377444	191027923	12537	-0.002
MOHEL_p_TCGA_271_274_275_N_GenomeWideSNP_6_A09_1320368	5	15532	27505324	19340	0.0018
MOHEL_p_TCGA_271_274_275_N_GenomeWideSNP_6_A09_1320368	5	27505857	27526020	16	-0.5921
MOHEL_p_TCGA_271_274_275_N_GenomeWideSNP_6_A09_1320368	5	27527479	57321646	16552	1e-04
MOHEL_p_TCGA_271_274_275_N_GenomeWideSNP_6_A09_1320368	5	57326027	57333533	32	1.8306
MOHEL_p_TCGA_271_274_275_N_GenomeWideSNP_6_A09_1320368	5	57338357	68846303	7302	-2e-04
MOHEL_p_TCGA_271_274_275_N_GenomeWideSNP_6_A09_1320368	5	68867294	69118135	5	1.2361
MOHEL_p_TCGA_271_274_275_N_GenomeWideSNP_6_A09_1320368	5	69233427	70391253	21	0.3952
MOHEL_p_TCGA_271_274_275_N_GenomeWideSNP_6_A09_1320368	5	70654072	121129499	31406	-9e-04
MOHEL_p_TCGA_271_274_275_N_GenomeWideSNP_6_A09_1320368	5	121132937	121135476	3	-1.2601
MOHEL_p_TCGA_271_274_275_N_GenomeWideSNP_6_A09_1320368	5	121136126	150892964	18456	4e-04
MOHEL_p_TCGA_271_274_275_N_GenomeWideSNP_6_A09_1320368	5	150893593	150893640	2	-1.3182
MOHEL_p_TCGA_271_274_275_N_GenomeWideSNP_6_A09_1320368	5	150894433	151514171	479	-0.0217
MOHEL_p_TCGA_271_274_275_N_GenomeWideSNP_6_A09_1320368	5	151515386	151518351	14	-3.1916
MOHEL_p_TCGA_271_274_275_N_GenomeWideSNP_6_A09_1320368	5	151520271	177197955	17504	-0.0013
MOHEL_p_TCGA_271_274_275_N_GenomeWideSNP_6_A09_1320368	5	177198449	177232605	4	2.2004
MOHEL_p_TCGA_271_274_275_N_GenomeWideSNP_6_A09_1320368	5	177254965	180374523	1813	0.0032
MOHEL_p_TCGA_271_274_275_N_GenomeWideSNP_6_A09_1320368	5	180378710	180417614	16	-0.7155
MOHEL_p_TCGA_271_274_275_N_GenomeWideSNP_6_A09_1320368	5	180417660	180790320	174	0.0305
MOHEL_p_TCGA_271_274_275_N_GenomeWideSNP_6_A09_1320368	6	149661	808660	560	0.0312
MOHEL_p_TCGA_271_274_275_N_GenomeWideSNP_6_A09_1320368	6	809200	867030	51	-0.2265
MOHEL_p_TCGA_271_274_275_N_GenomeWideSNP_6_A09_1320368	6	867578	29832867	21129	0.004
MOHEL_p_TCGA_271_274_275_N_GenomeWideSNP_6_A09_1320368	6	29833541	29921223	70	0.2864
MOHEL_p_TCGA_271_274_275_N_GenomeWideSNP_6_A09_1320368	6	29926461	31280823	635	0.0067
MOHEL_p_TCGA_271_274_275_N_GenomeWideSNP_6_A09_1320368	6	31286276	31295953	8	-1.5173
MOHEL_p_TCGA_271_274_275_N_GenomeWideSNP_6_A09_1320368	6	31295987	32481987	521	0.006
MOHEL_p_TCGA_271_274_275_N_GenomeWideSNP_6_A09_1320368	6	32482969	32573771	24	-0.3204
MOHEL_p_TCGA_271_274_275_N_GenomeWideSNP_6_A09_1320368	6	32574014	48930865	10449	0.001
MOHEL_p_TCGA_271_274_275_N_GenomeWideSNP_6_A09_1320368	6	48931729	48935200	5	-1.178
MOHEL_p_TCGA_271_274_275_N_GenomeWideSNP_6_A09_1320368	6	48946563	65336942	7683	0.0015
MOHEL_p_TCGA_271_274_275_N_GenomeWideSNP_6_A09_1320368	6	65347544	65348992	2	-3.0244
MOHEL_p_TCGA_271_274_275_N_GenomeWideSNP_6_A09_1320368	6	65350776	67038046	1140	0.0111
MOHEL_p_TCGA_271_274_275_N_GenomeWideSNP_6_A09_1320368	6	67040913	67042897	6	-2.81
MOHEL_p_TCGA_271_274_275_N_GenomeWideSNP_6_A09_1320368	6	67043192	74591858	5020	-0.0026
MOHEL_p_TCGA_271_274_275_N_GenomeWideSNP_6_A09_1320368	6	74592225	74601410	10	0.6369
MOHEL_p_TCGA_271_274_275_N_GenomeWideSNP_6_A09_1320368	6	74603555	77014948	1472	-0.0111
MOHEL_p_TCGA_271_274_275_N_GenomeWideSNP_6_A09_1320368	6	77016900	77016926	3	-1.2638
MOHEL_p_TCGA_271_274_275_N_GenomeWideSNP_6_A09_1320368	6	77016993	77439868	297	-0.0239
MOHEL_p_TCGA_271_274_275_N_GenomeWideSNP_6_A09_1320368	6	77440048	77452392	15	0.4509
MOHEL_p_TCGA_271_274_275_N_GenomeWideSNP_6_A09_1320368	6	77452446	103734829	16591	-0.0027
MOHEL_p_TCGA_271_274_275_N_GenomeWideSNP_6_A09_1320368	6	103737976	103762061	46	0.694
MOHEL_p_TCGA_271_274_275_N_GenomeWideSNP_6_A09_1320368	6	103765470	106898421	2006	0.0044
MOHEL_p_TCGA_271_274_275_N_GenomeWideSNP_6_A09_1320368	6	106903901	106957723	48	0.5908
MOHEL_p_TCGA_271_274_275_N_GenomeWideSNP_6_A09_1320368	6	106967087	110394906	2179	-0.0029
MOHEL_p_TCGA_271_274_275_N_GenomeWideSNP_6_A09_1320368	6	110396191	110413237	18	-1.2264
MOHEL_p_TCGA_271_274_275_N_GenomeWideSNP_6_A09_1320368	6	110415428	171051005	39993	0.0018
MOHEL_p_TCGA_271_274_275_N_GenomeWideSNP_6_A09_1320368	7	43355	7352433	3780	0.0105
MOHEL_p_TCGA_271_274_275_N_GenomeWideSNP_6_A09_1320368	7	7352449	7352464	2	-1.1704
MOHEL_p_TCGA_271_274_275_N_GenomeWideSNP_6_A09_1320368	7	7352479	9124516	1603	0.0013
MOHEL_p_TCGA_271_274_275_N_GenomeWideSNP_6_A09_1320368	7	9127173	9229882	84	-1.0799
MOHEL_p_TCGA_271_274_275_N_GenomeWideSNP_6_A09_1320368	7	9232524	92477082	52231	5e-04
MOHEL_p_TCGA_271_274_275_N_GenomeWideSNP_6_A09_1320368	7	92480421	92504036	58	-0.8558
MOHEL_p_TCGA_271_274_275_N_GenomeWideSNP_6_A09_1320368	7	92510345	97395460	2985	8e-04
MOHEL_p_TCGA_271_274_275_N_GenomeWideSNP_6_A09_1320368	7	97395462	97402475	15	-0.7635
MOHEL_p_TCGA_271_274_275_N_GenomeWideSNP_6_A09_1320368	7	97404240	133785195	21428	0.001
MOHEL_p_TCGA_271_274_275_N_GenomeWideSNP_6_A09_1320368	7	133785211	133787087	14	-2.6671
MOHEL_p_TCGA_271_274_275_N_GenomeWideSNP_6_A09_1320368	7	133787146	133789997	7	-0.6364
MOHEL_p_TCGA_271_274_275_N_GenomeWideSNP_6_A09_1320368	7	133790011	133790443	3	-4.5588
MOHEL_p_TCGA_271_274_275_N_GenomeWideSNP_6_A09_1320368	7	133795634	133795704	3	0.0778
MOHEL_p_TCGA_271_274_275_N_GenomeWideSNP_6_A09_1320368	7	133795841	133799197	9	-0.5654
MOHEL_p_TCGA_271_274_275_N_GenomeWideSNP_6_A09_1320368	7	133806244	142474939	5694	0.0056
MOHEL_p_TCGA_271_274_275_N_GenomeWideSNP_6_A09_1320368	7	142476719	142483433	12	0.7503
MOHEL_p_TCGA_271_274_275_N_GenomeWideSNP_6_A09_1320368	7	142485138	142485666	9	0.3495
MOHEL_p_TCGA_271_274_275_N_GenomeWideSNP_6_A09_1320368	7	142485699	142486045	6	0.837
MOHEL_p_TCGA_271_274_275_N_GenomeWideSNP_6_A09_1320368	7	142486115	143909445	842	-0.0077
MOHEL_p_TCGA_271_274_275_N_GenomeWideSNP_6_A09_1320368	7	143911624	144051231	38	0.6436
MOHEL_p_TCGA_271_274_275_N_GenomeWideSNP_6_A09_1320368	7	144066947	152827520	5312	0.0016
MOHEL_p_TCGA_271_274_275_N_GenomeWideSNP_6_A09_1320368	7	152829906	152830642	2	-1.5939
MOHEL_p_TCGA_271_274_275_N_GenomeWideSNP_6_A09_1320368	7	152831150	153142225	254	0.0065
MOHEL_p_TCGA_271_274_275_N_GenomeWideSNP_6_A09_1320368	7	153143063	153147712	13	-0.4374
MOHEL_p_TCGA_271_274_275_N_GenomeWideSNP_6_A09_1320368	7	153147715	159127004	4114	0.01
MOHEL_p_TCGA_271_274_275_N_GenomeWideSNP_6_A09_1320368	8	31254	5574358	6059	0.0056
MOHEL_p_TCGA_271_274_275_N_GenomeWideSNP_6_A09_1320368	8	5576469	5576670	5	-1.6912
MOHEL_p_TCGA_271_274_275_N_GenomeWideSNP_6_A09_1320368	8	5576744	15779863	8452	-0.0132
MOHEL_p_TCGA_271_274_275_N_GenomeWideSNP_6_A09_1320368	8	15784407	15786889	5	-6.8243
MOHEL_p_TCGA_271_274_275_N_GenomeWideSNP_6_A09_1320368	8	15788269	24972187	7303	-0.0019
MOHEL_p_TCGA_271_274_275_N_GenomeWideSNP_6_A09_1320368	8	24974443	24984333	27	0.5265
MOHEL_p_TCGA_271_274_275_N_GenomeWideSNP_6_A09_1320368	8	24991104	39230659	9041	0.0038
MOHEL_p_TCGA_271_274_275_N_GenomeWideSNP_6_A09_1320368	8	39235603	39386965	59	-2.9535
MOHEL_p_TCGA_271_274_275_N_GenomeWideSNP_6_A09_1320368	8	39388299	39885309	322	-0.0032
MOHEL_p_TCGA_271_274_275_N_GenomeWideSNP_6_A09_1320368	8	39886462	39890169	3	-1.2243
MOHEL_p_TCGA_271_274_275_N_GenomeWideSNP_6_A09_1320368	8	39890775	52845076	5411	0.0051
MOHEL_p_TCGA_271_274_275_N_GenomeWideSNP_6_A09_1320368	8	52845476	52853886	3	-1.0163
MOHEL_p_TCGA_271_274_275_N_GenomeWideSNP_6_A09_1320368	8	52854218	62381604	6376	0.0056
MOHEL_p_TCGA_271_274_275_N_GenomeWideSNP_6_A09_1320368	8	62381935	62387267	9	0.6331
MOHEL_p_TCGA_271_274_275_N_GenomeWideSNP_6_A09_1320368	8	62401994	83269283	12618	0.0049
MOHEL_p_TCGA_271_274_275_N_GenomeWideSNP_6_A09_1320368	8	83271376	83295018	12	-1.0792
MOHEL_p_TCGA_271_274_275_N_GenomeWideSNP_6_A09_1320368	8	83297580	120154784	22295	0.0022
MOHEL_p_TCGA_271_274_275_N_GenomeWideSNP_6_A09_1320368	8	120155754	120159446	3	-1.1171
MOHEL_p_TCGA_271_274_275_N_GenomeWideSNP_6_A09_1320368	8	120162854	140602616	15290	9e-04
MOHEL_p_TCGA_271_274_275_N_GenomeWideSNP_6_A09_1320368	8	140603502	140605715	7	0.6916
MOHEL_p_TCGA_271_274_275_N_GenomeWideSNP_6_A09_1320368	8	140607031	146298155	2660	0.0173
MOHEL_p_TCGA_271_274_275_N_GenomeWideSNP_6_A09_1320368	9	46587	2147099	2325	0.0104
MOHEL_p_TCGA_271_274_275_N_GenomeWideSNP_6_A09_1320368	9	2148837	2150662	6	-1.0119
MOHEL_p_TCGA_271_274_275_N_GenomeWideSNP_6_A09_1320368	9	2152115	23361805	18133	-6e-04
MOHEL_p_TCGA_271_274_275_N_GenomeWideSNP_6_A09_1320368	9	23363115	23373484	8	-2.2777
MOHEL_p_TCGA_271_274_275_N_GenomeWideSNP_6_A09_1320368	9	23378488	41842529	10889	-0.0034
MOHEL_p_TCGA_271_274_275_N_GenomeWideSNP_6_A09_1320368	9	41846811	41985187	8	0.5802
MOHEL_p_TCGA_271_274_275_N_GenomeWideSNP_6_A09_1320368	9	42023107	96470097	18691	0.0079
MOHEL_p_TCGA_271_274_275_N_GenomeWideSNP_6_A09_1320368	9	96470711	96470957	2	-2.3998
MOHEL_p_TCGA_271_274_275_N_GenomeWideSNP_6_A09_1320368	9	96472946	138211368	28768	0
MOHEL_p_TCGA_271_274_275_N_GenomeWideSNP_6_A09_1320368	9	138214105	138215622	2	-1.7663
MOHEL_p_TCGA_271_274_275_N_GenomeWideSNP_6_A09_1320368	9	138216412	141091394	1115	-0.0082
MOHEL_p_TCGA_271_274_275_N_GenomeWideSNP_6_A09_1320368	10	72809	27222045	21244	9e-04
MOHEL_p_TCGA_271_274_275_N_GenomeWideSNP_6_A09_1320368	10	27222320	27229993	16	0.5134
MOHEL_p_TCGA_271_274_275_N_GenomeWideSNP_6_A09_1320368	10	27230675	44806054	9335	0.0087
MOHEL_p_TCGA_271_274_275_N_GenomeWideSNP_6_A09_1320368	10	44809197	44810236	5	-1.1594
MOHEL_p_TCGA_271_274_275_N_GenomeWideSNP_6_A09_1320368	10	44810629	46070052	915	0.0074
MOHEL_p_TCGA_271_274_275_N_GenomeWideSNP_6_A09_1320368	10	46072872	46081361	8	-0.6574
MOHEL_p_TCGA_271_274_275_N_GenomeWideSNP_6_A09_1320368	10	46083171	47058868	144	-0.0234
MOHEL_p_TCGA_271_274_275_N_GenomeWideSNP_6_A09_1320368	10	47058899	47059186	7	-0.9962
MOHEL_p_TCGA_271_274_275_N_GenomeWideSNP_6_A09_1320368	10	47059201	47249587	78	-0.076
MOHEL_p_TCGA_271_274_275_N_GenomeWideSNP_6_A09_1320368	10	47264864	47414281	7	0.438
MOHEL_p_TCGA_271_274_275_N_GenomeWideSNP_6_A09_1320368	10	47419711	47771030	193	-0.0341
MOHEL_p_TCGA_271_274_275_N_GenomeWideSNP_6_A09_1320368	10	47897394	47912899	2	-1.7206
MOHEL_p_TCGA_271_274_275_N_GenomeWideSNP_6_A09_1320368	10	47913401	48902376	296	0.014
MOHEL_p_TCGA_271_274_275_N_GenomeWideSNP_6_A09_1320368	10	48928791	49045895	9	-0.934
MOHEL_p_TCGA_271_274_275_N_GenomeWideSNP_6_A09_1320368	10	49082219	67306276	12493	0.0047
MOHEL_p_TCGA_271_274_275_N_GenomeWideSNP_6_A09_1320368	10	67307923	67314446	28	-2.2312
MOHEL_p_TCGA_271_274_275_N_GenomeWideSNP_6_A09_1320368	10	67322795	135506704	46316	1e-04
MOHEL_p_TCGA_271_274_275_N_GenomeWideSNP_6_A09_1320368	11	198510	4964302	2468	0.0025
MOHEL_p_TCGA_271_274_275_N_GenomeWideSNP_6_A09_1320368	11	4964425	4976614	46	-0.356
MOHEL_p_TCGA_271_274_275_N_GenomeWideSNP_6_A09_1320368	11	4976814	15193185	7734	0.0028
MOHEL_p_TCGA_271_274_275_N_GenomeWideSNP_6_A09_1320368	11	15195799	15195816	2	1.1777
MOHEL_p_TCGA_271_274_275_N_GenomeWideSNP_6_A09_1320368	11	15196441	18094243	1967	0.0031
MOHEL_p_TCGA_271_274_275_N_GenomeWideSNP_6_A09_1320368	11	18099397	18099729	2	-1.3802
MOHEL_p_TCGA_271_274_275_N_GenomeWideSNP_6_A09_1320368	11	18100574	18940870	540	0.0117
MOHEL_p_TCGA_271_274_275_N_GenomeWideSNP_6_A09_1320368	11	18949072	18960750	37	0.4471
MOHEL_p_TCGA_271_274_275_N_GenomeWideSNP_6_A09_1320368	11	18961065	30641221	8656	-0.0011
MOHEL_p_TCGA_271_274_275_N_GenomeWideSNP_6_A09_1320368	11	30644424	30644628	2	-1.3931
MOHEL_p_TCGA_271_274_275_N_GenomeWideSNP_6_A09_1320368	11	30645880	55376280	13215	8e-04
MOHEL_p_TCGA_271_274_275_N_GenomeWideSNP_6_A09_1320368	11	55376498	55453009	51	-0.587
MOHEL_p_TCGA_271_274_275_N_GenomeWideSNP_6_A09_1320368	11	55453576	79967504	13304	-1e-04
MOHEL_p_TCGA_271_274_275_N_GenomeWideSNP_6_A09_1320368	11	79967513	79967548	2	-1.4365
MOHEL_p_TCGA_271_274_275_N_GenomeWideSNP_6_A09_1320368	11	79967564	81690607	1469	0.0025
MOHEL_p_TCGA_271_274_275_N_GenomeWideSNP_6_A09_1320368	11	81695789	81695838	2	-1.1146
MOHEL_p_TCGA_271_274_275_N_GenomeWideSNP_6_A09_1320368	11	81698345	89659568	5177	0.0071
MOHEL_p_TCGA_271_274_275_N_GenomeWideSNP_6_A09_1320368	11	89696093	89699504	2	-1.1507
MOHEL_p_TCGA_271_274_275_N_GenomeWideSNP_6_A09_1320368	11	89727683	97517000	5497	0.0044
MOHEL_p_TCGA_271_274_275_N_GenomeWideSNP_6_A09_1320368	11	97518368	97519782	2	-1.1786
MOHEL_p_TCGA_271_274_275_N_GenomeWideSNP_6_A09_1320368	11	97522098	101594384	3201	-0.004
MOHEL_p_TCGA_271_274_275_N_GenomeWideSNP_6_A09_1320368	11	101597860	101597964	4	1.5534
MOHEL_p_TCGA_271_274_275_N_GenomeWideSNP_6_A09_1320368	11	101598212	107648810	4125	-6e-04
MOHEL_p_TCGA_271_274_275_N_GenomeWideSNP_6_A09_1320368	11	107653743	107672045	17	0.5097
MOHEL_p_TCGA_271_274_275_N_GenomeWideSNP_6_A09_1320368	11	107678760	134944770	19630	0.0014
MOHEL_p_TCGA_271_274_275_N_GenomeWideSNP_6_A09_1320368	12	150442	865970	418	0.0267
MOHEL_p_TCGA_271_274_275_N_GenomeWideSNP_6_A09_1320368	12	869109	874029	18	-0.9437
MOHEL_p_TCGA_271_274_275_N_GenomeWideSNP_6_A09_1320368	12	875354	9630556	5766	0.0053
MOHEL_p_TCGA_271_274_275_N_GenomeWideSNP_6_A09_1320368	12	9633870	9713674	22	-2.0127
MOHEL_p_TCGA_271_274_275_N_GenomeWideSNP_6_A09_1320368	12	9714954	11220827	1048	0.0034
MOHEL_p_TCGA_271_274_275_N_GenomeWideSNP_6_A09_1320368	12	11222368	11241532	10	-1.3884
MOHEL_p_TCGA_271_274_275_N_GenomeWideSNP_6_A09_1320368	12	11251874	27647741	11394	0.0061
MOHEL_p_TCGA_271_274_275_N_GenomeWideSNP_6_A09_1320368	12	27647858	27651362	27	-0.7361
MOHEL_p_TCGA_271_274_275_N_GenomeWideSNP_6_A09_1320368	12	27657161	28094763	324	0.0284
MOHEL_p_TCGA_271_274_275_N_GenomeWideSNP_6_A09_1320368	12	28094921	28097644	12	-0.8549
MOHEL_p_TCGA_271_274_275_N_GenomeWideSNP_6_A09_1320368	12	28103460	33294660	3838	0.0028
MOHEL_p_TCGA_271_274_275_N_GenomeWideSNP_6_A09_1320368	12	33301406	33307374	27	-0.8091
MOHEL_p_TCGA_271_274_275_N_GenomeWideSNP_6_A09_1320368	12	33308360	33385830	45	-0.072
MOHEL_p_TCGA_271_274_275_N_GenomeWideSNP_6_A09_1320368	12	33386757	33395418	6	0.9536
MOHEL_p_TCGA_271_274_275_N_GenomeWideSNP_6_A09_1320368	12	33399053	37987726	795	0.0059
MOHEL_p_TCGA_271_274_275_N_GenomeWideSNP_6_A09_1320368	12	38012567	38014018	2	-2.1896
MOHEL_p_TCGA_271_274_275_N_GenomeWideSNP_6_A09_1320368	12	38034358	52997033	8821	-9e-04
MOHEL_p_TCGA_271_274_275_N_GenomeWideSNP_6_A09_1320368	12	52997497	53000269	2	-1.9157
MOHEL_p_TCGA_271_274_275_N_GenomeWideSNP_6_A09_1320368	12	53001978	119983825	43427	0.0013
MOHEL_p_TCGA_271_274_275_N_GenomeWideSNP_6_A09_1320368	12	119988887	119990733	14	-1.0815
MOHEL_p_TCGA_271_274_275_N_GenomeWideSNP_6_A09_1320368	12	119990748	133778189	9080	-0.0017
MOHEL_p_TCGA_271_274_275_N_GenomeWideSNP_6_A09_1320368	13	19026949	23632876	2900	0.0039
MOHEL_p_TCGA_271_274_275_N_GenomeWideSNP_6_A09_1320368	13	23632906	23633515	9	-0.7797
MOHEL_p_TCGA_271_274_275_N_GenomeWideSNP_6_A09_1320368	13	23638195	25329677	1386	0.0134
MOHEL_p_TCGA_271_274_275_N_GenomeWideSNP_6_A09_1320368	13	25333705	25534134	108	0.5108
MOHEL_p_TCGA_271_274_275_N_GenomeWideSNP_6_A09_1320368	13	25542272	38071135	9161	0.0043
MOHEL_p_TCGA_271_274_275_N_GenomeWideSNP_6_A09_1320368	13	38072036	38084321	13	-0.6473
MOHEL_p_TCGA_271_274_275_N_GenomeWideSNP_6_A09_1320368	13	38084543	53094799	9911	-0.0021
MOHEL_p_TCGA_271_274_275_N_GenomeWideSNP_6_A09_1320368	13	53097984	53105785	3	-1.9561
MOHEL_p_TCGA_271_274_275_N_GenomeWideSNP_6_A09_1320368	13	53117879	57763147	2633	-0.0027
MOHEL_p_TCGA_271_274_275_N_GenomeWideSNP_6_A09_1320368	13	57763290	57766821	16	-0.5719
MOHEL_p_TCGA_271_274_275_N_GenomeWideSNP_6_A09_1320368	13	57766839	62806981	3039	0.0018
MOHEL_p_TCGA_271_274_275_N_GenomeWideSNP_6_A09_1320368	13	62809274	62809482	3	-0.9419
MOHEL_p_TCGA_271_274_275_N_GenomeWideSNP_6_A09_1320368	13	62818093	62961967	88	-0.058
MOHEL_p_TCGA_271_274_275_N_GenomeWideSNP_6_A09_1320368	13	62962910	62963600	3	-1.1208
MOHEL_p_TCGA_271_274_275_N_GenomeWideSNP_6_A09_1320368	13	62967188	72476988	5881	-0.0051
MOHEL_p_TCGA_271_274_275_N_GenomeWideSNP_6_A09_1320368	13	72477555	72480556	4	1.1278
MOHEL_p_TCGA_271_274_275_N_GenomeWideSNP_6_A09_1320368	13	72480605	73921553	1052	0.011
MOHEL_p_TCGA_271_274_275_N_GenomeWideSNP_6_A09_1320368	13	73922664	73923053	2	-1.2795
MOHEL_p_TCGA_271_274_275_N_GenomeWideSNP_6_A09_1320368	13	73928343	79262838	3807	-6e-04
MOHEL_p_TCGA_271_274_275_N_GenomeWideSNP_6_A09_1320368	13	79267559	79268238	5	0.6735
MOHEL_p_TCGA_271_274_275_N_GenomeWideSNP_6_A09_1320368	13	79269118	89257442	6038	-0.0051
MOHEL_p_TCGA_271_274_275_N_GenomeWideSNP_6_A09_1320368	13	89257945	89270497	11	-1.0733
MOHEL_p_TCGA_271_274_275_N_GenomeWideSNP_6_A09_1320368	13	89273320	89322455	45	0.0696
MOHEL_p_TCGA_271_274_275_N_GenomeWideSNP_6_A09_1320368	13	89323232	89323942	2	-1.8563
MOHEL_p_TCGA_271_274_275_N_GenomeWideSNP_6_A09_1320368	13	89324759	115108397	18188	0.0019
MOHEL_p_TCGA_271_274_275_N_GenomeWideSNP_6_A09_1320368	14	19002124	74006707	34334	1e-04
MOHEL_p_TCGA_271_274_275_N_GenomeWideSNP_6_A09_1320368	14	74006851	74017538	6	-1.8074
MOHEL_p_TCGA_271_274_275_N_GenomeWideSNP_6_A09_1320368	14	74020979	86284754	8174	0
MOHEL_p_TCGA_271_274_275_N_GenomeWideSNP_6_A09_1320368	14	86286312	86312173	15	-1.3265
MOHEL_p_TCGA_271_274_275_N_GenomeWideSNP_6_A09_1320368	14	86316135	106538062	12635	1e-04
MOHEL_p_TCGA_271_274_275_N_GenomeWideSNP_6_A09_1320368	14	106541753	106561441	12	-2.7272
MOHEL_p_TCGA_271_274_275_N_GenomeWideSNP_6_A09_1320368	14	106567100	106715489	67	-0.0358
MOHEL_p_TCGA_271_274_275_N_GenomeWideSNP_6_A09_1320368	14	106717356	106727469	8	1.0529
MOHEL_p_TCGA_271_274_275_N_GenomeWideSNP_6_A09_1320368	14	106728162	106796228	30	0.1137
MOHEL_p_TCGA_271_274_275_N_GenomeWideSNP_6_A09_1320368	14	106796697	106802053	5	0.9559
MOHEL_p_TCGA_271_274_275_N_GenomeWideSNP_6_A09_1320368	14	106815943	107153042	215	0.0312
MOHEL_p_TCGA_271_274_275_N_GenomeWideSNP_6_A09_1320368	14	107153067	107179847	24	-0.3735
MOHEL_p_TCGA_271_274_275_N_GenomeWideSNP_6_A09_1320368	14	107184184	107285437	69	0.0465
MOHEL_p_TCGA_271_274_275_N_GenomeWideSNP_6_A09_1320368	15	20016328	20262236	53	0.0667
MOHEL_p_TCGA_271_274_275_N_GenomeWideSNP_6_A09_1320368	15	20264286	20585988	53	-0.281
MOHEL_p_TCGA_271_274_275_N_GenomeWideSNP_6_A09_1320368	15	20586090	20590042	13	-1.5585
MOHEL_p_TCGA_271_274_275_N_GenomeWideSNP_6_A09_1320368	15	20590160	22673399	304	-0.2764
MOHEL_p_TCGA_271_274_275_N_GenomeWideSNP_6_A09_1320368	15	22681076	25419992	1502	0.0144
MOHEL_p_TCGA_271_274_275_N_GenomeWideSNP_6_A09_1320368	15	25421607	25430243	8	-0.8198
MOHEL_p_TCGA_271_274_275_N_GenomeWideSNP_6_A09_1320368	15	25433305	37475112	7834	0.0104
MOHEL_p_TCGA_271_274_275_N_GenomeWideSNP_6_A09_1320368	15	37476433	37479240	3	-1.2476
MOHEL_p_TCGA_271_274_275_N_GenomeWideSNP_6_A09_1320368	15	37482426	42615525	3244	0.0063
MOHEL_p_TCGA_271_274_275_N_GenomeWideSNP_6_A09_1320368	15	42617781	42620481	4	-1.2226
MOHEL_p_TCGA_271_274_275_N_GenomeWideSNP_6_A09_1320368	15	42620548	53784888	6521	0.0034
MOHEL_p_TCGA_271_274_275_N_GenomeWideSNP_6_A09_1320368	15	53784991	53790247	7	-0.6674
MOHEL_p_TCGA_271_274_275_N_GenomeWideSNP_6_A09_1320368	15	53790718	76891511	14815	0.0024
MOHEL_p_TCGA_271_274_275_N_GenomeWideSNP_6_A09_1320368	15	76891627	76895775	20	-0.6247
MOHEL_p_TCGA_271_274_275_N_GenomeWideSNP_6_A09_1320368	15	76902179	83068590	3667	0.0055
MOHEL_p_TCGA_271_274_275_N_GenomeWideSNP_6_A09_1320368	15	83083151	83108839	4	0.7771
MOHEL_p_TCGA_271_274_275_N_GenomeWideSNP_6_A09_1320368	15	83169549	84540717	764	0.0121
MOHEL_p_TCGA_271_274_275_N_GenomeWideSNP_6_A09_1320368	15	84540738	84543550	6	-0.9722
MOHEL_p_TCGA_271_274_275_N_GenomeWideSNP_6_A09_1320368	15	84547277	86508959	1128	-0.0011
MOHEL_p_TCGA_271_274_275_N_GenomeWideSNP_6_A09_1320368	15	86511894	86521133	7	-1.0756
MOHEL_p_TCGA_271_274_275_N_GenomeWideSNP_6_A09_1320368	15	86521837	102445241	12114	0.0061
MOHEL_p_TCGA_271_274_275_N_GenomeWideSNP_6_A09_1320368	15	102459256	102469040	2	1.5735
MOHEL_p_TCGA_271_274_275_N_GenomeWideSNP_6_A09_1320368	16	60777	19944363	13528	0.0052
MOHEL_p_TCGA_271_274_275_N_GenomeWideSNP_6_A09_1320368	16	19945650	19965875	28	-0.9032
MOHEL_p_TCGA_271_274_275_N_GenomeWideSNP_6_A09_1320368	16	19967362	34459709	6988	0.0037
MOHEL_p_TCGA_271_274_275_N_GenomeWideSNP_6_A09_1320368	16	34466571	34760967	170	0.5209
MOHEL_p_TCGA_271_274_275_N_GenomeWideSNP_6_A09_1320368	16	34765093	55227539	6087	-0.0024
MOHEL_p_TCGA_271_274_275_N_GenomeWideSNP_6_A09_1320368	16	55227614	55231336	6	-1.1722
MOHEL_p_TCGA_271_274_275_N_GenomeWideSNP_6_A09_1320368	16	55231740	90287535	25626	8e-04
MOHEL_p_TCGA_271_274_275_N_GenomeWideSNP_6_A09_1320368	17	526	34436708	18399	0.0037
MOHEL_p_TCGA_271_274_275_N_GenomeWideSNP_6_A09_1320368	17	34437128	34477603	36	0.43
MOHEL_p_TCGA_271_274_275_N_GenomeWideSNP_6_A09_1320368	17	34485091	39421708	2545	-0.0034
MOHEL_p_TCGA_271_274_275_N_GenomeWideSNP_6_A09_1320368	17	39423014	39430531	24	-1.1499
MOHEL_p_TCGA_271_274_275_N_GenomeWideSNP_6_A09_1320368	17	39432724	39440956	18	-0.3353
MOHEL_p_TCGA_271_274_275_N_GenomeWideSNP_6_A09_1320368	17	39441219	44213204	2530	-0.0025
MOHEL_p_TCGA_271_274_275_N_GenomeWideSNP_6_A09_1320368	17	44213712	44364170	89	0.1843
MOHEL_p_TCGA_271_274_275_N_GenomeWideSNP_6_A09_1320368	17	44394412	81049726	21666	0.0022
MOHEL_p_TCGA_271_274_275_N_GenomeWideSNP_6_A09_1320368	18	11543	63721579	40384	0.0018
MOHEL_p_TCGA_271_274_275_N_GenomeWideSNP_6_A09_1320368	18	63727492	63728340	12	-1.947
MOHEL_p_TCGA_271_274_275_N_GenomeWideSNP_6_A09_1320368	18	63732738	63906866	148	0.0114
MOHEL_p_TCGA_271_274_275_N_GenomeWideSNP_6_A09_1320368	18	63907434	63911589	10	-0.7375
MOHEL_p_TCGA_271_274_275_N_GenomeWideSNP_6_A09_1320368	18	63911876	78015057	10278	-5e-04
MOHEL_p_TCGA_271_274_275_N_GenomeWideSNP_6_A09_1320368	19	90910	5506659	1598	-0.0053
MOHEL_p_TCGA_271_274_275_N_GenomeWideSNP_6_A09_1320368	19	5510239	5510580	2	-2.7668
MOHEL_p_TCGA_271_274_275_N_GenomeWideSNP_6_A09_1320368	19	5510653	7300055	902	-0.0091
MOHEL_p_TCGA_271_274_275_N_GenomeWideSNP_6_A09_1320368	19	7304492	7309687	2	1.0932
MOHEL_p_TCGA_271_274_275_N_GenomeWideSNP_6_A09_1320368	19	7309964	12692001	2571	-0.0104
MOHEL_p_TCGA_271_274_275_N_GenomeWideSNP_6_A09_1320368	19	12697366	12698102	2	-1.9125
MOHEL_p_TCGA_271_274_275_N_GenomeWideSNP_6_A09_1320368	19	12700523	15038939	1056	-0.0141
MOHEL_p_TCGA_271_274_275_N_GenomeWideSNP_6_A09_1320368	19	15045192	15049299	3	-1.3125
MOHEL_p_TCGA_271_274_275_N_GenomeWideSNP_6_A09_1320368	19	15051287	20746190	2939	0.0037
MOHEL_p_TCGA_271_274_275_N_GenomeWideSNP_6_A09_1320368	19	20759077	20759858	2	1.274
MOHEL_p_TCGA_271_274_275_N_GenomeWideSNP_6_A09_1320368	19	20765130	24460818	2161	0.0045
MOHEL_p_TCGA_271_274_275_N_GenomeWideSNP_6_A09_1320368	19	24461420	24464957	9	-0.9336
MOHEL_p_TCGA_271_274_275_N_GenomeWideSNP_6_A09_1320368	19	24487682	31284806	2429	0.0021
MOHEL_p_TCGA_271_274_275_N_GenomeWideSNP_6_A09_1320368	19	31288118	31288540	2	1.295
MOHEL_p_TCGA_271_274_275_N_GenomeWideSNP_6_A09_1320368	19	31290599	35849493	3145	9e-04
MOHEL_p_TCGA_271_274_275_N_GenomeWideSNP_6_A09_1320368	19	35855353	35861779	20	-0.6545
MOHEL_p_TCGA_271_274_275_N_GenomeWideSNP_6_A09_1320368	19	35861848	52131813	8116	-0.006
MOHEL_p_TCGA_271_274_275_N_GenomeWideSNP_6_A09_1320368	19	52142352	52148197	11	0.5501
MOHEL_p_TCGA_271_274_275_N_GenomeWideSNP_6_A09_1320368	19	52154905	56278050	2531	0.0032
MOHEL_p_TCGA_271_274_275_N_GenomeWideSNP_6_A09_1320368	19	56282070	56283067	5	-2.2703
MOHEL_p_TCGA_271_274_275_N_GenomeWideSNP_6_A09_1320368	19	56286293	59097854	1849	0.0052
MOHEL_p_TCGA_271_274_275_N_GenomeWideSNP_6_A09_1320368	20	61305	1560999	1207	0.019
MOHEL_p_TCGA_271_274_275_N_GenomeWideSNP_6_A09_1320368	20	1561580	1582092	35	1.8971
MOHEL_p_TCGA_271_274_275_N_GenomeWideSNP_6_A09_1320368	20	1582207	62956153	41258	0.0013
MOHEL_p_TCGA_271_274_275_N_GenomeWideSNP_6_A09_1320368	21	10736871	48096957	24403	0.0034
MOHEL_p_TCGA_271_274_275_N_GenomeWideSNP_6_A09_1320368	22	16052528	16077141	6	0.4743
MOHEL_p_TCGA_271_274_275_N_GenomeWideSNP_6_A09_1320368	22	16102342	18673357	1209	0.0174
MOHEL_p_TCGA_271_274_275_N_GenomeWideSNP_6_A09_1320368	22	18732919	18805861	8	-0.7358
MOHEL_p_TCGA_271_274_275_N_GenomeWideSNP_6_A09_1320368	22	18810094	20304875	921	0.0344
MOHEL_p_TCGA_271_274_275_N_GenomeWideSNP_6_A09_1320368	22	20310369	20662706	11	-0.4864
MOHEL_p_TCGA_271_274_275_N_GenomeWideSNP_6_A09_1320368	22	20705775	22467444	1142	0.0182
MOHEL_p_TCGA_271_274_275_N_GenomeWideSNP_6_A09_1320368	22	22467464	22474613	10	-0.7211
MOHEL_p_TCGA_271_274_275_N_GenomeWideSNP_6_A09_1320368	22	22481498	22752462	339	0.0279
MOHEL_p_TCGA_271_274_275_N_GenomeWideSNP_6_A09_1320368	22	22752680	22757321	5	0.7124
MOHEL_p_TCGA_271_274_275_N_GenomeWideSNP_6_A09_1320368	22	22769923	24271745	938	0.0329
MOHEL_p_TCGA_271_274_275_N_GenomeWideSNP_6_A09_1320368	22	24283016	24344422	33	0.4022
MOHEL_p_TCGA_271_274_275_N_GenomeWideSNP_6_A09_1320368	22	24350529	24396814	19	-1.872
MOHEL_p_TCGA_271_274_275_N_GenomeWideSNP_6_A09_1320368	22	24401529	39290920	10834	0.0051
MOHEL_p_TCGA_271_274_275_N_GenomeWideSNP_6_A09_1320368	22	39295255	39296904	3	-3.812
MOHEL_p_TCGA_271_274_275_N_GenomeWideSNP_6_A09_1320368	22	39299114	39348900	35	-0.0449
MOHEL_p_TCGA_271_274_275_N_GenomeWideSNP_6_A09_1320368	22	39350039	39374377	25	0.2908
MOHEL_p_TCGA_271_274_275_N_GenomeWideSNP_6_A09_1320368	22	39374715	42892582	1897	-0.0105
MOHEL_p_TCGA_271_274_275_N_GenomeWideSNP_6_A09_1320368	22	42892596	42973702	34	0.4108
MOHEL_p_TCGA_271_274_275_N_GenomeWideSNP_6_A09_1320368	22	42975102	51234455	6102	0.0097
MOHEL_p_TCGA_271_274_275_N_GenomeWideSNP_6_A09_1320368	X	168477	115133681	60789	3e-04
MOHEL_p_TCGA_271_274_275_N_GenomeWideSNP_6_A09_1320368	X	115137955	115150638	7	-2.1535
MOHEL_p_TCGA_271_274_275_N_GenomeWideSNP_6_A09_1320368	X	115156419	155182354	23790	0.0062
MOHEL_p_TCGA_271_274_275_N_GenomeWideSNP_6_A09_1320368	Y	2650438	6101425	871	-2.7041
MOHEL_p_TCGA_271_274_275_N_GenomeWideSNP_6_A09_1320368	Y	6107901	6313572	91	-4.1053
MOHEL_p_TCGA_271_274_275_N_GenomeWideSNP_6_A09_1320368	Y	6315579	7627911	585	-3.1732
MOHEL_p_TCGA_271_274_275_N_GenomeWideSNP_6_A09_1320368	Y	7628484	9823373	1098	-3.5377
MOHEL_p_TCGA_271_274_275_N_GenomeWideSNP_6_A09_1320368	Y	9826040	14185777	242	-2.9891
MOHEL_p_TCGA_271_274_275_N_GenomeWideSNP_6_A09_1320368	Y	14188087	14210634	16	-4.4898
MOHEL_p_TCGA_271_274_275_N_GenomeWideSNP_6_A09_1320368	Y	14215308	14796674	317	-3.0942
MOHEL_p_TCGA_271_274_275_N_GenomeWideSNP_6_A09_1320368	Y	14797466	14813991	9	-5.3411
MOHEL_p_TCGA_271_274_275_N_GenomeWideSNP_6_A09_1320368	Y	14814980	15024621	95	-3.354
MOHEL_p_TCGA_271_274_275_N_GenomeWideSNP_6_A09_1320368	Y	15026424	15030817	5	-6.1853
MOHEL_p_TCGA_271_274_275_N_GenomeWideSNP_6_A09_1320368	Y	15032288	15590276	249	-3.2243
MOHEL_p_TCGA_271_274_275_N_GenomeWideSNP_6_A09_1320368	Y	15590342	15594523	3	-7.598
MOHEL_p_TCGA_271_274_275_N_GenomeWideSNP_6_A09_1320368	Y	15594889	19034392	1826	-3.3438
MOHEL_p_TCGA_271_274_275_N_GenomeWideSNP_6_A09_1320368	Y	19038302	19958276	439	-3.5904
MOHEL_p_TCGA_271_274_275_N_GenomeWideSNP_6_A09_1320368	Y	19961684	20290833	125	-4.1364
MOHEL_p_TCGA_271_274_275_N_GenomeWideSNP_6_A09_1320368	Y	20291396	20550521	107	-3.5087
MOHEL_p_TCGA_271_274_275_N_GenomeWideSNP_6_A09_1320368	Y	20551138	21024613	257	-4.1554
MOHEL_p_TCGA_271_274_275_N_GenomeWideSNP_6_A09_1320368	Y	21025062	23859163	1083	-3.3875
MOHEL_p_TCGA_271_274_275_N_GenomeWideSNP_6_A09_1320368	Y	23859468	26218232	513	-3.82
MOHEL_p_TCGA_271_274_275_N_GenomeWideSNP_6_A09_1320368	Y	26222820	26408766	43	-2.9978
MOHEL_p_TCGA_271_274_275_N_GenomeWideSNP_6_A09_1320368	Y	26409789	26417092	4	-5.7389
MOHEL_p_TCGA_271_274_275_N_GenomeWideSNP_6_A09_1320368	Y	26417501	26517533	36	-2.6954
MOHEL_p_TCGA_271_274_275_N_GenomeWideSNP_6_A09_1320368	Y	26526212	27315972	91	-4.253
MOHEL_p_TCGA_271_274_275_N_GenomeWideSNP_6_A09_1320368	Y	27367487	27720551	93	-2.7577
MOHEL_p_TCGA_271_274_275_N_GenomeWideSNP_6_A09_1320368	Y	27721084	28277692	195	-3.9131
MOHEL_p_TCGA_271_274_275_N_GenomeWideSNP_6_A09_1320368	Y	28289727	28322019	13	-5.6239
MOHEL_p_TCGA_271_274_275_N_GenomeWideSNP_6_A09_1320368	Y	28322083	28452016	50	-3.82
MOHEL_p_TCGA_271_274_275_N_GenomeWideSNP_6_A09_1320368	Y	28457337	59018259	176	-2.8918
