Sample	Chromosome	Start	End	Num_Probes	Segment_Mean
MOHEL_p_TCGA_271_274_275_N_GenomeWideSNP_6_B10_1320446	1	61735	228706	18	-0.1164
MOHEL_p_TCGA_271_274_275_N_GenomeWideSNP_6_B10_1320446	1	228729	235670	7	0.8478
MOHEL_p_TCGA_271_274_275_N_GenomeWideSNP_6_B10_1320446	1	235728	12845863	6505	0.0027
MOHEL_p_TCGA_271_274_275_N_GenomeWideSNP_6_B10_1320446	1	12852748	12983506	39	-0.5236
MOHEL_p_TCGA_271_274_275_N_GenomeWideSNP_6_B10_1320446	1	13159083	35091638	12595	0.0057
MOHEL_p_TCGA_271_274_275_N_GenomeWideSNP_6_B10_1320446	1	35091674	35104491	21	-0.5959
MOHEL_p_TCGA_271_274_275_N_GenomeWideSNP_6_B10_1320446	1	35114268	58719560	14043	0.0044
MOHEL_p_TCGA_271_274_275_N_GenomeWideSNP_6_B10_1320446	1	58719909	58733021	12	0.5867
MOHEL_p_TCGA_271_274_275_N_GenomeWideSNP_6_B10_1320446	1	58733050	72750353	9804	0.0077
MOHEL_p_TCGA_271_274_275_N_GenomeWideSNP_6_B10_1320446	1	72756113	72763370	9	-1.1222
MOHEL_p_TCGA_271_274_275_N_GenomeWideSNP_6_B10_1320446	1	72768418	104178038	20140	0.0033
MOHEL_p_TCGA_271_274_275_N_GenomeWideSNP_6_B10_1320446	1	104221531	104225568	11	-1.1026
MOHEL_p_TCGA_271_274_275_N_GenomeWideSNP_6_B10_1320446	1	104239689	104303403	14	0.8697
MOHEL_p_TCGA_271_274_275_N_GenomeWideSNP_6_B10_1320446	1	104303501	106013376	917	-0.0139
MOHEL_p_TCGA_271_274_275_N_GenomeWideSNP_6_B10_1320446	1	106019205	106022375	17	0.9785
MOHEL_p_TCGA_271_274_275_N_GenomeWideSNP_6_B10_1320446	1	106024055	110227515	2667	6e-04
MOHEL_p_TCGA_271_274_275_N_GenomeWideSNP_6_B10_1320446	1	110232974	110242953	18	-1.0828
MOHEL_p_TCGA_271_274_275_N_GenomeWideSNP_6_B10_1320446	1	110244998	112690326	1955	0.0069
MOHEL_p_TCGA_271_274_275_N_GenomeWideSNP_6_B10_1320446	1	112695965	112696997	17	-0.5503
MOHEL_p_TCGA_271_274_275_N_GenomeWideSNP_6_B10_1320446	1	112697012	114126339	896	0.0076
MOHEL_p_TCGA_271_274_275_N_GenomeWideSNP_6_B10_1320446	1	114126425	114129474	3	-1.0332
MOHEL_p_TCGA_271_274_275_N_GenomeWideSNP_6_B10_1320446	1	114135133	120111619	3839	0.0037
MOHEL_p_TCGA_271_274_275_N_GenomeWideSNP_6_B10_1320446	1	120112055	120150683	50	0.524
MOHEL_p_TCGA_271_274_275_N_GenomeWideSNP_6_B10_1320446	1	120150949	145605364	783	0.0241
MOHEL_p_TCGA_271_274_275_N_GenomeWideSNP_6_B10_1320446	1	145607991	145614044	2	-1.7591
MOHEL_p_TCGA_271_274_275_N_GenomeWideSNP_6_B10_1320446	1	145625706	169216937	14048	0.0062
MOHEL_p_TCGA_271_274_275_N_GenomeWideSNP_6_B10_1320446	1	169233974	169241766	7	-2.8192
MOHEL_p_TCGA_271_274_275_N_GenomeWideSNP_6_B10_1320446	1	169242401	179310439	6621	0.0017
MOHEL_p_TCGA_271_274_275_N_GenomeWideSNP_6_B10_1320446	1	179319816	179333315	6	-0.8994
MOHEL_p_TCGA_271_274_275_N_GenomeWideSNP_6_B10_1320446	1	179339206	180772708	899	-0.0036
MOHEL_p_TCGA_271_274_275_N_GenomeWideSNP_6_B10_1320446	1	180773967	180774130	2	-1.357
MOHEL_p_TCGA_271_274_275_N_GenomeWideSNP_6_B10_1320446	1	180774153	193155792	8272	0.0053
MOHEL_p_TCGA_271_274_275_N_GenomeWideSNP_6_B10_1320446	1	193156279	193156348	4	-0.9715
MOHEL_p_TCGA_271_274_275_N_GenomeWideSNP_6_B10_1320446	1	193159723	196711187	2400	0.0035
MOHEL_p_TCGA_271_274_275_N_GenomeWideSNP_6_B10_1320446	1	196714822	196812507	96	-0.2637
MOHEL_p_TCGA_271_274_275_N_GenomeWideSNP_6_B10_1320446	1	196812530	196815791	2	3.0066
MOHEL_p_TCGA_271_274_275_N_GenomeWideSNP_6_B10_1320446	1	196816730	249224388	35949	1e-04
MOHEL_p_TCGA_271_274_275_N_GenomeWideSNP_6_B10_1320446	2	12784	35975973	25034	0.0068
MOHEL_p_TCGA_271_274_275_N_GenomeWideSNP_6_B10_1320446	2	35977790	35987916	6	-1.4457
MOHEL_p_TCGA_271_274_275_N_GenomeWideSNP_6_B10_1320446	2	35987947	52754881	12165	0.0073
MOHEL_p_TCGA_271_274_275_N_GenomeWideSNP_6_B10_1320446	2	52758753	52787949	34	-0.5352
MOHEL_p_TCGA_271_274_275_N_GenomeWideSNP_6_B10_1320446	2	52790140	76842314	15555	0.0053
MOHEL_p_TCGA_271_274_275_N_GenomeWideSNP_6_B10_1320446	2	76844466	76847586	7	-0.6818
MOHEL_p_TCGA_271_274_275_N_GenomeWideSNP_6_B10_1320446	2	76847626	77038457	143	0.0219
MOHEL_p_TCGA_271_274_275_N_GenomeWideSNP_6_B10_1320446	2	77038541	77044081	4	-1.4544
MOHEL_p_TCGA_271_274_275_N_GenomeWideSNP_6_B10_1320446	2	77046324	195669577	67356	0.0066
MOHEL_p_TCGA_271_274_275_N_GenomeWideSNP_6_B10_1320446	2	195672215	195693298	13	-1.1333
MOHEL_p_TCGA_271_274_275_N_GenomeWideSNP_6_B10_1320446	2	195701846	243089456	29731	0.0068
MOHEL_p_TCGA_271_274_275_N_GenomeWideSNP_6_B10_1320446	3	60345	1781803	1550	0.0246
MOHEL_p_TCGA_271_274_275_N_GenomeWideSNP_6_B10_1320446	3	1782524	1787581	6	-1.0461
MOHEL_p_TCGA_271_274_275_N_GenomeWideSNP_6_B10_1320446	3	1789158	26613201	18515	0.0066
MOHEL_p_TCGA_271_274_275_N_GenomeWideSNP_6_B10_1320446	3	26614974	26614985	8	0.7613
MOHEL_p_TCGA_271_274_275_N_GenomeWideSNP_6_B10_1320446	3	26615949	53023211	15701	0.0014
MOHEL_p_TCGA_271_274_275_N_GenomeWideSNP_6_B10_1320446	3	53028375	53041519	47	-0.6179
MOHEL_p_TCGA_271_274_275_N_GenomeWideSNP_6_B10_1320446	3	53041854	81456652	20321	0.0028
MOHEL_p_TCGA_271_274_275_N_GenomeWideSNP_6_B10_1320446	3	81458503	81466954	2	-1.5589
MOHEL_p_TCGA_271_274_275_N_GenomeWideSNP_6_B10_1320446	3	81467169	129762859	26458	-0.0014
MOHEL_p_TCGA_271_274_275_N_GenomeWideSNP_6_B10_1320446	3	129763698	129806236	52	0.456
MOHEL_p_TCGA_271_274_275_N_GenomeWideSNP_6_B10_1320446	3	129806924	141902084	7482	-0.0022
MOHEL_p_TCGA_271_274_275_N_GenomeWideSNP_6_B10_1320446	3	141904977	141905094	2	-1.645
MOHEL_p_TCGA_271_274_275_N_GenomeWideSNP_6_B10_1320446	3	141906581	162508268	12799	0.006
MOHEL_p_TCGA_271_274_275_N_GenomeWideSNP_6_B10_1320446	3	162512657	162524858	12	0.979
MOHEL_p_TCGA_271_274_275_N_GenomeWideSNP_6_B10_1320446	3	162528630	162540490	10	-0.598
MOHEL_p_TCGA_271_274_275_N_GenomeWideSNP_6_B10_1320446	3	162545716	162625980	47	0.7407
MOHEL_p_TCGA_271_274_275_N_GenomeWideSNP_6_B10_1320446	3	162625995	190770502	17703	0.0044
MOHEL_p_TCGA_271_274_275_N_GenomeWideSNP_6_B10_1320446	3	190785752	190789312	8	-1.0757
MOHEL_p_TCGA_271_274_275_N_GenomeWideSNP_6_B10_1320446	3	190789726	191889237	754	0.0144
MOHEL_p_TCGA_271_274_275_N_GenomeWideSNP_6_B10_1320446	3	191891010	191894055	4	-0.8864
MOHEL_p_TCGA_271_274_275_N_GenomeWideSNP_6_B10_1320446	3	191894098	192877902	722	0.0096
MOHEL_p_TCGA_271_274_275_N_GenomeWideSNP_6_B10_1320446	3	192877962	192882772	16	0.669
MOHEL_p_TCGA_271_274_275_N_GenomeWideSNP_6_B10_1320446	3	192882869	197896118	2706	0.0048
MOHEL_p_TCGA_271_274_275_N_GenomeWideSNP_6_B10_1320446	4	12281	9456977	5250	0.0014
MOHEL_p_TCGA_271_274_275_N_GenomeWideSNP_6_B10_1320446	4	9461230	9464972	3	-1.5584
MOHEL_p_TCGA_271_274_275_N_GenomeWideSNP_6_B10_1320446	4	9470734	10210390	551	9e-04
MOHEL_p_TCGA_271_274_275_N_GenomeWideSNP_6_B10_1320446	4	10223416	10231498	28	-2.0767
MOHEL_p_TCGA_271_274_275_N_GenomeWideSNP_6_B10_1320446	4	10234214	10235268	7	-0.6189
MOHEL_p_TCGA_271_274_275_N_GenomeWideSNP_6_B10_1320446	4	10236142	34806225	17017	0.006
MOHEL_p_TCGA_271_274_275_N_GenomeWideSNP_6_B10_1320446	4	34806240	34814245	4	-1.3465
MOHEL_p_TCGA_271_274_275_N_GenomeWideSNP_6_B10_1320446	4	34814275	40704011	3899	-0.0088
MOHEL_p_TCGA_271_274_275_N_GenomeWideSNP_6_B10_1320446	4	40704145	40704192	2	-1.9191
MOHEL_p_TCGA_271_274_275_N_GenomeWideSNP_6_B10_1320446	4	40704687	45005755	2752	-0.0061
MOHEL_p_TCGA_271_274_275_N_GenomeWideSNP_6_B10_1320446	4	45005852	45006312	3	-1.5579
MOHEL_p_TCGA_271_274_275_N_GenomeWideSNP_6_B10_1320446	4	45006335	49267848	2339	0.0039
MOHEL_p_TCGA_271_274_275_N_GenomeWideSNP_6_B10_1320446	4	49291192	49291355	2	1.7321
MOHEL_p_TCGA_271_274_275_N_GenomeWideSNP_6_B10_1320446	4	49297220	61936938	6098	3e-04
MOHEL_p_TCGA_271_274_275_N_GenomeWideSNP_6_B10_1320446	4	61940935	61941952	2	-1.8132
MOHEL_p_TCGA_271_274_275_N_GenomeWideSNP_6_B10_1320446	4	61945686	64693940	1502	-0.0119
MOHEL_p_TCGA_271_274_275_N_GenomeWideSNP_6_B10_1320446	4	64697469	64718043	32	-0.5071
MOHEL_p_TCGA_271_274_275_N_GenomeWideSNP_6_B10_1320446	4	64722216	69261064	2861	0.0044
MOHEL_p_TCGA_271_274_275_N_GenomeWideSNP_6_B10_1320446	4	69282205	69304939	7	0.6748
MOHEL_p_TCGA_271_274_275_N_GenomeWideSNP_6_B10_1320446	4	69316451	69602123	100	-0.2555
MOHEL_p_TCGA_271_274_275_N_GenomeWideSNP_6_B10_1320446	4	69606158	70120322	302	0.0378
MOHEL_p_TCGA_271_274_275_N_GenomeWideSNP_6_B10_1320446	4	70120699	70231799	59	0.4409
MOHEL_p_TCGA_271_274_275_N_GenomeWideSNP_6_B10_1320446	4	70232022	70389716	112	0.0255
MOHEL_p_TCGA_271_274_275_N_GenomeWideSNP_6_B10_1320446	4	70389861	70390779	2	-2.7015
MOHEL_p_TCGA_271_274_275_N_GenomeWideSNP_6_B10_1320446	4	70391888	115173656	27254	0.0027
MOHEL_p_TCGA_271_274_275_N_GenomeWideSNP_6_B10_1320446	4	115173700	115184229	25	0.7174
MOHEL_p_TCGA_271_274_275_N_GenomeWideSNP_6_B10_1320446	4	115184252	138179445	13355	0.0018
MOHEL_p_TCGA_271_274_275_N_GenomeWideSNP_6_B10_1320446	4	138182433	138190884	50	-0.8416
MOHEL_p_TCGA_271_274_275_N_GenomeWideSNP_6_B10_1320446	4	138191970	145311138	4603	0.0024
MOHEL_p_TCGA_271_274_275_N_GenomeWideSNP_6_B10_1320446	4	145318718	145320000	2	-1.6246
MOHEL_p_TCGA_271_274_275_N_GenomeWideSNP_6_B10_1320446	4	145326410	157305714	7197	0.0076
MOHEL_p_TCGA_271_274_275_N_GenomeWideSNP_6_B10_1320446	4	157305789	157305852	2	-1.6518
MOHEL_p_TCGA_271_274_275_N_GenomeWideSNP_6_B10_1320446	4	157305922	189221258	20901	-0.0017
MOHEL_p_TCGA_271_274_275_N_GenomeWideSNP_6_B10_1320446	4	189221360	189221424	3	-1.5949
MOHEL_p_TCGA_271_274_275_N_GenomeWideSNP_6_B10_1320446	4	189221439	191027923	1177	0.0195
MOHEL_p_TCGA_271_274_275_N_GenomeWideSNP_6_B10_1320446	5	15532	71311	27	0.3522
MOHEL_p_TCGA_271_274_275_N_GenomeWideSNP_6_B10_1320446	5	71328	685748	280	-0.0277
MOHEL_p_TCGA_271_274_275_N_GenomeWideSNP_6_B10_1320446	5	698371	773190	27	-0.4102
MOHEL_p_TCGA_271_274_275_N_GenomeWideSNP_6_B10_1320446	5	773547	12800889	9893	0.0019
MOHEL_p_TCGA_271_274_275_N_GenomeWideSNP_6_B10_1320446	5	12815780	12838533	14	-1.7068
MOHEL_p_TCGA_271_274_275_N_GenomeWideSNP_6_B10_1320446	5	12849201	18928033	4042	0.0021
MOHEL_p_TCGA_271_274_275_N_GenomeWideSNP_6_B10_1320446	5	18931655	18936590	2	-1.4686
MOHEL_p_TCGA_271_274_275_N_GenomeWideSNP_6_B10_1320446	5	18940079	21376844	1449	0.0023
MOHEL_p_TCGA_271_274_275_N_GenomeWideSNP_6_B10_1320446	5	21377839	21377853	2	2.4545
MOHEL_p_TCGA_271_274_275_N_GenomeWideSNP_6_B10_1320446	5	21386066	21449276	45	-0.0431
MOHEL_p_TCGA_271_274_275_N_GenomeWideSNP_6_B10_1320446	5	21451200	21452438	5	1.0233
MOHEL_p_TCGA_271_274_275_N_GenomeWideSNP_6_B10_1320446	5	21452496	34700704	8272	0.0024
MOHEL_p_TCGA_271_274_275_N_GenomeWideSNP_6_B10_1320446	5	34701065	34701189	2	-2.1631
MOHEL_p_TCGA_271_274_275_N_GenomeWideSNP_6_B10_1320446	5	34703363	46271008	6753	0.0015
MOHEL_p_TCGA_271_274_275_N_GenomeWideSNP_6_B10_1320446	5	46271108	49521592	41	-0.3487
MOHEL_p_TCGA_271_274_275_N_GenomeWideSNP_6_B10_1320446	5	49526027	70254898	12391	0.002
MOHEL_p_TCGA_271_274_275_N_GenomeWideSNP_6_B10_1320446	5	70254900	70254906	5	-1.135
MOHEL_p_TCGA_271_274_275_N_GenomeWideSNP_6_B10_1320446	5	70306659	78107908	4954	-6e-04
MOHEL_p_TCGA_271_274_275_N_GenomeWideSNP_6_B10_1320446	5	78109991	78111171	3	-1.3558
MOHEL_p_TCGA_271_274_275_N_GenomeWideSNP_6_B10_1320446	5	78115511	98615465	11543	0.0028
MOHEL_p_TCGA_271_274_275_N_GenomeWideSNP_6_B10_1320446	5	98615539	98616519	2	-2.1318
MOHEL_p_TCGA_271_274_275_N_GenomeWideSNP_6_B10_1320446	5	98616675	103506757	2821	-0.0019
MOHEL_p_TCGA_271_274_275_N_GenomeWideSNP_6_B10_1320446	5	103509780	103534126	22	-0.8819
MOHEL_p_TCGA_271_274_275_N_GenomeWideSNP_6_B10_1320446	5	103535488	113324270	6578	-0.0034
MOHEL_p_TCGA_271_274_275_N_GenomeWideSNP_6_B10_1320446	5	113327005	113335389	11	-0.8599
MOHEL_p_TCGA_271_274_275_N_GenomeWideSNP_6_B10_1320446	5	113336968	155475105	27090	0.0039
MOHEL_p_TCGA_271_274_275_N_GenomeWideSNP_6_B10_1320446	5	155476772	155482729	14	-0.6164
MOHEL_p_TCGA_271_274_275_N_GenomeWideSNP_6_B10_1320446	5	155495250	177198449	14829	0.0025
MOHEL_p_TCGA_271_274_275_N_GenomeWideSNP_6_B10_1320446	5	177227551	177232605	3	2.5411
MOHEL_p_TCGA_271_274_275_N_GenomeWideSNP_6_B10_1320446	5	177254965	180378888	1814	0.0042
MOHEL_p_TCGA_271_274_275_N_GenomeWideSNP_6_B10_1320446	5	180380203	180406968	9	-1.0464
MOHEL_p_TCGA_271_274_275_N_GenomeWideSNP_6_B10_1320446	5	180407230	180790320	179	-0.1185
MOHEL_p_TCGA_271_274_275_N_GenomeWideSNP_6_B10_1320446	6	149661	294837	124	0.1055
MOHEL_p_TCGA_271_274_275_N_GenomeWideSNP_6_B10_1320446	6	302306	380821	76	-0.3627
MOHEL_p_TCGA_271_274_275_N_GenomeWideSNP_6_B10_1320446	6	381149	7913546	6277	-0.0026
MOHEL_p_TCGA_271_274_275_N_GenomeWideSNP_6_B10_1320446	6	7913683	7917086	4	-1.1157
MOHEL_p_TCGA_271_274_275_N_GenomeWideSNP_6_B10_1320446	6	7917528	26718131	13802	0.002
MOHEL_p_TCGA_271_274_275_N_GenomeWideSNP_6_B10_1320446	6	26728640	26765068	27	0.3505
MOHEL_p_TCGA_271_274_275_N_GenomeWideSNP_6_B10_1320446	6	26766440	31286305	2129	0.0012
MOHEL_p_TCGA_271_274_275_N_GenomeWideSNP_6_B10_1320446	6	31286531	31296451	9	0.8495
MOHEL_p_TCGA_271_274_275_N_GenomeWideSNP_6_B10_1320446	6	31309924	32073624	299	-0.0623
MOHEL_p_TCGA_271_274_275_N_GenomeWideSNP_6_B10_1320446	6	32073693	32073706	2	-1.9546
MOHEL_p_TCGA_271_274_275_N_GenomeWideSNP_6_B10_1320446	6	32073750	32622194	267	-0.0517
MOHEL_p_TCGA_271_274_275_N_GenomeWideSNP_6_B10_1320446	6	32624304	32626618	6	-1.4197
MOHEL_p_TCGA_271_274_275_N_GenomeWideSNP_6_B10_1320446	6	32650612	32686196	37	-0.0182
MOHEL_p_TCGA_271_274_275_N_GenomeWideSNP_6_B10_1320446	6	32688615	32688853	3	-1.7654
MOHEL_p_TCGA_271_274_275_N_GenomeWideSNP_6_B10_1320446	6	32689324	48930865	10376	0.0032
MOHEL_p_TCGA_271_274_275_N_GenomeWideSNP_6_B10_1320446	6	48931729	48935079	4	-1.1393
MOHEL_p_TCGA_271_274_275_N_GenomeWideSNP_6_B10_1320446	6	48935200	53931151	3321	0.0017
MOHEL_p_TCGA_271_274_275_N_GenomeWideSNP_6_B10_1320446	6	53931230	53931855	6	1.1146
MOHEL_p_TCGA_271_274_275_N_GenomeWideSNP_6_B10_1320446	6	53935348	66394090	5054	0.0069
MOHEL_p_TCGA_271_274_275_N_GenomeWideSNP_6_B10_1320446	6	66399482	66403852	24	-0.7327
MOHEL_p_TCGA_271_274_275_N_GenomeWideSNP_6_B10_1320446	6	66407127	124431774	36580	0.0015
MOHEL_p_TCGA_271_274_275_N_GenomeWideSNP_6_B10_1320446	6	124435941	124470365	20	0.6777
MOHEL_p_TCGA_271_274_275_N_GenomeWideSNP_6_B10_1320446	6	124470761	127186554	1657	0.0108
MOHEL_p_TCGA_271_274_275_N_GenomeWideSNP_6_B10_1320446	6	127187019	127187658	2	-1.4703
MOHEL_p_TCGA_271_274_275_N_GenomeWideSNP_6_B10_1320446	6	127187745	168404322	28047	0.0023
MOHEL_p_TCGA_271_274_275_N_GenomeWideSNP_6_B10_1320446	6	168407474	168417600	13	-0.6643
MOHEL_p_TCGA_271_274_275_N_GenomeWideSNP_6_B10_1320446	6	168417693	171051005	1803	0.0138
MOHEL_p_TCGA_271_274_275_N_GenomeWideSNP_6_B10_1320446	7	43355	22434780	16098	0.0037
MOHEL_p_TCGA_271_274_275_N_GenomeWideSNP_6_B10_1320446	7	22435472	22436487	2	-2.3473
MOHEL_p_TCGA_271_274_275_N_GenomeWideSNP_6_B10_1320446	7	22438754	29673740	5376	0.0068
MOHEL_p_TCGA_271_274_275_N_GenomeWideSNP_6_B10_1320446	7	29673788	29691083	9	-1.0683
MOHEL_p_TCGA_271_274_275_N_GenomeWideSNP_6_B10_1320446	7	29691213	38268395	5932	-0.0024
MOHEL_p_TCGA_271_274_275_N_GenomeWideSNP_6_B10_1320446	7	38268586	38290693	16	0.2326
MOHEL_p_TCGA_271_274_275_N_GenomeWideSNP_6_B10_1320446	7	38290714	38310723	9	0.6551
MOHEL_p_TCGA_271_274_275_N_GenomeWideSNP_6_B10_1320446	7	38311098	53203856	10244	0.0012
MOHEL_p_TCGA_271_274_275_N_GenomeWideSNP_6_B10_1320446	7	53204000	53205864	8	-1.0885
MOHEL_p_TCGA_271_274_275_N_GenomeWideSNP_6_B10_1320446	7	53208066	70420438	7172	-0.0054
MOHEL_p_TCGA_271_274_275_N_GenomeWideSNP_6_B10_1320446	7	70423250	70426141	2	-2.806
MOHEL_p_TCGA_271_274_275_N_GenomeWideSNP_6_B10_1320446	7	70428243	84363699	7773	5e-04
MOHEL_p_TCGA_271_274_275_N_GenomeWideSNP_6_B10_1320446	7	84365574	84366874	2	-1.7495
MOHEL_p_TCGA_271_274_275_N_GenomeWideSNP_6_B10_1320446	7	84367492	92993940	5348	-0.0041
MOHEL_p_TCGA_271_274_275_N_GenomeWideSNP_6_B10_1320446	7	92995752	92997653	3	-1.2097
MOHEL_p_TCGA_271_274_275_N_GenomeWideSNP_6_B10_1320446	7	93000432	97395460	2740	0.0013
MOHEL_p_TCGA_271_274_275_N_GenomeWideSNP_6_B10_1320446	7	97395462	97402475	15	-0.8527
MOHEL_p_TCGA_271_274_275_N_GenomeWideSNP_6_B10_1320446	7	97404240	109433798	6633	-0.0056
MOHEL_p_TCGA_271_274_275_N_GenomeWideSNP_6_B10_1320446	7	109437092	109437772	15	-1.2741
MOHEL_p_TCGA_271_274_275_N_GenomeWideSNP_6_B10_1320446	7	109437774	109441244	10	0.0566
MOHEL_p_TCGA_271_274_275_N_GenomeWideSNP_6_B10_1320446	7	109441629	109453910	10	-2.3082
MOHEL_p_TCGA_271_274_275_N_GenomeWideSNP_6_B10_1320446	7	109453982	126044974	10037	0.0055
MOHEL_p_TCGA_271_274_275_N_GenomeWideSNP_6_B10_1320446	7	126045482	126046615	12	-1.1424
MOHEL_p_TCGA_271_274_275_N_GenomeWideSNP_6_B10_1320446	7	126046876	141763124	9944	0.0018
MOHEL_p_TCGA_271_274_275_N_GenomeWideSNP_6_B10_1320446	7	141769643	141787646	33	-0.5996
MOHEL_p_TCGA_271_274_275_N_GenomeWideSNP_6_B10_1320446	7	141787899	142047315	204	0.006
MOHEL_p_TCGA_271_274_275_N_GenomeWideSNP_6_B10_1320446	7	142047396	142047648	2	1.3353
MOHEL_p_TCGA_271_274_275_N_GenomeWideSNP_6_B10_1320446	7	142099013	142474939	254	0.0336
MOHEL_p_TCGA_271_274_275_N_GenomeWideSNP_6_B10_1320446	7	142476719	142486045	27	0.6563
MOHEL_p_TCGA_271_274_275_N_GenomeWideSNP_6_B10_1320446	7	142486115	143961286	857	-0.013
MOHEL_p_TCGA_271_274_275_N_GenomeWideSNP_6_B10_1320446	7	143961955	144027576	17	0.5201
MOHEL_p_TCGA_271_274_275_N_GenomeWideSNP_6_B10_1320446	7	144033851	153147638	5584	0.0028
MOHEL_p_TCGA_271_274_275_N_GenomeWideSNP_6_B10_1320446	7	153147645	153147712	2	-3.3234
MOHEL_p_TCGA_271_274_275_N_GenomeWideSNP_6_B10_1320446	7	153147715	159046884	4039	-0.0062
MOHEL_p_TCGA_271_274_275_N_GenomeWideSNP_6_B10_1320446	7	159046949	159127004	75	0.2561
MOHEL_p_TCGA_271_274_275_N_GenomeWideSNP_6_B10_1320446	8	31254	4316478	4438	0.0071
MOHEL_p_TCGA_271_274_275_N_GenomeWideSNP_6_B10_1320446	8	4322234	4334217	17	-1.1761
MOHEL_p_TCGA_271_274_275_N_GenomeWideSNP_6_B10_1320446	8	4335682	6826762	3270	0.0072
MOHEL_p_TCGA_271_274_275_N_GenomeWideSNP_6_B10_1320446	8	6827001	6827199	6	-1.3092
MOHEL_p_TCGA_271_274_275_N_GenomeWideSNP_6_B10_1320446	8	6833368	7186646	100	0.0526
MOHEL_p_TCGA_271_274_275_N_GenomeWideSNP_6_B10_1320446	8	7193821	7238019	25	0.5631
MOHEL_p_TCGA_271_274_275_N_GenomeWideSNP_6_B10_1320446	8	7250380	8385797	505	0.0076
MOHEL_p_TCGA_271_274_275_N_GenomeWideSNP_6_B10_1320446	8	8386150	8386357	3	-1.571
MOHEL_p_TCGA_271_274_275_N_GenomeWideSNP_6_B10_1320446	8	8386442	11859740	2921	-0.0033
MOHEL_p_TCGA_271_274_275_N_GenomeWideSNP_6_B10_1320446	8	11861809	11877195	2	-1.7824
MOHEL_p_TCGA_271_274_275_N_GenomeWideSNP_6_B10_1320446	8	11881859	12216848	24	0.1099
MOHEL_p_TCGA_271_274_275_N_GenomeWideSNP_6_B10_1320446	8	12232281	12242155	21	-0.3297
MOHEL_p_TCGA_271_274_275_N_GenomeWideSNP_6_B10_1320446	8	12242515	12245241	10	0.2668
MOHEL_p_TCGA_271_274_275_N_GenomeWideSNP_6_B10_1320446	8	12245257	12264554	11	-0.5204
MOHEL_p_TCGA_271_274_275_N_GenomeWideSNP_6_B10_1320446	8	12264613	12377443	37	0.1147
MOHEL_p_TCGA_271_274_275_N_GenomeWideSNP_6_B10_1320446	8	12377478	12390771	5	-0.6186
MOHEL_p_TCGA_271_274_275_N_GenomeWideSNP_6_B10_1320446	8	12403053	12722703	205	0.0172
MOHEL_p_TCGA_271_274_275_N_GenomeWideSNP_6_B10_1320446	8	12722989	12727228	2	1.459
MOHEL_p_TCGA_271_274_275_N_GenomeWideSNP_6_B10_1320446	8	12728476	18265154	5146	0.0062
MOHEL_p_TCGA_271_274_275_N_GenomeWideSNP_6_B10_1320446	8	18266157	18271185	4	-2.3318
MOHEL_p_TCGA_271_274_275_N_GenomeWideSNP_6_B10_1320446	8	18271387	23603029	4113	-0.0079
MOHEL_p_TCGA_271_274_275_N_GenomeWideSNP_6_B10_1320446	8	23603679	23604431	2	-1.1743
MOHEL_p_TCGA_271_274_275_N_GenomeWideSNP_6_B10_1320446	8	23604588	24972187	974	0.0138
MOHEL_p_TCGA_271_274_275_N_GenomeWideSNP_6_B10_1320446	8	24974443	24984333	27	0.62
MOHEL_p_TCGA_271_274_275_N_GenomeWideSNP_6_B10_1320446	8	24991104	39230325	9043	0.0059
MOHEL_p_TCGA_271_274_275_N_GenomeWideSNP_6_B10_1320446	8	39230659	39386965	60	0.3178
MOHEL_p_TCGA_271_274_275_N_GenomeWideSNP_6_B10_1320446	8	39388299	43581231	2552	-0.0012
MOHEL_p_TCGA_271_274_275_N_GenomeWideSNP_6_B10_1320446	8	43600380	43657438	14	-0.5843
MOHEL_p_TCGA_271_274_275_N_GenomeWideSNP_6_B10_1320446	8	43657703	51030772	2029	-0.0032
MOHEL_p_TCGA_271_274_275_N_GenomeWideSNP_6_B10_1320446	8	51032011	51033423	9	-0.6586
MOHEL_p_TCGA_271_274_275_N_GenomeWideSNP_6_B10_1320446	8	51038578	72215311	13316	0.0025
MOHEL_p_TCGA_271_274_275_N_GenomeWideSNP_6_B10_1320446	8	72215364	72216222	5	-0.9528
MOHEL_p_TCGA_271_274_275_N_GenomeWideSNP_6_B10_1320446	8	72216434	146298155	47086	0.0037
MOHEL_p_TCGA_271_274_275_N_GenomeWideSNP_6_B10_1320446	9	46587	5079156	5248	0.0047
MOHEL_p_TCGA_271_274_275_N_GenomeWideSNP_6_B10_1320446	9	5081416	5081953	10	-0.9225
MOHEL_p_TCGA_271_274_275_N_GenomeWideSNP_6_B10_1320446	9	5082995	11423810	5573	0.0028
MOHEL_p_TCGA_271_274_275_N_GenomeWideSNP_6_B10_1320446	9	11425143	11429733	2	-1.681
MOHEL_p_TCGA_271_274_275_N_GenomeWideSNP_6_B10_1320446	9	11434025	23361119	9623	0.0067
MOHEL_p_TCGA_271_274_275_N_GenomeWideSNP_6_B10_1320446	9	23361805	23366282	4	-1.0157
MOHEL_p_TCGA_271_274_275_N_GenomeWideSNP_6_B10_1320446	9	23367169	29091097	4347	-1e-04
MOHEL_p_TCGA_271_274_275_N_GenomeWideSNP_6_B10_1320446	9	29094549	29094997	2	-3.4672
MOHEL_p_TCGA_271_274_275_N_GenomeWideSNP_6_B10_1320446	9	29097680	29969969	637	-0.0073
MOHEL_p_TCGA_271_274_275_N_GenomeWideSNP_6_B10_1320446	9	29970411	29972111	2	-1.9951
MOHEL_p_TCGA_271_274_275_N_GenomeWideSNP_6_B10_1320446	9	29972177	44250853	6007	0.0055
MOHEL_p_TCGA_271_274_275_N_GenomeWideSNP_6_B10_1320446	9	44251228	44385979	11	-0.7798
MOHEL_p_TCGA_271_274_275_N_GenomeWideSNP_6_B10_1320446	9	44396699	68183981	198	0.0992
MOHEL_p_TCGA_271_274_275_N_GenomeWideSNP_6_B10_1320446	9	68186051	68186059	5	-1.5615
MOHEL_p_TCGA_271_274_275_N_GenomeWideSNP_6_B10_1320446	9	68188340	85376276	10611	0.0082
MOHEL_p_TCGA_271_274_275_N_GenomeWideSNP_6_B10_1320446	9	85376571	85384244	9	-1.0917
MOHEL_p_TCGA_271_274_275_N_GenomeWideSNP_6_B10_1320446	9	85391686	91009601	4124	0.0015
MOHEL_p_TCGA_271_274_275_N_GenomeWideSNP_6_B10_1320446	9	91011725	91012483	3	-0.9976
MOHEL_p_TCGA_271_274_275_N_GenomeWideSNP_6_B10_1320446	9	91013218	91311713	157	-0.0299
MOHEL_p_TCGA_271_274_275_N_GenomeWideSNP_6_B10_1320446	9	91314124	91314841	4	-1.0909
MOHEL_p_TCGA_271_274_275_N_GenomeWideSNP_6_B10_1320446	9	91315525	96470097	3473	0.0013
MOHEL_p_TCGA_271_274_275_N_GenomeWideSNP_6_B10_1320446	9	96470711	96470957	2	-2.1556
MOHEL_p_TCGA_271_274_275_N_GenomeWideSNP_6_B10_1320446	9	96472946	141091394	29879	0.0037
MOHEL_p_TCGA_271_274_275_N_GenomeWideSNP_6_B10_1320446	10	72809	18173963	14893	7e-04
MOHEL_p_TCGA_271_274_275_N_GenomeWideSNP_6_B10_1320446	10	18185123	18196769	2	-2.4982
MOHEL_p_TCGA_271_274_275_N_GenomeWideSNP_6_B10_1320446	10	18199813	24377682	4351	7e-04
MOHEL_p_TCGA_271_274_275_N_GenomeWideSNP_6_B10_1320446	10	24377918	24379039	8	0.5546
MOHEL_p_TCGA_271_274_275_N_GenomeWideSNP_6_B10_1320446	10	24380660	27222045	1986	0.0083
MOHEL_p_TCGA_271_274_275_N_GenomeWideSNP_6_B10_1320446	10	27222320	27230675	17	0.593
MOHEL_p_TCGA_271_274_275_N_GenomeWideSNP_6_B10_1320446	10	27230737	31246510	3035	0.0056
MOHEL_p_TCGA_271_274_275_N_GenomeWideSNP_6_B10_1320446	10	31251334	31251726	9	-0.7328
MOHEL_p_TCGA_271_274_275_N_GenomeWideSNP_6_B10_1320446	10	31251738	42469719	4881	0.0019
MOHEL_p_TCGA_271_274_275_N_GenomeWideSNP_6_B10_1320446	10	42469894	42522939	11	-0.5218
MOHEL_p_TCGA_271_274_275_N_GenomeWideSNP_6_B10_1320446	10	42523441	47058868	2469	0.0062
MOHEL_p_TCGA_271_274_275_N_GenomeWideSNP_6_B10_1320446	10	47058899	47068227	27	-0.3629
MOHEL_p_TCGA_271_274_275_N_GenomeWideSNP_6_B10_1320446	10	47068243	47771030	258	-0.0439
MOHEL_p_TCGA_271_274_275_N_GenomeWideSNP_6_B10_1320446	10	47897394	47912899	2	-1.7019
MOHEL_p_TCGA_271_274_275_N_GenomeWideSNP_6_B10_1320446	10	47913401	48045579	9	0.2075
MOHEL_p_TCGA_271_274_275_N_GenomeWideSNP_6_B10_1320446	10	48117203	48312447	7	-0.5538
MOHEL_p_TCGA_271_274_275_N_GenomeWideSNP_6_B10_1320446	10	48314310	48883402	279	0.0296
MOHEL_p_TCGA_271_274_275_N_GenomeWideSNP_6_B10_1320446	10	48902376	49045895	10	0.6006
MOHEL_p_TCGA_271_274_275_N_GenomeWideSNP_6_B10_1320446	10	49082219	68490976	13431	0.0029
MOHEL_p_TCGA_271_274_275_N_GenomeWideSNP_6_B10_1320446	10	68491026	68491213	2	-1.5721
MOHEL_p_TCGA_271_274_275_N_GenomeWideSNP_6_B10_1320446	10	68491260	72485180	2616	0.0056
MOHEL_p_TCGA_271_274_275_N_GenomeWideSNP_6_B10_1320446	10	72485191	72485801	2	-1.2763
MOHEL_p_TCGA_271_274_275_N_GenomeWideSNP_6_B10_1320446	10	72487058	90716595	12145	0.0019
MOHEL_p_TCGA_271_274_275_N_GenomeWideSNP_6_B10_1320446	10	90716652	90721491	10	-0.9282
MOHEL_p_TCGA_271_274_275_N_GenomeWideSNP_6_B10_1320446	10	90726364	135506704	30614	0.0021
MOHEL_p_TCGA_271_274_275_N_GenomeWideSNP_6_B10_1320446	11	198510	3267999	1270	-0.0086
MOHEL_p_TCGA_271_274_275_N_GenomeWideSNP_6_B10_1320446	11	3282568	3363765	7	0.6588
MOHEL_p_TCGA_271_274_275_N_GenomeWideSNP_6_B10_1320446	11	3363846	4276133	526	-0.0224
MOHEL_p_TCGA_271_274_275_N_GenomeWideSNP_6_B10_1320446	11	4295756	4328172	11	0.6057
MOHEL_p_TCGA_271_274_275_N_GenomeWideSNP_6_B10_1320446	11	4335878	4962632	643	0.0106
MOHEL_p_TCGA_271_274_275_N_GenomeWideSNP_6_B10_1320446	11	4962752	4977082	64	0.3937
MOHEL_p_TCGA_271_274_275_N_GenomeWideSNP_6_B10_1320446	11	4978382	5789601	786	-0.0043
MOHEL_p_TCGA_271_274_275_N_GenomeWideSNP_6_B10_1320446	11	5789725	5809461	31	0.341
MOHEL_p_TCGA_271_274_275_N_GenomeWideSNP_6_B10_1320446	11	5812360	6117976	245	-0.0347
MOHEL_p_TCGA_271_274_275_N_GenomeWideSNP_6_B10_1320446	11	6120647	6122094	2	-2.272
MOHEL_p_TCGA_271_274_275_N_GenomeWideSNP_6_B10_1320446	11	6122503	18940856	9171	-0.0014
MOHEL_p_TCGA_271_274_275_N_GenomeWideSNP_6_B10_1320446	11	18940870	18970705	62	0.3819
MOHEL_p_TCGA_271_274_275_N_GenomeWideSNP_6_B10_1320446	11	18970748	48593125	20615	0.0023
MOHEL_p_TCGA_271_274_275_N_GenomeWideSNP_6_B10_1320446	11	48594268	48606318	5	-1.3897
MOHEL_p_TCGA_271_274_275_N_GenomeWideSNP_6_B10_1320446	11	48608157	55361431	1221	-0.0264
MOHEL_p_TCGA_271_274_275_N_GenomeWideSNP_6_B10_1320446	11	55363340	55429973	43	0.4456
MOHEL_p_TCGA_271_274_275_N_GenomeWideSNP_6_B10_1320446	11	55431064	89467221	19942	0.0029
MOHEL_p_TCGA_271_274_275_N_GenomeWideSNP_6_B10_1320446	11	89468883	89535666	12	0.7454
MOHEL_p_TCGA_271_274_275_N_GenomeWideSNP_6_B10_1320446	11	89543752	98390440	6125	0.0056
MOHEL_p_TCGA_271_274_275_N_GenomeWideSNP_6_B10_1320446	11	98390729	98390810	3	-1.2217
MOHEL_p_TCGA_271_274_275_N_GenomeWideSNP_6_B10_1320446	11	98396251	113208437	10264	3e-04
MOHEL_p_TCGA_271_274_275_N_GenomeWideSNP_6_B10_1320446	11	113210755	113211370	2	-1.7977
MOHEL_p_TCGA_271_274_275_N_GenomeWideSNP_6_B10_1320446	11	113212553	119957516	4778	-0.0032
MOHEL_p_TCGA_271_274_275_N_GenomeWideSNP_6_B10_1320446	11	119957618	119957905	2	-1.3255
MOHEL_p_TCGA_271_274_275_N_GenomeWideSNP_6_B10_1320446	11	119960260	134900469	11278	0.0074
MOHEL_p_TCGA_271_274_275_N_GenomeWideSNP_6_B10_1320446	11	134902067	134944770	30	0.342
MOHEL_p_TCGA_271_274_275_N_GenomeWideSNP_6_B10_1320446	12	150442	9630556	6203	-0.0057
MOHEL_p_TCGA_271_274_275_N_GenomeWideSNP_6_B10_1320446	12	9633870	9728292	25	-1.6866
MOHEL_p_TCGA_271_274_275_N_GenomeWideSNP_6_B10_1320446	12	9734969	11504091	1188	0.0094
MOHEL_p_TCGA_271_274_275_N_GenomeWideSNP_6_B10_1320446	12	11511577	11543406	31	-0.8234
MOHEL_p_TCGA_271_274_275_N_GenomeWideSNP_6_B10_1320446	12	11552192	32053232	14521	0.0037
MOHEL_p_TCGA_271_274_275_N_GenomeWideSNP_6_B10_1320446	12	32053440	32057975	5	-0.8375
MOHEL_p_TCGA_271_274_275_N_GenomeWideSNP_6_B10_1320446	12	32061168	32330415	218	-0.0202
MOHEL_p_TCGA_271_274_275_N_GenomeWideSNP_6_B10_1320446	12	32331195	32334492	3	-1.2481
MOHEL_p_TCGA_271_274_275_N_GenomeWideSNP_6_B10_1320446	12	32336886	33386757	751	0.0057
MOHEL_p_TCGA_271_274_275_N_GenomeWideSNP_6_B10_1320446	12	33388829	33395418	5	0.9581
MOHEL_p_TCGA_271_274_275_N_GenomeWideSNP_6_B10_1320446	12	33399053	34230484	527	-0.004
MOHEL_p_TCGA_271_274_275_N_GenomeWideSNP_6_B10_1320446	12	34230940	34275406	24	-0.7239
MOHEL_p_TCGA_271_274_275_N_GenomeWideSNP_6_B10_1320446	12	34275794	90483350	32312	0.0016
MOHEL_p_TCGA_271_274_275_N_GenomeWideSNP_6_B10_1320446	12	90491669	90492074	7	-0.8848
MOHEL_p_TCGA_271_274_275_N_GenomeWideSNP_6_B10_1320446	12	90493557	133778189	29256	8e-04
MOHEL_p_TCGA_271_274_275_N_GenomeWideSNP_6_B10_1320446	13	19026949	38071135	13565	7e-04
MOHEL_p_TCGA_271_274_275_N_GenomeWideSNP_6_B10_1320446	13	38072036	38084757	16	0.5311
MOHEL_p_TCGA_271_274_275_N_GenomeWideSNP_6_B10_1320446	13	38088330	57758270	12537	0.0061
MOHEL_p_TCGA_271_274_275_N_GenomeWideSNP_6_B10_1320446	13	57758289	57778380	33	0.5415
MOHEL_p_TCGA_271_274_275_N_GenomeWideSNP_6_B10_1320446	13	57789714	72476988	8998	0.0013
MOHEL_p_TCGA_271_274_275_N_GenomeWideSNP_6_B10_1320446	13	72477555	72480556	4	-3.2421
MOHEL_p_TCGA_271_274_275_N_GenomeWideSNP_6_B10_1320446	13	72480605	115108397	29143	0.0032
MOHEL_p_TCGA_271_274_275_N_GenomeWideSNP_6_B10_1320446	14	19002124	19171044	18	0.1312
MOHEL_p_TCGA_271_274_275_N_GenomeWideSNP_6_B10_1320446	14	19191718	20424926	172	-0.3349
MOHEL_p_TCGA_271_274_275_N_GenomeWideSNP_6_B10_1320446	14	20425509	26783911	4370	0.0053
MOHEL_p_TCGA_271_274_275_N_GenomeWideSNP_6_B10_1320446	14	26783913	26783918	6	1.0369
MOHEL_p_TCGA_271_274_275_N_GenomeWideSNP_6_B10_1320446	14	26784913	106542277	50593	3e-04
MOHEL_p_TCGA_271_274_275_N_GenomeWideSNP_6_B10_1320446	14	106547314	106567100	11	-2.2893
MOHEL_p_TCGA_271_274_275_N_GenomeWideSNP_6_B10_1320446	14	106569463	106715489	66	0.0673
MOHEL_p_TCGA_271_274_275_N_GenomeWideSNP_6_B10_1320446	14	106717356	106727469	8	0.7245
MOHEL_p_TCGA_271_274_275_N_GenomeWideSNP_6_B10_1320446	14	106728162	106777343	27	-0.0171
MOHEL_p_TCGA_271_274_275_N_GenomeWideSNP_6_B10_1320446	14	106783044	106802053	8	1.024
MOHEL_p_TCGA_271_274_275_N_GenomeWideSNP_6_B10_1320446	14	106815943	107153173	218	0.0377
MOHEL_p_TCGA_271_274_275_N_GenomeWideSNP_6_B10_1320446	14	107160325	107176213	14	0.6169
MOHEL_p_TCGA_271_274_275_N_GenomeWideSNP_6_B10_1320446	14	107177931	107285437	76	0.1344
MOHEL_p_TCGA_271_274_275_N_GenomeWideSNP_6_B10_1320446	15	20016328	20231906	50	-0.0283
MOHEL_p_TCGA_271_274_275_N_GenomeWideSNP_6_B10_1320446	15	20246372	20392821	10	-0.6954
MOHEL_p_TCGA_271_274_275_N_GenomeWideSNP_6_B10_1320446	15	20395529	20601806	66	-0.2899
MOHEL_p_TCGA_271_274_275_N_GenomeWideSNP_6_B10_1320446	15	20601821	20609619	10	-0.8564
MOHEL_p_TCGA_271_274_275_N_GenomeWideSNP_6_B10_1320446	15	20611369	22042753	170	-0.093
MOHEL_p_TCGA_271_274_275_N_GenomeWideSNP_6_B10_1320446	15	22263557	22587474	114	-0.6034
MOHEL_p_TCGA_271_274_275_N_GenomeWideSNP_6_B10_1320446	15	22673399	47513253	15100	0.0073
MOHEL_p_TCGA_271_274_275_N_GenomeWideSNP_6_B10_1320446	15	47518807	47519554	6	-1.0729
MOHEL_p_TCGA_271_274_275_N_GenomeWideSNP_6_B10_1320446	15	47525661	76891511	18827	0.0093
MOHEL_p_TCGA_271_274_275_N_GenomeWideSNP_6_B10_1320446	15	76891627	76902179	21	-0.6338
MOHEL_p_TCGA_271_274_275_N_GenomeWideSNP_6_B10_1320446	15	76902194	97808409	14242	0.0012
MOHEL_p_TCGA_271_274_275_N_GenomeWideSNP_6_B10_1320446	15	97817792	97832187	11	-0.9284
MOHEL_p_TCGA_271_274_275_N_GenomeWideSNP_6_B10_1320446	15	97833649	102469040	3430	0.003
MOHEL_p_TCGA_271_274_275_N_GenomeWideSNP_6_B10_1320446	16	60777	32013278	20068	-0.0015
MOHEL_p_TCGA_271_274_275_N_GenomeWideSNP_6_B10_1320446	16	32024412	33621349	257	0.3777
MOHEL_p_TCGA_271_274_275_N_GenomeWideSNP_6_B10_1320446	16	33624309	34459709	217	0.0358
MOHEL_p_TCGA_271_274_275_N_GenomeWideSNP_6_B10_1320446	16	34466571	34765093	171	0.9647
MOHEL_p_TCGA_271_274_275_N_GenomeWideSNP_6_B10_1320446	16	34765216	55796594	6609	0.0032
MOHEL_p_TCGA_271_274_275_N_GenomeWideSNP_6_B10_1320446	16	55798222	55798779	3	3.647
MOHEL_p_TCGA_271_274_275_N_GenomeWideSNP_6_B10_1320446	16	55804348	90287535	25101	0.0015
MOHEL_p_TCGA_271_274_275_N_GenomeWideSNP_6_B10_1320446	17	526	16662914	10514	-0.0046
MOHEL_p_TCGA_271_274_275_N_GenomeWideSNP_6_B10_1320446	17	16663051	16740270	11	0.6085
MOHEL_p_TCGA_271_274_275_N_GenomeWideSNP_6_B10_1320446	17	16741515	18282665	893	-0.0105
MOHEL_p_TCGA_271_274_275_N_GenomeWideSNP_6_B10_1320446	17	18282743	18282941	2	1.0807
MOHEL_p_TCGA_271_274_275_N_GenomeWideSNP_6_B10_1320446	17	18282960	18355392	27	0.027
MOHEL_p_TCGA_271_274_275_N_GenomeWideSNP_6_B10_1320446	17	18358946	18465221	28	-1.51
MOHEL_p_TCGA_271_274_275_N_GenomeWideSNP_6_B10_1320446	17	18469197	39421708	9502	0.0019
MOHEL_p_TCGA_271_274_275_N_GenomeWideSNP_6_B10_1320446	17	39423014	39430531	24	1.1872
MOHEL_p_TCGA_271_274_275_N_GenomeWideSNP_6_B10_1320446	17	39432724	43656380	2168	-0.0098
MOHEL_p_TCGA_271_274_275_N_GenomeWideSNP_6_B10_1320446	17	43657243	43658471	4	-1.0915
MOHEL_p_TCGA_271_274_275_N_GenomeWideSNP_6_B10_1320446	17	43659426	44208144	371	-0.0171
MOHEL_p_TCGA_271_274_275_N_GenomeWideSNP_6_B10_1320446	17	44208333	44364170	93	-0.3265
MOHEL_p_TCGA_271_274_275_N_GenomeWideSNP_6_B10_1320446	17	44394412	44752300	48	0.7464
MOHEL_p_TCGA_271_274_275_N_GenomeWideSNP_6_B10_1320446	17	44764994	55862833	7170	-3e-04
MOHEL_p_TCGA_271_274_275_N_GenomeWideSNP_6_B10_1320446	17	55865288	55866330	2	-1.8388
MOHEL_p_TCGA_271_274_275_N_GenomeWideSNP_6_B10_1320446	17	55870278	81049726	14443	0.0017
MOHEL_p_TCGA_271_274_275_N_GenomeWideSNP_6_B10_1320446	18	11543	61833229	39079	0.0029
MOHEL_p_TCGA_271_274_275_N_GenomeWideSNP_6_B10_1320446	18	61837810	61985280	105	0.5889
MOHEL_p_TCGA_271_274_275_N_GenomeWideSNP_6_B10_1320446	18	61988481	63717753	1187	0.0101
MOHEL_p_TCGA_271_274_275_N_GenomeWideSNP_6_B10_1320446	18	63721579	63728340	13	-0.5359
MOHEL_p_TCGA_271_274_275_N_GenomeWideSNP_6_B10_1320446	18	63732738	78015057	10431	7e-04
MOHEL_p_TCGA_271_274_275_N_GenomeWideSNP_6_B10_1320446	19	90910	9273800	3413	-0.0138
MOHEL_p_TCGA_271_274_275_N_GenomeWideSNP_6_B10_1320446	19	9274672	9278121	5	-1.009
MOHEL_p_TCGA_271_274_275_N_GenomeWideSNP_6_B10_1320446	19	9284760	12692001	1659	-0.0184
MOHEL_p_TCGA_271_274_275_N_GenomeWideSNP_6_B10_1320446	19	12697366	12698102	2	-1.6819
MOHEL_p_TCGA_271_274_275_N_GenomeWideSNP_6_B10_1320446	19	12700523	21152367	4217	-0.0122
MOHEL_p_TCGA_271_274_275_N_GenomeWideSNP_6_B10_1320446	19	21153058	21153474	3	-1.5234
MOHEL_p_TCGA_271_274_275_N_GenomeWideSNP_6_B10_1320446	19	21154168	21814919	379	-0.0177
MOHEL_p_TCGA_271_274_275_N_GenomeWideSNP_6_B10_1320446	19	21815640	21819869	2	1.2923
MOHEL_p_TCGA_271_274_275_N_GenomeWideSNP_6_B10_1320446	19	21820111	35849322	7142	-0.0051
MOHEL_p_TCGA_271_274_275_N_GenomeWideSNP_6_B10_1320446	19	35849493	35861170	18	-0.6031
MOHEL_p_TCGA_271_274_275_N_GenomeWideSNP_6_B10_1320446	19	35861649	51332267	7555	-0.0112
MOHEL_p_TCGA_271_274_275_N_GenomeWideSNP_6_B10_1320446	19	51332386	51333238	5	-1.3533
MOHEL_p_TCGA_271_274_275_N_GenomeWideSNP_6_B10_1320446	19	51339207	52131813	554	0.0063
MOHEL_p_TCGA_271_274_275_N_GenomeWideSNP_6_B10_1320446	19	52142352	52148197	11	-1.0362
MOHEL_p_TCGA_271_274_275_N_GenomeWideSNP_6_B10_1320446	19	52154905	53517082	946	0.0014
MOHEL_p_TCGA_271_274_275_N_GenomeWideSNP_6_B10_1320446	19	53518514	53544977	20	0.525
MOHEL_p_TCGA_271_274_275_N_GenomeWideSNP_6_B10_1320446	19	53546855	56282369	1567	-0.0286
MOHEL_p_TCGA_271_274_275_N_GenomeWideSNP_6_B10_1320446	19	56282535	56283067	3	-3.0436
MOHEL_p_TCGA_271_274_275_N_GenomeWideSNP_6_B10_1320446	19	56286293	59097854	1848	-7e-04
MOHEL_p_TCGA_271_274_275_N_GenomeWideSNP_6_B10_1320446	20	61305	1582207	1243	-0.0015
MOHEL_p_TCGA_271_274_275_N_GenomeWideSNP_6_B10_1320446	20	1590257	1593893	5	-1.4608
MOHEL_p_TCGA_271_274_275_N_GenomeWideSNP_6_B10_1320446	20	1597946	48211026	30560	1e-04
MOHEL_p_TCGA_271_274_275_N_GenomeWideSNP_6_B10_1320446	20	48212105	48212306	2	-1.8762
MOHEL_p_TCGA_271_274_275_N_GenomeWideSNP_6_B10_1320446	20	48216346	62956153	10683	0.0038
MOHEL_p_TCGA_271_274_275_N_GenomeWideSNP_6_B10_1320446	21	10736871	24184674	6853	0.0042
MOHEL_p_TCGA_271_274_275_N_GenomeWideSNP_6_B10_1320446	21	24188779	24189250	3	-1.672
MOHEL_p_TCGA_271_274_275_N_GenomeWideSNP_6_B10_1320446	21	24189782	48096957	17546	0.0048
MOHEL_p_TCGA_271_274_275_N_GenomeWideSNP_6_B10_1320446	22	16052528	18673357	1212	0.0134
MOHEL_p_TCGA_271_274_275_N_GenomeWideSNP_6_B10_1320446	22	18732919	18748454	3	1.1344
MOHEL_p_TCGA_271_274_275_N_GenomeWideSNP_6_B10_1320446	22	18770421	21567231	1637	0.018
MOHEL_p_TCGA_271_274_275_N_GenomeWideSNP_6_B10_1320446	22	21572214	21708108	7	0.716
MOHEL_p_TCGA_271_274_275_N_GenomeWideSNP_6_B10_1320446	22	21721603	22485095	450	5e-04
MOHEL_p_TCGA_271_274_275_N_GenomeWideSNP_6_B10_1320446	22	22485140	22485156	2	-1.3605
MOHEL_p_TCGA_271_274_275_N_GenomeWideSNP_6_B10_1320446	22	22485271	39290920	12158	0.0053
MOHEL_p_TCGA_271_274_275_N_GenomeWideSNP_6_B10_1320446	22	39295255	39300048	5	-1.027
MOHEL_p_TCGA_271_274_275_N_GenomeWideSNP_6_B10_1320446	22	39300205	39363619	37	0.0258
MOHEL_p_TCGA_271_274_275_N_GenomeWideSNP_6_B10_1320446	22	39363684	39412668	41	0.3482
MOHEL_p_TCGA_271_274_275_N_GenomeWideSNP_6_B10_1320446	22	39413328	45253872	3628	0.0027
MOHEL_p_TCGA_271_274_275_N_GenomeWideSNP_6_B10_1320446	22	45253895	45253926	2	-1.249
MOHEL_p_TCGA_271_274_275_N_GenomeWideSNP_6_B10_1320446	22	45254100	51234455	4382	0.0066
MOHEL_p_TCGA_271_274_275_N_GenomeWideSNP_6_B10_1320446	X	168477	8632571	4637	0.0012
MOHEL_p_TCGA_271_274_275_N_GenomeWideSNP_6_B10_1320446	X	8634442	8639928	2	-1.7259
MOHEL_p_TCGA_271_274_275_N_GenomeWideSNP_6_B10_1320446	X	8641612	24111420	10098	0.0092
MOHEL_p_TCGA_271_274_275_N_GenomeWideSNP_6_B10_1320446	X	24112424	24116437	5	-1.0829
MOHEL_p_TCGA_271_274_275_N_GenomeWideSNP_6_B10_1320446	X	24125811	104147522	40101	4e-04
MOHEL_p_TCGA_271_274_275_N_GenomeWideSNP_6_B10_1320446	X	104155446	104189588	21	0.5898
MOHEL_p_TCGA_271_274_275_N_GenomeWideSNP_6_B10_1320446	X	104190533	111711367	3993	0.002
MOHEL_p_TCGA_271_274_275_N_GenomeWideSNP_6_B10_1320446	X	111717913	111742496	15	-1.1291
MOHEL_p_TCGA_271_274_275_N_GenomeWideSNP_6_B10_1320446	X	111742777	113351147	975	0.0055
MOHEL_p_TCGA_271_274_275_N_GenomeWideSNP_6_B10_1320446	X	113351278	113354682	5	-1.5816
MOHEL_p_TCGA_271_274_275_N_GenomeWideSNP_6_B10_1320446	X	113356966	155182354	24726	0.0052
MOHEL_p_TCGA_271_274_275_N_GenomeWideSNP_6_B10_1320446	Y	2650438	6101425	872	-2.6764
MOHEL_p_TCGA_271_274_275_N_GenomeWideSNP_6_B10_1320446	Y	6107901	6429434	131	-3.7196
MOHEL_p_TCGA_271_274_275_N_GenomeWideSNP_6_B10_1320446	Y	6438630	7399842	422	-2.9238
MOHEL_p_TCGA_271_274_275_N_GenomeWideSNP_6_B10_1320446	Y	7400746	9823373	1221	-3.2932
MOHEL_p_TCGA_271_274_275_N_GenomeWideSNP_6_B10_1320446	Y	9826040	15024621	679	-2.9681
MOHEL_p_TCGA_271_274_275_N_GenomeWideSNP_6_B10_1320446	Y	15026424	15030817	5	-6.1
MOHEL_p_TCGA_271_274_275_N_GenomeWideSNP_6_B10_1320446	Y	15032288	15590276	249	-3.0733
MOHEL_p_TCGA_271_274_275_N_GenomeWideSNP_6_B10_1320446	Y	15590342	15594523	3	-7.598
MOHEL_p_TCGA_271_274_275_N_GenomeWideSNP_6_B10_1320446	Y	15594889	18235431	1410	-3.148
MOHEL_p_TCGA_271_274_275_N_GenomeWideSNP_6_B10_1320446	Y	18236070	18529489	122	-3.6913
MOHEL_p_TCGA_271_274_275_N_GenomeWideSNP_6_B10_1320446	Y	18533335	19570632	549	-3.254
MOHEL_p_TCGA_271_274_275_N_GenomeWideSNP_6_B10_1320446	Y	19571480	20970746	650	-3.7414
MOHEL_p_TCGA_271_274_275_N_GenomeWideSNP_6_B10_1320446	Y	20971498	20972173	2	-8.1733
MOHEL_p_TCGA_271_274_275_N_GenomeWideSNP_6_B10_1320446	Y	20972409	21024613	21	-4.2501
MOHEL_p_TCGA_271_274_275_N_GenomeWideSNP_6_B10_1320446	Y	21025062	23859163	1083	-3.1957
MOHEL_p_TCGA_271_274_275_N_GenomeWideSNP_6_B10_1320446	Y	23859468	26218232	513	-3.6686
MOHEL_p_TCGA_271_274_275_N_GenomeWideSNP_6_B10_1320446	Y	26222820	26513715	82	-2.6998
MOHEL_p_TCGA_271_274_275_N_GenomeWideSNP_6_B10_1320446	Y	26517533	27315972	92	-4.1927
MOHEL_p_TCGA_271_274_275_N_GenomeWideSNP_6_B10_1320446	Y	27367487	27720551	93	-2.6742
MOHEL_p_TCGA_271_274_275_N_GenomeWideSNP_6_B10_1320446	Y	27721084	28277692	195	-3.7686
MOHEL_p_TCGA_271_274_275_N_GenomeWideSNP_6_B10_1320446	Y	28289727	28316052	10	-5.7107
MOHEL_p_TCGA_271_274_275_N_GenomeWideSNP_6_B10_1320446	Y	28320620	28470990	64	-3.5586
MOHEL_p_TCGA_271_274_275_N_GenomeWideSNP_6_B10_1320446	Y	28476039	59018259	165	-2.8161
