Sample	Chromosome	Start	End	Num_Probes	Segment_Mean
NULLS_p_TCGA_183_185_186_SNP_N_GenomeWideSNP_6_H02_914236	1	61735	1628418	228	0.0634
NULLS_p_TCGA_183_185_186_SNP_N_GenomeWideSNP_6_H02_914236	1	1628826	1672603	15	-0.9128
NULLS_p_TCGA_183_185_186_SNP_N_GenomeWideSNP_6_H02_914236	1	1687587	16149915	8178	0.014
NULLS_p_TCGA_183_185_186_SNP_N_GenomeWideSNP_6_H02_914236	1	16153497	16155010	10	-1.7083
NULLS_p_TCGA_183_185_186_SNP_N_GenomeWideSNP_6_H02_914236	1	16165661	16368133	86	-0.0188
NULLS_p_TCGA_183_185_186_SNP_N_GenomeWideSNP_6_H02_914236	1	16368403	16379416	5	0.7632
NULLS_p_TCGA_183_185_186_SNP_N_GenomeWideSNP_6_H02_914236	1	16389566	16869363	210	0.0068
NULLS_p_TCGA_183_185_186_SNP_N_GenomeWideSNP_6_H02_914236	1	16871278	16963269	25	-0.571
NULLS_p_TCGA_183_185_186_SNP_N_GenomeWideSNP_6_H02_914236	1	16963313	17056457	56	-0.2871
NULLS_p_TCGA_183_185_186_SNP_N_GenomeWideSNP_6_H02_914236	1	17076467	17112177	16	0.2282
NULLS_p_TCGA_183_185_186_SNP_N_GenomeWideSNP_6_H02_914236	1	17114427	17190862	8	-0.2147
NULLS_p_TCGA_183_185_186_SNP_N_GenomeWideSNP_6_H02_914236	1	17195155	17262247	61	-0.5991
NULLS_p_TCGA_183_185_186_SNP_N_GenomeWideSNP_6_H02_914236	1	17276241	25418699	5154	0.007
NULLS_p_TCGA_183_185_186_SNP_N_GenomeWideSNP_6_H02_914236	1	25423401	25424322	2	-1.2221
NULLS_p_TCGA_183_185_186_SNP_N_GenomeWideSNP_6_H02_914236	1	25424889	25593128	119	0.0167
NULLS_p_TCGA_183_185_186_SNP_N_GenomeWideSNP_6_H02_914236	1	25595881	25646184	23	0.5155
NULLS_p_TCGA_183_185_186_SNP_N_GenomeWideSNP_6_H02_914236	1	25646689	30737373	2404	0.0015
NULLS_p_TCGA_183_185_186_SNP_N_GenomeWideSNP_6_H02_914236	1	30738355	30739796	7	-2.0362
NULLS_p_TCGA_183_185_186_SNP_N_GenomeWideSNP_6_H02_914236	1	30741496	55090200	13636	0.0016
NULLS_p_TCGA_183_185_186_SNP_N_GenomeWideSNP_6_H02_914236	1	55093291	55094389	2	1.4102
NULLS_p_TCGA_183_185_186_SNP_N_GenomeWideSNP_6_H02_914236	1	55096450	72750353	12816	0.0127
NULLS_p_TCGA_183_185_186_SNP_N_GenomeWideSNP_6_H02_914236	1	72756113	72763370	9	-0.8973
NULLS_p_TCGA_183_185_186_SNP_N_GenomeWideSNP_6_H02_914236	1	72768418	76050844	1980	0.0136
NULLS_p_TCGA_183_185_186_SNP_N_GenomeWideSNP_6_H02_914236	1	76054763	76054854	2	-2.5071
NULLS_p_TCGA_183_185_186_SNP_N_GenomeWideSNP_6_H02_914236	1	76059509	106013376	19107	0.0166
NULLS_p_TCGA_183_185_186_SNP_N_GenomeWideSNP_6_H02_914236	1	106019205	106022375	17	0.4397
NULLS_p_TCGA_183_185_186_SNP_N_GenomeWideSNP_6_H02_914236	1	106024055	110221727	2654	0.0265
NULLS_p_TCGA_183_185_186_SNP_N_GenomeWideSNP_6_H02_914236	1	110224384	110240178	32	-0.6734
NULLS_p_TCGA_183_185_186_SNP_N_GenomeWideSNP_6_H02_914236	1	110242953	112690326	1958	0.0143
NULLS_p_TCGA_183_185_186_SNP_N_GenomeWideSNP_6_H02_914236	1	112695965	112697376	24	0.6009
NULLS_p_TCGA_183_185_186_SNP_N_GenomeWideSNP_6_H02_914236	1	112697390	121447136	5187	0.0212
NULLS_p_TCGA_183_185_186_SNP_N_GenomeWideSNP_6_H02_914236	1	121482979	144896080	93	0.3016
NULLS_p_TCGA_183_185_186_SNP_N_GenomeWideSNP_6_H02_914236	1	144896319	144935489	23	0.5816
NULLS_p_TCGA_183_185_186_SNP_N_GenomeWideSNP_6_H02_914236	1	144935534	145080051	61	0.3193
NULLS_p_TCGA_183_185_186_SNP_N_GenomeWideSNP_6_H02_914236	1	145083864	149436842	1182	0.6385
NULLS_p_TCGA_183_185_186_SNP_N_GenomeWideSNP_6_H02_914236	1	149521840	149664041	14	0.038
NULLS_p_TCGA_183_185_186_SNP_N_GenomeWideSNP_6_H02_914236	1	149676317	152555176	1483	0.6258
NULLS_p_TCGA_183_185_186_SNP_N_GenomeWideSNP_6_H02_914236	1	152555527	152586238	32	1.2506
NULLS_p_TCGA_183_185_186_SNP_N_GenomeWideSNP_6_H02_914236	1	152586278	152759678	175	0.6359
NULLS_p_TCGA_183_185_186_SNP_N_GenomeWideSNP_6_H02_914236	1	152761923	152768700	37	-1.9288
NULLS_p_TCGA_183_185_186_SNP_N_GenomeWideSNP_6_H02_914236	1	152773905	166911149	9580	0.6342
NULLS_p_TCGA_183_185_186_SNP_N_GenomeWideSNP_6_H02_914236	1	166913992	166914258	3	-0.977
NULLS_p_TCGA_183_185_186_SNP_N_GenomeWideSNP_6_H02_914236	1	166919342	169216937	1764	0.6265
NULLS_p_TCGA_183_185_186_SNP_N_GenomeWideSNP_6_H02_914236	1	169233974	169242401	8	-0.0638
NULLS_p_TCGA_183_185_186_SNP_N_GenomeWideSNP_6_H02_914236	1	169254877	179323738	6625	0.6377
NULLS_p_TCGA_183_185_186_SNP_N_GenomeWideSNP_6_H02_914236	1	179330528	179333315	4	-1.1718
NULLS_p_TCGA_183_185_186_SNP_N_GenomeWideSNP_6_H02_914236	1	179339206	196714873	11586	0.6395
NULLS_p_TCGA_183_185_186_SNP_N_GenomeWideSNP_6_H02_914236	1	196727850	196732086	4	-1.6522
NULLS_p_TCGA_183_185_186_SNP_N_GenomeWideSNP_6_H02_914236	1	196738623	196816730	93	1.1021
NULLS_p_TCGA_183_185_186_SNP_N_GenomeWideSNP_6_H02_914236	1	196823317	248737447	35796	0.6337
NULLS_p_TCGA_183_185_186_SNP_N_GenomeWideSNP_6_H02_914236	1	248749194	248797213	33	-0.631
NULLS_p_TCGA_183_185_186_SNP_N_GenomeWideSNP_6_H02_914236	1	248805339	249224388	145	0.627
NULLS_p_TCGA_183_185_186_SNP_N_GenomeWideSNP_6_H02_914236	2	12784	34691069	24122	0.0108
NULLS_p_TCGA_183_185_186_SNP_N_GenomeWideSNP_6_H02_914236	2	34699315	34737057	46	-0.4525
NULLS_p_TCGA_183_185_186_SNP_N_GenomeWideSNP_6_H02_914236	2	34737163	35975973	877	0.0135
NULLS_p_TCGA_183_185_186_SNP_N_GenomeWideSNP_6_H02_914236	2	35977790	35987916	6	-1.7938
NULLS_p_TCGA_183_185_186_SNP_N_GenomeWideSNP_6_H02_914236	2	35987947	37758745	1402	0.0096
NULLS_p_TCGA_183_185_186_SNP_N_GenomeWideSNP_6_H02_914236	2	37762224	37762897	3	-1.0501
NULLS_p_TCGA_183_185_186_SNP_N_GenomeWideSNP_6_H02_914236	2	37770075	49533042	8477	-7e-04
NULLS_p_TCGA_183_185_186_SNP_N_GenomeWideSNP_6_H02_914236	2	49535768	49537795	3	-1.4784
NULLS_p_TCGA_183_185_186_SNP_N_GenomeWideSNP_6_H02_914236	2	49538645	52754468	2285	0.0174
NULLS_p_TCGA_183_185_186_SNP_N_GenomeWideSNP_6_H02_914236	2	52754480	52781542	39	-2.5748
NULLS_p_TCGA_183_185_186_SNP_N_GenomeWideSNP_6_H02_914236	2	52787949	86937687	21954	0.0047
NULLS_p_TCGA_183_185_186_SNP_N_GenomeWideSNP_6_H02_914236	2	86953070	86953854	2	-1.9047
NULLS_p_TCGA_183_185_186_SNP_N_GenomeWideSNP_6_H02_914236	2	86970406	87330978	83	-0.0619
NULLS_p_TCGA_183_185_186_SNP_N_GenomeWideSNP_6_H02_914236	2	87337969	87996372	188	0.3809
NULLS_p_TCGA_183_185_186_SNP_N_GenomeWideSNP_6_H02_914236	2	88024667	97857927	1831	0.0102
NULLS_p_TCGA_183_185_186_SNP_N_GenomeWideSNP_6_H02_914236	2	97865337	97877173	15	-0.4644
NULLS_p_TCGA_183_185_186_SNP_N_GenomeWideSNP_6_H02_914236	2	97886334	98118212	24	-0.1011
NULLS_p_TCGA_183_185_186_SNP_N_GenomeWideSNP_6_H02_914236	2	98140747	98161710	8	1.0473
NULLS_p_TCGA_183_185_186_SNP_N_GenomeWideSNP_6_H02_914236	2	98162189	126442223	17110	0.0067
NULLS_p_TCGA_183_185_186_SNP_N_GenomeWideSNP_6_H02_914236	2	126451651	126451913	2	-2.2561
NULLS_p_TCGA_183_185_186_SNP_N_GenomeWideSNP_6_H02_914236	2	126451932	127842642	907	0.018
NULLS_p_TCGA_183_185_186_SNP_N_GenomeWideSNP_6_H02_914236	2	127843193	127843489	2	-1.1227
NULLS_p_TCGA_183_185_186_SNP_N_GenomeWideSNP_6_H02_914236	2	127848872	129638078	1036	-0.002
NULLS_p_TCGA_183_185_186_SNP_N_GenomeWideSNP_6_H02_914236	2	129638478	129640315	15	-0.6707
NULLS_p_TCGA_183_185_186_SNP_N_GenomeWideSNP_6_H02_914236	2	129640329	130793856	877	0.0038
NULLS_p_TCGA_183_185_186_SNP_N_GenomeWideSNP_6_H02_914236	2	130793883	130874488	16	-0.6149
NULLS_p_TCGA_183_185_186_SNP_N_GenomeWideSNP_6_H02_914236	2	130874876	134406081	1743	0.0096
NULLS_p_TCGA_183_185_186_SNP_N_GenomeWideSNP_6_H02_914236	2	134413604	135962711	1091	0.3775
NULLS_p_TCGA_183_185_186_SNP_N_GenomeWideSNP_6_H02_914236	2	135965106	154889809	11675	0.0019
NULLS_p_TCGA_183_185_186_SNP_N_GenomeWideSNP_6_H02_914236	2	154895975	154896482	2	-2.5003
NULLS_p_TCGA_183_185_186_SNP_N_GenomeWideSNP_6_H02_914236	2	154900223	159958620	2908	-7e-04
NULLS_p_TCGA_183_185_186_SNP_N_GenomeWideSNP_6_H02_914236	2	159960343	159960973	2	1.392
NULLS_p_TCGA_183_185_186_SNP_N_GenomeWideSNP_6_H02_914236	2	159963287	204177593	26448	2e-04
NULLS_p_TCGA_183_185_186_SNP_N_GenomeWideSNP_6_H02_914236	2	204182316	204189158	3	-1.3342
NULLS_p_TCGA_183_185_186_SNP_N_GenomeWideSNP_6_H02_914236	2	204195663	213181322	5825	0.0058
NULLS_p_TCGA_183_185_186_SNP_N_GenomeWideSNP_6_H02_914236	2	213186549	213191418	22	-1.019
NULLS_p_TCGA_183_185_186_SNP_N_GenomeWideSNP_6_H02_914236	2	213191725	220566980	4646	0.0069
NULLS_p_TCGA_183_185_186_SNP_N_GenomeWideSNP_6_H02_914236	2	220567392	220567410	2	-1.491
NULLS_p_TCGA_183_185_186_SNP_N_GenomeWideSNP_6_H02_914236	2	220568094	243089456	14441	0.0017
NULLS_p_TCGA_183_185_186_SNP_N_GenomeWideSNP_6_H02_914236	3	60345	26424422	19951	0.0376
NULLS_p_TCGA_183_185_186_SNP_N_GenomeWideSNP_6_H02_914236	3	26426191	26439343	6	0.8008
NULLS_p_TCGA_183_185_186_SNP_N_GenomeWideSNP_6_H02_914236	3	26445973	26611649	119	0.0069
NULLS_p_TCGA_183_185_186_SNP_N_GenomeWideSNP_6_H02_914236	3	26611667	26611885	4	-2.2426
NULLS_p_TCGA_183_185_186_SNP_N_GenomeWideSNP_6_H02_914236	3	26611898	26614974	9	-0.005
NULLS_p_TCGA_183_185_186_SNP_N_GenomeWideSNP_6_H02_914236	3	26614976	26614982	5	-0.981
NULLS_p_TCGA_183_185_186_SNP_N_GenomeWideSNP_6_H02_914236	3	26614984	45543225	12322	0.0374
NULLS_p_TCGA_183_185_186_SNP_N_GenomeWideSNP_6_H02_914236	3	45545624	45549494	5	-1.0787
NULLS_p_TCGA_183_185_186_SNP_N_GenomeWideSNP_6_H02_914236	3	45555365	65188453	12995	0.0365
NULLS_p_TCGA_183_185_186_SNP_N_GenomeWideSNP_6_H02_914236	3	65189235	65199702	31	-0.771
NULLS_p_TCGA_183_185_186_SNP_N_GenomeWideSNP_6_H02_914236	3	65199867	65203532	6	0.2169
NULLS_p_TCGA_183_185_186_SNP_N_GenomeWideSNP_6_H02_914236	3	65203538	65210452	16	-0.7839
NULLS_p_TCGA_183_185_186_SNP_N_GenomeWideSNP_6_H02_914236	3	65216349	68746164	2424	0.0581
NULLS_p_TCGA_183_185_186_SNP_N_GenomeWideSNP_6_H02_914236	3	68746259	68747413	14	-1.2265
NULLS_p_TCGA_183_185_186_SNP_N_GenomeWideSNP_6_H02_914236	3	68748758	75568549	4941	0.0387
NULLS_p_TCGA_183_185_186_SNP_N_GenomeWideSNP_6_H02_914236	3	75572549	75586805	5	0.8951
NULLS_p_TCGA_183_185_186_SNP_N_GenomeWideSNP_6_H02_914236	3	75595181	89260274	7556	0.044
NULLS_p_TCGA_183_185_186_SNP_N_GenomeWideSNP_6_H02_914236	3	89260326	89260661	3	-1.2418
NULLS_p_TCGA_183_185_186_SNP_N_GenomeWideSNP_6_H02_914236	3	89260993	98937784	3455	0.0465
NULLS_p_TCGA_183_185_186_SNP_N_GenomeWideSNP_6_H02_914236	3	98944458	98945395	15	-1.938
NULLS_p_TCGA_183_185_186_SNP_N_GenomeWideSNP_6_H02_914236	3	98945410	98949056	12	-3.6646
NULLS_p_TCGA_183_185_186_SNP_N_GenomeWideSNP_6_H02_914236	3	98949069	98949308	9	-1.6095
NULLS_p_TCGA_183_185_186_SNP_N_GenomeWideSNP_6_H02_914236	3	98949314	162524858	39123	0.0346
NULLS_p_TCGA_183_185_186_SNP_N_GenomeWideSNP_6_H02_914236	3	162528630	162540490	10	-1.114
NULLS_p_TCGA_183_185_186_SNP_N_GenomeWideSNP_6_H02_914236	3	162545716	162714517	120	0.1383
NULLS_p_TCGA_183_185_186_SNP_N_GenomeWideSNP_6_H02_914236	3	162717727	162719562	2	-3.0803
NULLS_p_TCGA_183_185_186_SNP_N_GenomeWideSNP_6_H02_914236	3	162726159	173240635	6299	0.0299
NULLS_p_TCGA_183_185_186_SNP_N_GenomeWideSNP_6_H02_914236	3	173247479	173253447	6	0.7168
NULLS_p_TCGA_183_185_186_SNP_N_GenomeWideSNP_6_H02_914236	3	173254484	173289680	17	0.5076
NULLS_p_TCGA_183_185_186_SNP_N_GenomeWideSNP_6_H02_914236	3	173300193	192877902	12809	0.0325
NULLS_p_TCGA_183_185_186_SNP_N_GenomeWideSNP_6_H02_914236	3	192877962	192882903	19	1.3678
NULLS_p_TCGA_183_185_186_SNP_N_GenomeWideSNP_6_H02_914236	3	192886435	197896118	2708	0.0279
NULLS_p_TCGA_183_185_186_SNP_N_GenomeWideSNP_6_H02_914236	4	12281	4166518	1716	-0.168
NULLS_p_TCGA_183_185_186_SNP_N_GenomeWideSNP_6_H02_914236	4	4166983	4166997	2	-1.6216
NULLS_p_TCGA_183_185_186_SNP_N_GenomeWideSNP_6_H02_914236	4	4167133	10210390	4088	-0.1546
NULLS_p_TCGA_183_185_186_SNP_N_GenomeWideSNP_6_H02_914236	4	10223416	10231498	28	-1.9045
NULLS_p_TCGA_183_185_186_SNP_N_GenomeWideSNP_6_H02_914236	4	10234214	10235268	7	-0.7826
NULLS_p_TCGA_183_185_186_SNP_N_GenomeWideSNP_6_H02_914236	4	10236142	32394074	15648	-0.144
NULLS_p_TCGA_183_185_186_SNP_N_GenomeWideSNP_6_H02_914236	4	32400551	32405314	6	-1.2308
NULLS_p_TCGA_183_185_186_SNP_N_GenomeWideSNP_6_H02_914236	4	32405883	34786500	1348	-0.1339
NULLS_p_TCGA_183_185_186_SNP_N_GenomeWideSNP_6_H02_914236	4	34786955	34824725	37	0.2602
NULLS_p_TCGA_183_185_186_SNP_N_GenomeWideSNP_6_H02_914236	4	34829872	40700573	3891	-0.1557
NULLS_p_TCGA_183_185_186_SNP_N_GenomeWideSNP_6_H02_914236	4	40704011	40704192	3	-2.1845
NULLS_p_TCGA_183_185_186_SNP_N_GenomeWideSNP_6_H02_914236	4	40704687	62347232	11429	-0.1507
NULLS_p_TCGA_183_185_186_SNP_N_GenomeWideSNP_6_H02_914236	4	62354285	62361459	8	-1.3123
NULLS_p_TCGA_183_185_186_SNP_N_GenomeWideSNP_6_H02_914236	4	62364817	93940594	19201	-0.1493
NULLS_p_TCGA_183_185_186_SNP_N_GenomeWideSNP_6_H02_914236	4	93943345	93994636	30	-0.8241
NULLS_p_TCGA_183_185_186_SNP_N_GenomeWideSNP_6_H02_914236	4	93997423	115173700	12778	-0.1521
NULLS_p_TCGA_183_185_186_SNP_N_GenomeWideSNP_6_H02_914236	4	115175323	115184252	25	0.7854
NULLS_p_TCGA_183_185_186_SNP_N_GenomeWideSNP_6_H02_914236	4	115184266	172987928	35172	-0.1487
NULLS_p_TCGA_183_185_186_SNP_N_GenomeWideSNP_6_H02_914236	4	172989148	172989533	12	-1.9347
NULLS_p_TCGA_183_185_186_SNP_N_GenomeWideSNP_6_H02_914236	4	172995979	191027923	12133	-0.1577
NULLS_p_TCGA_183_185_186_SNP_N_GenomeWideSNP_6_H02_914236	5	15532	698505	310	0.0134
NULLS_p_TCGA_183_185_186_SNP_N_GenomeWideSNP_6_H02_914236	5	717379	819815	45	-0.4359
NULLS_p_TCGA_183_185_186_SNP_N_GenomeWideSNP_6_H02_914236	5	819932	19458788	14274	0.0331
NULLS_p_TCGA_183_185_186_SNP_N_GenomeWideSNP_6_H02_914236	5	19459021	19459627	3	-2.5253
NULLS_p_TCGA_183_185_186_SNP_N_GenomeWideSNP_6_H02_914236	5	19462271	21376844	1109	0.038
NULLS_p_TCGA_183_185_186_SNP_N_GenomeWideSNP_6_H02_914236	5	21377839	21377853	2	2.4798
NULLS_p_TCGA_183_185_186_SNP_N_GenomeWideSNP_6_H02_914236	5	21386066	21449276	45	-0.0268
NULLS_p_TCGA_183_185_186_SNP_N_GenomeWideSNP_6_H02_914236	5	21451200	21452438	5	0.9229
NULLS_p_TCGA_183_185_186_SNP_N_GenomeWideSNP_6_H02_914236	5	21452496	25824908	2555	0.0227
NULLS_p_TCGA_183_185_186_SNP_N_GenomeWideSNP_6_H02_914236	5	25829555	25839067	2	-1.913
NULLS_p_TCGA_183_185_186_SNP_N_GenomeWideSNP_6_H02_914236	5	25839780	28209526	1380	0.0063
NULLS_p_TCGA_183_185_186_SNP_N_GenomeWideSNP_6_H02_914236	5	28209875	28210094	2	-1.3064
NULLS_p_TCGA_183_185_186_SNP_N_GenomeWideSNP_6_H02_914236	5	28210210	36787878	5827	0.0166
NULLS_p_TCGA_183_185_186_SNP_N_GenomeWideSNP_6_H02_914236	5	36788095	36792628	4	-1.3268
NULLS_p_TCGA_183_185_186_SNP_N_GenomeWideSNP_6_H02_914236	5	36792815	57321646	10356	0.028
NULLS_p_TCGA_183_185_186_SNP_N_GenomeWideSNP_6_H02_914236	5	57326027	57333533	32	1.6284
NULLS_p_TCGA_183_185_186_SNP_N_GenomeWideSNP_6_H02_914236	5	57338357	59169335	1442	0.0287
NULLS_p_TCGA_183_185_186_SNP_N_GenomeWideSNP_6_H02_914236	5	59172911	61362352	1259	0.4126
NULLS_p_TCGA_183_185_186_SNP_N_GenomeWideSNP_6_H02_914236	5	61364842	68846303	4605	0.0306
NULLS_p_TCGA_183_185_186_SNP_N_GenomeWideSNP_6_H02_914236	5	68867294	69118135	5	-1.4404
NULLS_p_TCGA_183_185_186_SNP_N_GenomeWideSNP_6_H02_914236	5	69233427	75967232	3628	0.0366
NULLS_p_TCGA_183_185_186_SNP_N_GenomeWideSNP_6_H02_914236	5	75967629	75968099	2	-1.1063
NULLS_p_TCGA_183_185_186_SNP_N_GenomeWideSNP_6_H02_914236	5	75968518	78107908	1339	0.0357
NULLS_p_TCGA_183_185_186_SNP_N_GenomeWideSNP_6_H02_914236	5	78109991	78111171	3	-0.9991
NULLS_p_TCGA_183_185_186_SNP_N_GenomeWideSNP_6_H02_914236	5	78115511	81418763	1943	0.027
NULLS_p_TCGA_183_185_186_SNP_N_GenomeWideSNP_6_H02_914236	5	81419278	81427482	3	-2.3333
NULLS_p_TCGA_183_185_186_SNP_N_GenomeWideSNP_6_H02_914236	5	81428038	103851221	12653	0.0372
NULLS_p_TCGA_183_185_186_SNP_N_GenomeWideSNP_6_H02_914236	5	103860373	103860604	4	-1.7764
NULLS_p_TCGA_183_185_186_SNP_N_GenomeWideSNP_6_H02_914236	5	103861049	140218722	23263	0.039
NULLS_p_TCGA_183_185_186_SNP_N_GenomeWideSNP_6_H02_914236	5	140223836	140243756	13	-0.8007
NULLS_p_TCGA_183_185_186_SNP_N_GenomeWideSNP_6_H02_914236	5	140252163	180378710	26898	0.0356
NULLS_p_TCGA_183_185_186_SNP_N_GenomeWideSNP_6_H02_914236	5	180378888	180418103	18	-0.416
NULLS_p_TCGA_183_185_186_SNP_N_GenomeWideSNP_6_H02_914236	5	180433225	180790320	171	-0.0013
NULLS_p_TCGA_183_185_186_SNP_N_GenomeWideSNP_6_H02_914236	6	149661	294837	123	0.0141
NULLS_p_TCGA_183_185_186_SNP_N_GenomeWideSNP_6_H02_914236	6	302306	380821	77	0.6968
NULLS_p_TCGA_183_185_186_SNP_N_GenomeWideSNP_6_H02_914236	6	381149	1565597	1076	0.0255
NULLS_p_TCGA_183_185_186_SNP_N_GenomeWideSNP_6_H02_914236	6	1569018	1683847	87	-0.5394
NULLS_p_TCGA_183_185_186_SNP_N_GenomeWideSNP_6_H02_914236	6	1684444	1684571	2	-1.7312
NULLS_p_TCGA_183_185_186_SNP_N_GenomeWideSNP_6_H02_914236	6	1684656	2716892	776	-0.5226
NULLS_p_TCGA_183_185_186_SNP_N_GenomeWideSNP_6_H02_914236	6	2717090	6026211	2722	0.0312
NULLS_p_TCGA_183_185_186_SNP_N_GenomeWideSNP_6_H02_914236	6	6033931	6037045	4	-0.888
NULLS_p_TCGA_183_185_186_SNP_N_GenomeWideSNP_6_H02_914236	6	6040213	19040119	9944	0.0195
NULLS_p_TCGA_183_185_186_SNP_N_GenomeWideSNP_6_H02_914236	6	19042181	19044702	4	-0.9899
NULLS_p_TCGA_183_185_186_SNP_N_GenomeWideSNP_6_H02_914236	6	19044716	32690027	8267	0.0306
NULLS_p_TCGA_183_185_186_SNP_N_GenomeWideSNP_6_H02_914236	6	32690797	32690812	2	-1.3844
NULLS_p_TCGA_183_185_186_SNP_N_GenomeWideSNP_6_H02_914236	6	32690830	33937999	763	0.0205
NULLS_p_TCGA_183_185_186_SNP_N_GenomeWideSNP_6_H02_914236	6	33938743	33942705	7	-0.9656
NULLS_p_TCGA_183_185_186_SNP_N_GenomeWideSNP_6_H02_914236	6	33944586	62113482	15608	0.0252
NULLS_p_TCGA_183_185_186_SNP_N_GenomeWideSNP_6_H02_914236	6	62118683	62123362	2	-2.383
NULLS_p_TCGA_183_185_186_SNP_N_GenomeWideSNP_6_H02_914236	6	62206268	66399482	2395	0.0345
NULLS_p_TCGA_183_185_186_SNP_N_GenomeWideSNP_6_H02_914236	6	66399537	66403852	23	-0.7551
NULLS_p_TCGA_183_185_186_SNP_N_GenomeWideSNP_6_H02_914236	6	66407127	74591858	5444	0.0426
NULLS_p_TCGA_183_185_186_SNP_N_GenomeWideSNP_6_H02_914236	6	74592225	74601410	10	0.9847
NULLS_p_TCGA_183_185_186_SNP_N_GenomeWideSNP_6_H02_914236	6	74603555	77014948	1470	0.042
NULLS_p_TCGA_183_185_186_SNP_N_GenomeWideSNP_6_H02_914236	6	77016900	77016926	3	-1.0044
NULLS_p_TCGA_183_185_186_SNP_N_GenomeWideSNP_6_H02_914236	6	77016993	78956554	1285	0.0531
NULLS_p_TCGA_183_185_186_SNP_N_GenomeWideSNP_6_H02_914236	6	78961209	79041809	128	0.3165
NULLS_p_TCGA_183_185_186_SNP_N_GenomeWideSNP_6_H02_914236	6	79045766	83490675	2883	0.0456
NULLS_p_TCGA_183_185_186_SNP_N_GenomeWideSNP_6_H02_914236	6	83493373	83493393	2	-1.2637
NULLS_p_TCGA_183_185_186_SNP_N_GenomeWideSNP_6_H02_914236	6	83493985	86702090	1934	0.0478
NULLS_p_TCGA_183_185_186_SNP_N_GenomeWideSNP_6_H02_914236	6	86705255	86705922	3	-1.2281
NULLS_p_TCGA_183_185_186_SNP_N_GenomeWideSNP_6_H02_914236	6	86708248	103734825	10672	0.0445
NULLS_p_TCGA_183_185_186_SNP_N_GenomeWideSNP_6_H02_914236	6	103734829	103752042	27	-0.3313
NULLS_p_TCGA_183_185_186_SNP_N_GenomeWideSNP_6_H02_914236	6	103752173	124431774	12732	0.0429
NULLS_p_TCGA_183_185_186_SNP_N_GenomeWideSNP_6_H02_914236	6	124435941	124470761	21	0.6621
NULLS_p_TCGA_183_185_186_SNP_N_GenomeWideSNP_6_H02_914236	6	124471533	134266268	6373	0.0494
NULLS_p_TCGA_183_185_186_SNP_N_GenomeWideSNP_6_H02_914236	6	134269071	134269632	2	-2.5394
NULLS_p_TCGA_183_185_186_SNP_N_GenomeWideSNP_6_H02_914236	6	134272072	139420995	3590	0.0408
NULLS_p_TCGA_183_185_186_SNP_N_GenomeWideSNP_6_H02_914236	6	139421737	139422683	2	-2.3767
NULLS_p_TCGA_183_185_186_SNP_N_GenomeWideSNP_6_H02_914236	6	139425123	171051005	21582	0.0497
NULLS_p_TCGA_183_185_186_SNP_N_GenomeWideSNP_6_H02_914236	7	43355	24829445	17872	0.0309
NULLS_p_TCGA_183_185_186_SNP_N_GenomeWideSNP_6_H02_914236	7	24831960	24832455	2	-1.7326
NULLS_p_TCGA_183_185_186_SNP_N_GenomeWideSNP_6_H02_914236	7	24833151	54380373	20725	0.0301
NULLS_p_TCGA_183_185_186_SNP_N_GenomeWideSNP_6_H02_914236	7	54386505	54386517	6	-0.934
NULLS_p_TCGA_183_185_186_SNP_N_GenomeWideSNP_6_H02_914236	7	54393488	70420438	6301	0.0308
NULLS_p_TCGA_183_185_186_SNP_N_GenomeWideSNP_6_H02_914236	7	70423250	70426141	2	-2.9242
NULLS_p_TCGA_183_185_186_SNP_N_GenomeWideSNP_6_H02_914236	7	70428243	109441244	22546	0.0276
NULLS_p_TCGA_183_185_186_SNP_N_GenomeWideSNP_6_H02_914236	7	109441629	109453910	10	-0.6689
NULLS_p_TCGA_183_185_186_SNP_N_GenomeWideSNP_6_H02_914236	7	109453982	124930633	9280	0.0343
NULLS_p_TCGA_183_185_186_SNP_N_GenomeWideSNP_6_H02_914236	7	124930722	124933223	2	-2.6198
NULLS_p_TCGA_183_185_186_SNP_N_GenomeWideSNP_6_H02_914236	7	124933877	126045556	764	0.014
NULLS_p_TCGA_183_185_186_SNP_N_GenomeWideSNP_6_H02_914236	7	126045651	126046615	10	-1.5617
NULLS_p_TCGA_183_185_186_SNP_N_GenomeWideSNP_6_H02_914236	7	126046876	159127004	21051	0.0285
NULLS_p_TCGA_183_185_186_SNP_N_GenomeWideSNP_6_H02_914236	8	31254	161222	6	0.7327
NULLS_p_TCGA_183_185_186_SNP_N_GenomeWideSNP_6_H02_914236	8	162672	593041	321	0.0266
NULLS_p_TCGA_183_185_186_SNP_N_GenomeWideSNP_6_H02_914236	8	594944	595908	10	1.0532
NULLS_p_TCGA_183_185_186_SNP_N_GenomeWideSNP_6_H02_914236	8	606117	2133375	1243	0.0471
NULLS_p_TCGA_183_185_186_SNP_N_GenomeWideSNP_6_H02_914236	8	2141462	2166253	27	-0.9776
NULLS_p_TCGA_183_185_186_SNP_N_GenomeWideSNP_6_H02_914236	8	2173763	5594267	4489	0.0408
NULLS_p_TCGA_183_185_186_SNP_N_GenomeWideSNP_6_H02_914236	8	5598726	5607088	28	-0.7311
NULLS_p_TCGA_183_185_186_SNP_N_GenomeWideSNP_6_H02_914236	8	5607156	7255110	1740	0.0449
NULLS_p_TCGA_183_185_186_SNP_N_GenomeWideSNP_6_H02_914236	8	7267365	7831645	148	-0.2956
NULLS_p_TCGA_183_185_186_SNP_N_GenomeWideSNP_6_H02_914236	8	7832054	7935855	22	0.1709
NULLS_p_TCGA_183_185_186_SNP_N_GenomeWideSNP_6_H02_914236	8	7943182	8017932	34	-0.3375
NULLS_p_TCGA_183_185_186_SNP_N_GenomeWideSNP_6_H02_914236	8	8018036	8072303	7	0.5243
NULLS_p_TCGA_183_185_186_SNP_N_GenomeWideSNP_6_H02_914236	8	8087144	8385797	288	0.0229
NULLS_p_TCGA_183_185_186_SNP_N_GenomeWideSNP_6_H02_914236	8	8386150	8386357	3	-1.5819
NULLS_p_TCGA_183_185_186_SNP_N_GenomeWideSNP_6_H02_914236	8	8386442	12198254	2950	0.0257
NULLS_p_TCGA_183_185_186_SNP_N_GenomeWideSNP_6_H02_914236	8	12216009	12353761	72	-0.4418
NULLS_p_TCGA_183_185_186_SNP_N_GenomeWideSNP_6_H02_914236	8	12358181	14509568	1994	0.0346
NULLS_p_TCGA_183_185_186_SNP_N_GenomeWideSNP_6_H02_914236	8	14510032	14510074	3	-1.1515
NULLS_p_TCGA_183_185_186_SNP_N_GenomeWideSNP_6_H02_914236	8	14510396	24976202	8477	0.0403
NULLS_p_TCGA_183_185_186_SNP_N_GenomeWideSNP_6_H02_914236	8	24976536	24979987	14	-0.9234
NULLS_p_TCGA_183_185_186_SNP_N_GenomeWideSNP_6_H02_914236	8	24984069	39246675	9056	0.0381
NULLS_p_TCGA_183_185_186_SNP_N_GenomeWideSNP_6_H02_914236	8	39247111	39386965	57	0.8621
NULLS_p_TCGA_183_185_186_SNP_N_GenomeWideSNP_6_H02_914236	8	39388299	39830700	268	0.044
NULLS_p_TCGA_183_185_186_SNP_N_GenomeWideSNP_6_H02_914236	8	39830957	39831647	3	-0.9198
NULLS_p_TCGA_183_185_186_SNP_N_GenomeWideSNP_6_H02_914236	8	39834819	40183797	319	0.0345
NULLS_p_TCGA_183_185_186_SNP_N_GenomeWideSNP_6_H02_914236	8	40183799	40194429	35	-0.7945
NULLS_p_TCGA_183_185_186_SNP_N_GenomeWideSNP_6_H02_914236	8	40194456	58372366	8780	0.0262
NULLS_p_TCGA_183_185_186_SNP_N_GenomeWideSNP_6_H02_914236	8	58372508	58391283	17	-0.4068
NULLS_p_TCGA_183_185_186_SNP_N_GenomeWideSNP_6_H02_914236	8	58391611	68547669	6140	0.0089
NULLS_p_TCGA_183_185_186_SNP_N_GenomeWideSNP_6_H02_914236	8	68548132	68548306	5	-0.7564
NULLS_p_TCGA_183_185_186_SNP_N_GenomeWideSNP_6_H02_914236	8	68548400	112294466	26513	0.0149
NULLS_p_TCGA_183_185_186_SNP_N_GenomeWideSNP_6_H02_914236	8	112294646	112295245	6	-1.9367
NULLS_p_TCGA_183_185_186_SNP_N_GenomeWideSNP_6_H02_914236	8	112295260	115634554	1832	0.0179
NULLS_p_TCGA_183_185_186_SNP_N_GenomeWideSNP_6_H02_914236	8	115634653	115665386	39	0.2886
NULLS_p_TCGA_183_185_186_SNP_N_GenomeWideSNP_6_H02_914236	8	115672960	125755750	6833	0.0039
NULLS_p_TCGA_183_185_186_SNP_N_GenomeWideSNP_6_H02_914236	8	125756134	125756720	3	-0.9891
NULLS_p_TCGA_183_185_186_SNP_N_GenomeWideSNP_6_H02_914236	8	125758626	146298155	14242	0.0046
NULLS_p_TCGA_183_185_186_SNP_N_GenomeWideSNP_6_H02_914236	9	46587	672786	657	-0.1496
NULLS_p_TCGA_183_185_186_SNP_N_GenomeWideSNP_6_H02_914236	9	672895	673512	5	-1.0125
NULLS_p_TCGA_183_185_186_SNP_N_GenomeWideSNP_6_H02_914236	9	676055	43602726	30754	-0.1438
NULLS_p_TCGA_183_185_186_SNP_N_GenomeWideSNP_6_H02_914236	9	43612162	43800186	27	-0.717
NULLS_p_TCGA_183_185_186_SNP_N_GenomeWideSNP_6_H02_914236	9	44114872	69479877	367	-0.1783
NULLS_p_TCGA_183_185_186_SNP_N_GenomeWideSNP_6_H02_914236	9	69492981	69522825	13	-1.0325
NULLS_p_TCGA_183_185_186_SNP_N_GenomeWideSNP_6_H02_914236	9	69533038	69637172	11	-0.2565
NULLS_p_TCGA_183_185_186_SNP_N_GenomeWideSNP_6_H02_914236	9	69644354	69696000	5	-1.0065
NULLS_p_TCGA_183_185_186_SNP_N_GenomeWideSNP_6_H02_914236	9	69807016	90522594	14319	-0.1497
NULLS_p_TCGA_183_185_186_SNP_N_GenomeWideSNP_6_H02_914236	9	90554151	90554219	2	-2.1748
NULLS_p_TCGA_183_185_186_SNP_N_GenomeWideSNP_6_H02_914236	9	90557957	141091394	33802	-0.1511
NULLS_p_TCGA_183_185_186_SNP_N_GenomeWideSNP_6_H02_914236	10	72759	130308	14	0.0581
NULLS_p_TCGA_183_185_186_SNP_N_GenomeWideSNP_6_H02_914236	10	133551	143255	9	-0.864
NULLS_p_TCGA_183_185_186_SNP_N_GenomeWideSNP_6_H02_914236	10	143543	17894976	14870	-0.1596
NULLS_p_TCGA_183_185_186_SNP_N_GenomeWideSNP_6_H02_914236	10	17927554	17949857	3	-2.3042
NULLS_p_TCGA_183_185_186_SNP_N_GenomeWideSNP_6_H02_914236	10	17971816	18136748	10	0.3835
NULLS_p_TCGA_183_185_186_SNP_N_GenomeWideSNP_6_H02_914236	10	18150761	67306079	29867	-0.1519
NULLS_p_TCGA_183_185_186_SNP_N_GenomeWideSNP_6_H02_914236	10	67306158	67322926	32	0.1811
NULLS_p_TCGA_183_185_186_SNP_N_GenomeWideSNP_6_H02_914236	10	67325453	88976597	14475	-0.1556
NULLS_p_TCGA_183_185_186_SNP_N_GenomeWideSNP_6_H02_914236	10	89018962	89131190	22	0.3322
NULLS_p_TCGA_183_185_186_SNP_N_GenomeWideSNP_6_H02_914236	10	89133936	135506704	31842	-0.1546
NULLS_p_TCGA_183_185_186_SNP_N_GenomeWideSNP_6_H02_914236	11	198510	7809678	4841	0.0239
NULLS_p_TCGA_183_185_186_SNP_N_GenomeWideSNP_6_H02_914236	11	7813040	7832258	7	-0.8977
NULLS_p_TCGA_183_185_186_SNP_N_GenomeWideSNP_6_H02_914236	11	7837009	18940870	7918	0.0379
NULLS_p_TCGA_183_185_186_SNP_N_GenomeWideSNP_6_H02_914236	11	18949072	18961922	55	0.7441
NULLS_p_TCGA_183_185_186_SNP_N_GenomeWideSNP_6_H02_914236	11	18961935	55256297	21774	0.039
NULLS_p_TCGA_183_185_186_SNP_N_GenomeWideSNP_6_H02_914236	11	55257604	55261905	7	-0.8992
NULLS_p_TCGA_183_185_186_SNP_N_GenomeWideSNP_6_H02_914236	11	55265408	80966352	14274	0.0251
NULLS_p_TCGA_183_185_186_SNP_N_GenomeWideSNP_6_H02_914236	11	80966611	118425419	26067	-0.4665
NULLS_p_TCGA_183_185_186_SNP_N_GenomeWideSNP_6_H02_914236	11	118434389	134601791	11952	0.0363
NULLS_p_TCGA_183_185_186_SNP_N_GenomeWideSNP_6_H02_914236	11	134602280	134603992	3	-1.4761
NULLS_p_TCGA_183_185_186_SNP_N_GenomeWideSNP_6_H02_914236	11	134607871	134944770	282	0.0158
NULLS_p_TCGA_183_185_186_SNP_N_GenomeWideSNP_6_H02_914236	12	150442	178837	5	0.2675
NULLS_p_TCGA_183_185_186_SNP_N_GenomeWideSNP_6_H02_914236	12	180697	1737923	920	-0.4589
NULLS_p_TCGA_183_185_186_SNP_N_GenomeWideSNP_6_H02_914236	12	1739836	1740171	2	-2.2071
NULLS_p_TCGA_183_185_186_SNP_N_GenomeWideSNP_6_H02_914236	12	1741039	9633870	5276	-0.475
NULLS_p_TCGA_183_185_186_SNP_N_GenomeWideSNP_6_H02_914236	12	9637909	9728292	24	-1.8129
NULLS_p_TCGA_183_185_186_SNP_N_GenomeWideSNP_6_H02_914236	12	9734969	11236215	1051	-0.4763
NULLS_p_TCGA_183_185_186_SNP_N_GenomeWideSNP_6_H02_914236	12	11236836	11241532	3	-2.2063
NULLS_p_TCGA_183_185_186_SNP_N_GenomeWideSNP_6_H02_914236	12	11251874	17953254	4661	-0.4634
NULLS_p_TCGA_183_185_186_SNP_N_GenomeWideSNP_6_H02_914236	12	17955604	17966409	11	0.2299
NULLS_p_TCGA_183_185_186_SNP_N_GenomeWideSNP_6_H02_914236	12	17966619	34655032	11709	-0.4579
NULLS_p_TCGA_183_185_186_SNP_N_GenomeWideSNP_6_H02_914236	12	34662107	90483350	32179	0.0394
NULLS_p_TCGA_183_185_186_SNP_N_GenomeWideSNP_6_H02_914236	12	90491669	90492074	7	-2.0573
NULLS_p_TCGA_183_185_186_SNP_N_GenomeWideSNP_6_H02_914236	12	90493557	130964718	27751	0.0395
NULLS_p_TCGA_183_185_186_SNP_N_GenomeWideSNP_6_H02_914236	12	130967846	130971710	2	-1.3775
NULLS_p_TCGA_183_185_186_SNP_N_GenomeWideSNP_6_H02_914236	12	130973189	132120715	931	0.024
NULLS_p_TCGA_183_185_186_SNP_N_GenomeWideSNP_6_H02_914236	12	132132584	132133335	13	0.6749
NULLS_p_TCGA_183_185_186_SNP_N_GenomeWideSNP_6_H02_914236	12	132142331	133778189	572	0.035
NULLS_p_TCGA_183_185_186_SNP_N_GenomeWideSNP_6_H02_914236	13	19026949	23629177	2898	0.0322
NULLS_p_TCGA_183_185_186_SNP_N_GenomeWideSNP_6_H02_914236	13	23629187	23633515	14	-0.4992
NULLS_p_TCGA_183_185_186_SNP_N_GenomeWideSNP_6_H02_914236	13	23638195	25028672	1132	0.0465
NULLS_p_TCGA_183_185_186_SNP_N_GenomeWideSNP_6_H02_914236	13	25029083	25039598	17	-0.4288
NULLS_p_TCGA_183_185_186_SNP_N_GenomeWideSNP_6_H02_914236	13	25039678	38071135	9514	0.0422
NULLS_p_TCGA_183_185_186_SNP_N_GenomeWideSNP_6_H02_914236	13	38072036	38084757	16	-2.6343
NULLS_p_TCGA_183_185_186_SNP_N_GenomeWideSNP_6_H02_914236	13	38088330	39052811	701	0.0636
NULLS_p_TCGA_183_185_186_SNP_N_GenomeWideSNP_6_H02_914236	13	39057572	39058056	2	1.8661
NULLS_p_TCGA_183_185_186_SNP_N_GenomeWideSNP_6_H02_914236	13	39065057	64224205	15687	0.0443
NULLS_p_TCGA_183_185_186_SNP_N_GenomeWideSNP_6_H02_914236	13	64224792	64236692	9	-0.8674
NULLS_p_TCGA_183_185_186_SNP_N_GenomeWideSNP_6_H02_914236	13	64239563	75021897	7115	0.0374
NULLS_p_TCGA_183_185_186_SNP_N_GenomeWideSNP_6_H02_914236	13	75022003	75022661	2	-1.3428
NULLS_p_TCGA_183_185_186_SNP_N_GenomeWideSNP_6_H02_914236	13	75024613	115108397	27242	0.0427
NULLS_p_TCGA_183_185_186_SNP_N_GenomeWideSNP_6_H02_914236	14	19002124	19422533	29	0.0657
NULLS_p_TCGA_183_185_186_SNP_N_GenomeWideSNP_6_H02_914236	14	19432799	19469520	9	0.8692
NULLS_p_TCGA_183_185_186_SNP_N_GenomeWideSNP_6_H02_914236	14	19541714	19801755	23	-0.0356
NULLS_p_TCGA_183_185_186_SNP_N_GenomeWideSNP_6_H02_914236	14	19802541	20422583	127	-0.3061
NULLS_p_TCGA_183_185_186_SNP_N_GenomeWideSNP_6_H02_914236	14	20423372	106751284	55099	0.0356
NULLS_p_TCGA_183_185_186_SNP_N_GenomeWideSNP_6_H02_914236	14	106753859	106922531	111	0.2611
NULLS_p_TCGA_183_185_186_SNP_N_GenomeWideSNP_6_H02_914236	14	106923081	107285437	222	-0.001
NULLS_p_TCGA_183_185_186_SNP_N_GenomeWideSNP_6_H02_914236	15	20016328	20412478	65	-0.0785
NULLS_p_TCGA_183_185_186_SNP_N_GenomeWideSNP_6_H02_914236	15	20416237	22673399	358	-0.5346
NULLS_p_TCGA_183_185_186_SNP_N_GenomeWideSNP_6_H02_914236	15	22681076	30546013	4721	0.0489
NULLS_p_TCGA_183_185_186_SNP_N_GenomeWideSNP_6_H02_914236	15	30552145	30561567	2	1.5367
NULLS_p_TCGA_183_185_186_SNP_N_GenomeWideSNP_6_H02_914236	15	30562770	33755081	1927	0.0215
NULLS_p_TCGA_183_185_186_SNP_N_GenomeWideSNP_6_H02_914236	15	33757840	33758146	3	-1.5076
NULLS_p_TCGA_183_185_186_SNP_N_GenomeWideSNP_6_H02_914236	15	33760116	38294278	3238	0.0392
NULLS_p_TCGA_183_185_186_SNP_N_GenomeWideSNP_6_H02_914236	15	38295746	38324457	15	-1.0208
NULLS_p_TCGA_183_185_186_SNP_N_GenomeWideSNP_6_H02_914236	15	38327154	76878362	24045	0.0337
NULLS_p_TCGA_183_185_186_SNP_N_GenomeWideSNP_6_H02_914236	15	76891241	76895775	22	0.8602
NULLS_p_TCGA_183_185_186_SNP_N_GenomeWideSNP_6_H02_914236	15	76902179	82691502	3657	0.0354
NULLS_p_TCGA_183_185_186_SNP_N_GenomeWideSNP_6_H02_914236	15	82695702	83169549	14	-0.6495
NULLS_p_TCGA_183_185_186_SNP_N_GenomeWideSNP_6_H02_914236	15	83169571	85779580	1366	0.0367
NULLS_p_TCGA_183_185_186_SNP_N_GenomeWideSNP_6_H02_914236	15	85811623	86138860	216	0.6158
NULLS_p_TCGA_183_185_186_SNP_N_GenomeWideSNP_6_H02_914236	15	86140466	102469040	12441	0.0424
NULLS_p_TCGA_183_185_186_SNP_N_GenomeWideSNP_6_H02_914236	16	60777	15048844	11145	0.4175
NULLS_p_TCGA_183_185_186_SNP_N_GenomeWideSNP_6_H02_914236	16	15048860	15116257	61	-0.0658
NULLS_p_TCGA_183_185_186_SNP_N_GenomeWideSNP_6_H02_914236	16	15125441	18704192	1633	0.3928
NULLS_p_TCGA_183_185_186_SNP_N_GenomeWideSNP_6_H02_914236	16	18716255	18724847	3	-0.8042
NULLS_p_TCGA_183_185_186_SNP_N_GenomeWideSNP_6_H02_914236	16	18726036	29279750	6319	0.4029
NULLS_p_TCGA_183_185_186_SNP_N_GenomeWideSNP_6_H02_914236	16	29280524	29281055	3	-1.273
NULLS_p_TCGA_183_185_186_SNP_N_GenomeWideSNP_6_H02_914236	16	29281765	46463782	1698	0.3634
NULLS_p_TCGA_183_185_186_SNP_N_GenomeWideSNP_6_H02_914236	16	46475898	61653388	10125	-0.4777
NULLS_p_TCGA_183_185_186_SNP_N_GenomeWideSNP_6_H02_914236	16	61658353	61669437	5	-1.5457
NULLS_p_TCGA_183_185_186_SNP_N_GenomeWideSNP_6_H02_914236	16	61670791	70139542	5125	-0.4678
NULLS_p_TCGA_183_185_186_SNP_N_GenomeWideSNP_6_H02_914236	16	70151527	70187194	12	-1.1228
NULLS_p_TCGA_183_185_186_SNP_N_GenomeWideSNP_6_H02_914236	16	70197767	70842097	273	-0.494
NULLS_p_TCGA_183_185_186_SNP_N_GenomeWideSNP_6_H02_914236	16	70854381	71202797	141	0.2209
NULLS_p_TCGA_183_185_186_SNP_N_GenomeWideSNP_6_H02_914236	16	71205194	77595285	4400	-0.4632
NULLS_p_TCGA_183_185_186_SNP_N_GenomeWideSNP_6_H02_914236	16	77595335	77595365	2	-2.046
NULLS_p_TCGA_183_185_186_SNP_N_GenomeWideSNP_6_H02_914236	16	77596021	78371608	837	-0.4826
NULLS_p_TCGA_183_185_186_SNP_N_GenomeWideSNP_6_H02_914236	16	78372440	78385001	18	-1.1187
NULLS_p_TCGA_183_185_186_SNP_N_GenomeWideSNP_6_H02_914236	16	78385437	79011252	837	-0.4984
NULLS_p_TCGA_183_185_186_SNP_N_GenomeWideSNP_6_H02_914236	16	79011324	79011864	2	-3.0437
NULLS_p_TCGA_183_185_186_SNP_N_GenomeWideSNP_6_H02_914236	16	79011984	83793995	5283	-0.4906
NULLS_p_TCGA_183_185_186_SNP_N_GenomeWideSNP_6_H02_914236	16	83793997	83794006	2	-2.0069
NULLS_p_TCGA_183_185_186_SNP_N_GenomeWideSNP_6_H02_914236	16	83794024	90287535	4509	-0.5029
NULLS_p_TCGA_183_185_186_SNP_N_GenomeWideSNP_6_H02_914236	17	526	18355392	11447	-0.4712
NULLS_p_TCGA_183_185_186_SNP_N_GenomeWideSNP_6_H02_914236	17	18358946	18453437	25	-1.6955
NULLS_p_TCGA_183_185_186_SNP_N_GenomeWideSNP_6_H02_914236	17	18459272	18935523	176	-0.4589
NULLS_p_TCGA_183_185_186_SNP_N_GenomeWideSNP_6_H02_914236	17	18950867	19093560	13	-1.5865
NULLS_p_TCGA_183_185_186_SNP_N_GenomeWideSNP_6_H02_914236	17	19130231	22235650	1365	-0.4691
NULLS_p_TCGA_183_185_186_SNP_N_GenomeWideSNP_6_H02_914236	17	25270411	25409526	64	-0.0102
NULLS_p_TCGA_183_185_186_SNP_N_GenomeWideSNP_6_H02_914236	17	25410821	25454693	19	-0.4846
NULLS_p_TCGA_183_185_186_SNP_N_GenomeWideSNP_6_H02_914236	17	25455185	39423077	7874	0.0252
NULLS_p_TCGA_183_185_186_SNP_N_GenomeWideSNP_6_H02_914236	17	39423090	39432724	21	-0.368
NULLS_p_TCGA_183_185_186_SNP_N_GenomeWideSNP_6_H02_914236	17	39432840	44288579	2614	0.0276
NULLS_p_TCGA_183_185_186_SNP_N_GenomeWideSNP_6_H02_914236	17	44291723	44752300	71	-0.4251
NULLS_p_TCGA_183_185_186_SNP_N_GenomeWideSNP_6_H02_914236	17	44764994	55687489	7016	0.0127
NULLS_p_TCGA_183_185_186_SNP_N_GenomeWideSNP_6_H02_914236	17	55688333	55688993	2	-1.7096
NULLS_p_TCGA_183_185_186_SNP_N_GenomeWideSNP_6_H02_914236	17	55691993	81049726	14613	0.0097
NULLS_p_TCGA_183_185_186_SNP_N_GenomeWideSNP_6_H02_914236	18	11543	78015057	50847	0.0233
NULLS_p_TCGA_183_185_186_SNP_N_GenomeWideSNP_6_H02_914236	19	90910	2559841	615	0.0213
NULLS_p_TCGA_183_185_186_SNP_N_GenomeWideSNP_6_H02_914236	19	2568275	2569045	2	-1.3577
NULLS_p_TCGA_183_185_186_SNP_N_GenomeWideSNP_6_H02_914236	19	2569242	15038939	5515	0.0371
NULLS_p_TCGA_183_185_186_SNP_N_GenomeWideSNP_6_H02_914236	19	15045192	15049299	3	-1.5012
NULLS_p_TCGA_183_185_186_SNP_N_GenomeWideSNP_6_H02_914236	19	15051287	20746190	2940	0.016
NULLS_p_TCGA_183_185_186_SNP_N_GenomeWideSNP_6_H02_914236	19	20759077	20759858	2	-1.7473
NULLS_p_TCGA_183_185_186_SNP_N_GenomeWideSNP_6_H02_914236	19	20765130	21190673	243	0.0252
NULLS_p_TCGA_183_185_186_SNP_N_GenomeWideSNP_6_H02_914236	19	21192908	21212109	6	-0.5556
NULLS_p_TCGA_183_185_186_SNP_N_GenomeWideSNP_6_H02_914236	19	21212412	23217861	1156	0.0487
NULLS_p_TCGA_183_185_186_SNP_N_GenomeWideSNP_6_H02_914236	19	23221164	23222700	3	-0.9871
NULLS_p_TCGA_183_185_186_SNP_N_GenomeWideSNP_6_H02_914236	19	23228410	35856043	6348	0.0391
NULLS_p_TCGA_183_185_186_SNP_N_GenomeWideSNP_6_H02_914236	19	35856081	35861170	14	-0.7237
NULLS_p_TCGA_183_185_186_SNP_N_GenomeWideSNP_6_H02_914236	19	35861649	57988396	11884	0.016
NULLS_p_TCGA_183_185_186_SNP_N_GenomeWideSNP_6_H02_914236	19	57990512	58002665	23	0.6024
NULLS_p_TCGA_183_185_186_SNP_N_GenomeWideSNP_6_H02_914236	19	58002819	59097854	611	0.0229
NULLS_p_TCGA_183_185_186_SNP_N_GenomeWideSNP_6_H02_914236	20	61305	1561580	1208	0.0095
NULLS_p_TCGA_183_185_186_SNP_N_GenomeWideSNP_6_H02_914236	20	1561667	1599078	46	-0.492
NULLS_p_TCGA_183_185_186_SNP_N_GenomeWideSNP_6_H02_914236	20	1599142	5143210	2591	0.022
NULLS_p_TCGA_183_185_186_SNP_N_GenomeWideSNP_6_H02_914236	20	5144317	5151114	6	-0.7344
NULLS_p_TCGA_183_185_186_SNP_N_GenomeWideSNP_6_H02_914236	20	5153222	14771472	7323	0.0499
NULLS_p_TCGA_183_185_186_SNP_N_GenomeWideSNP_6_H02_914236	20	14781684	14823905	69	-0.9488
NULLS_p_TCGA_183_185_186_SNP_N_GenomeWideSNP_6_H02_914236	20	14830596	30036940	8993	0.0354
NULLS_p_TCGA_183_185_186_SNP_N_GenomeWideSNP_6_H02_914236	20	30040510	30048872	6	-0.8214
NULLS_p_TCGA_183_185_186_SNP_N_GenomeWideSNP_6_H02_914236	20	30052905	31466534	674	0.0297
NULLS_p_TCGA_183_185_186_SNP_N_GenomeWideSNP_6_H02_914236	20	31473556	31474184	2	-1.6988
NULLS_p_TCGA_183_185_186_SNP_N_GenomeWideSNP_6_H02_914236	20	31474770	44348562	8143	0.0246
NULLS_p_TCGA_183_185_186_SNP_N_GenomeWideSNP_6_H02_914236	20	44350373	44378211	26	-1.0892
NULLS_p_TCGA_183_185_186_SNP_N_GenomeWideSNP_6_H02_914236	20	44380847	62916068	13421	0.0266
NULLS_p_TCGA_183_185_186_SNP_N_GenomeWideSNP_6_H02_914236	20	62954695	62956153	5	-0.9155
NULLS_p_TCGA_183_185_186_SNP_N_GenomeWideSNP_6_H02_914236	21	10736871	10940642	33	-0.4001
NULLS_p_TCGA_183_185_186_SNP_N_GenomeWideSNP_6_H02_914236	21	10942932	48096957	24388	0.0424
NULLS_p_TCGA_183_185_186_SNP_N_GenomeWideSNP_6_H02_914236	22	16052528	16240382	34	0.3163
NULLS_p_TCGA_183_185_186_SNP_N_GenomeWideSNP_6_H02_914236	22	16240484	18055605	749	0.0305
NULLS_p_TCGA_183_185_186_SNP_N_GenomeWideSNP_6_H02_914236	22	18058748	18058885	2	3.1009
NULLS_p_TCGA_183_185_186_SNP_N_GenomeWideSNP_6_H02_914236	22	18062891	24344422	3838	0.0277
NULLS_p_TCGA_183_185_186_SNP_N_GenomeWideSNP_6_H02_914236	22	24350529	24396814	19	-2.0061
NULLS_p_TCGA_183_185_186_SNP_N_GenomeWideSNP_6_H02_914236	22	24401529	34173406	7277	0.0439
NULLS_p_TCGA_183_185_186_SNP_N_GenomeWideSNP_6_H02_914236	22	34174947	34174985	4	-0.8958
NULLS_p_TCGA_183_185_186_SNP_N_GenomeWideSNP_6_H02_914236	22	34181422	42897282	5517	0.0297
NULLS_p_TCGA_183_185_186_SNP_N_GenomeWideSNP_6_H02_914236	22	42899440	42925614	18	0.5096
NULLS_p_TCGA_183_185_186_SNP_N_GenomeWideSNP_6_H02_914236	22	42932317	51234455	6118	0.0349
NULLS_p_TCGA_183_185_186_SNP_N_GenomeWideSNP_6_H02_914236	X	168477	34042254	21352	0.0036
NULLS_p_TCGA_183_185_186_SNP_N_GenomeWideSNP_6_H02_914236	X	34044373	34070287	24	-1.1777
NULLS_p_TCGA_183_185_186_SNP_N_GenomeWideSNP_6_H02_914236	X	34073425	71102771	16418	0
NULLS_p_TCGA_183_185_186_SNP_N_GenomeWideSNP_6_H02_914236	X	71105055	71105129	2	-1.4193
NULLS_p_TCGA_183_185_186_SNP_N_GenomeWideSNP_6_H02_914236	X	71105402	74847580	1594	-0.008
NULLS_p_TCGA_183_185_186_SNP_N_GenomeWideSNP_6_H02_914236	X	74848326	74854273	2	-1.0143
NULLS_p_TCGA_183_185_186_SNP_N_GenomeWideSNP_6_H02_914236	X	74858638	76349873	779	0.003
NULLS_p_TCGA_183_185_186_SNP_N_GenomeWideSNP_6_H02_914236	X	76353650	76523952	18	-0.7387
NULLS_p_TCGA_183_185_186_SNP_N_GenomeWideSNP_6_H02_914236	X	76545159	85916760	4966	0.0037
NULLS_p_TCGA_183_185_186_SNP_N_GenomeWideSNP_6_H02_914236	X	85917207	85917714	2	-1.6458
NULLS_p_TCGA_183_185_186_SNP_N_GenomeWideSNP_6_H02_914236	X	85918762	155182354	39483	0.0024
NULLS_p_TCGA_183_185_186_SNP_N_GenomeWideSNP_6_H02_914236	Y	2650438	6101425	872	-2.6793
NULLS_p_TCGA_183_185_186_SNP_N_GenomeWideSNP_6_H02_914236	Y	6107901	6424299	128	-4.0861
NULLS_p_TCGA_183_185_186_SNP_N_GenomeWideSNP_6_H02_914236	Y	6426233	7399842	425	-3.0506
NULLS_p_TCGA_183_185_186_SNP_N_GenomeWideSNP_6_H02_914236	Y	7400746	9823373	1221	-3.5101
NULLS_p_TCGA_183_185_186_SNP_N_GenomeWideSNP_6_H02_914236	Y	9826040	19571480	3018	-3.2593
NULLS_p_TCGA_183_185_186_SNP_N_GenomeWideSNP_6_H02_914236	Y	19574890	21024613	672	-3.8844
NULLS_p_TCGA_183_185_186_SNP_N_GenomeWideSNP_6_H02_914236	Y	21025062	23653771	1010	-3.3302
NULLS_p_TCGA_183_185_186_SNP_N_GenomeWideSNP_6_H02_914236	Y	23683731	23690350	2	-8.8048
NULLS_p_TCGA_183_185_186_SNP_N_GenomeWideSNP_6_H02_914236	Y	23715701	23732454	9	-4.8078
NULLS_p_TCGA_183_185_186_SNP_N_GenomeWideSNP_6_H02_914236	Y	23736419	23859163	64	-3.0098
NULLS_p_TCGA_183_185_186_SNP_N_GenomeWideSNP_6_H02_914236	Y	23859468	26630929	603	-3.7071
NULLS_p_TCGA_183_185_186_SNP_N_GenomeWideSNP_6_H02_914236	Y	26631228	26802327	29	-5.0968
NULLS_p_TCGA_183_185_186_SNP_N_GenomeWideSNP_6_H02_914236	Y	26803166	27315972	55	-4.1079
NULLS_p_TCGA_183_185_186_SNP_N_GenomeWideSNP_6_H02_914236	Y	27367487	27721084	94	-3.0378
NULLS_p_TCGA_183_185_186_SNP_N_GenomeWideSNP_6_H02_914236	Y	27721117	28277692	194	-3.888
NULLS_p_TCGA_183_185_186_SNP_N_GenomeWideSNP_6_H02_914236	Y	28289727	28321752	12	-5.9005
NULLS_p_TCGA_183_185_186_SNP_N_GenomeWideSNP_6_H02_914236	Y	28322019	28423938	44	-3.7396
NULLS_p_TCGA_183_185_186_SNP_N_GenomeWideSNP_6_H02_914236	Y	28438116	59018259	183	-2.825
