Sample	Chromosome	Start	End	Num_Probes	Segment_Mean
NULLS_p_TCGA_183_185_186_SNP_N_GenomeWideSNP_6_E03_914234	1	61735	76050844	45042	-0.0019
NULLS_p_TCGA_183_185_186_SNP_N_GenomeWideSNP_6_E03_914234	1	76054763	76054854	2	-2.8447
NULLS_p_TCGA_183_185_186_SNP_N_GenomeWideSNP_6_E03_914234	1	76059509	106013376	19103	0.0025
NULLS_p_TCGA_183_185_186_SNP_N_GenomeWideSNP_6_E03_914234	1	106019205	106024055	18	0.5191
NULLS_p_TCGA_183_185_186_SNP_N_GenomeWideSNP_6_E03_914234	1	106024070	110224384	2651	-0.0064
NULLS_p_TCGA_183_185_186_SNP_N_GenomeWideSNP_6_E03_914234	1	110224427	110242953	32	-0.5291
NULLS_p_TCGA_183_185_186_SNP_N_GenomeWideSNP_6_E03_914234	1	110244998	152759678	10233	0.0014
NULLS_p_TCGA_183_185_186_SNP_N_GenomeWideSNP_6_E03_914234	1	152761923	152768700	37	-0.3579
NULLS_p_TCGA_183_185_186_SNP_N_GenomeWideSNP_6_E03_914234	1	152773905	157478538	2500	1e-04
NULLS_p_TCGA_183_185_186_SNP_N_GenomeWideSNP_6_E03_914234	1	157482454	157482947	2	-1.2092
NULLS_p_TCGA_183_185_186_SNP_N_GenomeWideSNP_6_E03_914234	1	157483273	158866573	1121	0.0018
NULLS_p_TCGA_183_185_186_SNP_N_GenomeWideSNP_6_E03_914234	1	158868501	158874818	3	1.0808
NULLS_p_TCGA_183_185_186_SNP_N_GenomeWideSNP_6_E03_914234	1	158875051	169216937	7721	-0.007
NULLS_p_TCGA_183_185_186_SNP_N_GenomeWideSNP_6_E03_914234	1	169233974	169241766	7	0.9343
NULLS_p_TCGA_183_185_186_SNP_N_GenomeWideSNP_6_E03_914234	1	169242401	194448234	16755	-9e-04
NULLS_p_TCGA_183_185_186_SNP_N_GenomeWideSNP_6_E03_914234	1	194451411	194455018	2	-2.0592
NULLS_p_TCGA_183_185_186_SNP_N_GenomeWideSNP_6_E03_914234	1	194457016	195347981	553	-0.0065
NULLS_p_TCGA_183_185_186_SNP_N_GenomeWideSNP_6_E03_914234	1	195348144	195355477	5	0.6479
NULLS_p_TCGA_183_185_186_SNP_N_GenomeWideSNP_6_E03_914234	1	195355745	196698299	878	0.0063
NULLS_p_TCGA_183_185_186_SNP_N_GenomeWideSNP_6_E03_914234	1	196698314	196732086	21	0.2079
NULLS_p_TCGA_183_185_186_SNP_N_GenomeWideSNP_6_E03_914234	1	196738623	196758120	33	0.6461
NULLS_p_TCGA_183_185_186_SNP_N_GenomeWideSNP_6_E03_914234	1	196758149	196789875	23	0.2869
NULLS_p_TCGA_183_185_186_SNP_N_GenomeWideSNP_6_E03_914234	1	196790269	196798664	13	-0.1422
NULLS_p_TCGA_183_185_186_SNP_N_GenomeWideSNP_6_E03_914234	1	196798705	196812507	21	0.5949
NULLS_p_TCGA_183_185_186_SNP_N_GenomeWideSNP_6_E03_914234	1	196812530	196815791	2	3.3917
NULLS_p_TCGA_183_185_186_SNP_N_GenomeWideSNP_6_E03_914234	1	196816730	229816856	21900	-0.004
NULLS_p_TCGA_183_185_186_SNP_N_GenomeWideSNP_6_E03_914234	1	229820130	229820196	2	-2.7359
NULLS_p_TCGA_183_185_186_SNP_N_GenomeWideSNP_6_E03_914234	1	229820456	240391740	8130	-0.0068
NULLS_p_TCGA_183_185_186_SNP_N_GenomeWideSNP_6_E03_914234	1	240394015	240394124	5	-2.1628
NULLS_p_TCGA_183_185_186_SNP_N_GenomeWideSNP_6_E03_914234	1	240394139	248467092	5641	-0.0048
NULLS_p_TCGA_183_185_186_SNP_N_GenomeWideSNP_6_E03_914234	1	248467301	248467565	2	-1.5113
NULLS_p_TCGA_183_185_186_SNP_N_GenomeWideSNP_6_E03_914234	1	248468705	248709616	107	0.0445
NULLS_p_TCGA_183_185_186_SNP_N_GenomeWideSNP_6_E03_914234	1	248709670	248805339	40	-0.5345
NULLS_p_TCGA_183_185_186_SNP_N_GenomeWideSNP_6_E03_914234	1	248808557	248854961	25	0.2148
NULLS_p_TCGA_183_185_186_SNP_N_GenomeWideSNP_6_E03_914234	1	248855612	249203565	111	-0.0442
NULLS_p_TCGA_183_185_186_SNP_N_GenomeWideSNP_6_E03_914234	1	249206561	249224388	8	0.2572
NULLS_p_TCGA_183_185_186_SNP_N_GenomeWideSNP_6_E03_914234	2	12784	14703694	11052	0.0037
NULLS_p_TCGA_183_185_186_SNP_N_GenomeWideSNP_6_E03_914234	2	14704949	14710021	11	-1.3363
NULLS_p_TCGA_183_185_186_SNP_N_GenomeWideSNP_6_E03_914234	2	14710092	22598926	5604	0.0078
NULLS_p_TCGA_183_185_186_SNP_N_GenomeWideSNP_6_E03_914234	2	22600920	22600932	2	-1.3213
NULLS_p_TCGA_183_185_186_SNP_N_GenomeWideSNP_6_E03_914234	2	22601152	34685280	7451	-0.0015
NULLS_p_TCGA_183_185_186_SNP_N_GenomeWideSNP_6_E03_914234	2	34691069	34737057	47	-0.4427
NULLS_p_TCGA_183_185_186_SNP_N_GenomeWideSNP_6_E03_914234	2	34737163	35975973	877	0.0041
NULLS_p_TCGA_183_185_186_SNP_N_GenomeWideSNP_6_E03_914234	2	35977790	35987916	6	0.8626
NULLS_p_TCGA_183_185_186_SNP_N_GenomeWideSNP_6_E03_914234	2	35987947	37914930	1528	0.0055
NULLS_p_TCGA_183_185_186_SNP_N_GenomeWideSNP_6_E03_914234	2	37915923	37916060	2	1.1654
NULLS_p_TCGA_183_185_186_SNP_N_GenomeWideSNP_6_E03_914234	2	37916505	40332851	1645	0
NULLS_p_TCGA_183_185_186_SNP_N_GenomeWideSNP_6_E03_914234	2	40335410	40335876	3	-1.3763
NULLS_p_TCGA_183_185_186_SNP_N_GenomeWideSNP_6_E03_914234	2	40336640	41236923	755	-0.0036
NULLS_p_TCGA_183_185_186_SNP_N_GenomeWideSNP_6_E03_914234	2	41236974	41245887	39	0.2981
NULLS_p_TCGA_183_185_186_SNP_N_GenomeWideSNP_6_E03_914234	2	41251233	46117914	3579	0.0072
NULLS_p_TCGA_183_185_186_SNP_N_GenomeWideSNP_6_E03_914234	2	46120390	46120944	2	-1.1693
NULLS_p_TCGA_183_185_186_SNP_N_GenomeWideSNP_6_E03_914234	2	46121086	48851152	1820	0.0012
NULLS_p_TCGA_183_185_186_SNP_N_GenomeWideSNP_6_E03_914234	2	48853972	48855934	2	-1.1759
NULLS_p_TCGA_183_185_186_SNP_N_GenomeWideSNP_6_E03_914234	2	48861904	52265663	2477	0.0157
NULLS_p_TCGA_183_185_186_SNP_N_GenomeWideSNP_6_E03_914234	2	52266907	52273900	2	-1.4878
NULLS_p_TCGA_183_185_186_SNP_N_GenomeWideSNP_6_E03_914234	2	52274829	52754881	321	0.0026
NULLS_p_TCGA_183_185_186_SNP_N_GenomeWideSNP_6_E03_914234	2	52758753	52781542	33	0.7698
NULLS_p_TCGA_183_185_186_SNP_N_GenomeWideSNP_6_E03_914234	2	52787949	106880095	29688	5e-04
NULLS_p_TCGA_183_185_186_SNP_N_GenomeWideSNP_6_E03_914234	2	106880713	106885357	11	0.893
NULLS_p_TCGA_183_185_186_SNP_N_GenomeWideSNP_6_E03_914234	2	106887255	108175761	824	0.0024
NULLS_p_TCGA_183_185_186_SNP_N_GenomeWideSNP_6_E03_914234	2	108177053	108180843	3	-0.8624
NULLS_p_TCGA_183_185_186_SNP_N_GenomeWideSNP_6_E03_914234	2	108181660	109585410	795	0.0078
NULLS_p_TCGA_183_185_186_SNP_N_GenomeWideSNP_6_E03_914234	2	109585934	109586371	3	-0.7776
NULLS_p_TCGA_183_185_186_SNP_N_GenomeWideSNP_6_E03_914234	2	109586437	109688972	81	0.0409
NULLS_p_TCGA_183_185_186_SNP_N_GenomeWideSNP_6_E03_914234	2	109692425	109695769	5	-0.7605
NULLS_p_TCGA_183_185_186_SNP_N_GenomeWideSNP_6_E03_914234	2	109698148	130210645	12244	0.0087
NULLS_p_TCGA_183_185_186_SNP_N_GenomeWideSNP_6_E03_914234	2	130211496	130215281	3	0.9943
NULLS_p_TCGA_183_185_186_SNP_N_GenomeWideSNP_6_E03_914234	2	130216043	138704792	4995	-0.0051
NULLS_p_TCGA_183_185_186_SNP_N_GenomeWideSNP_6_E03_914234	2	138705038	138709388	6	-0.9227
NULLS_p_TCGA_183_185_186_SNP_N_GenomeWideSNP_6_E03_914234	2	138709568	152434825	8323	0.0017
NULLS_p_TCGA_183_185_186_SNP_N_GenomeWideSNP_6_E03_914234	2	152465500	152465513	2	-1.1522
NULLS_p_TCGA_183_185_186_SNP_N_GenomeWideSNP_6_E03_914234	2	152466325	180413371	17230	0.0043
NULLS_p_TCGA_183_185_186_SNP_N_GenomeWideSNP_6_E03_914234	2	180418211	180421497	22	-1.3156
NULLS_p_TCGA_183_185_186_SNP_N_GenomeWideSNP_6_E03_914234	2	180421512	180422137	8	-0.5558
NULLS_p_TCGA_183_185_186_SNP_N_GenomeWideSNP_6_E03_914234	2	180425643	184675601	2710	0.0012
NULLS_p_TCGA_183_185_186_SNP_N_GenomeWideSNP_6_E03_914234	2	184677632	184691453	4	-1.2986
NULLS_p_TCGA_183_185_186_SNP_N_GenomeWideSNP_6_E03_914234	2	184691649	227342038	26104	0.006
NULLS_p_TCGA_183_185_186_SNP_N_GenomeWideSNP_6_E03_914234	2	227342788	227346068	5	-1.4024
NULLS_p_TCGA_183_185_186_SNP_N_GenomeWideSNP_6_E03_914234	2	227347799	243089456	9808	-3e-04
NULLS_p_TCGA_183_185_186_SNP_N_GenomeWideSNP_6_E03_914234	3	60345	65188453	45411	-0.0029
NULLS_p_TCGA_183_185_186_SNP_N_GenomeWideSNP_6_E03_914234	3	65189235	65199702	31	-0.8473
NULLS_p_TCGA_183_185_186_SNP_N_GenomeWideSNP_6_E03_914234	3	65199867	65203532	6	-0.0534
NULLS_p_TCGA_183_185_186_SNP_N_GenomeWideSNP_6_E03_914234	3	65203538	65206944	7	-0.6493
NULLS_p_TCGA_183_185_186_SNP_N_GenomeWideSNP_6_E03_914234	3	65207331	65209977	5	-1.5981
NULLS_p_TCGA_183_185_186_SNP_N_GenomeWideSNP_6_E03_914234	3	65210154	65210452	4	-0.8555
NULLS_p_TCGA_183_185_186_SNP_N_GenomeWideSNP_6_E03_914234	3	65216349	68746259	2425	0.0037
NULLS_p_TCGA_183_185_186_SNP_N_GenomeWideSNP_6_E03_914234	3	68746284	68748758	14	-1.0517
NULLS_p_TCGA_183_185_186_SNP_N_GenomeWideSNP_6_E03_914234	3	68748786	75561141	4937	-7e-04
NULLS_p_TCGA_183_185_186_SNP_N_GenomeWideSNP_6_E03_914234	3	75568549	75586805	6	-1.6383
NULLS_p_TCGA_183_185_186_SNP_N_GenomeWideSNP_6_E03_914234	3	75595181	83303724	4340	0.0027
NULLS_p_TCGA_183_185_186_SNP_N_GenomeWideSNP_6_E03_914234	3	83305366	83305735	2	-1.143
NULLS_p_TCGA_183_185_186_SNP_N_GenomeWideSNP_6_E03_914234	3	83312817	98937784	6672	0.0058
NULLS_p_TCGA_183_185_186_SNP_N_GenomeWideSNP_6_E03_914234	3	98944458	98945299	14	-1.9724
NULLS_p_TCGA_183_185_186_SNP_N_GenomeWideSNP_6_E03_914234	3	98945395	98949056	13	-3.5303
NULLS_p_TCGA_183_185_186_SNP_N_GenomeWideSNP_6_E03_914234	3	98949069	98949421	11	-1.3921
NULLS_p_TCGA_183_185_186_SNP_N_GenomeWideSNP_6_E03_914234	3	98950964	131989347	20254	0.0029
NULLS_p_TCGA_183_185_186_SNP_N_GenomeWideSNP_6_E03_914234	3	131992737	131995684	4	-1.7455
NULLS_p_TCGA_183_185_186_SNP_N_GenomeWideSNP_6_E03_914234	3	132000477	162123366	18577	-0.0012
NULLS_p_TCGA_183_185_186_SNP_N_GenomeWideSNP_6_E03_914234	3	162137600	162142705	14	-0.7921
NULLS_p_TCGA_183_185_186_SNP_N_GenomeWideSNP_6_E03_914234	3	162144248	162508268	261	-0.0014
NULLS_p_TCGA_183_185_186_SNP_N_GenomeWideSNP_6_E03_914234	3	162512657	162625995	70	0.4675
NULLS_p_TCGA_183_185_186_SNP_N_GenomeWideSNP_6_E03_914234	3	162626572	192878045	19209	4e-04
NULLS_p_TCGA_183_185_186_SNP_N_GenomeWideSNP_6_E03_914234	3	192878195	192882903	17	-1.3103
NULLS_p_TCGA_183_185_186_SNP_N_GenomeWideSNP_6_E03_914234	3	192886435	197896118	2708	-0.0028
NULLS_p_TCGA_183_185_186_SNP_N_GenomeWideSNP_6_E03_914234	4	12281	4119686	1708	-0.0074
NULLS_p_TCGA_183_185_186_SNP_N_GenomeWideSNP_6_E03_914234	4	4122828	4152760	6	-0.9608
NULLS_p_TCGA_183_185_186_SNP_N_GenomeWideSNP_6_E03_914234	4	4160063	9456977	3539	0.0032
NULLS_p_TCGA_183_185_186_SNP_N_GenomeWideSNP_6_E03_914234	4	9461230	9479345	9	-1.0477
NULLS_p_TCGA_183_185_186_SNP_N_GenomeWideSNP_6_E03_914234	4	9486087	10223416	547	-0.0534
NULLS_p_TCGA_183_185_186_SNP_N_GenomeWideSNP_6_E03_914234	4	10223628	10231498	27	-1.8886
NULLS_p_TCGA_183_185_186_SNP_N_GenomeWideSNP_6_E03_914234	4	10234214	10235268	7	-0.5445
NULLS_p_TCGA_183_185_186_SNP_N_GenomeWideSNP_6_E03_914234	4	10236142	12151463	1658	-0.0079
NULLS_p_TCGA_183_185_186_SNP_N_GenomeWideSNP_6_E03_914234	4	12154508	12162141	3	-1.1656
NULLS_p_TCGA_183_185_186_SNP_N_GenomeWideSNP_6_E03_914234	4	12165924	20262768	5760	0.0036
NULLS_p_TCGA_183_185_186_SNP_N_GenomeWideSNP_6_E03_914234	4	20263058	20263431	3	-1.1336
NULLS_p_TCGA_183_185_186_SNP_N_GenomeWideSNP_6_E03_914234	4	20266302	23517521	2316	-0.0082
NULLS_p_TCGA_183_185_186_SNP_N_GenomeWideSNP_6_E03_914234	4	23519755	23520071	2	-0.9824
NULLS_p_TCGA_183_185_186_SNP_N_GenomeWideSNP_6_E03_914234	4	23520711	25467177	1393	0.0024
NULLS_p_TCGA_183_185_186_SNP_N_GenomeWideSNP_6_E03_914234	4	25471164	25471868	2	-1.3276
NULLS_p_TCGA_183_185_186_SNP_N_GenomeWideSNP_6_E03_914234	4	25472767	34765771	5856	0.001
NULLS_p_TCGA_183_185_186_SNP_N_GenomeWideSNP_6_E03_914234	4	34770306	34829949	51	0.5532
NULLS_p_TCGA_183_185_186_SNP_N_GenomeWideSNP_6_E03_914234	4	34830004	59973018	13837	0.0045
NULLS_p_TCGA_183_185_186_SNP_N_GenomeWideSNP_6_E03_914234	4	59974071	59988109	9	0.8915
NULLS_p_TCGA_183_185_186_SNP_N_GenomeWideSNP_6_E03_914234	4	59989077	66588551	3992	-0.004
NULLS_p_TCGA_183_185_186_SNP_N_GenomeWideSNP_6_E03_914234	4	66591738	66629765	41	0.6487
NULLS_p_TCGA_183_185_186_SNP_N_GenomeWideSNP_6_E03_914234	4	66629985	69284591	1612	0.0138
NULLS_p_TCGA_183_185_186_SNP_N_GenomeWideSNP_6_E03_914234	4	69288138	69288142	3	1.468
NULLS_p_TCGA_183_185_186_SNP_N_GenomeWideSNP_6_E03_914234	4	69294799	69360489	14	0.2196
NULLS_p_TCGA_183_185_186_SNP_N_GenomeWideSNP_6_E03_914234	4	69367142	69489335	68	-0.273
NULLS_p_TCGA_183_185_186_SNP_N_GenomeWideSNP_6_E03_914234	4	69505115	69632635	35	0.0585
NULLS_p_TCGA_183_185_186_SNP_N_GenomeWideSNP_6_E03_914234	4	69634537	69639162	2	-1.3515
NULLS_p_TCGA_183_185_186_SNP_N_GenomeWideSNP_6_E03_914234	4	69640234	70138047	302	-0.0044
NULLS_p_TCGA_183_185_186_SNP_N_GenomeWideSNP_6_E03_914234	4	70143374	70231799	42	0.2662
NULLS_p_TCGA_183_185_186_SNP_N_GenomeWideSNP_6_E03_914234	4	70232022	86976391	10458	0.0024
NULLS_p_TCGA_183_185_186_SNP_N_GenomeWideSNP_6_E03_914234	4	86976444	86980089	19	-0.5979
NULLS_p_TCGA_183_185_186_SNP_N_GenomeWideSNP_6_E03_914234	4	86982428	108047914	12442	0.005
NULLS_p_TCGA_183_185_186_SNP_N_GenomeWideSNP_6_E03_914234	4	108050221	108076533	43	-0.4983
NULLS_p_TCGA_183_185_186_SNP_N_GenomeWideSNP_6_E03_914234	4	108077434	115173700	4416	0
NULLS_p_TCGA_183_185_186_SNP_N_GenomeWideSNP_6_E03_914234	4	115175323	115182175	23	-1.0694
NULLS_p_TCGA_183_185_186_SNP_N_GenomeWideSNP_6_E03_914234	4	115184229	116165868	612	-0.0059
NULLS_p_TCGA_183_185_186_SNP_N_GenomeWideSNP_6_E03_914234	4	116166104	116180370	27	-0.411
NULLS_p_TCGA_183_185_186_SNP_N_GenomeWideSNP_6_E03_914234	4	116180555	122274654	3714	0.0072
NULLS_p_TCGA_183_185_186_SNP_N_GenomeWideSNP_6_E03_914234	4	122281973	122285135	29	-0.8623
NULLS_p_TCGA_183_185_186_SNP_N_GenomeWideSNP_6_E03_914234	4	122291131	130675810	4817	0.0045
NULLS_p_TCGA_183_185_186_SNP_N_GenomeWideSNP_6_E03_914234	4	130677075	130677403	3	-1.2783
NULLS_p_TCGA_183_185_186_SNP_N_GenomeWideSNP_6_E03_914234	4	130679593	140599053	5826	0.0071
NULLS_p_TCGA_183_185_186_SNP_N_GenomeWideSNP_6_E03_914234	4	140600307	140601791	4	-1.085
NULLS_p_TCGA_183_185_186_SNP_N_GenomeWideSNP_6_E03_914234	4	140604096	161880141	13035	0.0032
NULLS_p_TCGA_183_185_186_SNP_N_GenomeWideSNP_6_E03_914234	4	161880197	161884908	18	-0.8433
NULLS_p_TCGA_183_185_186_SNP_N_GenomeWideSNP_6_E03_914234	4	161884919	172369346	6681	0.0013
NULLS_p_TCGA_183_185_186_SNP_N_GenomeWideSNP_6_E03_914234	4	172374884	172377444	8	-1.2006
NULLS_p_TCGA_183_185_186_SNP_N_GenomeWideSNP_6_E03_914234	4	172377458	173422329	643	0.001
NULLS_p_TCGA_183_185_186_SNP_N_GenomeWideSNP_6_E03_914234	4	173422341	173428643	9	0.8032
NULLS_p_TCGA_183_185_186_SNP_N_GenomeWideSNP_6_E03_914234	4	173441132	189221258	10715	0.0025
NULLS_p_TCGA_183_185_186_SNP_N_GenomeWideSNP_6_E03_914234	4	189221360	189221375	2	-1.5382
NULLS_p_TCGA_183_185_186_SNP_N_GenomeWideSNP_6_E03_914234	4	189221424	191027923	1178	0.0164
NULLS_p_TCGA_183_185_186_SNP_N_GenomeWideSNP_6_E03_914234	5	15532	761016	328	-0.0056
NULLS_p_TCGA_183_185_186_SNP_N_GenomeWideSNP_6_E03_914234	5	761030	863797	39	-0.747
NULLS_p_TCGA_183_185_186_SNP_N_GenomeWideSNP_6_E03_914234	5	866370	3095783	1691	-0.022
NULLS_p_TCGA_183_185_186_SNP_N_GenomeWideSNP_6_E03_914234	5	3096772	3097191	3	-1.1288
NULLS_p_TCGA_183_185_186_SNP_N_GenomeWideSNP_6_E03_914234	5	3097411	5804901	2507	-0.0065
NULLS_p_TCGA_183_185_186_SNP_N_GenomeWideSNP_6_E03_914234	5	5805115	5807278	3	-0.9907
NULLS_p_TCGA_183_185_186_SNP_N_GenomeWideSNP_6_E03_914234	5	5808762	12815780	5662	-0.0085
NULLS_p_TCGA_183_185_186_SNP_N_GenomeWideSNP_6_E03_914234	5	12815865	12826650	10	-1.6843
NULLS_p_TCGA_183_185_186_SNP_N_GenomeWideSNP_6_E03_914234	5	12833857	21376844	5500	-0.0043
NULLS_p_TCGA_183_185_186_SNP_N_GenomeWideSNP_6_E03_914234	5	21377839	21377853	2	1.624
NULLS_p_TCGA_183_185_186_SNP_N_GenomeWideSNP_6_E03_914234	5	21386066	21449276	45	0.0591
NULLS_p_TCGA_183_185_186_SNP_N_GenomeWideSNP_6_E03_914234	5	21451200	21452438	5	1.2381
NULLS_p_TCGA_183_185_186_SNP_N_GenomeWideSNP_6_E03_914234	5	21452496	26789496	3160	0.0023
NULLS_p_TCGA_183_185_186_SNP_N_GenomeWideSNP_6_E03_914234	5	26797760	26797844	2	1.3015
NULLS_p_TCGA_183_185_186_SNP_N_GenomeWideSNP_6_E03_914234	5	26803884	34259509	4824	-0.0032
NULLS_p_TCGA_183_185_186_SNP_N_GenomeWideSNP_6_E03_914234	5	34264347	34264555	3	-1.2938
NULLS_p_TCGA_183_185_186_SNP_N_GenomeWideSNP_6_E03_914234	5	34266554	46246660	7045	-0.004
NULLS_p_TCGA_183_185_186_SNP_N_GenomeWideSNP_6_E03_914234	5	46251306	46271108	3	-0.9541
NULLS_p_TCGA_183_185_186_SNP_N_GenomeWideSNP_6_E03_914234	5	46271930	46273502	6	-2.3849
NULLS_p_TCGA_183_185_186_SNP_N_GenomeWideSNP_6_E03_914234	5	46278212	177138875	80348	5e-04
NULLS_p_TCGA_183_185_186_SNP_N_GenomeWideSNP_6_E03_914234	5	177142081	177227551	9	-0.8695
NULLS_p_TCGA_183_185_186_SNP_N_GenomeWideSNP_6_E03_914234	5	177228579	178931310	964	0.0029
NULLS_p_TCGA_183_185_186_SNP_N_GenomeWideSNP_6_E03_914234	5	178936605	178937392	5	-1
NULLS_p_TCGA_183_185_186_SNP_N_GenomeWideSNP_6_E03_914234	5	178939918	180790320	1036	-0.0381
NULLS_p_TCGA_183_185_186_SNP_N_GenomeWideSNP_6_E03_914234	6	149661	254283	101	-0.0044
NULLS_p_TCGA_183_185_186_SNP_N_GenomeWideSNP_6_E03_914234	6	257353	294725	22	-0.8372
NULLS_p_TCGA_183_185_186_SNP_N_GenomeWideSNP_6_E03_914234	6	294837	6026131	4740	-0.0036
NULLS_p_TCGA_183_185_186_SNP_N_GenomeWideSNP_6_E03_914234	6	6026211	6037045	5	-0.8492
NULLS_p_TCGA_183_185_186_SNP_N_GenomeWideSNP_6_E03_914234	6	6040213	29837072	16889	0.0024
NULLS_p_TCGA_183_185_186_SNP_N_GenomeWideSNP_6_E03_914234	6	29837187	29901576	37	0.3183
NULLS_p_TCGA_183_185_186_SNP_N_GenomeWideSNP_6_E03_914234	6	29908469	31280823	651	-0.0297
NULLS_p_TCGA_183_185_186_SNP_N_GenomeWideSNP_6_E03_914234	6	31286276	31296451	11	1.0223
NULLS_p_TCGA_183_185_186_SNP_N_GenomeWideSNP_6_E03_914234	6	31309924	32431292	503	-0.0365
NULLS_p_TCGA_183_185_186_SNP_N_GenomeWideSNP_6_E03_914234	6	32431552	32573771	39	1.1154
NULLS_p_TCGA_183_185_186_SNP_N_GenomeWideSNP_6_E03_914234	6	32574014	32690027	79	0.145
NULLS_p_TCGA_183_185_186_SNP_N_GenomeWideSNP_6_E03_914234	6	32690797	32690830	3	1.7399
NULLS_p_TCGA_183_185_186_SNP_N_GenomeWideSNP_6_E03_914234	6	32692227	35752792	1718	0.0078
NULLS_p_TCGA_183_185_186_SNP_N_GenomeWideSNP_6_E03_914234	6	35756850	35769721	5	0.9343
NULLS_p_TCGA_183_185_186_SNP_N_GenomeWideSNP_6_E03_914234	6	35775499	41618761	4160	0.0025
NULLS_p_TCGA_183_185_186_SNP_N_GenomeWideSNP_6_E03_914234	6	41619050	41619877	4	-0.8116
NULLS_p_TCGA_183_185_186_SNP_N_GenomeWideSNP_6_E03_914234	6	41620737	48930865	4491	0.0066
NULLS_p_TCGA_183_185_186_SNP_N_GenomeWideSNP_6_E03_914234	6	48931729	48935200	5	-0.9862
NULLS_p_TCGA_183_185_186_SNP_N_GenomeWideSNP_6_E03_914234	6	48946563	53931084	3321	0.0042
NULLS_p_TCGA_183_185_186_SNP_N_GenomeWideSNP_6_E03_914234	6	53931151	53931855	7	-1.4988
NULLS_p_TCGA_183_185_186_SNP_N_GenomeWideSNP_6_E03_914234	6	53935348	62925642	3104	0.0049
NULLS_p_TCGA_183_185_186_SNP_N_GenomeWideSNP_6_E03_914234	6	62925871	62927892	2	-1.4143
NULLS_p_TCGA_183_185_186_SNP_N_GenomeWideSNP_6_E03_914234	6	62928304	66121696	1770	0.0122
NULLS_p_TCGA_183_185_186_SNP_N_GenomeWideSNP_6_E03_914234	6	66122049	66122068	2	-1.5173
NULLS_p_TCGA_183_185_186_SNP_N_GenomeWideSNP_6_E03_914234	6	66122112	67008262	589	0.0064
NULLS_p_TCGA_183_185_186_SNP_N_GenomeWideSNP_6_E03_914234	6	67008286	67011601	6	-1.217
NULLS_p_TCGA_183_185_186_SNP_N_GenomeWideSNP_6_E03_914234	6	67024334	67044418	46	-0.6745
NULLS_p_TCGA_183_185_186_SNP_N_GenomeWideSNP_6_E03_914234	6	67044466	67048629	4	-1.266
NULLS_p_TCGA_183_185_186_SNP_N_GenomeWideSNP_6_E03_914234	6	67049406	69466367	1700	-9e-04
NULLS_p_TCGA_183_185_186_SNP_N_GenomeWideSNP_6_E03_914234	6	69470944	69475322	5	-0.6831
NULLS_p_TCGA_183_185_186_SNP_N_GenomeWideSNP_6_E03_914234	6	69475930	74591858	3302	-0.0067
NULLS_p_TCGA_183_185_186_SNP_N_GenomeWideSNP_6_E03_914234	6	74592225	74597289	8	0.9109
NULLS_p_TCGA_183_185_186_SNP_N_GenomeWideSNP_6_E03_914234	6	74597341	77440048	1774	0.0062
NULLS_p_TCGA_183_185_186_SNP_N_GenomeWideSNP_6_E03_914234	6	77440094	77452757	19	0.4004
NULLS_p_TCGA_183_185_186_SNP_N_GenomeWideSNP_6_E03_914234	6	77461073	78962889	979	-0.0015
NULLS_p_TCGA_183_185_186_SNP_N_GenomeWideSNP_6_E03_914234	6	78969065	79035185	111	-2.5212
NULLS_p_TCGA_183_185_186_SNP_N_GenomeWideSNP_6_E03_914234	6	79039234	79519669	312	-7e-04
NULLS_p_TCGA_183_185_186_SNP_N_GenomeWideSNP_6_E03_914234	6	79520689	79528574	4	-0.6673
NULLS_p_TCGA_183_185_186_SNP_N_GenomeWideSNP_6_E03_914234	6	79531255	81277987	1115	0.0046
NULLS_p_TCGA_183_185_186_SNP_N_GenomeWideSNP_6_E03_914234	6	81284189	81289534	33	-0.8755
NULLS_p_TCGA_183_185_186_SNP_N_GenomeWideSNP_6_E03_914234	6	81294341	103734825	14035	0.0022
NULLS_p_TCGA_183_185_186_SNP_N_GenomeWideSNP_6_E03_914234	6	103734829	103762061	47	0.801
NULLS_p_TCGA_183_185_186_SNP_N_GenomeWideSNP_6_E03_914234	6	103765470	118620567	9213	0.0014
NULLS_p_TCGA_183_185_186_SNP_N_GenomeWideSNP_6_E03_914234	6	118620866	118627366	6	-0.6867
NULLS_p_TCGA_183_185_186_SNP_N_GenomeWideSNP_6_E03_914234	6	118630300	134266268	9885	0.0093
NULLS_p_TCGA_183_185_186_SNP_N_GenomeWideSNP_6_E03_914234	6	134269071	134269632	2	-1.9535
NULLS_p_TCGA_183_185_186_SNP_N_GenomeWideSNP_6_E03_914234	6	134272072	171051005	25170	0.0045
NULLS_p_TCGA_183_185_186_SNP_N_GenomeWideSNP_6_E03_914234	7	43355	145185	90	-0.0752
NULLS_p_TCGA_183_185_186_SNP_N_GenomeWideSNP_6_E03_914234	7	148300	158626	11	-0.8758
NULLS_p_TCGA_183_185_186_SNP_N_GenomeWideSNP_6_E03_914234	7	161442	3117801	1071	-0.0119
NULLS_p_TCGA_183_185_186_SNP_N_GenomeWideSNP_6_E03_914234	7	3117874	3117887	2	-1.5971
NULLS_p_TCGA_183_185_186_SNP_N_GenomeWideSNP_6_E03_914234	7	3118298	13583266	7709	-0.0043
NULLS_p_TCGA_183_185_186_SNP_N_GenomeWideSNP_6_E03_914234	7	13587412	13591674	10	-0.8109
NULLS_p_TCGA_183_185_186_SNP_N_GenomeWideSNP_6_E03_914234	7	13597941	26132290	9988	-0.0055
NULLS_p_TCGA_183_185_186_SNP_N_GenomeWideSNP_6_E03_914234	7	26142392	26145413	4	-2.4937
NULLS_p_TCGA_183_185_186_SNP_N_GenomeWideSNP_6_E03_914234	7	26147219	54386510	19710	5e-04
NULLS_p_TCGA_183_185_186_SNP_N_GenomeWideSNP_6_E03_914234	7	54386512	54386517	3	-1.3555
NULLS_p_TCGA_183_185_186_SNP_N_GenomeWideSNP_6_E03_914234	7	54393488	57067592	1633	-0.0052
NULLS_p_TCGA_183_185_186_SNP_N_GenomeWideSNP_6_E03_914234	7	57068740	57084132	2	-1.6502
NULLS_p_TCGA_183_185_186_SNP_N_GenomeWideSNP_6_E03_914234	7	57116468	64594065	1506	-0.008
NULLS_p_TCGA_183_185_186_SNP_N_GenomeWideSNP_6_E03_914234	7	64594341	64651349	9	-1.3578
NULLS_p_TCGA_183_185_186_SNP_N_GenomeWideSNP_6_E03_914234	7	64651640	109433798	25674	-8e-04
NULLS_p_TCGA_183_185_186_SNP_N_GenomeWideSNP_6_E03_914234	7	109437092	109437772	15	-0.9585
NULLS_p_TCGA_183_185_186_SNP_N_GenomeWideSNP_6_E03_914234	7	109437774	109441212	9	-0.1029
NULLS_p_TCGA_183_185_186_SNP_N_GenomeWideSNP_6_E03_914234	7	109441244	109453910	11	-2.2018
NULLS_p_TCGA_183_185_186_SNP_N_GenomeWideSNP_6_E03_914234	7	109453982	121195743	7080	0.0034
NULLS_p_TCGA_183_185_186_SNP_N_GenomeWideSNP_6_E03_914234	7	121196326	121199586	2	-1.6232
NULLS_p_TCGA_183_185_186_SNP_N_GenomeWideSNP_6_E03_914234	7	121201292	126044974	2960	-0.0074
NULLS_p_TCGA_183_185_186_SNP_N_GenomeWideSNP_6_E03_914234	7	126045482	126046877	14	-1.2177
NULLS_p_TCGA_183_185_186_SNP_N_GenomeWideSNP_6_E03_914234	7	126046878	133778468	4703	-0.0087
NULLS_p_TCGA_183_185_186_SNP_N_GenomeWideSNP_6_E03_914234	7	133778637	133790443	29	0.4799
NULLS_p_TCGA_183_185_186_SNP_N_GenomeWideSNP_6_E03_914234	7	133795634	142474939	5706	-0.0045
NULLS_p_TCGA_183_185_186_SNP_N_GenomeWideSNP_6_E03_914234	7	142476719	142479665	7	-3.5774
NULLS_p_TCGA_183_185_186_SNP_N_GenomeWideSNP_6_E03_914234	7	142479722	142485985	19	-1.6591
NULLS_p_TCGA_183_185_186_SNP_N_GenomeWideSNP_6_E03_914234	7	142486045	143223768	473	0.0147
NULLS_p_TCGA_183_185_186_SNP_N_GenomeWideSNP_6_E03_914234	7	143223918	143545694	92	0.2184
NULLS_p_TCGA_183_185_186_SNP_N_GenomeWideSNP_6_E03_914234	7	143545705	147713993	2728	2e-04
NULLS_p_TCGA_183_185_186_SNP_N_GenomeWideSNP_6_E03_914234	7	147714781	147715896	4	-2.2189
NULLS_p_TCGA_183_185_186_SNP_N_GenomeWideSNP_6_E03_914234	7	147716165	149752241	1164	-0.0054
NULLS_p_TCGA_183_185_186_SNP_N_GenomeWideSNP_6_E03_914234	7	149752835	149763766	4	-0.8141
NULLS_p_TCGA_183_185_186_SNP_N_GenomeWideSNP_6_E03_914234	7	149766330	150300735	279	7e-04
NULLS_p_TCGA_183_185_186_SNP_N_GenomeWideSNP_6_E03_914234	7	150300867	150301569	3	-1.0558
NULLS_p_TCGA_183_185_186_SNP_N_GenomeWideSNP_6_E03_914234	7	150307922	153147638	1720	0.0038
NULLS_p_TCGA_183_185_186_SNP_N_GenomeWideSNP_6_E03_914234	7	153147645	153147712	2	-2.748
NULLS_p_TCGA_183_185_186_SNP_N_GenomeWideSNP_6_E03_914234	7	153147715	154389895	866	-0.0095
NULLS_p_TCGA_183_185_186_SNP_N_GenomeWideSNP_6_E03_914234	7	154393171	154399613	4	-1.9092
NULLS_p_TCGA_183_185_186_SNP_N_GenomeWideSNP_6_E03_914234	7	154400830	156391790	1612	0.0067
NULLS_p_TCGA_183_185_186_SNP_N_GenomeWideSNP_6_E03_914234	7	156393168	156394179	3	-1.4887
NULLS_p_TCGA_183_185_186_SNP_N_GenomeWideSNP_6_E03_914234	7	156394908	159127004	1632	-0.0182
NULLS_p_TCGA_183_185_186_SNP_N_GenomeWideSNP_6_E03_914234	8	31254	6826263	7723	3e-04
NULLS_p_TCGA_183_185_186_SNP_N_GenomeWideSNP_6_E03_914234	8	6826290	6827199	11	-0.5794
NULLS_p_TCGA_183_185_186_SNP_N_GenomeWideSNP_6_E03_914234	8	6833368	7193821	101	-0.0042
NULLS_p_TCGA_183_185_186_SNP_N_GenomeWideSNP_6_E03_914234	8	7214611	7730062	132	-0.6075
NULLS_p_TCGA_183_185_186_SNP_N_GenomeWideSNP_6_E03_914234	8	7730153	7776630	19	-1.1155
NULLS_p_TCGA_183_185_186_SNP_N_GenomeWideSNP_6_E03_914234	8	7776992	7798851	21	-0.5609
NULLS_p_TCGA_183_185_186_SNP_N_GenomeWideSNP_6_E03_914234	8	7799390	7866162	27	0.1341
NULLS_p_TCGA_183_185_186_SNP_N_GenomeWideSNP_6_E03_914234	8	7935855	8092025	44	-0.4327
NULLS_p_TCGA_183_185_186_SNP_N_GenomeWideSNP_6_E03_914234	8	8093182	11893228	3221	1e-04
NULLS_p_TCGA_183_185_186_SNP_N_GenomeWideSNP_6_E03_914234	8	11895245	11992286	6	-1.1048
NULLS_p_TCGA_183_185_186_SNP_N_GenomeWideSNP_6_E03_914234	8	11997095	12443055	116	-0.2961
NULLS_p_TCGA_183_185_186_SNP_N_GenomeWideSNP_6_E03_914234	8	12473543	15292962	2658	6e-04
NULLS_p_TCGA_183_185_186_SNP_N_GenomeWideSNP_6_E03_914234	8	15293931	15295445	2	-1.4463
NULLS_p_TCGA_183_185_186_SNP_N_GenomeWideSNP_6_E03_914234	8	15296703	15403060	81	0.0218
NULLS_p_TCGA_183_185_186_SNP_N_GenomeWideSNP_6_E03_914234	8	15406281	15411608	7	-1.1499
NULLS_p_TCGA_183_185_186_SNP_N_GenomeWideSNP_6_E03_914234	8	15413447	15794823	383	0.0281
NULLS_p_TCGA_183_185_186_SNP_N_GenomeWideSNP_6_E03_914234	8	15795523	15795898	3	-0.9995
NULLS_p_TCGA_183_185_186_SNP_N_GenomeWideSNP_6_E03_914234	8	15796982	16919086	949	0.0208
NULLS_p_TCGA_183_185_186_SNP_N_GenomeWideSNP_6_E03_914234	8	16919124	16927250	4	-0.837
NULLS_p_TCGA_183_185_186_SNP_N_GenomeWideSNP_6_E03_914234	8	16927520	17276139	287	5e-04
NULLS_p_TCGA_183_185_186_SNP_N_GenomeWideSNP_6_E03_914234	8	17276630	17279391	3	-0.8447
NULLS_p_TCGA_183_185_186_SNP_N_GenomeWideSNP_6_E03_914234	8	17279862	20180692	2661	0.0037
NULLS_p_TCGA_183_185_186_SNP_N_GenomeWideSNP_6_E03_914234	8	20184339	20184824	2	-0.9702
NULLS_p_TCGA_183_185_186_SNP_N_GenomeWideSNP_6_E03_914234	8	20185105	23402308	2249	0.0117
NULLS_p_TCGA_183_185_186_SNP_N_GenomeWideSNP_6_E03_914234	8	23407740	23407871	5	-0.8876
NULLS_p_TCGA_183_185_186_SNP_N_GenomeWideSNP_6_E03_914234	8	23407905	39230659	10215	0.0075
NULLS_p_TCGA_183_185_186_SNP_N_GenomeWideSNP_6_E03_914234	8	39235603	39386965	58	-2.1706
NULLS_p_TCGA_183_185_186_SNP_N_GenomeWideSNP_6_E03_914234	8	39388299	40771996	1074	-6e-04
NULLS_p_TCGA_183_185_186_SNP_N_GenomeWideSNP_6_E03_914234	8	40777852	40778471	2	-1.9486
NULLS_p_TCGA_183_185_186_SNP_N_GenomeWideSNP_6_E03_914234	8	40783680	112291494	40997	-0.0023
NULLS_p_TCGA_183_185_186_SNP_N_GenomeWideSNP_6_E03_914234	8	112294279	112295260	10	-1.3804
NULLS_p_TCGA_183_185_186_SNP_N_GenomeWideSNP_6_E03_914234	8	112300281	115631436	1827	0.0013
NULLS_p_TCGA_183_185_186_SNP_N_GenomeWideSNP_6_E03_914234	8	115632043	115641569	33	-0.4315
NULLS_p_TCGA_183_185_186_SNP_N_GenomeWideSNP_6_E03_914234	8	115641585	120077286	3058	-0.0052
NULLS_p_TCGA_183_185_186_SNP_N_GenomeWideSNP_6_E03_914234	8	120078779	120078858	2	-1.1007
NULLS_p_TCGA_183_185_186_SNP_N_GenomeWideSNP_6_E03_914234	8	120079206	124922448	3219	-0.0057
NULLS_p_TCGA_183_185_186_SNP_N_GenomeWideSNP_6_E03_914234	8	124922665	124922736	2	-1.2879
NULLS_p_TCGA_183_185_186_SNP_N_GenomeWideSNP_6_E03_914234	8	124923123	143128774	13665	-0.001
NULLS_p_TCGA_183_185_186_SNP_N_GenomeWideSNP_6_E03_914234	8	143128775	143138709	6	-0.9719
NULLS_p_TCGA_183_185_186_SNP_N_GenomeWideSNP_6_E03_914234	8	143140690	146298155	1132	-0.0132
NULLS_p_TCGA_183_185_186_SNP_N_GenomeWideSNP_6_E03_914234	9	46587	23361805	20466	7e-04
NULLS_p_TCGA_183_185_186_SNP_N_GenomeWideSNP_6_E03_914234	9	23363115	23373484	8	-2.1638
NULLS_p_TCGA_183_185_186_SNP_N_GenomeWideSNP_6_E03_914234	9	23378488	41626881	10877	0.0055
NULLS_p_TCGA_183_185_186_SNP_N_GenomeWideSNP_6_E03_914234	9	41626896	43800186	88	0.3006
NULLS_p_TCGA_183_185_186_SNP_N_GenomeWideSNP_6_E03_914234	9	44114872	44629223	49	-0.173
NULLS_p_TCGA_183_185_186_SNP_N_GenomeWideSNP_6_E03_914234	9	44727859	44855737	36	-1.2754
NULLS_p_TCGA_183_185_186_SNP_N_GenomeWideSNP_6_E03_914234	9	44866028	75280611	3653	0
NULLS_p_TCGA_183_185_186_SNP_N_GenomeWideSNP_6_E03_914234	9	75284559	75285069	3	-1.1425
NULLS_p_TCGA_183_185_186_SNP_N_GenomeWideSNP_6_E03_914234	9	75285903	138211368	43665	0.0055
NULLS_p_TCGA_183_185_186_SNP_N_GenomeWideSNP_6_E03_914234	9	138214105	138215622	2	-1.4889
NULLS_p_TCGA_183_185_186_SNP_N_GenomeWideSNP_6_E03_914234	9	138216412	140252947	699	0.0072
NULLS_p_TCGA_183_185_186_SNP_N_GenomeWideSNP_6_E03_914234	9	140255642	140291031	13	0.4202
NULLS_p_TCGA_183_185_186_SNP_N_GenomeWideSNP_6_E03_914234	9	140292745	141071527	396	-0.0217
NULLS_p_TCGA_183_185_186_SNP_N_GenomeWideSNP_6_E03_914234	9	141071940	141091394	6	0.9451
NULLS_p_TCGA_183_185_186_SNP_N_GenomeWideSNP_6_E03_914234	10	72759	12419795	10369	4e-04
NULLS_p_TCGA_183_185_186_SNP_N_GenomeWideSNP_6_E03_914234	10	12420214	12424875	3	-1.4778
NULLS_p_TCGA_183_185_186_SNP_N_GenomeWideSNP_6_E03_914234	10	12430336	17836592	4517	0.0019
NULLS_p_TCGA_183_185_186_SNP_N_GenomeWideSNP_6_E03_914234	10	17859443	17949857	7	-0.7238
NULLS_p_TCGA_183_185_186_SNP_N_GenomeWideSNP_6_E03_914234	10	17971816	18431191	159	0.0363
NULLS_p_TCGA_183_185_186_SNP_N_GenomeWideSNP_6_E03_914234	10	18433966	18433986	2	-1.2114
NULLS_p_TCGA_183_185_186_SNP_N_GenomeWideSNP_6_E03_914234	10	18434190	23770658	3757	-0.0021
NULLS_p_TCGA_183_185_186_SNP_N_GenomeWideSNP_6_E03_914234	10	23771097	23771172	2	-1.2609
NULLS_p_TCGA_183_185_186_SNP_N_GenomeWideSNP_6_E03_914234	10	23775994	27577568	2651	0
NULLS_p_TCGA_183_185_186_SNP_N_GenomeWideSNP_6_E03_914234	10	27579796	27597438	5	0.7564
NULLS_p_TCGA_183_185_186_SNP_N_GenomeWideSNP_6_E03_914234	10	27607185	28941227	963	0.0164
NULLS_p_TCGA_183_185_186_SNP_N_GenomeWideSNP_6_E03_914234	10	28941861	28945086	2	-0.9498
NULLS_p_TCGA_183_185_186_SNP_N_GenomeWideSNP_6_E03_914234	10	28945724	30999785	1712	-3e-04
NULLS_p_TCGA_183_185_186_SNP_N_GenomeWideSNP_6_E03_914234	10	31000393	31001293	5	-0.7153
NULLS_p_TCGA_183_185_186_SNP_N_GenomeWideSNP_6_E03_914234	10	31010850	32952832	1234	0.0033
NULLS_p_TCGA_183_185_186_SNP_N_GenomeWideSNP_6_E03_914234	10	32952991	32953080	4	0.8332
NULLS_p_TCGA_183_185_186_SNP_N_GenomeWideSNP_6_E03_914234	10	32953173	46674180	6205	-7e-04
NULLS_p_TCGA_183_185_186_SNP_N_GenomeWideSNP_6_E03_914234	10	46691159	48306391	385	0.4944
NULLS_p_TCGA_183_185_186_SNP_N_GenomeWideSNP_6_E03_914234	10	48311058	61357856	8750	0.0089
NULLS_p_TCGA_183_185_186_SNP_N_GenomeWideSNP_6_E03_914234	10	61358267	61365182	8	-0.8788
NULLS_p_TCGA_183_185_186_SNP_N_GenomeWideSNP_6_E03_914234	10	61365264	67306276	4030	0.0071
NULLS_p_TCGA_183_185_186_SNP_N_GenomeWideSNP_6_E03_914234	10	67307923	67314446	28	-0.4223
NULLS_p_TCGA_183_185_186_SNP_N_GenomeWideSNP_6_E03_914234	10	67322795	73049322	3968	-0.0026
NULLS_p_TCGA_183_185_186_SNP_N_GenomeWideSNP_6_E03_914234	10	73049464	73050391	3	-1.0204
NULLS_p_TCGA_183_185_186_SNP_N_GenomeWideSNP_6_E03_914234	10	73052691	84942224	7741	0.0047
NULLS_p_TCGA_183_185_186_SNP_N_GenomeWideSNP_6_E03_914234	10	84947146	84947722	4	-1.1694
NULLS_p_TCGA_183_185_186_SNP_N_GenomeWideSNP_6_E03_914234	10	84947883	92462715	5262	0.0047
NULLS_p_TCGA_183_185_186_SNP_N_GenomeWideSNP_6_E03_914234	10	92462824	92463291	3	-1.134
NULLS_p_TCGA_183_185_186_SNP_N_GenomeWideSNP_6_E03_914234	10	92471580	135345340	29281	0.0058
NULLS_p_TCGA_183_185_186_SNP_N_GenomeWideSNP_6_E03_914234	10	135345998	135348257	6	-0.9276
NULLS_p_TCGA_183_185_186_SNP_N_GenomeWideSNP_6_E03_914234	10	135349076	135506704	72	-0.0417
NULLS_p_TCGA_183_185_186_SNP_N_GenomeWideSNP_6_E03_914234	11	198510	4726440	2203	-0.004
NULLS_p_TCGA_183_185_186_SNP_N_GenomeWideSNP_6_E03_914234	11	4726618	4726891	5	-1.1988
NULLS_p_TCGA_183_185_186_SNP_N_GenomeWideSNP_6_E03_914234	11	4729134	4967251	267	-0.0071
NULLS_p_TCGA_183_185_186_SNP_N_GenomeWideSNP_6_E03_914234	11	4967376	4974029	29	0.8933
NULLS_p_TCGA_183_185_186_SNP_N_GenomeWideSNP_6_E03_914234	11	4975164	4975675	2	-0.6243
NULLS_p_TCGA_183_185_186_SNP_N_GenomeWideSNP_6_E03_914234	11	4975705	4976892	14	0.5165
NULLS_p_TCGA_183_185_186_SNP_N_GenomeWideSNP_6_E03_914234	11	4976907	5522151	541	0.0201
NULLS_p_TCGA_183_185_186_SNP_N_GenomeWideSNP_6_E03_914234	11	5522175	5523593	6	-0.6658
NULLS_p_TCGA_183_185_186_SNP_N_GenomeWideSNP_6_E03_914234	11	5524464	6107790	512	0.0287
NULLS_p_TCGA_183_185_186_SNP_N_GenomeWideSNP_6_E03_914234	11	6108269	6122094	8	-0.9992
NULLS_p_TCGA_183_185_186_SNP_N_GenomeWideSNP_6_E03_914234	11	6122503	18950256	9189	0.0078
NULLS_p_TCGA_183_185_186_SNP_N_GenomeWideSNP_6_E03_914234	11	18950357	18961281	31	-0.3102
NULLS_p_TCGA_183_185_186_SNP_N_GenomeWideSNP_6_E03_914234	11	18961296	42171683	16779	0.0037
NULLS_p_TCGA_183_185_186_SNP_N_GenomeWideSNP_6_E03_914234	11	42175765	42274502	57	0.5632
NULLS_p_TCGA_183_185_186_SNP_N_GenomeWideSNP_6_E03_914234	11	42274675	48598422	3805	-0.0013
NULLS_p_TCGA_183_185_186_SNP_N_GenomeWideSNP_6_E03_914234	11	48601434	48602676	2	-1.4326
NULLS_p_TCGA_183_185_186_SNP_N_GenomeWideSNP_6_E03_914234	11	48606318	50769317	837	0.0165
NULLS_p_TCGA_183_185_186_SNP_N_GenomeWideSNP_6_E03_914234	11	51096372	51176743	7	-0.7967
NULLS_p_TCGA_183_185_186_SNP_N_GenomeWideSNP_6_E03_914234	11	51183575	51183906	3	-2.3077
NULLS_p_TCGA_183_185_186_SNP_N_GenomeWideSNP_6_E03_914234	11	51192870	55361361	375	0.0384
NULLS_p_TCGA_183_185_186_SNP_N_GenomeWideSNP_6_E03_914234	11	55361410	55468524	68	0.3283
NULLS_p_TCGA_183_185_186_SNP_N_GenomeWideSNP_6_E03_914234	11	55468553	134944770	52444	0.0028
NULLS_p_TCGA_183_185_186_SNP_N_GenomeWideSNP_6_E03_914234	12	150442	2235889	1268	0.0098
NULLS_p_TCGA_183_185_186_SNP_N_GenomeWideSNP_6_E03_914234	12	2245862	2258406	44	-0.6889
NULLS_p_TCGA_183_185_186_SNP_N_GenomeWideSNP_6_E03_914234	12	2259967	8006506	4064	0.0049
NULLS_p_TCGA_183_185_186_SNP_N_GenomeWideSNP_6_E03_914234	12	8007799	8123900	58	0.6151
NULLS_p_TCGA_183_185_186_SNP_N_GenomeWideSNP_6_E03_914234	12	8130958	9633870	772	-0.0519
NULLS_p_TCGA_183_185_186_SNP_N_GenomeWideSNP_6_E03_914234	12	9637909	9713674	21	-1.3909
NULLS_p_TCGA_183_185_186_SNP_N_GenomeWideSNP_6_E03_914234	12	9714954	10573000	636	0.0022
NULLS_p_TCGA_183_185_186_SNP_N_GenomeWideSNP_6_E03_914234	12	10578777	10599481	10	-0.5945
NULLS_p_TCGA_183_185_186_SNP_N_GenomeWideSNP_6_E03_914234	12	10600368	11220724	401	0.0046
NULLS_p_TCGA_183_185_186_SNP_N_GenomeWideSNP_6_E03_914234	12	11220827	11241532	11	-1.3606
NULLS_p_TCGA_183_185_186_SNP_N_GenomeWideSNP_6_E03_914234	12	11251874	31265057	14205	-0.001
NULLS_p_TCGA_183_185_186_SNP_N_GenomeWideSNP_6_E03_914234	12	31269298	31407123	91	0.5322
NULLS_p_TCGA_183_185_186_SNP_N_GenomeWideSNP_6_E03_914234	12	31409879	127632381	59037	0.0034
NULLS_p_TCGA_183_185_186_SNP_N_GenomeWideSNP_6_E03_914234	12	127634136	127635059	10	-1.3846
NULLS_p_TCGA_183_185_186_SNP_N_GenomeWideSNP_6_E03_914234	12	127635083	133778189	4488	-0.005
NULLS_p_TCGA_183_185_186_SNP_N_GenomeWideSNP_6_E03_914234	13	19026949	23629187	2898	0.0084
NULLS_p_TCGA_183_185_186_SNP_N_GenomeWideSNP_6_E03_914234	13	23629210	23633515	13	-0.4569
NULLS_p_TCGA_183_185_186_SNP_N_GenomeWideSNP_6_E03_914234	13	23638195	38075965	10666	0.0054
NULLS_p_TCGA_183_185_186_SNP_N_GenomeWideSNP_6_E03_914234	13	38076267	38084757	12	-0.4596
NULLS_p_TCGA_183_185_186_SNP_N_GenomeWideSNP_6_E03_914234	13	38088330	49531551	8038	0.003
NULLS_p_TCGA_183_185_186_SNP_N_GenomeWideSNP_6_E03_914234	13	49533715	49536504	2	-2.2297
NULLS_p_TCGA_183_185_186_SNP_N_GenomeWideSNP_6_E03_914234	13	49537705	110513735	39937	0.0056
NULLS_p_TCGA_183_185_186_SNP_N_GenomeWideSNP_6_E03_914234	13	110515263	110525027	8	-1.0954
NULLS_p_TCGA_183_185_186_SNP_N_GenomeWideSNP_6_E03_914234	13	110530186	111691670	964	-0.0025
NULLS_p_TCGA_183_185_186_SNP_N_GenomeWideSNP_6_E03_914234	13	111692006	111695352	5	-0.6627
NULLS_p_TCGA_183_185_186_SNP_N_GenomeWideSNP_6_E03_914234	13	111695863	113533876	1151	0.0149
NULLS_p_TCGA_183_185_186_SNP_N_GenomeWideSNP_6_E03_914234	13	113534061	113534208	3	1.183
NULLS_p_TCGA_183_185_186_SNP_N_GenomeWideSNP_6_E03_914234	13	113534835	115108397	653	-0.0032
NULLS_p_TCGA_183_185_186_SNP_N_GenomeWideSNP_6_E03_914234	14	19002124	20252432	104	0.0441
NULLS_p_TCGA_183_185_186_SNP_N_GenomeWideSNP_6_E03_914234	14	20253045	20432988	97	0.3298
NULLS_p_TCGA_183_185_186_SNP_N_GenomeWideSNP_6_E03_914234	14	20433044	40608928	12914	0.0086
NULLS_p_TCGA_183_185_186_SNP_N_GenomeWideSNP_6_E03_914234	14	40613922	40616919	2	-2.7615
NULLS_p_TCGA_183_185_186_SNP_N_GenomeWideSNP_6_E03_914234	14	40618165	70013979	18595	0.0041
NULLS_p_TCGA_183_185_186_SNP_N_GenomeWideSNP_6_E03_914234	14	70018047	70022726	11	-0.6531
NULLS_p_TCGA_183_185_186_SNP_N_GenomeWideSNP_6_E03_914234	14	70022944	74006707	2628	0.0045
NULLS_p_TCGA_183_185_186_SNP_N_GenomeWideSNP_6_E03_914234	14	74006851	74017538	6	-1.9594
NULLS_p_TCGA_183_185_186_SNP_N_GenomeWideSNP_6_E03_914234	14	74020979	106054897	20683	3e-04
NULLS_p_TCGA_183_185_186_SNP_N_GenomeWideSNP_6_E03_914234	14	106078690	106125398	12	-1.067
NULLS_p_TCGA_183_185_186_SNP_N_GenomeWideSNP_6_E03_914234	14	106154868	106538062	138	0.1044
NULLS_p_TCGA_183_185_186_SNP_N_GenomeWideSNP_6_E03_914234	14	106541753	106567100	13	0.8225
NULLS_p_TCGA_183_185_186_SNP_N_GenomeWideSNP_6_E03_914234	14	106569463	106874361	142	0.0658
NULLS_p_TCGA_183_185_186_SNP_N_GenomeWideSNP_6_E03_914234	14	106879831	106918108	51	-0.4582
NULLS_p_TCGA_183_185_186_SNP_N_GenomeWideSNP_6_E03_914234	14	106918649	107285437	224	0.0369
NULLS_p_TCGA_183_185_186_SNP_N_GenomeWideSNP_6_E03_914234	15	20016328	20231906	50	-0.0221
NULLS_p_TCGA_183_185_186_SNP_N_GenomeWideSNP_6_E03_914234	15	20246372	22681250	375	-0.4833
NULLS_p_TCGA_183_185_186_SNP_N_GenomeWideSNP_6_E03_914234	15	22751094	24669656	1002	0.0177
NULLS_p_TCGA_183_185_186_SNP_N_GenomeWideSNP_6_E03_914234	15	24669745	24718173	40	-0.4573
NULLS_p_TCGA_183_185_186_SNP_N_GenomeWideSNP_6_E03_914234	15	24718596	30450369	3641	0.0038
NULLS_p_TCGA_183_185_186_SNP_N_GenomeWideSNP_6_E03_914234	15	30491387	30792569	98	-0.4362
NULLS_p_TCGA_183_185_186_SNP_N_GenomeWideSNP_6_E03_914234	15	30795789	32512220	1076	4e-04
NULLS_p_TCGA_183_185_186_SNP_N_GenomeWideSNP_6_E03_914234	15	32531316	32539537	3	-1.3238
NULLS_p_TCGA_183_185_186_SNP_N_GenomeWideSNP_6_E03_914234	15	32546358	57642077	15724	0.0034
NULLS_p_TCGA_183_185_186_SNP_N_GenomeWideSNP_6_E03_914234	15	57643653	57779035	147	0.5536
NULLS_p_TCGA_183_185_186_SNP_N_GenomeWideSNP_6_E03_914234	15	57781577	69329815	7965	0.0018
NULLS_p_TCGA_183_185_186_SNP_N_GenomeWideSNP_6_E03_914234	15	69331285	69331360	2	1.8896
NULLS_p_TCGA_183_185_186_SNP_N_GenomeWideSNP_6_E03_914234	15	69337675	70462010	776	0.0132
NULLS_p_TCGA_183_185_186_SNP_N_GenomeWideSNP_6_E03_914234	15	70462665	70462952	2	-1.2776
NULLS_p_TCGA_183_185_186_SNP_N_GenomeWideSNP_6_E03_914234	15	70471263	76878362	3472	0.0026
NULLS_p_TCGA_183_185_186_SNP_N_GenomeWideSNP_6_E03_914234	15	76891241	76895775	22	0.9181
NULLS_p_TCGA_183_185_186_SNP_N_GenomeWideSNP_6_E03_914234	15	76902179	83557883	3919	0.0016
NULLS_p_TCGA_183_185_186_SNP_N_GenomeWideSNP_6_E03_914234	15	83558054	83558071	2	-1.7102
NULLS_p_TCGA_183_185_186_SNP_N_GenomeWideSNP_6_E03_914234	15	83559421	92765755	6326	3e-04
NULLS_p_TCGA_183_185_186_SNP_N_GenomeWideSNP_6_E03_914234	15	92765874	92766294	3	2.6907
NULLS_p_TCGA_183_185_186_SNP_N_GenomeWideSNP_6_E03_914234	15	92766758	102469040	7443	-0.0071
NULLS_p_TCGA_183_185_186_SNP_N_GenomeWideSNP_6_E03_914234	16	60777	14980977	11140	-0.0011
NULLS_p_TCGA_183_185_186_SNP_N_GenomeWideSNP_6_E03_914234	16	14989839	15127986	67	-0.2324
NULLS_p_TCGA_183_185_186_SNP_N_GenomeWideSNP_6_E03_914234	16	15129905	19944363	2327	6e-04
NULLS_p_TCGA_183_185_186_SNP_N_GenomeWideSNP_6_E03_914234	16	19945650	19965875	28	-1.0179
NULLS_p_TCGA_183_185_186_SNP_N_GenomeWideSNP_6_E03_914234	16	19967362	21379451	905	4e-04
NULLS_p_TCGA_183_185_186_SNP_N_GenomeWideSNP_6_E03_914234	16	21389970	21586724	22	-0.3169
NULLS_p_TCGA_183_185_186_SNP_N_GenomeWideSNP_6_E03_914234	16	21588788	22418317	358	0.0164
NULLS_p_TCGA_183_185_186_SNP_N_GenomeWideSNP_6_E03_914234	16	22418701	22588050	19	-0.3081
NULLS_p_TCGA_183_185_186_SNP_N_GenomeWideSNP_6_E03_914234	16	22590878	22615804	5	-1.3242
NULLS_p_TCGA_183_185_186_SNP_N_GenomeWideSNP_6_E03_914234	16	22625584	22718386	63	-0.3205
NULLS_p_TCGA_183_185_186_SNP_N_GenomeWideSNP_6_E03_914234	16	22718938	31971520	5132	-0.0046
NULLS_p_TCGA_183_185_186_SNP_N_GenomeWideSNP_6_E03_914234	16	31975169	32588622	104	-0.2894
NULLS_p_TCGA_183_185_186_SNP_N_GenomeWideSNP_6_E03_914234	16	32588901	32588909	5	-4.1048
NULLS_p_TCGA_183_185_186_SNP_N_GenomeWideSNP_6_E03_914234	16	32609274	33241953	77	-0.1905
NULLS_p_TCGA_183_185_186_SNP_N_GenomeWideSNP_6_E03_914234	16	33300894	33631830	89	-0.5064
NULLS_p_TCGA_183_185_186_SNP_N_GenomeWideSNP_6_E03_914234	16	33643399	54410097	5769	0.0021
NULLS_p_TCGA_183_185_186_SNP_N_GenomeWideSNP_6_E03_914234	16	54410237	54419632	16	-0.9986
NULLS_p_TCGA_183_185_186_SNP_N_GenomeWideSNP_6_E03_914234	16	54420698	55796594	1211	0.0065
NULLS_p_TCGA_183_185_186_SNP_N_GenomeWideSNP_6_E03_914234	16	55798222	55809224	9	1.3243
NULLS_p_TCGA_183_185_186_SNP_N_GenomeWideSNP_6_E03_914234	16	55809466	70125174	8774	0.0033
NULLS_p_TCGA_183_185_186_SNP_N_GenomeWideSNP_6_E03_914234	16	70136868	70198396	18	-0.531
NULLS_p_TCGA_183_185_186_SNP_N_GenomeWideSNP_6_E03_914234	16	70211444	74364849	2425	0.0018
NULLS_p_TCGA_183_185_186_SNP_N_GenomeWideSNP_6_E03_914234	16	74368691	74407379	11	-0.5865
NULLS_p_TCGA_183_185_186_SNP_N_GenomeWideSNP_6_E03_914234	16	74452036	78371608	3214	-0.0138
NULLS_p_TCGA_183_185_186_SNP_N_GenomeWideSNP_6_E03_914234	16	78372440	78384738	16	-2.243
NULLS_p_TCGA_183_185_186_SNP_N_GenomeWideSNP_6_E03_914234	16	78384765	88110422	9795	-0.0048
NULLS_p_TCGA_183_185_186_SNP_N_GenomeWideSNP_6_E03_914234	16	88113663	88114838	3	-1.588
NULLS_p_TCGA_183_185_186_SNP_N_GenomeWideSNP_6_E03_914234	16	88115391	88777995	244	-0.033
NULLS_p_TCGA_183_185_186_SNP_N_GenomeWideSNP_6_E03_914234	16	88778212	88779032	2	-1.3199
NULLS_p_TCGA_183_185_186_SNP_N_GenomeWideSNP_6_E03_914234	16	88780023	90287535	604	0.0101
NULLS_p_TCGA_183_185_186_SNP_N_GenomeWideSNP_6_E03_914234	17	526	18355392	11448	0.0017
NULLS_p_TCGA_183_185_186_SNP_N_GenomeWideSNP_6_E03_914234	17	18358946	18464586	27	-1.5155
NULLS_p_TCGA_183_185_186_SNP_N_GenomeWideSNP_6_E03_914234	17	18465221	34436708	6926	3e-04
NULLS_p_TCGA_183_185_186_SNP_N_GenomeWideSNP_6_E03_914234	17	34437128	34485091	37	0.611
NULLS_p_TCGA_183_185_186_SNP_N_GenomeWideSNP_6_E03_914234	17	34528125	44201388	5108	-0.007
NULLS_p_TCGA_183_185_186_SNP_N_GenomeWideSNP_6_E03_914234	17	44201438	44408674	103	-0.2418
NULLS_p_TCGA_183_185_186_SNP_N_GenomeWideSNP_6_E03_914234	17	44428681	44737622	37	0.5626
NULLS_p_TCGA_183_185_186_SNP_N_GenomeWideSNP_6_E03_914234	17	44741425	81049726	21636	-0.0052
NULLS_p_TCGA_183_185_186_SNP_N_GenomeWideSNP_6_E03_914234	18	11543	12212957	8912	-0.0082
NULLS_p_TCGA_183_185_186_SNP_N_GenomeWideSNP_6_E03_914234	18	12218708	12228772	4	-1.4312
NULLS_p_TCGA_183_185_186_SNP_N_GenomeWideSNP_6_E03_914234	18	12238863	27812385	7156	-0.0081
NULLS_p_TCGA_183_185_186_SNP_N_GenomeWideSNP_6_E03_914234	18	27814548	27815968	4	-1.0661
NULLS_p_TCGA_183_185_186_SNP_N_GenomeWideSNP_6_E03_914234	18	27818614	38260434	6776	-0.0078
NULLS_p_TCGA_183_185_186_SNP_N_GenomeWideSNP_6_E03_914234	18	38260448	38265389	17	-0.4358
NULLS_p_TCGA_183_185_186_SNP_N_GenomeWideSNP_6_E03_914234	18	38268024	55930550	11918	-0.0066
NULLS_p_TCGA_183_185_186_SNP_N_GenomeWideSNP_6_E03_914234	18	55930862	55931672	11	-1.321
NULLS_p_TCGA_183_185_186_SNP_N_GenomeWideSNP_6_E03_914234	18	55932956	55933253	5	-0.3358
NULLS_p_TCGA_183_185_186_SNP_N_GenomeWideSNP_6_E03_914234	18	55934747	55935962	7	-1.1373
NULLS_p_TCGA_183_185_186_SNP_N_GenomeWideSNP_6_E03_914234	18	55938939	60877761	3517	-0.0039
NULLS_p_TCGA_183_185_186_SNP_N_GenomeWideSNP_6_E03_914234	18	60878629	60879799	4	-0.8154
NULLS_p_TCGA_183_185_186_SNP_N_GenomeWideSNP_6_E03_914234	18	60880296	63762300	2121	3e-04
NULLS_p_TCGA_183_185_186_SNP_N_GenomeWideSNP_6_E03_914234	18	63767140	63767922	3	1.2366
NULLS_p_TCGA_183_185_186_SNP_N_GenomeWideSNP_6_E03_914234	18	63775595	78015057	10387	-0.0078
NULLS_p_TCGA_183_185_186_SNP_N_GenomeWideSNP_6_E03_914234	19	90910	20746190	9076	-0.003
NULLS_p_TCGA_183_185_186_SNP_N_GenomeWideSNP_6_E03_914234	19	20759077	20759858	2	-1.9002
NULLS_p_TCGA_183_185_186_SNP_N_GenomeWideSNP_6_E03_914234	19	20765130	21114268	191	0.0268
NULLS_p_TCGA_183_185_186_SNP_N_GenomeWideSNP_6_E03_914234	19	21114808	21146596	24	-0.3283
NULLS_p_TCGA_183_185_186_SNP_N_GenomeWideSNP_6_E03_914234	19	21148312	35658728	7359	0.0118
NULLS_p_TCGA_183_185_186_SNP_N_GenomeWideSNP_6_E03_914234	19	35663774	35664043	6	-0.8949
NULLS_p_TCGA_183_185_186_SNP_N_GenomeWideSNP_6_E03_914234	19	35666047	35849322	168	0.03
NULLS_p_TCGA_183_185_186_SNP_N_GenomeWideSNP_6_E03_914234	19	35849493	35861848	22	-0.6084
NULLS_p_TCGA_183_185_186_SNP_N_GenomeWideSNP_6_E03_914234	19	35866744	52131813	8116	-0.0048
NULLS_p_TCGA_183_185_186_SNP_N_GenomeWideSNP_6_E03_914234	19	52142352	52148197	11	-0.8571
NULLS_p_TCGA_183_185_186_SNP_N_GenomeWideSNP_6_E03_914234	19	52154905	56272143	2529	-1e-04
NULLS_p_TCGA_183_185_186_SNP_N_GenomeWideSNP_6_E03_914234	19	56273057	56286293	8	-0.8376
NULLS_p_TCGA_183_185_186_SNP_N_GenomeWideSNP_6_E03_914234	19	56288941	59097854	1849	0.0031
NULLS_p_TCGA_183_185_186_SNP_N_GenomeWideSNP_6_E03_914234	20	61305	1548016	1180	-0.0197
NULLS_p_TCGA_183_185_186_SNP_N_GenomeWideSNP_6_E03_914234	20	1550334	1570786	39	-0.7011
NULLS_p_TCGA_183_185_186_SNP_N_GenomeWideSNP_6_E03_914234	20	1570804	26305579	18851	0.0016
NULLS_p_TCGA_183_185_186_SNP_N_GenomeWideSNP_6_E03_914234	20	29420352	29493853	20	-0.5228
NULLS_p_TCGA_183_185_186_SNP_N_GenomeWideSNP_6_E03_914234	20	29498271	38034463	4380	-0.0037
NULLS_p_TCGA_183_185_186_SNP_N_GenomeWideSNP_6_E03_914234	20	38038991	38042046	3	-1.0264
NULLS_p_TCGA_183_185_186_SNP_N_GenomeWideSNP_6_E03_914234	20	38046128	62956153	18039	0.0025
NULLS_p_TCGA_183_185_186_SNP_N_GenomeWideSNP_6_E03_914234	21	10736871	11002543	71	-0.4359
NULLS_p_TCGA_183_185_186_SNP_N_GenomeWideSNP_6_E03_914234	21	11002559	25293109	7681	0.013
NULLS_p_TCGA_183_185_186_SNP_N_GenomeWideSNP_6_E03_914234	21	25296170	25299689	4	-1.2747
NULLS_p_TCGA_183_185_186_SNP_N_GenomeWideSNP_6_E03_914234	21	25299758	31587382	4757	0.0084
NULLS_p_TCGA_183_185_186_SNP_N_GenomeWideSNP_6_E03_914234	21	31593066	31593833	3	-0.9832
NULLS_p_TCGA_183_185_186_SNP_N_GenomeWideSNP_6_E03_914234	21	31597834	44822257	10040	-6e-04
NULLS_p_TCGA_183_185_186_SNP_N_GenomeWideSNP_6_E03_914234	21	44827645	44837359	11	0.74
NULLS_p_TCGA_183_185_186_SNP_N_GenomeWideSNP_6_E03_914234	21	44841812	48096957	1853	-0.0028
NULLS_p_TCGA_183_185_186_SNP_N_GenomeWideSNP_6_E03_914234	22	16052528	16657301	94	0.0159
NULLS_p_TCGA_183_185_186_SNP_N_GenomeWideSNP_6_E03_914234	22	16662742	16683416	2	1.441
NULLS_p_TCGA_183_185_186_SNP_N_GenomeWideSNP_6_E03_914234	22	16864898	18673357	1120	-0.0026
NULLS_p_TCGA_183_185_186_SNP_N_GenomeWideSNP_6_E03_914234	22	18732919	18770527	5	-0.8787
NULLS_p_TCGA_183_185_186_SNP_N_GenomeWideSNP_6_E03_914234	22	18781546	21834248	1668	-0.0078
NULLS_p_TCGA_183_185_186_SNP_N_GenomeWideSNP_6_E03_914234	22	21840434	21840450	2	1.3098
NULLS_p_TCGA_183_185_186_SNP_N_GenomeWideSNP_6_E03_914234	22	21840595	24283016	1700	-0.0119
NULLS_p_TCGA_183_185_186_SNP_N_GenomeWideSNP_6_E03_914234	22	24283098	24288434	5	-1.1661
NULLS_p_TCGA_183_185_186_SNP_N_GenomeWideSNP_6_E03_914234	22	24288457	24329711	19	-0.1726
NULLS_p_TCGA_183_185_186_SNP_N_GenomeWideSNP_6_E03_914234	22	24330218	24332933	5	-1.7996
NULLS_p_TCGA_183_185_186_SNP_N_GenomeWideSNP_6_E03_914234	22	24337307	24396814	22	0.6503
NULLS_p_TCGA_183_185_186_SNP_N_GenomeWideSNP_6_E03_914234	22	24401529	33582803	6721	0.0038
NULLS_p_TCGA_183_185_186_SNP_N_GenomeWideSNP_6_E03_914234	22	33583233	33583237	2	-1.3376
NULLS_p_TCGA_183_185_186_SNP_N_GenomeWideSNP_6_E03_914234	22	33586339	39363619	4153	-5e-04
NULLS_p_TCGA_183_185_186_SNP_N_GenomeWideSNP_6_E03_914234	22	39363684	39375307	23	-0.753
NULLS_p_TCGA_183_185_186_SNP_N_GenomeWideSNP_6_E03_914234	22	39389628	43164410	2031	0.0061
NULLS_p_TCGA_183_185_186_SNP_N_GenomeWideSNP_6_E03_914234	22	43171264	43172308	2	-1.3638
NULLS_p_TCGA_183_185_186_SNP_N_GenomeWideSNP_6_E03_914234	22	43176281	51234455	5999	-0.0067
NULLS_p_TCGA_183_185_186_SNP_N_GenomeWideSNP_6_E03_914234	X	168477	582074	57	0.4495
NULLS_p_TCGA_183_185_186_SNP_N_GenomeWideSNP_6_E03_914234	X	602558	28839903	17640	-0.0026
NULLS_p_TCGA_183_185_186_SNP_N_GenomeWideSNP_6_E03_914234	X	28840045	28850223	8	-0.8757
NULLS_p_TCGA_183_185_186_SNP_N_GenomeWideSNP_6_E03_914234	X	28850901	152193050	65732	0.0016
NULLS_p_TCGA_183_185_186_SNP_N_GenomeWideSNP_6_E03_914234	X	152193078	152202022	12	-0.5439
NULLS_p_TCGA_183_185_186_SNP_N_GenomeWideSNP_6_E03_914234	X	152202514	154681023	1046	0.0079
NULLS_p_TCGA_183_185_186_SNP_N_GenomeWideSNP_6_E03_914234	X	154697083	154779777	33	0.5588
NULLS_p_TCGA_183_185_186_SNP_N_GenomeWideSNP_6_E03_914234	X	154779941	155037556	106	0.0229
NULLS_p_TCGA_183_185_186_SNP_N_GenomeWideSNP_6_E03_914234	X	155056003	155182354	3	0.4621
NULLS_p_TCGA_183_185_186_SNP_N_GenomeWideSNP_6_E03_914234	Y	2650438	6101425	872	-2.5712
NULLS_p_TCGA_183_185_186_SNP_N_GenomeWideSNP_6_E03_914234	Y	6107901	6424299	128	-3.9434
NULLS_p_TCGA_183_185_186_SNP_N_GenomeWideSNP_6_E03_914234	Y	6426233	7399842	425	-3.0011
NULLS_p_TCGA_183_185_186_SNP_N_GenomeWideSNP_6_E03_914234	Y	7400746	9759564	1203	-3.4242
NULLS_p_TCGA_183_185_186_SNP_N_GenomeWideSNP_6_E03_914234	Y	9774614	19571480	3036	-3.1606
NULLS_p_TCGA_183_185_186_SNP_N_GenomeWideSNP_6_E03_914234	Y	19574890	21024613	672	-3.8501
NULLS_p_TCGA_183_185_186_SNP_N_GenomeWideSNP_6_E03_914234	Y	21025062	23859163	1085	-3.2223
NULLS_p_TCGA_183_185_186_SNP_N_GenomeWideSNP_6_E03_914234	Y	23859468	26630929	603	-3.6518
NULLS_p_TCGA_183_185_186_SNP_N_GenomeWideSNP_6_E03_914234	Y	26631228	26802327	29	-4.9424
NULLS_p_TCGA_183_185_186_SNP_N_GenomeWideSNP_6_E03_914234	Y	26803166	27315972	55	-4.0862
NULLS_p_TCGA_183_185_186_SNP_N_GenomeWideSNP_6_E03_914234	Y	27367487	27466078	15	-2.4942
NULLS_p_TCGA_183_185_186_SNP_N_GenomeWideSNP_6_E03_914234	Y	27467181	27481424	4	-4.5926
NULLS_p_TCGA_183_185_186_SNP_N_GenomeWideSNP_6_E03_914234	Y	27484559	27529084	16	-2.1698
NULLS_p_TCGA_183_185_186_SNP_N_GenomeWideSNP_6_E03_914234	Y	27535030	27600323	21	-4.0493
NULLS_p_TCGA_183_185_186_SNP_N_GenomeWideSNP_6_E03_914234	Y	27601827	27721084	38	-2.8732
NULLS_p_TCGA_183_185_186_SNP_N_GenomeWideSNP_6_E03_914234	Y	27721117	28272116	193	-3.7182
NULLS_p_TCGA_183_185_186_SNP_N_GenomeWideSNP_6_E03_914234	Y	28277692	28322019	14	-5.2702
NULLS_p_TCGA_183_185_186_SNP_N_GenomeWideSNP_6_E03_914234	Y	28322083	28452016	50	-3.6933
NULLS_p_TCGA_183_185_186_SNP_N_GenomeWideSNP_6_E03_914234	Y	28457337	59018259	176	-2.8153
