Sample	Chromosome	Start	End	Num_Probes	Segment_Mean
PITON_p_TCGA_b162_167_SNP_N_GenomeWideSNP_6_F09_844740	1	61735	1510801	224	0.0513
PITON_p_TCGA_b162_167_SNP_N_GenomeWideSNP_6_F09_844740	1	1627918	1672603	17	-0.9327
PITON_p_TCGA_b162_167_SNP_N_GenomeWideSNP_6_F09_844740	1	1687587	12838744	6284	0.0148
PITON_p_TCGA_b162_167_SNP_N_GenomeWideSNP_6_F09_844740	1	12839576	13431652	64	-0.6088
PITON_p_TCGA_b162_167_SNP_N_GenomeWideSNP_6_F09_844740	1	13444502	72768498	36462	0.0189
PITON_p_TCGA_b162_167_SNP_N_GenomeWideSNP_6_F09_844740	1	72768916	72811904	47	-1.2435
PITON_p_TCGA_b162_167_SNP_N_GenomeWideSNP_6_F09_844740	1	72812440	100817279	18055	0.0178
PITON_p_TCGA_b162_167_SNP_N_GenomeWideSNP_6_F09_844740	1	100822030	100823047	3	-1.2305
PITON_p_TCGA_b162_167_SNP_N_GenomeWideSNP_6_F09_844740	1	100824593	104178038	2021	0.0149
PITON_p_TCGA_b162_167_SNP_N_GenomeWideSNP_6_F09_844740	1	104221531	104225568	11	-0.9909
PITON_p_TCGA_b162_167_SNP_N_GenomeWideSNP_6_F09_844740	1	104239689	104303403	14	0.3578
PITON_p_TCGA_b162_167_SNP_N_GenomeWideSNP_6_F09_844740	1	104303501	106019205	920	0.0088
PITON_p_TCGA_b162_167_SNP_N_GenomeWideSNP_6_F09_844740	1	106019236	106022375	16	0.7582
PITON_p_TCGA_b162_167_SNP_N_GenomeWideSNP_6_F09_844740	1	106024055	110232974	2671	0.0142
PITON_p_TCGA_b162_167_SNP_N_GenomeWideSNP_6_F09_844740	1	110233037	110240178	16	0.7921
PITON_p_TCGA_b162_167_SNP_N_GenomeWideSNP_6_F09_844740	1	110242953	112690326	1955	0.0172
PITON_p_TCGA_b162_167_SNP_N_GenomeWideSNP_6_F09_844740	1	112695965	112697188	20	-0.6083
PITON_p_TCGA_b162_167_SNP_N_GenomeWideSNP_6_F09_844740	1	112697198	152555176	8047	0.0308
PITON_p_TCGA_b162_167_SNP_N_GenomeWideSNP_6_F09_844740	1	152555527	152586594	36	1.2212
PITON_p_TCGA_b162_167_SNP_N_GenomeWideSNP_6_F09_844740	1	152590494	152761923	171	0.0074
PITON_p_TCGA_b162_167_SNP_N_GenomeWideSNP_6_F09_844740	1	152761939	152768700	36	0.4938
PITON_p_TCGA_b162_167_SNP_N_GenomeWideSNP_6_F09_844740	1	152773905	161508875	5273	0.0571
PITON_p_TCGA_b162_167_SNP_N_GenomeWideSNP_6_F09_844740	1	161517939	161638480	47	0.3862
PITON_p_TCGA_b162_167_SNP_N_GenomeWideSNP_6_F09_844740	1	161638513	196732086	24220	0.0566
PITON_p_TCGA_b162_167_SNP_N_GenomeWideSNP_6_F09_844740	1	196738623	196816730	93	-0.3716
PITON_p_TCGA_b162_167_SNP_N_GenomeWideSNP_6_F09_844740	1	196823317	248725234	35759	0.0556
PITON_p_TCGA_b162_167_SNP_N_GenomeWideSNP_6_F09_844740	1	248736075	248797213	35	-0.4633
PITON_p_TCGA_b162_167_SNP_N_GenomeWideSNP_6_F09_844740	1	248805339	249224388	145	0.0467
PITON_p_TCGA_b162_167_SNP_N_GenomeWideSNP_6_F09_844740	2	12784	4150577	2947	3e-04
PITON_p_TCGA_b162_167_SNP_N_GenomeWideSNP_6_F09_844740	2	4154552	4158935	4	-1.2344
PITON_p_TCGA_b162_167_SNP_N_GenomeWideSNP_6_F09_844740	2	4160920	34691069	21153	0.0179
PITON_p_TCGA_b162_167_SNP_N_GenomeWideSNP_6_F09_844740	2	34699315	34737057	45	-2.093
PITON_p_TCGA_b162_167_SNP_N_GenomeWideSNP_6_F09_844740	2	34737163	52743925	13044	0.0177
PITON_p_TCGA_b162_167_SNP_N_GenomeWideSNP_6_F09_844740	2	52754468	52754881	7	-1.4993
PITON_p_TCGA_b162_167_SNP_N_GenomeWideSNP_6_F09_844740	2	52758753	52781412	29	-0.6003
PITON_p_TCGA_b162_167_SNP_N_GenomeWideSNP_6_F09_844740	2	52781497	59622482	4781	0.012
PITON_p_TCGA_b162_167_SNP_N_GenomeWideSNP_6_F09_844740	2	59626657	59643498	6	-0.9839
PITON_p_TCGA_b162_167_SNP_N_GenomeWideSNP_6_F09_844740	2	59644456	87376944	17238	0.0199
PITON_p_TCGA_b162_167_SNP_N_GenomeWideSNP_6_F09_844740	2	87393856	88052330	184	0.3179
PITON_p_TCGA_b162_167_SNP_N_GenomeWideSNP_6_F09_844740	2	88134764	106135637	6798	0.0189
PITON_p_TCGA_b162_167_SNP_N_GenomeWideSNP_6_F09_844740	2	106138125	106138812	2	-2.0206
PITON_p_TCGA_b162_167_SNP_N_GenomeWideSNP_6_F09_844740	2	106139216	106881633	656	0.001
PITON_p_TCGA_b162_167_SNP_N_GenomeWideSNP_6_F09_844740	2	106883229	106885357	8	0.8497
PITON_p_TCGA_b162_167_SNP_N_GenomeWideSNP_6_F09_844740	2	106887255	123479951	9552	0.0187
PITON_p_TCGA_b162_167_SNP_N_GenomeWideSNP_6_F09_844740	2	123481713	123482241	7	-0.8661
PITON_p_TCGA_b162_167_SNP_N_GenomeWideSNP_6_F09_844740	2	123483653	125050005	1109	0.0275
PITON_p_TCGA_b162_167_SNP_N_GenomeWideSNP_6_F09_844740	2	125051230	125051800	2	-1.4179
PITON_p_TCGA_b162_167_SNP_N_GenomeWideSNP_6_F09_844740	2	125053168	146864443	13275	0.0161
PITON_p_TCGA_b162_167_SNP_N_GenomeWideSNP_6_F09_844740	2	146864457	146866934	21	1.0345
PITON_p_TCGA_b162_167_SNP_N_GenomeWideSNP_6_F09_844740	2	146877806	184085453	22860	0.0207
PITON_p_TCGA_b162_167_SNP_N_GenomeWideSNP_6_F09_844740	2	184085788	184089724	9	-1.1755
PITON_p_TCGA_b162_167_SNP_N_GenomeWideSNP_6_F09_844740	2	184093998	208350191	14112	0.0239
PITON_p_TCGA_b162_167_SNP_N_GenomeWideSNP_6_F09_844740	2	208350247	208350262	2	-1.7156
PITON_p_TCGA_b162_167_SNP_N_GenomeWideSNP_6_F09_844740	2	208350319	243089456	22154	0.0212
PITON_p_TCGA_b162_167_SNP_N_GenomeWideSNP_6_F09_844740	3	60345	224602	157	-0.0312
PITON_p_TCGA_b162_167_SNP_N_GenomeWideSNP_6_F09_844740	3	230022	232639	3	-3.1905
PITON_p_TCGA_b162_167_SNP_N_GenomeWideSNP_6_F09_844740	3	232800	37977417	27523	0.0157
PITON_p_TCGA_b162_167_SNP_N_GenomeWideSNP_6_F09_844740	3	37982108	37986928	18	-0.9215
PITON_p_TCGA_b162_167_SNP_N_GenomeWideSNP_6_F09_844740	3	37987106	82864549	29228	0.0183
PITON_p_TCGA_b162_167_SNP_N_GenomeWideSNP_6_F09_844740	3	82872779	82873043	6	-2.0011
PITON_p_TCGA_b162_167_SNP_N_GenomeWideSNP_6_F09_844740	3	82881045	98937784	6881	0.024
PITON_p_TCGA_b162_167_SNP_N_GenomeWideSNP_6_F09_844740	3	98944458	98949308	36	-0.4877
PITON_p_TCGA_b162_167_SNP_N_GenomeWideSNP_6_F09_844740	3	98949314	117871691	11752	0.0164
PITON_p_TCGA_b162_167_SNP_N_GenomeWideSNP_6_F09_844740	3	117871884	117872602	4	-0.9648
PITON_p_TCGA_b162_167_SNP_N_GenomeWideSNP_6_F09_844740	3	117877410	129786209	7000	0.0188
PITON_p_TCGA_b162_167_SNP_N_GenomeWideSNP_6_F09_844740	3	129786286	129806236	45	0.55
PITON_p_TCGA_b162_167_SNP_N_GenomeWideSNP_6_F09_844740	3	129806924	140542539	6733	0.0165
PITON_p_TCGA_b162_167_SNP_N_GenomeWideSNP_6_F09_844740	3	140545701	140546984	2	-2.1113
PITON_p_TCGA_b162_167_SNP_N_GenomeWideSNP_6_F09_844740	3	140560618	192874747	32809	0.0232
PITON_p_TCGA_b162_167_SNP_N_GenomeWideSNP_6_F09_844740	3	192877902	192882903	20	-1.4445
PITON_p_TCGA_b162_167_SNP_N_GenomeWideSNP_6_F09_844740	3	192886435	195285898	1485	0.016
PITON_p_TCGA_b162_167_SNP_N_GenomeWideSNP_6_F09_844740	3	195383142	195456889	37	0.4067
PITON_p_TCGA_b162_167_SNP_N_GenomeWideSNP_6_F09_844740	3	195460696	195474763	10	0.9705
PITON_p_TCGA_b162_167_SNP_N_GenomeWideSNP_6_F09_844740	3	195478694	195479748	3	0.2929
PITON_p_TCGA_b162_167_SNP_N_GenomeWideSNP_6_F09_844740	3	195481811	197896118	1169	0.0328
PITON_p_TCGA_b162_167_SNP_N_GenomeWideSNP_6_F09_844740	4	12281	4103344	1703	0.0233
PITON_p_TCGA_b162_167_SNP_N_GenomeWideSNP_6_F09_844740	4	4110230	4152760	9	-0.9019
PITON_p_TCGA_b162_167_SNP_N_GenomeWideSNP_6_F09_844740	4	4160063	10214160	4089	0.0101
PITON_p_TCGA_b162_167_SNP_N_GenomeWideSNP_6_F09_844740	4	10223416	10223628	2	-2.4405
PITON_p_TCGA_b162_167_SNP_N_GenomeWideSNP_6_F09_844740	4	10223848	34786500	17024	0.019
PITON_p_TCGA_b162_167_SNP_N_GenomeWideSNP_6_F09_844740	4	34786955	34824725	37	-2.2609
PITON_p_TCGA_b162_167_SNP_N_GenomeWideSNP_6_F09_844740	4	34829872	69261064	19479	0.0219
PITON_p_TCGA_b162_167_SNP_N_GenomeWideSNP_6_F09_844740	4	69282205	69288142	5	-1.1961
PITON_p_TCGA_b162_167_SNP_N_GenomeWideSNP_6_F09_844740	4	69294799	69375160	19	-0.06
PITON_p_TCGA_b162_167_SNP_N_GenomeWideSNP_6_F09_844740	4	69375348	69485979	62	0.4925
PITON_p_TCGA_b162_167_SNP_N_GenomeWideSNP_6_F09_844740	4	69489335	70501787	598	0.037
PITON_p_TCGA_b162_167_SNP_N_GenomeWideSNP_6_F09_844740	4	70501980	70502624	4	-1.3114
PITON_p_TCGA_b162_167_SNP_N_GenomeWideSNP_6_F09_844740	4	70506828	93704900	14241	0.0209
PITON_p_TCGA_b162_167_SNP_N_GenomeWideSNP_6_F09_844740	4	93707044	93785474	38	-0.9405
PITON_p_TCGA_b162_167_SNP_N_GenomeWideSNP_6_F09_844740	4	93791964	122274654	17228	0.0207
PITON_p_TCGA_b162_167_SNP_N_GenomeWideSNP_6_F09_844740	4	122281973	122291522	31	-0.8
PITON_p_TCGA_b162_167_SNP_N_GenomeWideSNP_6_F09_844740	4	122291627	138089547	8873	0.0249
PITON_p_TCGA_b162_167_SNP_N_GenomeWideSNP_6_F09_844740	4	138092103	138094958	18	-0.5685
PITON_p_TCGA_b162_167_SNP_N_GenomeWideSNP_6_F09_844740	4	138094972	155802548	10845	0.0211
PITON_p_TCGA_b162_167_SNP_N_GenomeWideSNP_6_F09_844740	4	155803005	155803057	2	-2.3809
PITON_p_TCGA_b162_167_SNP_N_GenomeWideSNP_6_F09_844740	4	155803078	161880712	3930	0.0225
PITON_p_TCGA_b162_167_SNP_N_GenomeWideSNP_6_F09_844740	4	161880812	161884600	11	0.6081
PITON_p_TCGA_b162_167_SNP_N_GenomeWideSNP_6_F09_844740	4	161884908	172369346	6676	0.0253
PITON_p_TCGA_b162_167_SNP_N_GenomeWideSNP_6_F09_844740	4	172374884	172377776	12	1.4418
PITON_p_TCGA_b162_167_SNP_N_GenomeWideSNP_6_F09_844740	4	172380371	172987928	397	0.007
PITON_p_TCGA_b162_167_SNP_N_GenomeWideSNP_6_F09_844740	4	172989148	172989533	12	-1.9117
PITON_p_TCGA_b162_167_SNP_N_GenomeWideSNP_6_F09_844740	4	172995979	191027923	12120	0.0268
PITON_p_TCGA_b162_167_SNP_N_GenomeWideSNP_6_F09_844740	5	15532	698472	309	9e-04
PITON_p_TCGA_b162_167_SNP_N_GenomeWideSNP_6_F09_844740	5	698505	863797	58	-0.2394
PITON_p_TCGA_b162_167_SNP_N_GenomeWideSNP_6_F09_844740	5	866370	21376844	15358	0.0188
PITON_p_TCGA_b162_167_SNP_N_GenomeWideSNP_6_F09_844740	5	21377839	21377853	2	-1.6446
PITON_p_TCGA_b162_167_SNP_N_GenomeWideSNP_6_F09_844740	5	21386066	46271108	15074	0.0192
PITON_p_TCGA_b162_167_SNP_N_GenomeWideSNP_6_F09_844740	5	46271930	46273502	6	-2.5996
PITON_p_TCGA_b162_167_SNP_N_GenomeWideSNP_6_F09_844740	5	46278212	57329115	5086	0.0218
PITON_p_TCGA_b162_167_SNP_N_GenomeWideSNP_6_F09_844740	5	57329530	57332955	25	-0.5492
PITON_p_TCGA_b162_167_SNP_N_GenomeWideSNP_6_F09_844740	5	57333293	68829347	7305	0.0203
PITON_p_TCGA_b162_167_SNP_N_GenomeWideSNP_6_F09_844740	5	68846303	69118135	6	-0.8146
PITON_p_TCGA_b162_167_SNP_N_GenomeWideSNP_6_F09_844740	5	69233427	103851221	19563	0.0211
PITON_p_TCGA_b162_167_SNP_N_GenomeWideSNP_6_F09_844740	5	103860373	103860604	4	1.6598
PITON_p_TCGA_b162_167_SNP_N_GenomeWideSNP_6_F09_844740	5	103861049	120645848	11510	0.0153
PITON_p_TCGA_b162_167_SNP_N_GenomeWideSNP_6_F09_844740	5	120645965	120646778	2	-2.1139
PITON_p_TCGA_b162_167_SNP_N_GenomeWideSNP_6_F09_844740	5	120647122	121129499	345	0.0295
PITON_p_TCGA_b162_167_SNP_N_GenomeWideSNP_6_F09_844740	5	121132937	121132958	2	-1.187
PITON_p_TCGA_b162_167_SNP_N_GenomeWideSNP_6_F09_844740	5	121135476	150202205	17965	0.0151
PITON_p_TCGA_b162_167_SNP_N_GenomeWideSNP_6_F09_844740	5	150205500	150223387	9	-0.5784
PITON_p_TCGA_b162_167_SNP_N_GenomeWideSNP_6_F09_844740	5	150224095	151515386	962	0.0277
PITON_p_TCGA_b162_167_SNP_N_GenomeWideSNP_6_F09_844740	5	151515470	151520271	14	-0.8687
PITON_p_TCGA_b162_167_SNP_N_GenomeWideSNP_6_F09_844740	5	151520422	154978298	2311	0.0107
PITON_p_TCGA_b162_167_SNP_N_GenomeWideSNP_6_F09_844740	5	154978382	154986292	7	-0.5804
PITON_p_TCGA_b162_167_SNP_N_GenomeWideSNP_6_F09_844740	5	154988107	155475105	344	0.0246
PITON_p_TCGA_b162_167_SNP_N_GenomeWideSNP_6_F09_844740	5	155476772	155482729	14	-0.7549
PITON_p_TCGA_b162_167_SNP_N_GenomeWideSNP_6_F09_844740	5	155495250	177138875	14814	0.0119
PITON_p_TCGA_b162_167_SNP_N_GenomeWideSNP_6_F09_844740	5	177142081	177198449	8	-0.8837
PITON_p_TCGA_b162_167_SNP_N_GenomeWideSNP_6_F09_844740	5	177227551	177232605	3	2.6464
PITON_p_TCGA_b162_167_SNP_N_GenomeWideSNP_6_F09_844740	5	177254965	179103726	1084	0.0114
PITON_p_TCGA_b162_167_SNP_N_GenomeWideSNP_6_F09_844740	5	179104050	179104600	6	-0.9576
PITON_p_TCGA_b162_167_SNP_N_GenomeWideSNP_6_F09_844740	5	179105007	180193199	619	0.0097
PITON_p_TCGA_b162_167_SNP_N_GenomeWideSNP_6_F09_844740	5	180193779	180195522	4	-1.209
PITON_p_TCGA_b162_167_SNP_N_GenomeWideSNP_6_F09_844740	5	180196816	180790320	290	0.002
PITON_p_TCGA_b162_167_SNP_N_GenomeWideSNP_6_F09_844740	6	149661	253272	98	0.0276
PITON_p_TCGA_b162_167_SNP_N_GenomeWideSNP_6_F09_844740	6	253861	303121	28	-0.6188
PITON_p_TCGA_b162_167_SNP_N_GenomeWideSNP_6_F09_844740	6	314962	382897	76	-0.2793
PITON_p_TCGA_b162_167_SNP_N_GenomeWideSNP_6_F09_844740	6	384109	19040119	14591	0.0177
PITON_p_TCGA_b162_167_SNP_N_GenomeWideSNP_6_F09_844740	6	19042181	19042818	3	-1.1478
PITON_p_TCGA_b162_167_SNP_N_GenomeWideSNP_6_F09_844740	6	19044702	26737032	5483	0.0171
PITON_p_TCGA_b162_167_SNP_N_GenomeWideSNP_6_F09_844740	6	26737438	26754393	13	-0.8478
PITON_p_TCGA_b162_167_SNP_N_GenomeWideSNP_6_F09_844740	6	26755915	29073094	1044	0.0239
PITON_p_TCGA_b162_167_SNP_N_GenomeWideSNP_6_F09_844740	6	29079281	29098369	4	-1.2931
PITON_p_TCGA_b162_167_SNP_N_GenomeWideSNP_6_F09_844740	6	29106468	29850274	419	0.013
PITON_p_TCGA_b162_167_SNP_N_GenomeWideSNP_6_F09_844740	6	29850366	29901576	19	-1.2791
PITON_p_TCGA_b162_167_SNP_N_GenomeWideSNP_6_F09_844740	6	29908469	29971548	50	-0.3018
PITON_p_TCGA_b162_167_SNP_N_GenomeWideSNP_6_F09_844740	6	29978027	31280823	601	-0.0043
PITON_p_TCGA_b162_167_SNP_N_GenomeWideSNP_6_F09_844740	6	31286276	31317697	14	-1.3337
PITON_p_TCGA_b162_167_SNP_N_GenomeWideSNP_6_F09_844740	6	31318164	32581889	549	-0.02
PITON_p_TCGA_b162_167_SNP_N_GenomeWideSNP_6_F09_844740	6	32582203	32605576	13	-0.8023
PITON_p_TCGA_b162_167_SNP_N_GenomeWideSNP_6_F09_844740	6	32605884	32730086	86	0.0301
PITON_p_TCGA_b162_167_SNP_N_GenomeWideSNP_6_F09_844740	6	32730392	32734304	5	-0.8277
PITON_p_TCGA_b162_167_SNP_N_GenomeWideSNP_6_F09_844740	6	32734477	53931067	13660	0.0213
PITON_p_TCGA_b162_167_SNP_N_GenomeWideSNP_6_F09_844740	6	53931084	53931855	8	-1.2156
PITON_p_TCGA_b162_167_SNP_N_GenomeWideSNP_6_F09_844740	6	53935348	66072945	4836	0.0188
PITON_p_TCGA_b162_167_SNP_N_GenomeWideSNP_6_F09_844740	6	66074891	66083112	5	-0.9965
PITON_p_TCGA_b162_167_SNP_N_GenomeWideSNP_6_F09_844740	6	66083192	67038046	657	0.0449
PITON_p_TCGA_b162_167_SNP_N_GenomeWideSNP_6_F09_844740	6	67040913	67042897	6	-0.6811
PITON_p_TCGA_b162_167_SNP_N_GenomeWideSNP_6_F09_844740	6	67043192	72862925	3928	0.0224
PITON_p_TCGA_b162_167_SNP_N_GenomeWideSNP_6_F09_844740	6	72866524	72866872	2	-2.3656
PITON_p_TCGA_b162_167_SNP_N_GenomeWideSNP_6_F09_844740	6	72868563	77436532	2866	0.0136
PITON_p_TCGA_b162_167_SNP_N_GenomeWideSNP_6_F09_844740	6	77439868	77452757	21	0.6845
PITON_p_TCGA_b162_167_SNP_N_GenomeWideSNP_6_F09_844740	6	77461073	78962889	977	0.0317
PITON_p_TCGA_b162_167_SNP_N_GenomeWideSNP_6_F09_844740	6	78969065	79027359	105	0.4022
PITON_p_TCGA_b162_167_SNP_N_GenomeWideSNP_6_F09_844740	6	79027515	79331096	211	0.0084
PITON_p_TCGA_b162_167_SNP_N_GenomeWideSNP_6_F09_844740	6	79332336	79332408	2	-1.1935
PITON_p_TCGA_b162_167_SNP_N_GenomeWideSNP_6_F09_844740	6	79333167	103734829	15273	0.0211
PITON_p_TCGA_b162_167_SNP_N_GenomeWideSNP_6_F09_844740	6	103737976	103762061	46	0.8241
PITON_p_TCGA_b162_167_SNP_N_GenomeWideSNP_6_F09_844740	6	103765470	157779495	34807	0.0221
PITON_p_TCGA_b162_167_SNP_N_GenomeWideSNP_6_F09_844740	6	157781264	157829617	8	0.7655
PITON_p_TCGA_b162_167_SNP_N_GenomeWideSNP_6_F09_844740	6	157835571	158028980	74	0.0287
PITON_p_TCGA_b162_167_SNP_N_GenomeWideSNP_6_F09_844740	6	158033671	158034509	3	-1.2014
PITON_p_TCGA_b162_167_SNP_N_GenomeWideSNP_6_F09_844740	6	158034517	171051005	9351	0.0167
PITON_p_TCGA_b162_167_SNP_N_GenomeWideSNP_6_F09_844740	7	43355	12337549	7962	0.007
PITON_p_TCGA_b162_167_SNP_N_GenomeWideSNP_6_F09_844740	7	12338058	12339360	2	-1.7597
PITON_p_TCGA_b162_167_SNP_N_GenomeWideSNP_6_F09_844740	7	12339495	19678469	6053	0.0169
PITON_p_TCGA_b162_167_SNP_N_GenomeWideSNP_6_F09_844740	7	19681519	19682148	2	-1.5656
PITON_p_TCGA_b162_167_SNP_N_GenomeWideSNP_6_F09_844740	7	19682677	35898174	11589	0.0125
PITON_p_TCGA_b162_167_SNP_N_GenomeWideSNP_6_F09_844740	7	35898269	35898792	2	-1.3035
PITON_p_TCGA_b162_167_SNP_N_GenomeWideSNP_6_F09_844740	7	35900150	38387443	1949	0.0198
PITON_p_TCGA_b162_167_SNP_N_GenomeWideSNP_6_F09_844740	7	38391365	38398047	5	-1.5328
PITON_p_TCGA_b162_167_SNP_N_GenomeWideSNP_6_F09_844740	7	38400957	56761500	12586	0.0061
PITON_p_TCGA_b162_167_SNP_N_GenomeWideSNP_6_F09_844740	7	56762113	56768814	3	-2.3339
PITON_p_TCGA_b162_167_SNP_N_GenomeWideSNP_6_F09_844740	7	56772166	109433798	27238	0.0144
PITON_p_TCGA_b162_167_SNP_N_GenomeWideSNP_6_F09_844740	7	109437092	109437772	15	-0.8418
PITON_p_TCGA_b162_167_SNP_N_GenomeWideSNP_6_F09_844740	7	109437774	109440923	8	0.1663
PITON_p_TCGA_b162_167_SNP_N_GenomeWideSNP_6_F09_844740	7	109441212	109453910	12	-2.1278
PITON_p_TCGA_b162_167_SNP_N_GenomeWideSNP_6_F09_844740	7	109453982	141763124	19989	0.0135
PITON_p_TCGA_b162_167_SNP_N_GenomeWideSNP_6_F09_844740	7	141769643	141792107	42	-0.5466
PITON_p_TCGA_b162_167_SNP_N_GenomeWideSNP_6_F09_844740	7	141795281	142474939	451	0.0136
PITON_p_TCGA_b162_167_SNP_N_GenomeWideSNP_6_F09_844740	7	142476719	142479722	8	-3.4719
PITON_p_TCGA_b162_167_SNP_N_GenomeWideSNP_6_F09_844740	7	142479807	142485699	14	-1.6878
PITON_p_TCGA_b162_167_SNP_N_GenomeWideSNP_6_F09_844740	7	142485771	142486045	5	-3.0265
PITON_p_TCGA_b162_167_SNP_N_GenomeWideSNP_6_F09_844740	7	142486115	143227096	475	0.0181
PITON_p_TCGA_b162_167_SNP_N_GenomeWideSNP_6_F09_844740	7	143227117	143568059	95	-0.2889
PITON_p_TCGA_b162_167_SNP_N_GenomeWideSNP_6_F09_844740	7	143572166	143909445	273	-0.0251
PITON_p_TCGA_b162_167_SNP_N_GenomeWideSNP_6_F09_844740	7	143911624	144066947	39	0.6968
PITON_p_TCGA_b162_167_SNP_N_GenomeWideSNP_6_F09_844740	7	144074929	150287177	3856	0.011
PITON_p_TCGA_b162_167_SNP_N_GenomeWideSNP_6_F09_844740	7	150288831	150301569	6	-0.8207
PITON_p_TCGA_b162_167_SNP_N_GenomeWideSNP_6_F09_844740	7	150307922	153147638	1719	0.0036
PITON_p_TCGA_b162_167_SNP_N_GenomeWideSNP_6_F09_844740	7	153147645	153147712	2	-2.5255
PITON_p_TCGA_b162_167_SNP_N_GenomeWideSNP_6_F09_844740	7	153147715	159127004	4116	-7e-04
PITON_p_TCGA_b162_167_SNP_N_GenomeWideSNP_6_F09_844740	8	31254	4002192	3792	0.0091
PITON_p_TCGA_b162_167_SNP_N_GenomeWideSNP_6_F09_844740	8	4002207	4002316	3	-2.067
PITON_p_TCGA_b162_167_SNP_N_GenomeWideSNP_6_F09_844740	8	4002653	4003305	10	0.2176
PITON_p_TCGA_b162_167_SNP_N_GenomeWideSNP_6_F09_844740	8	4003463	4003478	2	-3.2795
PITON_p_TCGA_b162_167_SNP_N_GenomeWideSNP_6_F09_844740	8	4003561	7255048	4058	0.0103
PITON_p_TCGA_b162_167_SNP_N_GenomeWideSNP_6_F09_844740	8	7255110	7744064	107	0.2528
PITON_p_TCGA_b162_167_SNP_N_GenomeWideSNP_6_F09_844740	8	7745979	24972187	13872	0.0181
PITON_p_TCGA_b162_167_SNP_N_GenomeWideSNP_6_F09_844740	8	24974443	24984333	27	0.5921
PITON_p_TCGA_b162_167_SNP_N_GenomeWideSNP_6_F09_844740	8	24991104	39230659	9032	0.015
PITON_p_TCGA_b162_167_SNP_N_GenomeWideSNP_6_F09_844740	8	39235603	39386965	59	0.7479
PITON_p_TCGA_b162_167_SNP_N_GenomeWideSNP_6_F09_844740	8	39388299	40771996	1074	0.0208
PITON_p_TCGA_b162_167_SNP_N_GenomeWideSNP_6_F09_844740	8	40777852	40778471	2	-1.9226
PITON_p_TCGA_b162_167_SNP_N_GenomeWideSNP_6_F09_844740	8	40783680	54150052	5572	0.0148
PITON_p_TCGA_b162_167_SNP_N_GenomeWideSNP_6_F09_844740	8	54150066	54150355	7	-0.7969
PITON_p_TCGA_b162_167_SNP_N_GenomeWideSNP_6_F09_844740	8	54150637	115632043	37236	0.0191
PITON_p_TCGA_b162_167_SNP_N_GenomeWideSNP_6_F09_844740	8	115634487	115641731	35	-0.635
PITON_p_TCGA_b162_167_SNP_N_GenomeWideSNP_6_F09_844740	8	115650697	142249236	19449	0.014
PITON_p_TCGA_b162_167_SNP_N_GenomeWideSNP_6_F09_844740	8	142250951	142251553	2	-2.0755
PITON_p_TCGA_b162_167_SNP_N_GenomeWideSNP_6_F09_844740	8	142253481	145899980	1426	0.0176
PITON_p_TCGA_b162_167_SNP_N_GenomeWideSNP_6_F09_844740	8	145900544	145919126	3	-1.43
PITON_p_TCGA_b162_167_SNP_N_GenomeWideSNP_6_F09_844740	8	145919718	146298155	192	0.0252
PITON_p_TCGA_b162_167_SNP_N_GenomeWideSNP_6_F09_844740	9	46587	4020107	4072	0.0145
PITON_p_TCGA_b162_167_SNP_N_GenomeWideSNP_6_F09_844740	9	4020447	4021055	10	-0.5336
PITON_p_TCGA_b162_167_SNP_N_GenomeWideSNP_6_F09_844740	9	4021237	11837288	7075	0.0215
PITON_p_TCGA_b162_167_SNP_N_GenomeWideSNP_6_F09_844740	9	11837596	11837866	3	1.2196
PITON_p_TCGA_b162_167_SNP_N_GenomeWideSNP_6_F09_844740	9	11839399	11995297	107	0.0736
PITON_p_TCGA_b162_167_SNP_N_GenomeWideSNP_6_F09_844740	9	11995307	11996270	3	-1.5765
PITON_p_TCGA_b162_167_SNP_N_GenomeWideSNP_6_F09_844740	9	11996759	23363115	9190	0.0158
PITON_p_TCGA_b162_167_SNP_N_GenomeWideSNP_6_F09_844740	9	23363933	23373484	7	0.8224
PITON_p_TCGA_b162_167_SNP_N_GenomeWideSNP_6_F09_844740	9	23378488	44250853	10991	0.0214
PITON_p_TCGA_b162_167_SNP_N_GenomeWideSNP_6_F09_844740	9	44251228	44273241	10	-0.8821
PITON_p_TCGA_b162_167_SNP_N_GenomeWideSNP_6_F09_844740	9	44385979	45706444	94	-0.1064
PITON_p_TCGA_b162_167_SNP_N_GenomeWideSNP_6_F09_844740	9	45723034	45915244	4	0.9646
PITON_p_TCGA_b162_167_SNP_N_GenomeWideSNP_6_F09_844740	9	46038854	69001434	198	-0.0258
PITON_p_TCGA_b162_167_SNP_N_GenomeWideSNP_6_F09_844740	9	69022956	69022971	2	-1.3115
PITON_p_TCGA_b162_167_SNP_N_GenomeWideSNP_6_F09_844740	9	69062430	90929219	14611	0.0174
PITON_p_TCGA_b162_167_SNP_N_GenomeWideSNP_6_F09_844740	9	90934987	90936225	3	-1.5722
PITON_p_TCGA_b162_167_SNP_N_GenomeWideSNP_6_F09_844740	9	90936913	117082811	18411	0.0205
PITON_p_TCGA_b162_167_SNP_N_GenomeWideSNP_6_F09_844740	9	117087402	117088322	2	1.7355
PITON_p_TCGA_b162_167_SNP_N_GenomeWideSNP_6_F09_844740	9	117093029	132607006	10481	0.0207
PITON_p_TCGA_b162_167_SNP_N_GenomeWideSNP_6_F09_844740	9	132607041	132614412	12	-0.4775
PITON_p_TCGA_b162_167_SNP_N_GenomeWideSNP_6_F09_844740	9	132614436	134258779	985	0.007
PITON_p_TCGA_b162_167_SNP_N_GenomeWideSNP_6_F09_844740	9	134260926	134265704	5	-0.9519
PITON_p_TCGA_b162_167_SNP_N_GenomeWideSNP_6_F09_844740	9	134272015	140252947	3232	0.0249
PITON_p_TCGA_b162_167_SNP_N_GenomeWideSNP_6_F09_844740	9	140255642	140255833	3	-1.8032
PITON_p_TCGA_b162_167_SNP_N_GenomeWideSNP_6_F09_844740	9	140273003	141091394	413	8e-04
PITON_p_TCGA_b162_167_SNP_N_GenomeWideSNP_6_F09_844740	10	72759	6410902	5418	0.0101
PITON_p_TCGA_b162_167_SNP_N_GenomeWideSNP_6_F09_844740	10	6411034	6411481	8	-0.6574
PITON_p_TCGA_b162_167_SNP_N_GenomeWideSNP_6_F09_844740	10	6418754	12701942	5183	0.0179
PITON_p_TCGA_b162_167_SNP_N_GenomeWideSNP_6_F09_844740	10	12702068	12703940	2	-1.6762
PITON_p_TCGA_b162_167_SNP_N_GenomeWideSNP_6_F09_844740	10	12704191	24375263	8633	0.0043
PITON_p_TCGA_b162_167_SNP_N_GenomeWideSNP_6_F09_844740	10	24377674	24378054	11	1.1855
PITON_p_TCGA_b162_167_SNP_N_GenomeWideSNP_6_F09_844740	10	24378908	47897394	12694	0.011
PITON_p_TCGA_b162_167_SNP_N_GenomeWideSNP_6_F09_844740	10	47912899	47948060	3	-1.2119
PITON_p_TCGA_b162_167_SNP_N_GenomeWideSNP_6_F09_844740	10	47960476	54554643	3761	0.0051
PITON_p_TCGA_b162_167_SNP_N_GenomeWideSNP_6_F09_844740	10	54560250	54564813	8	-0.9654
PITON_p_TCGA_b162_167_SNP_N_GenomeWideSNP_6_F09_844740	10	54566164	56609250	1608	0.0151
PITON_p_TCGA_b162_167_SNP_N_GenomeWideSNP_6_F09_844740	10	56610715	56701951	52	-0.7703
PITON_p_TCGA_b162_167_SNP_N_GenomeWideSNP_6_F09_844740	10	56702081	67307936	7359	0.0174
PITON_p_TCGA_b162_167_SNP_N_GenomeWideSNP_6_F09_844740	10	67307951	67322926	28	-0.4954
PITON_p_TCGA_b162_167_SNP_N_GenomeWideSNP_6_F09_844740	10	67325453	125179184	38988	0.0145
PITON_p_TCGA_b162_167_SNP_N_GenomeWideSNP_6_F09_844740	10	125181859	125182321	3	-1.2342
PITON_p_TCGA_b162_167_SNP_N_GenomeWideSNP_6_F09_844740	10	125182983	135229141	7155	0.0115
PITON_p_TCGA_b162_167_SNP_N_GenomeWideSNP_6_F09_844740	10	135229719	135229868	2	-2.1377
PITON_p_TCGA_b162_167_SNP_N_GenomeWideSNP_6_F09_844740	10	135232654	135506704	151	-0.0187
PITON_p_TCGA_b162_167_SNP_N_GenomeWideSNP_6_F09_844740	11	198510	4968117	2472	0.0107
PITON_p_TCGA_b162_167_SNP_N_GenomeWideSNP_6_F09_844740	11	4968510	4976596	36	-1.5151
PITON_p_TCGA_b162_167_SNP_N_GenomeWideSNP_6_F09_844740	11	4976614	4982916	10	-0.4898
PITON_p_TCGA_b162_167_SNP_N_GenomeWideSNP_6_F09_844740	11	4983161	5520975	534	-0.0037
PITON_p_TCGA_b162_167_SNP_N_GenomeWideSNP_6_F09_844740	11	5522151	5522564	6	-0.9808
PITON_p_TCGA_b162_167_SNP_N_GenomeWideSNP_6_F09_844740	11	5523593	5787405	240	0.0172
PITON_p_TCGA_b162_167_SNP_N_GenomeWideSNP_6_F09_844740	11	5788080	5809139	32	-2.8054
PITON_p_TCGA_b162_167_SNP_N_GenomeWideSNP_6_F09_844740	11	5809338	12329921	4966	0.014
PITON_p_TCGA_b162_167_SNP_N_GenomeWideSNP_6_F09_844740	11	12337312	12337323	2	-1.4273
PITON_p_TCGA_b162_167_SNP_N_GenomeWideSNP_6_F09_844740	11	12338809	18940856	4453	0.0228
PITON_p_TCGA_b162_167_SNP_N_GenomeWideSNP_6_F09_844740	11	18940870	18961178	41	0.4005
PITON_p_TCGA_b162_167_SNP_N_GenomeWideSNP_6_F09_844740	11	18961281	19864931	842	0.0121
PITON_p_TCGA_b162_167_SNP_N_GenomeWideSNP_6_F09_844740	11	19865450	19868152	2	-1.3383
PITON_p_TCGA_b162_167_SNP_N_GenomeWideSNP_6_F09_844740	11	19868759	36437529	12102	0.0153
PITON_p_TCGA_b162_167_SNP_N_GenomeWideSNP_6_F09_844740	11	36437709	36438997	2	-1.4004
PITON_p_TCGA_b162_167_SNP_N_GenomeWideSNP_6_F09_844740	11	36439237	37384828	725	0.0366
PITON_p_TCGA_b162_167_SNP_N_GenomeWideSNP_6_F09_844740	11	37385423	37386039	3	-1.2968
PITON_p_TCGA_b162_167_SNP_N_GenomeWideSNP_6_F09_844740	11	37394934	49758987	7421	0.0197
PITON_p_TCGA_b162_167_SNP_N_GenomeWideSNP_6_F09_844740	11	49759555	49760056	5	-1.0251
PITON_p_TCGA_b162_167_SNP_N_GenomeWideSNP_6_F09_844740	11	49760688	55363340	753	0.007
PITON_p_TCGA_b162_167_SNP_N_GenomeWideSNP_6_F09_844740	11	55374032	55442318	48	-0.4803
PITON_p_TCGA_b162_167_SNP_N_GenomeWideSNP_6_F09_844740	11	55444211	55445294	4	0.231
PITON_p_TCGA_b162_167_SNP_N_GenomeWideSNP_6_F09_844740	11	55445945	55453576	8	-0.5145
PITON_p_TCGA_b162_167_SNP_N_GenomeWideSNP_6_F09_844740	11	55460683	58809997	2077	0.0203
PITON_p_TCGA_b162_167_SNP_N_GenomeWideSNP_6_F09_844740	11	58811241	58853765	22	0.672
PITON_p_TCGA_b162_167_SNP_N_GenomeWideSNP_6_F09_844740	11	58855019	86301957	15700	0.0153
PITON_p_TCGA_b162_167_SNP_N_GenomeWideSNP_6_F09_844740	11	86305661	86306054	6	-0.8492
PITON_p_TCGA_b162_167_SNP_N_GenomeWideSNP_6_F09_844740	11	86315174	101594384	10832	0.0148
PITON_p_TCGA_b162_167_SNP_N_GenomeWideSNP_6_F09_844740	11	101597860	101597964	4	1.2873
PITON_p_TCGA_b162_167_SNP_N_GenomeWideSNP_6_F09_844740	11	101598212	134157112	23135	0.0192
PITON_p_TCGA_b162_167_SNP_N_GenomeWideSNP_6_F09_844740	11	134158458	134163401	3	-1.0943
PITON_p_TCGA_b162_167_SNP_N_GenomeWideSNP_6_F09_844740	11	134164618	134944770	624	-0.0186
PITON_p_TCGA_b162_167_SNP_N_GenomeWideSNP_6_F09_844740	12	150442	9630556	6197	0.0095
PITON_p_TCGA_b162_167_SNP_N_GenomeWideSNP_6_F09_844740	12	9633870	9728292	25	-1.5344
PITON_p_TCGA_b162_167_SNP_N_GenomeWideSNP_6_F09_844740	12	9734969	22248169	8511	0.0164
PITON_p_TCGA_b162_167_SNP_N_GenomeWideSNP_6_F09_844740	12	22248369	22249119	9	-0.8304
PITON_p_TCGA_b162_167_SNP_N_GenomeWideSNP_6_F09_844740	12	22249129	133778189	70311	0.0147
PITON_p_TCGA_b162_167_SNP_N_GenomeWideSNP_6_F09_844740	13	19026949	23629187	2897	0.0131
PITON_p_TCGA_b162_167_SNP_N_GenomeWideSNP_6_F09_844740	13	23629210	23633515	13	-0.585
PITON_p_TCGA_b162_167_SNP_N_GenomeWideSNP_6_F09_844740	13	23638195	25031114	1146	0.0297
PITON_p_TCGA_b162_167_SNP_N_GenomeWideSNP_6_F09_844740	13	25035607	25039598	4	-0.9636
PITON_p_TCGA_b162_167_SNP_N_GenomeWideSNP_6_F09_844740	13	25039678	38071135	9503	0.0172
PITON_p_TCGA_b162_167_SNP_N_GenomeWideSNP_6_F09_844740	13	38072036	38084321	13	0.5407
PITON_p_TCGA_b162_167_SNP_N_GenomeWideSNP_6_F09_844740	13	38084543	49531551	8040	0.0168
PITON_p_TCGA_b162_167_SNP_N_GenomeWideSNP_6_F09_844740	13	49533715	49536504	2	-2.9012
PITON_p_TCGA_b162_167_SNP_N_GenomeWideSNP_6_F09_844740	13	49537705	57751096	4505	0.0296
PITON_p_TCGA_b162_167_SNP_N_GenomeWideSNP_6_F09_844740	13	57758270	57778380	34	-0.6519
PITON_p_TCGA_b162_167_SNP_N_GenomeWideSNP_6_F09_844740	13	57789714	115108397	38127	0.0162
PITON_p_TCGA_b162_167_SNP_N_GenomeWideSNP_6_F09_844740	14	19002124	20037146	74	-0.0643
PITON_p_TCGA_b162_167_SNP_N_GenomeWideSNP_6_F09_844740	14	20100326	20425509	118	-0.3712
PITON_p_TCGA_b162_167_SNP_N_GenomeWideSNP_6_F09_844740	14	20425860	35493077	9851	0.0181
PITON_p_TCGA_b162_167_SNP_N_GenomeWideSNP_6_F09_844740	14	35494519	35509774	9	-0.7815
PITON_p_TCGA_b162_167_SNP_N_GenomeWideSNP_6_F09_844740	14	35510797	41607634	3782	0.0155
PITON_p_TCGA_b162_167_SNP_N_GenomeWideSNP_6_F09_844740	14	41608358	41657349	16	-0.5892
PITON_p_TCGA_b162_167_SNP_N_GenomeWideSNP_6_F09_844740	14	41670102	74001123	20483	0.0201
PITON_p_TCGA_b162_167_SNP_N_GenomeWideSNP_6_F09_844740	14	74006707	74029900	9	0.8896
PITON_p_TCGA_b162_167_SNP_N_GenomeWideSNP_6_F09_844740	14	74029915	106054897	20662	0.0166
PITON_p_TCGA_b162_167_SNP_N_GenomeWideSNP_6_F09_844740	14	106078690	106157766	14	-0.9353
PITON_p_TCGA_b162_167_SNP_N_GenomeWideSNP_6_F09_844740	14	106167237	106295768	55	-0.0197
PITON_p_TCGA_b162_167_SNP_N_GenomeWideSNP_6_F09_844740	14	106302997	106303449	4	-0.8927
PITON_p_TCGA_b162_167_SNP_N_GenomeWideSNP_6_F09_844740	14	106314067	106530364	73	0.1089
PITON_p_TCGA_b162_167_SNP_N_GenomeWideSNP_6_F09_844740	14	106530687	106561441	16	-2.0256
PITON_p_TCGA_b162_167_SNP_N_GenomeWideSNP_6_F09_844740	14	106567100	106715330	66	0.0752
PITON_p_TCGA_b162_167_SNP_N_GenomeWideSNP_6_F09_844740	14	106715489	106801762	42	-0.3447
PITON_p_TCGA_b162_167_SNP_N_GenomeWideSNP_6_F09_844740	14	106802039	106868286	32	0.1013
PITON_p_TCGA_b162_167_SNP_N_GenomeWideSNP_6_F09_844740	14	106868554	106918094	53	-0.6513
PITON_p_TCGA_b162_167_SNP_N_GenomeWideSNP_6_F09_844740	14	106918108	107285437	225	0.0369
PITON_p_TCGA_b162_167_SNP_N_GenomeWideSNP_6_F09_844740	15	20016328	20206939	48	0.0061
PITON_p_TCGA_b162_167_SNP_N_GenomeWideSNP_6_F09_844740	15	20216955	20262236	5	-1.78
PITON_p_TCGA_b162_167_SNP_N_GenomeWideSNP_6_F09_844740	15	20264286	21142268	204	-0.1431
PITON_p_TCGA_b162_167_SNP_N_GenomeWideSNP_6_F09_844740	15	21148201	21911017	40	0.2388
PITON_p_TCGA_b162_167_SNP_N_GenomeWideSNP_6_F09_844740	15	21914553	22587474	125	-0.2529
PITON_p_TCGA_b162_167_SNP_N_GenomeWideSNP_6_F09_844740	15	22673399	22681076	2	1.1221
PITON_p_TCGA_b162_167_SNP_N_GenomeWideSNP_6_F09_844740	15	22681250	24504157	938	0.0041
PITON_p_TCGA_b162_167_SNP_N_GenomeWideSNP_6_F09_844740	15	24508708	24669745	65	-0.9506
PITON_p_TCGA_b162_167_SNP_N_GenomeWideSNP_6_F09_844740	15	24674751	30370031	3673	0.0091
PITON_p_TCGA_b162_167_SNP_N_GenomeWideSNP_6_F09_844740	15	30386411	30448595	5	-0.8498
PITON_p_TCGA_b162_167_SNP_N_GenomeWideSNP_6_F09_844740	15	30450044	31372016	365	0.0149
PITON_p_TCGA_b162_167_SNP_N_GenomeWideSNP_6_F09_844740	15	31376696	31381989	2	-1.4288
PITON_p_TCGA_b162_167_SNP_N_GenomeWideSNP_6_F09_844740	15	31383623	34700683	2347	0.0146
PITON_p_TCGA_b162_167_SNP_N_GenomeWideSNP_6_F09_844740	15	34714123	34818317	70	-0.74
PITON_p_TCGA_b162_167_SNP_N_GenomeWideSNP_6_F09_844740	15	34830253	102469040	44158	0.0154
PITON_p_TCGA_b162_167_SNP_N_GenomeWideSNP_6_F09_844740	16	60777	16295912	11779	0.0115
PITON_p_TCGA_b162_167_SNP_N_GenomeWideSNP_6_F09_844740	16	16330490	16798663	45	-0.6411
PITON_p_TCGA_b162_167_SNP_N_GenomeWideSNP_6_F09_844740	16	16831082	18181984	973	0.0252
PITON_p_TCGA_b162_167_SNP_N_GenomeWideSNP_6_F09_844740	16	18198717	18791108	48	-0.4379
PITON_p_TCGA_b162_167_SNP_N_GenomeWideSNP_6_F09_844740	16	18791864	32253248	7259	0.0067
PITON_p_TCGA_b162_167_SNP_N_GenomeWideSNP_6_F09_844740	16	32280234	32624246	64	-0.4384
PITON_p_TCGA_b162_167_SNP_N_GenomeWideSNP_6_F09_844740	16	32624339	33241953	71	-0.1201
PITON_p_TCGA_b162_167_SNP_N_GenomeWideSNP_6_F09_844740	16	33300894	33627826	88	-0.4648
PITON_p_TCGA_b162_167_SNP_N_GenomeWideSNP_6_F09_844740	16	33631830	55821969	7005	0.0103
PITON_p_TCGA_b162_167_SNP_N_GenomeWideSNP_6_F09_844740	16	55822397	55822444	2	1.7894
PITON_p_TCGA_b162_167_SNP_N_GenomeWideSNP_6_F09_844740	16	55829557	66050918	6769	0.0107
PITON_p_TCGA_b162_167_SNP_N_GenomeWideSNP_6_F09_844740	16	66053230	66053401	2	-1.9022
PITON_p_TCGA_b162_167_SNP_N_GenomeWideSNP_6_F09_844740	16	66054207	78372846	7661	0.0117
PITON_p_TCGA_b162_167_SNP_N_GenomeWideSNP_6_F09_844740	16	78373337	78376377	4	-1.6078
PITON_p_TCGA_b162_167_SNP_N_GenomeWideSNP_6_F09_844740	16	78376711	89898764	10491	0.0103
PITON_p_TCGA_b162_167_SNP_N_GenomeWideSNP_6_F09_844740	16	89902948	90033255	59	0.5659
PITON_p_TCGA_b162_167_SNP_N_GenomeWideSNP_6_F09_844740	16	90034080	90287535	91	-0.0293
PITON_p_TCGA_b162_167_SNP_N_GenomeWideSNP_6_F09_844740	17	526	16654301	10498	0.0127
PITON_p_TCGA_b162_167_SNP_N_GenomeWideSNP_6_F09_844740	17	16657331	16738160	12	-0.5607
PITON_p_TCGA_b162_167_SNP_N_GenomeWideSNP_6_F09_844740	17	16740270	18319862	922	0.0195
PITON_p_TCGA_b162_167_SNP_N_GenomeWideSNP_6_F09_844740	17	18355392	18412558	18	0.61
PITON_p_TCGA_b162_167_SNP_N_GenomeWideSNP_6_F09_844740	17	18426461	18922745	183	-6e-04
PITON_p_TCGA_b162_167_SNP_N_GenomeWideSNP_6_F09_844740	17	18935523	19050763	10	-0.74
PITON_p_TCGA_b162_167_SNP_N_GenomeWideSNP_6_F09_844740	17	19050926	26779053	2146	0.0165
PITON_p_TCGA_b162_167_SNP_N_GenomeWideSNP_6_F09_844740	17	26781341	26782319	2	-1.6327
PITON_p_TCGA_b162_167_SNP_N_GenomeWideSNP_6_F09_844740	17	26789271	34430413	4581	0.0127
PITON_p_TCGA_b162_167_SNP_N_GenomeWideSNP_6_F09_844740	17	34430450	34629696	47	0.9104
PITON_p_TCGA_b162_167_SNP_N_GenomeWideSNP_6_F09_844740	17	34816256	39421685	2534	0.0177
PITON_p_TCGA_b162_167_SNP_N_GenomeWideSNP_6_F09_844740	17	39421708	39430531	25	-0.6415
PITON_p_TCGA_b162_167_SNP_N_GenomeWideSNP_6_F09_844740	17	39432724	43992490	2367	0.0121
PITON_p_TCGA_b162_167_SNP_N_GenomeWideSNP_6_F09_844740	17	43994557	43994648	2	-1.5769
PITON_p_TCGA_b162_167_SNP_N_GenomeWideSNP_6_F09_844740	17	43996678	44162597	143	-0.0149
PITON_p_TCGA_b162_167_SNP_N_GenomeWideSNP_6_F09_844740	17	44163098	44362363	125	0.3757
PITON_p_TCGA_b162_167_SNP_N_GenomeWideSNP_6_F09_844740	17	44364170	44752300	49	-0.6322
PITON_p_TCGA_b162_167_SNP_N_GenomeWideSNP_6_F09_844740	17	44764994	81049726	21612	0.017
PITON_p_TCGA_b162_167_SNP_N_GenomeWideSNP_6_F09_844740	18	11543	65846325	41878	0.0242
PITON_p_TCGA_b162_167_SNP_N_GenomeWideSNP_6_F09_844740	18	65849378	65883343	33	-0.9042
PITON_p_TCGA_b162_167_SNP_N_GenomeWideSNP_6_F09_844740	18	65896026	74923928	6917	0.0257
PITON_p_TCGA_b162_167_SNP_N_GenomeWideSNP_6_F09_844740	18	74925386	74926407	2	-1.3857
PITON_p_TCGA_b162_167_SNP_N_GenomeWideSNP_6_F09_844740	18	74926882	76813487	1379	0.018
PITON_p_TCGA_b162_167_SNP_N_GenomeWideSNP_6_F09_844740	18	76813515	76815603	9	-0.744
PITON_p_TCGA_b162_167_SNP_N_GenomeWideSNP_6_F09_844740	18	76816908	78015057	585	0.0168
PITON_p_TCGA_b162_167_SNP_N_GenomeWideSNP_6_F09_844740	19	90910	43697333	20755	0.0168
PITON_p_TCGA_b162_167_SNP_N_GenomeWideSNP_6_F09_844740	19	43703033	43756237	22	-0.7893
PITON_p_TCGA_b162_167_SNP_N_GenomeWideSNP_6_F09_844740	19	43766659	43809947	24	0.0498
PITON_p_TCGA_b162_167_SNP_N_GenomeWideSNP_6_F09_844740	19	43811811	43817593	3	-1.4004
PITON_p_TCGA_b162_167_SNP_N_GenomeWideSNP_6_F09_844740	19	43817835	52142352	4143	0.008
PITON_p_TCGA_b162_167_SNP_N_GenomeWideSNP_6_F09_844740	19	52142615	52148197	10	-0.9538
PITON_p_TCGA_b162_167_SNP_N_GenomeWideSNP_6_F09_844740	19	52154905	56282535	2535	-0.0055
PITON_p_TCGA_b162_167_SNP_N_GenomeWideSNP_6_F09_844740	19	56283029	56283067	2	-2.5828
PITON_p_TCGA_b162_167_SNP_N_GenomeWideSNP_6_F09_844740	19	56286293	57470332	848	0.0355
PITON_p_TCGA_b162_167_SNP_N_GenomeWideSNP_6_F09_844740	19	57474120	57479482	7	-1.4494
PITON_p_TCGA_b162_167_SNP_N_GenomeWideSNP_6_F09_844740	19	57481592	59097854	995	-0.0041
PITON_p_TCGA_b162_167_SNP_N_GenomeWideSNP_6_F09_844740	20	61305	1560999	1207	0.0069
PITON_p_TCGA_b162_167_SNP_N_GenomeWideSNP_6_F09_844740	20	1561580	1593893	41	1.4365
PITON_p_TCGA_b162_167_SNP_N_GenomeWideSNP_6_F09_844740	20	1597946	3827309	1578	0.0176
PITON_p_TCGA_b162_167_SNP_N_GenomeWideSNP_6_F09_844740	20	3829667	3843027	5	-1.1504
PITON_p_TCGA_b162_167_SNP_N_GenomeWideSNP_6_F09_844740	20	3843393	62956153	39658	0.0157
PITON_p_TCGA_b162_167_SNP_N_GenomeWideSNP_6_F09_844740	21	10736871	11066074	91	-0.2766
PITON_p_TCGA_b162_167_SNP_N_GenomeWideSNP_6_F09_844740	21	11069316	14595744	73	-9e-04
PITON_p_TCGA_b162_167_SNP_N_GenomeWideSNP_6_F09_844740	21	14597009	14603577	4	-1.0477
PITON_p_TCGA_b162_167_SNP_N_GenomeWideSNP_6_F09_844740	21	14612609	44822257	22375	0.0158
PITON_p_TCGA_b162_167_SNP_N_GenomeWideSNP_6_F09_844740	21	44827645	44837359	11	0.7427
PITON_p_TCGA_b162_167_SNP_N_GenomeWideSNP_6_F09_844740	21	44841812	48096957	1851	0.0139
PITON_p_TCGA_b162_167_SNP_N_GenomeWideSNP_6_F09_844740	22	16052528	24337949	4622	0.0082
PITON_p_TCGA_b162_167_SNP_N_GenomeWideSNP_6_F09_844740	22	24344422	24396814	20	0.7435
PITON_p_TCGA_b162_167_SNP_N_GenomeWideSNP_6_F09_844740	22	24401529	39363619	10867	0.0173
PITON_p_TCGA_b162_167_SNP_N_GenomeWideSNP_6_F09_844740	22	39363684	39375307	23	-0.7554
PITON_p_TCGA_b162_167_SNP_N_GenomeWideSNP_6_F09_844740	22	39389628	40793260	697	0.0056
PITON_p_TCGA_b162_167_SNP_N_GenomeWideSNP_6_F09_844740	22	40794590	40794820	2	-3.2051
PITON_p_TCGA_b162_167_SNP_N_GenomeWideSNP_6_F09_844740	22	40797672	51234455	7327	0.0152
PITON_p_TCGA_b162_167_SNP_N_GenomeWideSNP_6_F09_844740	X	168477	55701259	32315	0.0186
PITON_p_TCGA_b162_167_SNP_N_GenomeWideSNP_6_F09_844740	X	55702659	55707686	4	-1.4271
PITON_p_TCGA_b162_167_SNP_N_GenomeWideSNP_6_F09_844740	X	55714337	155182354	52257	0.0199
PITON_p_TCGA_b162_167_SNP_N_GenomeWideSNP_6_F09_844740	Y	2650438	2985595	152	-3.0304
PITON_p_TCGA_b162_167_SNP_N_GenomeWideSNP_6_F09_844740	Y	2985939	6107901	721	-2.4913
PITON_p_TCGA_b162_167_SNP_N_GenomeWideSNP_6_F09_844740	Y	6110498	6283866	79	-4.1798
PITON_p_TCGA_b162_167_SNP_N_GenomeWideSNP_6_F09_844740	Y	6287367	8329096	1099	-3.1405
PITON_p_TCGA_b162_167_SNP_N_GenomeWideSNP_6_F09_844740	Y	8329881	9759564	577	-3.4829
PITON_p_TCGA_b162_167_SNP_N_GenomeWideSNP_6_F09_844740	Y	9774614	15590276	951	-3.0204
PITON_p_TCGA_b162_167_SNP_N_GenomeWideSNP_6_F09_844740	Y	15590342	15594523	3	-7.6439
PITON_p_TCGA_b162_167_SNP_N_GenomeWideSNP_6_F09_844740	Y	15594889	19170442	1884	-3.1554
PITON_p_TCGA_b162_167_SNP_N_GenomeWideSNP_6_F09_844740	Y	19179335	19179540	3	-7.6487
PITON_p_TCGA_b162_167_SNP_N_GenomeWideSNP_6_F09_844740	Y	19182271	19515512	171	-3.197
PITON_p_TCGA_b162_167_SNP_N_GenomeWideSNP_6_F09_844740	Y	19516159	21088297	728	-3.7303
PITON_p_TCGA_b162_167_SNP_N_GenomeWideSNP_6_F09_844740	Y	21088485	23653771	978	-3.1577
PITON_p_TCGA_b162_167_SNP_N_GenomeWideSNP_6_F09_844740	Y	23683731	23732454	11	-5.4576
PITON_p_TCGA_b162_167_SNP_N_GenomeWideSNP_6_F09_844740	Y	23736419	23766154	24	-3.4535
PITON_p_TCGA_b162_167_SNP_N_GenomeWideSNP_6_F09_844740	Y	23772985	23859163	40	-2.6834
PITON_p_TCGA_b162_167_SNP_N_GenomeWideSNP_6_F09_844740	Y	23859468	26430674	567	-3.6326
PITON_p_TCGA_b162_167_SNP_N_GenomeWideSNP_6_F09_844740	Y	26430908	26469059	17	-2.2738
PITON_p_TCGA_b162_167_SNP_N_GenomeWideSNP_6_F09_844740	Y	26473956	26619135	18	-3.4065
PITON_p_TCGA_b162_167_SNP_N_GenomeWideSNP_6_F09_844740	Y	26630929	26802327	30	-4.7166
PITON_p_TCGA_b162_167_SNP_N_GenomeWideSNP_6_F09_844740	Y	26803166	27315972	55	-3.8736
PITON_p_TCGA_b162_167_SNP_N_GenomeWideSNP_6_F09_844740	Y	27367487	27720551	93	-3.0514
PITON_p_TCGA_b162_167_SNP_N_GenomeWideSNP_6_F09_844740	Y	27721084	28272116	194	-3.6546
PITON_p_TCGA_b162_167_SNP_N_GenomeWideSNP_6_F09_844740	Y	28277692	28322019	14	-5.12
PITON_p_TCGA_b162_167_SNP_N_GenomeWideSNP_6_F09_844740	Y	28322083	28423938	43	-3.5733
PITON_p_TCGA_b162_167_SNP_N_GenomeWideSNP_6_F09_844740	Y	28438116	59018259	183	-2.8707
