Sample	Chromosome	Start	End	Num_Probes	Segment_Mean
RAMIE_p_6TCGA_250_232_4_236_N_GenomeWideSNP_6_G07_1245100	1	61735	17017078	8775	0.0148
RAMIE_p_6TCGA_250_232_4_236_N_GenomeWideSNP_6_G07_1245100	1	17017530	17277940	105	-0.3645
RAMIE_p_6TCGA_250_232_4_236_N_GenomeWideSNP_6_G07_1245100	1	17282425	35091674	10251	0.0017
RAMIE_p_6TCGA_250_232_4_236_N_GenomeWideSNP_6_G07_1245100	1	35102654	35104491	20	-0.5277
RAMIE_p_6TCGA_250_232_4_236_N_GenomeWideSNP_6_G07_1245100	1	35114268	72768916	23808	0.0016
RAMIE_p_6TCGA_250_232_4_236_N_GenomeWideSNP_6_G07_1245100	1	72768936	72779080	9	-2.0369
RAMIE_p_6TCGA_250_232_4_236_N_GenomeWideSNP_6_G07_1245100	1	72779091	72811133	35	-1.17
RAMIE_p_6TCGA_250_232_4_236_N_GenomeWideSNP_6_G07_1245100	1	72811148	106013376	20976	-0.0021
RAMIE_p_6TCGA_250_232_4_236_N_GenomeWideSNP_6_G07_1245100	1	106019205	106022375	17	0.6565
RAMIE_p_6TCGA_250_232_4_236_N_GenomeWideSNP_6_G07_1245100	1	106024055	106609805	365	0.0034
RAMIE_p_6TCGA_250_232_4_236_N_GenomeWideSNP_6_G07_1245100	1	106612826	106612911	2	-1.3403
RAMIE_p_6TCGA_250_232_4_236_N_GenomeWideSNP_6_G07_1245100	1	106613878	110226970	2292	-0.0034
RAMIE_p_6TCGA_250_232_4_236_N_GenomeWideSNP_6_G07_1245100	1	110227317	110242953	22	0.8171
RAMIE_p_6TCGA_250_232_4_236_N_GenomeWideSNP_6_G07_1245100	1	110244998	112690248	1953	0.0117
RAMIE_p_6TCGA_250_232_4_236_N_GenomeWideSNP_6_G07_1245100	1	112690326	112697390	26	0.4975
RAMIE_p_6TCGA_250_232_4_236_N_GenomeWideSNP_6_G07_1245100	1	112705956	152555767	8018	0.0049
RAMIE_p_6TCGA_250_232_4_236_N_GenomeWideSNP_6_G07_1245100	1	152555795	152586540	31	1.636
RAMIE_p_6TCGA_250_232_4_236_N_GenomeWideSNP_6_G07_1245100	1	152586576	152759678	173	-0.0148
RAMIE_p_6TCGA_250_232_4_236_N_GenomeWideSNP_6_G07_1245100	1	152761923	152773905	38	0.4588
RAMIE_p_6TCGA_250_232_4_236_N_GenomeWideSNP_6_G07_1245100	1	152776755	161479438	5255	0.0087
RAMIE_p_6TCGA_250_232_4_236_N_GenomeWideSNP_6_G07_1245100	1	161496900	161637956	52	-0.4717
RAMIE_p_6TCGA_250_232_4_236_N_GenomeWideSNP_6_G07_1245100	1	161638201	174796405	9524	0.0059
RAMIE_p_6TCGA_250_232_4_236_N_GenomeWideSNP_6_G07_1245100	1	174796556	174797610	13	-0.9193
RAMIE_p_6TCGA_250_232_4_236_N_GenomeWideSNP_6_G07_1245100	1	174797687	196714873	14619	0.0033
RAMIE_p_6TCGA_250_232_4_236_N_GenomeWideSNP_6_G07_1245100	1	196727850	196731035	2	1.5395
RAMIE_p_6TCGA_250_232_4_236_N_GenomeWideSNP_6_G07_1245100	1	196731610	196798643	70	0.3316
RAMIE_p_6TCGA_250_232_4_236_N_GenomeWideSNP_6_G07_1245100	1	196798664	196798705	2	1.5648
RAMIE_p_6TCGA_250_232_4_236_N_GenomeWideSNP_6_G07_1245100	1	196798719	196812507	20	0.0639
RAMIE_p_6TCGA_250_232_4_236_N_GenomeWideSNP_6_G07_1245100	1	196812530	196815791	2	-2.1099
RAMIE_p_6TCGA_250_232_4_236_N_GenomeWideSNP_6_G07_1245100	1	196816730	207547304	6760	0.0085
RAMIE_p_6TCGA_250_232_4_236_N_GenomeWideSNP_6_G07_1245100	1	207550616	207554840	4	-1.531
RAMIE_p_6TCGA_250_232_4_236_N_GenomeWideSNP_6_G07_1245100	1	207555545	218698821	8071	0.0041
RAMIE_p_6TCGA_250_232_4_236_N_GenomeWideSNP_6_G07_1245100	1	218702294	218709802	13	-1.2432
RAMIE_p_6TCGA_250_232_4_236_N_GenomeWideSNP_6_G07_1245100	1	218710445	229811169	6987	0.0034
RAMIE_p_6TCGA_250_232_4_236_N_GenomeWideSNP_6_G07_1245100	1	229816856	229820196	3	-3.3282
RAMIE_p_6TCGA_250_232_4_236_N_GenomeWideSNP_6_G07_1245100	1	229820456	249224388	14020	-5e-04
RAMIE_p_6TCGA_250_232_4_236_N_GenomeWideSNP_6_G07_1245100	2	12784	34685280	24050	-0.0042
RAMIE_p_6TCGA_250_232_4_236_N_GenomeWideSNP_6_G07_1245100	2	34691069	34737057	46	0.5776
RAMIE_p_6TCGA_250_232_4_236_N_GenomeWideSNP_6_G07_1245100	2	34737163	39768483	3622	-0.0071
RAMIE_p_6TCGA_250_232_4_236_N_GenomeWideSNP_6_G07_1245100	2	39769681	39769763	2	-3.1791
RAMIE_p_6TCGA_250_232_4_236_N_GenomeWideSNP_6_G07_1245100	2	39770781	52754468	9384	-0.0038
RAMIE_p_6TCGA_250_232_4_236_N_GenomeWideSNP_6_G07_1245100	2	52754480	52781542	39	-2.235
RAMIE_p_6TCGA_250_232_4_236_N_GenomeWideSNP_6_G07_1245100	2	52787949	86602314	21732	-0.0033
RAMIE_p_6TCGA_250_232_4_236_N_GenomeWideSNP_6_G07_1245100	2	86607082	86624841	15	-0.7367
RAMIE_p_6TCGA_250_232_4_236_N_GenomeWideSNP_6_G07_1245100	2	86625528	88655701	662	-0.005
RAMIE_p_6TCGA_250_232_4_236_N_GenomeWideSNP_6_G07_1245100	2	88659588	88659607	2	-2.1882
RAMIE_p_6TCGA_250_232_4_236_N_GenomeWideSNP_6_G07_1245100	2	88664637	98063372	1617	0.0274
RAMIE_p_6TCGA_250_232_4_236_N_GenomeWideSNP_6_G07_1245100	2	98118128	98162189	11	0.7423
RAMIE_p_6TCGA_250_232_4_236_N_GenomeWideSNP_6_G07_1245100	2	98166878	117471734	11310	-0.0043
RAMIE_p_6TCGA_250_232_4_236_N_GenomeWideSNP_6_G07_1245100	2	117472242	117476014	2	-1.6627
RAMIE_p_6TCGA_250_232_4_236_N_GenomeWideSNP_6_G07_1245100	2	117476453	138037350	12760	-3e-04
RAMIE_p_6TCGA_250_232_4_236_N_GenomeWideSNP_6_G07_1245100	2	138045092	138065771	25	-0.9611
RAMIE_p_6TCGA_250_232_4_236_N_GenomeWideSNP_6_G07_1245100	2	138073795	142877592	3100	5e-04
RAMIE_p_6TCGA_250_232_4_236_N_GenomeWideSNP_6_G07_1245100	2	142882593	142882822	2	-1.9182
RAMIE_p_6TCGA_250_232_4_236_N_GenomeWideSNP_6_G07_1245100	2	142883207	146862085	2289	-0.0044
RAMIE_p_6TCGA_250_232_4_236_N_GenomeWideSNP_6_G07_1245100	2	146864404	146877806	25	0.4615
RAMIE_p_6TCGA_250_232_4_236_N_GenomeWideSNP_6_G07_1245100	2	146878395	164819278	10657	-0.0067
RAMIE_p_6TCGA_250_232_4_236_N_GenomeWideSNP_6_G07_1245100	2	164822136	164873131	38	0.5837
RAMIE_p_6TCGA_250_232_4_236_N_GenomeWideSNP_6_G07_1245100	2	164875325	242783396	48171	1e-04
RAMIE_p_6TCGA_250_232_4_236_N_GenomeWideSNP_6_G07_1245100	2	242915466	243026258	102	-0.8
RAMIE_p_6TCGA_250_232_4_236_N_GenomeWideSNP_6_G07_1245100	2	243029299	243089456	40	-7e-04
RAMIE_p_6TCGA_250_232_4_236_N_GenomeWideSNP_6_G07_1245100	3	60345	68746164	47737	-0.0031
RAMIE_p_6TCGA_250_232_4_236_N_GenomeWideSNP_6_G07_1245100	3	68746259	68747413	14	-1.2126
RAMIE_p_6TCGA_250_232_4_236_N_GenomeWideSNP_6_G07_1245100	3	68748758	98937784	15915	0.0036
RAMIE_p_6TCGA_250_232_4_236_N_GenomeWideSNP_6_G07_1245100	3	98944458	98949421	38	-0.567
RAMIE_p_6TCGA_250_232_4_236_N_GenomeWideSNP_6_G07_1245100	3	98950964	102990250	2250	-0.0107
RAMIE_p_6TCGA_250_232_4_236_N_GenomeWideSNP_6_G07_1245100	3	102991264	102992611	2	-3.2506
RAMIE_p_6TCGA_250_232_4_236_N_GenomeWideSNP_6_G07_1245100	3	102992645	129766586	16448	5e-04
RAMIE_p_6TCGA_250_232_4_236_N_GenomeWideSNP_6_G07_1245100	3	129775858	129806998	52	0.455
RAMIE_p_6TCGA_250_232_4_236_N_GenomeWideSNP_6_G07_1245100	3	129808276	148962976	11901	-0.0037
RAMIE_p_6TCGA_250_232_4_236_N_GenomeWideSNP_6_G07_1245100	3	148963395	148968121	25	-0.8272
RAMIE_p_6TCGA_250_232_4_236_N_GenomeWideSNP_6_G07_1245100	3	148971080	180476283	19396	-0.007
RAMIE_p_6TCGA_250_232_4_236_N_GenomeWideSNP_6_G07_1245100	3	180477295	180477503	2	-2.304
RAMIE_p_6TCGA_250_232_4_236_N_GenomeWideSNP_6_G07_1245100	3	180479157	192877902	8133	0.003
RAMIE_p_6TCGA_250_232_4_236_N_GenomeWideSNP_6_G07_1245100	3	192877962	192882903	19	-0.8438
RAMIE_p_6TCGA_250_232_4_236_N_GenomeWideSNP_6_G07_1245100	3	192886435	197896118	2702	0.0022
RAMIE_p_6TCGA_250_232_4_236_N_GenomeWideSNP_6_G07_1245100	4	12281	10210390	5785	0.0112
RAMIE_p_6TCGA_250_232_4_236_N_GenomeWideSNP_6_G07_1245100	4	10223416	10234266	30	-1.4621
RAMIE_p_6TCGA_250_232_4_236_N_GenomeWideSNP_6_G07_1245100	4	10234608	69372003	36444	0.0018
RAMIE_p_6TCGA_250_232_4_236_N_GenomeWideSNP_6_G07_1245100	4	69374941	69505115	67	-1.509
RAMIE_p_6TCGA_250_232_4_236_N_GenomeWideSNP_6_G07_1245100	4	69506334	70138047	338	0.0232
RAMIE_p_6TCGA_250_232_4_236_N_GenomeWideSNP_6_G07_1245100	4	70143374	70231799	42	-0.4949
RAMIE_p_6TCGA_250_232_4_236_N_GenomeWideSNP_6_G07_1245100	4	70232022	70389716	111	0.052
RAMIE_p_6TCGA_250_232_4_236_N_GenomeWideSNP_6_G07_1245100	4	70389861	70390779	2	-2.2784
RAMIE_p_6TCGA_250_232_4_236_N_GenomeWideSNP_6_G07_1245100	4	70391888	152789786	49314	-0.003
RAMIE_p_6TCGA_250_232_4_236_N_GenomeWideSNP_6_G07_1245100	4	152791533	152792891	13	-1.0109
RAMIE_p_6TCGA_250_232_4_236_N_GenomeWideSNP_6_G07_1245100	4	152794796	155802548	1945	0.0019
RAMIE_p_6TCGA_250_232_4_236_N_GenomeWideSNP_6_G07_1245100	4	155803005	155803078	3	-2.8873
RAMIE_p_6TCGA_250_232_4_236_N_GenomeWideSNP_6_G07_1245100	4	155803199	161808564	3852	-0.0047
RAMIE_p_6TCGA_250_232_4_236_N_GenomeWideSNP_6_G07_1245100	4	161809149	161815231	3	-1.592
RAMIE_p_6TCGA_250_232_4_236_N_GenomeWideSNP_6_G07_1245100	4	161815369	161873925	50	-0.0499
RAMIE_p_6TCGA_250_232_4_236_N_GenomeWideSNP_6_G07_1245100	4	161873940	161884600	22	-0.5839
RAMIE_p_6TCGA_250_232_4_236_N_GenomeWideSNP_6_G07_1245100	4	161884908	172376974	6662	-0.0013
RAMIE_p_6TCGA_250_232_4_236_N_GenomeWideSNP_6_G07_1245100	4	172377257	172377444	4	1.5051
RAMIE_p_6TCGA_250_232_4_236_N_GenomeWideSNP_6_G07_1245100	4	172377458	172987857	396	0.0285
RAMIE_p_6TCGA_250_232_4_236_N_GenomeWideSNP_6_G07_1245100	4	172987928	172989533	13	0.7565
RAMIE_p_6TCGA_250_232_4_236_N_GenomeWideSNP_6_G07_1245100	4	172995979	191027923	12089	-0.0032
RAMIE_p_6TCGA_250_232_4_236_N_GenomeWideSNP_6_G07_1245100	5	15532	698472	309	0.0376
RAMIE_p_6TCGA_250_232_4_236_N_GenomeWideSNP_6_G07_1245100	5	698505	779860	28	0.9478
RAMIE_p_6TCGA_250_232_4_236_N_GenomeWideSNP_6_G07_1245100	5	779881	3766628	2379	0.0174
RAMIE_p_6TCGA_250_232_4_236_N_GenomeWideSNP_6_G07_1245100	5	3768493	3768938	2	-1.7038
RAMIE_p_6TCGA_250_232_4_236_N_GenomeWideSNP_6_G07_1245100	5	3769282	15719222	9464	0.0055
RAMIE_p_6TCGA_250_232_4_236_N_GenomeWideSNP_6_G07_1245100	5	15719350	15720597	10	-0.8575
RAMIE_p_6TCGA_250_232_4_236_N_GenomeWideSNP_6_G07_1245100	5	15723346	21451200	3544	-0.0021
RAMIE_p_6TCGA_250_232_4_236_N_GenomeWideSNP_6_G07_1245100	5	21451277	21452438	4	1.222
RAMIE_p_6TCGA_250_232_4_236_N_GenomeWideSNP_6_G07_1245100	5	21452496	42836235	13525	8e-04
RAMIE_p_6TCGA_250_232_4_236_N_GenomeWideSNP_6_G07_1245100	5	42838178	42858044	16	-0.8666
RAMIE_p_6TCGA_250_232_4_236_N_GenomeWideSNP_6_G07_1245100	5	42859103	68846303	13826	-0.0039
RAMIE_p_6TCGA_250_232_4_236_N_GenomeWideSNP_6_G07_1245100	5	68867294	70254906	18	-0.5373
RAMIE_p_6TCGA_250_232_4_236_N_GenomeWideSNP_6_G07_1245100	5	70306659	81418763	6874	-0.0071
RAMIE_p_6TCGA_250_232_4_236_N_GenomeWideSNP_6_G07_1245100	5	81419278	81427482	3	-1.6751
RAMIE_p_6TCGA_250_232_4_236_N_GenomeWideSNP_6_G07_1245100	5	81428038	177227551	60832	8e-04
RAMIE_p_6TCGA_250_232_4_236_N_GenomeWideSNP_6_G07_1245100	5	177228579	177232605	2	2.0011
RAMIE_p_6TCGA_250_232_4_236_N_GenomeWideSNP_6_G07_1245100	5	177254965	178107822	447	-0.0046
RAMIE_p_6TCGA_250_232_4_236_N_GenomeWideSNP_6_G07_1245100	5	178109975	178113163	3	-2.33
RAMIE_p_6TCGA_250_232_4_236_N_GenomeWideSNP_6_G07_1245100	5	178118855	178936671	514	-9e-04
RAMIE_p_6TCGA_250_232_4_236_N_GenomeWideSNP_6_G07_1245100	5	178936695	178936722	2	-1.7696
RAMIE_p_6TCGA_250_232_4_236_N_GenomeWideSNP_6_G07_1245100	5	178937392	180790320	1036	0.0019
RAMIE_p_6TCGA_250_232_4_236_N_GenomeWideSNP_6_G07_1245100	6	149661	254283	101	0.0693
RAMIE_p_6TCGA_250_232_4_236_N_GenomeWideSNP_6_G07_1245100	6	257353	348669	59	0.4028
RAMIE_p_6TCGA_250_232_4_236_N_GenomeWideSNP_6_G07_1245100	6	349386	24322037	18456	0.0025
RAMIE_p_6TCGA_250_232_4_236_N_GenomeWideSNP_6_G07_1245100	6	24325809	24326285	2	-2.3236
RAMIE_p_6TCGA_250_232_4_236_N_GenomeWideSNP_6_G07_1245100	6	24328706	24946671	421	-0.0086
RAMIE_p_6TCGA_250_232_4_236_N_GenomeWideSNP_6_G07_1245100	6	24947772	24947805	2	1.6702
RAMIE_p_6TCGA_250_232_4_236_N_GenomeWideSNP_6_G07_1245100	6	24951199	29837188	2664	0.0168
RAMIE_p_6TCGA_250_232_4_236_N_GenomeWideSNP_6_G07_1245100	6	29837314	29874642	20	-0.6729
RAMIE_p_6TCGA_250_232_4_236_N_GenomeWideSNP_6_G07_1245100	6	29874709	31286305	667	-0.0076
RAMIE_p_6TCGA_250_232_4_236_N_GenomeWideSNP_6_G07_1245100	6	31286531	31295406	5	-1.632
RAMIE_p_6TCGA_250_232_4_236_N_GenomeWideSNP_6_G07_1245100	6	31295953	40364325	5544	0.0043
RAMIE_p_6TCGA_250_232_4_236_N_GenomeWideSNP_6_G07_1245100	6	40365601	40369293	6	-1.0117
RAMIE_p_6TCGA_250_232_4_236_N_GenomeWideSNP_6_G07_1245100	6	40370499	77439868	21031	0.0042
RAMIE_p_6TCGA_250_232_4_236_N_GenomeWideSNP_6_G07_1245100	6	77440048	77452757	20	-0.534
RAMIE_p_6TCGA_250_232_4_236_N_GenomeWideSNP_6_G07_1245100	6	77461073	78962874	977	0.0019
RAMIE_p_6TCGA_250_232_4_236_N_GenomeWideSNP_6_G07_1245100	6	78962889	79026972	101	-0.5825
RAMIE_p_6TCGA_250_232_4_236_N_GenomeWideSNP_6_G07_1245100	6	79027128	103734829	15466	-0.0028
RAMIE_p_6TCGA_250_232_4_236_N_GenomeWideSNP_6_G07_1245100	6	103737976	103762061	46	0.6892
RAMIE_p_6TCGA_250_232_4_236_N_GenomeWideSNP_6_G07_1245100	6	103765470	112912931	5754	-0.0046
RAMIE_p_6TCGA_250_232_4_236_N_GenomeWideSNP_6_G07_1245100	6	112917027	112929236	7	-1.0555
RAMIE_p_6TCGA_250_232_4_236_N_GenomeWideSNP_6_G07_1245100	6	112929544	137442746	15474	-0.0029
RAMIE_p_6TCGA_250_232_4_236_N_GenomeWideSNP_6_G07_1245100	6	137444054	137444113	2	-1.8419
RAMIE_p_6TCGA_250_232_4_236_N_GenomeWideSNP_6_G07_1245100	6	137444803	171051005	22912	-4e-04
RAMIE_p_6TCGA_250_232_4_236_N_GenomeWideSNP_6_G07_1245100	7	43355	7009202	3485	0.0162
RAMIE_p_6TCGA_250_232_4_236_N_GenomeWideSNP_6_G07_1245100	7	7013734	7045225	15	-0.7298
RAMIE_p_6TCGA_250_232_4_236_N_GenomeWideSNP_6_G07_1245100	7	7050775	22434780	12566	0.002
RAMIE_p_6TCGA_250_232_4_236_N_GenomeWideSNP_6_G07_1245100	7	22435472	22436487	2	-2.1784
RAMIE_p_6TCGA_250_232_4_236_N_GenomeWideSNP_6_G07_1245100	7	22438754	38290714	11300	-0.0025
RAMIE_p_6TCGA_250_232_4_236_N_GenomeWideSNP_6_G07_1245100	7	38294101	38362072	106	-0.421
RAMIE_p_6TCGA_250_232_4_236_N_GenomeWideSNP_6_G07_1245100	7	38366512	133785177	54526	0.0024
RAMIE_p_6TCGA_250_232_4_236_N_GenomeWideSNP_6_G07_1245100	7	133785195	133787087	14	-2.0612
RAMIE_p_6TCGA_250_232_4_236_N_GenomeWideSNP_6_G07_1245100	7	133787146	133789997	7	-0.3871
RAMIE_p_6TCGA_250_232_4_236_N_GenomeWideSNP_6_G07_1245100	7	133790011	133790443	3	-2.7113
RAMIE_p_6TCGA_250_232_4_236_N_GenomeWideSNP_6_G07_1245100	7	133795634	141763124	5193	0.0025
RAMIE_p_6TCGA_250_232_4_236_N_GenomeWideSNP_6_G07_1245100	7	141769643	141784184	20	-0.6189
RAMIE_p_6TCGA_250_232_4_236_N_GenomeWideSNP_6_G07_1245100	7	141784376	142338469	386	-0.0414
RAMIE_p_6TCGA_250_232_4_236_N_GenomeWideSNP_6_G07_1245100	7	142338989	142493650	124	-0.3414
RAMIE_p_6TCGA_250_232_4_236_N_GenomeWideSNP_6_G07_1245100	7	142499677	143216729	453	0.0243
RAMIE_p_6TCGA_250_232_4_236_N_GenomeWideSNP_6_G07_1245100	7	143216852	143568059	105	-0.3621
RAMIE_p_6TCGA_250_232_4_236_N_GenomeWideSNP_6_G07_1245100	7	143572166	150285104	4162	-0.0073
RAMIE_p_6TCGA_250_232_4_236_N_GenomeWideSNP_6_G07_1245100	7	150285801	150312161	11	-0.8966
RAMIE_p_6TCGA_250_232_4_236_N_GenomeWideSNP_6_G07_1245100	7	150312649	153147638	1713	0.0163
RAMIE_p_6TCGA_250_232_4_236_N_GenomeWideSNP_6_G07_1245100	7	153147645	153147712	2	-2.546
RAMIE_p_6TCGA_250_232_4_236_N_GenomeWideSNP_6_G07_1245100	7	153147715	154389895	863	-0.001
RAMIE_p_6TCGA_250_232_4_236_N_GenomeWideSNP_6_G07_1245100	7	154393171	154399613	4	-1.6838
RAMIE_p_6TCGA_250_232_4_236_N_GenomeWideSNP_6_G07_1245100	7	154400830	159127004	3237	0.0171
RAMIE_p_6TCGA_250_232_4_236_N_GenomeWideSNP_6_G07_1245100	8	31254	593041	326	0.0478
RAMIE_p_6TCGA_250_232_4_236_N_GenomeWideSNP_6_G07_1245100	8	594944	595908	10	1.1493
RAMIE_p_6TCGA_250_232_4_236_N_GenomeWideSNP_6_G07_1245100	8	601043	12648728	11146	0.0093
RAMIE_p_6TCGA_250_232_4_236_N_GenomeWideSNP_6_G07_1245100	8	12649178	12652526	3	-1.7949
RAMIE_p_6TCGA_250_232_4_236_N_GenomeWideSNP_6_G07_1245100	8	12653533	20242933	6967	-0.0069
RAMIE_p_6TCGA_250_232_4_236_N_GenomeWideSNP_6_G07_1245100	8	20245189	20245259	2	-1.6032
RAMIE_p_6TCGA_250_232_4_236_N_GenomeWideSNP_6_G07_1245100	8	20245414	24972187	3333	-0.0017
RAMIE_p_6TCGA_250_232_4_236_N_GenomeWideSNP_6_G07_1245100	8	24974443	24991104	28	0.6655
RAMIE_p_6TCGA_250_232_4_236_N_GenomeWideSNP_6_G07_1245100	8	24991127	112294466	51049	6e-04
RAMIE_p_6TCGA_250_232_4_236_N_GenomeWideSNP_6_G07_1245100	8	112294670	112295260	6	1.1251
RAMIE_p_6TCGA_250_232_4_236_N_GenomeWideSNP_6_G07_1245100	8	112300281	115634554	1826	0.0012
RAMIE_p_6TCGA_250_232_4_236_N_GenomeWideSNP_6_G07_1245100	8	115634653	115638467	14	-0.9601
RAMIE_p_6TCGA_250_232_4_236_N_GenomeWideSNP_6_G07_1245100	8	115638701	115650787	21	-0.467
RAMIE_p_6TCGA_250_232_4_236_N_GenomeWideSNP_6_G07_1245100	8	115654768	132564450	11724	0.0026
RAMIE_p_6TCGA_250_232_4_236_N_GenomeWideSNP_6_G07_1245100	8	132564658	132588947	14	-0.4874
RAMIE_p_6TCGA_250_232_4_236_N_GenomeWideSNP_6_G07_1245100	8	132590730	146298155	9300	0.0055
RAMIE_p_6TCGA_250_232_4_236_N_GenomeWideSNP_6_G07_1245100	9	46587	40619760	31207	0.0016
RAMIE_p_6TCGA_250_232_4_236_N_GenomeWideSNP_6_G07_1245100	9	40650414	43151337	71	0.4227
RAMIE_p_6TCGA_250_232_4_236_N_GenomeWideSNP_6_G07_1245100	9	43166988	44629223	94	0.1087
RAMIE_p_6TCGA_250_232_4_236_N_GenomeWideSNP_6_G07_1245100	9	44727859	44855737	36	-0.9541
RAMIE_p_6TCGA_250_232_4_236_N_GenomeWideSNP_6_G07_1245100	9	44866028	44996183	12	-0.047
RAMIE_p_6TCGA_250_232_4_236_N_GenomeWideSNP_6_G07_1245100	9	44996200	69977522	357	0.3101
RAMIE_p_6TCGA_250_232_4_236_N_GenomeWideSNP_6_G07_1245100	9	69977742	74679454	2868	0.0054
RAMIE_p_6TCGA_250_232_4_236_N_GenomeWideSNP_6_G07_1245100	9	74680271	74683057	5	-1.3999
RAMIE_p_6TCGA_250_232_4_236_N_GenomeWideSNP_6_G07_1245100	9	74683084	94402206	14038	6e-04
RAMIE_p_6TCGA_250_232_4_236_N_GenomeWideSNP_6_G07_1245100	9	94402268	94403710	17	-0.8829
RAMIE_p_6TCGA_250_232_4_236_N_GenomeWideSNP_6_G07_1245100	9	94403746	106566497	7901	-0.0029
RAMIE_p_6TCGA_250_232_4_236_N_GenomeWideSNP_6_G07_1245100	9	106568696	106569290	2	-2.1115
RAMIE_p_6TCGA_250_232_4_236_N_GenomeWideSNP_6_G07_1245100	9	106570702	141091394	23119	0.0038
RAMIE_p_6TCGA_250_232_4_236_N_GenomeWideSNP_6_G07_1245100	10	72809	48902376	32164	-0.0013
RAMIE_p_6TCGA_250_232_4_236_N_GenomeWideSNP_6_G07_1245100	10	48928791	49045895	9	-1.1422
RAMIE_p_6TCGA_250_232_4_236_N_GenomeWideSNP_6_G07_1245100	10	49082219	67306276	12462	7e-04
RAMIE_p_6TCGA_250_232_4_236_N_GenomeWideSNP_6_G07_1245100	10	67307923	67314430	27	-0.6188
RAMIE_p_6TCGA_250_232_4_236_N_GenomeWideSNP_6_G07_1245100	10	67314446	135506704	46238	0.004
RAMIE_p_6TCGA_250_232_4_236_N_GenomeWideSNP_6_G07_1245100	11	198510	3486724	1345	0.0172
RAMIE_p_6TCGA_250_232_4_236_N_GenomeWideSNP_6_G07_1245100	11	3487665	3488541	3	-2.3917
RAMIE_p_6TCGA_250_232_4_236_N_GenomeWideSNP_6_G07_1245100	11	3506526	4970243	1126	0.0345
RAMIE_p_6TCGA_250_232_4_236_N_GenomeWideSNP_6_G07_1245100	11	4970277	4976878	38	0.6642
RAMIE_p_6TCGA_250_232_4_236_N_GenomeWideSNP_6_G07_1245100	11	4976892	5783682	779	-2e-04
RAMIE_p_6TCGA_250_232_4_236_N_GenomeWideSNP_6_G07_1245100	11	5783923	5809338	35	0.4517
RAMIE_p_6TCGA_250_232_4_236_N_GenomeWideSNP_6_G07_1245100	11	5809461	44981102	28211	-4e-04
RAMIE_p_6TCGA_250_232_4_236_N_GenomeWideSNP_6_G07_1245100	11	44982387	44982802	2	-5.1854
RAMIE_p_6TCGA_250_232_4_236_N_GenomeWideSNP_6_G07_1245100	11	44983572	55363340	3026	0.0049
RAMIE_p_6TCGA_250_232_4_236_N_GenomeWideSNP_6_G07_1245100	11	55374032	55439990	47	0.5977
RAMIE_p_6TCGA_250_232_4_236_N_GenomeWideSNP_6_G07_1245100	11	55442318	134944770	52322	0.0047
RAMIE_p_6TCGA_250_232_4_236_N_GenomeWideSNP_6_G07_1245100	12	150442	865970	417	0.0372
RAMIE_p_6TCGA_250_232_4_236_N_GenomeWideSNP_6_G07_1245100	12	869109	874029	18	-2.8455
RAMIE_p_6TCGA_250_232_4_236_N_GenomeWideSNP_6_G07_1245100	12	875354	2235889	830	-0.0168
RAMIE_p_6TCGA_250_232_4_236_N_GenomeWideSNP_6_G07_1245100	12	2245862	2257920	41	-0.657
RAMIE_p_6TCGA_250_232_4_236_N_GenomeWideSNP_6_G07_1245100	12	2258023	9630556	4891	0.0055
RAMIE_p_6TCGA_250_232_4_236_N_GenomeWideSNP_6_G07_1245100	12	9633870	9728292	25	-1.3389
RAMIE_p_6TCGA_250_232_4_236_N_GenomeWideSNP_6_G07_1245100	12	9734969	11219423	1040	-0.0101
RAMIE_p_6TCGA_250_232_4_236_N_GenomeWideSNP_6_G07_1245100	12	11220724	11251874	13	0.7948
RAMIE_p_6TCGA_250_232_4_236_N_GenomeWideSNP_6_G07_1245100	12	11256829	33385830	15626	0.0073
RAMIE_p_6TCGA_250_232_4_236_N_GenomeWideSNP_6_G07_1245100	12	33386757	33395142	5	-2.2605
RAMIE_p_6TCGA_250_232_4_236_N_GenomeWideSNP_6_G07_1245100	12	33395418	45904438	5553	0.0034
RAMIE_p_6TCGA_250_232_4_236_N_GenomeWideSNP_6_G07_1245100	12	45905840	45909537	3	1.4612
RAMIE_p_6TCGA_250_232_4_236_N_GenomeWideSNP_6_G07_1245100	12	45913292	48725019	1717	-0.0206
RAMIE_p_6TCGA_250_232_4_236_N_GenomeWideSNP_6_G07_1245100	12	48725042	48725415	4	-1.6213
RAMIE_p_6TCGA_250_232_4_236_N_GenomeWideSNP_6_G07_1245100	12	48730036	90483350	25499	7e-04
RAMIE_p_6TCGA_250_232_4_236_N_GenomeWideSNP_6_G07_1245100	12	90491669	90493557	8	-0.9474
RAMIE_p_6TCGA_250_232_4_236_N_GenomeWideSNP_6_G07_1245100	12	90493613	99795737	6444	-9e-04
RAMIE_p_6TCGA_250_232_4_236_N_GenomeWideSNP_6_G07_1245100	12	99795773	99803093	28	-0.4759
RAMIE_p_6TCGA_250_232_4_236_N_GenomeWideSNP_6_G07_1245100	12	99803118	130520759	20817	0.0012
RAMIE_p_6TCGA_250_232_4_236_N_GenomeWideSNP_6_G07_1245100	12	130522866	130536712	9	-1.0734
RAMIE_p_6TCGA_250_232_4_236_N_GenomeWideSNP_6_G07_1245100	12	130539794	133778189	1907	0.0164
RAMIE_p_6TCGA_250_232_4_236_N_GenomeWideSNP_6_G07_1245100	13	19026949	69530762	33222	-5e-04
RAMIE_p_6TCGA_250_232_4_236_N_GenomeWideSNP_6_G07_1245100	13	69536599	69536771	2	-1.8836
RAMIE_p_6TCGA_250_232_4_236_N_GenomeWideSNP_6_G07_1245100	13	69542267	115108397	30916	8e-04
RAMIE_p_6TCGA_250_232_4_236_N_GenomeWideSNP_6_G07_1245100	14	19002124	20422583	188	0.2893
RAMIE_p_6TCGA_250_232_4_236_N_GenomeWideSNP_6_G07_1245100	14	20423372	22393148	1354	-0.0077
RAMIE_p_6TCGA_250_232_4_236_N_GenomeWideSNP_6_G07_1245100	14	22393359	22978335	529	-0.3759
RAMIE_p_6TCGA_250_232_4_236_N_GenomeWideSNP_6_G07_1245100	14	22978389	41608358	11721	0.0046
RAMIE_p_6TCGA_250_232_4_236_N_GenomeWideSNP_6_G07_1245100	14	41610496	41657249	12	-1.728
RAMIE_p_6TCGA_250_232_4_236_N_GenomeWideSNP_6_G07_1245100	14	41657349	106542277	41222	0.0052
RAMIE_p_6TCGA_250_232_4_236_N_GenomeWideSNP_6_G07_1245100	14	106547314	106567100	11	1.0033
RAMIE_p_6TCGA_250_232_4_236_N_GenomeWideSNP_6_G07_1245100	14	106569463	107285437	417	0.0198
RAMIE_p_6TCGA_250_232_4_236_N_GenomeWideSNP_6_G07_1245100	15	20016328	20412026	64	-0.0808
RAMIE_p_6TCGA_250_232_4_236_N_GenomeWideSNP_6_G07_1245100	15	20412478	22586960	356	0.4346
RAMIE_p_6TCGA_250_232_4_236_N_GenomeWideSNP_6_G07_1245100	15	22587474	23239510	302	-0.017
RAMIE_p_6TCGA_250_232_4_236_N_GenomeWideSNP_6_G07_1245100	15	23241449	23487546	18	0.4672
RAMIE_p_6TCGA_250_232_4_236_N_GenomeWideSNP_6_G07_1245100	15	23641514	23682708	15	-1.0451
RAMIE_p_6TCGA_250_232_4_236_N_GenomeWideSNP_6_G07_1245100	15	23687685	23893606	153	-0.0017
RAMIE_p_6TCGA_250_232_4_236_N_GenomeWideSNP_6_G07_1245100	15	23894745	23894967	3	-1.8302
RAMIE_p_6TCGA_250_232_4_236_N_GenomeWideSNP_6_G07_1245100	15	23895635	102469040	51048	0.0031
RAMIE_p_6TCGA_250_232_4_236_N_GenomeWideSNP_6_G07_1245100	16	60777	19945650	13510	0.0073
RAMIE_p_6TCGA_250_232_4_236_N_GenomeWideSNP_6_G07_1245100	16	19945808	19965832	26	0.4577
RAMIE_p_6TCGA_250_232_4_236_N_GenomeWideSNP_6_G07_1245100	16	19965875	55796594	13751	0.0105
RAMIE_p_6TCGA_250_232_4_236_N_GenomeWideSNP_6_G07_1245100	16	55798222	55798779	3	1.6857
RAMIE_p_6TCGA_250_232_4_236_N_GenomeWideSNP_6_G07_1245100	16	55804348	78371608	14419	0.0034
RAMIE_p_6TCGA_250_232_4_236_N_GenomeWideSNP_6_G07_1245100	16	78372440	78384765	17	0.8269
RAMIE_p_6TCGA_250_232_4_236_N_GenomeWideSNP_6_G07_1245100	16	78385001	90287535	10616	0.0066
RAMIE_p_6TCGA_250_232_4_236_N_GenomeWideSNP_6_G07_1245100	17	526	16701526	10487	0.0076
RAMIE_p_6TCGA_250_232_4_236_N_GenomeWideSNP_6_G07_1245100	17	16709547	16718978	3	-1.6102
RAMIE_p_6TCGA_250_232_4_236_N_GenomeWideSNP_6_G07_1245100	17	16719043	18319862	926	0.0013
RAMIE_p_6TCGA_250_232_4_236_N_GenomeWideSNP_6_G07_1245100	17	18355392	18459272	27	1.168
RAMIE_p_6TCGA_250_232_4_236_N_GenomeWideSNP_6_G07_1245100	17	18464586	44195725	12036	0.0112
RAMIE_p_6TCGA_250_232_4_236_N_GenomeWideSNP_6_G07_1245100	17	44197603	44352872	98	-0.3054
RAMIE_p_6TCGA_250_232_4_236_N_GenomeWideSNP_6_G07_1245100	17	44353885	44428681	11	0.1384
RAMIE_p_6TCGA_250_232_4_236_N_GenomeWideSNP_6_G07_1245100	17	44429320	44752283	40	0.6566
RAMIE_p_6TCGA_250_232_4_236_N_GenomeWideSNP_6_G07_1245100	17	44752300	81049726	21590	0.0084
RAMIE_p_6TCGA_250_232_4_236_N_GenomeWideSNP_6_G07_1245100	18	11543	38260420	22786	-3e-04
RAMIE_p_6TCGA_250_232_4_236_N_GenomeWideSNP_6_G07_1245100	18	38260434	38265389	18	-2.1052
RAMIE_p_6TCGA_250_232_4_236_N_GenomeWideSNP_6_G07_1245100	18	38269498	51524201	9119	0.001
RAMIE_p_6TCGA_250_232_4_236_N_GenomeWideSNP_6_G07_1245100	18	51524842	51525152	3	-1.899
RAMIE_p_6TCGA_250_232_4_236_N_GenomeWideSNP_6_G07_1245100	18	51528368	63717521	8345	-0.0026
RAMIE_p_6TCGA_250_232_4_236_N_GenomeWideSNP_6_G07_1245100	18	63717753	63732738	15	-0.7122
RAMIE_p_6TCGA_250_232_4_236_N_GenomeWideSNP_6_G07_1245100	18	63732763	66171679	1805	0.0098
RAMIE_p_6TCGA_250_232_4_236_N_GenomeWideSNP_6_G07_1245100	18	66172351	66188415	8	-0.7609
RAMIE_p_6TCGA_250_232_4_236_N_GenomeWideSNP_6_G07_1245100	18	66189148	70365834	2988	0.0102
RAMIE_p_6TCGA_250_232_4_236_N_GenomeWideSNP_6_G07_1245100	18	70366898	70368297	4	-1.3194
RAMIE_p_6TCGA_250_232_4_236_N_GenomeWideSNP_6_G07_1245100	18	70368346	78015057	5605	0.0033
RAMIE_p_6TCGA_250_232_4_236_N_GenomeWideSNP_6_G07_1245100	19	90910	59097854	29311	0.0117
RAMIE_p_6TCGA_250_232_4_236_N_GenomeWideSNP_6_G07_1245100	20	61305	62956153	42402	0.0046
RAMIE_p_6TCGA_250_232_4_236_N_GenomeWideSNP_6_G07_1245100	21	10736871	23651134	6451	-8e-04
RAMIE_p_6TCGA_250_232_4_236_N_GenomeWideSNP_6_G07_1245100	21	23655900	23669292	11	-0.9059
RAMIE_p_6TCGA_250_232_4_236_N_GenomeWideSNP_6_G07_1245100	21	23673883	48096957	17887	0.0015
RAMIE_p_6TCGA_250_232_4_236_N_GenomeWideSNP_6_G07_1245100	22	16052528	24337949	4615	0.0376
RAMIE_p_6TCGA_250_232_4_236_N_GenomeWideSNP_6_G07_1245100	22	24344422	24396814	20	0.6092
RAMIE_p_6TCGA_250_232_4_236_N_GenomeWideSNP_6_G07_1245100	22	24401529	40793260	11582	0.0035
RAMIE_p_6TCGA_250_232_4_236_N_GenomeWideSNP_6_G07_1245100	22	40794590	40794820	2	-3.2755
RAMIE_p_6TCGA_250_232_4_236_N_GenomeWideSNP_6_G07_1245100	22	40797672	51234455	7315	0.0144
RAMIE_p_6TCGA_250_232_4_236_N_GenomeWideSNP_6_G07_1245100	X	168477	356295	10	0.0227
RAMIE_p_6TCGA_250_232_4_236_N_GenomeWideSNP_6_G07_1245100	X	377876	451060	12	0.7222
RAMIE_p_6TCGA_250_232_4_236_N_GenomeWideSNP_6_G07_1245100	X	469792	155182354	84426	0.0018
RAMIE_p_6TCGA_250_232_4_236_N_GenomeWideSNP_6_G07_1245100	Y	2650438	6101425	869	-2.4162
RAMIE_p_6TCGA_250_232_4_236_N_GenomeWideSNP_6_G07_1245100	Y	6107901	6296423	85	-3.5947
RAMIE_p_6TCGA_250_232_4_236_N_GenomeWideSNP_6_G07_1245100	Y	6299046	15024621	2366	-2.8207
RAMIE_p_6TCGA_250_232_4_236_N_GenomeWideSNP_6_G07_1245100	Y	15026424	15030817	5	-6.1022
RAMIE_p_6TCGA_250_232_4_236_N_GenomeWideSNP_6_G07_1245100	Y	15032288	15590276	249	-2.8458
RAMIE_p_6TCGA_250_232_4_236_N_GenomeWideSNP_6_G07_1245100	Y	15590342	15594523	3	-7.598
RAMIE_p_6TCGA_250_232_4_236_N_GenomeWideSNP_6_G07_1245100	Y	15594889	19570632	2081	-2.8954
RAMIE_p_6TCGA_250_232_4_236_N_GenomeWideSNP_6_G07_1245100	Y	19571480	20970746	650	-3.3354
RAMIE_p_6TCGA_250_232_4_236_N_GenomeWideSNP_6_G07_1245100	Y	20971498	20972173	2	-7.5621
RAMIE_p_6TCGA_250_232_4_236_N_GenomeWideSNP_6_G07_1245100	Y	20972409	21024613	21	-3.7859
RAMIE_p_6TCGA_250_232_4_236_N_GenomeWideSNP_6_G07_1245100	Y	21025062	24505988	1273	-2.9424
RAMIE_p_6TCGA_250_232_4_236_N_GenomeWideSNP_6_G07_1245100	Y	24510518	24964952	82	-3.56
RAMIE_p_6TCGA_250_232_4_236_N_GenomeWideSNP_6_G07_1245100	Y	24979518	25975796	144	-3.0521
RAMIE_p_6TCGA_250_232_4_236_N_GenomeWideSNP_6_G07_1245100	Y	25976129	26190025	91	-3.6558
RAMIE_p_6TCGA_250_232_4_236_N_GenomeWideSNP_6_G07_1245100	Y	26193050	26598702	93	-2.6679
RAMIE_p_6TCGA_250_232_4_236_N_GenomeWideSNP_6_G07_1245100	Y	26604818	27240184	83	-3.8482
RAMIE_p_6TCGA_250_232_4_236_N_GenomeWideSNP_6_G07_1245100	Y	27254679	27721084	99	-2.6766
RAMIE_p_6TCGA_250_232_4_236_N_GenomeWideSNP_6_G07_1245100	Y	27721117	28470990	268	-3.3872
RAMIE_p_6TCGA_250_232_4_236_N_GenomeWideSNP_6_G07_1245100	Y	28476039	59018259	165	-2.555
