Sample	Chromosome	Start	End	Num_Probes	Segment_Mean
RANDS_p_TCGA_b109_SNP_1N_GenomeWideSNP_6_C03_772004	1	61735	17011510	8746	0.0145
RANDS_p_TCGA_b109_SNP_1N_GenomeWideSNP_6_C03_772004	1	17011560	17056457	34	-0.5786
RANDS_p_TCGA_b109_SNP_1N_GenomeWideSNP_6_C03_772004	1	17076467	72768418	34197	0.0345
RANDS_p_TCGA_b109_SNP_1N_GenomeWideSNP_6_C03_772004	1	72768498	72811148	47	-1.1373
RANDS_p_TCGA_b109_SNP_1N_GenomeWideSNP_6_C03_772004	1	72811904	149041722	32080	0.0479
RANDS_p_TCGA_b109_SNP_1N_GenomeWideSNP_6_C03_772004	1	149041806	149436842	158	0.5151
RANDS_p_TCGA_b109_SNP_1N_GenomeWideSNP_6_C03_772004	1	149521840	152555795	1497	0.033
RANDS_p_TCGA_b109_SNP_1N_GenomeWideSNP_6_C03_772004	1	152555884	152586238	28	1.0895
RANDS_p_TCGA_b109_SNP_1N_GenomeWideSNP_6_C03_772004	1	152586278	178658737	17597	0.0364
RANDS_p_TCGA_b109_SNP_1N_GenomeWideSNP_6_C03_772004	1	178658817	178661596	11	-0.5179
RANDS_p_TCGA_b109_SNP_1N_GenomeWideSNP_6_C03_772004	1	178661865	196714873	12132	0.0457
RANDS_p_TCGA_b109_SNP_1N_GenomeWideSNP_6_C03_772004	1	196727850	196801784	88	-0.5311
RANDS_p_TCGA_b109_SNP_1N_GenomeWideSNP_6_C03_772004	1	196801805	249224388	35900	0.0391
RANDS_p_TCGA_b109_SNP_1N_GenomeWideSNP_6_C03_772004	2	12784	7582762	5864	0.0268
RANDS_p_TCGA_b109_SNP_1N_GenomeWideSNP_6_C03_772004	2	7583276	7631459	44	0.3162
RANDS_p_TCGA_b109_SNP_1N_GenomeWideSNP_6_C03_772004	2	7631542	17221165	6920	0.0514
RANDS_p_TCGA_b109_SNP_1N_GenomeWideSNP_6_C03_772004	2	17221320	17237961	46	-0.7662
RANDS_p_TCGA_b109_SNP_1N_GenomeWideSNP_6_C03_772004	2	17242537	34701583	11200	0.0474
RANDS_p_TCGA_b109_SNP_1N_GenomeWideSNP_6_C03_772004	2	34701625	34737057	43	-0.3686
RANDS_p_TCGA_b109_SNP_1N_GenomeWideSNP_6_C03_772004	2	34737163	86934745	34996	0.0546
RANDS_p_TCGA_b109_SNP_1N_GenomeWideSNP_6_C03_772004	2	86936838	86953854	4	-0.9621
RANDS_p_TCGA_b109_SNP_1N_GenomeWideSNP_6_C03_772004	2	86970406	97245037	1854	-2e-04
RANDS_p_TCGA_b109_SNP_1N_GenomeWideSNP_6_C03_772004	2	97246556	97854159	245	0.3153
RANDS_p_TCGA_b109_SNP_1N_GenomeWideSNP_6_C03_772004	2	97857927	97918405	23	-0.4216
RANDS_p_TCGA_b109_SNP_1N_GenomeWideSNP_6_C03_772004	2	97918717	98118212	17	0.2546
RANDS_p_TCGA_b109_SNP_1N_GenomeWideSNP_6_C03_772004	2	98140747	98166878	10	0.8403
RANDS_p_TCGA_b109_SNP_1N_GenomeWideSNP_6_C03_772004	2	98168606	106874649	5568	0.2725
RANDS_p_TCGA_b109_SNP_1N_GenomeWideSNP_6_C03_772004	2	106874722	106880095	2	-1.0015
RANDS_p_TCGA_b109_SNP_1N_GenomeWideSNP_6_C03_772004	2	106880713	106884979	9	0.7887
RANDS_p_TCGA_b109_SNP_1N_GenomeWideSNP_6_C03_772004	2	106885013	108032914	738	0.2867
RANDS_p_TCGA_b109_SNP_1N_GenomeWideSNP_6_C03_772004	2	108034657	108420628	239	-0.0653
RANDS_p_TCGA_b109_SNP_1N_GenomeWideSNP_6_C03_772004	2	108424627	109582357	638	0.1846
RANDS_p_TCGA_b109_SNP_1N_GenomeWideSNP_6_C03_772004	2	109582711	109586313	8	-0.2213
RANDS_p_TCGA_b109_SNP_1N_GenomeWideSNP_6_C03_772004	2	109586371	110462496	489	0.2988
RANDS_p_TCGA_b109_SNP_1N_GenomeWideSNP_6_C03_772004	2	110467473	110816590	11	-0.2929
RANDS_p_TCGA_b109_SNP_1N_GenomeWideSNP_6_C03_772004	2	110826254	111704423	272	0.2993
RANDS_p_TCGA_b109_SNP_1N_GenomeWideSNP_6_C03_772004	2	111705427	146864443	21528	-0.0714
RANDS_p_TCGA_b109_SNP_1N_GenomeWideSNP_6_C03_772004	2	146864457	146866934	21	0.6333
RANDS_p_TCGA_b109_SNP_1N_GenomeWideSNP_6_C03_772004	2	146877806	151409434	2483	-0.0815
RANDS_p_TCGA_b109_SNP_1N_GenomeWideSNP_6_C03_772004	2	151412640	152595524	920	0.2754
RANDS_p_TCGA_b109_SNP_1N_GenomeWideSNP_6_C03_772004	2	152595842	154889809	1482	-0.0597
RANDS_p_TCGA_b109_SNP_1N_GenomeWideSNP_6_C03_772004	2	154895975	154896482	2	-1.9962
RANDS_p_TCGA_b109_SNP_1N_GenomeWideSNP_6_C03_772004	2	154900223	184794400	18400	-0.0288
RANDS_p_TCGA_b109_SNP_1N_GenomeWideSNP_6_C03_772004	2	184794514	184802441	16	-0.8945
RANDS_p_TCGA_b109_SNP_1N_GenomeWideSNP_6_C03_772004	2	184808589	209546436	14441	-0.0684
RANDS_p_TCGA_b109_SNP_1N_GenomeWideSNP_6_C03_772004	2	209546440	209546445	2	-1.3463
RANDS_p_TCGA_b109_SNP_1N_GenomeWideSNP_6_C03_772004	2	209546664	229757006	13113	0.0376
RANDS_p_TCGA_b109_SNP_1N_GenomeWideSNP_6_C03_772004	2	229759479	229759913	8	-1.0525
RANDS_p_TCGA_b109_SNP_1N_GenomeWideSNP_6_C03_772004	2	229760083	243089456	8214	-0.1143
RANDS_p_TCGA_b109_SNP_1N_GenomeWideSNP_6_C03_772004	3	60345	1172474	922	-0.0582
RANDS_p_TCGA_b109_SNP_1N_GenomeWideSNP_6_C03_772004	3	1172719	1175275	2	-2.0495
RANDS_p_TCGA_b109_SNP_1N_GenomeWideSNP_6_C03_772004	3	1175539	65188453	44376	-0.0905
RANDS_p_TCGA_b109_SNP_1N_GenomeWideSNP_6_C03_772004	3	65189235	65210452	53	-1.0935
RANDS_p_TCGA_b109_SNP_1N_GenomeWideSNP_6_C03_772004	3	65216349	71548328	4552	-0.1029
RANDS_p_TCGA_b109_SNP_1N_GenomeWideSNP_6_C03_772004	3	71548515	71563859	13	-1.0016
RANDS_p_TCGA_b109_SNP_1N_GenomeWideSNP_6_C03_772004	3	71566417	93646209	11011	-0.0629
RANDS_p_TCGA_b109_SNP_1N_GenomeWideSNP_6_C03_772004	3	93647232	93655895	6	-0.8536
RANDS_p_TCGA_b109_SNP_1N_GenomeWideSNP_6_C03_772004	3	93667770	98937784	2796	0.0028
RANDS_p_TCGA_b109_SNP_1N_GenomeWideSNP_6_C03_772004	3	98944458	98949308	36	-2.1316
RANDS_p_TCGA_b109_SNP_1N_GenomeWideSNP_6_C03_772004	3	98949314	125436237	16256	0.0453
RANDS_p_TCGA_b109_SNP_1N_GenomeWideSNP_6_C03_772004	3	125443608	125458762	10	0.9259
RANDS_p_TCGA_b109_SNP_1N_GenomeWideSNP_6_C03_772004	3	125462329	129763698	2469	0.039
RANDS_p_TCGA_b109_SNP_1N_GenomeWideSNP_6_C03_772004	3	129766586	129794006	41	0.423
RANDS_p_TCGA_b109_SNP_1N_GenomeWideSNP_6_C03_772004	3	129794804	162223789	20095	0.0427
RANDS_p_TCGA_b109_SNP_1N_GenomeWideSNP_6_C03_772004	3	162223833	162223934	2	-2.049
RANDS_p_TCGA_b109_SNP_1N_GenomeWideSNP_6_C03_772004	3	162223965	162506530	176	0.0927
RANDS_p_TCGA_b109_SNP_1N_GenomeWideSNP_6_C03_772004	3	162508178	162524858	15	0.8253
RANDS_p_TCGA_b109_SNP_1N_GenomeWideSNP_6_C03_772004	3	162528630	162536823	7	-0.7493
RANDS_p_TCGA_b109_SNP_1N_GenomeWideSNP_6_C03_772004	3	162540009	162625995	51	0.4468
RANDS_p_TCGA_b109_SNP_1N_GenomeWideSNP_6_C03_772004	3	162626572	192873807	19176	0.0267
RANDS_p_TCGA_b109_SNP_1N_GenomeWideSNP_6_C03_772004	3	192874747	192882903	21	-1.1487
RANDS_p_TCGA_b109_SNP_1N_GenomeWideSNP_6_C03_772004	3	192886435	195422289	1493	0.0334
RANDS_p_TCGA_b109_SNP_1N_GenomeWideSNP_6_C03_772004	3	195422291	195464866	36	0.4075
RANDS_p_TCGA_b109_SNP_1N_GenomeWideSNP_6_C03_772004	3	195473796	197896118	1175	-0.005
RANDS_p_TCGA_b109_SNP_1N_GenomeWideSNP_6_C03_772004	4	12281	9456977	5226	0.0119
RANDS_p_TCGA_b109_SNP_1N_GenomeWideSNP_6_C03_772004	4	9461230	9479345	9	-1.1356
RANDS_p_TCGA_b109_SNP_1N_GenomeWideSNP_6_C03_772004	4	9486087	10210390	544	0.0288
RANDS_p_TCGA_b109_SNP_1N_GenomeWideSNP_6_C03_772004	4	10214160	10230797	23	1.7511
RANDS_p_TCGA_b109_SNP_1N_GenomeWideSNP_6_C03_772004	4	10230812	10390715	184	0.059
RANDS_p_TCGA_b109_SNP_1N_GenomeWideSNP_6_C03_772004	4	10392354	10402718	17	-0.6074
RANDS_p_TCGA_b109_SNP_1N_GenomeWideSNP_6_C03_772004	4	10402746	46196378	24125	0.046
RANDS_p_TCGA_b109_SNP_1N_GenomeWideSNP_6_C03_772004	4	46204183	46212767	4	-1.2817
RANDS_p_TCGA_b109_SNP_1N_GenomeWideSNP_6_C03_772004	4	46212792	49267848	1684	0.0342
RANDS_p_TCGA_b109_SNP_1N_GenomeWideSNP_6_C03_772004	4	49291192	49297235	4	-1.2321
RANDS_p_TCGA_b109_SNP_1N_GenomeWideSNP_6_C03_772004	4	49309854	49584109	7	0.1022
RANDS_p_TCGA_b109_SNP_1N_GenomeWideSNP_6_C03_772004	4	49589148	49656513	10	-0.5223
RANDS_p_TCGA_b109_SNP_1N_GenomeWideSNP_6_C03_772004	4	49656595	69244434	10462	0.0491
RANDS_p_TCGA_b109_SNP_1N_GenomeWideSNP_6_C03_772004	4	69255070	69288142	12	-0.8837
RANDS_p_TCGA_b109_SNP_1N_GenomeWideSNP_6_C03_772004	4	69294799	69374941	17	0.0617
RANDS_p_TCGA_b109_SNP_1N_GenomeWideSNP_6_C03_772004	4	69374955	69485840	63	0.4562
RANDS_p_TCGA_b109_SNP_1N_GenomeWideSNP_6_C03_772004	4	69485979	69956350	229	0.0785
RANDS_p_TCGA_b109_SNP_1N_GenomeWideSNP_6_C03_772004	4	69959125	69959679	2	-1.3764
RANDS_p_TCGA_b109_SNP_1N_GenomeWideSNP_6_C03_772004	4	69961746	86976529	10596	0.0522
RANDS_p_TCGA_b109_SNP_1N_GenomeWideSNP_6_C03_772004	4	86976579	86979944	15	-0.7369
RANDS_p_TCGA_b109_SNP_1N_GenomeWideSNP_6_C03_772004	4	86980089	138085107	30163	0.0521
RANDS_p_TCGA_b109_SNP_1N_GenomeWideSNP_6_C03_772004	4	138089547	138095121	21	-0.683
RANDS_p_TCGA_b109_SNP_1N_GenomeWideSNP_6_C03_772004	4	138108363	144924918	4513	0.0529
RANDS_p_TCGA_b109_SNP_1N_GenomeWideSNP_6_C03_772004	4	144924937	144957561	16	-0.4098
RANDS_p_TCGA_b109_SNP_1N_GenomeWideSNP_6_C03_772004	4	144957574	148492727	1966	0.0578
RANDS_p_TCGA_b109_SNP_1N_GenomeWideSNP_6_C03_772004	4	148500176	148501034	4	-1.0866
RANDS_p_TCGA_b109_SNP_1N_GenomeWideSNP_6_C03_772004	4	148503298	152789393	2377	0.0505
RANDS_p_TCGA_b109_SNP_1N_GenomeWideSNP_6_C03_772004	4	152789786	152792891	13	-0.8913
RANDS_p_TCGA_b109_SNP_1N_GenomeWideSNP_6_C03_772004	4	152794796	172368531	12567	0.0525
RANDS_p_TCGA_b109_SNP_1N_GenomeWideSNP_6_C03_772004	4	172369346	172377710	11	-0.7088
RANDS_p_TCGA_b109_SNP_1N_GenomeWideSNP_6_C03_772004	4	172377724	172987928	398	0.074
RANDS_p_TCGA_b109_SNP_1N_GenomeWideSNP_6_C03_772004	4	172989148	173000821	16	0.7724
RANDS_p_TCGA_b109_SNP_1N_GenomeWideSNP_6_C03_772004	4	173001831	191027923	12115	0.0419
RANDS_p_TCGA_b109_SNP_1N_GenomeWideSNP_6_C03_772004	5	15532	32102731	22344	0.0351
RANDS_p_TCGA_b109_SNP_1N_GenomeWideSNP_6_C03_772004	5	32107084	32172493	44	0.6245
RANDS_p_TCGA_b109_SNP_1N_GenomeWideSNP_6_C03_772004	5	32177784	68817033	20789	-0.0165
RANDS_p_TCGA_b109_SNP_1N_GenomeWideSNP_6_C03_772004	5	68819122	68846303	7	-0.1948
RANDS_p_TCGA_b109_SNP_1N_GenomeWideSNP_6_C03_772004	5	68867294	69118135	5	-1.1374
RANDS_p_TCGA_b109_SNP_1N_GenomeWideSNP_6_C03_772004	5	69233427	71233603	386	-0.0891
RANDS_p_TCGA_b109_SNP_1N_GenomeWideSNP_6_C03_772004	5	71234484	71240748	6	-1.3773
RANDS_p_TCGA_b109_SNP_1N_GenomeWideSNP_6_C03_772004	5	71240988	74737469	2251	-0.1033
RANDS_p_TCGA_b109_SNP_1N_GenomeWideSNP_6_C03_772004	5	74741627	74742526	2	-1.2018
RANDS_p_TCGA_b109_SNP_1N_GenomeWideSNP_6_C03_772004	5	74742849	96974103	12909	-0.0862
RANDS_p_TCGA_b109_SNP_1N_GenomeWideSNP_6_C03_772004	5	96977291	97023855	26	-0.8585
RANDS_p_TCGA_b109_SNP_1N_GenomeWideSNP_6_C03_772004	5	97026732	155476772	37378	-0.0616
RANDS_p_TCGA_b109_SNP_1N_GenomeWideSNP_6_C03_772004	5	155476920	155482729	13	-0.704
RANDS_p_TCGA_b109_SNP_1N_GenomeWideSNP_6_C03_772004	5	155495250	177198449	14818	0.0461
RANDS_p_TCGA_b109_SNP_1N_GenomeWideSNP_6_C03_772004	5	177227551	177254965	4	-1.3761
RANDS_p_TCGA_b109_SNP_1N_GenomeWideSNP_6_C03_772004	5	177259415	179103726	1080	0.1363
RANDS_p_TCGA_b109_SNP_1N_GenomeWideSNP_6_C03_772004	5	179104050	179108197	13	-0.7014
RANDS_p_TCGA_b109_SNP_1N_GenomeWideSNP_6_C03_772004	5	179108248	180374523	716	0.1396
RANDS_p_TCGA_b109_SNP_1N_GenomeWideSNP_6_C03_772004	5	180378710	180418103	19	-1.9
RANDS_p_TCGA_b109_SNP_1N_GenomeWideSNP_6_C03_772004	5	180433225	180790320	171	0.0588
RANDS_p_TCGA_b109_SNP_1N_GenomeWideSNP_6_C03_772004	6	149661	267693	109	-0.0241
RANDS_p_TCGA_b109_SNP_1N_GenomeWideSNP_6_C03_772004	6	271773	380821	92	0.6211
RANDS_p_TCGA_b109_SNP_1N_GenomeWideSNP_6_C03_772004	6	381149	29837072	21517	0.036
RANDS_p_TCGA_b109_SNP_1N_GenomeWideSNP_6_C03_772004	6	29837187	29849267	16	-1.1592
RANDS_p_TCGA_b109_SNP_1N_GenomeWideSNP_6_C03_772004	6	29850196	31280823	672	0.0257
RANDS_p_TCGA_b109_SNP_1N_GenomeWideSNP_6_C03_772004	6	31286276	31309924	12	1.0851
RANDS_p_TCGA_b109_SNP_1N_GenomeWideSNP_6_C03_772004	6	31317347	31465795	158	0.026
RANDS_p_TCGA_b109_SNP_1N_GenomeWideSNP_6_C03_772004	6	31474688	31481113	3	-2.2687
RANDS_p_TCGA_b109_SNP_1N_GenomeWideSNP_6_C03_772004	6	31481299	67008262	19606	0.0419
RANDS_p_TCGA_b109_SNP_1N_GenomeWideSNP_6_C03_772004	6	67008286	67049406	56	-0.5828
RANDS_p_TCGA_b109_SNP_1N_GenomeWideSNP_6_C03_772004	6	67049599	74591858	5001	0.0537
RANDS_p_TCGA_b109_SNP_1N_GenomeWideSNP_6_C03_772004	6	74592225	74597341	9	0.9313
RANDS_p_TCGA_b109_SNP_1N_GenomeWideSNP_6_C03_772004	6	74601410	77436532	1769	0.043
RANDS_p_TCGA_b109_SNP_1N_GenomeWideSNP_6_C03_772004	6	77439868	77442636	9	0.9701
RANDS_p_TCGA_b109_SNP_1N_GenomeWideSNP_6_C03_772004	6	77443219	78972088	1000	0.0683
RANDS_p_TCGA_b109_SNP_1N_GenomeWideSNP_6_C03_772004	6	78972144	79027770	99	0.3165
RANDS_p_TCGA_b109_SNP_1N_GenomeWideSNP_6_C03_772004	6	79032317	171051005	59738	0.0466
RANDS_p_TCGA_b109_SNP_1N_GenomeWideSNP_6_C03_772004	7	43355	1091644	270	-0.0279
RANDS_p_TCGA_b109_SNP_1N_GenomeWideSNP_6_C03_772004	7	1103268	1143127	24	-0.4663
RANDS_p_TCGA_b109_SNP_1N_GenomeWideSNP_6_C03_772004	7	1144446	37498874	26505	0.0456
RANDS_p_TCGA_b109_SNP_1N_GenomeWideSNP_6_C03_772004	7	37501026	37708712	163	-1.0055
RANDS_p_TCGA_b109_SNP_1N_GenomeWideSNP_6_C03_772004	7	37709936	142474939	60841	0.0355
RANDS_p_TCGA_b109_SNP_1N_GenomeWideSNP_6_C03_772004	7	142476719	142486045	27	0.7775
RANDS_p_TCGA_b109_SNP_1N_GenomeWideSNP_6_C03_772004	7	142486115	143709636	690	0.0228
RANDS_p_TCGA_b109_SNP_1N_GenomeWideSNP_6_C03_772004	7	143709684	143711151	9	-0.8144
RANDS_p_TCGA_b109_SNP_1N_GenomeWideSNP_6_C03_772004	7	143711169	143873952	138	-0.0038
RANDS_p_TCGA_b109_SNP_1N_GenomeWideSNP_6_C03_772004	7	143896252	143909445	5	-1.8143
RANDS_p_TCGA_b109_SNP_1N_GenomeWideSNP_6_C03_772004	7	143911624	154389895	6478	0.035
RANDS_p_TCGA_b109_SNP_1N_GenomeWideSNP_6_C03_772004	7	154393171	154399613	4	-1.9654
RANDS_p_TCGA_b109_SNP_1N_GenomeWideSNP_6_C03_772004	7	154400830	159127004	3233	0.0057
RANDS_p_TCGA_b109_SNP_1N_GenomeWideSNP_6_C03_772004	8	31254	595875	334	-0.1719
RANDS_p_TCGA_b109_SNP_1N_GenomeWideSNP_6_C03_772004	8	595892	595908	2	3.1776
RANDS_p_TCGA_b109_SNP_1N_GenomeWideSNP_6_C03_772004	8	601043	7238019	7489	-0.1078
RANDS_p_TCGA_b109_SNP_1N_GenomeWideSNP_6_C03_772004	8	7250380	7744064	112	0.6802
RANDS_p_TCGA_b109_SNP_1N_GenomeWideSNP_6_C03_772004	8	7745979	7747699	4	-0.5776
RANDS_p_TCGA_b109_SNP_1N_GenomeWideSNP_6_C03_772004	8	7752048	7799390	33	0.729
RANDS_p_TCGA_b109_SNP_1N_GenomeWideSNP_6_C03_772004	8	7809891	7978187	47	-0.3986
RANDS_p_TCGA_b109_SNP_1N_GenomeWideSNP_6_C03_772004	8	7989963	8283667	203	-0.0552
RANDS_p_TCGA_b109_SNP_1N_GenomeWideSNP_6_C03_772004	8	8287045	8290830	4	-1.4896
RANDS_p_TCGA_b109_SNP_1N_GenomeWideSNP_6_C03_772004	8	8291212	11949551	3032	-0.1284
RANDS_p_TCGA_b109_SNP_1N_GenomeWideSNP_6_C03_772004	8	11987726	12443055	119	0.3877
RANDS_p_TCGA_b109_SNP_1N_GenomeWideSNP_6_C03_772004	8	12473543	14509568	1956	-0.0807
RANDS_p_TCGA_b109_SNP_1N_GenomeWideSNP_6_C03_772004	8	14510032	14510074	3	-1.8301
RANDS_p_TCGA_b109_SNP_1N_GenomeWideSNP_6_C03_772004	8	14510396	36934604	16284	-0.1013
RANDS_p_TCGA_b109_SNP_1N_GenomeWideSNP_6_C03_772004	8	36938317	38087324	591	0.7333
RANDS_p_TCGA_b109_SNP_1N_GenomeWideSNP_6_C03_772004	8	38094483	38106535	22	0.363
RANDS_p_TCGA_b109_SNP_1N_GenomeWideSNP_6_C03_772004	8	38106549	38288463	91	0.6705
RANDS_p_TCGA_b109_SNP_1N_GenomeWideSNP_6_C03_772004	8	38290359	38290509	3	-1.0944
RANDS_p_TCGA_b109_SNP_1N_GenomeWideSNP_6_C03_772004	8	38291087	39230325	508	0.5677
RANDS_p_TCGA_b109_SNP_1N_GenomeWideSNP_6_C03_772004	8	39230659	39384969	58	-0.1318
RANDS_p_TCGA_b109_SNP_1N_GenomeWideSNP_6_C03_772004	8	39385194	41157239	1311	0.4451
RANDS_p_TCGA_b109_SNP_1N_GenomeWideSNP_6_C03_772004	8	41158004	112294466	40714	0.0384
RANDS_p_TCGA_b109_SNP_1N_GenomeWideSNP_6_C03_772004	8	112294646	112295260	7	1.1631
RANDS_p_TCGA_b109_SNP_1N_GenomeWideSNP_6_C03_772004	8	112300281	146298155	22900	-0.0058
RANDS_p_TCGA_b109_SNP_1N_GenomeWideSNP_6_C03_772004	9	46587	79766774	38351	-0.066
RANDS_p_TCGA_b109_SNP_1N_GenomeWideSNP_6_C03_772004	9	79768310	79777121	31	0.6058
RANDS_p_TCGA_b109_SNP_1N_GenomeWideSNP_6_C03_772004	9	79777404	138218732	40307	0.0401
RANDS_p_TCGA_b109_SNP_1N_GenomeWideSNP_6_C03_772004	9	138218747	138226768	18	-0.5491
RANDS_p_TCGA_b109_SNP_1N_GenomeWideSNP_6_C03_772004	9	138226865	141071527	1084	0.0084
RANDS_p_TCGA_b109_SNP_1N_GenomeWideSNP_6_C03_772004	9	141071940	141091394	6	0.7378
RANDS_p_TCGA_b109_SNP_1N_GenomeWideSNP_6_C03_772004	10	72759	8199115	7023	0.0338
RANDS_p_TCGA_b109_SNP_1N_GenomeWideSNP_6_C03_772004	10	8201728	8220731	18	-1.1264
RANDS_p_TCGA_b109_SNP_1N_GenomeWideSNP_6_C03_772004	10	8222036	17894976	7824	0.033
RANDS_p_TCGA_b109_SNP_1N_GenomeWideSNP_6_C03_772004	10	17927554	17971816	4	1.2638
RANDS_p_TCGA_b109_SNP_1N_GenomeWideSNP_6_C03_772004	10	18029825	18173963	12	0.0772
RANDS_p_TCGA_b109_SNP_1N_GenomeWideSNP_6_C03_772004	10	18185123	18199813	3	-2.1146
RANDS_p_TCGA_b109_SNP_1N_GenomeWideSNP_6_C03_772004	10	18223647	19605565	1110	0.0228
RANDS_p_TCGA_b109_SNP_1N_GenomeWideSNP_6_C03_772004	10	19605583	19607943	2	-1.5972
RANDS_p_TCGA_b109_SNP_1N_GenomeWideSNP_6_C03_772004	10	19608171	20840874	1023	0.0453
RANDS_p_TCGA_b109_SNP_1N_GenomeWideSNP_6_C03_772004	10	20850112	20853503	5	-1.0226
RANDS_p_TCGA_b109_SNP_1N_GenomeWideSNP_6_C03_772004	10	20853534	24377674	2197	0.0282
RANDS_p_TCGA_b109_SNP_1N_GenomeWideSNP_6_C03_772004	10	24377675	24377921	9	0.7006
RANDS_p_TCGA_b109_SNP_1N_GenomeWideSNP_6_C03_772004	10	24378054	46527677	12305	0.0053
RANDS_p_TCGA_b109_SNP_1N_GenomeWideSNP_6_C03_772004	10	46543857	46954524	17	-0.7689
RANDS_p_TCGA_b109_SNP_1N_GenomeWideSNP_6_C03_772004	10	46954534	54542011	4101	-0.1103
RANDS_p_TCGA_b109_SNP_1N_GenomeWideSNP_6_C03_772004	10	54542777	54544685	4	-1.4402
RANDS_p_TCGA_b109_SNP_1N_GenomeWideSNP_6_C03_772004	10	54545049	57487384	2207	-0.0659
RANDS_p_TCGA_b109_SNP_1N_GenomeWideSNP_6_C03_772004	10	57487811	58366170	568	0.2046
RANDS_p_TCGA_b109_SNP_1N_GenomeWideSNP_6_C03_772004	10	58367629	58690719	275	-0.1143
RANDS_p_TCGA_b109_SNP_1N_GenomeWideSNP_6_C03_772004	10	58695250	61158044	1801	0.1719
RANDS_p_TCGA_b109_SNP_1N_GenomeWideSNP_6_C03_772004	10	61162709	65911294	3230	-0.0928
RANDS_p_TCGA_b109_SNP_1N_GenomeWideSNP_6_C03_772004	10	65911853	66432802	316	0.179
RANDS_p_TCGA_b109_SNP_1N_GenomeWideSNP_6_C03_772004	10	66432853	80689109	9427	-0.0931
RANDS_p_TCGA_b109_SNP_1N_GenomeWideSNP_6_C03_772004	10	80693216	80697019	8	-0.9226
RANDS_p_TCGA_b109_SNP_1N_GenomeWideSNP_6_C03_772004	10	80697075	81248316	438	-0.1007
RANDS_p_TCGA_b109_SNP_1N_GenomeWideSNP_6_C03_772004	10	81248584	81497471	23	-0.714
RANDS_p_TCGA_b109_SNP_1N_GenomeWideSNP_6_C03_772004	10	81514175	128084564	31739	-0.1005
RANDS_p_TCGA_b109_SNP_1N_GenomeWideSNP_6_C03_772004	10	128084938	133141257	4034	0.159
RANDS_p_TCGA_b109_SNP_1N_GenomeWideSNP_6_C03_772004	10	133143956	135506704	1201	-0.1533
RANDS_p_TCGA_b109_SNP_1N_GenomeWideSNP_6_C03_772004	11	198510	5787405	3298	-0.1118
RANDS_p_TCGA_b109_SNP_1N_GenomeWideSNP_6_C03_772004	11	5788080	5808340	29	-0.8523
RANDS_p_TCGA_b109_SNP_1N_GenomeWideSNP_6_C03_772004	11	5808376	6944529	851	-0.0951
RANDS_p_TCGA_b109_SNP_1N_GenomeWideSNP_6_C03_772004	11	6945451	6948775	5	-1.1458
RANDS_p_TCGA_b109_SNP_1N_GenomeWideSNP_6_C03_772004	11	6954728	18329932	8170	-0.0987
RANDS_p_TCGA_b109_SNP_1N_GenomeWideSNP_6_C03_772004	11	18330491	18940093	371	0.2613
RANDS_p_TCGA_b109_SNP_1N_GenomeWideSNP_6_C03_772004	11	18940322	18970748	65	-0.049
RANDS_p_TCGA_b109_SNP_1N_GenomeWideSNP_6_C03_772004	11	18971175	20108492	1077	0.3617
RANDS_p_TCGA_b109_SNP_1N_GenomeWideSNP_6_C03_772004	11	20109479	20315506	157	0.6395
RANDS_p_TCGA_b109_SNP_1N_GenomeWideSNP_6_C03_772004	11	20316193	21205677	822	0.2694
RANDS_p_TCGA_b109_SNP_1N_GenomeWideSNP_6_C03_772004	11	21205958	21207543	3	-0.7721
RANDS_p_TCGA_b109_SNP_1N_GenomeWideSNP_6_C03_772004	11	21207667	23743235	1887	0.3039
RANDS_p_TCGA_b109_SNP_1N_GenomeWideSNP_6_C03_772004	11	23743998	55009475	17661	-0.09
RANDS_p_TCGA_b109_SNP_1N_GenomeWideSNP_6_C03_772004	11	55011144	55030447	5	0.8115
RANDS_p_TCGA_b109_SNP_1N_GenomeWideSNP_6_C03_772004	11	55032020	55159724	57	-0.0453
RANDS_p_TCGA_b109_SNP_1N_GenomeWideSNP_6_C03_772004	11	55159992	55195255	23	0.6807
RANDS_p_TCGA_b109_SNP_1N_GenomeWideSNP_6_C03_772004	11	55195289	55376236	122	0.0788
RANDS_p_TCGA_b109_SNP_1N_GenomeWideSNP_6_C03_772004	11	55376261	55453576	54	-0.4108
RANDS_p_TCGA_b109_SNP_1N_GenomeWideSNP_6_C03_772004	11	55460683	134944770	52346	0.0396
RANDS_p_TCGA_b109_SNP_1N_GenomeWideSNP_6_C03_772004	12	150442	8556693	5609	0.0313
RANDS_p_TCGA_b109_SNP_1N_GenomeWideSNP_6_C03_772004	12	8558488	8596353	25	-0.4964
RANDS_p_TCGA_b109_SNP_1N_GenomeWideSNP_6_C03_772004	12	8596792	9630556	559	0.0055
RANDS_p_TCGA_b109_SNP_1N_GenomeWideSNP_6_C03_772004	12	9633870	9734970	27	-1.547
RANDS_p_TCGA_b109_SNP_1N_GenomeWideSNP_6_C03_772004	12	9735686	11220827	1042	0.0312
RANDS_p_TCGA_b109_SNP_1N_GenomeWideSNP_6_C03_772004	12	11222710	11241532	9	-1.2743
RANDS_p_TCGA_b109_SNP_1N_GenomeWideSNP_6_C03_772004	12	11251874	13492243	1710	0.0405
RANDS_p_TCGA_b109_SNP_1N_GenomeWideSNP_6_C03_772004	12	13492537	13492704	2	-1.805
RANDS_p_TCGA_b109_SNP_1N_GenomeWideSNP_6_C03_772004	12	13493060	33294511	13858	0.0457
RANDS_p_TCGA_b109_SNP_1N_GenomeWideSNP_6_C03_772004	12	33294545	33307374	32	-0.3795
RANDS_p_TCGA_b109_SNP_1N_GenomeWideSNP_6_C03_772004	12	33308360	90483350	32879	0.044
RANDS_p_TCGA_b109_SNP_1N_GenomeWideSNP_6_C03_772004	12	90491669	90492074	7	-1.5495
RANDS_p_TCGA_b109_SNP_1N_GenomeWideSNP_6_C03_772004	12	90493557	96250933	3973	0.0474
RANDS_p_TCGA_b109_SNP_1N_GenomeWideSNP_6_C03_772004	12	96252833	96254584	3	-1.1778
RANDS_p_TCGA_b109_SNP_1N_GenomeWideSNP_6_C03_772004	12	96254880	99791652	2471	0.0364
RANDS_p_TCGA_b109_SNP_1N_GenomeWideSNP_6_C03_772004	12	99791771	99798734	34	-0.4897
RANDS_p_TCGA_b109_SNP_1N_GenomeWideSNP_6_C03_772004	12	99803093	133224273	22459	0.0276
RANDS_p_TCGA_b109_SNP_1N_GenomeWideSNP_6_C03_772004	12	133225292	133226196	2	-2.4096
RANDS_p_TCGA_b109_SNP_1N_GenomeWideSNP_6_C03_772004	12	133226831	133778189	251	-0.0028
RANDS_p_TCGA_b109_SNP_1N_GenomeWideSNP_6_C03_772004	13	19026949	25035607	4043	-0.1128
RANDS_p_TCGA_b109_SNP_1N_GenomeWideSNP_6_C03_772004	13	25039590	25039598	3	-1.5727
RANDS_p_TCGA_b109_SNP_1N_GenomeWideSNP_6_C03_772004	13	25039678	73303459	31717	-0.0871
RANDS_p_TCGA_b109_SNP_1N_GenomeWideSNP_6_C03_772004	13	73307527	73308030	2	-2.7163
RANDS_p_TCGA_b109_SNP_1N_GenomeWideSNP_6_C03_772004	13	73308901	105883929	21935	-0.0891
RANDS_p_TCGA_b109_SNP_1N_GenomeWideSNP_6_C03_772004	13	105884103	105889229	3	-1.6968
RANDS_p_TCGA_b109_SNP_1N_GenomeWideSNP_6_C03_772004	13	105889334	115108397	6503	-0.1074
RANDS_p_TCGA_b109_SNP_1N_GenomeWideSNP_6_C03_772004	14	19002124	20423372	190	-0.2547
RANDS_p_TCGA_b109_SNP_1N_GenomeWideSNP_6_C03_772004	14	20424926	21349608	715	0.0162
RANDS_p_TCGA_b109_SNP_1N_GenomeWideSNP_6_C03_772004	14	21353099	21363375	6	-0.3649
RANDS_p_TCGA_b109_SNP_1N_GenomeWideSNP_6_C03_772004	14	21364220	70018047	30751	-0.0296
RANDS_p_TCGA_b109_SNP_1N_GenomeWideSNP_6_C03_772004	14	70018368	70028547	12	-0.8527
RANDS_p_TCGA_b109_SNP_1N_GenomeWideSNP_6_C03_772004	14	70032826	107166966	23738	-0.058
RANDS_p_TCGA_b109_SNP_1N_GenomeWideSNP_6_C03_772004	14	107167587	107179847	12	-1.1354
RANDS_p_TCGA_b109_SNP_1N_GenomeWideSNP_6_C03_772004	14	107184184	107285437	69	-0.2482
RANDS_p_TCGA_b109_SNP_1N_GenomeWideSNP_6_C03_772004	15	20016328	24675133	1427	-0.1528
RANDS_p_TCGA_b109_SNP_1N_GenomeWideSNP_6_C03_772004	15	24680392	24718596	37	-0.7139
RANDS_p_TCGA_b109_SNP_1N_GenomeWideSNP_6_C03_772004	15	24725293	31289449	3902	-0.115
RANDS_p_TCGA_b109_SNP_1N_GenomeWideSNP_6_C03_772004	15	31290381	31290447	2	-1.8904
RANDS_p_TCGA_b109_SNP_1N_GenomeWideSNP_6_C03_772004	15	31294654	57643653	16586	-0.0969
RANDS_p_TCGA_b109_SNP_1N_GenomeWideSNP_6_C03_772004	15	57644267	58709596	960	0.1671
RANDS_p_TCGA_b109_SNP_1N_GenomeWideSNP_6_C03_772004	15	58709763	58730276	26	0.5141
RANDS_p_TCGA_b109_SNP_1N_GenomeWideSNP_6_C03_772004	15	58730571	65814102	4821	0.1642
RANDS_p_TCGA_b109_SNP_1N_GenomeWideSNP_6_C03_772004	15	65816942	65818387	3	-1.1171
RANDS_p_TCGA_b109_SNP_1N_GenomeWideSNP_6_C03_772004	15	65822534	76878362	6541	0.1611
RANDS_p_TCGA_b109_SNP_1N_GenomeWideSNP_6_C03_772004	15	76891241	76895775	22	-1.8527
RANDS_p_TCGA_b109_SNP_1N_GenomeWideSNP_6_C03_772004	15	76902179	77657744	328	0.1548
RANDS_p_TCGA_b109_SNP_1N_GenomeWideSNP_6_C03_772004	15	77658992	77660345	2	-1.5005
RANDS_p_TCGA_b109_SNP_1N_GenomeWideSNP_6_C03_772004	15	77664366	82387862	3204	0.1628
RANDS_p_TCGA_b109_SNP_1N_GenomeWideSNP_6_C03_772004	15	82387875	82387951	3	-1.1667
RANDS_p_TCGA_b109_SNP_1N_GenomeWideSNP_6_C03_772004	15	82391248	86050890	1638	0.1511
RANDS_p_TCGA_b109_SNP_1N_GenomeWideSNP_6_C03_772004	15	86052829	86093926	32	0.5206
RANDS_p_TCGA_b109_SNP_1N_GenomeWideSNP_6_C03_772004	15	86094247	102420602	12455	0.2336
RANDS_p_TCGA_b109_SNP_1N_GenomeWideSNP_6_C03_772004	15	102420807	102469040	11	-0.1374
RANDS_p_TCGA_b109_SNP_1N_GenomeWideSNP_6_C03_772004	16	60777	831121	314	-0.0618
RANDS_p_TCGA_b109_SNP_1N_GenomeWideSNP_6_C03_772004	16	831464	840378	3	-1.4881
RANDS_p_TCGA_b109_SNP_1N_GenomeWideSNP_6_C03_772004	16	854689	5607890	2302	0.0181
RANDS_p_TCGA_b109_SNP_1N_GenomeWideSNP_6_C03_772004	16	5608089	5608151	2	-1.885
RANDS_p_TCGA_b109_SNP_1N_GenomeWideSNP_6_C03_772004	16	5608337	22424168	12200	0.0226
RANDS_p_TCGA_b109_SNP_1N_GenomeWideSNP_6_C03_772004	16	22428362	22717588	80	-0.3279
RANDS_p_TCGA_b109_SNP_1N_GenomeWideSNP_6_C03_772004	16	22718304	32180786	5168	0.0138
RANDS_p_TCGA_b109_SNP_1N_GenomeWideSNP_6_C03_772004	16	32180804	32655523	94	0.2963
RANDS_p_TCGA_b109_SNP_1N_GenomeWideSNP_6_C03_772004	16	32743289	33367935	60	-0.0587
RANDS_p_TCGA_b109_SNP_1N_GenomeWideSNP_6_C03_772004	16	33369764	33612739	73	0.2942
RANDS_p_TCGA_b109_SNP_1N_GenomeWideSNP_6_C03_772004	16	33612905	70139542	15763	0.0311
RANDS_p_TCGA_b109_SNP_1N_GenomeWideSNP_6_C03_772004	16	70151527	70198356	15	-0.7271
RANDS_p_TCGA_b109_SNP_1N_GenomeWideSNP_6_C03_772004	16	70198396	74397987	2423	0.0384
RANDS_p_TCGA_b109_SNP_1N_GenomeWideSNP_6_C03_772004	16	74398029	74452036	6	-1.1995
RANDS_p_TCGA_b109_SNP_1N_GenomeWideSNP_6_C03_772004	16	74456601	78372846	3213	0.0442
RANDS_p_TCGA_b109_SNP_1N_GenomeWideSNP_6_C03_772004	16	78373337	78376377	4	-1.3345
RANDS_p_TCGA_b109_SNP_1N_GenomeWideSNP_6_C03_772004	16	78376711	90287535	10624	0.0318
RANDS_p_TCGA_b109_SNP_1N_GenomeWideSNP_6_C03_772004	17	526	200559	116	-0.166
RANDS_p_TCGA_b109_SNP_1N_GenomeWideSNP_6_C03_772004	17	201460	257706	22	-0.6672
RANDS_p_TCGA_b109_SNP_1N_GenomeWideSNP_6_C03_772004	17	260747	25398037	12912	-0.1069
RANDS_p_TCGA_b109_SNP_1N_GenomeWideSNP_6_C03_772004	17	25398528	26779053	723	0.2265
RANDS_p_TCGA_b109_SNP_1N_GenomeWideSNP_6_C03_772004	17	26781341	26782319	2	-2.4341
RANDS_p_TCGA_b109_SNP_1N_GenomeWideSNP_6_C03_772004	17	26789271	33551297	4063	0.0466
RANDS_p_TCGA_b109_SNP_1N_GenomeWideSNP_6_C03_772004	17	33558275	34061001	282	0.3338
RANDS_p_TCGA_b109_SNP_1N_GenomeWideSNP_6_C03_772004	17	34066557	34832620	295	0.6271
RANDS_p_TCGA_b109_SNP_1N_GenomeWideSNP_6_C03_772004	17	34835997	34857132	33	-0.2159
RANDS_p_TCGA_b109_SNP_1N_GenomeWideSNP_6_C03_772004	17	34857158	34871721	17	-0.5117
RANDS_p_TCGA_b109_SNP_1N_GenomeWideSNP_6_C03_772004	17	34876862	36000607	727	-0.1162
RANDS_p_TCGA_b109_SNP_1N_GenomeWideSNP_6_C03_772004	17	36002961	37449389	672	0.4329
RANDS_p_TCGA_b109_SNP_1N_GenomeWideSNP_6_C03_772004	17	37449941	39380430	1052	-0.0955
RANDS_p_TCGA_b109_SNP_1N_GenomeWideSNP_6_C03_772004	17	39387560	39393769	5	-1.2428
RANDS_p_TCGA_b109_SNP_1N_GenomeWideSNP_6_C03_772004	17	39395856	39421708	12	-0.202
RANDS_p_TCGA_b109_SNP_1N_GenomeWideSNP_6_C03_772004	17	39423014	39430531	24	0.9012
RANDS_p_TCGA_b109_SNP_1N_GenomeWideSNP_6_C03_772004	17	39432724	44163098	2503	-0.1181
RANDS_p_TCGA_b109_SNP_1N_GenomeWideSNP_6_C03_772004	17	44165803	44394420	128	0.2229
RANDS_p_TCGA_b109_SNP_1N_GenomeWideSNP_6_C03_772004	17	44401067	44764994	46	-0.7181
RANDS_p_TCGA_b109_SNP_1N_GenomeWideSNP_6_C03_772004	17	44784652	47947361	1634	-0.1026
RANDS_p_TCGA_b109_SNP_1N_GenomeWideSNP_6_C03_772004	17	47947503	51005433	1971	0.3286
RANDS_p_TCGA_b109_SNP_1N_GenomeWideSNP_6_C03_772004	17	51006114	52391028	889	1.0587
RANDS_p_TCGA_b109_SNP_1N_GenomeWideSNP_6_C03_772004	17	52406927	53365839	643	0.6188
RANDS_p_TCGA_b109_SNP_1N_GenomeWideSNP_6_C03_772004	17	53366448	54158456	673	-0.0317
RANDS_p_TCGA_b109_SNP_1N_GenomeWideSNP_6_C03_772004	17	54159044	54172591	27	-0.9554
RANDS_p_TCGA_b109_SNP_1N_GenomeWideSNP_6_C03_772004	17	54172823	54295443	97	-0.1522
RANDS_p_TCGA_b109_SNP_1N_GenomeWideSNP_6_C03_772004	17	54297654	55925623	1282	0.3772
RANDS_p_TCGA_b109_SNP_1N_GenomeWideSNP_6_C03_772004	17	55926080	58079970	1020	0.7326
RANDS_p_TCGA_b109_SNP_1N_GenomeWideSNP_6_C03_772004	17	58080483	58132938	14	1.3116
RANDS_p_TCGA_b109_SNP_1N_GenomeWideSNP_6_C03_772004	17	58133589	60171223	1036	0.7568
RANDS_p_TCGA_b109_SNP_1N_GenomeWideSNP_6_C03_772004	17	60171950	62284367	1009	0.5024
RANDS_p_TCGA_b109_SNP_1N_GenomeWideSNP_6_C03_772004	17	62293122	66455338	2493	0.1702
RANDS_p_TCGA_b109_SNP_1N_GenomeWideSNP_6_C03_772004	17	66456663	66762315	212	-0.0953
RANDS_p_TCGA_b109_SNP_1N_GenomeWideSNP_6_C03_772004	17	66766395	67329892	372	0.3712
RANDS_p_TCGA_b109_SNP_1N_GenomeWideSNP_6_C03_772004	17	67330026	67843232	317	0.7252
RANDS_p_TCGA_b109_SNP_1N_GenomeWideSNP_6_C03_772004	17	67843700	68179891	259	0.3116
RANDS_p_TCGA_b109_SNP_1N_GenomeWideSNP_6_C03_772004	17	68180421	68820987	501	0.7806
RANDS_p_TCGA_b109_SNP_1N_GenomeWideSNP_6_C03_772004	17	68821689	71719373	2299	0.3292
RANDS_p_TCGA_b109_SNP_1N_GenomeWideSNP_6_C03_772004	17	71721067	72296634	419	-0.1478
RANDS_p_TCGA_b109_SNP_1N_GenomeWideSNP_6_C03_772004	17	72299217	72299361	2	-2.4649
RANDS_p_TCGA_b109_SNP_1N_GenomeWideSNP_6_C03_772004	17	72299505	77188524	2637	-0.1133
RANDS_p_TCGA_b109_SNP_1N_GenomeWideSNP_6_C03_772004	17	77190736	77489413	243	0.1567
RANDS_p_TCGA_b109_SNP_1N_GenomeWideSNP_6_C03_772004	17	77489945	81049726	1548	-0.1363
RANDS_p_TCGA_b109_SNP_1N_GenomeWideSNP_6_C03_772004	18	11543	6532077	4635	0.0319
RANDS_p_TCGA_b109_SNP_1N_GenomeWideSNP_6_C03_772004	18	6533750	6539301	2	-2.2843
RANDS_p_TCGA_b109_SNP_1N_GenomeWideSNP_6_C03_772004	18	6540097	15152212	5750	0.0299
RANDS_p_TCGA_b109_SNP_1N_GenomeWideSNP_6_C03_772004	18	15154066	15175018	6	-1.0757
RANDS_p_TCGA_b109_SNP_1N_GenomeWideSNP_6_C03_772004	18	15177772	38114902	12314	0.0459
RANDS_p_TCGA_b109_SNP_1N_GenomeWideSNP_6_C03_772004	18	38117449	38119211	3	-1.1996
RANDS_p_TCGA_b109_SNP_1N_GenomeWideSNP_6_C03_772004	18	38123271	38258705	99	0.0597
RANDS_p_TCGA_b109_SNP_1N_GenomeWideSNP_6_C03_772004	18	38258727	38265389	20	-0.3877
RANDS_p_TCGA_b109_SNP_1N_GenomeWideSNP_6_C03_772004	18	38268024	51266861	8971	0.0465
RANDS_p_TCGA_b109_SNP_1N_GenomeWideSNP_6_C03_772004	18	51267097	51267392	6	-1.0618
RANDS_p_TCGA_b109_SNP_1N_GenomeWideSNP_6_C03_772004	18	51268184	63727492	8521	0.0471
RANDS_p_TCGA_b109_SNP_1N_GenomeWideSNP_6_C03_772004	18	63727545	63728139	10	-0.5603
RANDS_p_TCGA_b109_SNP_1N_GenomeWideSNP_6_C03_772004	18	63728340	77634038	10218	0.0516
RANDS_p_TCGA_b109_SNP_1N_GenomeWideSNP_6_C03_772004	18	77634234	77634361	2	-1.9121
RANDS_p_TCGA_b109_SNP_1N_GenomeWideSNP_6_C03_772004	18	77637868	78015057	199	-0.0608
RANDS_p_TCGA_b109_SNP_1N_GenomeWideSNP_6_C03_772004	19	90910	6982336	2323	0.019
RANDS_p_TCGA_b109_SNP_1N_GenomeWideSNP_6_C03_772004	19	6982709	6987798	2	-1.8173
RANDS_p_TCGA_b109_SNP_1N_GenomeWideSNP_6_C03_772004	19	6988270	8334939	603	0.0349
RANDS_p_TCGA_b109_SNP_1N_GenomeWideSNP_6_C03_772004	19	8350197	8365042	9	-0.7476
RANDS_p_TCGA_b109_SNP_1N_GenomeWideSNP_6_C03_772004	19	8365067	21814919	6724	0.0168
RANDS_p_TCGA_b109_SNP_1N_GenomeWideSNP_6_C03_772004	19	21815640	21825764	7	-1.1538
RANDS_p_TCGA_b109_SNP_1N_GenomeWideSNP_6_C03_772004	19	21832567	56278050	17786	0.0181
RANDS_p_TCGA_b109_SNP_1N_GenomeWideSNP_6_C03_772004	19	56282070	56283067	5	1.4679
RANDS_p_TCGA_b109_SNP_1N_GenomeWideSNP_6_C03_772004	19	56286293	59097854	1848	0.0161
RANDS_p_TCGA_b109_SNP_1N_GenomeWideSNP_6_C03_772004	20	61305	61312	7	-0.1581
RANDS_p_TCGA_b109_SNP_1N_GenomeWideSNP_6_C03_772004	20	61548	469804	288	1.1786
RANDS_p_TCGA_b109_SNP_1N_GenomeWideSNP_6_C03_772004	20	474643	2172863	1464	0.3351
RANDS_p_TCGA_b109_SNP_1N_GenomeWideSNP_6_C03_772004	20	2176734	4731377	1795	0.6167
RANDS_p_TCGA_b109_SNP_1N_GenomeWideSNP_6_C03_772004	20	4731624	5117108	276	1.069
RANDS_p_TCGA_b109_SNP_1N_GenomeWideSNP_6_C03_772004	20	5118743	6213258	779	0.1628
RANDS_p_TCGA_b109_SNP_1N_GenomeWideSNP_6_C03_772004	20	6214649	8356076	1682	0.5188
RANDS_p_TCGA_b109_SNP_1N_GenomeWideSNP_6_C03_772004	20	8359230	8648450	234	0.1373
RANDS_p_TCGA_b109_SNP_1N_GenomeWideSNP_6_C03_772004	20	8649582	8776018	118	0.6999
RANDS_p_TCGA_b109_SNP_1N_GenomeWideSNP_6_C03_772004	20	8776110	8838376	81	0.3893
RANDS_p_TCGA_b109_SNP_1N_GenomeWideSNP_6_C03_772004	20	8838435	11889245	2426	0.175
RANDS_p_TCGA_b109_SNP_1N_GenomeWideSNP_6_C03_772004	20	11895376	11933759	33	0.7112
RANDS_p_TCGA_b109_SNP_1N_GenomeWideSNP_6_C03_772004	20	11937628	12147346	139	0.3423
RANDS_p_TCGA_b109_SNP_1N_GenomeWideSNP_6_C03_772004	20	12147751	12205941	36	0.7819
RANDS_p_TCGA_b109_SNP_1N_GenomeWideSNP_6_C03_772004	20	12206091	13095940	796	0.3484
RANDS_p_TCGA_b109_SNP_1N_GenomeWideSNP_6_C03_772004	20	13096084	13776535	449	0.7033
RANDS_p_TCGA_b109_SNP_1N_GenomeWideSNP_6_C03_772004	20	13778412	14147687	176	0.9532
RANDS_p_TCGA_b109_SNP_1N_GenomeWideSNP_6_C03_772004	20	14148516	14260511	61	0.6113
RANDS_p_TCGA_b109_SNP_1N_GenomeWideSNP_6_C03_772004	20	14261480	14366870	62	1.2143
RANDS_p_TCGA_b109_SNP_1N_GenomeWideSNP_6_C03_772004	20	14371764	14677100	190	0.9086
RANDS_p_TCGA_b109_SNP_1N_GenomeWideSNP_6_C03_772004	20	14681522	14995737	291	0.3555
RANDS_p_TCGA_b109_SNP_1N_GenomeWideSNP_6_C03_772004	20	14996773	15193074	179	0.9772
RANDS_p_TCGA_b109_SNP_1N_GenomeWideSNP_6_C03_772004	20	15197890	15300993	80	0.4528
RANDS_p_TCGA_b109_SNP_1N_GenomeWideSNP_6_C03_772004	20	15301374	15302374	4	-0.35
RANDS_p_TCGA_b109_SNP_1N_GenomeWideSNP_6_C03_772004	20	15305258	15311769	6	1.1901
RANDS_p_TCGA_b109_SNP_1N_GenomeWideSNP_6_C03_772004	20	15311782	15450745	135	0.8366
RANDS_p_TCGA_b109_SNP_1N_GenomeWideSNP_6_C03_772004	20	15451179	16536424	1063	0.4143
RANDS_p_TCGA_b109_SNP_1N_GenomeWideSNP_6_C03_772004	20	16537006	16664558	154	0.9717
RANDS_p_TCGA_b109_SNP_1N_GenomeWideSNP_6_C03_772004	20	16665021	16666053	5	0.265
RANDS_p_TCGA_b109_SNP_1N_GenomeWideSNP_6_C03_772004	20	16666133	16803842	120	0.776
RANDS_p_TCGA_b109_SNP_1N_GenomeWideSNP_6_C03_772004	20	16804229	16827330	23	1.2741
RANDS_p_TCGA_b109_SNP_1N_GenomeWideSNP_6_C03_772004	20	16827552	16902364	64	0.8963
RANDS_p_TCGA_b109_SNP_1N_GenomeWideSNP_6_C03_772004	20	16902928	17226729	280	1.2421
RANDS_p_TCGA_b109_SNP_1N_GenomeWideSNP_6_C03_772004	20	17227654	17478018	257	0.9286
RANDS_p_TCGA_b109_SNP_1N_GenomeWideSNP_6_C03_772004	20	17478558	17624085	94	0.6992
RANDS_p_TCGA_b109_SNP_1N_GenomeWideSNP_6_C03_772004	20	17625761	17645908	16	-0.0218
RANDS_p_TCGA_b109_SNP_1N_GenomeWideSNP_6_C03_772004	20	17646761	17696947	34	0.7749
RANDS_p_TCGA_b109_SNP_1N_GenomeWideSNP_6_C03_772004	20	17700622	18043927	277	-0.004
RANDS_p_TCGA_b109_SNP_1N_GenomeWideSNP_6_C03_772004	20	18050076	18063552	7	0.8621
RANDS_p_TCGA_b109_SNP_1N_GenomeWideSNP_6_C03_772004	20	18064120	19136965	805	0.5026
RANDS_p_TCGA_b109_SNP_1N_GenomeWideSNP_6_C03_772004	20	19140741	19157965	10	0.0718
RANDS_p_TCGA_b109_SNP_1N_GenomeWideSNP_6_C03_772004	20	19158011	19220328	32	0.725
RANDS_p_TCGA_b109_SNP_1N_GenomeWideSNP_6_C03_772004	20	19220606	21988871	2059	1.1501
RANDS_p_TCGA_b109_SNP_1N_GenomeWideSNP_6_C03_772004	20	21989610	22107161	68	0.547
RANDS_p_TCGA_b109_SNP_1N_GenomeWideSNP_6_C03_772004	20	22110051	22110559	2	1.1737
RANDS_p_TCGA_b109_SNP_1N_GenomeWideSNP_6_C03_772004	20	22115729	22169522	38	1.5251
RANDS_p_TCGA_b109_SNP_1N_GenomeWideSNP_6_C03_772004	20	22171838	22183701	3	0.3428
RANDS_p_TCGA_b109_SNP_1N_GenomeWideSNP_6_C03_772004	20	22186593	22571105	336	1.495
RANDS_p_TCGA_b109_SNP_1N_GenomeWideSNP_6_C03_772004	20	22574679	23120058	475	1.1602
RANDS_p_TCGA_b109_SNP_1N_GenomeWideSNP_6_C03_772004	20	23121303	23123926	5	1.936
RANDS_p_TCGA_b109_SNP_1N_GenomeWideSNP_6_C03_772004	20	23125601	23148377	31	1.3993
RANDS_p_TCGA_b109_SNP_1N_GenomeWideSNP_6_C03_772004	20	23148525	23556215	336	1.068
RANDS_p_TCGA_b109_SNP_1N_GenomeWideSNP_6_C03_772004	20	23556498	23569250	17	0.4627
RANDS_p_TCGA_b109_SNP_1N_GenomeWideSNP_6_C03_772004	20	23576754	59896600	22607	-3e-04
RANDS_p_TCGA_b109_SNP_1N_GenomeWideSNP_6_C03_772004	20	59897162	59899009	3	-1.3512
RANDS_p_TCGA_b109_SNP_1N_GenomeWideSNP_6_C03_772004	20	59899505	62956153	1434	-0.0251
RANDS_p_TCGA_b109_SNP_1N_GenomeWideSNP_6_C03_772004	21	10736871	46827509	23657	0.0367
RANDS_p_TCGA_b109_SNP_1N_GenomeWideSNP_6_C03_772004	21	46827872	46839570	2	-1.5807
RANDS_p_TCGA_b109_SNP_1N_GenomeWideSNP_6_C03_772004	21	46839625	48096957	721	-0.0098
RANDS_p_TCGA_b109_SNP_1N_GenomeWideSNP_6_C03_772004	22	16052528	24330218	4601	-0.0471
RANDS_p_TCGA_b109_SNP_1N_GenomeWideSNP_6_C03_772004	22	24330269	24332933	4	-2.096
RANDS_p_TCGA_b109_SNP_1N_GenomeWideSNP_6_C03_772004	22	24337307	24396814	22	0.5826
RANDS_p_TCGA_b109_SNP_1N_GenomeWideSNP_6_C03_772004	22	24401529	26135993	1245	-0.021
RANDS_p_TCGA_b109_SNP_1N_GenomeWideSNP_6_C03_772004	22	26138017	26139093	7	-0.6321
RANDS_p_TCGA_b109_SNP_1N_GenomeWideSNP_6_C03_772004	22	26139172	27407146	1268	0.0328
RANDS_p_TCGA_b109_SNP_1N_GenomeWideSNP_6_C03_772004	22	27407690	27409465	3	-1.2439
RANDS_p_TCGA_b109_SNP_1N_GenomeWideSNP_6_C03_772004	22	27409855	29868855	1803	0.0195
RANDS_p_TCGA_b109_SNP_1N_GenomeWideSNP_6_C03_772004	22	29869190	29881801	8	-0.8602
RANDS_p_TCGA_b109_SNP_1N_GenomeWideSNP_6_C03_772004	22	29881828	36770657	5028	0.0288
RANDS_p_TCGA_b109_SNP_1N_GenomeWideSNP_6_C03_772004	22	36770874	36770918	2	-2.3454
RANDS_p_TCGA_b109_SNP_1N_GenomeWideSNP_6_C03_772004	22	36771232	37644290	615	0.0407
RANDS_p_TCGA_b109_SNP_1N_GenomeWideSNP_6_C03_772004	22	37644621	37647572	3	-1.3807
RANDS_p_TCGA_b109_SNP_1N_GenomeWideSNP_6_C03_772004	22	37647873	38517487	399	0.051
RANDS_p_TCGA_b109_SNP_1N_GenomeWideSNP_6_C03_772004	22	38520887	38528494	5	-0.818
RANDS_p_TCGA_b109_SNP_1N_GenomeWideSNP_6_C03_772004	22	38529140	42314413	2051	0.0351
RANDS_p_TCGA_b109_SNP_1N_GenomeWideSNP_6_C03_772004	22	42317111	42324169	5	-1.2671
RANDS_p_TCGA_b109_SNP_1N_GenomeWideSNP_6_C03_772004	22	42332622	42925614	327	0.0023
RANDS_p_TCGA_b109_SNP_1N_GenomeWideSNP_6_C03_772004	22	42932317	42977190	17	-0.5885
RANDS_p_TCGA_b109_SNP_1N_GenomeWideSNP_6_C03_772004	22	42980051	51234455	6079	0.008
RANDS_p_TCGA_b109_SNP_1N_GenomeWideSNP_6_C03_772004	X	168477	76349873	40135	0.0182
RANDS_p_TCGA_b109_SNP_1N_GenomeWideSNP_6_C03_772004	X	76353650	76378656	3	3.0201
RANDS_p_TCGA_b109_SNP_1N_GenomeWideSNP_6_C03_772004	X	76378658	76523952	15	0.6056
RANDS_p_TCGA_b109_SNP_1N_GenomeWideSNP_6_C03_772004	X	76545159	85916760	4959	0.0332
RANDS_p_TCGA_b109_SNP_1N_GenomeWideSNP_6_C03_772004	X	85917207	85917714	2	-1.5664
RANDS_p_TCGA_b109_SNP_1N_GenomeWideSNP_6_C03_772004	X	85918762	100318417	7771	0.0331
RANDS_p_TCGA_b109_SNP_1N_GenomeWideSNP_6_C03_772004	X	100322179	100324300	4	-1.1735
RANDS_p_TCGA_b109_SNP_1N_GenomeWideSNP_6_C03_772004	X	100326768	103253708	1469	0.0057
RANDS_p_TCGA_b109_SNP_1N_GenomeWideSNP_6_C03_772004	X	103253759	103276730	30	0.2732
RANDS_p_TCGA_b109_SNP_1N_GenomeWideSNP_6_C03_772004	X	103276868	103300134	24	0.7657
RANDS_p_TCGA_b109_SNP_1N_GenomeWideSNP_6_C03_772004	X	103300611	111711367	4437	0.0232
RANDS_p_TCGA_b109_SNP_1N_GenomeWideSNP_6_C03_772004	X	111717913	111742777	16	-0.9025
RANDS_p_TCGA_b109_SNP_1N_GenomeWideSNP_6_C03_772004	X	111751842	128319784	9779	0.0255
RANDS_p_TCGA_b109_SNP_1N_GenomeWideSNP_6_C03_772004	X	128320610	128326966	12	-0.8539
RANDS_p_TCGA_b109_SNP_1N_GenomeWideSNP_6_C03_772004	X	128328178	155182354	15897	0.0149
RANDS_p_TCGA_b109_SNP_1N_GenomeWideSNP_6_C03_772004	Y	2650438	2912181	132	-3.669
RANDS_p_TCGA_b109_SNP_1N_GenomeWideSNP_6_C03_772004	Y	2915500	6101425	739	-3.027
RANDS_p_TCGA_b109_SNP_1N_GenomeWideSNP_6_C03_772004	Y	6107901	6296423	85	-5.1869
RANDS_p_TCGA_b109_SNP_1N_GenomeWideSNP_6_C03_772004	Y	6299046	9141542	1473	-3.7261
RANDS_p_TCGA_b109_SNP_1N_GenomeWideSNP_6_C03_772004	Y	9142335	9775211	198	-4.5202
RANDS_p_TCGA_b109_SNP_1N_GenomeWideSNP_6_C03_772004	Y	9784949	17558610	1973	-3.5895
RANDS_p_TCGA_b109_SNP_1N_GenomeWideSNP_6_C03_772004	Y	17558905	18521128	507	-3.3907
RANDS_p_TCGA_b109_SNP_1N_GenomeWideSNP_6_C03_772004	Y	18527721	18546247	9	-4.3604
RANDS_p_TCGA_b109_SNP_1N_GenomeWideSNP_6_C03_772004	Y	18546542	19571480	545	-2.5796
RANDS_p_TCGA_b109_SNP_1N_GenomeWideSNP_6_C03_772004	Y	19574890	20905253	613	-3.5511
RANDS_p_TCGA_b109_SNP_1N_GenomeWideSNP_6_C03_772004	Y	20915023	20918283	2	-7.7361
RANDS_p_TCGA_b109_SNP_1N_GenomeWideSNP_6_C03_772004	Y	20919456	20970746	34	-3.8151
RANDS_p_TCGA_b109_SNP_1N_GenomeWideSNP_6_C03_772004	Y	20971498	20972173	2	-8.6439
RANDS_p_TCGA_b109_SNP_1N_GenomeWideSNP_6_C03_772004	Y	20972409	21024613	21	-3.8948
RANDS_p_TCGA_b109_SNP_1N_GenomeWideSNP_6_C03_772004	Y	21025062	22243052	502	-2.9455
RANDS_p_TCGA_b109_SNP_1N_GenomeWideSNP_6_C03_772004	Y	22262565	22312733	7	-5.0592
RANDS_p_TCGA_b109_SNP_1N_GenomeWideSNP_6_C03_772004	Y	22466083	23612660	478	-3.0026
RANDS_p_TCGA_b109_SNP_1N_GenomeWideSNP_6_C03_772004	Y	23626202	26650455	707	-3.5348
RANDS_p_TCGA_b109_SNP_1N_GenomeWideSNP_6_C03_772004	Y	26657186	26803166	24	-5.1297
RANDS_p_TCGA_b109_SNP_1N_GenomeWideSNP_6_C03_772004	Y	26804115	28277692	342	-3.6042
RANDS_p_TCGA_b109_SNP_1N_GenomeWideSNP_6_C03_772004	Y	28289727	28322019	13	-5.2999
RANDS_p_TCGA_b109_SNP_1N_GenomeWideSNP_6_C03_772004	Y	28322083	28423938	43	-3.65
RANDS_p_TCGA_b109_SNP_1N_GenomeWideSNP_6_C03_772004	Y	28438116	59018259	183	-2.8213
