Sample	Chromosome	Start	End	Num_Probes	Segment_Mean
RANDS_p_TCGA_b109_SNP_1N_GenomeWideSNP_6_B06_771992	1	61735	17056457	8780	-0.0348
RANDS_p_TCGA_b109_SNP_1N_GenomeWideSNP_6_B06_771992	1	17076467	17295212	94	-0.3011
RANDS_p_TCGA_b109_SNP_1N_GenomeWideSNP_6_B06_771992	1	17297698	25605058	5265	-0.0215
RANDS_p_TCGA_b109_SNP_1N_GenomeWideSNP_6_B06_771992	1	25611120	25611452	2	-1.9531
RANDS_p_TCGA_b109_SNP_1N_GenomeWideSNP_6_B06_771992	1	25616296	35087805	4969	-0.0076
RANDS_p_TCGA_b109_SNP_1N_GenomeWideSNP_6_B06_771992	1	35088097	35104491	26	-0.7256
RANDS_p_TCGA_b109_SNP_1N_GenomeWideSNP_6_B06_771992	1	35114268	72768916	23854	-0.0025
RANDS_p_TCGA_b109_SNP_1N_GenomeWideSNP_6_B06_771992	1	72768936	72779080	9	-1.7516
RANDS_p_TCGA_b109_SNP_1N_GenomeWideSNP_6_B06_771992	1	72779091	72811148	36	-0.7888
RANDS_p_TCGA_b109_SNP_1N_GenomeWideSNP_6_B06_771992	1	72811904	104221531	20090	0.0132
RANDS_p_TCGA_b109_SNP_1N_GenomeWideSNP_6_B06_771992	1	104221631	104225557	9	-1.0568
RANDS_p_TCGA_b109_SNP_1N_GenomeWideSNP_6_B06_771992	1	104225568	110246126	3640	0.0076
RANDS_p_TCGA_b109_SNP_1N_GenomeWideSNP_6_B06_771992	1	110246130	110246281	4	-1.1157
RANDS_p_TCGA_b109_SNP_1N_GenomeWideSNP_6_B06_771992	1	110250235	121172840	7080	0.0097
RANDS_p_TCGA_b109_SNP_1N_GenomeWideSNP_6_B06_771992	1	121172971	121355881	73	0.5579
RANDS_p_TCGA_b109_SNP_1N_GenomeWideSNP_6_B06_771992	1	121436219	152555706	2855	-0.0105
RANDS_p_TCGA_b109_SNP_1N_GenomeWideSNP_6_B06_771992	1	152555767	152586540	32	-0.6711
RANDS_p_TCGA_b109_SNP_1N_GenomeWideSNP_6_B06_771992	1	152586576	249224388	65749	0.0201
RANDS_p_TCGA_b109_SNP_1N_GenomeWideSNP_6_B06_771992	2	12784	34691069	24084	0.0265
RANDS_p_TCGA_b109_SNP_1N_GenomeWideSNP_6_B06_771992	2	34699315	34737556	48	0.623
RANDS_p_TCGA_b109_SNP_1N_GenomeWideSNP_6_B06_771992	2	34738032	36335596	1153	0.0694
RANDS_p_TCGA_b109_SNP_1N_GenomeWideSNP_6_B06_771992	2	36335597	36335606	6	1.0055
RANDS_p_TCGA_b109_SNP_1N_GenomeWideSNP_6_B06_771992	2	36336619	52754468	11863	0.0369
RANDS_p_TCGA_b109_SNP_1N_GenomeWideSNP_6_B06_771992	2	52754480	52781542	39	-2.2728
RANDS_p_TCGA_b109_SNP_1N_GenomeWideSNP_6_B06_771992	2	52787949	85475130	21063	0.0287
RANDS_p_TCGA_b109_SNP_1N_GenomeWideSNP_6_B06_771992	2	85475703	85480533	2	-1.4401
RANDS_p_TCGA_b109_SNP_1N_GenomeWideSNP_6_B06_771992	2	85480715	87374951	958	0.0088
RANDS_p_TCGA_b109_SNP_1N_GenomeWideSNP_6_B06_771992	2	87376621	87413960	12	-0.5947
RANDS_p_TCGA_b109_SNP_1N_GenomeWideSNP_6_B06_771992	2	87413992	87513287	81	-0.0571
RANDS_p_TCGA_b109_SNP_1N_GenomeWideSNP_6_B06_771992	2	87514379	87514390	2	-1.9049
RANDS_p_TCGA_b109_SNP_1N_GenomeWideSNP_6_B06_771992	2	87520356	91622015	922	0.0213
RANDS_p_TCGA_b109_SNP_1N_GenomeWideSNP_6_B06_771992	2	91627440	92155932	106	-0.2245
RANDS_p_TCGA_b109_SNP_1N_GenomeWideSNP_6_B06_771992	2	92160221	97059865	562	0.0282
RANDS_p_TCGA_b109_SNP_1N_GenomeWideSNP_6_B06_771992	2	97063098	97069879	7	-0.6898
RANDS_p_TCGA_b109_SNP_1N_GenomeWideSNP_6_B06_771992	2	97071973	97805671	295	-0.0206
RANDS_p_TCGA_b109_SNP_1N_GenomeWideSNP_6_B06_771992	2	97806832	97816435	2	1.106
RANDS_p_TCGA_b109_SNP_1N_GenomeWideSNP_6_B06_771992	2	97821837	98118212	60	-0.0078
RANDS_p_TCGA_b109_SNP_1N_GenomeWideSNP_6_B06_771992	2	98140747	98162189	9	-0.8704
RANDS_p_TCGA_b109_SNP_1N_GenomeWideSNP_6_B06_771992	2	98166878	106874722	5571	0.021
RANDS_p_TCGA_b109_SNP_1N_GenomeWideSNP_6_B06_771992	2	106880095	106887408	14	-2.022
RANDS_p_TCGA_b109_SNP_1N_GenomeWideSNP_6_B06_771992	2	106887870	145728689	23243	0.0235
RANDS_p_TCGA_b109_SNP_1N_GenomeWideSNP_6_B06_771992	2	145730787	145731012	3	-2.0955
RANDS_p_TCGA_b109_SNP_1N_GenomeWideSNP_6_B06_771992	2	145738535	146862085	670	0.0373
RANDS_p_TCGA_b109_SNP_1N_GenomeWideSNP_6_B06_771992	2	146864404	146866934	24	-1.3645
RANDS_p_TCGA_b109_SNP_1N_GenomeWideSNP_6_B06_771992	2	146877806	215711631	41697	0.0436
RANDS_p_TCGA_b109_SNP_1N_GenomeWideSNP_6_B06_771992	2	215715707	215716169	2	-1.8874
RANDS_p_TCGA_b109_SNP_1N_GenomeWideSNP_6_B06_771992	2	215716232	243089456	17443	0.03
RANDS_p_TCGA_b109_SNP_1N_GenomeWideSNP_6_B06_771992	3	60345	11412604	9576	0.0541
RANDS_p_TCGA_b109_SNP_1N_GenomeWideSNP_6_B06_771992	3	11412823	11413400	3	-1.4163
RANDS_p_TCGA_b109_SNP_1N_GenomeWideSNP_6_B06_771992	3	11417265	75568549	43179	0.0327
RANDS_p_TCGA_b109_SNP_1N_GenomeWideSNP_6_B06_771992	3	75572549	75586805	6	-1.9904
RANDS_p_TCGA_b109_SNP_1N_GenomeWideSNP_6_B06_771992	3	75595181	107033464	15824	0.0329
RANDS_p_TCGA_b109_SNP_1N_GenomeWideSNP_6_B06_771992	3	107035798	107036184	2	-1.728
RANDS_p_TCGA_b109_SNP_1N_GenomeWideSNP_6_B06_771992	3	107039461	162536823	34308	0.0415
RANDS_p_TCGA_b109_SNP_1N_GenomeWideSNP_6_B06_771992	3	162540009	162540490	3	2.1028
RANDS_p_TCGA_b109_SNP_1N_GenomeWideSNP_6_B06_771992	3	162545716	192877962	19241	0.0446
RANDS_p_TCGA_b109_SNP_1N_GenomeWideSNP_6_B06_771992	3	192878045	192882903	18	0.5182
RANDS_p_TCGA_b109_SNP_1N_GenomeWideSNP_6_B06_771992	3	192886435	195390680	1485	0.038
RANDS_p_TCGA_b109_SNP_1N_GenomeWideSNP_6_B06_771992	3	195399075	195478861	46	-0.4824
RANDS_p_TCGA_b109_SNP_1N_GenomeWideSNP_6_B06_771992	3	195479748	197895985	1165	-0.0293
RANDS_p_TCGA_b109_SNP_1N_GenomeWideSNP_6_B06_771992	3	197896002	197896118	3	1.3302
RANDS_p_TCGA_b109_SNP_1N_GenomeWideSNP_6_B06_771992	4	12281	3879618	1641	0.0089
RANDS_p_TCGA_b109_SNP_1N_GenomeWideSNP_6_B06_771992	4	3885808	4176614	79	-0.2398
RANDS_p_TCGA_b109_SNP_1N_GenomeWideSNP_6_B06_771992	4	4176629	9456977	3520	0.0261
RANDS_p_TCGA_b109_SNP_1N_GenomeWideSNP_6_B06_771992	4	9461230	9479345	9	-1.2618
RANDS_p_TCGA_b109_SNP_1N_GenomeWideSNP_6_B06_771992	4	9486087	9586313	29	-0.2892
RANDS_p_TCGA_b109_SNP_1N_GenomeWideSNP_6_B06_771992	4	9586764	9859897	135	0.0061
RANDS_p_TCGA_b109_SNP_1N_GenomeWideSNP_6_B06_771992	4	9859901	9864227	3	-1.9163
RANDS_p_TCGA_b109_SNP_1N_GenomeWideSNP_6_B06_771992	4	9865042	10210390	379	0.0286
RANDS_p_TCGA_b109_SNP_1N_GenomeWideSNP_6_B06_771992	4	10214160	10231249	28	-0.3338
RANDS_p_TCGA_b109_SNP_1N_GenomeWideSNP_6_B06_771992	4	10231498	40160534	20579	0.0383
RANDS_p_TCGA_b109_SNP_1N_GenomeWideSNP_6_B06_771992	4	40161772	40162868	3	-1.8248
RANDS_p_TCGA_b109_SNP_1N_GenomeWideSNP_6_B06_771992	4	40162971	49089374	5418	0.0474
RANDS_p_TCGA_b109_SNP_1N_GenomeWideSNP_6_B06_771992	4	49093786	49643763	33	-0.3367
RANDS_p_TCGA_b109_SNP_1N_GenomeWideSNP_6_B06_771992	4	49649791	58810453	4182	0.0376
RANDS_p_TCGA_b109_SNP_1N_GenomeWideSNP_6_B06_771992	4	58810492	58813650	4	1.3215
RANDS_p_TCGA_b109_SNP_1N_GenomeWideSNP_6_B06_771992	4	58814737	64693940	3400	0.0451
RANDS_p_TCGA_b109_SNP_1N_GenomeWideSNP_6_B06_771992	4	64697469	64707605	22	-0.7535
RANDS_p_TCGA_b109_SNP_1N_GenomeWideSNP_6_B06_771992	4	64707754	64708258	6	-2.8977
RANDS_p_TCGA_b109_SNP_1N_GenomeWideSNP_6_B06_771992	4	64716431	65824158	669	0.0363
RANDS_p_TCGA_b109_SNP_1N_GenomeWideSNP_6_B06_771992	4	65824252	65824270	2	-1.8192
RANDS_p_TCGA_b109_SNP_1N_GenomeWideSNP_6_B06_771992	4	65824313	69360489	2207	0.0336
RANDS_p_TCGA_b109_SNP_1N_GenomeWideSNP_6_B06_771992	4	69367142	69489335	68	0.483
RANDS_p_TCGA_b109_SNP_1N_GenomeWideSNP_6_B06_771992	4	69505115	70127652	329	0.0598
RANDS_p_TCGA_b109_SNP_1N_GenomeWideSNP_6_B06_771992	4	70128412	70231799	52	-0.4687
RANDS_p_TCGA_b109_SNP_1N_GenomeWideSNP_6_B06_771992	4	70232022	75577100	3172	0.05
RANDS_p_TCGA_b109_SNP_1N_GenomeWideSNP_6_B06_771992	4	75578225	75580528	3	-1.4181
RANDS_p_TCGA_b109_SNP_1N_GenomeWideSNP_6_B06_771992	4	75584970	108504634	20054	0.052
RANDS_p_TCGA_b109_SNP_1N_GenomeWideSNP_6_B06_771992	4	108508648	108514498	6	-0.8508
RANDS_p_TCGA_b109_SNP_1N_GenomeWideSNP_6_B06_771992	4	108516274	115173700	4118	0.0363
RANDS_p_TCGA_b109_SNP_1N_GenomeWideSNP_6_B06_771992	4	115175323	115182175	23	-1.3884
RANDS_p_TCGA_b109_SNP_1N_GenomeWideSNP_6_B06_771992	4	115184229	116166104	612	0.0249
RANDS_p_TCGA_b109_SNP_1N_GenomeWideSNP_6_B06_771992	4	116172611	116176125	22	-0.5431
RANDS_p_TCGA_b109_SNP_1N_GenomeWideSNP_6_B06_771992	4	116180182	128125357	7159	0.0395
RANDS_p_TCGA_b109_SNP_1N_GenomeWideSNP_6_B06_771992	4	128127456	128127662	2	-2.3052
RANDS_p_TCGA_b109_SNP_1N_GenomeWideSNP_6_B06_771992	4	128128381	172989224	27349	0.0438
RANDS_p_TCGA_b109_SNP_1N_GenomeWideSNP_6_B06_771992	4	172989300	172989533	9	-1.6188
RANDS_p_TCGA_b109_SNP_1N_GenomeWideSNP_6_B06_771992	4	172995979	191027923	12117	0.0305
RANDS_p_TCGA_b109_SNP_1N_GenomeWideSNP_6_B06_771992	5	15532	12819313	10214	0.002
RANDS_p_TCGA_b109_SNP_1N_GenomeWideSNP_6_B06_771992	5	12819375	12838533	11	-1.1995
RANDS_p_TCGA_b109_SNP_1N_GenomeWideSNP_6_B06_771992	5	12849201	22115590	5921	0.027
RANDS_p_TCGA_b109_SNP_1N_GenomeWideSNP_6_B06_771992	5	22117707	22124563	7	-0.9902
RANDS_p_TCGA_b109_SNP_1N_GenomeWideSNP_6_B06_771992	5	22124567	57321646	19726	0.0221
RANDS_p_TCGA_b109_SNP_1N_GenomeWideSNP_6_B06_771992	5	57326027	57333533	32	1.4913
RANDS_p_TCGA_b109_SNP_1N_GenomeWideSNP_6_B06_771992	5	57338357	180165367	76838	0.0404
RANDS_p_TCGA_b109_SNP_1N_GenomeWideSNP_6_B06_771992	5	180165435	180172209	10	-0.7972
RANDS_p_TCGA_b109_SNP_1N_GenomeWideSNP_6_B06_771992	5	180172240	180790320	305	-0.0595
RANDS_p_TCGA_b109_SNP_1N_GenomeWideSNP_6_B06_771992	6	149661	821138	567	-0.0162
RANDS_p_TCGA_b109_SNP_1N_GenomeWideSNP_6_B06_771992	6	821327	833041	10	-0.6631
RANDS_p_TCGA_b109_SNP_1N_GenomeWideSNP_6_B06_771992	6	833442	6026211	4284	0.0284
RANDS_p_TCGA_b109_SNP_1N_GenomeWideSNP_6_B06_771992	6	6033931	6034436	3	-3.0539
RANDS_p_TCGA_b109_SNP_1N_GenomeWideSNP_6_B06_771992	6	6037045	26705574	15403	0.0363
RANDS_p_TCGA_b109_SNP_1N_GenomeWideSNP_6_B06_771992	6	26718131	26768569	30	0.4232
RANDS_p_TCGA_b109_SNP_1N_GenomeWideSNP_6_B06_771992	6	26773063	29843434	1449	0.045
RANDS_p_TCGA_b109_SNP_1N_GenomeWideSNP_6_B06_771992	6	29844034	29898897	22	-0.9053
RANDS_p_TCGA_b109_SNP_1N_GenomeWideSNP_6_B06_771992	6	29899677	33937999	2043	0.0302
RANDS_p_TCGA_b109_SNP_1N_GenomeWideSNP_6_B06_771992	6	33938743	33942705	7	-1.2334
RANDS_p_TCGA_b109_SNP_1N_GenomeWideSNP_6_B06_771992	6	33944586	44568631	6741	0.0282
RANDS_p_TCGA_b109_SNP_1N_GenomeWideSNP_6_B06_771992	6	44568765	44571814	2	-2.1102
RANDS_p_TCGA_b109_SNP_1N_GenomeWideSNP_6_B06_771992	6	44572090	44921320	233	0.0369
RANDS_p_TCGA_b109_SNP_1N_GenomeWideSNP_6_B06_771992	6	44924394	44926571	8	-1.0132
RANDS_p_TCGA_b109_SNP_1N_GenomeWideSNP_6_B06_771992	6	44928828	77436532	18236	0.0454
RANDS_p_TCGA_b109_SNP_1N_GenomeWideSNP_6_B06_771992	6	77439868	77446199	12	0.8401
RANDS_p_TCGA_b109_SNP_1N_GenomeWideSNP_6_B06_771992	6	77449569	78969065	989	0.0398
RANDS_p_TCGA_b109_SNP_1N_GenomeWideSNP_6_B06_771992	6	78969105	79035185	111	-2.0759
RANDS_p_TCGA_b109_SNP_1N_GenomeWideSNP_6_B06_771992	6	79039234	103737976	15492	0.0459
RANDS_p_TCGA_b109_SNP_1N_GenomeWideSNP_6_B06_771992	6	103738039	103765470	46	0.6231
RANDS_p_TCGA_b109_SNP_1N_GenomeWideSNP_6_B06_771992	6	103765670	171051005	44203	0.0373
RANDS_p_TCGA_b109_SNP_1N_GenomeWideSNP_6_B06_771992	7	43355	63281	20	0.278
RANDS_p_TCGA_b109_SNP_1N_GenomeWideSNP_6_B06_771992	7	63494	76153348	47024	0.024
RANDS_p_TCGA_b109_SNP_1N_GenomeWideSNP_6_B06_771992	7	76153363	76161308	4	-1.4323
RANDS_p_TCGA_b109_SNP_1N_GenomeWideSNP_6_B06_771992	7	76161422	102089969	15719	0.0489
RANDS_p_TCGA_b109_SNP_1N_GenomeWideSNP_6_B06_771992	7	102091735	102238440	8	-0.6883
RANDS_p_TCGA_b109_SNP_1N_GenomeWideSNP_6_B06_771992	7	102288215	105158056	1752	0.0336
RANDS_p_TCGA_b109_SNP_1N_GenomeWideSNP_6_B06_771992	7	105160424	105166520	3	-2.0366
RANDS_p_TCGA_b109_SNP_1N_GenomeWideSNP_6_B06_771992	7	105166776	142476719	23325	0.046
RANDS_p_TCGA_b109_SNP_1N_GenomeWideSNP_6_B06_771992	7	142476764	142486115	27	0.7948
RANDS_p_TCGA_b109_SNP_1N_GenomeWideSNP_6_B06_771992	7	142486345	153518311	6726	0.0272
RANDS_p_TCGA_b109_SNP_1N_GenomeWideSNP_6_B06_771992	7	153523345	153657480	132	0.601
RANDS_p_TCGA_b109_SNP_1N_GenomeWideSNP_6_B06_771992	7	153657554	159127004	3708	0.0344
RANDS_p_TCGA_b109_SNP_1N_GenomeWideSNP_6_B06_771992	8	31254	2133375	1579	-0.0087
RANDS_p_TCGA_b109_SNP_1N_GenomeWideSNP_6_B06_771992	8	2141462	2158585	21	-0.8868
RANDS_p_TCGA_b109_SNP_1N_GenomeWideSNP_6_B06_771992	8	2162849	4789969	3465	0.0258
RANDS_p_TCGA_b109_SNP_1N_GenomeWideSNP_6_B06_771992	8	4790375	4795032	2	-2.1423
RANDS_p_TCGA_b109_SNP_1N_GenomeWideSNP_6_B06_771992	8	4797252	9312131	4201	0.0199
RANDS_p_TCGA_b109_SNP_1N_GenomeWideSNP_6_B06_771992	8	9312881	9315807	9	-1.2005
RANDS_p_TCGA_b109_SNP_1N_GenomeWideSNP_6_B06_771992	8	9318315	12001123	2017	0.0019
RANDS_p_TCGA_b109_SNP_1N_GenomeWideSNP_6_B06_771992	8	12034307	12247407	48	-0.4547
RANDS_p_TCGA_b109_SNP_1N_GenomeWideSNP_6_B06_771992	8	12247486	24974522	10481	0.0133
RANDS_p_TCGA_b109_SNP_1N_GenomeWideSNP_6_B06_771992	8	24974577	24984250	23	-2.109
RANDS_p_TCGA_b109_SNP_1N_GenomeWideSNP_6_B06_771992	8	24991104	59615412	19371	0.008
RANDS_p_TCGA_b109_SNP_1N_GenomeWideSNP_6_B06_771992	8	59616045	59616052	2	-1.7364
RANDS_p_TCGA_b109_SNP_1N_GenomeWideSNP_6_B06_771992	8	59616312	146298155	54674	0.0194
RANDS_p_TCGA_b109_SNP_1N_GenomeWideSNP_6_B06_771992	9	46587	16911091	15328	0.0094
RANDS_p_TCGA_b109_SNP_1N_GenomeWideSNP_6_B06_771992	9	16911777	16913795	22	-0.4121
RANDS_p_TCGA_b109_SNP_1N_GenomeWideSNP_6_B06_771992	9	16914008	24500455	5896	-0.008
RANDS_p_TCGA_b109_SNP_1N_GenomeWideSNP_6_B06_771992	9	24500840	24517682	21	-0.8876
RANDS_p_TCGA_b109_SNP_1N_GenomeWideSNP_6_B06_771992	9	24519684	44629223	10183	-5e-04
RANDS_p_TCGA_b109_SNP_1N_GenomeWideSNP_6_B06_771992	9	44727859	44855737	36	-1.0695
RANDS_p_TCGA_b109_SNP_1N_GenomeWideSNP_6_B06_771992	9	44866028	105743850	24635	0.0013
RANDS_p_TCGA_b109_SNP_1N_GenomeWideSNP_6_B06_771992	9	105744109	105754656	11	-0.608
RANDS_p_TCGA_b109_SNP_1N_GenomeWideSNP_6_B06_771992	9	105754753	126247269	15498	-0.0019
RANDS_p_TCGA_b109_SNP_1N_GenomeWideSNP_6_B06_771992	9	126248986	126249797	2	-2.5485
RANDS_p_TCGA_b109_SNP_1N_GenomeWideSNP_6_B06_771992	9	126249811	141091394	8195	-0.0113
RANDS_p_TCGA_b109_SNP_1N_GenomeWideSNP_6_B06_771992	10	72759	16467242	13785	0.0045
RANDS_p_TCGA_b109_SNP_1N_GenomeWideSNP_6_B06_771992	10	16470893	16470933	2	-2.4328
RANDS_p_TCGA_b109_SNP_1N_GenomeWideSNP_6_B06_771992	10	16476271	57710416	24241	0.0053
RANDS_p_TCGA_b109_SNP_1N_GenomeWideSNP_6_B06_771992	10	57711059	57717165	2	-1.9749
RANDS_p_TCGA_b109_SNP_1N_GenomeWideSNP_6_B06_771992	10	57717352	67308017	6673	0.0255
RANDS_p_TCGA_b109_SNP_1N_GenomeWideSNP_6_B06_771992	10	67308030	67314430	23	-0.4196
RANDS_p_TCGA_b109_SNP_1N_GenomeWideSNP_6_B06_771992	10	67314446	78252851	6792	0.0172
RANDS_p_TCGA_b109_SNP_1N_GenomeWideSNP_6_B06_771992	10	78257061	78257610	2	1.8289
RANDS_p_TCGA_b109_SNP_1N_GenomeWideSNP_6_B06_771992	10	78261267	81383874	2443	0.0158
RANDS_p_TCGA_b109_SNP_1N_GenomeWideSNP_6_B06_771992	10	81383884	81385399	3	-1.9085
RANDS_p_TCGA_b109_SNP_1N_GenomeWideSNP_6_B06_771992	10	81385449	133575619	36128	0.0103
RANDS_p_TCGA_b109_SNP_1N_GenomeWideSNP_6_B06_771992	10	133576211	133576291	2	-2.441
RANDS_p_TCGA_b109_SNP_1N_GenomeWideSNP_6_B06_771992	10	133581365	135506704	897	-0.0238
RANDS_p_TCGA_b109_SNP_1N_GenomeWideSNP_6_B06_771992	11	198510	347265	75	-0.0852
RANDS_p_TCGA_b109_SNP_1N_GenomeWideSNP_6_B06_771992	11	349250	455523	28	-0.5305
RANDS_p_TCGA_b109_SNP_1N_GenomeWideSNP_6_B06_771992	11	456120	5485224	2890	0.0152
RANDS_p_TCGA_b109_SNP_1N_GenomeWideSNP_6_B06_771992	11	5487596	5497629	21	0.7289
RANDS_p_TCGA_b109_SNP_1N_GenomeWideSNP_6_B06_771992	11	5504861	5788092	283	0.0791
RANDS_p_TCGA_b109_SNP_1N_GenomeWideSNP_6_B06_771992	11	5789601	5809139	30	-0.5226
RANDS_p_TCGA_b109_SNP_1N_GenomeWideSNP_6_B06_771992	11	5809338	6116105	241	0.0296
RANDS_p_TCGA_b109_SNP_1N_GenomeWideSNP_6_B06_771992	11	6116843	6122094	5	-1.364
RANDS_p_TCGA_b109_SNP_1N_GenomeWideSNP_6_B06_771992	11	6122503	18949072	9165	0.0327
RANDS_p_TCGA_b109_SNP_1N_GenomeWideSNP_6_B06_771992	11	18949109	18961402	47	-0.3161
RANDS_p_TCGA_b109_SNP_1N_GenomeWideSNP_6_B06_771992	11	18961597	55363340	21834	0.0262
RANDS_p_TCGA_b109_SNP_1N_GenomeWideSNP_6_B06_771992	11	55374032	55505390	100	0.3097
RANDS_p_TCGA_b109_SNP_1N_GenomeWideSNP_6_B06_771992	11	55506548	64665943	5106	0.0299
RANDS_p_TCGA_b109_SNP_1N_GenomeWideSNP_6_B06_771992	11	64665948	64669105	2	-3.002
RANDS_p_TCGA_b109_SNP_1N_GenomeWideSNP_6_B06_771992	11	64682327	107653743	27593	0.029
RANDS_p_TCGA_b109_SNP_1N_GenomeWideSNP_6_B06_771992	11	107654305	107671528	14	0.7026
RANDS_p_TCGA_b109_SNP_1N_GenomeWideSNP_6_B06_771992	11	107671601	134251252	19042	0.025
RANDS_p_TCGA_b109_SNP_1N_GenomeWideSNP_6_B06_771992	11	134255390	134255464	2	-1.8738
RANDS_p_TCGA_b109_SNP_1N_GenomeWideSNP_6_B06_771992	11	134255715	134944770	563	0.0167
RANDS_p_TCGA_b109_SNP_1N_GenomeWideSNP_6_B06_771992	12	150442	9630556	6197	6e-04
RANDS_p_TCGA_b109_SNP_1N_GenomeWideSNP_6_B06_771992	12	9633870	9728292	25	-1.4175
RANDS_p_TCGA_b109_SNP_1N_GenomeWideSNP_6_B06_771992	12	9734969	132097916	78175	0.0304
RANDS_p_TCGA_b109_SNP_1N_GenomeWideSNP_6_B06_771992	12	132097932	132098053	2	-2.2392
RANDS_p_TCGA_b109_SNP_1N_GenomeWideSNP_6_B06_771992	12	132098993	132120715	18	-0.2098
RANDS_p_TCGA_b109_SNP_1N_GenomeWideSNP_6_B06_771992	12	132132584	132133335	13	-1.8305
RANDS_p_TCGA_b109_SNP_1N_GenomeWideSNP_6_B06_771992	12	132142331	133778189	570	-0.007
RANDS_p_TCGA_b109_SNP_1N_GenomeWideSNP_6_B06_771992	13	19026949	69259214	33049	0.0243
RANDS_p_TCGA_b109_SNP_1N_GenomeWideSNP_6_B06_771992	13	69259272	69268242	21	-0.6777
RANDS_p_TCGA_b109_SNP_1N_GenomeWideSNP_6_B06_771992	13	69269119	115108397	31183	0.0314
RANDS_p_TCGA_b109_SNP_1N_GenomeWideSNP_6_B06_771992	14	19002124	19437987	32	-0.0328
RANDS_p_TCGA_b109_SNP_1N_GenomeWideSNP_6_B06_771992	14	19438611	20157843	49	-0.4495
RANDS_p_TCGA_b109_SNP_1N_GenomeWideSNP_6_B06_771992	14	20200183	26783903	4476	-0.0042
RANDS_p_TCGA_b109_SNP_1N_GenomeWideSNP_6_B06_771992	14	26783911	26783918	7	1.3996
RANDS_p_TCGA_b109_SNP_1N_GenomeWideSNP_6_B06_771992	14	26784913	40608928	8537	0.0089
RANDS_p_TCGA_b109_SNP_1N_GenomeWideSNP_6_B06_771992	14	40613922	40616919	2	-2.7731
RANDS_p_TCGA_b109_SNP_1N_GenomeWideSNP_6_B06_771992	14	40618165	107285437	42449	0.0198
RANDS_p_TCGA_b109_SNP_1N_GenomeWideSNP_6_B06_771992	15	20016328	20206939	48	-0.2444
RANDS_p_TCGA_b109_SNP_1N_GenomeWideSNP_6_B06_771992	15	20216955	20550686	34	0.4984
RANDS_p_TCGA_b109_SNP_1N_GenomeWideSNP_6_B06_771992	15	20556430	20624206	60	0.8464
RANDS_p_TCGA_b109_SNP_1N_GenomeWideSNP_6_B06_771992	15	20627008	22263557	165	0.3602
RANDS_p_TCGA_b109_SNP_1N_GenomeWideSNP_6_B06_771992	15	22280477	22586960	114	0.9687
RANDS_p_TCGA_b109_SNP_1N_GenomeWideSNP_6_B06_771992	15	22587474	40705394	11590	-0.048
RANDS_p_TCGA_b109_SNP_1N_GenomeWideSNP_6_B06_771992	15	40705742	40708422	4	-2.0498
RANDS_p_TCGA_b109_SNP_1N_GenomeWideSNP_6_B06_771992	15	40710444	76878362	22304	-0.0237
RANDS_p_TCGA_b109_SNP_1N_GenomeWideSNP_6_B06_771992	15	76891241	76895775	22	-1.8419
RANDS_p_TCGA_b109_SNP_1N_GenomeWideSNP_6_B06_771992	15	76902179	84543250	4431	-0.0233
RANDS_p_TCGA_b109_SNP_1N_GenomeWideSNP_6_B06_771992	15	84543402	84543550	3	-1.4923
RANDS_p_TCGA_b109_SNP_1N_GenomeWideSNP_6_B06_771992	15	84547277	97808409	9790	-0.0103
RANDS_p_TCGA_b109_SNP_1N_GenomeWideSNP_6_B06_771992	15	97817792	97832187	11	-2.1859
RANDS_p_TCGA_b109_SNP_1N_GenomeWideSNP_6_B06_771992	15	97833649	98539932	537	0.0043
RANDS_p_TCGA_b109_SNP_1N_GenomeWideSNP_6_B06_771992	15	98543427	98550718	3	-1.7526
RANDS_p_TCGA_b109_SNP_1N_GenomeWideSNP_6_B06_771992	15	98551525	102334857	2832	-0.0116
RANDS_p_TCGA_b109_SNP_1N_GenomeWideSNP_6_B06_771992	15	102337330	102367228	24	0.5946
RANDS_p_TCGA_b109_SNP_1N_GenomeWideSNP_6_B06_771992	15	102369379	102469040	32	0.019
RANDS_p_TCGA_b109_SNP_1N_GenomeWideSNP_6_B06_771992	16	60777	78371608	41700	-0.0244
RANDS_p_TCGA_b109_SNP_1N_GenomeWideSNP_6_B06_771992	16	78372440	78384738	16	-1.491
RANDS_p_TCGA_b109_SNP_1N_GenomeWideSNP_6_B06_771992	16	78384765	90287535	10630	-0.0327
RANDS_p_TCGA_b109_SNP_1N_GenomeWideSNP_6_B06_771992	17	526	705057	354	-0.0753
RANDS_p_TCGA_b109_SNP_1N_GenomeWideSNP_6_B06_771992	17	707174	752003	23	-0.55
RANDS_p_TCGA_b109_SNP_1N_GenomeWideSNP_6_B06_771992	17	752114	38594811	20032	-0.0087
RANDS_p_TCGA_b109_SNP_1N_GenomeWideSNP_6_B06_771992	17	38596425	38624730	11	0.6437
RANDS_p_TCGA_b109_SNP_1N_GenomeWideSNP_6_B06_771992	17	38625030	39423090	525	0.024
RANDS_p_TCGA_b109_SNP_1N_GenomeWideSNP_6_B06_771992	17	39423103	39430450	18	1.429
RANDS_p_TCGA_b109_SNP_1N_GenomeWideSNP_6_B06_771992	17	39430531	74255054	20746	0.0076
RANDS_p_TCGA_b109_SNP_1N_GenomeWideSNP_6_B06_771992	17	74257239	74283535	8	-0.7862
RANDS_p_TCGA_b109_SNP_1N_GenomeWideSNP_6_B06_771992	17	74283669	74939060	392	-0.0268
RANDS_p_TCGA_b109_SNP_1N_GenomeWideSNP_6_B06_771992	17	74940312	74947435	2	-2.0569
RANDS_p_TCGA_b109_SNP_1N_GenomeWideSNP_6_B06_771992	17	74948187	81049726	3118	-0.0217
RANDS_p_TCGA_b109_SNP_1N_GenomeWideSNP_6_B06_771992	18	11543	78015057	50755	0.0033
RANDS_p_TCGA_b109_SNP_1N_GenomeWideSNP_6_B06_771992	19	90910	59097854	29308	0.009
RANDS_p_TCGA_b109_SNP_1N_GenomeWideSNP_6_B06_771992	20	61305	62956153	42426	-0.014
RANDS_p_TCGA_b109_SNP_1N_GenomeWideSNP_6_B06_771992	21	10736871	48096957	24378	0.0061
RANDS_p_TCGA_b109_SNP_1N_GenomeWideSNP_6_B06_771992	22	16052528	16444867	63	-0.4496
RANDS_p_TCGA_b109_SNP_1N_GenomeWideSNP_6_B06_771992	22	16444877	19168300	1361	-0.0438
RANDS_p_TCGA_b109_SNP_1N_GenomeWideSNP_6_B06_771992	22	19168616	19170956	2	-1.6265
RANDS_p_TCGA_b109_SNP_1N_GenomeWideSNP_6_B06_771992	22	19171482	19347928	103	-0.0653
RANDS_p_TCGA_b109_SNP_1N_GenomeWideSNP_6_B06_771992	22	19348158	19348926	3	1.0084
RANDS_p_TCGA_b109_SNP_1N_GenomeWideSNP_6_B06_771992	22	19352190	21465672	1312	-0.117
RANDS_p_TCGA_b109_SNP_1N_GenomeWideSNP_6_B06_771992	22	21465835	21726510	15	0.5521
RANDS_p_TCGA_b109_SNP_1N_GenomeWideSNP_6_B06_771992	22	21728120	21809185	10	-0.3474
RANDS_p_TCGA_b109_SNP_1N_GenomeWideSNP_6_B06_771992	22	21815866	21917323	27	0.4365
RANDS_p_TCGA_b109_SNP_1N_GenomeWideSNP_6_B06_771992	22	21927902	24324873	1708	-0.0468
RANDS_p_TCGA_b109_SNP_1N_GenomeWideSNP_6_B06_771992	22	24329711	24331967	4	-2.0102
RANDS_p_TCGA_b109_SNP_1N_GenomeWideSNP_6_B06_771992	22	24332625	34173406	7285	-0.0317
RANDS_p_TCGA_b109_SNP_1N_GenomeWideSNP_6_B06_771992	22	34174947	34174962	2	-2.519
RANDS_p_TCGA_b109_SNP_1N_GenomeWideSNP_6_B06_771992	22	34174973	51234455	11615	-0.0341
RANDS_p_TCGA_b109_SNP_1N_GenomeWideSNP_6_B06_771992	X	168477	48126319	29299	0.0207
RANDS_p_TCGA_b109_SNP_1N_GenomeWideSNP_6_B06_771992	X	48126418	48307451	42	-0.2975
RANDS_p_TCGA_b109_SNP_1N_GenomeWideSNP_6_B06_771992	X	48308422	76353650	10797	0.0257
RANDS_p_TCGA_b109_SNP_1N_GenomeWideSNP_6_B06_771992	X	76362292	76378656	2	2.7973
RANDS_p_TCGA_b109_SNP_1N_GenomeWideSNP_6_B06_771992	X	76378658	148643710	41054	0.0212
RANDS_p_TCGA_b109_SNP_1N_GenomeWideSNP_6_B06_771992	X	148644546	148654489	9	-1.138
RANDS_p_TCGA_b109_SNP_1N_GenomeWideSNP_6_B06_771992	X	148686062	148839824	83	0.0348
RANDS_p_TCGA_b109_SNP_1N_GenomeWideSNP_6_B06_771992	X	148875597	149028760	67	0.5529
RANDS_p_TCGA_b109_SNP_1N_GenomeWideSNP_6_B06_771992	X	149100327	155182354	3208	0.0131
RANDS_p_TCGA_b109_SNP_1N_GenomeWideSNP_6_B06_771992	Y	2650438	2985595	151	-3.3886
RANDS_p_TCGA_b109_SNP_1N_GenomeWideSNP_6_B06_771992	Y	2985939	6101425	719	-2.874
RANDS_p_TCGA_b109_SNP_1N_GenomeWideSNP_6_B06_771992	Y	6107901	6281935	78	-4.981
RANDS_p_TCGA_b109_SNP_1N_GenomeWideSNP_6_B06_771992	Y	6282097	8365744	1135	-3.3797
RANDS_p_TCGA_b109_SNP_1N_GenomeWideSNP_6_B06_771992	Y	8367493	9823373	559	-3.7679
RANDS_p_TCGA_b109_SNP_1N_GenomeWideSNP_6_B06_771992	Y	9826040	18546247	2473	-3.3154
RANDS_p_TCGA_b109_SNP_1N_GenomeWideSNP_6_B06_771992	Y	18546542	19574890	546	-2.3939
RANDS_p_TCGA_b109_SNP_1N_GenomeWideSNP_6_B06_771992	Y	19576544	20970746	648	-3.3417
RANDS_p_TCGA_b109_SNP_1N_GenomeWideSNP_6_B06_771992	Y	20971498	20972173	2	-7.8324
RANDS_p_TCGA_b109_SNP_1N_GenomeWideSNP_6_B06_771992	Y	20972409	21024613	21	-3.6047
RANDS_p_TCGA_b109_SNP_1N_GenomeWideSNP_6_B06_771992	Y	21025062	22243052	502	-2.7446
RANDS_p_TCGA_b109_SNP_1N_GenomeWideSNP_6_B06_771992	Y	22262565	22312733	7	-5.034
RANDS_p_TCGA_b109_SNP_1N_GenomeWideSNP_6_B06_771992	Y	22466083	24548177	787	-2.9229
RANDS_p_TCGA_b109_SNP_1N_GenomeWideSNP_6_B06_771992	Y	24560227	24631710	29	-3.477
RANDS_p_TCGA_b109_SNP_1N_GenomeWideSNP_6_B06_771992	Y	24635784	24951001	30	-4.6322
RANDS_p_TCGA_b109_SNP_1N_GenomeWideSNP_6_B06_771992	Y	24964952	26650455	339	-3.2832
RANDS_p_TCGA_b109_SNP_1N_GenomeWideSNP_6_B06_771992	Y	26657186	26802327	23	-4.9481
RANDS_p_TCGA_b109_SNP_1N_GenomeWideSNP_6_B06_771992	Y	26803166	28423938	399	-3.4372
RANDS_p_TCGA_b109_SNP_1N_GenomeWideSNP_6_B06_771992	Y	28438116	59018259	183	-2.6047
