Sample	Chromosome	Start	End	Num_Probes	Segment_Mean
RANDS_p_TCGA_b109_SNP_1N_GenomeWideSNP_6_F01_771952	1	61735	757469	46	0.3494
RANDS_p_TCGA_b109_SNP_1N_GenomeWideSNP_6_F01_771952	1	757923	4792654	1734	-0.0658
RANDS_p_TCGA_b109_SNP_1N_GenomeWideSNP_6_F01_771952	1	4793580	4797498	4	-1.1809
RANDS_p_TCGA_b109_SNP_1N_GenomeWideSNP_6_F01_771952	1	4798021	16368403	6715	-0.0031
RANDS_p_TCGA_b109_SNP_1N_GenomeWideSNP_6_F01_771952	1	16368977	16374330	2	-1.7819
RANDS_p_TCGA_b109_SNP_1N_GenomeWideSNP_6_F01_771952	1	16379331	16888067	216	-0.018
RANDS_p_TCGA_b109_SNP_1N_GenomeWideSNP_6_F01_771952	1	16895627	16921719	5	0.7887
RANDS_p_TCGA_b109_SNP_1N_GenomeWideSNP_6_F01_771952	1	16923012	30738504	7853	-0.0033
RANDS_p_TCGA_b109_SNP_1N_GenomeWideSNP_6_F01_771952	1	30738534	30739796	4	-1.5096
RANDS_p_TCGA_b109_SNP_1N_GenomeWideSNP_6_F01_771952	1	30741496	72768916	26431	-0.0158
RANDS_p_TCGA_b109_SNP_1N_GenomeWideSNP_6_F01_771952	1	72768936	72811148	45	-1.1158
RANDS_p_TCGA_b109_SNP_1N_GenomeWideSNP_6_F01_771952	1	72811904	104066877	20044	-0.0162
RANDS_p_TCGA_b109_SNP_1N_GenomeWideSNP_6_F01_771952	1	104067000	104308111	69	0.4063
RANDS_p_TCGA_b109_SNP_1N_GenomeWideSNP_6_F01_771952	1	104308162	106013376	913	-0.0181
RANDS_p_TCGA_b109_SNP_1N_GenomeWideSNP_6_F01_771952	1	106019205	106022375	17	-2.2135
RANDS_p_TCGA_b109_SNP_1N_GenomeWideSNP_6_F01_771952	1	106024055	110224384	2655	-0.0113
RANDS_p_TCGA_b109_SNP_1N_GenomeWideSNP_6_F01_771952	1	110224427	110242953	32	0.9736
RANDS_p_TCGA_b109_SNP_1N_GenomeWideSNP_6_F01_771952	1	110244998	112690326	1955	-0.0044
RANDS_p_TCGA_b109_SNP_1N_GenomeWideSNP_6_F01_771952	1	112695965	112705956	26	0.486
RANDS_p_TCGA_b109_SNP_1N_GenomeWideSNP_6_F01_771952	1	112706060	152555176	8033	-4e-04
RANDS_p_TCGA_b109_SNP_1N_GenomeWideSNP_6_F01_771952	1	152555527	152586576	35	-0.9419
RANDS_p_TCGA_b109_SNP_1N_GenomeWideSNP_6_F01_771952	1	152586594	174796405	15074	-0.0213
RANDS_p_TCGA_b109_SNP_1N_GenomeWideSNP_6_F01_771952	1	174796556	174801840	16	-0.7866
RANDS_p_TCGA_b109_SNP_1N_GenomeWideSNP_6_F01_771952	1	174801854	189648157	9913	-0.0183
RANDS_p_TCGA_b109_SNP_1N_GenomeWideSNP_6_F01_771952	1	189648483	189648527	2	-2.4481
RANDS_p_TCGA_b109_SNP_1N_GenomeWideSNP_6_F01_771952	1	189652047	196709446	4739	-0.0279
RANDS_p_TCGA_b109_SNP_1N_GenomeWideSNP_6_F01_771952	1	196709760	196761820	47	0.3181
RANDS_p_TCGA_b109_SNP_1N_GenomeWideSNP_6_F01_771952	1	196762066	249224388	35976	-0.0173
RANDS_p_TCGA_b109_SNP_1N_GenomeWideSNP_6_F01_771952	2	12784	34675467	24079	-0.0097
RANDS_p_TCGA_b109_SNP_1N_GenomeWideSNP_6_F01_771952	2	34681494	34738032	53	0.3894
RANDS_p_TCGA_b109_SNP_1N_GenomeWideSNP_6_F01_771952	2	34740639	35975973	872	-0.0017
RANDS_p_TCGA_b109_SNP_1N_GenomeWideSNP_6_F01_771952	2	35977790	35987947	7	0.8738
RANDS_p_TCGA_b109_SNP_1N_GenomeWideSNP_6_F01_771952	2	35997473	49141838	9571	-0.0089
RANDS_p_TCGA_b109_SNP_1N_GenomeWideSNP_6_F01_771952	2	49142850	49147087	2	-2.3846
RANDS_p_TCGA_b109_SNP_1N_GenomeWideSNP_6_F01_771952	2	49147384	49999608	610	-0.0048
RANDS_p_TCGA_b109_SNP_1N_GenomeWideSNP_6_F01_771952	2	50006199	50034686	19	-0.8889
RANDS_p_TCGA_b109_SNP_1N_GenomeWideSNP_6_F01_771952	2	50035253	50662741	473	-0.0138
RANDS_p_TCGA_b109_SNP_1N_GenomeWideSNP_6_F01_771952	2	50663187	51395534	549	-0.8313
RANDS_p_TCGA_b109_SNP_1N_GenomeWideSNP_6_F01_771952	2	51396083	51399049	2	-2.7262
RANDS_p_TCGA_b109_SNP_1N_GenomeWideSNP_6_F01_771952	2	51399120	52705057	875	-0.8528
RANDS_p_TCGA_b109_SNP_1N_GenomeWideSNP_6_F01_771952	2	52714177	96370834	23584	-0.0077
RANDS_p_TCGA_b109_SNP_1N_GenomeWideSNP_6_F01_771952	2	96376364	96377789	2	-1.1422
RANDS_p_TCGA_b109_SNP_1N_GenomeWideSNP_6_F01_771952	2	96378210	97795817	505	0.0335
RANDS_p_TCGA_b109_SNP_1N_GenomeWideSNP_6_F01_771952	2	97802322	97877173	41	0.4716
RANDS_p_TCGA_b109_SNP_1N_GenomeWideSNP_6_F01_771952	2	97886334	98118212	24	0.0043
RANDS_p_TCGA_b109_SNP_1N_GenomeWideSNP_6_F01_771952	2	98140747	98175863	14	0.6241
RANDS_p_TCGA_b109_SNP_1N_GenomeWideSNP_6_F01_771952	2	98177312	126810801	17315	-0.0095
RANDS_p_TCGA_b109_SNP_1N_GenomeWideSNP_6_F01_771952	2	126817822	126820520	5	-1.2139
RANDS_p_TCGA_b109_SNP_1N_GenomeWideSNP_6_F01_771952	2	126821415	208350754	49203	-0.0128
RANDS_p_TCGA_b109_SNP_1N_GenomeWideSNP_6_F01_771952	2	208354912	208359025	16	-0.731
RANDS_p_TCGA_b109_SNP_1N_GenomeWideSNP_6_F01_771952	2	208359149	243089456	22124	-0.012
RANDS_p_TCGA_b109_SNP_1N_GenomeWideSNP_6_F01_771952	3	60345	26601100	20046	0.0034
RANDS_p_TCGA_b109_SNP_1N_GenomeWideSNP_6_F01_771952	3	26601760	26611898	10	-1.4387
RANDS_p_TCGA_b109_SNP_1N_GenomeWideSNP_6_F01_771952	3	26611961	47478509	13477	-0.0021
RANDS_p_TCGA_b109_SNP_1N_GenomeWideSNP_6_F01_771952	3	47491822	47492720	2	-2.0954
RANDS_p_TCGA_b109_SNP_1N_GenomeWideSNP_6_F01_771952	3	47497214	68725751	14286	-0.0013
RANDS_p_TCGA_b109_SNP_1N_GenomeWideSNP_6_F01_771952	3	68732028	68747413	16	1.0039
RANDS_p_TCGA_b109_SNP_1N_GenomeWideSNP_6_F01_771952	3	68748758	162513459	55067	-0.0138
RANDS_p_TCGA_b109_SNP_1N_GenomeWideSNP_6_F01_771952	3	162514627	162615915	59	0.6501
RANDS_p_TCGA_b109_SNP_1N_GenomeWideSNP_6_F01_771952	3	162623842	189065057	16442	-0.0159
RANDS_p_TCGA_b109_SNP_1N_GenomeWideSNP_6_F01_771952	3	189065156	189066446	4	-1.1346
RANDS_p_TCGA_b109_SNP_1N_GenomeWideSNP_6_F01_771952	3	189071885	192877902	2740	-0.0148
RANDS_p_TCGA_b109_SNP_1N_GenomeWideSNP_6_F01_771952	3	192877962	192882903	19	-1.2553
RANDS_p_TCGA_b109_SNP_1N_GenomeWideSNP_6_F01_771952	3	192886435	197896118	2703	-0.0027
RANDS_p_TCGA_b109_SNP_1N_GenomeWideSNP_6_F01_771952	4	12281	43058	30	0.3617
RANDS_p_TCGA_b109_SNP_1N_GenomeWideSNP_6_F01_771952	4	43109	8722252	5151	-0.0102
RANDS_p_TCGA_b109_SNP_1N_GenomeWideSNP_6_F01_771952	4	8724543	9626413	113	0.2194
RANDS_p_TCGA_b109_SNP_1N_GenomeWideSNP_6_F01_771952	4	9626840	10214160	505	0.0074
RANDS_p_TCGA_b109_SNP_1N_GenomeWideSNP_6_F01_771952	4	10223416	10235007	32	-0.6718
RANDS_p_TCGA_b109_SNP_1N_GenomeWideSNP_6_F01_771952	4	10235166	49089374	25985	-0.0098
RANDS_p_TCGA_b109_SNP_1N_GenomeWideSNP_6_F01_771952	4	49093786	49590656	32	0.479
RANDS_p_TCGA_b109_SNP_1N_GenomeWideSNP_6_F01_771952	4	49620885	64146704	7272	-0.0213
RANDS_p_TCGA_b109_SNP_1N_GenomeWideSNP_6_F01_771952	4	64147093	64151913	3	-1.4144
RANDS_p_TCGA_b109_SNP_1N_GenomeWideSNP_6_F01_771952	4	64154567	64675766	296	-0.0046
RANDS_p_TCGA_b109_SNP_1N_GenomeWideSNP_6_F01_771952	4	64681512	64708258	41	0.3214
RANDS_p_TCGA_b109_SNP_1N_GenomeWideSNP_6_F01_771952	4	64716431	69372003	2882	-0.0153
RANDS_p_TCGA_b109_SNP_1N_GenomeWideSNP_6_F01_771952	4	69374941	69489335	65	-1.5792
RANDS_p_TCGA_b109_SNP_1N_GenomeWideSNP_6_F01_771952	4	69505115	86975223	10830	-0.0129
RANDS_p_TCGA_b109_SNP_1N_GenomeWideSNP_6_F01_771952	4	86976094	86979764	19	-0.6777
RANDS_p_TCGA_b109_SNP_1N_GenomeWideSNP_6_F01_771952	4	86979944	113324635	15654	-0.0323
RANDS_p_TCGA_b109_SNP_1N_GenomeWideSNP_6_F01_771952	4	113329345	113331396	6	-1.2023
RANDS_p_TCGA_b109_SNP_1N_GenomeWideSNP_6_F01_771952	4	113331563	152789786	23407	-0.0258
RANDS_p_TCGA_b109_SNP_1N_GenomeWideSNP_6_F01_771952	4	152791533	152792567	12	-4.8678
RANDS_p_TCGA_b109_SNP_1N_GenomeWideSNP_6_F01_771952	4	152792891	152794859	4	0.7705
RANDS_p_TCGA_b109_SNP_1N_GenomeWideSNP_6_F01_771952	4	152795388	153582573	485	-0.0066
RANDS_p_TCGA_b109_SNP_1N_GenomeWideSNP_6_F01_771952	4	153585851	153590152	6	-1.338
RANDS_p_TCGA_b109_SNP_1N_GenomeWideSNP_6_F01_771952	4	153592952	167168855	8846	-0.0199
RANDS_p_TCGA_b109_SNP_1N_GenomeWideSNP_6_F01_771952	4	167171515	167177101	5	-0.9905
RANDS_p_TCGA_b109_SNP_1N_GenomeWideSNP_6_F01_771952	4	167178950	172369346	3226	-0.0114
RANDS_p_TCGA_b109_SNP_1N_GenomeWideSNP_6_F01_771952	4	172374884	172377710	10	-1.1414
RANDS_p_TCGA_b109_SNP_1N_GenomeWideSNP_6_F01_771952	4	172377724	191027923	12531	-0.007
RANDS_p_TCGA_b109_SNP_1N_GenomeWideSNP_6_F01_771952	5	15532	32102731	22363	-0.0132
RANDS_p_TCGA_b109_SNP_1N_GenomeWideSNP_6_F01_771952	5	32107084	32170287	41	1.0701
RANDS_p_TCGA_b109_SNP_1N_GenomeWideSNP_6_F01_771952	5	32171096	45826001	8289	-0.0118
RANDS_p_TCGA_b109_SNP_1N_GenomeWideSNP_6_F01_771952	5	45826373	45828845	3	-1.1418
RANDS_p_TCGA_b109_SNP_1N_GenomeWideSNP_6_F01_771952	5	45831550	55285534	3718	-0.0199
RANDS_p_TCGA_b109_SNP_1N_GenomeWideSNP_6_F01_771952	5	55286191	57321646	1451	-0.882
RANDS_p_TCGA_b109_SNP_1N_GenomeWideSNP_6_F01_771952	5	57326027	57338357	33	0.2237
RANDS_p_TCGA_b109_SNP_1N_GenomeWideSNP_6_F01_771952	5	57340073	57913429	411	-0.8805
RANDS_p_TCGA_b109_SNP_1N_GenomeWideSNP_6_F01_771952	5	57918751	57920048	2	-5.9623
RANDS_p_TCGA_b109_SNP_1N_GenomeWideSNP_6_F01_771952	5	57924324	68829347	6830	-0.8751
RANDS_p_TCGA_b109_SNP_1N_GenomeWideSNP_6_F01_771952	5	68846303	70391253	27	-0.2146
RANDS_p_TCGA_b109_SNP_1N_GenomeWideSNP_6_F01_771952	5	70654072	76121495	3676	-0.8852
RANDS_p_TCGA_b109_SNP_1N_GenomeWideSNP_6_F01_771952	5	76127135	151514171	46609	-0.0157
RANDS_p_TCGA_b109_SNP_1N_GenomeWideSNP_6_F01_771952	5	151515386	151518351	14	-0.7703
RANDS_p_TCGA_b109_SNP_1N_GenomeWideSNP_6_F01_771952	5	151520271	180790320	19507	-0.0143
RANDS_p_TCGA_b109_SNP_1N_GenomeWideSNP_6_F01_771952	6	149661	254283	101	0.0173
RANDS_p_TCGA_b109_SNP_1N_GenomeWideSNP_6_F01_771952	6	257353	294837	23	-0.9208
RANDS_p_TCGA_b109_SNP_1N_GenomeWideSNP_6_F01_771952	6	302306	382897	80	0.4216
RANDS_p_TCGA_b109_SNP_1N_GenomeWideSNP_6_F01_771952	6	384109	6026211	4651	-0.0473
RANDS_p_TCGA_b109_SNP_1N_GenomeWideSNP_6_F01_771952	6	6033931	6034436	3	-2.2164
RANDS_p_TCGA_b109_SNP_1N_GenomeWideSNP_6_F01_771952	6	6037045	26718131	15398	-0.0113
RANDS_p_TCGA_b109_SNP_1N_GenomeWideSNP_6_F01_771952	6	26728640	26799645	38	0.389
RANDS_p_TCGA_b109_SNP_1N_GenomeWideSNP_6_F01_771952	6	26799849	29837072	1426	-0.0087
RANDS_p_TCGA_b109_SNP_1N_GenomeWideSNP_6_F01_771952	6	29837187	29874642	22	-0.7694
RANDS_p_TCGA_b109_SNP_1N_GenomeWideSNP_6_F01_771952	6	29874709	29899677	11	0.1773
RANDS_p_TCGA_b109_SNP_1N_GenomeWideSNP_6_F01_771952	6	29901564	29914220	6	-0.9043
RANDS_p_TCGA_b109_SNP_1N_GenomeWideSNP_6_F01_771952	6	29914615	31280823	649	0.0236
RANDS_p_TCGA_b109_SNP_1N_GenomeWideSNP_6_F01_771952	6	31286276	31295953	8	-2.0283
RANDS_p_TCGA_b109_SNP_1N_GenomeWideSNP_6_F01_771952	6	31295987	32431292	506	-0.0524
RANDS_p_TCGA_b109_SNP_1N_GenomeWideSNP_6_F01_771952	6	32431552	32518769	27	-0.5866
RANDS_p_TCGA_b109_SNP_1N_GenomeWideSNP_6_F01_771952	6	32527284	53931275	13784	-0.0158
RANDS_p_TCGA_b109_SNP_1N_GenomeWideSNP_6_F01_771952	6	53931380	53931855	4	-1.3875
RANDS_p_TCGA_b109_SNP_1N_GenomeWideSNP_6_F01_771952	6	53935348	66399482	5055	-0.0059
RANDS_p_TCGA_b109_SNP_1N_GenomeWideSNP_6_F01_771952	6	66399537	66403837	22	-0.7532
RANDS_p_TCGA_b109_SNP_1N_GenomeWideSNP_6_F01_771952	6	66403852	67031219	403	-0.0079
RANDS_p_TCGA_b109_SNP_1N_GenomeWideSNP_6_F01_771952	6	67031287	67043192	21	0.383
RANDS_p_TCGA_b109_SNP_1N_GenomeWideSNP_6_F01_771952	6	67043235	78971712	7799	-0.0523
RANDS_p_TCGA_b109_SNP_1N_GenomeWideSNP_6_F01_771952	6	78971781	79041633	111	0.2129
RANDS_p_TCGA_b109_SNP_1N_GenomeWideSNP_6_F01_771952	6	79041719	117781498	24211	-0.1048
RANDS_p_TCGA_b109_SNP_1N_GenomeWideSNP_6_F01_771952	6	117783770	117785270	3	-3.8407
RANDS_p_TCGA_b109_SNP_1N_GenomeWideSNP_6_F01_771952	6	117789658	127186554	5671	-0.0585
RANDS_p_TCGA_b109_SNP_1N_GenomeWideSNP_6_F01_771952	6	127187019	127187658	2	-2.7599
RANDS_p_TCGA_b109_SNP_1N_GenomeWideSNP_6_F01_771952	6	127187745	171051005	29839	-0.0153
RANDS_p_TCGA_b109_SNP_1N_GenomeWideSNP_6_F01_771952	7	43355	64942849	41855	-0.0076
RANDS_p_TCGA_b109_SNP_1N_GenomeWideSNP_6_F01_771952	7	64947380	65066702	29	0.4701
RANDS_p_TCGA_b109_SNP_1N_GenomeWideSNP_6_F01_771952	7	65066954	70420438	2952	-0.0189
RANDS_p_TCGA_b109_SNP_1N_GenomeWideSNP_6_F01_771952	7	70423250	70426141	2	-2.4195
RANDS_p_TCGA_b109_SNP_1N_GenomeWideSNP_6_F01_771952	7	70428243	100956565	17383	-0.0099
RANDS_p_TCGA_b109_SNP_1N_GenomeWideSNP_6_F01_771952	7	100960955	100963875	4	-1.6271
RANDS_p_TCGA_b109_SNP_1N_GenomeWideSNP_6_F01_771952	7	100965601	109437772	5128	-0.0236
RANDS_p_TCGA_b109_SNP_1N_GenomeWideSNP_6_F01_771952	7	109437774	109453982	21	0.6204
RANDS_p_TCGA_b109_SNP_1N_GenomeWideSNP_6_F01_771952	7	109454229	126045556	10040	-0.0187
RANDS_p_TCGA_b109_SNP_1N_GenomeWideSNP_6_F01_771952	7	126045651	126046615	10	-1.3859
RANDS_p_TCGA_b109_SNP_1N_GenomeWideSNP_6_F01_771952	7	126046876	141763124	9938	-0.0145
RANDS_p_TCGA_b109_SNP_1N_GenomeWideSNP_6_F01_771952	7	141769643	141798990	45	-0.569
RANDS_p_TCGA_b109_SNP_1N_GenomeWideSNP_6_F01_771952	7	141799117	142474939	447	0.0563
RANDS_p_TCGA_b109_SNP_1N_GenomeWideSNP_6_F01_771952	7	142476719	142486345	29	0.9962
RANDS_p_TCGA_b109_SNP_1N_GenomeWideSNP_6_F01_771952	7	142486495	159127004	10566	-0.0153
RANDS_p_TCGA_b109_SNP_1N_GenomeWideSNP_6_F01_771952	8	31254	6925112	7662	-0.9073
RANDS_p_TCGA_b109_SNP_1N_GenomeWideSNP_6_F01_771952	8	6925740	8087144	282	-0.2448
RANDS_p_TCGA_b109_SNP_1N_GenomeWideSNP_6_F01_771952	8	8092025	11859740	3179	-0.8915
RANDS_p_TCGA_b109_SNP_1N_GenomeWideSNP_6_F01_771952	8	11861809	12554743	156	-0.1265
RANDS_p_TCGA_b109_SNP_1N_GenomeWideSNP_6_F01_771952	8	12556042	24974577	10279	-0.8789
RANDS_p_TCGA_b109_SNP_1N_GenomeWideSNP_6_F01_771952	8	24975500	24984333	23	-2.1122
RANDS_p_TCGA_b109_SNP_1N_GenomeWideSNP_6_F01_771952	8	24991104	27807844	2177	-0.8764
RANDS_p_TCGA_b109_SNP_1N_GenomeWideSNP_6_F01_771952	8	27808882	27817484	10	-1.9165
RANDS_p_TCGA_b109_SNP_1N_GenomeWideSNP_6_F01_771952	8	27821697	37864455	6066	-0.8618
RANDS_p_TCGA_b109_SNP_1N_GenomeWideSNP_6_F01_771952	8	37865519	38288463	190	1.3308
RANDS_p_TCGA_b109_SNP_1N_GenomeWideSNP_6_F01_771952	8	38290359	38291492	13	0.6292
RANDS_p_TCGA_b109_SNP_1N_GenomeWideSNP_6_F01_771952	8	38291947	39230325	499	1.3597
RANDS_p_TCGA_b109_SNP_1N_GenomeWideSNP_6_F01_771952	8	39230659	39388779	62	1.8544
RANDS_p_TCGA_b109_SNP_1N_GenomeWideSNP_6_F01_771952	8	39389015	39830700	266	1.3551
RANDS_p_TCGA_b109_SNP_1N_GenomeWideSNP_6_F01_771952	8	39830957	39831647	3	-0.4324
RANDS_p_TCGA_b109_SNP_1N_GenomeWideSNP_6_F01_771952	8	39834819	40184398	326	1.3496
RANDS_p_TCGA_b109_SNP_1N_GenomeWideSNP_6_F01_771952	8	40184550	40188522	15	0.7969
RANDS_p_TCGA_b109_SNP_1N_GenomeWideSNP_6_F01_771952	8	40188722	40771996	461	1.3718
RANDS_p_TCGA_b109_SNP_1N_GenomeWideSNP_6_F01_771952	8	40777852	40778471	2	-2.0701
RANDS_p_TCGA_b109_SNP_1N_GenomeWideSNP_6_F01_771952	8	40783680	90547124	27735	1.2891
RANDS_p_TCGA_b109_SNP_1N_GenomeWideSNP_6_F01_771952	8	90553156	90562751	5	0.1739
RANDS_p_TCGA_b109_SNP_1N_GenomeWideSNP_6_F01_771952	8	90563451	93019332	1439	1.293
RANDS_p_TCGA_b109_SNP_1N_GenomeWideSNP_6_F01_771952	8	93019427	93020129	6	0.4011
RANDS_p_TCGA_b109_SNP_1N_GenomeWideSNP_6_F01_771952	8	93020588	95559832	1524	1.2727
RANDS_p_TCGA_b109_SNP_1N_GenomeWideSNP_6_F01_771952	8	95560052	95570545	14	0.6556
RANDS_p_TCGA_b109_SNP_1N_GenomeWideSNP_6_F01_771952	8	95576350	96621168	713	1.277
RANDS_p_TCGA_b109_SNP_1N_GenomeWideSNP_6_F01_771952	8	96623856	96628523	3	0.2669
RANDS_p_TCGA_b109_SNP_1N_GenomeWideSNP_6_F01_771952	8	96628640	96825294	197	1.3142
RANDS_p_TCGA_b109_SNP_1N_GenomeWideSNP_6_F01_771952	8	96825569	96826168	6	0.4117
RANDS_p_TCGA_b109_SNP_1N_GenomeWideSNP_6_F01_771952	8	96826257	102597799	3451	1.2856
RANDS_p_TCGA_b109_SNP_1N_GenomeWideSNP_6_F01_771952	8	102600359	102600413	2	-0.624
RANDS_p_TCGA_b109_SNP_1N_GenomeWideSNP_6_F01_771952	8	102601525	112294466	5904	1.3016
RANDS_p_TCGA_b109_SNP_1N_GenomeWideSNP_6_F01_771952	8	112294646	112295260	7	2.3391
RANDS_p_TCGA_b109_SNP_1N_GenomeWideSNP_6_F01_771952	8	112300281	114574126	1208	1.3067
RANDS_p_TCGA_b109_SNP_1N_GenomeWideSNP_6_F01_771952	8	114579611	114579612	2	-0.1225
RANDS_p_TCGA_b109_SNP_1N_GenomeWideSNP_6_F01_771952	8	114592701	115163001	346	1.2952
RANDS_p_TCGA_b109_SNP_1N_GenomeWideSNP_6_F01_771952	8	115163562	115168901	10	0.6014
RANDS_p_TCGA_b109_SNP_1N_GenomeWideSNP_6_F01_771952	8	115181572	120152010	3407	1.2923
RANDS_p_TCGA_b109_SNP_1N_GenomeWideSNP_6_F01_771952	8	120154784	120159446	4	-0.9048
RANDS_p_TCGA_b109_SNP_1N_GenomeWideSNP_6_F01_771952	8	120162854	144309755	17326	1.278
RANDS_p_TCGA_b109_SNP_1N_GenomeWideSNP_6_F01_771952	8	144309792	144310617	9	0.2745
RANDS_p_TCGA_b109_SNP_1N_GenomeWideSNP_6_F01_771952	8	144314377	144699157	119	1.3053
RANDS_p_TCGA_b109_SNP_1N_GenomeWideSNP_6_F01_771952	8	144705157	144707808	9	-0.583
RANDS_p_TCGA_b109_SNP_1N_GenomeWideSNP_6_F01_771952	8	144718989	146298155	505	1.2279
RANDS_p_TCGA_b109_SNP_1N_GenomeWideSNP_6_F01_771952	9	46587	39283389	31249	-0.0081
RANDS_p_TCGA_b109_SNP_1N_GenomeWideSNP_6_F01_771952	9	39283453	45407615	278	0.248
RANDS_p_TCGA_b109_SNP_1N_GenomeWideSNP_6_F01_771952	9	45448614	66323059	65	0.6484
RANDS_p_TCGA_b109_SNP_1N_GenomeWideSNP_6_F01_771952	9	66470559	69978007	274	0.2649
RANDS_p_TCGA_b109_SNP_1N_GenomeWideSNP_6_F01_771952	9	69978022	105112391	23865	-0.0116
RANDS_p_TCGA_b109_SNP_1N_GenomeWideSNP_6_F01_771952	9	105118621	105129994	13	0.6394
RANDS_p_TCGA_b109_SNP_1N_GenomeWideSNP_6_F01_771952	9	105131391	141091394	24127	-0.0108
RANDS_p_TCGA_b109_SNP_1N_GenomeWideSNP_6_F01_771952	10	72759	14094273	11893	-0.0081
RANDS_p_TCGA_b109_SNP_1N_GenomeWideSNP_6_F01_771952	10	14094904	14096501	4	-1.655
RANDS_p_TCGA_b109_SNP_1N_GenomeWideSNP_6_F01_771952	10	14100152	31246510	12386	-0.004
RANDS_p_TCGA_b109_SNP_1N_GenomeWideSNP_6_F01_771952	10	31251334	31251779	11	-0.6943
RANDS_p_TCGA_b109_SNP_1N_GenomeWideSNP_6_F01_771952	10	31251822	42484955	4884	-0.0095
RANDS_p_TCGA_b109_SNP_1N_GenomeWideSNP_6_F01_771952	10	42501934	42820285	41	0.4141
RANDS_p_TCGA_b109_SNP_1N_GenomeWideSNP_6_F01_771952	10	42826428	47058868	2428	-0.009
RANDS_p_TCGA_b109_SNP_1N_GenomeWideSNP_6_F01_771952	10	47058899	47059821	20	-0.4785
RANDS_p_TCGA_b109_SNP_1N_GenomeWideSNP_6_F01_771952	10	47062311	67306276	13050	-0.0073
RANDS_p_TCGA_b109_SNP_1N_GenomeWideSNP_6_F01_771952	10	67307923	67311183	19	0.4975
RANDS_p_TCGA_b109_SNP_1N_GenomeWideSNP_6_F01_771952	10	67311196	132835620	44841	-0.0079
RANDS_p_TCGA_b109_SNP_1N_GenomeWideSNP_6_F01_771952	10	132836092	132836445	2	-2.2803
RANDS_p_TCGA_b109_SNP_1N_GenomeWideSNP_6_F01_771952	10	132843638	135506704	1457	-0.0471
RANDS_p_TCGA_b109_SNP_1N_GenomeWideSNP_6_F01_771952	11	198510	4970367	2482	-0.0087
RANDS_p_TCGA_b109_SNP_1N_GenomeWideSNP_6_F01_771952	11	4972005	4976614	30	0.6382
RANDS_p_TCGA_b109_SNP_1N_GenomeWideSNP_6_F01_771952	11	4976814	5788080	792	-0.0175
RANDS_p_TCGA_b109_SNP_1N_GenomeWideSNP_6_F01_771952	11	5788092	5809461	33	0.505
RANDS_p_TCGA_b109_SNP_1N_GenomeWideSNP_6_F01_771952	11	5812360	18949072	9421	-0.0161
RANDS_p_TCGA_b109_SNP_1N_GenomeWideSNP_6_F01_771952	11	18949109	18961384	46	0.4002
RANDS_p_TCGA_b109_SNP_1N_GenomeWideSNP_6_F01_771952	11	18961402	42813151	17208	-0.0162
RANDS_p_TCGA_b109_SNP_1N_GenomeWideSNP_6_F01_771952	11	42816486	42818039	2	-3.1209
RANDS_p_TCGA_b109_SNP_1N_GenomeWideSNP_6_F01_771952	11	42820603	42902701	75	4e-04
RANDS_p_TCGA_b109_SNP_1N_GenomeWideSNP_6_F01_771952	11	42902703	42952426	39	0.5787
RANDS_p_TCGA_b109_SNP_1N_GenomeWideSNP_6_F01_771952	11	42953497	42971168	14	0.8783
RANDS_p_TCGA_b109_SNP_1N_GenomeWideSNP_6_F01_771952	11	42976631	71395669	12906	-0.0037
RANDS_p_TCGA_b109_SNP_1N_GenomeWideSNP_6_F01_771952	11	71396255	71424451	9	0.664
RANDS_p_TCGA_b109_SNP_1N_GenomeWideSNP_6_F01_771952	11	71425995	81503468	6259	-0.0135
RANDS_p_TCGA_b109_SNP_1N_GenomeWideSNP_6_F01_771952	11	81503992	81517105	9	-1.0215
RANDS_p_TCGA_b109_SNP_1N_GenomeWideSNP_6_F01_771952	11	81517158	89474831	5297	-0.0164
RANDS_p_TCGA_b109_SNP_1N_GenomeWideSNP_6_F01_771952	11	89487949	89548104	11	0.7792
RANDS_p_TCGA_b109_SNP_1N_GenomeWideSNP_6_F01_771952	11	89548892	134944770	32440	-0.014
RANDS_p_TCGA_b109_SNP_1N_GenomeWideSNP_6_F01_771952	12	150442	7974003	5361	-0.0194
RANDS_p_TCGA_b109_SNP_1N_GenomeWideSNP_6_F01_771952	12	7994787	8123900	61	0.4787
RANDS_p_TCGA_b109_SNP_1N_GenomeWideSNP_6_F01_771952	12	8130958	8522922	177	0.0947
RANDS_p_TCGA_b109_SNP_1N_GenomeWideSNP_6_F01_771952	12	8523147	8595531	33	0.5335
RANDS_p_TCGA_b109_SNP_1N_GenomeWideSNP_6_F01_771952	12	8596353	9633870	563	-0.009
RANDS_p_TCGA_b109_SNP_1N_GenomeWideSNP_6_F01_771952	12	9637909	9728292	24	0.9095
RANDS_p_TCGA_b109_SNP_1N_GenomeWideSNP_6_F01_771952	12	9734969	11231455	1050	-0.0073
RANDS_p_TCGA_b109_SNP_1N_GenomeWideSNP_6_F01_771952	12	11232918	11241532	5	-1.2646
RANDS_p_TCGA_b109_SNP_1N_GenomeWideSNP_6_F01_771952	12	11251874	11511578	134	0.0081
RANDS_p_TCGA_b109_SNP_1N_GenomeWideSNP_6_F01_771952	12	11512492	11553368	37	0.4224
RANDS_p_TCGA_b109_SNP_1N_GenomeWideSNP_6_F01_771952	12	11553878	33301426	15409	-0.0223
RANDS_p_TCGA_b109_SNP_1N_GenomeWideSNP_6_F01_771952	12	33301520	33303293	10	-0.986
RANDS_p_TCGA_b109_SNP_1N_GenomeWideSNP_6_F01_771952	12	33303378	99791792	39369	-0.015
RANDS_p_TCGA_b109_SNP_1N_GenomeWideSNP_6_F01_771952	12	99791814	99798152	26	0.4628
RANDS_p_TCGA_b109_SNP_1N_GenomeWideSNP_6_F01_771952	12	99798190	130678895	20978	-0.0079
RANDS_p_TCGA_b109_SNP_1N_GenomeWideSNP_6_F01_771952	12	130679553	130680175	3	-2.5908
RANDS_p_TCGA_b109_SNP_1N_GenomeWideSNP_6_F01_771952	12	130680437	133778189	1773	-0.0614
RANDS_p_TCGA_b109_SNP_1N_GenomeWideSNP_6_F01_771952	13	19026949	19418632	113	0.2021
RANDS_p_TCGA_b109_SNP_1N_GenomeWideSNP_6_F01_771952	13	19418888	30029818	7641	-0.0197
RANDS_p_TCGA_b109_SNP_1N_GenomeWideSNP_6_F01_771952	13	30031562	30033228	2	-1.7124
RANDS_p_TCGA_b109_SNP_1N_GenomeWideSNP_6_F01_771952	13	30036193	39052811	6510	-0.0165
RANDS_p_TCGA_b109_SNP_1N_GenomeWideSNP_6_F01_771952	13	39057572	39058056	2	-1.6488
RANDS_p_TCGA_b109_SNP_1N_GenomeWideSNP_6_F01_771952	13	39065057	49531551	7325	-0.0114
RANDS_p_TCGA_b109_SNP_1N_GenomeWideSNP_6_F01_771952	13	49533715	49536504	2	-2.9066
RANDS_p_TCGA_b109_SNP_1N_GenomeWideSNP_6_F01_771952	13	49537705	58583350	4957	-0.0091
RANDS_p_TCGA_b109_SNP_1N_GenomeWideSNP_6_F01_771952	13	58584790	58602052	8	-0.9074
RANDS_p_TCGA_b109_SNP_1N_GenomeWideSNP_6_F01_771952	13	58604234	72476988	8568	-0.0162
RANDS_p_TCGA_b109_SNP_1N_GenomeWideSNP_6_F01_771952	13	72477555	72480556	4	-1.6882
RANDS_p_TCGA_b109_SNP_1N_GenomeWideSNP_6_F01_771952	13	72480605	115108397	29125	-0.0197
RANDS_p_TCGA_b109_SNP_1N_GenomeWideSNP_6_F01_771952	14	19002124	19697885	51	0.3533
RANDS_p_TCGA_b109_SNP_1N_GenomeWideSNP_6_F01_771952	14	19706758	70018047	31634	-0.0512
RANDS_p_TCGA_b109_SNP_1N_GenomeWideSNP_6_F01_771952	14	70018368	70022467	8	-1.0057
RANDS_p_TCGA_b109_SNP_1N_GenomeWideSNP_6_F01_771952	14	70022713	74001123	2621	-0.0907
RANDS_p_TCGA_b109_SNP_1N_GenomeWideSNP_6_F01_771952	14	74006707	74029900	9	1.2531
RANDS_p_TCGA_b109_SNP_1N_GenomeWideSNP_6_F01_771952	14	74029915	106497317	20788	-0.0503
RANDS_p_TCGA_b109_SNP_1N_GenomeWideSNP_6_F01_771952	14	106498793	106629569	61	0.4902
RANDS_p_TCGA_b109_SNP_1N_GenomeWideSNP_6_F01_771952	14	106630097	106715489	34	-0.0102
RANDS_p_TCGA_b109_SNP_1N_GenomeWideSNP_6_F01_771952	14	106717356	106746958	15	-0.6851
RANDS_p_TCGA_b109_SNP_1N_GenomeWideSNP_6_F01_771952	14	106747099	106863524	55	0.0323
RANDS_p_TCGA_b109_SNP_1N_GenomeWideSNP_6_F01_771952	14	106863526	106918108	57	-0.7121
RANDS_p_TCGA_b109_SNP_1N_GenomeWideSNP_6_F01_771952	14	106918649	107153173	134	-0.0025
RANDS_p_TCGA_b109_SNP_1N_GenomeWideSNP_6_F01_771952	14	107160325	107176213	14	0.7399
RANDS_p_TCGA_b109_SNP_1N_GenomeWideSNP_6_F01_771952	14	107177931	107285437	76	0.101
RANDS_p_TCGA_b109_SNP_1N_GenomeWideSNP_6_F01_771952	15	20016328	22280477	308	0.2826
RANDS_p_TCGA_b109_SNP_1N_GenomeWideSNP_6_F01_771952	15	22284954	30519742	4822	-0.0065
RANDS_p_TCGA_b109_SNP_1N_GenomeWideSNP_6_F01_771952	15	30523088	30611061	36	0.4147
RANDS_p_TCGA_b109_SNP_1N_GenomeWideSNP_6_F01_771952	15	30614734	76878362	29175	-0.0031
RANDS_p_TCGA_b109_SNP_1N_GenomeWideSNP_6_F01_771952	15	76891241	76895775	22	0.8849
RANDS_p_TCGA_b109_SNP_1N_GenomeWideSNP_6_F01_771952	15	76902179	78694688	912	-0.0041
RANDS_p_TCGA_b109_SNP_1N_GenomeWideSNP_6_F01_771952	15	78695911	78706774	2	-2.1879
RANDS_p_TCGA_b109_SNP_1N_GenomeWideSNP_6_F01_771952	15	78707049	102395485	16736	-0.0041
RANDS_p_TCGA_b109_SNP_1N_GenomeWideSNP_6_F01_771952	15	102395843	102469040	17	0.416
RANDS_p_TCGA_b109_SNP_1N_GenomeWideSNP_6_F01_771952	16	60777	16667918	11813	0.9727
RANDS_p_TCGA_b109_SNP_1N_GenomeWideSNP_6_F01_771952	16	16668523	16787094	16	0.2429
RANDS_p_TCGA_b109_SNP_1N_GenomeWideSNP_6_F01_771952	16	16798663	18243036	979	0.9599
RANDS_p_TCGA_b109_SNP_1N_GenomeWideSNP_6_F01_771952	16	18247290	18266540	4	-0.8022
RANDS_p_TCGA_b109_SNP_1N_GenomeWideSNP_6_F01_771952	16	18286515	19944363	720	0.9543
RANDS_p_TCGA_b109_SNP_1N_GenomeWideSNP_6_F01_771952	16	19945650	19967362	29	-2.8758
RANDS_p_TCGA_b109_SNP_1N_GenomeWideSNP_6_F01_771952	16	19970254	20446655	373	0.872
RANDS_p_TCGA_b109_SNP_1N_GenomeWideSNP_6_F01_771952	16	20446922	20447680	3	0.0105
RANDS_p_TCGA_b109_SNP_1N_GenomeWideSNP_6_F01_771952	16	20449522	20545837	58	0.9437
RANDS_p_TCGA_b109_SNP_1N_GenomeWideSNP_6_F01_771952	16	20545852	20546937	4	-0.8824
RANDS_p_TCGA_b109_SNP_1N_GenomeWideSNP_6_F01_771952	16	20548334	32028306	6082	0.9358
RANDS_p_TCGA_b109_SNP_1N_GenomeWideSNP_6_F01_771952	16	32033386	32588622	87	0.6287
RANDS_p_TCGA_b109_SNP_1N_GenomeWideSNP_6_F01_771952	16	32588901	32588909	5	-1.305
RANDS_p_TCGA_b109_SNP_1N_GenomeWideSNP_6_F01_771952	16	32609274	32743481	27	0.4256
RANDS_p_TCGA_b109_SNP_1N_GenomeWideSNP_6_F01_771952	16	32761830	33241953	50	0.814
RANDS_p_TCGA_b109_SNP_1N_GenomeWideSNP_6_F01_771952	16	33300894	33627826	88	0.4062
RANDS_p_TCGA_b109_SNP_1N_GenomeWideSNP_6_F01_771952	16	33631830	48324466	1337	1.1536
RANDS_p_TCGA_b109_SNP_1N_GenomeWideSNP_6_F01_771952	16	48328154	48333354	3	-0.1251
RANDS_p_TCGA_b109_SNP_1N_GenomeWideSNP_6_F01_771952	16	48341208	50703698	1591	1.1674
RANDS_p_TCGA_b109_SNP_1N_GenomeWideSNP_6_F01_771952	16	50708852	54929596	3278	-0.8514
RANDS_p_TCGA_b109_SNP_1N_GenomeWideSNP_6_F01_771952	16	54931756	55302855	305	1.3922
RANDS_p_TCGA_b109_SNP_1N_GenomeWideSNP_6_F01_771952	16	55305393	55794951	437	-0.9103
RANDS_p_TCGA_b109_SNP_1N_GenomeWideSNP_6_F01_771952	16	55795048	55816646	20	-2.7632
RANDS_p_TCGA_b109_SNP_1N_GenomeWideSNP_6_F01_771952	16	55816705	58143300	1375	-0.8486
RANDS_p_TCGA_b109_SNP_1N_GenomeWideSNP_6_F01_771952	16	58143392	58145585	2	-3.3186
RANDS_p_TCGA_b109_SNP_1N_GenomeWideSNP_6_F01_771952	16	58149702	60655648	1616	-0.8031
RANDS_p_TCGA_b109_SNP_1N_GenomeWideSNP_6_F01_771952	16	60659167	61728572	652	1.2865
RANDS_p_TCGA_b109_SNP_1N_GenomeWideSNP_6_F01_771952	16	61730983	69977409	5015	-0.8251
RANDS_p_TCGA_b109_SNP_1N_GenomeWideSNP_6_F01_771952	16	69977435	70049796	7	0.3492
RANDS_p_TCGA_b109_SNP_1N_GenomeWideSNP_6_F01_771952	16	70052384	70213044	46	-0.6273
RANDS_p_TCGA_b109_SNP_1N_GenomeWideSNP_6_F01_771952	16	70234536	70281778	18	0.0752
RANDS_p_TCGA_b109_SNP_1N_GenomeWideSNP_6_F01_771952	16	70286550	70854381	248	-0.7595
RANDS_p_TCGA_b109_SNP_1N_GenomeWideSNP_6_F01_771952	16	70855202	71205194	140	-0.4119
RANDS_p_TCGA_b109_SNP_1N_GenomeWideSNP_6_F01_771952	16	71205908	75237413	2478	-0.8311
RANDS_p_TCGA_b109_SNP_1N_GenomeWideSNP_6_F01_771952	16	75238103	75252306	6	-2.2058
RANDS_p_TCGA_b109_SNP_1N_GenomeWideSNP_6_F01_771952	16	75254493	75281964	23	-1.2124
RANDS_p_TCGA_b109_SNP_1N_GenomeWideSNP_6_F01_771952	16	75290112	75536272	123	-0.7907
RANDS_p_TCGA_b109_SNP_1N_GenomeWideSNP_6_F01_771952	16	75539408	75575997	20	0.151
RANDS_p_TCGA_b109_SNP_1N_GenomeWideSNP_6_F01_771952	16	75575998	80779076	5351	-0.8771
RANDS_p_TCGA_b109_SNP_1N_GenomeWideSNP_6_F01_771952	16	80779181	80779563	4	-3.7316
RANDS_p_TCGA_b109_SNP_1N_GenomeWideSNP_6_F01_771952	16	80783808	88695376	7035	-0.926
RANDS_p_TCGA_b109_SNP_1N_GenomeWideSNP_6_F01_771952	16	88695972	88713213	5	-4.3094
RANDS_p_TCGA_b109_SNP_1N_GenomeWideSNP_6_F01_771952	16	88727566	90287535	614	-0.9609
RANDS_p_TCGA_b109_SNP_1N_GenomeWideSNP_6_F01_771952	17	526	6311316	3529	-0.8652
RANDS_p_TCGA_b109_SNP_1N_GenomeWideSNP_6_F01_771952	17	6311556	6312267	2	-5.7269
RANDS_p_TCGA_b109_SNP_1N_GenomeWideSNP_6_F01_771952	17	6312819	19050926	7978	-0.8607
RANDS_p_TCGA_b109_SNP_1N_GenomeWideSNP_6_F01_771952	17	19093450	20225763	611	0.5141
RANDS_p_TCGA_b109_SNP_1N_GenomeWideSNP_6_F01_771952	17	20242446	20431269	42	0.0632
RANDS_p_TCGA_b109_SNP_1N_GenomeWideSNP_6_F01_771952	17	20433585	39421708	8662	0.4964
RANDS_p_TCGA_b109_SNP_1N_GenomeWideSNP_6_F01_771952	17	39423014	39430531	24	-0.5711
RANDS_p_TCGA_b109_SNP_1N_GenomeWideSNP_6_F01_771952	17	39432724	55687489	9699	0.4995
RANDS_p_TCGA_b109_SNP_1N_GenomeWideSNP_6_F01_771952	17	55688333	55688993	2	-1.3196
RANDS_p_TCGA_b109_SNP_1N_GenomeWideSNP_6_F01_771952	17	55691993	56212514	353	0.5156
RANDS_p_TCGA_b109_SNP_1N_GenomeWideSNP_6_F01_771952	17	56212782	56214094	3	-0.6652
RANDS_p_TCGA_b109_SNP_1N_GenomeWideSNP_6_F01_771952	17	56217398	81049726	14249	0.4997
RANDS_p_TCGA_b109_SNP_1N_GenomeWideSNP_6_F01_771952	18	11543	78015057	50795	0.042
RANDS_p_TCGA_b109_SNP_1N_GenomeWideSNP_6_F01_771952	19	90910	20499882	8960	-0.0094
RANDS_p_TCGA_b109_SNP_1N_GenomeWideSNP_6_F01_771952	19	20575733	20576082	2	-1.3511
RANDS_p_TCGA_b109_SNP_1N_GenomeWideSNP_6_F01_771952	19	20576173	36846681	8305	0.0075
RANDS_p_TCGA_b109_SNP_1N_GenomeWideSNP_6_F01_771952	19	36846729	36847498	6	-1.6653
RANDS_p_TCGA_b109_SNP_1N_GenomeWideSNP_6_F01_771952	19	36847637	43712250	3471	-0.0039
RANDS_p_TCGA_b109_SNP_1N_GenomeWideSNP_6_F01_771952	19	43712598	43756237	19	-0.7488
RANDS_p_TCGA_b109_SNP_1N_GenomeWideSNP_6_F01_771952	19	43766659	59097854	8557	-0.007
RANDS_p_TCGA_b109_SNP_1N_GenomeWideSNP_6_F01_771952	20	61305	1560787	1202	-0.0204
RANDS_p_TCGA_b109_SNP_1N_GenomeWideSNP_6_F01_771952	20	1560802	1593893	45	-0.632
RANDS_p_TCGA_b109_SNP_1N_GenomeWideSNP_6_F01_771952	20	1597946	62956153	41220	-0.0148
RANDS_p_TCGA_b109_SNP_1N_GenomeWideSNP_6_F01_771952	21	10736871	46924193	23708	-0.0033
RANDS_p_TCGA_b109_SNP_1N_GenomeWideSNP_6_F01_771952	21	46926551	46931109	3	1.1282
RANDS_p_TCGA_b109_SNP_1N_GenomeWideSNP_6_F01_771952	21	46931460	48096957	687	-0.0419
RANDS_p_TCGA_b109_SNP_1N_GenomeWideSNP_6_F01_771952	22	16052528	16281201	40	0.162
RANDS_p_TCGA_b109_SNP_1N_GenomeWideSNP_6_F01_771952	22	16281595	16394617	11	-0.5429
RANDS_p_TCGA_b109_SNP_1N_GenomeWideSNP_6_F01_771952	22	16395162	17493366	322	0.1006
RANDS_p_TCGA_b109_SNP_1N_GenomeWideSNP_6_F01_771952	22	17495551	17504945	6	1.0346
RANDS_p_TCGA_b109_SNP_1N_GenomeWideSNP_6_F01_771952	22	17506539	18673357	836	0.0051
RANDS_p_TCGA_b109_SNP_1N_GenomeWideSNP_6_F01_771952	22	18732919	18770527	5	-1.3325
RANDS_p_TCGA_b109_SNP_1N_GenomeWideSNP_6_F01_771952	22	18781546	25102715	3804	-0.0528
RANDS_p_TCGA_b109_SNP_1N_GenomeWideSNP_6_F01_771952	22	25103024	25106411	3	-2.7905
RANDS_p_TCGA_b109_SNP_1N_GenomeWideSNP_6_F01_771952	22	25110876	25661376	431	9e-04
RANDS_p_TCGA_b109_SNP_1N_GenomeWideSNP_6_F01_771952	22	25661698	25930806	308	0.4673
RANDS_p_TCGA_b109_SNP_1N_GenomeWideSNP_6_F01_771952	22	25931033	42776853	11579	-0.0308
RANDS_p_TCGA_b109_SNP_1N_GenomeWideSNP_6_F01_771952	22	42776926	42828743	26	-0.5702
RANDS_p_TCGA_b109_SNP_1N_GenomeWideSNP_6_F01_771952	22	42829067	51234455	6165	-0.0348
RANDS_p_TCGA_b109_SNP_1N_GenomeWideSNP_6_F01_771952	X	168477	42339981	26185	0.0222
RANDS_p_TCGA_b109_SNP_1N_GenomeWideSNP_6_F01_771952	X	42345555	42719845	212	-1.1868
RANDS_p_TCGA_b109_SNP_1N_GenomeWideSNP_6_F01_771952	X	42721251	154385156	57929	0.0228
RANDS_p_TCGA_b109_SNP_1N_GenomeWideSNP_6_F01_771952	X	154392382	154401184	4	-2.2442
RANDS_p_TCGA_b109_SNP_1N_GenomeWideSNP_6_F01_771952	X	154401744	155182354	238	0.0481
RANDS_p_TCGA_b109_SNP_1N_GenomeWideSNP_6_F01_771952	Y	2650438	2985595	151	-3.5625
RANDS_p_TCGA_b109_SNP_1N_GenomeWideSNP_6_F01_771952	Y	2985939	6101425	720	-2.8698
RANDS_p_TCGA_b109_SNP_1N_GenomeWideSNP_6_F01_771952	Y	6107901	6296423	85	-5.0521
RANDS_p_TCGA_b109_SNP_1N_GenomeWideSNP_6_F01_771952	Y	6299046	8373383	1135	-3.6228
RANDS_p_TCGA_b109_SNP_1N_GenomeWideSNP_6_F01_771952	Y	8375575	9375572	370	-3.9436
RANDS_p_TCGA_b109_SNP_1N_GenomeWideSNP_6_F01_771952	Y	9376008	9387444	5	-7.8775
RANDS_p_TCGA_b109_SNP_1N_GenomeWideSNP_6_F01_771952	Y	9387994	9759564	160	-4.3076
RANDS_p_TCGA_b109_SNP_1N_GenomeWideSNP_6_F01_771952	Y	9774614	18534435	2487	-3.4727
RANDS_p_TCGA_b109_SNP_1N_GenomeWideSNP_6_F01_771952	Y	18534603	19570632	547	-2.6055
RANDS_p_TCGA_b109_SNP_1N_GenomeWideSNP_6_F01_771952	Y	19571480	20890332	607	-3.4007
RANDS_p_TCGA_b109_SNP_1N_GenomeWideSNP_6_F01_771952	Y	20891515	20919456	10	-5.3917
RANDS_p_TCGA_b109_SNP_1N_GenomeWideSNP_6_F01_771952	Y	20924920	21024613	56	-3.916
RANDS_p_TCGA_b109_SNP_1N_GenomeWideSNP_6_F01_771952	Y	21025062	23859163	1085	-2.9969
RANDS_p_TCGA_b109_SNP_1N_GenomeWideSNP_6_F01_771952	Y	23859468	24353469	111	-3.6521
RANDS_p_TCGA_b109_SNP_1N_GenomeWideSNP_6_F01_771952	Y	24359931	24516975	84	-2.9608
RANDS_p_TCGA_b109_SNP_1N_GenomeWideSNP_6_F01_771952	Y	24525360	24877908	57	-3.6765
RANDS_p_TCGA_b109_SNP_1N_GenomeWideSNP_6_F01_771952	Y	24878447	24892451	15	-5.3401
RANDS_p_TCGA_b109_SNP_1N_GenomeWideSNP_6_F01_771952	Y	24892803	26427522	299	-3.5459
RANDS_p_TCGA_b109_SNP_1N_GenomeWideSNP_6_F01_771952	Y	26430674	26517533	30	-2.2262
RANDS_p_TCGA_b109_SNP_1N_GenomeWideSNP_6_F01_771952	Y	26526212	27367487	92	-4.1083
RANDS_p_TCGA_b109_SNP_1N_GenomeWideSNP_6_F01_771952	Y	27436702	27720551	92	-2.8093
RANDS_p_TCGA_b109_SNP_1N_GenomeWideSNP_6_F01_771952	Y	27721084	28423938	251	-3.7161
RANDS_p_TCGA_b109_SNP_1N_GenomeWideSNP_6_F01_771952	Y	28438116	59018259	183	-2.4739
