Sample	Chromosome	Start	End	Num_Probes	Segment_Mean
RANDS_p_TCGA_b109_SNP_1N_GenomeWideSNP_6_D07_771902	1	61735	534551	31	0.0197
RANDS_p_TCGA_b109_SNP_1N_GenomeWideSNP_6_D07_771902	1	564621	4734514	1696	-0.3979
RANDS_p_TCGA_b109_SNP_1N_GenomeWideSNP_6_D07_771902	1	4735056	4735908	2	-2.3236
RANDS_p_TCGA_b109_SNP_1N_GenomeWideSNP_6_D07_771902	1	4736456	12834580	4760	-0.4145
RANDS_p_TCGA_b109_SNP_1N_GenomeWideSNP_6_D07_771902	1	12835868	13544175	80	-0.11
RANDS_p_TCGA_b109_SNP_1N_GenomeWideSNP_6_D07_771902	1	13546586	17190862	2225	-0.4033
RANDS_p_TCGA_b109_SNP_1N_GenomeWideSNP_6_D07_771902	1	17195155	17214822	6	-1.4198
RANDS_p_TCGA_b109_SNP_1N_GenomeWideSNP_6_D07_771902	1	17217283	17246009	21	-0.5757
RANDS_p_TCGA_b109_SNP_1N_GenomeWideSNP_6_D07_771902	1	17246171	17257943	17	-1.2679
RANDS_p_TCGA_b109_SNP_1N_GenomeWideSNP_6_D07_771902	1	17258139	25583341	5277	-0.4174
RANDS_p_TCGA_b109_SNP_1N_GenomeWideSNP_6_D07_771902	1	25593128	25678362	36	0.1468
RANDS_p_TCGA_b109_SNP_1N_GenomeWideSNP_6_D07_771902	1	25678377	30479770	2170	-0.4185
RANDS_p_TCGA_b109_SNP_1N_GenomeWideSNP_6_D07_771902	1	30485510	30487394	4	-5.5492
RANDS_p_TCGA_b109_SNP_1N_GenomeWideSNP_6_D07_771902	1	30488561	72763370	26619	-0.4151
RANDS_p_TCGA_b109_SNP_1N_GenomeWideSNP_6_D07_771902	1	72768418	72811148	48	0.6635
RANDS_p_TCGA_b109_SNP_1N_GenomeWideSNP_6_D07_771902	1	72811904	89475135	10953	-0.4209
RANDS_p_TCGA_b109_SNP_1N_GenomeWideSNP_6_D07_771902	1	89475230	89478205	4	-2.2741
RANDS_p_TCGA_b109_SNP_1N_GenomeWideSNP_6_D07_771902	1	89481524	90552424	649	-0.4375
RANDS_p_TCGA_b109_SNP_1N_GenomeWideSNP_6_D07_771902	1	90555907	90556150	2	-2.4011
RANDS_p_TCGA_b109_SNP_1N_GenomeWideSNP_6_D07_771902	1	90556980	95284778	3004	-0.4207
RANDS_p_TCGA_b109_SNP_1N_GenomeWideSNP_6_D07_771902	1	95287080	95287687	2	-2.345
RANDS_p_TCGA_b109_SNP_1N_GenomeWideSNP_6_D07_771902	1	95288808	103317669	5076	-0.42
RANDS_p_TCGA_b109_SNP_1N_GenomeWideSNP_6_D07_771902	1	103318243	103321719	2	-2.2532
RANDS_p_TCGA_b109_SNP_1N_GenomeWideSNP_6_D07_771902	1	103322341	104163787	350	-0.391
RANDS_p_TCGA_b109_SNP_1N_GenomeWideSNP_6_D07_771902	1	104178038	104268222	25	-1.3817
RANDS_p_TCGA_b109_SNP_1N_GenomeWideSNP_6_D07_771902	1	104303403	106013376	919	-0.4082
RANDS_p_TCGA_b109_SNP_1N_GenomeWideSNP_6_D07_771902	1	106019205	106022375	17	-1.4068
RANDS_p_TCGA_b109_SNP_1N_GenomeWideSNP_6_D07_771902	1	106024055	110232974	2666	-0.421
RANDS_p_TCGA_b109_SNP_1N_GenomeWideSNP_6_D07_771902	1	110233037	110240178	16	-1.172
RANDS_p_TCGA_b109_SNP_1N_GenomeWideSNP_6_D07_771902	1	110242953	112690326	1955	-0.4341
RANDS_p_TCGA_b109_SNP_1N_GenomeWideSNP_6_D07_771902	1	112695965	112705956	26	0.0376
RANDS_p_TCGA_b109_SNP_1N_GenomeWideSNP_6_D07_771902	1	112706060	121303958	5161	-0.4089
RANDS_p_TCGA_b109_SNP_1N_GenomeWideSNP_6_D07_771902	1	121304304	144914863	126	-0.1936
RANDS_p_TCGA_b109_SNP_1N_GenomeWideSNP_6_D07_771902	1	144916995	144921857	3	-2.8174
RANDS_p_TCGA_b109_SNP_1N_GenomeWideSNP_6_D07_771902	1	144935489	146156692	334	-0.4014
RANDS_p_TCGA_b109_SNP_1N_GenomeWideSNP_6_D07_771902	1	146476526	146777009	220	0.3668
RANDS_p_TCGA_b109_SNP_1N_GenomeWideSNP_6_D07_771902	1	146779407	149041225	526	-0.3948
RANDS_p_TCGA_b109_SNP_1N_GenomeWideSNP_6_D07_771902	1	149041518	149202798	76	-1.6688
RANDS_p_TCGA_b109_SNP_1N_GenomeWideSNP_6_D07_771902	1	149202878	149732625	111	-0.5124
RANDS_p_TCGA_b109_SNP_1N_GenomeWideSNP_6_D07_771902	1	149732729	152555706	1470	0.2616
RANDS_p_TCGA_b109_SNP_1N_GenomeWideSNP_6_D07_771902	1	152555767	152586238	30	1.4139
RANDS_p_TCGA_b109_SNP_1N_GenomeWideSNP_6_D07_771902	1	152586278	160949296	5243	0.2788
RANDS_p_TCGA_b109_SNP_1N_GenomeWideSNP_6_D07_771902	1	160956745	161094413	72	-0.43
RANDS_p_TCGA_b109_SNP_1N_GenomeWideSNP_6_D07_771902	1	161098482	161255504	66	0.1963
RANDS_p_TCGA_b109_SNP_1N_GenomeWideSNP_6_D07_771902	1	161257678	161468528	95	-0.4893
RANDS_p_TCGA_b109_SNP_1N_GenomeWideSNP_6_D07_771902	1	161471384	161650494	65	-0.0511
RANDS_p_TCGA_b109_SNP_1N_GenomeWideSNP_6_D07_771902	1	161650621	164844117	2511	-0.4325
RANDS_p_TCGA_b109_SNP_1N_GenomeWideSNP_6_D07_771902	1	164848510	167516470	2175	0.3255
RANDS_p_TCGA_b109_SNP_1N_GenomeWideSNP_6_D07_771902	1	167526473	182413632	10042	-0.4375
RANDS_p_TCGA_b109_SNP_1N_GenomeWideSNP_6_D07_771902	1	182419640	184330372	1324	0.2927
RANDS_p_TCGA_b109_SNP_1N_GenomeWideSNP_6_D07_771902	1	184332890	184332991	2	-1.6763
RANDS_p_TCGA_b109_SNP_1N_GenomeWideSNP_6_D07_771902	1	184333563	196714822	8142	0.2817
RANDS_p_TCGA_b109_SNP_1N_GenomeWideSNP_6_D07_771902	1	196714873	196758159	40	-1.728
RANDS_p_TCGA_b109_SNP_1N_GenomeWideSNP_6_D07_771902	1	196759274	196812507	55	-0.7645
RANDS_p_TCGA_b109_SNP_1N_GenomeWideSNP_6_D07_771902	1	196812530	196815791	2	-2.4923
RANDS_p_TCGA_b109_SNP_1N_GenomeWideSNP_6_D07_771902	1	196816730	223016406	17777	0.3029
RANDS_p_TCGA_b109_SNP_1N_GenomeWideSNP_6_D07_771902	1	223017325	223023769	6	-1.4814
RANDS_p_TCGA_b109_SNP_1N_GenomeWideSNP_6_D07_771902	1	223026717	249224388	18169	0.3045
RANDS_p_TCGA_b109_SNP_1N_GenomeWideSNP_6_D07_771902	2	12784	14703694	11052	0.3094
RANDS_p_TCGA_b109_SNP_1N_GenomeWideSNP_6_D07_771902	2	14704949	14710092	12	-0.8629
RANDS_p_TCGA_b109_SNP_1N_GenomeWideSNP_6_D07_771902	2	14710364	34699315	13048	0.3088
RANDS_p_TCGA_b109_SNP_1N_GenomeWideSNP_6_D07_771902	2	34701394	34737057	45	-2.0004
RANDS_p_TCGA_b109_SNP_1N_GenomeWideSNP_6_D07_771902	2	34737163	35975973	875	0.2771
RANDS_p_TCGA_b109_SNP_1N_GenomeWideSNP_6_D07_771902	2	35977790	35986908	5	-1.4355
RANDS_p_TCGA_b109_SNP_1N_GenomeWideSNP_6_D07_771902	2	35987916	38954495	2321	0.3048
RANDS_p_TCGA_b109_SNP_1N_GenomeWideSNP_6_D07_771902	2	38955866	38972281	8	1.0392
RANDS_p_TCGA_b109_SNP_1N_GenomeWideSNP_6_D07_771902	2	38972826	41238235	1617	0.3054
RANDS_p_TCGA_b109_SNP_1N_GenomeWideSNP_6_D07_771902	2	41238443	41245887	23	-0.4555
RANDS_p_TCGA_b109_SNP_1N_GenomeWideSNP_6_D07_771902	2	41251233	52743925	8195	0.2912
RANDS_p_TCGA_b109_SNP_1N_GenomeWideSNP_6_D07_771902	2	52754468	52781522	39	-0.438
RANDS_p_TCGA_b109_SNP_1N_GenomeWideSNP_6_D07_771902	2	52781542	89568468	22871	0.2788
RANDS_p_TCGA_b109_SNP_1N_GenomeWideSNP_6_D07_771902	2	89570986	90121433	85	-0.4313
RANDS_p_TCGA_b109_SNP_1N_GenomeWideSNP_6_D07_771902	2	90121466	90130130	11	0.2522
RANDS_p_TCGA_b109_SNP_1N_GenomeWideSNP_6_D07_771902	2	90130158	90225038	37	-0.3844
RANDS_p_TCGA_b109_SNP_1N_GenomeWideSNP_6_D07_771902	2	90225053	90248524	30	-0.7856
RANDS_p_TCGA_b109_SNP_1N_GenomeWideSNP_6_D07_771902	2	90248784	90267121	7	-0.1379
RANDS_p_TCGA_b109_SNP_1N_GenomeWideSNP_6_D07_771902	2	90269005	91704736	19	0.2214
RANDS_p_TCGA_b109_SNP_1N_GenomeWideSNP_6_D07_771902	2	91727980	91918263	53	-0.0932
RANDS_p_TCGA_b109_SNP_1N_GenomeWideSNP_6_D07_771902	2	91921805	133034717	21643	0.2723
RANDS_p_TCGA_b109_SNP_1N_GenomeWideSNP_6_D07_771902	2	133038340	133114639	29	0.7978
RANDS_p_TCGA_b109_SNP_1N_GenomeWideSNP_6_D07_771902	2	133115037	146862085	8849	0.2578
RANDS_p_TCGA_b109_SNP_1N_GenomeWideSNP_6_D07_771902	2	146864404	146866934	24	0.8785
RANDS_p_TCGA_b109_SNP_1N_GenomeWideSNP_6_D07_771902	2	146877806	164716037	10636	0.2527
RANDS_p_TCGA_b109_SNP_1N_GenomeWideSNP_6_D07_771902	2	164716970	164718561	4	-0.7708
RANDS_p_TCGA_b109_SNP_1N_GenomeWideSNP_6_D07_771902	2	164720735	180061655	9659	0.2651
RANDS_p_TCGA_b109_SNP_1N_GenomeWideSNP_6_D07_771902	2	180067192	180076663	2	-1.6562
RANDS_p_TCGA_b109_SNP_1N_GenomeWideSNP_6_D07_771902	2	180079144	184085453	2572	0.2534
RANDS_p_TCGA_b109_SNP_1N_GenomeWideSNP_6_D07_771902	2	184085788	184089145	8	-0.5827
RANDS_p_TCGA_b109_SNP_1N_GenomeWideSNP_6_D07_771902	2	184089724	208350039	14116	0.2488
RANDS_p_TCGA_b109_SNP_1N_GenomeWideSNP_6_D07_771902	2	208350191	208359519	26	0.6836
RANDS_p_TCGA_b109_SNP_1N_GenomeWideSNP_6_D07_771902	2	208359560	225786241	11294	0.2714
RANDS_p_TCGA_b109_SNP_1N_GenomeWideSNP_6_D07_771902	2	225786329	225787054	4	-0.9088
RANDS_p_TCGA_b109_SNP_1N_GenomeWideSNP_6_D07_771902	2	225787338	228240198	1624	0.2598
RANDS_p_TCGA_b109_SNP_1N_GenomeWideSNP_6_D07_771902	2	228246529	228254272	6	1.1778
RANDS_p_TCGA_b109_SNP_1N_GenomeWideSNP_6_D07_771902	2	228258857	243089456	9213	0.283
RANDS_p_TCGA_b109_SNP_1N_GenomeWideSNP_6_D07_771902	3	60345	224602	156	-0.4716
RANDS_p_TCGA_b109_SNP_1N_GenomeWideSNP_6_D07_771902	3	230022	232800	4	-2.2489
RANDS_p_TCGA_b109_SNP_1N_GenomeWideSNP_6_D07_771902	3	234877	3794431	3228	-0.4445
RANDS_p_TCGA_b109_SNP_1N_GenomeWideSNP_6_D07_771902	3	3794591	3796045	2	-2.7075
RANDS_p_TCGA_b109_SNP_1N_GenomeWideSNP_6_D07_771902	3	3796074	4050861	212	-0.4465
RANDS_p_TCGA_b109_SNP_1N_GenomeWideSNP_6_D07_771902	3	4050863	4122118	101	-0.1338
RANDS_p_TCGA_b109_SNP_1N_GenomeWideSNP_6_D07_771902	3	4123628	25430835	15380	-0.4169
RANDS_p_TCGA_b109_SNP_1N_GenomeWideSNP_6_D07_771902	3	25431174	25431234	2	-2.9983
RANDS_p_TCGA_b109_SNP_1N_GenomeWideSNP_6_D07_771902	3	25431389	75394435	33524	-0.4092
RANDS_p_TCGA_b109_SNP_1N_GenomeWideSNP_6_D07_771902	3	75396818	75548734	61	-0.0907
RANDS_p_TCGA_b109_SNP_1N_GenomeWideSNP_6_D07_771902	3	75549718	75596246	14	0.5193
RANDS_p_TCGA_b109_SNP_1N_GenomeWideSNP_6_D07_771902	3	75608639	75921344	87	-0.0353
RANDS_p_TCGA_b109_SNP_1N_GenomeWideSNP_6_D07_771902	3	75922993	87212479	6339	-0.4088
RANDS_p_TCGA_b109_SNP_1N_GenomeWideSNP_6_D07_771902	3	87212726	88309014	569	0.2948
RANDS_p_TCGA_b109_SNP_1N_GenomeWideSNP_6_D07_771902	3	88313265	88514808	114	-0.3866
RANDS_p_TCGA_b109_SNP_1N_GenomeWideSNP_6_D07_771902	3	88518896	88859625	176	0.2999
RANDS_p_TCGA_b109_SNP_1N_GenomeWideSNP_6_D07_771902	3	88861804	89198577	204	-0.3808
RANDS_p_TCGA_b109_SNP_1N_GenomeWideSNP_6_D07_771902	3	89206077	89670015	387	0.3462
RANDS_p_TCGA_b109_SNP_1N_GenomeWideSNP_6_D07_771902	3	89671333	89678599	9	-0.6781
RANDS_p_TCGA_b109_SNP_1N_GenomeWideSNP_6_D07_771902	3	89685307	90059611	153	0.3113
RANDS_p_TCGA_b109_SNP_1N_GenomeWideSNP_6_D07_771902	3	90063831	90122826	25	-0.4886
RANDS_p_TCGA_b109_SNP_1N_GenomeWideSNP_6_D07_771902	3	90129439	107033464	7755	0.2901
RANDS_p_TCGA_b109_SNP_1N_GenomeWideSNP_6_D07_771902	3	107035798	107036184	2	1.6779
RANDS_p_TCGA_b109_SNP_1N_GenomeWideSNP_6_D07_771902	3	107039461	124053392	10551	0.2918
RANDS_p_TCGA_b109_SNP_1N_GenomeWideSNP_6_D07_771902	3	124054603	124054835	2	-1.2998
RANDS_p_TCGA_b109_SNP_1N_GenomeWideSNP_6_D07_771902	3	124054964	125435432	934	0.2804
RANDS_p_TCGA_b109_SNP_1N_GenomeWideSNP_6_D07_771902	3	125436237	125469421	14	0.9086
RANDS_p_TCGA_b109_SNP_1N_GenomeWideSNP_6_D07_771902	3	125475334	168730180	26324	0.2965
RANDS_p_TCGA_b109_SNP_1N_GenomeWideSNP_6_D07_771902	3	168733402	168738628	2	-1.6271
RANDS_p_TCGA_b109_SNP_1N_GenomeWideSNP_6_D07_771902	3	168739827	195284382	17256	0.2947
RANDS_p_TCGA_b109_SNP_1N_GenomeWideSNP_6_D07_771902	3	195285664	195442567	25	-0.081
RANDS_p_TCGA_b109_SNP_1N_GenomeWideSNP_6_D07_771902	3	195442582	197896118	1197	0.3061
RANDS_p_TCGA_b109_SNP_1N_GenomeWideSNP_6_D07_771902	4	12281	36331	27	-0.3265
RANDS_p_TCGA_b109_SNP_1N_GenomeWideSNP_6_D07_771902	4	36768	62126	27	-0.8929
RANDS_p_TCGA_b109_SNP_1N_GenomeWideSNP_6_D07_771902	4	65677	3897744	1583	-0.411
RANDS_p_TCGA_b109_SNP_1N_GenomeWideSNP_6_D07_771902	4	3900852	4119686	62	-0.054
RANDS_p_TCGA_b109_SNP_1N_GenomeWideSNP_6_D07_771902	4	4122828	4184290	20	0.3835
RANDS_p_TCGA_b109_SNP_1N_GenomeWideSNP_6_D07_771902	4	4184697	5396027	954	-0.3978
RANDS_p_TCGA_b109_SNP_1N_GenomeWideSNP_6_D07_771902	4	5397431	5398712	3	-2.3099
RANDS_p_TCGA_b109_SNP_1N_GenomeWideSNP_6_D07_771902	4	5398808	9451347	2549	-0.3957
RANDS_p_TCGA_b109_SNP_1N_GenomeWideSNP_6_D07_771902	4	9451923	9479345	11	0.7823
RANDS_p_TCGA_b109_SNP_1N_GenomeWideSNP_6_D07_771902	4	9486087	9580012	28	0.0845
RANDS_p_TCGA_b109_SNP_1N_GenomeWideSNP_6_D07_771902	4	9586313	49089374	26495	-0.4118
RANDS_p_TCGA_b109_SNP_1N_GenomeWideSNP_6_D07_771902	4	49093786	49656595	39	0.1515
RANDS_p_TCGA_b109_SNP_1N_GenomeWideSNP_6_D07_771902	4	49658223	64707605	7591	-0.4079
RANDS_p_TCGA_b109_SNP_1N_GenomeWideSNP_6_D07_771902	4	64707754	64708258	6	-2.6428
RANDS_p_TCGA_b109_SNP_1N_GenomeWideSNP_6_D07_771902	4	64716431	69367142	2869	-0.4196
RANDS_p_TCGA_b109_SNP_1N_GenomeWideSNP_6_D07_771902	4	69372003	69521409	70	0.0427
RANDS_p_TCGA_b109_SNP_1N_GenomeWideSNP_6_D07_771902	4	69528959	86316428	10329	-0.4046
RANDS_p_TCGA_b109_SNP_1N_GenomeWideSNP_6_D07_771902	4	86324046	86324102	2	-3.1854
RANDS_p_TCGA_b109_SNP_1N_GenomeWideSNP_6_D07_771902	4	86324115	115173700	17358	-0.4019
RANDS_p_TCGA_b109_SNP_1N_GenomeWideSNP_6_D07_771902	4	115175323	115182175	23	0.4262
RANDS_p_TCGA_b109_SNP_1N_GenomeWideSNP_6_D07_771902	4	115184229	190785565	47114	-0.4037
RANDS_p_TCGA_b109_SNP_1N_GenomeWideSNP_6_D07_771902	4	190791543	191027923	62	0.0146
RANDS_p_TCGA_b109_SNP_1N_GenomeWideSNP_6_D07_771902	5	15532	685504	306	0.3064
RANDS_p_TCGA_b109_SNP_1N_GenomeWideSNP_6_D07_771902	5	685748	809806	44	0.957
RANDS_p_TCGA_b109_SNP_1N_GenomeWideSNP_6_D07_771902	5	817850	21376844	15375	0.301
RANDS_p_TCGA_b109_SNP_1N_GenomeWideSNP_6_D07_771902	5	21377839	21377853	2	1.9161
RANDS_p_TCGA_b109_SNP_1N_GenomeWideSNP_6_D07_771902	5	21386066	21451277	47	0.2783
RANDS_p_TCGA_b109_SNP_1N_GenomeWideSNP_6_D07_771902	5	21451964	21452438	3	1.3386
RANDS_p_TCGA_b109_SNP_1N_GenomeWideSNP_6_D07_771902	5	21452496	46271108	15027	0.2811
RANDS_p_TCGA_b109_SNP_1N_GenomeWideSNP_6_D07_771902	5	46271930	46273502	6	-2.1296
RANDS_p_TCGA_b109_SNP_1N_GenomeWideSNP_6_D07_771902	5	46278212	57321646	5082	0.2637
RANDS_p_TCGA_b109_SNP_1N_GenomeWideSNP_6_D07_771902	5	57326027	57333515	31	-0.3157
RANDS_p_TCGA_b109_SNP_1N_GenomeWideSNP_6_D07_771902	5	57333533	118659305	37123	0.2726
RANDS_p_TCGA_b109_SNP_1N_GenomeWideSNP_6_D07_771902	5	118659579	118660289	2	-2.1472
RANDS_p_TCGA_b109_SNP_1N_GenomeWideSNP_6_D07_771902	5	118660500	180378888	39901	0.3049
RANDS_p_TCGA_b109_SNP_1N_GenomeWideSNP_6_D07_771902	5	180380203	180414465	12	1.1578
RANDS_p_TCGA_b109_SNP_1N_GenomeWideSNP_6_D07_771902	5	180417207	180790320	176	0.3455
RANDS_p_TCGA_b109_SNP_1N_GenomeWideSNP_6_D07_771902	6	149661	29837072	21738	0.297
RANDS_p_TCGA_b109_SNP_1N_GenomeWideSNP_6_D07_771902	6	29837187	29881258	27	1.0503
RANDS_p_TCGA_b109_SNP_1N_GenomeWideSNP_6_D07_771902	6	29881347	29926461	29	0.3634
RANDS_p_TCGA_b109_SNP_1N_GenomeWideSNP_6_D07_771902	6	29936307	29937104	2	-1.0545
RANDS_p_TCGA_b109_SNP_1N_GenomeWideSNP_6_D07_771902	6	29937262	32604372	1205	0.3391
RANDS_p_TCGA_b109_SNP_1N_GenomeWideSNP_6_D07_771902	6	32605576	32658310	19	-0.0979
RANDS_p_TCGA_b109_SNP_1N_GenomeWideSNP_6_D07_771902	6	32663564	53931084	13741	0.3004
RANDS_p_TCGA_b109_SNP_1N_GenomeWideSNP_6_D07_771902	6	53931151	53931855	7	-1.1606
RANDS_p_TCGA_b109_SNP_1N_GenomeWideSNP_6_D07_771902	6	53935348	78962889	13306	0.285
RANDS_p_TCGA_b109_SNP_1N_GenomeWideSNP_6_D07_771902	6	78969065	79046661	121	-0.3647
RANDS_p_TCGA_b109_SNP_1N_GenomeWideSNP_6_D07_771902	6	79051614	83695021	3000	0.2958
RANDS_p_TCGA_b109_SNP_1N_GenomeWideSNP_6_D07_771902	6	83695575	83697902	2	-1.4038
RANDS_p_TCGA_b109_SNP_1N_GenomeWideSNP_6_D07_771902	6	83697930	103730553	12478	0.2917
RANDS_p_TCGA_b109_SNP_1N_GenomeWideSNP_6_D07_771902	6	103734174	103754794	38	-0.0544
RANDS_p_TCGA_b109_SNP_1N_GenomeWideSNP_6_D07_771902	6	103754819	157779495	34818	0.2904
RANDS_p_TCGA_b109_SNP_1N_GenomeWideSNP_6_D07_771902	6	157781264	157829617	8	1.1464
RANDS_p_TCGA_b109_SNP_1N_GenomeWideSNP_6_D07_771902	6	157835571	159312038	905	0.3009
RANDS_p_TCGA_b109_SNP_1N_GenomeWideSNP_6_D07_771902	6	159316430	159318841	6	-0.8649
RANDS_p_TCGA_b109_SNP_1N_GenomeWideSNP_6_D07_771902	6	159321576	171051005	8516	0.3169
RANDS_p_TCGA_b109_SNP_1N_GenomeWideSNP_6_D07_771902	7	43355	6837068	3424	-0.4207
RANDS_p_TCGA_b109_SNP_1N_GenomeWideSNP_6_D07_771902	7	6838724	7058424	76	-0.1068
RANDS_p_TCGA_b109_SNP_1N_GenomeWideSNP_6_D07_771902	7	7058581	43620294	27545	-0.4209
RANDS_p_TCGA_b109_SNP_1N_GenomeWideSNP_6_D07_771902	7	43628168	43631368	4	-2.07
RANDS_p_TCGA_b109_SNP_1N_GenomeWideSNP_6_D07_771902	7	43636186	44178743	263	-0.4113
RANDS_p_TCGA_b109_SNP_1N_GenomeWideSNP_6_D07_771902	7	44183510	44437405	97	1.3723
RANDS_p_TCGA_b109_SNP_1N_GenomeWideSNP_6_D07_771902	7	44443455	54380373	7057	-0.4058
RANDS_p_TCGA_b109_SNP_1N_GenomeWideSNP_6_D07_771902	7	54386505	54386517	6	1.1342
RANDS_p_TCGA_b109_SNP_1N_GenomeWideSNP_6_D07_771902	7	54393488	61876144	2136	-0.3627
RANDS_p_TCGA_b109_SNP_1N_GenomeWideSNP_6_D07_771902	7	61888128	61987257	4	0.2574
RANDS_p_TCGA_b109_SNP_1N_GenomeWideSNP_6_D07_771902	7	61987294	62156338	46	0.7215
RANDS_p_TCGA_b109_SNP_1N_GenomeWideSNP_6_D07_771902	7	62156489	62162048	13	-0.0578
RANDS_p_TCGA_b109_SNP_1N_GenomeWideSNP_6_D07_771902	7	62162112	68399773	2874	0.7293
RANDS_p_TCGA_b109_SNP_1N_GenomeWideSNP_6_D07_771902	7	68406060	68407050	2	-1.736
RANDS_p_TCGA_b109_SNP_1N_GenomeWideSNP_6_D07_771902	7	68407196	78900485	5289	0.7449
RANDS_p_TCGA_b109_SNP_1N_GenomeWideSNP_6_D07_771902	7	78902584	100325189	13098	0.2766
RANDS_p_TCGA_b109_SNP_1N_GenomeWideSNP_6_D07_771902	7	100329244	100332842	3	-1.5745
RANDS_p_TCGA_b109_SNP_1N_GenomeWideSNP_6_D07_771902	7	100351005	117827536	10519	0.2736
RANDS_p_TCGA_b109_SNP_1N_GenomeWideSNP_6_D07_771902	7	117831743	117831744	2	-2.2156
RANDS_p_TCGA_b109_SNP_1N_GenomeWideSNP_6_D07_771902	7	117834724	126045556	4898	0.2786
RANDS_p_TCGA_b109_SNP_1N_GenomeWideSNP_6_D07_771902	7	126045651	126046876	11	-1.3868
RANDS_p_TCGA_b109_SNP_1N_GenomeWideSNP_6_D07_771902	7	126046877	133785177	4704	0.2865
RANDS_p_TCGA_b109_SNP_1N_GenomeWideSNP_6_D07_771902	7	133785195	133790443	23	-0.9605
RANDS_p_TCGA_b109_SNP_1N_GenomeWideSNP_6_D07_771902	7	133795634	142474939	5701	0.2845
RANDS_p_TCGA_b109_SNP_1N_GenomeWideSNP_6_D07_771902	7	142476719	142486045	27	-1.5353
RANDS_p_TCGA_b109_SNP_1N_GenomeWideSNP_6_D07_771902	7	142486115	143873952	837	0.3178
RANDS_p_TCGA_b109_SNP_1N_GenomeWideSNP_6_D07_771902	7	143896252	144066947	44	1.2394
RANDS_p_TCGA_b109_SNP_1N_GenomeWideSNP_6_D07_771902	7	144074929	145148265	683	0.2784
RANDS_p_TCGA_b109_SNP_1N_GenomeWideSNP_6_D07_771902	7	145148367	145151681	3	-3.689
RANDS_p_TCGA_b109_SNP_1N_GenomeWideSNP_6_D07_771902	7	145155667	145168607	6	0.9837
RANDS_p_TCGA_b109_SNP_1N_GenomeWideSNP_6_D07_771902	7	145170780	151677673	4051	0.296
RANDS_p_TCGA_b109_SNP_1N_GenomeWideSNP_6_D07_771902	7	151678346	151678600	2	-1.1745
RANDS_p_TCGA_b109_SNP_1N_GenomeWideSNP_6_D07_771902	7	151680072	154389895	1705	0.2891
RANDS_p_TCGA_b109_SNP_1N_GenomeWideSNP_6_D07_771902	7	154393171	154399613	4	-2.1845
RANDS_p_TCGA_b109_SNP_1N_GenomeWideSNP_6_D07_771902	7	154400830	159127004	3244	0.3341
RANDS_p_TCGA_b109_SNP_1N_GenomeWideSNP_6_D07_771902	8	31254	594973	325	-0.454
RANDS_p_TCGA_b109_SNP_1N_GenomeWideSNP_6_D07_771902	8	595220	595908	8	1.539
RANDS_p_TCGA_b109_SNP_1N_GenomeWideSNP_6_D07_771902	8	601043	4907685	4870	-0.4674
RANDS_p_TCGA_b109_SNP_1N_GenomeWideSNP_6_D07_771902	8	4908298	4911422	10	-4.6826
RANDS_p_TCGA_b109_SNP_1N_GenomeWideSNP_6_D07_771902	8	4915575	5864927	1222	-0.4843
RANDS_p_TCGA_b109_SNP_1N_GenomeWideSNP_6_D07_771902	8	5868800	5868845	2	-2.9835
RANDS_p_TCGA_b109_SNP_1N_GenomeWideSNP_6_D07_771902	8	5869938	6935820	1323	-0.4341
RANDS_p_TCGA_b109_SNP_1N_GenomeWideSNP_6_D07_771902	8	6935943	7170474	31	0.1657
RANDS_p_TCGA_b109_SNP_1N_GenomeWideSNP_6_D07_771902	8	7170489	7255110	36	-0.3245
RANDS_p_TCGA_b109_SNP_1N_GenomeWideSNP_6_D07_771902	8	7267365	8092025	213	0.0377
RANDS_p_TCGA_b109_SNP_1N_GenomeWideSNP_6_D07_771902	8	8093182	9053914	883	-0.4661
RANDS_p_TCGA_b109_SNP_1N_GenomeWideSNP_6_D07_771902	8	9056367	9062475	26	-1.7269
RANDS_p_TCGA_b109_SNP_1N_GenomeWideSNP_6_D07_771902	8	9062526	11861809	2296	-0.4487
RANDS_p_TCGA_b109_SNP_1N_GenomeWideSNP_6_D07_771902	8	11877195	12234251	31	0.1629
RANDS_p_TCGA_b109_SNP_1N_GenomeWideSNP_6_D07_771902	8	12234298	12304112	48	0.5581
RANDS_p_TCGA_b109_SNP_1N_GenomeWideSNP_6_D07_771902	8	12304542	12552851	77	0.0603
RANDS_p_TCGA_b109_SNP_1N_GenomeWideSNP_6_D07_771902	8	12554743	24974476	10365	-0.4414
RANDS_p_TCGA_b109_SNP_1N_GenomeWideSNP_6_D07_771902	8	24974522	24984333	25	-1.5085
RANDS_p_TCGA_b109_SNP_1N_GenomeWideSNP_6_D07_771902	8	24991104	33175753	5741	-0.4389
RANDS_p_TCGA_b109_SNP_1N_GenomeWideSNP_6_D07_771902	8	33178822	34857556	937	1.9768
RANDS_p_TCGA_b109_SNP_1N_GenomeWideSNP_6_D07_771902	8	34860377	35126989	151	-0.4667
RANDS_p_TCGA_b109_SNP_1N_GenomeWideSNP_6_D07_771902	8	35127964	35650655	313	1.3692
RANDS_p_TCGA_b109_SNP_1N_GenomeWideSNP_6_D07_771902	8	35654140	36255144	284	1.0895
RANDS_p_TCGA_b109_SNP_1N_GenomeWideSNP_6_D07_771902	8	36256428	38115714	1007	1.7879
RANDS_p_TCGA_b109_SNP_1N_GenomeWideSNP_6_D07_771902	8	38116709	38291323	88	2.0739
RANDS_p_TCGA_b109_SNP_1N_GenomeWideSNP_6_D07_771902	8	38291346	38291492	7	0.9977
RANDS_p_TCGA_b109_SNP_1N_GenomeWideSNP_6_D07_771902	8	38291947	38292341	5	2.6008
RANDS_p_TCGA_b109_SNP_1N_GenomeWideSNP_6_D07_771902	8	38295542	38317413	29	1.4975
RANDS_p_TCGA_b109_SNP_1N_GenomeWideSNP_6_D07_771902	8	38317918	39230325	465	2.0321
RANDS_p_TCGA_b109_SNP_1N_GenomeWideSNP_6_D07_771902	8	39230659	39319213	31	2.8028
RANDS_p_TCGA_b109_SNP_1N_GenomeWideSNP_6_D07_771902	8	39321832	49890132	3924	-0.4125
RANDS_p_TCGA_b109_SNP_1N_GenomeWideSNP_6_D07_771902	8	49893488	51032011	692	0.2836
RANDS_p_TCGA_b109_SNP_1N_GenomeWideSNP_6_D07_771902	8	51032024	51032387	7	-0.7266
RANDS_p_TCGA_b109_SNP_1N_GenomeWideSNP_6_D07_771902	8	51038578	58371708	4790	0.2958
RANDS_p_TCGA_b109_SNP_1N_GenomeWideSNP_6_D07_771902	8	58372027	58391611	23	0.6699
RANDS_p_TCGA_b109_SNP_1N_GenomeWideSNP_6_D07_771902	8	58393808	72215311	8503	0.2912
RANDS_p_TCGA_b109_SNP_1N_GenomeWideSNP_6_D07_771902	8	72215364	72216599	8	-0.6964
RANDS_p_TCGA_b109_SNP_1N_GenomeWideSNP_6_D07_771902	8	72219863	77450449	3430	0.3079
RANDS_p_TCGA_b109_SNP_1N_GenomeWideSNP_6_D07_771902	8	77451302	77453593	4	-0.8686
RANDS_p_TCGA_b109_SNP_1N_GenomeWideSNP_6_D07_771902	8	77454337	115632043	22538	0.29
RANDS_p_TCGA_b109_SNP_1N_GenomeWideSNP_6_D07_771902	8	115634487	115638395	15	-0.3496
RANDS_p_TCGA_b109_SNP_1N_GenomeWideSNP_6_D07_771902	8	115638467	115640908	8	0.4594
RANDS_p_TCGA_b109_SNP_1N_GenomeWideSNP_6_D07_771902	8	115640988	115641731	12	-0.4371
RANDS_p_TCGA_b109_SNP_1N_GenomeWideSNP_6_D07_771902	8	115650697	120152010	3109	0.3145
RANDS_p_TCGA_b109_SNP_1N_GenomeWideSNP_6_D07_771902	8	120154784	120159446	4	-0.5566
RANDS_p_TCGA_b109_SNP_1N_GenomeWideSNP_6_D07_771902	8	120162854	131164346	7583	0.2972
RANDS_p_TCGA_b109_SNP_1N_GenomeWideSNP_6_D07_771902	8	131164705	136397260	4246	-0.4468
RANDS_p_TCGA_b109_SNP_1N_GenomeWideSNP_6_D07_771902	8	136400089	136636046	146	0.2924
RANDS_p_TCGA_b109_SNP_1N_GenomeWideSNP_6_D07_771902	8	136638545	142971943	4721	-0.4284
RANDS_p_TCGA_b109_SNP_1N_GenomeWideSNP_6_D07_771902	8	142972383	146298155	1239	0.3345
RANDS_p_TCGA_b109_SNP_1N_GenomeWideSNP_6_D07_771902	9	46587	5063563	5205	-0.4433
RANDS_p_TCGA_b109_SNP_1N_GenomeWideSNP_6_D07_771902	9	5065372	5180548	124	-0.1324
RANDS_p_TCGA_b109_SNP_1N_GenomeWideSNP_6_D07_771902	9	5181641	7316250	1673	-0.4286
RANDS_p_TCGA_b109_SNP_1N_GenomeWideSNP_6_D07_771902	9	7317290	7317383	2	-2.6763
RANDS_p_TCGA_b109_SNP_1N_GenomeWideSNP_6_D07_771902	9	7317633	23363115	13402	-0.4309
RANDS_p_TCGA_b109_SNP_1N_GenomeWideSNP_6_D07_771902	9	23363933	23373484	7	-2.0192
RANDS_p_TCGA_b109_SNP_1N_GenomeWideSNP_6_D07_771902	9	23378488	40619760	10810	-0.4296
RANDS_p_TCGA_b109_SNP_1N_GenomeWideSNP_6_D07_771902	9	40650414	43166988	72	-0.1247
RANDS_p_TCGA_b109_SNP_1N_GenomeWideSNP_6_D07_771902	9	43169603	43650212	20	-0.7846
RANDS_p_TCGA_b109_SNP_1N_GenomeWideSNP_6_D07_771902	9	43654139	43800186	24	-1.6015
RANDS_p_TCGA_b109_SNP_1N_GenomeWideSNP_6_D07_771902	9	44114872	69505946	371	0.0537
RANDS_p_TCGA_b109_SNP_1N_GenomeWideSNP_6_D07_771902	9	69507716	69519629	7	-1.2943
RANDS_p_TCGA_b109_SNP_1N_GenomeWideSNP_6_D07_771902	9	69522698	70966564	86	-0.0287
RANDS_p_TCGA_b109_SNP_1N_GenomeWideSNP_6_D07_771902	9	70981999	117082811	32819	-0.4157
RANDS_p_TCGA_b109_SNP_1N_GenomeWideSNP_6_D07_771902	9	117087402	117088322	2	2.3252
RANDS_p_TCGA_b109_SNP_1N_GenomeWideSNP_6_D07_771902	9	117093029	141091394	15089	-0.411
RANDS_p_TCGA_b109_SNP_1N_GenomeWideSNP_6_D07_771902	10	72759	72825	3	-0.1268
RANDS_p_TCGA_b109_SNP_1N_GenomeWideSNP_6_D07_771902	10	91732	24375263	19240	0.302
RANDS_p_TCGA_b109_SNP_1N_GenomeWideSNP_6_D07_771902	10	24377674	24378054	11	-1.5332
RANDS_p_TCGA_b109_SNP_1N_GenomeWideSNP_6_D07_771902	10	24378908	31246510	5047	0.3016
RANDS_p_TCGA_b109_SNP_1N_GenomeWideSNP_6_D07_771902	10	31251334	31251822	12	-0.4217
RANDS_p_TCGA_b109_SNP_1N_GenomeWideSNP_6_D07_771902	10	31251885	67218343	20372	0.3025
RANDS_p_TCGA_b109_SNP_1N_GenomeWideSNP_6_D07_771902	10	67228193	67308709	66	-0.4568
RANDS_p_TCGA_b109_SNP_1N_GenomeWideSNP_6_D07_771902	10	67308737	67314446	21	-1.2585
RANDS_p_TCGA_b109_SNP_1N_GenomeWideSNP_6_D07_771902	10	67322795	74801379	4972	-0.4167
RANDS_p_TCGA_b109_SNP_1N_GenomeWideSNP_6_D07_771902	10	74810840	75868176	406	1.2801
RANDS_p_TCGA_b109_SNP_1N_GenomeWideSNP_6_D07_771902	10	75870890	75968419	42	-0.4593
RANDS_p_TCGA_b109_SNP_1N_GenomeWideSNP_6_D07_771902	10	75970995	76192812	102	1.9648
RANDS_p_TCGA_b109_SNP_1N_GenomeWideSNP_6_D07_771902	10	76193097	76864455	335	1.5346
RANDS_p_TCGA_b109_SNP_1N_GenomeWideSNP_6_D07_771902	10	76869293	77148463	148	1.8345
RANDS_p_TCGA_b109_SNP_1N_GenomeWideSNP_6_D07_771902	10	77148939	78252851	783	1.3911
RANDS_p_TCGA_b109_SNP_1N_GenomeWideSNP_6_D07_771902	10	78257061	78257610	2	-0.6135
RANDS_p_TCGA_b109_SNP_1N_GenomeWideSNP_6_D07_771902	10	78261267	78543061	204	1.3621
RANDS_p_TCGA_b109_SNP_1N_GenomeWideSNP_6_D07_771902	10	78547241	92041655	9636	-0.4059
RANDS_p_TCGA_b109_SNP_1N_GenomeWideSNP_6_D07_771902	10	92047085	96901797	2877	0.2969
RANDS_p_TCGA_b109_SNP_1N_GenomeWideSNP_6_D07_771902	10	96902153	135506704	26692	-0.4233
RANDS_p_TCGA_b109_SNP_1N_GenomeWideSNP_6_D07_771902	11	198510	4972158	2485	0.2762
RANDS_p_TCGA_b109_SNP_1N_GenomeWideSNP_6_D07_771902	11	4973095	4976257	20	0.8126
RANDS_p_TCGA_b109_SNP_1N_GenomeWideSNP_6_D07_771902	11	4976272	5778010	787	0.2368
RANDS_p_TCGA_b109_SNP_1N_GenomeWideSNP_6_D07_771902	11	5778471	5809139	43	-0.1808
RANDS_p_TCGA_b109_SNP_1N_GenomeWideSNP_6_D07_771902	11	5809338	30641221	18120	0.2564
RANDS_p_TCGA_b109_SNP_1N_GenomeWideSNP_6_D07_771902	11	30644424	30644628	2	-1.2185
RANDS_p_TCGA_b109_SNP_1N_GenomeWideSNP_6_D07_771902	11	30645880	55376023	13208	0.2515
RANDS_p_TCGA_b109_SNP_1N_GenomeWideSNP_6_D07_771902	11	55376236	55442318	43	0.7438
RANDS_p_TCGA_b109_SNP_1N_GenomeWideSNP_6_D07_771902	11	55444211	56139467	475	0.3266
RANDS_p_TCGA_b109_SNP_1N_GenomeWideSNP_6_D07_771902	11	56141509	56681870	367	-0.3797
RANDS_p_TCGA_b109_SNP_1N_GenomeWideSNP_6_D07_771902	11	56682188	56683750	2	-1.9063
RANDS_p_TCGA_b109_SNP_1N_GenomeWideSNP_6_D07_771902	11	56683852	67475625	5389	-0.3652
RANDS_p_TCGA_b109_SNP_1N_GenomeWideSNP_6_D07_771902	11	67491014	67770067	78	0.0498
RANDS_p_TCGA_b109_SNP_1N_GenomeWideSNP_6_D07_771902	11	67770271	68351258	256	-0.4
RANDS_p_TCGA_b109_SNP_1N_GenomeWideSNP_6_D07_771902	11	68351891	74744502	3428	0.3458
RANDS_p_TCGA_b109_SNP_1N_GenomeWideSNP_6_D07_771902	11	74744595	76625798	1074	0.7985
RANDS_p_TCGA_b109_SNP_1N_GenomeWideSNP_6_D07_771902	11	76628987	79908489	2187	1.5712
RANDS_p_TCGA_b109_SNP_1N_GenomeWideSNP_6_D07_771902	11	79912406	80350275	373	1.8999
RANDS_p_TCGA_b109_SNP_1N_GenomeWideSNP_6_D07_771902	11	80351718	80410013	54	0.7589
RANDS_p_TCGA_b109_SNP_1N_GenomeWideSNP_6_D07_771902	11	80417062	80999546	498	1.9484
RANDS_p_TCGA_b109_SNP_1N_GenomeWideSNP_6_D07_771902	11	81008355	83314391	1606	-0.3424
RANDS_p_TCGA_b109_SNP_1N_GenomeWideSNP_6_D07_771902	11	83315344	85301571	1319	0.3072
RANDS_p_TCGA_b109_SNP_1N_GenomeWideSNP_6_D07_771902	11	85303105	89501966	2815	-0.3502
RANDS_p_TCGA_b109_SNP_1N_GenomeWideSNP_6_D07_771902	11	89514228	89611344	13	0.6363
RANDS_p_TCGA_b109_SNP_1N_GenomeWideSNP_6_D07_771902	11	89636197	89791833	9	-0.2453
RANDS_p_TCGA_b109_SNP_1N_GenomeWideSNP_6_D07_771902	11	89803644	89810338	3	-1.4945
RANDS_p_TCGA_b109_SNP_1N_GenomeWideSNP_6_D07_771902	11	89818310	91267095	1018	0.3307
RANDS_p_TCGA_b109_SNP_1N_GenomeWideSNP_6_D07_771902	11	91269785	119357824	19628	-0.3779
RANDS_p_TCGA_b109_SNP_1N_GenomeWideSNP_6_D07_771902	11	119358422	121168178	1342	0.3699
RANDS_p_TCGA_b109_SNP_1N_GenomeWideSNP_6_D07_771902	11	121183811	123113377	1405	-0.3976
RANDS_p_TCGA_b109_SNP_1N_GenomeWideSNP_6_D07_771902	11	123127356	123186989	59	0.3149
RANDS_p_TCGA_b109_SNP_1N_GenomeWideSNP_6_D07_771902	11	123190621	126689033	2551	-0.3757
RANDS_p_TCGA_b109_SNP_1N_GenomeWideSNP_6_D07_771902	11	126689554	126691069	3	-2.0419
RANDS_p_TCGA_b109_SNP_1N_GenomeWideSNP_6_D07_771902	11	126692197	127788904	845	-0.3613
RANDS_p_TCGA_b109_SNP_1N_GenomeWideSNP_6_D07_771902	11	127790755	127790962	3	-2.1441
RANDS_p_TCGA_b109_SNP_1N_GenomeWideSNP_6_D07_771902	11	127792290	134944770	5527	-0.382
RANDS_p_TCGA_b109_SNP_1N_GenomeWideSNP_6_D07_771902	12	150442	206406	20	-0.3905
RANDS_p_TCGA_b109_SNP_1N_GenomeWideSNP_6_D07_771902	12	206693	9630556	6183	0.3178
RANDS_p_TCGA_b109_SNP_1N_GenomeWideSNP_6_D07_771902	12	9633870	9728292	25	-1.2398
RANDS_p_TCGA_b109_SNP_1N_GenomeWideSNP_6_D07_771902	12	9734969	11220827	1045	0.2919
RANDS_p_TCGA_b109_SNP_1N_GenomeWideSNP_6_D07_771902	12	11222368	11241532	10	-0.5848
RANDS_p_TCGA_b109_SNP_1N_GenomeWideSNP_6_D07_771902	12	11251874	21893249	7194	0.2946
RANDS_p_TCGA_b109_SNP_1N_GenomeWideSNP_6_D07_771902	12	21894315	21894542	2	-1.3034
RANDS_p_TCGA_b109_SNP_1N_GenomeWideSNP_6_D07_771902	12	21894676	25609713	2742	0.2928
RANDS_p_TCGA_b109_SNP_1N_GenomeWideSNP_6_D07_771902	12	25613592	25624371	16	-0.1528
RANDS_p_TCGA_b109_SNP_1N_GenomeWideSNP_6_D07_771902	12	25628017	30235581	3336	0.29
RANDS_p_TCGA_b109_SNP_1N_GenomeWideSNP_6_D07_771902	12	30239267	30243575	18	-1.5472
RANDS_p_TCGA_b109_SNP_1N_GenomeWideSNP_6_D07_771902	12	30243590	33302662	2287	0.2897
RANDS_p_TCGA_b109_SNP_1N_GenomeWideSNP_6_D07_771902	12	33303293	33303610	7	1.0477
RANDS_p_TCGA_b109_SNP_1N_GenomeWideSNP_6_D07_771902	12	33303654	33386757	55	0.1756
RANDS_p_TCGA_b109_SNP_1N_GenomeWideSNP_6_D07_771902	12	33388829	33395142	4	-0.8936
RANDS_p_TCGA_b109_SNP_1N_GenomeWideSNP_6_D07_771902	12	33395418	34250696	540	0.2572
RANDS_p_TCGA_b109_SNP_1N_GenomeWideSNP_6_D07_771902	12	34256709	34275406	12	-0.5547
RANDS_p_TCGA_b109_SNP_1N_GenomeWideSNP_6_D07_771902	12	34275794	48725019	6743	0.2785
RANDS_p_TCGA_b109_SNP_1N_GenomeWideSNP_6_D07_771902	12	48725042	48725415	4	-0.901
RANDS_p_TCGA_b109_SNP_1N_GenomeWideSNP_6_D07_771902	12	48730036	99791814	32025	0.2797
RANDS_p_TCGA_b109_SNP_1N_GenomeWideSNP_6_D07_771902	12	99795293	99798734	31	-0.1642
RANDS_p_TCGA_b109_SNP_1N_GenomeWideSNP_6_D07_771902	12	99803093	132120247	22183	0.3055
RANDS_p_TCGA_b109_SNP_1N_GenomeWideSNP_6_D07_771902	12	132120586	132133335	15	-0.3529
RANDS_p_TCGA_b109_SNP_1N_GenomeWideSNP_6_D07_771902	12	132142331	133778189	572	0.2973
RANDS_p_TCGA_b109_SNP_1N_GenomeWideSNP_6_D07_771902	13	19026949	19450821	122	-0.0434
RANDS_p_TCGA_b109_SNP_1N_GenomeWideSNP_6_D07_771902	13	19450905	30029818	7613	-0.4097
RANDS_p_TCGA_b109_SNP_1N_GenomeWideSNP_6_D07_771902	13	30031562	30033228	2	-3.5437
RANDS_p_TCGA_b109_SNP_1N_GenomeWideSNP_6_D07_771902	13	30036193	49736366	13892	-0.4324
RANDS_p_TCGA_b109_SNP_1N_GenomeWideSNP_6_D07_771902	13	49739759	53094799	1798	0.2732
RANDS_p_TCGA_b109_SNP_1N_GenomeWideSNP_6_D07_771902	13	53097984	53105785	3	-0.9631
RANDS_p_TCGA_b109_SNP_1N_GenomeWideSNP_6_D07_771902	13	53117879	62884534	5726	0.2759
RANDS_p_TCGA_b109_SNP_1N_GenomeWideSNP_6_D07_771902	13	62890115	63071787	107	-0.4686
RANDS_p_TCGA_b109_SNP_1N_GenomeWideSNP_6_D07_771902	13	63080988	66581184	2043	0.1979
RANDS_p_TCGA_b109_SNP_1N_GenomeWideSNP_6_D07_771902	13	66581215	66896052	200	-0.4125
RANDS_p_TCGA_b109_SNP_1N_GenomeWideSNP_6_D07_771902	13	66898866	67966805	782	0.1638
RANDS_p_TCGA_b109_SNP_1N_GenomeWideSNP_6_D07_771902	13	67969918	67970007	2	-1.0106
RANDS_p_TCGA_b109_SNP_1N_GenomeWideSNP_6_D07_771902	13	67970368	68035371	25	0.2459
RANDS_p_TCGA_b109_SNP_1N_GenomeWideSNP_6_D07_771902	13	68036942	69164891	611	0.6312
RANDS_p_TCGA_b109_SNP_1N_GenomeWideSNP_6_D07_771902	13	69165488	72117228	1957	0.2811
RANDS_p_TCGA_b109_SNP_1N_GenomeWideSNP_6_D07_771902	13	72124180	72222520	50	0.6804
RANDS_p_TCGA_b109_SNP_1N_GenomeWideSNP_6_D07_771902	13	72226043	72275405	24	0.2201
RANDS_p_TCGA_b109_SNP_1N_GenomeWideSNP_6_D07_771902	13	72276030	73591248	942	0.6766
RANDS_p_TCGA_b109_SNP_1N_GenomeWideSNP_6_D07_771902	13	73595140	75073441	1149	0.222
RANDS_p_TCGA_b109_SNP_1N_GenomeWideSNP_6_D07_771902	13	75074609	75078999	2	-1.4091
RANDS_p_TCGA_b109_SNP_1N_GenomeWideSNP_6_D07_771902	13	75080508	75469134	260	0.1996
RANDS_p_TCGA_b109_SNP_1N_GenomeWideSNP_6_D07_771902	13	75471459	75495716	28	0.6826
RANDS_p_TCGA_b109_SNP_1N_GenomeWideSNP_6_D07_771902	13	75497400	75523908	11	0.2231
RANDS_p_TCGA_b109_SNP_1N_GenomeWideSNP_6_D07_771902	13	75525024	77062749	1143	0.679
RANDS_p_TCGA_b109_SNP_1N_GenomeWideSNP_6_D07_771902	13	77066447	77884640	530	0.2149
RANDS_p_TCGA_b109_SNP_1N_GenomeWideSNP_6_D07_771902	13	77885233	78909938	671	0.6161
RANDS_p_TCGA_b109_SNP_1N_GenomeWideSNP_6_D07_771902	13	78910016	79219119	237	0.2171
RANDS_p_TCGA_b109_SNP_1N_GenomeWideSNP_6_D07_771902	13	79221459	79796741	396	0.602
RANDS_p_TCGA_b109_SNP_1N_GenomeWideSNP_6_D07_771902	13	79799834	82013851	1397	0.1972
RANDS_p_TCGA_b109_SNP_1N_GenomeWideSNP_6_D07_771902	13	82019471	82952578	528	-0.3987
RANDS_p_TCGA_b109_SNP_1N_GenomeWideSNP_6_D07_771902	13	82953339	88935995	3561	0.2321
RANDS_p_TCGA_b109_SNP_1N_GenomeWideSNP_6_D07_771902	13	88939966	115108397	18375	-0.4312
RANDS_p_TCGA_b109_SNP_1N_GenomeWideSNP_6_D07_771902	14	19002124	82557077	39848	-0.4253
RANDS_p_TCGA_b109_SNP_1N_GenomeWideSNP_6_D07_771902	14	82557236	82559197	2	-3.6595
RANDS_p_TCGA_b109_SNP_1N_GenomeWideSNP_6_D07_771902	14	82559572	106547507	15169	-0.4244
RANDS_p_TCGA_b109_SNP_1N_GenomeWideSNP_6_D07_771902	14	106548213	106567100	9	0.7879
RANDS_p_TCGA_b109_SNP_1N_GenomeWideSNP_6_D07_771902	14	106569463	107285437	416	-0.3719
RANDS_p_TCGA_b109_SNP_1N_GenomeWideSNP_6_D07_771902	15	20016328	22363231	334	0.4696
RANDS_p_TCGA_b109_SNP_1N_GenomeWideSNP_6_D07_771902	15	22373070	22383201	7	-0.8555
RANDS_p_TCGA_b109_SNP_1N_GenomeWideSNP_6_D07_771902	15	22385001	22756026	95	0.5852
RANDS_p_TCGA_b109_SNP_1N_GenomeWideSNP_6_D07_771902	15	22760272	25419992	1491	0.309
RANDS_p_TCGA_b109_SNP_1N_GenomeWideSNP_6_D07_771902	15	25421607	25430243	8	-0.6141
RANDS_p_TCGA_b109_SNP_1N_GenomeWideSNP_6_D07_771902	15	25433305	26560192	871	0.324
RANDS_p_TCGA_b109_SNP_1N_GenomeWideSNP_6_D07_771902	15	26562152	26563156	2	-3.4299
RANDS_p_TCGA_b109_SNP_1N_GenomeWideSNP_6_D07_771902	15	26563588	32489253	3462	0.3195
RANDS_p_TCGA_b109_SNP_1N_GenomeWideSNP_6_D07_771902	15	32504264	32512220	9	1.1337
RANDS_p_TCGA_b109_SNP_1N_GenomeWideSNP_6_D07_771902	15	32531316	34727189	1545	0.297
RANDS_p_TCGA_b109_SNP_1N_GenomeWideSNP_6_D07_771902	15	34727622	34813119	57	-0.4852
RANDS_p_TCGA_b109_SNP_1N_GenomeWideSNP_6_D07_771902	15	34814360	53784888	11656	0.2941
RANDS_p_TCGA_b109_SNP_1N_GenomeWideSNP_6_D07_771902	15	53784991	53785279	6	-0.4887
RANDS_p_TCGA_b109_SNP_1N_GenomeWideSNP_6_D07_771902	15	53790247	76878362	14817	0.2916
RANDS_p_TCGA_b109_SNP_1N_GenomeWideSNP_6_D07_771902	15	76891241	76895775	22	0.9776
RANDS_p_TCGA_b109_SNP_1N_GenomeWideSNP_6_D07_771902	15	76902179	82895028	3656	0.3001
RANDS_p_TCGA_b109_SNP_1N_GenomeWideSNP_6_D07_771902	15	82895362	83198315	16	0.7909
RANDS_p_TCGA_b109_SNP_1N_GenomeWideSNP_6_D07_771902	15	83198331	83551383	242	0.2583
RANDS_p_TCGA_b109_SNP_1N_GenomeWideSNP_6_D07_771902	15	83557883	83558071	3	-0.8255
RANDS_p_TCGA_b109_SNP_1N_GenomeWideSNP_6_D07_771902	15	83559421	87818875	2796	0.2972
RANDS_p_TCGA_b109_SNP_1N_GenomeWideSNP_6_D07_771902	15	87830530	87870733	41	-0.7349
RANDS_p_TCGA_b109_SNP_1N_GenomeWideSNP_6_D07_771902	15	87877159	97794321	7480	0.2946
RANDS_p_TCGA_b109_SNP_1N_GenomeWideSNP_6_D07_771902	15	97798401	97799013	5	-0.6059
RANDS_p_TCGA_b109_SNP_1N_GenomeWideSNP_6_D07_771902	15	97800606	102469040	3443	0.3041
RANDS_p_TCGA_b109_SNP_1N_GenomeWideSNP_6_D07_771902	16	60777	10889620	8140	0.3159
RANDS_p_TCGA_b109_SNP_1N_GenomeWideSNP_6_D07_771902	16	10896033	10910546	15	-0.3585
RANDS_p_TCGA_b109_SNP_1N_GenomeWideSNP_6_D07_771902	16	10916428	16362362	3628	0.3183
RANDS_p_TCGA_b109_SNP_1N_GenomeWideSNP_6_D07_771902	16	16363225	16543819	7	-0.4637
RANDS_p_TCGA_b109_SNP_1N_GenomeWideSNP_6_D07_771902	16	16555853	32554255	8356	0.307
RANDS_p_TCGA_b109_SNP_1N_GenomeWideSNP_6_D07_771902	16	32564512	32634764	30	0.7326
RANDS_p_TCGA_b109_SNP_1N_GenomeWideSNP_6_D07_771902	16	32635525	52377342	4350	0.3206
RANDS_p_TCGA_b109_SNP_1N_GenomeWideSNP_6_D07_771902	16	52383957	52965131	470	-0.3901
RANDS_p_TCGA_b109_SNP_1N_GenomeWideSNP_6_D07_771902	16	52971779	53664597	530	0.294
RANDS_p_TCGA_b109_SNP_1N_GenomeWideSNP_6_D07_771902	16	53670387	54621336	782	0.7993
RANDS_p_TCGA_b109_SNP_1N_GenomeWideSNP_6_D07_771902	16	54622193	55602860	840	0.3528
RANDS_p_TCGA_b109_SNP_1N_GenomeWideSNP_6_D07_771902	16	55603188	56389480	568	-0.3927
RANDS_p_TCGA_b109_SNP_1N_GenomeWideSNP_6_D07_771902	16	56394938	58085130	986	0.3143
RANDS_p_TCGA_b109_SNP_1N_GenomeWideSNP_6_D07_771902	16	58085882	58687068	353	-0.3838
RANDS_p_TCGA_b109_SNP_1N_GenomeWideSNP_6_D07_771902	16	58688876	58851586	113	0.3014
RANDS_p_TCGA_b109_SNP_1N_GenomeWideSNP_6_D07_771902	16	58855672	59342383	340	-0.3526
RANDS_p_TCGA_b109_SNP_1N_GenomeWideSNP_6_D07_771902	16	59346339	59403054	41	0.3496
RANDS_p_TCGA_b109_SNP_1N_GenomeWideSNP_6_D07_771902	16	59406511	61304125	1218	0.7738
RANDS_p_TCGA_b109_SNP_1N_GenomeWideSNP_6_D07_771902	16	61305704	61355185	30	1.1822
RANDS_p_TCGA_b109_SNP_1N_GenomeWideSNP_6_D07_771902	16	61355812	61491419	71	0.7791
RANDS_p_TCGA_b109_SNP_1N_GenomeWideSNP_6_D07_771902	16	61491703	62512175	652	1.8467
RANDS_p_TCGA_b109_SNP_1N_GenomeWideSNP_6_D07_771902	16	62515130	63111304	401	0.7989
RANDS_p_TCGA_b109_SNP_1N_GenomeWideSNP_6_D07_771902	16	63112610	63923135	553	0.3464
RANDS_p_TCGA_b109_SNP_1N_GenomeWideSNP_6_D07_771902	16	63924937	69255019	3218	-0.409
RANDS_p_TCGA_b109_SNP_1N_GenomeWideSNP_6_D07_771902	16	69259315	70152322	402	0.2912
RANDS_p_TCGA_b109_SNP_1N_GenomeWideSNP_6_D07_771902	16	70179343	70246333	18	0.673
RANDS_p_TCGA_b109_SNP_1N_GenomeWideSNP_6_D07_771902	16	70246339	70565908	120	0.3022
RANDS_p_TCGA_b109_SNP_1N_GenomeWideSNP_6_D07_771902	16	70570040	70839075	141	-0.3988
RANDS_p_TCGA_b109_SNP_1N_GenomeWideSNP_6_D07_771902	16	70839157	71202489	143	-0.0225
RANDS_p_TCGA_b109_SNP_1N_GenomeWideSNP_6_D07_771902	16	71202797	71882644	382	-0.3819
RANDS_p_TCGA_b109_SNP_1N_GenomeWideSNP_6_D07_771902	16	71883765	72395100	296	0.2545
RANDS_p_TCGA_b109_SNP_1N_GenomeWideSNP_6_D07_771902	16	72395453	73359901	524	-0.394
RANDS_p_TCGA_b109_SNP_1N_GenomeWideSNP_6_D07_771902	16	73360810	73911213	528	0.3276
RANDS_p_TCGA_b109_SNP_1N_GenomeWideSNP_6_D07_771902	16	73914812	74397058	285	-0.4014
RANDS_p_TCGA_b109_SNP_1N_GenomeWideSNP_6_D07_771902	16	74397987	74456601	8	0.4833
RANDS_p_TCGA_b109_SNP_1N_GenomeWideSNP_6_D07_771902	16	74465396	74609177	86	-0.4036
RANDS_p_TCGA_b109_SNP_1N_GenomeWideSNP_6_D07_771902	16	74610881	74670284	28	0.2346
RANDS_p_TCGA_b109_SNP_1N_GenomeWideSNP_6_D07_771902	16	74670458	74677891	4	-0.4677
RANDS_p_TCGA_b109_SNP_1N_GenomeWideSNP_6_D07_771902	16	74678276	74894315	139	0.2888
RANDS_p_TCGA_b109_SNP_1N_GenomeWideSNP_6_D07_771902	16	74895059	78371608	2945	-0.3901
RANDS_p_TCGA_b109_SNP_1N_GenomeWideSNP_6_D07_771902	16	78372440	78384765	17	0.656
RANDS_p_TCGA_b109_SNP_1N_GenomeWideSNP_6_D07_771902	16	78385001	90287535	10603	-0.4107
RANDS_p_TCGA_b109_SNP_1N_GenomeWideSNP_6_D07_771902	17	526	5648376	3007	0.2952
RANDS_p_TCGA_b109_SNP_1N_GenomeWideSNP_6_D07_771902	17	5652382	22235650	9998	-0.4353
RANDS_p_TCGA_b109_SNP_1N_GenomeWideSNP_6_D07_771902	17	25270411	39421708	7945	0.2807
RANDS_p_TCGA_b109_SNP_1N_GenomeWideSNP_6_D07_771902	17	39423014	39432724	25	0.9558
RANDS_p_TCGA_b109_SNP_1N_GenomeWideSNP_6_D07_771902	17	39432840	43756969	2212	0.2588
RANDS_p_TCGA_b109_SNP_1N_GenomeWideSNP_6_D07_771902	17	43757020	43758131	3	-0.653
RANDS_p_TCGA_b109_SNP_1N_GenomeWideSNP_6_D07_771902	17	43759719	44353885	416	0.3123
RANDS_p_TCGA_b109_SNP_1N_GenomeWideSNP_6_D07_771902	17	44362009	44764994	52	1.0056
RANDS_p_TCGA_b109_SNP_1N_GenomeWideSNP_6_D07_771902	17	44784652	62406694	10373	0.272
RANDS_p_TCGA_b109_SNP_1N_GenomeWideSNP_6_D07_771902	17	62407007	62407139	3	1.202
RANDS_p_TCGA_b109_SNP_1N_GenomeWideSNP_6_D07_771902	17	62407244	81049726	11237	0.2962
RANDS_p_TCGA_b109_SNP_1N_GenomeWideSNP_6_D07_771902	18	11543	15082667	10354	-0.4267
RANDS_p_TCGA_b109_SNP_1N_GenomeWideSNP_6_D07_771902	18	15092486	18546748	71	-0.0107
RANDS_p_TCGA_b109_SNP_1N_GenomeWideSNP_6_D07_771902	18	18548205	66393240	31824	-0.4153
RANDS_p_TCGA_b109_SNP_1N_GenomeWideSNP_6_D07_771902	18	66400857	66485549	49	-3.2868
RANDS_p_TCGA_b109_SNP_1N_GenomeWideSNP_6_D07_771902	18	66485750	78015057	8362	-0.436
RANDS_p_TCGA_b109_SNP_1N_GenomeWideSNP_6_D07_771902	19	90910	24507172	11224	-0.3802
RANDS_p_TCGA_b109_SNP_1N_GenomeWideSNP_6_D07_771902	19	24582577	41360143	8388	0.2763
RANDS_p_TCGA_b109_SNP_1N_GenomeWideSNP_6_D07_771902	19	41360172	41392155	30	0.8934
RANDS_p_TCGA_b109_SNP_1N_GenomeWideSNP_6_D07_771902	19	41392654	59097854	9678	0.2853
RANDS_p_TCGA_b109_SNP_1N_GenomeWideSNP_6_D07_771902	20	61305	1560951	1206	0.7786
RANDS_p_TCGA_b109_SNP_1N_GenomeWideSNP_6_D07_771902	20	1560999	1593893	42	-0.632
RANDS_p_TCGA_b109_SNP_1N_GenomeWideSNP_6_D07_771902	20	1597946	14032522	9487	0.7532
RANDS_p_TCGA_b109_SNP_1N_GenomeWideSNP_6_D07_771902	20	14035748	14058428	20	-0.4598
RANDS_p_TCGA_b109_SNP_1N_GenomeWideSNP_6_D07_771902	20	14072529	62832889	31688	0.7644
RANDS_p_TCGA_b109_SNP_1N_GenomeWideSNP_6_D07_771902	20	62833460	62837486	2	-1.0592
RANDS_p_TCGA_b109_SNP_1N_GenomeWideSNP_6_D07_771902	20	62840781	62956153	61	0.6904
RANDS_p_TCGA_b109_SNP_1N_GenomeWideSNP_6_D07_771902	21	10736871	14838857	299	-0.2815
RANDS_p_TCGA_b109_SNP_1N_GenomeWideSNP_6_D07_771902	21	14843717	17782103	1869	0.2919
RANDS_p_TCGA_b109_SNP_1N_GenomeWideSNP_6_D07_771902	21	17791075	22746920	3597	-0.4198
RANDS_p_TCGA_b109_SNP_1N_GenomeWideSNP_6_D07_771902	21	22748467	23651134	694	0.3129
RANDS_p_TCGA_b109_SNP_1N_GenomeWideSNP_6_D07_771902	21	23655900	23669292	11	-0.4595
RANDS_p_TCGA_b109_SNP_1N_GenomeWideSNP_6_D07_771902	21	23673883	48096957	17934	0.3036
RANDS_p_TCGA_b109_SNP_1N_GenomeWideSNP_6_D07_771902	22	16052528	17495551	375	-0.2208
RANDS_p_TCGA_b109_SNP_1N_GenomeWideSNP_6_D07_771902	22	17499034	17512806	8	0.336
RANDS_p_TCGA_b109_SNP_1N_GenomeWideSNP_6_D07_771902	22	17520371	21461758	2445	-0.3941
RANDS_p_TCGA_b109_SNP_1N_GenomeWideSNP_6_D07_771902	22	21461777	21928641	67	0.1624
RANDS_p_TCGA_b109_SNP_1N_GenomeWideSNP_6_D07_771902	22	21928916	24370430	1717	-0.3726
RANDS_p_TCGA_b109_SNP_1N_GenomeWideSNP_6_D07_771902	22	24371070	24396814	10	-1.3174
RANDS_p_TCGA_b109_SNP_1N_GenomeWideSNP_6_D07_771902	22	24401529	40793260	11553	-0.4179
RANDS_p_TCGA_b109_SNP_1N_GenomeWideSNP_6_D07_771902	22	40794590	40794820	2	-3.1226
RANDS_p_TCGA_b109_SNP_1N_GenomeWideSNP_6_D07_771902	22	40797672	42897282	1195	-0.4171
RANDS_p_TCGA_b109_SNP_1N_GenomeWideSNP_6_D07_771902	22	42899440	42950491	24	0.4837
RANDS_p_TCGA_b109_SNP_1N_GenomeWideSNP_6_D07_771902	22	42955431	51234455	6086	-0.397
RANDS_p_TCGA_b109_SNP_1N_GenomeWideSNP_6_D07_771902	X	168477	22841503	13782	0.4049
RANDS_p_TCGA_b109_SNP_1N_GenomeWideSNP_6_D07_771902	X	22842547	23034538	168	-0.6733
RANDS_p_TCGA_b109_SNP_1N_GenomeWideSNP_6_D07_771902	X	23035930	23368052	304	0.3616
RANDS_p_TCGA_b109_SNP_1N_GenomeWideSNP_6_D07_771902	X	23371386	25584105	1363	-0.3268
RANDS_p_TCGA_b109_SNP_1N_GenomeWideSNP_6_D07_771902	X	25585006	50747444	14834	0.4253
RANDS_p_TCGA_b109_SNP_1N_GenomeWideSNP_6_D07_771902	X	50747485	51060812	164	-0.2953
RANDS_p_TCGA_b109_SNP_1N_GenomeWideSNP_6_D07_771902	X	51063125	51273271	102	0.4502
RANDS_p_TCGA_b109_SNP_1N_GenomeWideSNP_6_D07_771902	X	51274381	54159949	926	-0.2863
RANDS_p_TCGA_b109_SNP_1N_GenomeWideSNP_6_D07_771902	X	54166316	54715839	221	0.4157
RANDS_p_TCGA_b109_SNP_1N_GenomeWideSNP_6_D07_771902	X	54718459	57812077	1569	-0.2639
RANDS_p_TCGA_b109_SNP_1N_GenomeWideSNP_6_D07_771902	X	57813232	58561930	236	0.4203
RANDS_p_TCGA_b109_SNP_1N_GenomeWideSNP_6_D07_771902	X	61728829	63364241	479	-0.2492
RANDS_p_TCGA_b109_SNP_1N_GenomeWideSNP_6_D07_771902	X	63366931	70516592	3470	0.4204
RANDS_p_TCGA_b109_SNP_1N_GenomeWideSNP_6_D07_771902	X	70517671	91654629	10438	-0.3
RANDS_p_TCGA_b109_SNP_1N_GenomeWideSNP_6_D07_771902	X	91662526	93813113	1204	0.42
RANDS_p_TCGA_b109_SNP_1N_GenomeWideSNP_6_D07_771902	X	93813166	94269609	240	-0.2775
RANDS_p_TCGA_b109_SNP_1N_GenomeWideSNP_6_D07_771902	X	94270574	94270627	2	-3.9477
RANDS_p_TCGA_b109_SNP_1N_GenomeWideSNP_6_D07_771902	X	94274351	123261639	16200	-0.3072
RANDS_p_TCGA_b109_SNP_1N_GenomeWideSNP_6_D07_771902	X	123268660	123349483	63	0.4405
RANDS_p_TCGA_b109_SNP_1N_GenomeWideSNP_6_D07_771902	X	123350606	124460133	687	-0.3008
RANDS_p_TCGA_b109_SNP_1N_GenomeWideSNP_6_D07_771902	X	124463203	125186459	358	0.4172
RANDS_p_TCGA_b109_SNP_1N_GenomeWideSNP_6_D07_771902	X	125188314	126586110	854	-0.3187
RANDS_p_TCGA_b109_SNP_1N_GenomeWideSNP_6_D07_771902	X	126588723	128456662	1073	0.4379
RANDS_p_TCGA_b109_SNP_1N_GenomeWideSNP_6_D07_771902	X	128458160	129376259	500	-0.2954
RANDS_p_TCGA_b109_SNP_1N_GenomeWideSNP_6_D07_771902	X	129383121	129879387	281	0.3935
RANDS_p_TCGA_b109_SNP_1N_GenomeWideSNP_6_D07_771902	X	129884530	133076802	1647	-0.3078
RANDS_p_TCGA_b109_SNP_1N_GenomeWideSNP_6_D07_771902	X	133080040	136909946	2074	0.4322
RANDS_p_TCGA_b109_SNP_1N_GenomeWideSNP_6_D07_771902	X	136924822	142484122	3655	-0.3171
RANDS_p_TCGA_b109_SNP_1N_GenomeWideSNP_6_D07_771902	X	142486469	142743665	177	0.4415
RANDS_p_TCGA_b109_SNP_1N_GenomeWideSNP_6_D07_771902	X	142743947	149323952	4359	-0.3062
RANDS_p_TCGA_b109_SNP_1N_GenomeWideSNP_6_D07_771902	X	149324519	149326244	2	-3.1766
RANDS_p_TCGA_b109_SNP_1N_GenomeWideSNP_6_D07_771902	X	149326556	151389448	1425	-0.2969
RANDS_p_TCGA_b109_SNP_1N_GenomeWideSNP_6_D07_771902	X	151389653	151391630	3	-3.1026
RANDS_p_TCGA_b109_SNP_1N_GenomeWideSNP_6_D07_771902	X	151393577	155182354	1651	-0.3084
RANDS_p_TCGA_b109_SNP_1N_GenomeWideSNP_6_D07_771902	Y	2650438	2985595	151	-3.5311
RANDS_p_TCGA_b109_SNP_1N_GenomeWideSNP_6_D07_771902	Y	2985939	6101425	720	-2.888
RANDS_p_TCGA_b109_SNP_1N_GenomeWideSNP_6_D07_771902	Y	6107901	6296423	85	-5.0816
RANDS_p_TCGA_b109_SNP_1N_GenomeWideSNP_6_D07_771902	Y	6299046	7397635	467	-3.3894
RANDS_p_TCGA_b109_SNP_1N_GenomeWideSNP_6_D07_771902	Y	7399842	9141542	1007	-3.6969
RANDS_p_TCGA_b109_SNP_1N_GenomeWideSNP_6_D07_771902	Y	9142335	9391884	41	-5.0819
RANDS_p_TCGA_b109_SNP_1N_GenomeWideSNP_6_D07_771902	Y	9392195	9526990	62	-3.5578
RANDS_p_TCGA_b109_SNP_1N_GenomeWideSNP_6_D07_771902	Y	9531709	9759564	93	-4.6761
RANDS_p_TCGA_b109_SNP_1N_GenomeWideSNP_6_D07_771902	Y	9774614	18534435	2487	-3.397
RANDS_p_TCGA_b109_SNP_1N_GenomeWideSNP_6_D07_771902	Y	18534603	19570632	547	-2.5107
RANDS_p_TCGA_b109_SNP_1N_GenomeWideSNP_6_D07_771902	Y	19571480	20970746	650	-3.3805
RANDS_p_TCGA_b109_SNP_1N_GenomeWideSNP_6_D07_771902	Y	20971498	20972173	2	-8.3048
RANDS_p_TCGA_b109_SNP_1N_GenomeWideSNP_6_D07_771902	Y	20972409	21024613	21	-4.0032
RANDS_p_TCGA_b109_SNP_1N_GenomeWideSNP_6_D07_771902	Y	21025062	22243052	502	-2.8392
RANDS_p_TCGA_b109_SNP_1N_GenomeWideSNP_6_D07_771902	Y	22262565	22312733	7	-5.3725
RANDS_p_TCGA_b109_SNP_1N_GenomeWideSNP_6_D07_771902	Y	22466083	23612660	478	-2.938
RANDS_p_TCGA_b109_SNP_1N_GenomeWideSNP_6_D07_771902	Y	23626202	26630929	701	-3.375
RANDS_p_TCGA_b109_SNP_1N_GenomeWideSNP_6_D07_771902	Y	26631228	27240184	79	-4.3246
RANDS_p_TCGA_b109_SNP_1N_GenomeWideSNP_6_D07_771902	Y	27254679	27717920	95	-2.73
RANDS_p_TCGA_b109_SNP_1N_GenomeWideSNP_6_D07_771902	Y	27718192	28272116	197	-3.5678
RANDS_p_TCGA_b109_SNP_1N_GenomeWideSNP_6_D07_771902	Y	28277692	28322019	14	-5.1245
RANDS_p_TCGA_b109_SNP_1N_GenomeWideSNP_6_D07_771902	Y	28322083	28423938	43	-3.2393
RANDS_p_TCGA_b109_SNP_1N_GenomeWideSNP_6_D07_771902	Y	28438116	59018259	183	-2.4547
