Sample	Chromosome	Start	End	Num_Probes	Segment_Mean
RANDS_p_TCGA_b109_SNP_1N_GenomeWideSNP_6_D08_771912	1	61735	228706	18	0.7028
RANDS_p_TCGA_b109_SNP_1N_GenomeWideSNP_6_D08_771912	1	228729	603590	15	-0.1439
RANDS_p_TCGA_b109_SNP_1N_GenomeWideSNP_6_D08_771912	1	625470	750334	11	0.6272
RANDS_p_TCGA_b109_SNP_1N_GenomeWideSNP_6_D08_771912	1	752566	1727724	230	-0.1477
RANDS_p_TCGA_b109_SNP_1N_GenomeWideSNP_6_D08_771912	1	1728232	1759026	23	0.2485
RANDS_p_TCGA_b109_SNP_1N_GenomeWideSNP_6_D08_771912	1	1759054	2467595	205	-0.1573
RANDS_p_TCGA_b109_SNP_1N_GenomeWideSNP_6_D08_771912	1	2467655	5042760	1520	0.4655
RANDS_p_TCGA_b109_SNP_1N_GenomeWideSNP_6_D08_771912	1	5047038	9330479	2672	-0.1629
RANDS_p_TCGA_b109_SNP_1N_GenomeWideSNP_6_D08_771912	1	9331952	9331973	2	1.0903
RANDS_p_TCGA_b109_SNP_1N_GenomeWideSNP_6_D08_771912	1	9332703	10794632	756	-0.1927
RANDS_p_TCGA_b109_SNP_1N_GenomeWideSNP_6_D08_771912	1	10799051	10939105	64	0.4548
RANDS_p_TCGA_b109_SNP_1N_GenomeWideSNP_6_D08_771912	1	10946252	14105383	1321	-0.1846
RANDS_p_TCGA_b109_SNP_1N_GenomeWideSNP_6_D08_771912	1	14109114	16642279	1801	0.3076
RANDS_p_TCGA_b109_SNP_1N_GenomeWideSNP_6_D08_771912	1	16647132	16869363	89	0.7694
RANDS_p_TCGA_b109_SNP_1N_GenomeWideSNP_6_D08_771912	1	16871278	17224970	116	1.3671
RANDS_p_TCGA_b109_SNP_1N_GenomeWideSNP_6_D08_771912	1	17225225	17262232	49	1.0181
RANDS_p_TCGA_b109_SNP_1N_GenomeWideSNP_6_D08_771912	1	17262247	17559676	210	0.7726
RANDS_p_TCGA_b109_SNP_1N_GenomeWideSNP_6_D08_771912	1	17560626	17568985	5	0.4109
RANDS_p_TCGA_b109_SNP_1N_GenomeWideSNP_6_D08_771912	1	17570286	21311526	2598	-0.4766
RANDS_p_TCGA_b109_SNP_1N_GenomeWideSNP_6_D08_771912	1	21313856	21581765	108	0.71
RANDS_p_TCGA_b109_SNP_1N_GenomeWideSNP_6_D08_771912	1	21584585	25582679	2350	0.2772
RANDS_p_TCGA_b109_SNP_1N_GenomeWideSNP_6_D08_771912	1	25582843	25662212	34	0.8413
RANDS_p_TCGA_b109_SNP_1N_GenomeWideSNP_6_D08_771912	1	25663310	26402820	341	0.2834
RANDS_p_TCGA_b109_SNP_1N_GenomeWideSNP_6_D08_771912	1	26410147	26478393	38	-0.6136
RANDS_p_TCGA_b109_SNP_1N_GenomeWideSNP_6_D08_771912	1	26493432	27964775	577	0.2319
RANDS_p_TCGA_b109_SNP_1N_GenomeWideSNP_6_D08_771912	1	27968662	30738504	1443	-0.4794
RANDS_p_TCGA_b109_SNP_1N_GenomeWideSNP_6_D08_771912	1	30738534	30739356	3	-1.7112
RANDS_p_TCGA_b109_SNP_1N_GenomeWideSNP_6_D08_771912	1	30739796	34098959	1782	-0.4822
RANDS_p_TCGA_b109_SNP_1N_GenomeWideSNP_6_D08_771912	1	34101643	39138684	3018	0.2885
RANDS_p_TCGA_b109_SNP_1N_GenomeWideSNP_6_D08_771912	1	39141676	39211990	45	-0.4388
RANDS_p_TCGA_b109_SNP_1N_GenomeWideSNP_6_D08_771912	1	39213604	40710613	769	0.2405
RANDS_p_TCGA_b109_SNP_1N_GenomeWideSNP_6_D08_771912	1	40711041	43437798	1642	-0.4804
RANDS_p_TCGA_b109_SNP_1N_GenomeWideSNP_6_D08_771912	1	43438838	43511645	43	0.7154
RANDS_p_TCGA_b109_SNP_1N_GenomeWideSNP_6_D08_771912	1	43512213	47686595	2208	0.3508
RANDS_p_TCGA_b109_SNP_1N_GenomeWideSNP_6_D08_771912	1	47687084	48713713	767	-0.1704
RANDS_p_TCGA_b109_SNP_1N_GenomeWideSNP_6_D08_771912	1	48715195	48715208	2	-1.5967
RANDS_p_TCGA_b109_SNP_1N_GenomeWideSNP_6_D08_771912	1	48715653	51086337	1246	-0.1694
RANDS_p_TCGA_b109_SNP_1N_GenomeWideSNP_6_D08_771912	1	51087465	51724796	250	0.3642
RANDS_p_TCGA_b109_SNP_1N_GenomeWideSNP_6_D08_771912	1	51726483	55391268	2103	-0.1677
RANDS_p_TCGA_b109_SNP_1N_GenomeWideSNP_6_D08_771912	1	55393811	55723441	222	0.472
RANDS_p_TCGA_b109_SNP_1N_GenomeWideSNP_6_D08_771912	1	55724023	55724299	6	-0.415
RANDS_p_TCGA_b109_SNP_1N_GenomeWideSNP_6_D08_771912	1	55729368	55787758	59	0.4832
RANDS_p_TCGA_b109_SNP_1N_GenomeWideSNP_6_D08_771912	1	55788281	56974816	964	-0.1546
RANDS_p_TCGA_b109_SNP_1N_GenomeWideSNP_6_D08_771912	1	56977142	58111045	972	0.4833
RANDS_p_TCGA_b109_SNP_1N_GenomeWideSNP_6_D08_771912	1	58112102	58786654	576	-0.1751
RANDS_p_TCGA_b109_SNP_1N_GenomeWideSNP_6_D08_771912	1	58786769	59762955	772	-0.4974
RANDS_p_TCGA_b109_SNP_1N_GenomeWideSNP_6_D08_771912	1	59764452	59987818	140	0.2855
RANDS_p_TCGA_b109_SNP_1N_GenomeWideSNP_6_D08_771912	1	59990791	61067568	676	-0.4837
RANDS_p_TCGA_b109_SNP_1N_GenomeWideSNP_6_D08_771912	1	61067840	61133747	37	-0.9605
RANDS_p_TCGA_b109_SNP_1N_GenomeWideSNP_6_D08_771912	1	61137686	61216546	56	-0.4896
RANDS_p_TCGA_b109_SNP_1N_GenomeWideSNP_6_D08_771912	1	61217953	61607449	312	-0.1624
RANDS_p_TCGA_b109_SNP_1N_GenomeWideSNP_6_D08_771912	1	61609007	63151678	1115	0.4572
RANDS_p_TCGA_b109_SNP_1N_GenomeWideSNP_6_D08_771912	1	63151749	64573553	998	-0.1512
RANDS_p_TCGA_b109_SNP_1N_GenomeWideSNP_6_D08_771912	1	64577482	64968816	301	0.4998
RANDS_p_TCGA_b109_SNP_1N_GenomeWideSNP_6_D08_771912	1	64972402	66159905	938	-0.1701
RANDS_p_TCGA_b109_SNP_1N_GenomeWideSNP_6_D08_771912	1	66170394	66342007	167	0.4765
RANDS_p_TCGA_b109_SNP_1N_GenomeWideSNP_6_D08_771912	1	66344155	66596239	195	-0.1542
RANDS_p_TCGA_b109_SNP_1N_GenomeWideSNP_6_D08_771912	1	66598763	66671273	45	0.4356
RANDS_p_TCGA_b109_SNP_1N_GenomeWideSNP_6_D08_771912	1	66671284	68102342	1068	-0.1666
RANDS_p_TCGA_b109_SNP_1N_GenomeWideSNP_6_D08_771912	1	68105186	68259402	124	0.1113
RANDS_p_TCGA_b109_SNP_1N_GenomeWideSNP_6_D08_771912	1	68259590	72768916	2833	-0.1576
RANDS_p_TCGA_b109_SNP_1N_GenomeWideSNP_6_D08_771912	1	72768936	72811148	45	-0.8734
RANDS_p_TCGA_b109_SNP_1N_GenomeWideSNP_6_D08_771912	1	72811904	74299988	903	-0.2167
RANDS_p_TCGA_b109_SNP_1N_GenomeWideSNP_6_D08_771912	1	74300005	74300016	2	-1.7728
RANDS_p_TCGA_b109_SNP_1N_GenomeWideSNP_6_D08_771912	1	74305602	76346213	1226	-0.1582
RANDS_p_TCGA_b109_SNP_1N_GenomeWideSNP_6_D08_771912	1	76346731	78387766	1420	0.91
RANDS_p_TCGA_b109_SNP_1N_GenomeWideSNP_6_D08_771912	1	78393408	80258391	1129	-0.1504
RANDS_p_TCGA_b109_SNP_1N_GenomeWideSNP_6_D08_771912	1	80259371	82964783	1853	0.455
RANDS_p_TCGA_b109_SNP_1N_GenomeWideSNP_6_D08_771912	1	82964864	84390526	987	-0.1807
RANDS_p_TCGA_b109_SNP_1N_GenomeWideSNP_6_D08_771912	1	84392872	84483976	52	0.9561
RANDS_p_TCGA_b109_SNP_1N_GenomeWideSNP_6_D08_771912	1	84485512	85979932	1054	-0.1665
RANDS_p_TCGA_b109_SNP_1N_GenomeWideSNP_6_D08_771912	1	85980350	86003166	11	0.9585
RANDS_p_TCGA_b109_SNP_1N_GenomeWideSNP_6_D08_771912	1	86006009	86259766	178	-0.1635
RANDS_p_TCGA_b109_SNP_1N_GenomeWideSNP_6_D08_771912	1	86260148	87441041	720	0.4594
RANDS_p_TCGA_b109_SNP_1N_GenomeWideSNP_6_D08_771912	1	87443385	87450225	8	-0.2763
RANDS_p_TCGA_b109_SNP_1N_GenomeWideSNP_6_D08_771912	1	87453849	90400242	2019	0.4806
RANDS_p_TCGA_b109_SNP_1N_GenomeWideSNP_6_D08_771912	1	90405190	91900608	945	-0.1438
RANDS_p_TCGA_b109_SNP_1N_GenomeWideSNP_6_D08_771912	1	91902351	92162784	220	0.9402
RANDS_p_TCGA_b109_SNP_1N_GenomeWideSNP_6_D08_771912	1	92163892	93582895	740	-0.1618
RANDS_p_TCGA_b109_SNP_1N_GenomeWideSNP_6_D08_771912	1	93590668	94372123	410	0.9021
RANDS_p_TCGA_b109_SNP_1N_GenomeWideSNP_6_D08_771912	1	94376167	94952697	409	-0.4486
RANDS_p_TCGA_b109_SNP_1N_GenomeWideSNP_6_D08_771912	1	94958378	95118391	149	0.8729
RANDS_p_TCGA_b109_SNP_1N_GenomeWideSNP_6_D08_771912	1	95119051	95475048	354	-0.1306
RANDS_p_TCGA_b109_SNP_1N_GenomeWideSNP_6_D08_771912	1	95480351	97207422	1099	0.4852
RANDS_p_TCGA_b109_SNP_1N_GenomeWideSNP_6_D08_771912	1	97219355	104163787	4208	-0.1972
RANDS_p_TCGA_b109_SNP_1N_GenomeWideSNP_6_D08_771912	1	104178038	104260239	23	0.2288
RANDS_p_TCGA_b109_SNP_1N_GenomeWideSNP_6_D08_771912	1	104261206	105492132	632	-0.1866
RANDS_p_TCGA_b109_SNP_1N_GenomeWideSNP_6_D08_771912	1	105499021	106012754	289	0.911
RANDS_p_TCGA_b109_SNP_1N_GenomeWideSNP_6_D08_771912	1	106013376	106022375	18	-1.967
RANDS_p_TCGA_b109_SNP_1N_GenomeWideSNP_6_D08_771912	1	106024055	106398592	259	0.8817
RANDS_p_TCGA_b109_SNP_1N_GenomeWideSNP_6_D08_771912	1	106398826	108910745	1760	0.459
RANDS_p_TCGA_b109_SNP_1N_GenomeWideSNP_6_D08_771912	1	108928460	108985773	9	-0.1868
RANDS_p_TCGA_b109_SNP_1N_GenomeWideSNP_6_D08_771912	1	108986181	109697510	365	0.4624
RANDS_p_TCGA_b109_SNP_1N_GenomeWideSNP_6_D08_771912	1	109700028	110224384	264	-0.1823
RANDS_p_TCGA_b109_SNP_1N_GenomeWideSNP_6_D08_771912	1	110224427	110242953	32	0.5138
RANDS_p_TCGA_b109_SNP_1N_GenomeWideSNP_6_D08_771912	1	110244998	111370395	831	-0.1305
RANDS_p_TCGA_b109_SNP_1N_GenomeWideSNP_6_D08_771912	1	111370497	111379820	28	-0.6734
RANDS_p_TCGA_b109_SNP_1N_GenomeWideSNP_6_D08_771912	1	111380020	111383954	16	-1.8789
RANDS_p_TCGA_b109_SNP_1N_GenomeWideSNP_6_D08_771912	1	111383972	111471143	78	-0.2064
RANDS_p_TCGA_b109_SNP_1N_GenomeWideSNP_6_D08_771912	1	111471975	112208347	582	-0.5052
RANDS_p_TCGA_b109_SNP_1N_GenomeWideSNP_6_D08_771912	1	112208653	112690326	420	0.2959
RANDS_p_TCGA_b109_SNP_1N_GenomeWideSNP_6_D08_771912	1	112695965	112697174	19	0.7635
RANDS_p_TCGA_b109_SNP_1N_GenomeWideSNP_6_D08_771912	1	112697188	113504618	530	0.2729
RANDS_p_TCGA_b109_SNP_1N_GenomeWideSNP_6_D08_771912	1	113504658	115191447	968	-0.4641
RANDS_p_TCGA_b109_SNP_1N_GenomeWideSNP_6_D08_771912	1	115194657	115210161	9	-1.4473
RANDS_p_TCGA_b109_SNP_1N_GenomeWideSNP_6_D08_771912	1	115210410	120125657	3250	-0.4681
RANDS_p_TCGA_b109_SNP_1N_GenomeWideSNP_6_D08_771912	1	120125822	120126004	4	0.6355
RANDS_p_TCGA_b109_SNP_1N_GenomeWideSNP_6_D08_771912	1	120126377	120527395	297	-0.4618
RANDS_p_TCGA_b109_SNP_1N_GenomeWideSNP_6_D08_771912	1	120540804	121129349	47	0.1331
RANDS_p_TCGA_b109_SNP_1N_GenomeWideSNP_6_D08_771912	1	121130963	121207527	20	-0.5485
RANDS_p_TCGA_b109_SNP_1N_GenomeWideSNP_6_D08_771912	1	121211417	144067050	99	0.2753
RANDS_p_TCGA_b109_SNP_1N_GenomeWideSNP_6_D08_771912	1	144067090	145151728	169	0.7057
RANDS_p_TCGA_b109_SNP_1N_GenomeWideSNP_6_D08_771912	1	145151959	149429206	1149	0.9752
RANDS_p_TCGA_b109_SNP_1N_GenomeWideSNP_6_D08_771912	1	149436842	149645033	13	-0.2157
RANDS_p_TCGA_b109_SNP_1N_GenomeWideSNP_6_D08_771912	1	149659890	152555767	1488	0.9407
RANDS_p_TCGA_b109_SNP_1N_GenomeWideSNP_6_D08_771912	1	152555795	152586238	29	1.8465
RANDS_p_TCGA_b109_SNP_1N_GenomeWideSNP_6_D08_771912	1	152586278	152762667	188	1.0284
RANDS_p_TCGA_b109_SNP_1N_GenomeWideSNP_6_D08_771912	1	152762762	152768700	24	1.4957
RANDS_p_TCGA_b109_SNP_1N_GenomeWideSNP_6_D08_771912	1	152773905	154342307	899	0.94
RANDS_p_TCGA_b109_SNP_1N_GenomeWideSNP_6_D08_771912	1	154344924	154356481	6	0.0664
RANDS_p_TCGA_b109_SNP_1N_GenomeWideSNP_6_D08_771912	1	154357340	157936844	1953	0.9398
RANDS_p_TCGA_b109_SNP_1N_GenomeWideSNP_6_D08_771912	1	157941031	158008229	37	0.0745
RANDS_p_TCGA_b109_SNP_1N_GenomeWideSNP_6_D08_771912	1	158009024	158271536	205	0.9202
RANDS_p_TCGA_b109_SNP_1N_GenomeWideSNP_6_D08_771912	1	158279017	158314694	12	0.3528
RANDS_p_TCGA_b109_SNP_1N_GenomeWideSNP_6_D08_771912	1	158322827	158514514	179	0.883
RANDS_p_TCGA_b109_SNP_1N_GenomeWideSNP_6_D08_771912	1	158514529	158520295	25	0.0119
RANDS_p_TCGA_b109_SNP_1N_GenomeWideSNP_6_D08_771912	1	158523671	163579688	3621	0.9352
RANDS_p_TCGA_b109_SNP_1N_GenomeWideSNP_6_D08_771912	1	163579742	164085642	304	1.2571
RANDS_p_TCGA_b109_SNP_1N_GenomeWideSNP_6_D08_771912	1	164096419	167127029	2520	0.9425
RANDS_p_TCGA_b109_SNP_1N_GenomeWideSNP_6_D08_771912	1	167128480	167359307	138	1.3131
RANDS_p_TCGA_b109_SNP_1N_GenomeWideSNP_6_D08_771912	1	167359921	167362549	2	0.1359
RANDS_p_TCGA_b109_SNP_1N_GenomeWideSNP_6_D08_771912	1	167366289	169216937	1444	0.7277
RANDS_p_TCGA_b109_SNP_1N_GenomeWideSNP_6_D08_771912	1	169233974	169241766	7	1.3863
RANDS_p_TCGA_b109_SNP_1N_GenomeWideSNP_6_D08_771912	1	169242401	179323738	6622	0.721
RANDS_p_TCGA_b109_SNP_1N_GenomeWideSNP_6_D08_771912	1	179330528	179339206	5	-0.1332
RANDS_p_TCGA_b109_SNP_1N_GenomeWideSNP_6_D08_771912	1	179339262	182810111	2384	0.8246
RANDS_p_TCGA_b109_SNP_1N_GenomeWideSNP_6_D08_771912	1	182813634	182813640	2	-0.6248
RANDS_p_TCGA_b109_SNP_1N_GenomeWideSNP_6_D08_771912	1	182814283	189648157	4448	0.8066
RANDS_p_TCGA_b109_SNP_1N_GenomeWideSNP_6_D08_771912	1	189648483	189648527	2	-0.673
RANDS_p_TCGA_b109_SNP_1N_GenomeWideSNP_6_D08_771912	1	189652047	191182147	1057	0.8008
RANDS_p_TCGA_b109_SNP_1N_GenomeWideSNP_6_D08_771912	1	191184606	196714873	3690	-0.2186
RANDS_p_TCGA_b109_SNP_1N_GenomeWideSNP_6_D08_771912	1	196727850	196801655	87	-0.9978
RANDS_p_TCGA_b109_SNP_1N_GenomeWideSNP_6_D08_771912	1	196801784	216249622	13052	-0.1867
RANDS_p_TCGA_b109_SNP_1N_GenomeWideSNP_6_D08_771912	1	216256257	222191801	4272	0.8314
RANDS_p_TCGA_b109_SNP_1N_GenomeWideSNP_6_D08_771912	1	222192253	222366668	124	-0.2258
RANDS_p_TCGA_b109_SNP_1N_GenomeWideSNP_6_D08_771912	1	222374834	222377004	2	-1.8374
RANDS_p_TCGA_b109_SNP_1N_GenomeWideSNP_6_D08_771912	1	222382134	225728837	2037	-0.1816
RANDS_p_TCGA_b109_SNP_1N_GenomeWideSNP_6_D08_771912	1	225732239	226892108	679	-0.473
RANDS_p_TCGA_b109_SNP_1N_GenomeWideSNP_6_D08_771912	1	226892377	226900415	2	-2.723
RANDS_p_TCGA_b109_SNP_1N_GenomeWideSNP_6_D08_771912	1	226900507	229809407	1726	-0.4746
RANDS_p_TCGA_b109_SNP_1N_GenomeWideSNP_6_D08_771912	1	229811169	229821211	10	0.1583
RANDS_p_TCGA_b109_SNP_1N_GenomeWideSNP_6_D08_771912	1	229821753	231876767	1471	-0.4826
RANDS_p_TCGA_b109_SNP_1N_GenomeWideSNP_6_D08_771912	1	231876982	231877073	2	-2.6139
RANDS_p_TCGA_b109_SNP_1N_GenomeWideSNP_6_D08_771912	1	231877284	234908287	2556	-0.4928
RANDS_p_TCGA_b109_SNP_1N_GenomeWideSNP_6_D08_771912	1	234912288	234915914	3	1.4648
RANDS_p_TCGA_b109_SNP_1N_GenomeWideSNP_6_D08_771912	1	234930171	237381188	1653	-0.5183
RANDS_p_TCGA_b109_SNP_1N_GenomeWideSNP_6_D08_771912	1	237383623	238211712	655	0.3712
RANDS_p_TCGA_b109_SNP_1N_GenomeWideSNP_6_D08_771912	1	238211788	238322892	110	0.8623
RANDS_p_TCGA_b109_SNP_1N_GenomeWideSNP_6_D08_771912	1	238324476	239356155	845	0.4123
RANDS_p_TCGA_b109_SNP_1N_GenomeWideSNP_6_D08_771912	1	239356294	239480269	79	1.1038
RANDS_p_TCGA_b109_SNP_1N_GenomeWideSNP_6_D08_771912	1	239484597	245934299	4693	0.6987
RANDS_p_TCGA_b109_SNP_1N_GenomeWideSNP_6_D08_771912	1	245940334	246286449	305	-0.465
RANDS_p_TCGA_b109_SNP_1N_GenomeWideSNP_6_D08_771912	1	246292814	249224388	1675	0.6985
RANDS_p_TCGA_b109_SNP_1N_GenomeWideSNP_6_D08_771912	2	12784	14059586	10535	0.4493
RANDS_p_TCGA_b109_SNP_1N_GenomeWideSNP_6_D08_771912	2	14059628	14060528	2	-1.9268
RANDS_p_TCGA_b109_SNP_1N_GenomeWideSNP_6_D08_771912	2	14061535	34403165	13359	0.3028
RANDS_p_TCGA_b109_SNP_1N_GenomeWideSNP_6_D08_771912	2	34403301	34404938	5	-0.6721
RANDS_p_TCGA_b109_SNP_1N_GenomeWideSNP_6_D08_771912	2	34405804	34422078	16	0.262
RANDS_p_TCGA_b109_SNP_1N_GenomeWideSNP_6_D08_771912	2	34422281	34427646	3	-0.7813
RANDS_p_TCGA_b109_SNP_1N_GenomeWideSNP_6_D08_771912	2	34428936	34699315	200	0.2893
RANDS_p_TCGA_b109_SNP_1N_GenomeWideSNP_6_D08_771912	2	34701394	34727867	43	0.766
RANDS_p_TCGA_b109_SNP_1N_GenomeWideSNP_6_D08_771912	2	34736513	52741737	13046	0.2899
RANDS_p_TCGA_b109_SNP_1N_GenomeWideSNP_6_D08_771912	2	52754468	52787949	41	0.6094
RANDS_p_TCGA_b109_SNP_1N_GenomeWideSNP_6_D08_771912	2	52790140	71342451	12267	0.2801
RANDS_p_TCGA_b109_SNP_1N_GenomeWideSNP_6_D08_771912	2	71346563	71346825	6	-0.8071
RANDS_p_TCGA_b109_SNP_1N_GenomeWideSNP_6_D08_771912	2	71347392	77974045	4040	0.2855
RANDS_p_TCGA_b109_SNP_1N_GenomeWideSNP_6_D08_771912	2	77976698	77996885	48	0.741
RANDS_p_TCGA_b109_SNP_1N_GenomeWideSNP_6_D08_771912	2	78001308	87480461	5742	0.25
RANDS_p_TCGA_b109_SNP_1N_GenomeWideSNP_6_D08_771912	2	87483852	87522942	28	-0.165
RANDS_p_TCGA_b109_SNP_1N_GenomeWideSNP_6_D08_771912	2	87526480	89518452	732	0.257
RANDS_p_TCGA_b109_SNP_1N_GenomeWideSNP_6_D08_771912	2	89521946	91787075	215	0.5333
RANDS_p_TCGA_b109_SNP_1N_GenomeWideSNP_6_D08_771912	2	91787401	91801484	21	1.0492
RANDS_p_TCGA_b109_SNP_1N_GenomeWideSNP_6_D08_771912	2	91807739	95334806	84	0.4215
RANDS_p_TCGA_b109_SNP_1N_GenomeWideSNP_6_D08_771912	2	95341388	97713773	811	-0.1312
RANDS_p_TCGA_b109_SNP_1N_GenomeWideSNP_6_D08_771912	2	97715154	98241192	117	0.0774
RANDS_p_TCGA_b109_SNP_1N_GenomeWideSNP_6_D08_771912	2	98244174	106883229	5567	-0.1698
RANDS_p_TCGA_b109_SNP_1N_GenomeWideSNP_6_D08_771912	2	106883331	106885357	7	-2.1837
RANDS_p_TCGA_b109_SNP_1N_GenomeWideSNP_6_D08_771912	2	106887255	117625463	5808	-0.1624
RANDS_p_TCGA_b109_SNP_1N_GenomeWideSNP_6_D08_771912	2	117629591	117629593	2	-2.0761
RANDS_p_TCGA_b109_SNP_1N_GenomeWideSNP_6_D08_771912	2	117629595	125654748	5268	-0.167
RANDS_p_TCGA_b109_SNP_1N_GenomeWideSNP_6_D08_771912	2	125655268	125658362	2	-3.4562
RANDS_p_TCGA_b109_SNP_1N_GenomeWideSNP_6_D08_771912	2	125659692	144021778	11255	-0.1824
RANDS_p_TCGA_b109_SNP_1N_GenomeWideSNP_6_D08_771912	2	144021830	144234245	131	-0.5276
RANDS_p_TCGA_b109_SNP_1N_GenomeWideSNP_6_D08_771912	2	144236596	144817071	338	-0.2105
RANDS_p_TCGA_b109_SNP_1N_GenomeWideSNP_6_D08_771912	2	144819051	145386594	303	-0.5578
RANDS_p_TCGA_b109_SNP_1N_GenomeWideSNP_6_D08_771912	2	145387567	150344357	2639	-0.1904
RANDS_p_TCGA_b109_SNP_1N_GenomeWideSNP_6_D08_771912	2	150345764	150346004	3	-1.4915
RANDS_p_TCGA_b109_SNP_1N_GenomeWideSNP_6_D08_771912	2	150349748	152226570	1344	-0.1679
RANDS_p_TCGA_b109_SNP_1N_GenomeWideSNP_6_D08_771912	2	152230026	152428132	169	-0.4778
RANDS_p_TCGA_b109_SNP_1N_GenomeWideSNP_6_D08_771912	2	152429679	161236277	5371	-0.1678
RANDS_p_TCGA_b109_SNP_1N_GenomeWideSNP_6_D08_771912	2	161242295	161324580	42	-0.4665
RANDS_p_TCGA_b109_SNP_1N_GenomeWideSNP_6_D08_771912	2	161328960	180419535	11827	-0.1694
RANDS_p_TCGA_b109_SNP_1N_GenomeWideSNP_6_D08_771912	2	180419600	180421906	20	-0.7411
RANDS_p_TCGA_b109_SNP_1N_GenomeWideSNP_6_D08_771912	2	180422121	203293091	13287	-0.1748
RANDS_p_TCGA_b109_SNP_1N_GenomeWideSNP_6_D08_771912	2	203295775	203312201	41	-0.7513
RANDS_p_TCGA_b109_SNP_1N_GenomeWideSNP_6_D08_771912	2	203313482	208355752	3135	-0.0064
RANDS_p_TCGA_b109_SNP_1N_GenomeWideSNP_6_D08_771912	2	208355922	208359025	9	0.5556
RANDS_p_TCGA_b109_SNP_1N_GenomeWideSNP_6_D08_771912	2	208359149	212532808	2598	-0.17
RANDS_p_TCGA_b109_SNP_1N_GenomeWideSNP_6_D08_771912	2	212534598	212534920	3	-1.6091
RANDS_p_TCGA_b109_SNP_1N_GenomeWideSNP_6_D08_771912	2	212536046	214520199	1313	-0.1866
RANDS_p_TCGA_b109_SNP_1N_GenomeWideSNP_6_D08_771912	2	214521642	214525460	2	-1.7809
RANDS_p_TCGA_b109_SNP_1N_GenomeWideSNP_6_D08_771912	2	214525565	227986406	8840	-0.1626
RANDS_p_TCGA_b109_SNP_1N_GenomeWideSNP_6_D08_771912	2	227988841	228439275	269	0.1209
RANDS_p_TCGA_b109_SNP_1N_GenomeWideSNP_6_D08_771912	2	228447596	243054607	9109	-0.1634
RANDS_p_TCGA_b109_SNP_1N_GenomeWideSNP_6_D08_771912	2	243067550	243089456	4	0.3045
RANDS_p_TCGA_b109_SNP_1N_GenomeWideSNP_6_D08_771912	3	60345	46793377	33255	0.0798
RANDS_p_TCGA_b109_SNP_1N_GenomeWideSNP_6_D08_771912	3	46801817	46849589	40	-0.6381
RANDS_p_TCGA_b109_SNP_1N_GenomeWideSNP_6_D08_771912	3	46859479	60446312	7946	0.1029
RANDS_p_TCGA_b109_SNP_1N_GenomeWideSNP_6_D08_771912	3	60448591	60544463	125	-0.2768
RANDS_p_TCGA_b109_SNP_1N_GenomeWideSNP_6_D08_771912	3	60544479	62710441	1912	0.091
RANDS_p_TCGA_b109_SNP_1N_GenomeWideSNP_6_D08_771912	3	62710444	62715860	10	-0.7193
RANDS_p_TCGA_b109_SNP_1N_GenomeWideSNP_6_D08_771912	3	62715908	129766586	39342	0.0681
RANDS_p_TCGA_b109_SNP_1N_GenomeWideSNP_6_D08_771912	3	129775858	129868734	76	0.4137
RANDS_p_TCGA_b109_SNP_1N_GenomeWideSNP_6_D08_771912	3	129871535	145479123	9740	0.0809
RANDS_p_TCGA_b109_SNP_1N_GenomeWideSNP_6_D08_771912	3	145479235	145479562	2	-2.0593
RANDS_p_TCGA_b109_SNP_1N_GenomeWideSNP_6_D08_771912	3	145480765	162092183	10235	0.067
RANDS_p_TCGA_b109_SNP_1N_GenomeWideSNP_6_D08_771912	3	162103074	162108640	3	-1.0839
RANDS_p_TCGA_b109_SNP_1N_GenomeWideSNP_6_D08_771912	3	162108818	162223789	105	0.0072
RANDS_p_TCGA_b109_SNP_1N_GenomeWideSNP_6_D08_771912	3	162223833	162237290	16	0.5042
RANDS_p_TCGA_b109_SNP_1N_GenomeWideSNP_6_D08_771912	3	162237495	162508268	165	0.0393
RANDS_p_TCGA_b109_SNP_1N_GenomeWideSNP_6_D08_771912	3	162512657	162513092	3	-0.5062
RANDS_p_TCGA_b109_SNP_1N_GenomeWideSNP_6_D08_771912	3	162513149	162625995	67	-1.1422
RANDS_p_TCGA_b109_SNP_1N_GenomeWideSNP_6_D08_771912	3	162626572	189774578	17024	0.0577
RANDS_p_TCGA_b109_SNP_1N_GenomeWideSNP_6_D08_771912	3	189774758	189774971	2	-1.8829
RANDS_p_TCGA_b109_SNP_1N_GenomeWideSNP_6_D08_771912	3	189778630	192877902	2178	0.0578
RANDS_p_TCGA_b109_SNP_1N_GenomeWideSNP_6_D08_771912	3	192877962	192882903	19	-1.0095
RANDS_p_TCGA_b109_SNP_1N_GenomeWideSNP_6_D08_771912	3	192886435	192887766	16	-0.1265
RANDS_p_TCGA_b109_SNP_1N_GenomeWideSNP_6_D08_771912	3	192888642	193451757	373	0.1082
RANDS_p_TCGA_b109_SNP_1N_GenomeWideSNP_6_D08_771912	3	193452002	193453733	2	-0.5163
RANDS_p_TCGA_b109_SNP_1N_GenomeWideSNP_6_D08_771912	3	193455574	193887662	293	0.3116
RANDS_p_TCGA_b109_SNP_1N_GenomeWideSNP_6_D08_771912	3	193889252	193891222	4	-0.7778
RANDS_p_TCGA_b109_SNP_1N_GenomeWideSNP_6_D08_771912	3	193893183	197307445	1743	0.0995
RANDS_p_TCGA_b109_SNP_1N_GenomeWideSNP_6_D08_771912	3	197307725	197314448	11	-0.9389
RANDS_p_TCGA_b109_SNP_1N_GenomeWideSNP_6_D08_771912	3	197314822	197848102	250	0.1643
RANDS_p_TCGA_b109_SNP_1N_GenomeWideSNP_6_D08_771912	3	197848133	197896118	15	0.549
RANDS_p_TCGA_b109_SNP_1N_GenomeWideSNP_6_D08_771912	4	12281	3463882	1455	-0.0016
RANDS_p_TCGA_b109_SNP_1N_GenomeWideSNP_6_D08_771912	4	3469443	3473639	10	1.1027
RANDS_p_TCGA_b109_SNP_1N_GenomeWideSNP_6_D08_771912	4	3483037	4166518	250	-0.001
RANDS_p_TCGA_b109_SNP_1N_GenomeWideSNP_6_D08_771912	4	4166983	4184290	11	0.4736
RANDS_p_TCGA_b109_SNP_1N_GenomeWideSNP_6_D08_771912	4	4184697	5316735	885	-0.0698
RANDS_p_TCGA_b109_SNP_1N_GenomeWideSNP_6_D08_771912	4	5319786	5320934	2	-1.9028
RANDS_p_TCGA_b109_SNP_1N_GenomeWideSNP_6_D08_771912	4	5323295	10210390	3187	-0.0231
RANDS_p_TCGA_b109_SNP_1N_GenomeWideSNP_6_D08_771912	4	10214160	10230797	23	-0.6194
RANDS_p_TCGA_b109_SNP_1N_GenomeWideSNP_6_D08_771912	4	10230812	16104538	4674	-0.0645
RANDS_p_TCGA_b109_SNP_1N_GenomeWideSNP_6_D08_771912	4	16105431	16183109	60	0.3784
RANDS_p_TCGA_b109_SNP_1N_GenomeWideSNP_6_D08_771912	4	16184793	36737136	13586	-0.0633
RANDS_p_TCGA_b109_SNP_1N_GenomeWideSNP_6_D08_771912	4	36747159	36990358	143	-0.3722
RANDS_p_TCGA_b109_SNP_1N_GenomeWideSNP_6_D08_771912	4	36991491	45778999	5651	-0.045
RANDS_p_TCGA_b109_SNP_1N_GenomeWideSNP_6_D08_771912	4	45785501	45804441	18	0.6386
RANDS_p_TCGA_b109_SNP_1N_GenomeWideSNP_6_D08_771912	4	45806275	47983731	1190	0.0221
RANDS_p_TCGA_b109_SNP_1N_GenomeWideSNP_6_D08_771912	4	47984297	49089374	693	0.2873
RANDS_p_TCGA_b109_SNP_1N_GenomeWideSNP_6_D08_771912	4	49093786	49658223	40	0.9379
RANDS_p_TCGA_b109_SNP_1N_GenomeWideSNP_6_D08_771912	4	49658612	69372003	10495	0.07
RANDS_p_TCGA_b109_SNP_1N_GenomeWideSNP_6_D08_771912	4	69374941	69591782	78	-0.4618
RANDS_p_TCGA_b109_SNP_1N_GenomeWideSNP_6_D08_771912	4	69595591	70132122	322	-0.0836
RANDS_p_TCGA_b109_SNP_1N_GenomeWideSNP_6_D08_771912	4	70132370	70236151	50	0.2993
RANDS_p_TCGA_b109_SNP_1N_GenomeWideSNP_6_D08_771912	4	70239096	70252416	10	-0.3579
RANDS_p_TCGA_b109_SNP_1N_GenomeWideSNP_6_D08_771912	4	70258331	70278449	11	0.4959
RANDS_p_TCGA_b109_SNP_1N_GenomeWideSNP_6_D08_771912	4	70280532	73419434	1846	-0.084
RANDS_p_TCGA_b109_SNP_1N_GenomeWideSNP_6_D08_771912	4	73420212	73425005	10	-0.9294
RANDS_p_TCGA_b109_SNP_1N_GenomeWideSNP_6_D08_771912	4	73425312	92462277	11963	0.1548
RANDS_p_TCGA_b109_SNP_1N_GenomeWideSNP_6_D08_771912	4	92465094	92478321	12	-0.6441
RANDS_p_TCGA_b109_SNP_1N_GenomeWideSNP_6_D08_771912	4	92481361	138092239	26807	0.1356
RANDS_p_TCGA_b109_SNP_1N_GenomeWideSNP_6_D08_771912	4	138092420	138092926	10	-0.8502
RANDS_p_TCGA_b109_SNP_1N_GenomeWideSNP_6_D08_771912	4	138092938	143793939	3821	0.1309
RANDS_p_TCGA_b109_SNP_1N_GenomeWideSNP_6_D08_771912	4	143794072	143800814	32	-0.5902
RANDS_p_TCGA_b109_SNP_1N_GenomeWideSNP_6_D08_771912	4	143800957	151876325	4560	0.145
RANDS_p_TCGA_b109_SNP_1N_GenomeWideSNP_6_D08_771912	4	151876351	151884306	24	-0.3404
RANDS_p_TCGA_b109_SNP_1N_GenomeWideSNP_6_D08_771912	4	151884310	159986507	5101	0.1784
RANDS_p_TCGA_b109_SNP_1N_GenomeWideSNP_6_D08_771912	4	159988006	159997375	6	-0.8322
RANDS_p_TCGA_b109_SNP_1N_GenomeWideSNP_6_D08_771912	4	159998288	172987928	8346	0.1362
RANDS_p_TCGA_b109_SNP_1N_GenomeWideSNP_6_D08_771912	4	172989148	172989533	12	0.9483
RANDS_p_TCGA_b109_SNP_1N_GenomeWideSNP_6_D08_771912	4	172995979	173422522	232	0.1249
RANDS_p_TCGA_b109_SNP_1N_GenomeWideSNP_6_D08_771912	4	173424947	173428643	7	1.1326
RANDS_p_TCGA_b109_SNP_1N_GenomeWideSNP_6_D08_771912	4	173441132	176433211	1687	0.1368
RANDS_p_TCGA_b109_SNP_1N_GenomeWideSNP_6_D08_771912	4	176433712	176460200	19	-0.252
RANDS_p_TCGA_b109_SNP_1N_GenomeWideSNP_6_D08_771912	4	176464096	177164481	442	0.1203
RANDS_p_TCGA_b109_SNP_1N_GenomeWideSNP_6_D08_771912	4	177165002	177165182	2	-1.4052
RANDS_p_TCGA_b109_SNP_1N_GenomeWideSNP_6_D08_771912	4	177165314	178049020	561	0.1079
RANDS_p_TCGA_b109_SNP_1N_GenomeWideSNP_6_D08_771912	4	178052991	178056849	5	-0.6199
RANDS_p_TCGA_b109_SNP_1N_GenomeWideSNP_6_D08_771912	4	178060406	178587838	375	0.1379
RANDS_p_TCGA_b109_SNP_1N_GenomeWideSNP_6_D08_771912	4	178596531	178609713	42	-0.5534
RANDS_p_TCGA_b109_SNP_1N_GenomeWideSNP_6_D08_771912	4	178612025	187901217	6761	0.156
RANDS_p_TCGA_b109_SNP_1N_GenomeWideSNP_6_D08_771912	4	187901232	187901245	2	-2.3381
RANDS_p_TCGA_b109_SNP_1N_GenomeWideSNP_6_D08_771912	4	187901257	189221258	817	0.1542
RANDS_p_TCGA_b109_SNP_1N_GenomeWideSNP_6_D08_771912	4	189221360	189222813	5	1.4478
RANDS_p_TCGA_b109_SNP_1N_GenomeWideSNP_6_D08_771912	4	189223053	191027923	1176	0.1258
RANDS_p_TCGA_b109_SNP_1N_GenomeWideSNP_6_D08_771912	5	15532	806336	348	-0.4824
RANDS_p_TCGA_b109_SNP_1N_GenomeWideSNP_6_D08_771912	5	809047	820036	9	0.4905
RANDS_p_TCGA_b109_SNP_1N_GenomeWideSNP_6_D08_771912	5	822123	8850714	6730	-0.4736
RANDS_p_TCGA_b109_SNP_1N_GenomeWideSNP_6_D08_771912	5	8852043	12202506	2815	-0.1468
RANDS_p_TCGA_b109_SNP_1N_GenomeWideSNP_6_D08_771912	5	12202809	12284360	37	-0.4812
RANDS_p_TCGA_b109_SNP_1N_GenomeWideSNP_6_D08_771912	5	12285424	12800889	271	-0.1249
RANDS_p_TCGA_b109_SNP_1N_GenomeWideSNP_6_D08_771912	5	12815780	12964973	46	-0.4072
RANDS_p_TCGA_b109_SNP_1N_GenomeWideSNP_6_D08_771912	5	12965384	16120994	2194	-0.021
RANDS_p_TCGA_b109_SNP_1N_GenomeWideSNP_6_D08_771912	5	16122588	16125128	4	-0.7037
RANDS_p_TCGA_b109_SNP_1N_GenomeWideSNP_6_D08_771912	5	16125176	21376844	3265	0.0667
RANDS_p_TCGA_b109_SNP_1N_GenomeWideSNP_6_D08_771912	5	21377839	21377853	2	-1.4195
RANDS_p_TCGA_b109_SNP_1N_GenomeWideSNP_6_D08_771912	5	21386066	21449219	44	0.1382
RANDS_p_TCGA_b109_SNP_1N_GenomeWideSNP_6_D08_771912	5	21449276	21567036	44	0.3673
RANDS_p_TCGA_b109_SNP_1N_GenomeWideSNP_6_D08_771912	5	21573438	23318886	1018	0.0505
RANDS_p_TCGA_b109_SNP_1N_GenomeWideSNP_6_D08_771912	5	23322967	23569311	126	-0.4693
RANDS_p_TCGA_b109_SNP_1N_GenomeWideSNP_6_D08_771912	5	23572683	26155044	1586	0.0444
RANDS_p_TCGA_b109_SNP_1N_GenomeWideSNP_6_D08_771912	5	26155298	33813994	4946	-0.4597
RANDS_p_TCGA_b109_SNP_1N_GenomeWideSNP_6_D08_771912	5	33814173	33814488	2	1.4001
RANDS_p_TCGA_b109_SNP_1N_GenomeWideSNP_6_D08_771912	5	33814705	34091248	205	-0.447
RANDS_p_TCGA_b109_SNP_1N_GenomeWideSNP_6_D08_771912	5	34094529	34403401	129	-0.1815
RANDS_p_TCGA_b109_SNP_1N_GenomeWideSNP_6_D08_771912	5	34405486	46209299	6950	-0.4622
RANDS_p_TCGA_b109_SNP_1N_GenomeWideSNP_6_D08_771912	5	46209882	46251306	12	-0.1811
RANDS_p_TCGA_b109_SNP_1N_GenomeWideSNP_6_D08_771912	5	46271008	46273502	8	0.6989
RANDS_p_TCGA_b109_SNP_1N_GenomeWideSNP_6_D08_771912	5	46278212	49881117	180	-0.1614
RANDS_p_TCGA_b109_SNP_1N_GenomeWideSNP_6_D08_771912	5	49881319	49980802	39	0.1776
RANDS_p_TCGA_b109_SNP_1N_GenomeWideSNP_6_D08_771912	5	49984762	59560498	6529	-0.1635
RANDS_p_TCGA_b109_SNP_1N_GenomeWideSNP_6_D08_771912	5	59565423	59793830	128	-0.4251
RANDS_p_TCGA_b109_SNP_1N_GenomeWideSNP_6_D08_771912	5	59794824	65242100	3165	-0.1912
RANDS_p_TCGA_b109_SNP_1N_GenomeWideSNP_6_D08_771912	5	65247934	65412517	90	-0.584
RANDS_p_TCGA_b109_SNP_1N_GenomeWideSNP_6_D08_771912	5	65424875	68867294	2290	-0.212
RANDS_p_TCGA_b109_SNP_1N_GenomeWideSNP_6_D08_771912	5	69074977	69233444	6	0.52
RANDS_p_TCGA_b109_SNP_1N_GenomeWideSNP_6_D08_771912	5	69313673	70391185	18	-0.0497
RANDS_p_TCGA_b109_SNP_1N_GenomeWideSNP_6_D08_771912	5	70391253	70660751	3	0.8815
RANDS_p_TCGA_b109_SNP_1N_GenomeWideSNP_6_D08_771912	5	70661208	110507929	23788	-0.2053
RANDS_p_TCGA_b109_SNP_1N_GenomeWideSNP_6_D08_771912	5	110508516	110523899	5	-1.6641
RANDS_p_TCGA_b109_SNP_1N_GenomeWideSNP_6_D08_771912	5	110523923	150202205	25585	-0.2029
RANDS_p_TCGA_b109_SNP_1N_GenomeWideSNP_6_D08_771912	5	150205500	150218604	8	-2.7338
RANDS_p_TCGA_b109_SNP_1N_GenomeWideSNP_6_D08_771912	5	150223387	155472133	3635	-0.1926
RANDS_p_TCGA_b109_SNP_1N_GenomeWideSNP_6_D08_771912	5	155475099	155495253	20	0.2343
RANDS_p_TCGA_b109_SNP_1N_GenomeWideSNP_6_D08_771912	5	155495257	177167963	14826	-0.2061
RANDS_p_TCGA_b109_SNP_1N_GenomeWideSNP_6_D08_771912	5	177197955	177254965	6	0.9065
RANDS_p_TCGA_b109_SNP_1N_GenomeWideSNP_6_D08_771912	5	177259415	179103726	1082	-0.2059
RANDS_p_TCGA_b109_SNP_1N_GenomeWideSNP_6_D08_771912	5	179104050	179105328	12	0.4407
RANDS_p_TCGA_b109_SNP_1N_GenomeWideSNP_6_D08_771912	5	179108197	180374523	717	-0.1894
RANDS_p_TCGA_b109_SNP_1N_GenomeWideSNP_6_D08_771912	5	180378710	180442441	23	0.3801
RANDS_p_TCGA_b109_SNP_1N_GenomeWideSNP_6_D08_771912	5	180442920	180790320	167	-0.1718
RANDS_p_TCGA_b109_SNP_1N_GenomeWideSNP_6_D08_771912	6	149661	2643088	2073	0.4974
RANDS_p_TCGA_b109_SNP_1N_GenomeWideSNP_6_D08_771912	6	2644839	2651987	8	-1.0971
RANDS_p_TCGA_b109_SNP_1N_GenomeWideSNP_6_D08_771912	6	2660050	19790560	13261	0.4531
RANDS_p_TCGA_b109_SNP_1N_GenomeWideSNP_6_D08_771912	6	19790754	19790979	3	-0.7716
RANDS_p_TCGA_b109_SNP_1N_GenomeWideSNP_6_D08_771912	6	19793675	22671353	2126	0.4787
RANDS_p_TCGA_b109_SNP_1N_GenomeWideSNP_6_D08_771912	6	22672560	22672562	2	-0.8881
RANDS_p_TCGA_b109_SNP_1N_GenomeWideSNP_6_D08_771912	6	22672750	23795695	821	0.4756
RANDS_p_TCGA_b109_SNP_1N_GenomeWideSNP_6_D08_771912	6	23796178	23796212	3	-2.6963
RANDS_p_TCGA_b109_SNP_1N_GenomeWideSNP_6_D08_771912	6	23797913	26737032	1988	0.4305
RANDS_p_TCGA_b109_SNP_1N_GenomeWideSNP_6_D08_771912	6	26737438	26768569	24	0.8771
RANDS_p_TCGA_b109_SNP_1N_GenomeWideSNP_6_D08_771912	6	26773063	29837072	1438	0.452
RANDS_p_TCGA_b109_SNP_1N_GenomeWideSNP_6_D08_771912	6	29837187	29874642	22	-0.5178
RANDS_p_TCGA_b109_SNP_1N_GenomeWideSNP_6_D08_771912	6	29874709	31277686	666	0.4724
RANDS_p_TCGA_b109_SNP_1N_GenomeWideSNP_6_D08_771912	6	31280823	31309924	13	1.6673
RANDS_p_TCGA_b109_SNP_1N_GenomeWideSNP_6_D08_771912	6	31317347	32431292	502	0.4634
RANDS_p_TCGA_b109_SNP_1N_GenomeWideSNP_6_D08_771912	6	32431552	32605576	62	1.0466
RANDS_p_TCGA_b109_SNP_1N_GenomeWideSNP_6_D08_771912	6	32605884	40088705	4737	0.454
RANDS_p_TCGA_b109_SNP_1N_GenomeWideSNP_6_D08_771912	6	40092318	40092331	2	-1.2943
RANDS_p_TCGA_b109_SNP_1N_GenomeWideSNP_6_D08_771912	6	40095312	53931275	9024	0.4561
RANDS_p_TCGA_b109_SNP_1N_GenomeWideSNP_6_D08_771912	6	53931380	53931855	4	1.6642
RANDS_p_TCGA_b109_SNP_1N_GenomeWideSNP_6_D08_771912	6	53935348	67037554	5497	0.3849
RANDS_p_TCGA_b109_SNP_1N_GenomeWideSNP_6_D08_771912	6	67038021	67043192	9	0.9708
RANDS_p_TCGA_b109_SNP_1N_GenomeWideSNP_6_D08_771912	6	67043235	67353662	268	0.2583
RANDS_p_TCGA_b109_SNP_1N_GenomeWideSNP_6_D08_771912	6	67362197	74590622	4750	-0.1809
RANDS_p_TCGA_b109_SNP_1N_GenomeWideSNP_6_D08_771912	6	74591801	74603555	13	0.4972
RANDS_p_TCGA_b109_SNP_1N_GenomeWideSNP_6_D08_771912	6	74603605	74707377	71	-0.111
RANDS_p_TCGA_b109_SNP_1N_GenomeWideSNP_6_D08_771912	6	74709709	74717021	3	1.0328
RANDS_p_TCGA_b109_SNP_1N_GenomeWideSNP_6_D08_771912	6	74718793	77014948	1396	-0.1668
RANDS_p_TCGA_b109_SNP_1N_GenomeWideSNP_6_D08_771912	6	77016900	77016926	3	1.0637
RANDS_p_TCGA_b109_SNP_1N_GenomeWideSNP_6_D08_771912	6	77016993	77436532	296	-0.1417
RANDS_p_TCGA_b109_SNP_1N_GenomeWideSNP_6_D08_771912	6	77439868	77443247	11	-3.836
RANDS_p_TCGA_b109_SNP_1N_GenomeWideSNP_6_D08_771912	6	77446199	77452382	4	-0.9225
RANDS_p_TCGA_b109_SNP_1N_GenomeWideSNP_6_D08_771912	6	77452392	78972466	996	-0.211
RANDS_p_TCGA_b109_SNP_1N_GenomeWideSNP_6_D08_771912	6	78972621	78979477	14	0.4343
RANDS_p_TCGA_b109_SNP_1N_GenomeWideSNP_6_D08_771912	6	78979833	79003753	26	-0.1172
RANDS_p_TCGA_b109_SNP_1N_GenomeWideSNP_6_D08_771912	6	79011266	79035027	60	0.2594
RANDS_p_TCGA_b109_SNP_1N_GenomeWideSNP_6_D08_771912	6	79035174	121518801	26468	-0.187
RANDS_p_TCGA_b109_SNP_1N_GenomeWideSNP_6_D08_771912	6	121521906	121524055	5	-1.7563
RANDS_p_TCGA_b109_SNP_1N_GenomeWideSNP_6_D08_771912	6	121526780	124890005	2088	-0.1929
RANDS_p_TCGA_b109_SNP_1N_GenomeWideSNP_6_D08_771912	6	124894966	124895073	2	-1.4672
RANDS_p_TCGA_b109_SNP_1N_GenomeWideSNP_6_D08_771912	6	124895306	170919495	31221	-0.1735
RANDS_p_TCGA_b109_SNP_1N_GenomeWideSNP_6_D08_771912	6	170982327	171051005	4	0.7611
RANDS_p_TCGA_b109_SNP_1N_GenomeWideSNP_6_D08_771912	7	43355	15174484	10219	-0.1864
RANDS_p_TCGA_b109_SNP_1N_GenomeWideSNP_6_D08_771912	7	15176356	15178290	3	-2.0111
RANDS_p_TCGA_b109_SNP_1N_GenomeWideSNP_6_D08_771912	7	15178339	22434780	5877	-0.177
RANDS_p_TCGA_b109_SNP_1N_GenomeWideSNP_6_D08_771912	7	22435472	22436487	2	-2.7374
RANDS_p_TCGA_b109_SNP_1N_GenomeWideSNP_6_D08_771912	7	22438754	54380373	22469	-0.171
RANDS_p_TCGA_b109_SNP_1N_GenomeWideSNP_6_D08_771912	7	54386505	54386517	6	1.0434
RANDS_p_TCGA_b109_SNP_1N_GenomeWideSNP_6_D08_771912	7	54393488	55116469	569	-0.1455
RANDS_p_TCGA_b109_SNP_1N_GenomeWideSNP_6_D08_771912	7	55116555	55123215	3	-1.2753
RANDS_p_TCGA_b109_SNP_1N_GenomeWideSNP_6_D08_771912	7	55123346	70420438	5726	0.0042
RANDS_p_TCGA_b109_SNP_1N_GenomeWideSNP_6_D08_771912	7	70423250	70426141	2	-1.9238
RANDS_p_TCGA_b109_SNP_1N_GenomeWideSNP_6_D08_771912	7	70428243	105004188	19617	0.0566
RANDS_p_TCGA_b109_SNP_1N_GenomeWideSNP_6_D08_771912	7	105008458	105166520	74	0.4496
RANDS_p_TCGA_b109_SNP_1N_GenomeWideSNP_6_D08_771912	7	105166776	109440923	2844	0.0666
RANDS_p_TCGA_b109_SNP_1N_GenomeWideSNP_6_D08_771912	7	109441212	109453858	11	1.1111
RANDS_p_TCGA_b109_SNP_1N_GenomeWideSNP_6_D08_771912	7	109453910	109495252	41	0.6155
RANDS_p_TCGA_b109_SNP_1N_GenomeWideSNP_6_D08_771912	7	109503385	109795715	167	0.0753
RANDS_p_TCGA_b109_SNP_1N_GenomeWideSNP_6_D08_771912	7	109798592	109799082	7	-1.0482
RANDS_p_TCGA_b109_SNP_1N_GenomeWideSNP_6_D08_771912	7	109799199	119153342	5668	0.0577
RANDS_p_TCGA_b109_SNP_1N_GenomeWideSNP_6_D08_771912	7	119156523	119162447	11	-1.1804
RANDS_p_TCGA_b109_SNP_1N_GenomeWideSNP_6_D08_771912	7	119162730	126045651	4152	0.05
RANDS_p_TCGA_b109_SNP_1N_GenomeWideSNP_6_D08_771912	7	126045686	126046615	9	-1.3854
RANDS_p_TCGA_b109_SNP_1N_GenomeWideSNP_6_D08_771912	7	126046876	133775462	4702	0.0816
RANDS_p_TCGA_b109_SNP_1N_GenomeWideSNP_6_D08_771912	7	133778429	133798543	38	0.6694
RANDS_p_TCGA_b109_SNP_1N_GenomeWideSNP_6_D08_771912	7	133798558	139737221	3870	0.0794
RANDS_p_TCGA_b109_SNP_1N_GenomeWideSNP_6_D08_771912	7	139739580	139746796	3	-1.7503
RANDS_p_TCGA_b109_SNP_1N_GenomeWideSNP_6_D08_771912	7	139748222	141028746	879	0.0582
RANDS_p_TCGA_b109_SNP_1N_GenomeWideSNP_6_D08_771912	7	141030390	141030804	2	-3.2436
RANDS_p_TCGA_b109_SNP_1N_GenomeWideSNP_6_D08_771912	7	141031540	142474939	942	0.0853
RANDS_p_TCGA_b109_SNP_1N_GenomeWideSNP_6_D08_771912	7	142476719	142486045	27	0.7574
RANDS_p_TCGA_b109_SNP_1N_GenomeWideSNP_6_D08_771912	7	142486115	143211643	460	0.088
RANDS_p_TCGA_b109_SNP_1N_GenomeWideSNP_6_D08_771912	7	143212294	143218858	8	-0.6405
RANDS_p_TCGA_b109_SNP_1N_GenomeWideSNP_6_D08_771912	7	143218968	143576100	106	0.4856
RANDS_p_TCGA_b109_SNP_1N_GenomeWideSNP_6_D08_771912	7	143578187	143931103	274	0.105
RANDS_p_TCGA_b109_SNP_1N_GenomeWideSNP_6_D08_771912	7	143938313	143952568	4	0.9883
RANDS_p_TCGA_b109_SNP_1N_GenomeWideSNP_6_D08_771912	7	143952864	144049301	25	0.3029
RANDS_p_TCGA_b109_SNP_1N_GenomeWideSNP_6_D08_771912	7	144049379	147660103	2369	0.0315
RANDS_p_TCGA_b109_SNP_1N_GenomeWideSNP_6_D08_771912	7	147660612	147660659	2	-1.5145
RANDS_p_TCGA_b109_SNP_1N_GenomeWideSNP_6_D08_771912	7	147662560	159127004	7329	0.0721
RANDS_p_TCGA_b109_SNP_1N_GenomeWideSNP_6_D08_771912	8	31254	113380	4	0.3071
RANDS_p_TCGA_b109_SNP_1N_GenomeWideSNP_6_D08_771912	8	158062	593041	322	-0.5002
RANDS_p_TCGA_b109_SNP_1N_GenomeWideSNP_6_D08_771912	8	594944	595908	10	1.5076
RANDS_p_TCGA_b109_SNP_1N_GenomeWideSNP_6_D08_771912	8	601043	3000462	2080	-0.5367
RANDS_p_TCGA_b109_SNP_1N_GenomeWideSNP_6_D08_771912	8	3004567	3664169	845	-0.9741
RANDS_p_TCGA_b109_SNP_1N_GenomeWideSNP_6_D08_771912	8	3664428	4024412	576	-0.5041
RANDS_p_TCGA_b109_SNP_1N_GenomeWideSNP_6_D08_771912	8	4026505	4131490	213	-0.9624
RANDS_p_TCGA_b109_SNP_1N_GenomeWideSNP_6_D08_771912	8	4131952	7331769	3824	-0.4942
RANDS_p_TCGA_b109_SNP_1N_GenomeWideSNP_6_D08_771912	8	7335009	8102831	187	-0.1146
RANDS_p_TCGA_b109_SNP_1N_GenomeWideSNP_6_D08_771912	8	8107766	11846482	3202	-0.4869
RANDS_p_TCGA_b109_SNP_1N_GenomeWideSNP_6_D08_771912	8	11851156	12240182	42	0.0173
RANDS_p_TCGA_b109_SNP_1N_GenomeWideSNP_6_D08_771912	8	12240318	12242155	10	-1.0532
RANDS_p_TCGA_b109_SNP_1N_GenomeWideSNP_6_D08_771912	8	12242515	12242550	7	0.4311
RANDS_p_TCGA_b109_SNP_1N_GenomeWideSNP_6_D08_771912	8	12243179	12247486	10	-0.7213
RANDS_p_TCGA_b109_SNP_1N_GenomeWideSNP_6_D08_771912	8	12260927	12562455	99	-0.0186
RANDS_p_TCGA_b109_SNP_1N_GenomeWideSNP_6_D08_771912	8	12562992	24972187	10373	-0.4845
RANDS_p_TCGA_b109_SNP_1N_GenomeWideSNP_6_D08_771912	8	24974443	24991104	28	0.0186
RANDS_p_TCGA_b109_SNP_1N_GenomeWideSNP_6_D08_771912	8	24991127	32678866	5447	-0.4854
RANDS_p_TCGA_b109_SNP_1N_GenomeWideSNP_6_D08_771912	8	32683098	32688413	8	1.1653
RANDS_p_TCGA_b109_SNP_1N_GenomeWideSNP_6_D08_771912	8	32692106	34857556	1230	-0.5006
RANDS_p_TCGA_b109_SNP_1N_GenomeWideSNP_6_D08_771912	8	34860377	35840686	537	0.8117
RANDS_p_TCGA_b109_SNP_1N_GenomeWideSNP_6_D08_771912	8	35841117	35868548	7	0.2677
RANDS_p_TCGA_b109_SNP_1N_GenomeWideSNP_6_D08_771912	8	35869425	36238083	200	-0.5182
RANDS_p_TCGA_b109_SNP_1N_GenomeWideSNP_6_D08_771912	8	36239365	39230325	1603	0.4839
RANDS_p_TCGA_b109_SNP_1N_GenomeWideSNP_6_D08_771912	8	39230659	39384969	58	1.1911
RANDS_p_TCGA_b109_SNP_1N_GenomeWideSNP_6_D08_771912	8	39385194	46847534	2591	0.6042
RANDS_p_TCGA_b109_SNP_1N_GenomeWideSNP_6_D08_771912	8	46863535	53955215	3900	1.0043
RANDS_p_TCGA_b109_SNP_1N_GenomeWideSNP_6_D08_771912	8	53959644	53991843	34	-0.1285
RANDS_p_TCGA_b109_SNP_1N_GenomeWideSNP_6_D08_771912	8	53992915	55208930	742	0.9779
RANDS_p_TCGA_b109_SNP_1N_GenomeWideSNP_6_D08_771912	8	55209048	55211118	7	-0.0511
RANDS_p_TCGA_b109_SNP_1N_GenomeWideSNP_6_D08_771912	8	55211213	55826396	414	0.9877
RANDS_p_TCGA_b109_SNP_1N_GenomeWideSNP_6_D08_771912	8	55829813	55829820	2	-0.7344
RANDS_p_TCGA_b109_SNP_1N_GenomeWideSNP_6_D08_771912	8	55830288	70952739	9529	1.0439
RANDS_p_TCGA_b109_SNP_1N_GenomeWideSNP_6_D08_771912	8	70953927	70954834	7	0.1265
RANDS_p_TCGA_b109_SNP_1N_GenomeWideSNP_6_D08_771912	8	70961161	90734506	11711	0.9712
RANDS_p_TCGA_b109_SNP_1N_GenomeWideSNP_6_D08_771912	8	90738200	90739480	5	-0.2552
RANDS_p_TCGA_b109_SNP_1N_GenomeWideSNP_6_D08_771912	8	90742503	95557312	2832	0.9721
RANDS_p_TCGA_b109_SNP_1N_GenomeWideSNP_6_D08_771912	8	95557552	95559832	12	1.4658
RANDS_p_TCGA_b109_SNP_1N_GenomeWideSNP_6_D08_771912	8	95560052	95576350	15	0.4514
RANDS_p_TCGA_b109_SNP_1N_GenomeWideSNP_6_D08_771912	8	95578349	106753738	6929	0.8868
RANDS_p_TCGA_b109_SNP_1N_GenomeWideSNP_6_D08_771912	8	106754092	106754734	2	-0.6324
RANDS_p_TCGA_b109_SNP_1N_GenomeWideSNP_6_D08_771912	8	106755759	112291494	3342	0.7386
RANDS_p_TCGA_b109_SNP_1N_GenomeWideSNP_6_D08_771912	8	112294279	112295260	10	1.7491
RANDS_p_TCGA_b109_SNP_1N_GenomeWideSNP_6_D08_771912	8	112300281	120017703	4842	0.7385
RANDS_p_TCGA_b109_SNP_1N_GenomeWideSNP_6_D08_771912	8	120021037	120021260	4	-1.0163
RANDS_p_TCGA_b109_SNP_1N_GenomeWideSNP_6_D08_771912	8	120028098	126513026	4355	0.7694
RANDS_p_TCGA_b109_SNP_1N_GenomeWideSNP_6_D08_771912	8	126516197	126516511	2	-1.1765
RANDS_p_TCGA_b109_SNP_1N_GenomeWideSNP_6_D08_771912	8	126516821	138348767	9074	0.7573
RANDS_p_TCGA_b109_SNP_1N_GenomeWideSNP_6_D08_771912	8	138352259	138355328	5	-0.2681
RANDS_p_TCGA_b109_SNP_1N_GenomeWideSNP_6_D08_771912	8	138355858	146298155	4660	0.7564
RANDS_p_TCGA_b109_SNP_1N_GenomeWideSNP_6_D08_771912	9	46587	602903	513	0.5126
RANDS_p_TCGA_b109_SNP_1N_GenomeWideSNP_6_D08_771912	9	606699	606961	4	-0.7673
RANDS_p_TCGA_b109_SNP_1N_GenomeWideSNP_6_D08_771912	9	607307	3159793	2855	0.5199
RANDS_p_TCGA_b109_SNP_1N_GenomeWideSNP_6_D08_771912	9	3160292	3160718	3	-1.5338
RANDS_p_TCGA_b109_SNP_1N_GenomeWideSNP_6_D08_771912	9	3168100	11732406	7715	0.483
RANDS_p_TCGA_b109_SNP_1N_GenomeWideSNP_6_D08_771912	9	11733365	11740814	12	-1.1397
RANDS_p_TCGA_b109_SNP_1N_GenomeWideSNP_6_D08_771912	9	11747626	23361805	9360	0.4985
RANDS_p_TCGA_b109_SNP_1N_GenomeWideSNP_6_D08_771912	9	23363115	23380445	11	1.1927
RANDS_p_TCGA_b109_SNP_1N_GenomeWideSNP_6_D08_771912	9	23380834	41626881	10876	0.4851
RANDS_p_TCGA_b109_SNP_1N_GenomeWideSNP_6_D08_771912	9	41626896	41629489	6	1.5901
RANDS_p_TCGA_b109_SNP_1N_GenomeWideSNP_6_D08_771912	9	41632671	43187967	40	0.5753
RANDS_p_TCGA_b109_SNP_1N_GenomeWideSNP_6_D08_771912	9	43187967	43700878	29	-0.2566
RANDS_p_TCGA_b109_SNP_1N_GenomeWideSNP_6_D08_771912	9	43701838	43800186	13	0.2053
RANDS_p_TCGA_b109_SNP_1N_GenomeWideSNP_6_D08_771912	9	44114872	44855737	85	0.8778
RANDS_p_TCGA_b109_SNP_1N_GenomeWideSNP_6_D08_771912	9	44866028	46063936	68	0.3904
RANDS_p_TCGA_b109_SNP_1N_GenomeWideSNP_6_D08_771912	9	46113402	65630946	30	1.165
RANDS_p_TCGA_b109_SNP_1N_GenomeWideSNP_6_D08_771912	9	65672607	68183981	57	0.4301
RANDS_p_TCGA_b109_SNP_1N_GenomeWideSNP_6_D08_771912	9	68186051	68186059	5	2.2883
RANDS_p_TCGA_b109_SNP_1N_GenomeWideSNP_6_D08_771912	9	68188340	88693460	13032	0.4832
RANDS_p_TCGA_b109_SNP_1N_GenomeWideSNP_6_D08_771912	9	88696409	88721252	20	-0.0589
RANDS_p_TCGA_b109_SNP_1N_GenomeWideSNP_6_D08_771912	9	88721961	99130207	7191	0.4982
RANDS_p_TCGA_b109_SNP_1N_GenomeWideSNP_6_D08_771912	9	99132375	99730186	273	0.1902
RANDS_p_TCGA_b109_SNP_1N_GenomeWideSNP_6_D08_771912	9	99734369	112243321	9012	0.4839
RANDS_p_TCGA_b109_SNP_1N_GenomeWideSNP_6_D08_771912	9	112244321	112244604	3	-1.0723
RANDS_p_TCGA_b109_SNP_1N_GenomeWideSNP_6_D08_771912	9	112247074	122289290	7865	0.5841
RANDS_p_TCGA_b109_SNP_1N_GenomeWideSNP_6_D08_771912	9	122292956	122304582	51	-0.4196
RANDS_p_TCGA_b109_SNP_1N_GenomeWideSNP_6_D08_771912	9	122304697	124583833	1554	0.6545
RANDS_p_TCGA_b109_SNP_1N_GenomeWideSNP_6_D08_771912	9	124590420	124590421	2	-0.9484
RANDS_p_TCGA_b109_SNP_1N_GenomeWideSNP_6_D08_771912	9	124593456	136182510	6959	0.6216
RANDS_p_TCGA_b109_SNP_1N_GenomeWideSNP_6_D08_771912	9	136182525	136183106	6	1.5568
RANDS_p_TCGA_b109_SNP_1N_GenomeWideSNP_6_D08_771912	9	136183143	138211368	1179	0.6405
RANDS_p_TCGA_b109_SNP_1N_GenomeWideSNP_6_D08_771912	9	138214105	138215622	2	-1.2686
RANDS_p_TCGA_b109_SNP_1N_GenomeWideSNP_6_D08_771912	9	138216412	141091394	1115	0.6379
RANDS_p_TCGA_b109_SNP_1N_GenomeWideSNP_6_D08_771912	10	72759	668155	355	0.501
RANDS_p_TCGA_b109_SNP_1N_GenomeWideSNP_6_D08_771912	10	674055	674133	2	2.2235
RANDS_p_TCGA_b109_SNP_1N_GenomeWideSNP_6_D08_771912	10	677208	3504711	2520	0.4808
RANDS_p_TCGA_b109_SNP_1N_GenomeWideSNP_6_D08_771912	10	3506070	4290814	710	0.768
RANDS_p_TCGA_b109_SNP_1N_GenomeWideSNP_6_D08_771912	10	4290838	4290924	2	2.2652
RANDS_p_TCGA_b109_SNP_1N_GenomeWideSNP_6_D08_771912	10	4291016	6929145	2374	0.7712
RANDS_p_TCGA_b109_SNP_1N_GenomeWideSNP_6_D08_771912	10	6931440	42441972	23230	0.4508
RANDS_p_TCGA_b109_SNP_1N_GenomeWideSNP_6_D08_771912	10	42443238	47546130	2583	0.0897
RANDS_p_TCGA_b109_SNP_1N_GenomeWideSNP_6_D08_771912	10	47546323	47626695	55	-0.7251
RANDS_p_TCGA_b109_SNP_1N_GenomeWideSNP_6_D08_771912	10	47627179	47633833	32	-0.1485
RANDS_p_TCGA_b109_SNP_1N_GenomeWideSNP_6_D08_771912	10	47636155	47652803	17	-0.7588
RANDS_p_TCGA_b109_SNP_1N_GenomeWideSNP_6_D08_771912	10	47657676	47661889	4	-0.1116
RANDS_p_TCGA_b109_SNP_1N_GenomeWideSNP_6_D08_771912	10	47662433	47897394	77	0.1684
RANDS_p_TCGA_b109_SNP_1N_GenomeWideSNP_6_D08_771912	10	47912899	48928791	298	-0.1485
RANDS_p_TCGA_b109_SNP_1N_GenomeWideSNP_6_D08_771912	10	48934756	48958519	4	-2.135
RANDS_p_TCGA_b109_SNP_1N_GenomeWideSNP_6_D08_771912	10	49031175	60530899	7843	-0.1782
RANDS_p_TCGA_b109_SNP_1N_GenomeWideSNP_6_D08_771912	10	60531261	60531312	3	-1.6359
RANDS_p_TCGA_b109_SNP_1N_GenomeWideSNP_6_D08_771912	10	60531550	67308017	4644	-0.1757
RANDS_p_TCGA_b109_SNP_1N_GenomeWideSNP_6_D08_771912	10	67308030	67322795	25	0.3485
RANDS_p_TCGA_b109_SNP_1N_GenomeWideSNP_6_D08_771912	10	67322926	78252851	6800	-0.1711
RANDS_p_TCGA_b109_SNP_1N_GenomeWideSNP_6_D08_771912	10	78257061	78257610	2	1.5983
RANDS_p_TCGA_b109_SNP_1N_GenomeWideSNP_6_D08_771912	10	78261267	86644069	6172	-0.1474
RANDS_p_TCGA_b109_SNP_1N_GenomeWideSNP_6_D08_771912	10	86646717	86702936	44	-0.8564
RANDS_p_TCGA_b109_SNP_1N_GenomeWideSNP_6_D08_771912	10	86703457	105165615	11372	-0.1585
RANDS_p_TCGA_b109_SNP_1N_GenomeWideSNP_6_D08_771912	10	105166525	105175255	8	0.4594
RANDS_p_TCGA_b109_SNP_1N_GenomeWideSNP_6_D08_771912	10	105175562	107050683	1332	-0.1485
RANDS_p_TCGA_b109_SNP_1N_GenomeWideSNP_6_D08_771912	10	107050727	107063192	7	-1.0794
RANDS_p_TCGA_b109_SNP_1N_GenomeWideSNP_6_D08_771912	10	107063337	121353575	10109	-0.1623
RANDS_p_TCGA_b109_SNP_1N_GenomeWideSNP_6_D08_771912	10	121353961	121536710	94	0.3008
RANDS_p_TCGA_b109_SNP_1N_GenomeWideSNP_6_D08_771912	10	121537257	135459164	10381	-0.156
RANDS_p_TCGA_b109_SNP_1N_GenomeWideSNP_6_D08_771912	10	135468472	135506704	2	0.4798
RANDS_p_TCGA_b109_SNP_1N_GenomeWideSNP_6_D08_771912	11	198510	4967396	2473	-0.4694
RANDS_p_TCGA_b109_SNP_1N_GenomeWideSNP_6_D08_771912	11	4967650	4975164	28	0.5209
RANDS_p_TCGA_b109_SNP_1N_GenomeWideSNP_6_D08_771912	11	4975675	4976534	9	-0.1683
RANDS_p_TCGA_b109_SNP_1N_GenomeWideSNP_6_D08_771912	11	4976596	4977011	8	0.325
RANDS_p_TCGA_b109_SNP_1N_GenomeWideSNP_6_D08_771912	11	4977082	5793583	795	-0.5134
RANDS_p_TCGA_b109_SNP_1N_GenomeWideSNP_6_D08_771912	11	5794245	5809139	22	-1.5129
RANDS_p_TCGA_b109_SNP_1N_GenomeWideSNP_6_D08_771912	11	5809338	18949072	9410	-0.4699
RANDS_p_TCGA_b109_SNP_1N_GenomeWideSNP_6_D08_771912	11	18949109	18970748	61	0.1921
RANDS_p_TCGA_b109_SNP_1N_GenomeWideSNP_6_D08_771912	11	18971175	50524009	21411	-0.4766
RANDS_p_TCGA_b109_SNP_1N_GenomeWideSNP_6_D08_771912	11	50573226	51163249	28	-0.1126
RANDS_p_TCGA_b109_SNP_1N_GenomeWideSNP_6_D08_771912	11	51165185	51564427	144	0.1838
RANDS_p_TCGA_b109_SNP_1N_GenomeWideSNP_6_D08_771912	11	54701645	54720823	3	1.7636
RANDS_p_TCGA_b109_SNP_1N_GenomeWideSNP_6_D08_771912	11	54758291	55376023	242	0.1514
RANDS_p_TCGA_b109_SNP_1N_GenomeWideSNP_6_D08_771912	11	55376236	55442318	43	0.5618
RANDS_p_TCGA_b109_SNP_1N_GenomeWideSNP_6_D08_771912	11	55444211	56242160	548	0.1626
RANDS_p_TCGA_b109_SNP_1N_GenomeWideSNP_6_D08_771912	11	56242248	56242261	2	-1.4621
RANDS_p_TCGA_b109_SNP_1N_GenomeWideSNP_6_D08_771912	11	56242354	56347324	62	0.2006
RANDS_p_TCGA_b109_SNP_1N_GenomeWideSNP_6_D08_771912	11	56347636	56433774	47	-0.1883
RANDS_p_TCGA_b109_SNP_1N_GenomeWideSNP_6_D08_771912	11	56435360	74024257	8926	0.1664
RANDS_p_TCGA_b109_SNP_1N_GenomeWideSNP_6_D08_771912	11	74025289	74026228	2	-3.0385
RANDS_p_TCGA_b109_SNP_1N_GenomeWideSNP_6_D08_771912	11	74029530	93332181	12912	0.0728
RANDS_p_TCGA_b109_SNP_1N_GenomeWideSNP_6_D08_771912	11	93332312	93332527	3	-1.3067
RANDS_p_TCGA_b109_SNP_1N_GenomeWideSNP_6_D08_771912	11	93336949	102186789	6510	0.0767
RANDS_p_TCGA_b109_SNP_1N_GenomeWideSNP_6_D08_771912	11	102188937	104920080	1974	-0.4879
RANDS_p_TCGA_b109_SNP_1N_GenomeWideSNP_6_D08_771912	11	104923862	104933828	10	-1.419
RANDS_p_TCGA_b109_SNP_1N_GenomeWideSNP_6_D08_771912	11	104934100	134944770	21401	-0.4893
RANDS_p_TCGA_b109_SNP_1N_GenomeWideSNP_6_D08_771912	12	150442	4179913	2716	0.0949
RANDS_p_TCGA_b109_SNP_1N_GenomeWideSNP_6_D08_771912	12	4180192	4183982	3	-0.87
RANDS_p_TCGA_b109_SNP_1N_GenomeWideSNP_6_D08_771912	12	4184767	7994787	2655	0.0831
RANDS_p_TCGA_b109_SNP_1N_GenomeWideSNP_6_D08_771912	12	8004425	8130958	61	0.6898
RANDS_p_TCGA_b109_SNP_1N_GenomeWideSNP_6_D08_771912	12	8134669	11512492	1986	0.0887
RANDS_p_TCGA_b109_SNP_1N_GenomeWideSNP_6_D08_771912	12	11512531	11543406	29	-0.9345
RANDS_p_TCGA_b109_SNP_1N_GenomeWideSNP_6_D08_771912	12	11552192	12542914	843	0.0759
RANDS_p_TCGA_b109_SNP_1N_GenomeWideSNP_6_D08_771912	12	12542938	12546759	11	-0.8353
RANDS_p_TCGA_b109_SNP_1N_GenomeWideSNP_6_D08_771912	12	12549503	13211212	462	0.1022
RANDS_p_TCGA_b109_SNP_1N_GenomeWideSNP_6_D08_771912	12	13211535	13543685	305	0.5297
RANDS_p_TCGA_b109_SNP_1N_GenomeWideSNP_6_D08_771912	12	13554114	15753601	1509	0.0975
RANDS_p_TCGA_b109_SNP_1N_GenomeWideSNP_6_D08_771912	12	15754928	15757693	6	-0.7008
RANDS_p_TCGA_b109_SNP_1N_GenomeWideSNP_6_D08_771912	12	15757703	16419405	402	0.0787
RANDS_p_TCGA_b109_SNP_1N_GenomeWideSNP_6_D08_771912	12	16420987	16428738	4	-1.2651
RANDS_p_TCGA_b109_SNP_1N_GenomeWideSNP_6_D08_771912	12	16434288	17588587	716	0.0722
RANDS_p_TCGA_b109_SNP_1N_GenomeWideSNP_6_D08_771912	12	17590444	17594689	5	-1.2053
RANDS_p_TCGA_b109_SNP_1N_GenomeWideSNP_6_D08_771912	12	17595624	34208356	11752	0.0683
RANDS_p_TCGA_b109_SNP_1N_GenomeWideSNP_6_D08_771912	12	34210170	34216305	5	-1.3071
RANDS_p_TCGA_b109_SNP_1N_GenomeWideSNP_6_D08_771912	12	34217500	68980042	19011	0.0698
RANDS_p_TCGA_b109_SNP_1N_GenomeWideSNP_6_D08_771912	12	68983036	68983445	3	-0.9491
RANDS_p_TCGA_b109_SNP_1N_GenomeWideSNP_6_D08_771912	12	68983840	99791608	19795	0.0727
RANDS_p_TCGA_b109_SNP_1N_GenomeWideSNP_6_D08_771912	12	99791652	99803133	38	0.5176
RANDS_p_TCGA_b109_SNP_1N_GenomeWideSNP_6_D08_771912	12	99803188	104211440	2799	0.1752
RANDS_p_TCGA_b109_SNP_1N_GenomeWideSNP_6_D08_771912	12	104211781	104233010	25	-0.2535
RANDS_p_TCGA_b109_SNP_1N_GenomeWideSNP_6_D08_771912	12	104235740	133778189	19946	0.1675
RANDS_p_TCGA_b109_SNP_1N_GenomeWideSNP_6_D08_771912	13	19026949	19450806	121	0.1587
RANDS_p_TCGA_b109_SNP_1N_GenomeWideSNP_6_D08_771912	13	19450821	29127027	6949	-0.1919
RANDS_p_TCGA_b109_SNP_1N_GenomeWideSNP_6_D08_771912	13	29129411	29129431	2	-2.6174
RANDS_p_TCGA_b109_SNP_1N_GenomeWideSNP_6_D08_771912	13	29133224	38071135	6490	-0.195
RANDS_p_TCGA_b109_SNP_1N_GenomeWideSNP_6_D08_771912	13	38072036	38088808	21	0.2911
RANDS_p_TCGA_b109_SNP_1N_GenomeWideSNP_6_D08_771912	13	38088921	41368863	2425	-0.2322
RANDS_p_TCGA_b109_SNP_1N_GenomeWideSNP_6_D08_771912	13	41372944	63341018	13373	-0.8718
RANDS_p_TCGA_b109_SNP_1N_GenomeWideSNP_6_D08_771912	13	63348573	64899233	916	-0.4535
RANDS_p_TCGA_b109_SNP_1N_GenomeWideSNP_6_D08_771912	13	64899639	64900936	2	-2.2333
RANDS_p_TCGA_b109_SNP_1N_GenomeWideSNP_6_D08_771912	13	64900994	68321422	2179	-0.4769
RANDS_p_TCGA_b109_SNP_1N_GenomeWideSNP_6_D08_771912	13	68321953	68328407	6	-2.3743
RANDS_p_TCGA_b109_SNP_1N_GenomeWideSNP_6_D08_771912	13	68328609	69552143	774	-0.4301
RANDS_p_TCGA_b109_SNP_1N_GenomeWideSNP_6_D08_771912	13	69552643	69553124	2	-2.2416
RANDS_p_TCGA_b109_SNP_1N_GenomeWideSNP_6_D08_771912	13	69553590	72477555	1838	-0.4646
RANDS_p_TCGA_b109_SNP_1N_GenomeWideSNP_6_D08_771912	13	72479547	72486797	6	-1.5907
RANDS_p_TCGA_b109_SNP_1N_GenomeWideSNP_6_D08_771912	13	72488331	78455941	4258	-0.4542
RANDS_p_TCGA_b109_SNP_1N_GenomeWideSNP_6_D08_771912	13	78458467	78458810	2	-2.375
RANDS_p_TCGA_b109_SNP_1N_GenomeWideSNP_6_D08_771912	13	78460689	86484151	5184	-0.4663
RANDS_p_TCGA_b109_SNP_1N_GenomeWideSNP_6_D08_771912	13	86484403	86485522	5	-1.5551
RANDS_p_TCGA_b109_SNP_1N_GenomeWideSNP_6_D08_771912	13	86495320	103287242	10955	-0.4558
RANDS_p_TCGA_b109_SNP_1N_GenomeWideSNP_6_D08_771912	13	103293500	103333472	38	-0.8984
RANDS_p_TCGA_b109_SNP_1N_GenomeWideSNP_6_D08_771912	13	103338230	113653846	8096	-0.463
RANDS_p_TCGA_b109_SNP_1N_GenomeWideSNP_6_D08_771912	13	113671364	113674576	4	-1.8788
RANDS_p_TCGA_b109_SNP_1N_GenomeWideSNP_6_D08_771912	13	113674735	115108397	575	-0.4706
RANDS_p_TCGA_b109_SNP_1N_GenomeWideSNP_6_D08_771912	14	19002124	19273625	20	0.104
RANDS_p_TCGA_b109_SNP_1N_GenomeWideSNP_6_D08_771912	14	19329001	39247500	12338	-0.1705
RANDS_p_TCGA_b109_SNP_1N_GenomeWideSNP_6_D08_771912	14	39247747	39249870	2	-2.2656
RANDS_p_TCGA_b109_SNP_1N_GenomeWideSNP_6_D08_771912	14	39253875	41207312	1150	-0.1705
RANDS_p_TCGA_b109_SNP_1N_GenomeWideSNP_6_D08_771912	14	41207361	41538195	272	-0.5365
RANDS_p_TCGA_b109_SNP_1N_GenomeWideSNP_6_D08_771912	14	41546036	65101325	14958	-0.1704
RANDS_p_TCGA_b109_SNP_1N_GenomeWideSNP_6_D08_771912	14	65105277	65220582	80	0.1279
RANDS_p_TCGA_b109_SNP_1N_GenomeWideSNP_6_D08_771912	14	65220775	68731209	1962	-0.156
RANDS_p_TCGA_b109_SNP_1N_GenomeWideSNP_6_D08_771912	14	68731318	68731458	2	-1.7548
RANDS_p_TCGA_b109_SNP_1N_GenomeWideSNP_6_D08_771912	14	68732587	73995774	3545	-0.1475
RANDS_p_TCGA_b109_SNP_1N_GenomeWideSNP_6_D08_771912	14	74001123	74029900	10	0.7007
RANDS_p_TCGA_b109_SNP_1N_GenomeWideSNP_6_D08_771912	14	74029915	74571058	279	-0.1906
RANDS_p_TCGA_b109_SNP_1N_GenomeWideSNP_6_D08_771912	14	74571245	74598419	25	0.3502
RANDS_p_TCGA_b109_SNP_1N_GenomeWideSNP_6_D08_771912	14	74598496	98220751	15986	-0.1738
RANDS_p_TCGA_b109_SNP_1N_GenomeWideSNP_6_D08_771912	14	98220946	98221530	3	-2.6014
RANDS_p_TCGA_b109_SNP_1N_GenomeWideSNP_6_D08_771912	14	98223045	106530364	4522	-0.0943
RANDS_p_TCGA_b109_SNP_1N_GenomeWideSNP_6_D08_771912	14	106530687	106561441	16	0.8056
RANDS_p_TCGA_b109_SNP_1N_GenomeWideSNP_6_D08_771912	14	106567100	106796025	104	0.0925
RANDS_p_TCGA_b109_SNP_1N_GenomeWideSNP_6_D08_771912	14	106796228	106802053	6	1.0182
RANDS_p_TCGA_b109_SNP_1N_GenomeWideSNP_6_D08_771912	14	106815943	107160325	219	0.0549
RANDS_p_TCGA_b109_SNP_1N_GenomeWideSNP_6_D08_771912	14	107160399	107179847	20	0.4888
RANDS_p_TCGA_b109_SNP_1N_GenomeWideSNP_6_D08_771912	14	107184184	107285437	69	0.0349
RANDS_p_TCGA_b109_SNP_1N_GenomeWideSNP_6_D08_771912	15	20016328	20152728	29	0.1272
RANDS_p_TCGA_b109_SNP_1N_GenomeWideSNP_6_D08_771912	15	20155638	20578421	69	-0.4995
RANDS_p_TCGA_b109_SNP_1N_GenomeWideSNP_6_D08_771912	15	20581451	20581564	7	0.5337
RANDS_p_TCGA_b109_SNP_1N_GenomeWideSNP_6_D08_771912	15	20585988	27918623	3704	-0.4771
RANDS_p_TCGA_b109_SNP_1N_GenomeWideSNP_6_D08_771912	15	27919497	27924124	8	-2.0427
RANDS_p_TCGA_b109_SNP_1N_GenomeWideSNP_6_D08_771912	15	27925836	27926499	3	-7.7512
RANDS_p_TCGA_b109_SNP_1N_GenomeWideSNP_6_D08_771912	15	27927303	27927806	2	-3.1521
RANDS_p_TCGA_b109_SNP_1N_GenomeWideSNP_6_D08_771912	15	27928794	30386411	1269	-0.4346
RANDS_p_TCGA_b109_SNP_1N_GenomeWideSNP_6_D08_771912	15	30398229	30764627	96	-1.3341
RANDS_p_TCGA_b109_SNP_1N_GenomeWideSNP_6_D08_771912	15	30775994	32512220	1081	-0.4887
RANDS_p_TCGA_b109_SNP_1N_GenomeWideSNP_6_D08_771912	15	32531316	32770460	31	-1.1025
RANDS_p_TCGA_b109_SNP_1N_GenomeWideSNP_6_D08_771912	15	32776211	84543250	32473	-0.4696
RANDS_p_TCGA_b109_SNP_1N_GenomeWideSNP_6_D08_771912	15	84543402	84543425	2	-3.8908
RANDS_p_TCGA_b109_SNP_1N_GenomeWideSNP_6_D08_771912	15	84543550	89555637	3544	-0.4668
RANDS_p_TCGA_b109_SNP_1N_GenomeWideSNP_6_D08_771912	15	89556883	89557987	2	-2.7128
RANDS_p_TCGA_b109_SNP_1N_GenomeWideSNP_6_D08_771912	15	89559616	102469040	9689	-0.4753
RANDS_p_TCGA_b109_SNP_1N_GenomeWideSNP_6_D08_771912	16	60777	7916873	5502	-0.093
RANDS_p_TCGA_b109_SNP_1N_GenomeWideSNP_6_D08_771912	16	7921297	7921764	2	-1.9374
RANDS_p_TCGA_b109_SNP_1N_GenomeWideSNP_6_D08_771912	16	7923423	28871966	13497	-0.0693
RANDS_p_TCGA_b109_SNP_1N_GenomeWideSNP_6_D08_771912	16	28887945	29006873	43	0.3032
RANDS_p_TCGA_b109_SNP_1N_GenomeWideSNP_6_D08_771912	16	29007407	32011849	1022	-0.0731
RANDS_p_TCGA_b109_SNP_1N_GenomeWideSNP_6_D08_771912	16	32012730	33754991	280	0.4226
RANDS_p_TCGA_b109_SNP_1N_GenomeWideSNP_6_D08_771912	16	33767169	33922639	25	-0.0288
RANDS_p_TCGA_b109_SNP_1N_GenomeWideSNP_6_D08_771912	16	33926303	55793078	6938	-0.4487
RANDS_p_TCGA_b109_SNP_1N_GenomeWideSNP_6_D08_771912	16	55794951	55796594	7	-1.2424
RANDS_p_TCGA_b109_SNP_1N_GenomeWideSNP_6_D08_771912	16	55798222	55798779	3	1.1059
RANDS_p_TCGA_b109_SNP_1N_GenomeWideSNP_6_D08_771912	16	55804348	66218526	6956	-0.4745
RANDS_p_TCGA_b109_SNP_1N_GenomeWideSNP_6_D08_771912	16	66221663	66520087	201	-0.1137
RANDS_p_TCGA_b109_SNP_1N_GenomeWideSNP_6_D08_771912	16	66524751	70125174	1620	-0.4731
RANDS_p_TCGA_b109_SNP_1N_GenomeWideSNP_6_D08_771912	16	70136868	70187194	14	-1.0585
RANDS_p_TCGA_b109_SNP_1N_GenomeWideSNP_6_D08_771912	16	70197767	70246333	9	0.2057
RANDS_p_TCGA_b109_SNP_1N_GenomeWideSNP_6_D08_771912	16	70246339	70842097	264	-0.4508
RANDS_p_TCGA_b109_SNP_1N_GenomeWideSNP_6_D08_771912	16	70854381	71202489	140	0.4989
RANDS_p_TCGA_b109_SNP_1N_GenomeWideSNP_6_D08_771912	16	71202797	90146834	15872	-0.4741
RANDS_p_TCGA_b109_SNP_1N_GenomeWideSNP_6_D08_771912	16	90146956	90287535	12	0.0471
RANDS_p_TCGA_b109_SNP_1N_GenomeWideSNP_6_D08_771912	17	526	14372561	9130	-0.1096
RANDS_p_TCGA_b109_SNP_1N_GenomeWideSNP_6_D08_771912	17	14374735	16662914	1380	0.3212
RANDS_p_TCGA_b109_SNP_1N_GenomeWideSNP_6_D08_771912	17	16663051	16740270	11	0.1812
RANDS_p_TCGA_b109_SNP_1N_GenomeWideSNP_6_D08_771912	17	16741515	16741528	2	2.248
RANDS_p_TCGA_b109_SNP_1N_GenomeWideSNP_6_D08_771912	17	16741784	18319862	919	0.46
RANDS_p_TCGA_b109_SNP_1N_GenomeWideSNP_6_D08_771912	17	18355392	18459272	27	1.3716
RANDS_p_TCGA_b109_SNP_1N_GenomeWideSNP_6_D08_771912	17	18464586	18922745	174	0.464
RANDS_p_TCGA_b109_SNP_1N_GenomeWideSNP_6_D08_771912	17	18935523	19441948	167	1.3267
RANDS_p_TCGA_b109_SNP_1N_GenomeWideSNP_6_D08_771912	17	19442168	19924089	295	1.0191
RANDS_p_TCGA_b109_SNP_1N_GenomeWideSNP_6_D08_771912	17	19924964	20203667	144	1.5314
RANDS_p_TCGA_b109_SNP_1N_GenomeWideSNP_6_D08_771912	17	20204516	21005945	302	1.1852
RANDS_p_TCGA_b109_SNP_1N_GenomeWideSNP_6_D08_771912	17	21012523	34436708	5838	0.0979
RANDS_p_TCGA_b109_SNP_1N_GenomeWideSNP_6_D08_771912	17	34437128	34629696	42	0.962
RANDS_p_TCGA_b109_SNP_1N_GenomeWideSNP_6_D08_771912	17	34816256	39421708	2538	0.0514
RANDS_p_TCGA_b109_SNP_1N_GenomeWideSNP_6_D08_771912	17	39423014	39430531	24	0.9704
RANDS_p_TCGA_b109_SNP_1N_GenomeWideSNP_6_D08_771912	17	39432724	41432265	1110	0.0665
RANDS_p_TCGA_b109_SNP_1N_GenomeWideSNP_6_D08_771912	17	41438590	41439921	3	1.1196
RANDS_p_TCGA_b109_SNP_1N_GenomeWideSNP_6_D08_771912	17	41443704	44181579	1412	0.0668
RANDS_p_TCGA_b109_SNP_1N_GenomeWideSNP_6_D08_771912	17	44187492	44764994	160	-0.2821
RANDS_p_TCGA_b109_SNP_1N_GenomeWideSNP_6_D08_771912	17	44784652	74774825	18386	0.3275
RANDS_p_TCGA_b109_SNP_1N_GenomeWideSNP_6_D08_771912	17	74775495	74811235	15	0.9688
RANDS_p_TCGA_b109_SNP_1N_GenomeWideSNP_6_D08_771912	17	74813147	81049726	3223	0.4637
RANDS_p_TCGA_b109_SNP_1N_GenomeWideSNP_6_D08_771912	18	11543	15402408	10451	0.8711
RANDS_p_TCGA_b109_SNP_1N_GenomeWideSNP_6_D08_771912	18	18529353	70361635	34745	-0.0164
RANDS_p_TCGA_b109_SNP_1N_GenomeWideSNP_6_D08_771912	18	70364642	70365179	2	-3.9802
RANDS_p_TCGA_b109_SNP_1N_GenomeWideSNP_6_D08_771912	18	70365834	78015057	5618	-0.0287
RANDS_p_TCGA_b109_SNP_1N_GenomeWideSNP_6_D08_771912	19	90910	255564	5	0.0584
RANDS_p_TCGA_b109_SNP_1N_GenomeWideSNP_6_D08_771912	19	255578	4136769	1091	-0.2953
RANDS_p_TCGA_b109_SNP_1N_GenomeWideSNP_6_D08_771912	19	4137001	12605112	3945	0.3032
RANDS_p_TCGA_b109_SNP_1N_GenomeWideSNP_6_D08_771912	19	12608996	12609869	3	-0.6769
RANDS_p_TCGA_b109_SNP_1N_GenomeWideSNP_6_D08_771912	19	12612909	16003484	1760	0.4537
RANDS_p_TCGA_b109_SNP_1N_GenomeWideSNP_6_D08_771912	19	16004371	16004482	2	1.3252
RANDS_p_TCGA_b109_SNP_1N_GenomeWideSNP_6_D08_771912	19	16012757	27957039	4474	0.052
RANDS_p_TCGA_b109_SNP_1N_GenomeWideSNP_6_D08_771912	19	27959989	43611069	9439	0.6145
RANDS_p_TCGA_b109_SNP_1N_GenomeWideSNP_6_D08_771912	19	43613275	44048617	216	1.1141
RANDS_p_TCGA_b109_SNP_1N_GenomeWideSNP_6_D08_771912	19	44052956	44053108	2	-1.1182
RANDS_p_TCGA_b109_SNP_1N_GenomeWideSNP_6_D08_771912	19	44055058	46655387	1395	0.9985
RANDS_p_TCGA_b109_SNP_1N_GenomeWideSNP_6_D08_771912	19	46660954	59097854	7019	-0.1168
RANDS_p_TCGA_b109_SNP_1N_GenomeWideSNP_6_D08_771912	20	61305	138004	58	-0.1942
RANDS_p_TCGA_b109_SNP_1N_GenomeWideSNP_6_D08_771912	20	138125	1560999	1147	-0.4508
RANDS_p_TCGA_b109_SNP_1N_GenomeWideSNP_6_D08_771912	20	1561580	1590534	39	0.6909
RANDS_p_TCGA_b109_SNP_1N_GenomeWideSNP_6_D08_771912	20	1593849	5183629	2627	-0.4866
RANDS_p_TCGA_b109_SNP_1N_GenomeWideSNP_6_D08_771912	20	5183713	5185685	3	-2.7696
RANDS_p_TCGA_b109_SNP_1N_GenomeWideSNP_6_D08_771912	20	5185732	9208267	3155	-0.4563
RANDS_p_TCGA_b109_SNP_1N_GenomeWideSNP_6_D08_771912	20	9208346	9436846	186	-0.8226
RANDS_p_TCGA_b109_SNP_1N_GenomeWideSNP_6_D08_771912	20	9437426	14443088	3711	-0.4645
RANDS_p_TCGA_b109_SNP_1N_GenomeWideSNP_6_D08_771912	20	14453920	14923390	408	-0.8521
RANDS_p_TCGA_b109_SNP_1N_GenomeWideSNP_6_D08_771912	20	14923654	15785281	763	-0.5146
RANDS_p_TCGA_b109_SNP_1N_GenomeWideSNP_6_D08_771912	20	15785801	16084944	312	-0.134
RANDS_p_TCGA_b109_SNP_1N_GenomeWideSNP_6_D08_771912	20	16088321	21725668	4499	-0.4683
RANDS_p_TCGA_b109_SNP_1N_GenomeWideSNP_6_D08_771912	20	21725777	36687999	6674	-0.1691
RANDS_p_TCGA_b109_SNP_1N_GenomeWideSNP_6_D08_771912	20	36688893	37011229	216	0.1285
RANDS_p_TCGA_b109_SNP_1N_GenomeWideSNP_6_D08_771912	20	37012010	37018652	3	0.711
RANDS_p_TCGA_b109_SNP_1N_GenomeWideSNP_6_D08_771912	20	37018833	62956153	18677	-0.1524
RANDS_p_TCGA_b109_SNP_1N_GenomeWideSNP_6_D08_771912	21	10736871	10935910	32	0.847
RANDS_p_TCGA_b109_SNP_1N_GenomeWideSNP_6_D08_771912	21	10940642	11157989	75	0.2601
RANDS_p_TCGA_b109_SNP_1N_GenomeWideSNP_6_D08_771912	21	11158289	14549965	41	-0.082
RANDS_p_TCGA_b109_SNP_1N_GenomeWideSNP_6_D08_771912	21	14560710	21995739	5049	0.3033
RANDS_p_TCGA_b109_SNP_1N_GenomeWideSNP_6_D08_771912	21	22000377	22000912	3	-1.1196
RANDS_p_TCGA_b109_SNP_1N_GenomeWideSNP_6_D08_771912	21	22005845	44968053	17449	0.3115
RANDS_p_TCGA_b109_SNP_1N_GenomeWideSNP_6_D08_771912	21	44970873	44972812	2	-2.3756
RANDS_p_TCGA_b109_SNP_1N_GenomeWideSNP_6_D08_771912	21	44973667	48060825	1736	0.3204
RANDS_p_TCGA_b109_SNP_1N_GenomeWideSNP_6_D08_771912	21	48061064	48096957	30	-0.0169
RANDS_p_TCGA_b109_SNP_1N_GenomeWideSNP_6_D08_771912	22	16052528	16980850	125	-0.0065
RANDS_p_TCGA_b109_SNP_1N_GenomeWideSNP_6_D08_771912	22	16980976	21465672	2723	-0.4191
RANDS_p_TCGA_b109_SNP_1N_GenomeWideSNP_6_D08_771912	22	21465835	21728120	16	0.3086
RANDS_p_TCGA_b109_SNP_1N_GenomeWideSNP_6_D08_771912	22	21728138	24370430	1760	-0.4126
RANDS_p_TCGA_b109_SNP_1N_GenomeWideSNP_6_D08_771912	22	24371070	24382762	3	-3.5545
RANDS_p_TCGA_b109_SNP_1N_GenomeWideSNP_6_D08_771912	22	24385546	39364000	10868	-0.4825
RANDS_p_TCGA_b109_SNP_1N_GenomeWideSNP_6_D08_771912	22	39365358	39403794	32	0.0353
RANDS_p_TCGA_b109_SNP_1N_GenomeWideSNP_6_D08_771912	22	39403821	51234455	8001	-0.4867
RANDS_p_TCGA_b109_SNP_1N_GenomeWideSNP_6_D08_771912	X	168477	4236544	1154	-0.1245
RANDS_p_TCGA_b109_SNP_1N_GenomeWideSNP_6_D08_771912	X	4237292	4247514	40	-1.4244
RANDS_p_TCGA_b109_SNP_1N_GenomeWideSNP_6_D08_771912	X	4247996	4251281	3	-6.9366
RANDS_p_TCGA_b109_SNP_1N_GenomeWideSNP_6_D08_771912	X	4251354	31363505	18143	-0.1807
RANDS_p_TCGA_b109_SNP_1N_GenomeWideSNP_6_D08_771912	X	31364476	31366484	3	-2.344
RANDS_p_TCGA_b109_SNP_1N_GenomeWideSNP_6_D08_771912	X	31367182	47008713	9308	-0.1897
RANDS_p_TCGA_b109_SNP_1N_GenomeWideSNP_6_D08_771912	X	47009193	47580672	295	0.3816
RANDS_p_TCGA_b109_SNP_1N_GenomeWideSNP_6_D08_771912	X	47583993	47860596	172	-0.12
RANDS_p_TCGA_b109_SNP_1N_GenomeWideSNP_6_D08_771912	X	47871270	47988177	80	0.9027
RANDS_p_TCGA_b109_SNP_1N_GenomeWideSNP_6_D08_771912	X	48001295	48015672	9	0.2646
RANDS_p_TCGA_b109_SNP_1N_GenomeWideSNP_6_D08_771912	X	48017689	50765825	1219	-0.1617
RANDS_p_TCGA_b109_SNP_1N_GenomeWideSNP_6_D08_771912	X	50765976	50825820	45	-0.5292
RANDS_p_TCGA_b109_SNP_1N_GenomeWideSNP_6_D08_771912	X	50826607	54198702	1147	-0.1443
RANDS_p_TCGA_b109_SNP_1N_GenomeWideSNP_6_D08_771912	X	54199399	54318812	56	0.6319
RANDS_p_TCGA_b109_SNP_1N_GenomeWideSNP_6_D08_771912	X	54319579	62406998	2103	0.174
RANDS_p_TCGA_b109_SNP_1N_GenomeWideSNP_6_D08_771912	X	62410253	62410341	4	1.2331
RANDS_p_TCGA_b109_SNP_1N_GenomeWideSNP_6_D08_771912	X	62410402	69865214	3512	0.1502
RANDS_p_TCGA_b109_SNP_1N_GenomeWideSNP_6_D08_771912	X	69865845	69866034	2	-1.5218
RANDS_p_TCGA_b109_SNP_1N_GenomeWideSNP_6_D08_771912	X	69869369	101398377	16220	0.1173
RANDS_p_TCGA_b109_SNP_1N_GenomeWideSNP_6_D08_771912	X	101401535	101402252	3	-1.5789
RANDS_p_TCGA_b109_SNP_1N_GenomeWideSNP_6_D08_771912	X	101405368	144303153	24582	0.137
RANDS_p_TCGA_b109_SNP_1N_GenomeWideSNP_6_D08_771912	X	144303700	144304328	2	-3.6754
RANDS_p_TCGA_b109_SNP_1N_GenomeWideSNP_6_D08_771912	X	144306761	146363627	1507	0.0916
RANDS_p_TCGA_b109_SNP_1N_GenomeWideSNP_6_D08_771912	X	146364894	146366845	3	-1.2108
RANDS_p_TCGA_b109_SNP_1N_GenomeWideSNP_6_D08_771912	X	146373172	151505909	3354	0.1428
RANDS_p_TCGA_b109_SNP_1N_GenomeWideSNP_6_D08_771912	X	151510998	151516625	3	-1.6536
RANDS_p_TCGA_b109_SNP_1N_GenomeWideSNP_6_D08_771912	X	151517317	155182354	1588	0.1882
RANDS_p_TCGA_b109_SNP_1N_GenomeWideSNP_6_D08_771912	Y	2650438	2985595	151	-3.329
RANDS_p_TCGA_b109_SNP_1N_GenomeWideSNP_6_D08_771912	Y	2985939	6101425	720	-2.7641
RANDS_p_TCGA_b109_SNP_1N_GenomeWideSNP_6_D08_771912	Y	6107901	6296423	85	-4.8903
RANDS_p_TCGA_b109_SNP_1N_GenomeWideSNP_6_D08_771912	Y	6299046	9149300	1479	-3.4236
RANDS_p_TCGA_b109_SNP_1N_GenomeWideSNP_6_D08_771912	Y	9149955	9391884	36	-5.0305
RANDS_p_TCGA_b109_SNP_1N_GenomeWideSNP_6_D08_771912	Y	9392195	9685104	113	-3.6728
RANDS_p_TCGA_b109_SNP_1N_GenomeWideSNP_6_D08_771912	Y	9690734	9759564	42	-4.589
RANDS_p_TCGA_b109_SNP_1N_GenomeWideSNP_6_D08_771912	Y	9774614	18534435	2486	-3.301
RANDS_p_TCGA_b109_SNP_1N_GenomeWideSNP_6_D08_771912	Y	18534603	19570632	547	-2.4033
RANDS_p_TCGA_b109_SNP_1N_GenomeWideSNP_6_D08_771912	Y	19571480	20841873	579	-3.1626
RANDS_p_TCGA_b109_SNP_1N_GenomeWideSNP_6_D08_771912	Y	20842231	21028957	96	-3.821
RANDS_p_TCGA_b109_SNP_1N_GenomeWideSNP_6_D08_771912	Y	21029230	22243052	500	-2.7457
RANDS_p_TCGA_b109_SNP_1N_GenomeWideSNP_6_D08_771912	Y	22262565	22312733	7	-4.9342
RANDS_p_TCGA_b109_SNP_1N_GenomeWideSNP_6_D08_771912	Y	22466083	23612660	478	-2.782
RANDS_p_TCGA_b109_SNP_1N_GenomeWideSNP_6_D08_771912	Y	23626202	28423938	1129	-3.283
RANDS_p_TCGA_b109_SNP_1N_GenomeWideSNP_6_D08_771912	Y	28438116	59018259	183	-2.3374
