Sample	Chromosome	Start	End	Num_Probes	Segment_Mean
SHOUT_p_TCGAb_319_20_21_22_NSP_GenomeWideSNP_6_H04_1365076	1	61735	98588	16	0.7629
SHOUT_p_TCGAb_319_20_21_22_NSP_GenomeWideSNP_6_H04_1365076	1	98602	17005978	8753	-0.1035
SHOUT_p_TCGAb_319_20_21_22_NSP_GenomeWideSNP_6_H04_1365076	1	17011450	17037097	29	0.6075
SHOUT_p_TCGAb_319_20_21_22_NSP_GenomeWideSNP_6_H04_1365076	1	17045458	17082591	10	0.135
SHOUT_p_TCGAb_319_20_21_22_NSP_GenomeWideSNP_6_H04_1365076	1	17087292	17177965	18	-0.621
SHOUT_p_TCGAb_319_20_21_22_NSP_GenomeWideSNP_6_H04_1365076	1	17182437	17562798	275	-0.0733
SHOUT_p_TCGAb_319_20_21_22_NSP_GenomeWideSNP_6_H04_1365076	1	17564847	20471479	2061	0.2574
SHOUT_p_TCGAb_319_20_21_22_NSP_GenomeWideSNP_6_H04_1365076	1	20473614	21936909	854	-0.1068
SHOUT_p_TCGAb_319_20_21_22_NSP_GenomeWideSNP_6_H04_1365076	1	21937317	22649487	458	0.4776
SHOUT_p_TCGAb_319_20_21_22_NSP_GenomeWideSNP_6_H04_1365076	1	22649994	54434610	17367	-0.0944
SHOUT_p_TCGAb_319_20_21_22_NSP_GenomeWideSNP_6_H04_1365076	1	54435043	54440228	3	-1.3724
SHOUT_p_TCGAb_319_20_21_22_NSP_GenomeWideSNP_6_H04_1365076	1	54448089	72768916	13197	-0.0901
SHOUT_p_TCGAb_319_20_21_22_NSP_GenomeWideSNP_6_H04_1365076	1	72768936	72811148	45	-1.1135
SHOUT_p_TCGAb_319_20_21_22_NSP_GenomeWideSNP_6_H04_1365076	1	72811904	81326992	5362	-0.0997
SHOUT_p_TCGAb_319_20_21_22_NSP_GenomeWideSNP_6_H04_1365076	1	81329765	81330975	3	-1.3063
SHOUT_p_TCGAb_319_20_21_22_NSP_GenomeWideSNP_6_H04_1365076	1	81331397	105050362	15157	-0.0966
SHOUT_p_TCGAb_319_20_21_22_NSP_GenomeWideSNP_6_H04_1365076	1	105050416	105051014	2	-1.8169
SHOUT_p_TCGAb_319_20_21_22_NSP_GenomeWideSNP_6_H04_1365076	1	105054917	105622533	282	-0.0957
SHOUT_p_TCGAb_319_20_21_22_NSP_GenomeWideSNP_6_H04_1365076	1	105622940	105623553	2	0.9495
SHOUT_p_TCGAb_319_20_21_22_NSP_GenomeWideSNP_6_H04_1365076	1	105626818	106013376	216	-0.0971
SHOUT_p_TCGAb_319_20_21_22_NSP_GenomeWideSNP_6_H04_1365076	1	106019205	106022375	17	-1.8073
SHOUT_p_TCGAb_319_20_21_22_NSP_GenomeWideSNP_6_H04_1365076	1	106024055	107219390	773	-0.111
SHOUT_p_TCGAb_319_20_21_22_NSP_GenomeWideSNP_6_H04_1365076	1	107221718	107223482	6	-1.1785
SHOUT_p_TCGAb_319_20_21_22_NSP_GenomeWideSNP_6_H04_1365076	1	107225176	108160966	724	-0.0823
SHOUT_p_TCGAb_319_20_21_22_NSP_GenomeWideSNP_6_H04_1365076	1	108161597	110220086	1147	0.2441
SHOUT_p_TCGAb_319_20_21_22_NSP_GenomeWideSNP_6_H04_1365076	1	110220590	110227515	18	0.6698
SHOUT_p_TCGAb_319_20_21_22_NSP_GenomeWideSNP_6_H04_1365076	1	110232974	110240178	17	1.8571
SHOUT_p_TCGAb_319_20_21_22_NSP_GenomeWideSNP_6_H04_1365076	1	110242953	111045624	550	0.2432
SHOUT_p_TCGAb_319_20_21_22_NSP_GenomeWideSNP_6_H04_1365076	1	111046328	111379820	310	-0.096
SHOUT_p_TCGAb_319_20_21_22_NSP_GenomeWideSNP_6_H04_1365076	1	111380020	111401692	39	-0.5867
SHOUT_p_TCGAb_319_20_21_22_NSP_GenomeWideSNP_6_H04_1365076	1	111401704	116742761	3685	-0.0968
SHOUT_p_TCGAb_319_20_21_22_NSP_GenomeWideSNP_6_H04_1365076	1	116749182	116905402	119	0.2654
SHOUT_p_TCGAb_319_20_21_22_NSP_GenomeWideSNP_6_H04_1365076	1	116906351	120108137	2002	-0.0904
SHOUT_p_TCGAb_319_20_21_22_NSP_GenomeWideSNP_6_H04_1365076	1	120109113	121436219	457	0.2318
SHOUT_p_TCGAb_319_20_21_22_NSP_GenomeWideSNP_6_H04_1365076	1	121447136	144081043	43	-0.1022
SHOUT_p_TCGAb_319_20_21_22_NSP_GenomeWideSNP_6_H04_1365076	1	144471986	144472001	2	1.9511
SHOUT_p_TCGAb_319_20_21_22_NSP_GenomeWideSNP_6_H04_1365076	1	144527147	144897538	54	0.2212
SHOUT_p_TCGAb_319_20_21_22_NSP_GenomeWideSNP_6_H04_1365076	1	144897676	144901860	4	0.8895
SHOUT_p_TCGAb_319_20_21_22_NSP_GenomeWideSNP_6_H04_1365076	1	144901893	145151728	106	0.2029
SHOUT_p_TCGAb_319_20_21_22_NSP_GenomeWideSNP_6_H04_1365076	1	145151959	145152757	5	1.6321
SHOUT_p_TCGAb_319_20_21_22_NSP_GenomeWideSNP_6_H04_1365076	1	145156301	152555527	2641	0.2344
SHOUT_p_TCGAb_319_20_21_22_NSP_GenomeWideSNP_6_H04_1365076	1	152555706	152586540	33	1.1929
SHOUT_p_TCGAb_319_20_21_22_NSP_GenomeWideSNP_6_H04_1365076	1	152586576	152756774	169	0.281
SHOUT_p_TCGAb_319_20_21_22_NSP_GenomeWideSNP_6_H04_1365076	1	152756806	152778443	43	0.6299
SHOUT_p_TCGAb_319_20_21_22_NSP_GenomeWideSNP_6_H04_1365076	1	152778526	155661227	1554	0.2377
SHOUT_p_TCGAb_319_20_21_22_NSP_GenomeWideSNP_6_H04_1365076	1	155661971	155663357	2	-1.7952
SHOUT_p_TCGAb_319_20_21_22_NSP_GenomeWideSNP_6_H04_1365076	1	155666961	165835194	7186	0.2442
SHOUT_p_TCGAb_319_20_21_22_NSP_GenomeWideSNP_6_H04_1365076	1	165835364	165835690	4	1.3422
SHOUT_p_TCGAb_319_20_21_22_NSP_GenomeWideSNP_6_H04_1365076	1	165837978	166548373	526	0.2511
SHOUT_p_TCGAb_319_20_21_22_NSP_GenomeWideSNP_6_H04_1365076	1	166552201	166552760	5	-0.7363
SHOUT_p_TCGAb_319_20_21_22_NSP_GenomeWideSNP_6_H04_1365076	1	166553095	168985815	1856	0.2403
SHOUT_p_TCGAb_319_20_21_22_NSP_GenomeWideSNP_6_H04_1365076	1	168986301	168986374	2	1.2861
SHOUT_p_TCGAb_319_20_21_22_NSP_GenomeWideSNP_6_H04_1365076	1	168986492	169216937	193	0.2481
SHOUT_p_TCGAb_319_20_21_22_NSP_GenomeWideSNP_6_H04_1365076	1	169233974	169241766	6	0.9096
SHOUT_p_TCGAb_319_20_21_22_NSP_GenomeWideSNP_6_H04_1365076	1	169242401	174797333	3530	0.2337
SHOUT_p_TCGAb_319_20_21_22_NSP_GenomeWideSNP_6_H04_1365076	1	174797385	174797448	2	1.606
SHOUT_p_TCGAb_319_20_21_22_NSP_GenomeWideSNP_6_H04_1365076	1	174797505	187298367	8376	0.2426
SHOUT_p_TCGAb_319_20_21_22_NSP_GenomeWideSNP_6_H04_1365076	1	187298859	187300691	2	-1.8458
SHOUT_p_TCGAb_319_20_21_22_NSP_GenomeWideSNP_6_H04_1365076	1	187301085	196714822	6289	0.2458
SHOUT_p_TCGAb_319_20_21_22_NSP_GenomeWideSNP_6_H04_1365076	1	196714873	196771280	48	0.5484
SHOUT_p_TCGAb_319_20_21_22_NSP_GenomeWideSNP_6_H04_1365076	1	196783626	196812507	47	0.3089
SHOUT_p_TCGAb_319_20_21_22_NSP_GenomeWideSNP_6_H04_1365076	1	196812530	196815791	2	-1.48
SHOUT_p_TCGAb_319_20_21_22_NSP_GenomeWideSNP_6_H04_1365076	1	196816730	199093350	1354	0.2449
SHOUT_p_TCGAb_319_20_21_22_NSP_GenomeWideSNP_6_H04_1365076	1	199093876	199094632	3	-0.673
SHOUT_p_TCGAb_319_20_21_22_NSP_GenomeWideSNP_6_H04_1365076	1	199103924	210071062	7462	0.2442
SHOUT_p_TCGAb_319_20_21_22_NSP_GenomeWideSNP_6_H04_1365076	1	210081613	210086552	4	-0.5562
SHOUT_p_TCGAb_319_20_21_22_NSP_GenomeWideSNP_6_H04_1365076	1	210093494	210604858	346	0.2224
SHOUT_p_TCGAb_319_20_21_22_NSP_GenomeWideSNP_6_H04_1365076	1	210604994	210612528	21	-0.5554
SHOUT_p_TCGAb_319_20_21_22_NSP_GenomeWideSNP_6_H04_1365076	1	210615292	240391740	20814	0.2426
SHOUT_p_TCGAb_319_20_21_22_NSP_GenomeWideSNP_6_H04_1365076	1	240394015	240394124	5	-1.5615
SHOUT_p_TCGAb_319_20_21_22_NSP_GenomeWideSNP_6_H04_1365076	1	240394139	248687845	5739	0.2537
SHOUT_p_TCGAb_319_20_21_22_NSP_GenomeWideSNP_6_H04_1365076	1	248688160	248790288	41	-0.4113
SHOUT_p_TCGAb_319_20_21_22_NSP_GenomeWideSNP_6_H04_1365076	1	248794464	249224388	150	0.2374
SHOUT_p_TCGAb_319_20_21_22_NSP_GenomeWideSNP_6_H04_1365076	2	12784	3625794	2480	-0.1009
SHOUT_p_TCGAb_319_20_21_22_NSP_GenomeWideSNP_6_H04_1365076	2	3631972	7474275	3303	-0.5587
SHOUT_p_TCGAb_319_20_21_22_NSP_GenomeWideSNP_6_H04_1365076	2	7477186	11405246	2834	-0.0841
SHOUT_p_TCGAb_319_20_21_22_NSP_GenomeWideSNP_6_H04_1365076	2	11410647	12685369	1031	-0.5679
SHOUT_p_TCGAb_319_20_21_22_NSP_GenomeWideSNP_6_H04_1365076	2	12685921	12855750	129	-0.1153
SHOUT_p_TCGAb_319_20_21_22_NSP_GenomeWideSNP_6_H04_1365076	2	12861891	13275797	261	-0.5601
SHOUT_p_TCGAb_319_20_21_22_NSP_GenomeWideSNP_6_H04_1365076	2	13279280	18554503	3867	-0.0793
SHOUT_p_TCGAb_319_20_21_22_NSP_GenomeWideSNP_6_H04_1365076	2	18555076	18765414	188	-0.5572
SHOUT_p_TCGAb_319_20_21_22_NSP_GenomeWideSNP_6_H04_1365076	2	18766955	34691069	10004	-0.0828
SHOUT_p_TCGAb_319_20_21_22_NSP_GenomeWideSNP_6_H04_1365076	2	34699315	34740799	52	0.2155
SHOUT_p_TCGAb_319_20_21_22_NSP_GenomeWideSNP_6_H04_1365076	2	34741027	35967123	867	-0.1003
SHOUT_p_TCGAb_319_20_21_22_NSP_GenomeWideSNP_6_H04_1365076	2	35967385	35986908	8	0.6351
SHOUT_p_TCGAb_319_20_21_22_NSP_GenomeWideSNP_6_H04_1365076	2	35987916	36033254	44	0.0086
SHOUT_p_TCGAb_319_20_21_22_NSP_GenomeWideSNP_6_H04_1365076	2	36034010	36036523	3	0.9605
SHOUT_p_TCGAb_319_20_21_22_NSP_GenomeWideSNP_6_H04_1365076	2	36036966	40990316	3715	-0.0858
SHOUT_p_TCGAb_319_20_21_22_NSP_GenomeWideSNP_6_H04_1365076	2	40990662	40991438	3	1.125
SHOUT_p_TCGAb_319_20_21_22_NSP_GenomeWideSNP_6_H04_1365076	2	40991806	41238235	179	-0.0959
SHOUT_p_TCGAb_319_20_21_22_NSP_GenomeWideSNP_6_H04_1365076	2	41238443	41245887	23	-0.806
SHOUT_p_TCGAb_319_20_21_22_NSP_GenomeWideSNP_6_H04_1365076	2	41251233	44285354	2185	-0.0972
SHOUT_p_TCGAb_319_20_21_22_NSP_GenomeWideSNP_6_H04_1365076	2	44285592	44292977	4	-1.2724
SHOUT_p_TCGAb_319_20_21_22_NSP_GenomeWideSNP_6_H04_1365076	2	44293248	52754468	6003	-0.0904
SHOUT_p_TCGAb_319_20_21_22_NSP_GenomeWideSNP_6_H04_1365076	2	52754480	52781542	39	0.427
SHOUT_p_TCGAb_319_20_21_22_NSP_GenomeWideSNP_6_H04_1365076	2	52787949	71342451	12258	-0.0898
SHOUT_p_TCGAb_319_20_21_22_NSP_GenomeWideSNP_6_H04_1365076	2	71346563	71346825	6	-2.3991
SHOUT_p_TCGAb_319_20_21_22_NSP_GenomeWideSNP_6_H04_1365076	2	71347392	97857927	11776	-0.085
SHOUT_p_TCGAb_319_20_21_22_NSP_GenomeWideSNP_6_H04_1365076	2	97865337	97876806	13	-0.7806
SHOUT_p_TCGAb_319_20_21_22_NSP_GenomeWideSNP_6_H04_1365076	2	97877001	127857046	18036	-0.0849
SHOUT_p_TCGAb_319_20_21_22_NSP_GenomeWideSNP_6_H04_1365076	2	127857763	127857946	2	1.8402
SHOUT_p_TCGAb_319_20_21_22_NSP_GenomeWideSNP_6_H04_1365076	2	127858646	130211496	1519	-0.0859
SHOUT_p_TCGAb_319_20_21_22_NSP_GenomeWideSNP_6_H04_1365076	2	130213364	130215281	2	1.4258
SHOUT_p_TCGAb_319_20_21_22_NSP_GenomeWideSNP_6_H04_1365076	2	130216043	130545565	246	-0.0541
SHOUT_p_TCGAb_319_20_21_22_NSP_GenomeWideSNP_6_H04_1365076	2	130549275	130558377	8	-1.6231
SHOUT_p_TCGAb_319_20_21_22_NSP_GenomeWideSNP_6_H04_1365076	2	130559029	143570987	7847	-0.0857
SHOUT_p_TCGAb_319_20_21_22_NSP_GenomeWideSNP_6_H04_1365076	2	143571115	143571405	2	-1.5931
SHOUT_p_TCGAb_319_20_21_22_NSP_GenomeWideSNP_6_H04_1365076	2	143572278	146862085	1889	-0.0775
SHOUT_p_TCGAb_319_20_21_22_NSP_GenomeWideSNP_6_H04_1365076	2	146864404	146866934	24	0.5714
SHOUT_p_TCGAb_319_20_21_22_NSP_GenomeWideSNP_6_H04_1365076	2	146877806	154691177	4759	-0.0883
SHOUT_p_TCGAb_319_20_21_22_NSP_GenomeWideSNP_6_H04_1365076	2	154691372	154692498	3	-1.1778
SHOUT_p_TCGAb_319_20_21_22_NSP_GenomeWideSNP_6_H04_1365076	2	154692811	180413371	15754	-0.0824
SHOUT_p_TCGAb_319_20_21_22_NSP_GenomeWideSNP_6_H04_1365076	2	180418211	180419654	11	-0.9154
SHOUT_p_TCGAb_319_20_21_22_NSP_GenomeWideSNP_6_H04_1365076	2	180419753	180421497	11	-1.7732
SHOUT_p_TCGAb_319_20_21_22_NSP_GenomeWideSNP_6_H04_1365076	2	180421512	180421888	5	-0.9122
SHOUT_p_TCGAb_319_20_21_22_NSP_GenomeWideSNP_6_H04_1365076	2	180421906	185316676	3174	-0.0872
SHOUT_p_TCGAb_319_20_21_22_NSP_GenomeWideSNP_6_H04_1365076	2	185316880	185320059	4	1.3555
SHOUT_p_TCGAb_319_20_21_22_NSP_GenomeWideSNP_6_H04_1365076	2	185325519	192579892	4078	-0.081
SHOUT_p_TCGAb_319_20_21_22_NSP_GenomeWideSNP_6_H04_1365076	2	192580929	192581129	2	-1.4131
SHOUT_p_TCGAb_319_20_21_22_NSP_GenomeWideSNP_6_H04_1365076	2	192581534	194687745	1095	-0.0743
SHOUT_p_TCGAb_319_20_21_22_NSP_GenomeWideSNP_6_H04_1365076	2	194690304	194693798	2	1.4976
SHOUT_p_TCGAb_319_20_21_22_NSP_GenomeWideSNP_6_H04_1365076	2	194702314	215711631	12795	-0.0869
SHOUT_p_TCGAb_319_20_21_22_NSP_GenomeWideSNP_6_H04_1365076	2	215715707	215716169	2	-1.9259
SHOUT_p_TCGAb_319_20_21_22_NSP_GenomeWideSNP_6_H04_1365076	2	215716232	228608762	8465	-0.0845
SHOUT_p_TCGAb_319_20_21_22_NSP_GenomeWideSNP_6_H04_1365076	2	228609334	228610384	4	-1.1752
SHOUT_p_TCGAb_319_20_21_22_NSP_GenomeWideSNP_6_H04_1365076	2	228613846	240498964	7617	-0.0921
SHOUT_p_TCGAb_319_20_21_22_NSP_GenomeWideSNP_6_H04_1365076	2	240499071	240500413	2	-3.9733
SHOUT_p_TCGAb_319_20_21_22_NSP_GenomeWideSNP_6_H04_1365076	2	240500437	243089456	1363	-0.0852
SHOUT_p_TCGAb_319_20_21_22_NSP_GenomeWideSNP_6_H04_1365076	3	60345	6743581	5941	-0.093
SHOUT_p_TCGAb_319_20_21_22_NSP_GenomeWideSNP_6_H04_1365076	3	6747535	6749470	6	-0.9809
SHOUT_p_TCGAb_319_20_21_22_NSP_GenomeWideSNP_6_H04_1365076	3	6750116	17540600	7849	-0.0973
SHOUT_p_TCGAb_319_20_21_22_NSP_GenomeWideSNP_6_H04_1365076	3	17543202	17544013	2	-2.1419
SHOUT_p_TCGAb_319_20_21_22_NSP_GenomeWideSNP_6_H04_1365076	3	17546438	25489318	5372	-0.1029
SHOUT_p_TCGAb_319_20_21_22_NSP_GenomeWideSNP_6_H04_1365076	3	25490644	25490724	5	-1.2061
SHOUT_p_TCGAb_319_20_21_22_NSP_GenomeWideSNP_6_H04_1365076	3	25495185	26611649	881	-0.103
SHOUT_p_TCGAb_319_20_21_22_NSP_GenomeWideSNP_6_H04_1365076	3	26611667	26612110	8	-0.7538
SHOUT_p_TCGAb_319_20_21_22_NSP_GenomeWideSNP_6_H04_1365076	3	26612164	26612166	3	1.2907
SHOUT_p_TCGAb_319_20_21_22_NSP_GenomeWideSNP_6_H04_1365076	3	26613201	29349296	1848	-0.1051
SHOUT_p_TCGAb_319_20_21_22_NSP_GenomeWideSNP_6_H04_1365076	3	29349857	29351830	3	0.9438
SHOUT_p_TCGAb_319_20_21_22_NSP_GenomeWideSNP_6_H04_1365076	3	29352830	46422045	11073	-0.0952
SHOUT_p_TCGAb_319_20_21_22_NSP_GenomeWideSNP_6_H04_1365076	3	46422292	46422387	4	-1.1789
SHOUT_p_TCGAb_319_20_21_22_NSP_GenomeWideSNP_6_H04_1365076	3	46422757	65176396	12370	-0.0992
SHOUT_p_TCGAb_319_20_21_22_NSP_GenomeWideSNP_6_H04_1365076	3	65177310	65210452	64	0.1524
SHOUT_p_TCGAb_319_20_21_22_NSP_GenomeWideSNP_6_H04_1365076	3	65216349	75462816	7327	-0.099
SHOUT_p_TCGAb_319_20_21_22_NSP_GenomeWideSNP_6_H04_1365076	3	75462896	75469209	10	0.4394
SHOUT_p_TCGAb_319_20_21_22_NSP_GenomeWideSNP_6_H04_1365076	3	75469493	75568549	35	-0.0567
SHOUT_p_TCGAb_319_20_21_22_NSP_GenomeWideSNP_6_H04_1365076	3	75572549	75586805	6	-1.5661
SHOUT_p_TCGAb_319_20_21_22_NSP_GenomeWideSNP_6_H04_1365076	3	75595181	82108781	3690	-0.1063
SHOUT_p_TCGAb_319_20_21_22_NSP_GenomeWideSNP_6_H04_1365076	3	82111352	82113189	3	-1.2283
SHOUT_p_TCGAb_319_20_21_22_NSP_GenomeWideSNP_6_H04_1365076	3	82113892	98937784	7315	-0.0889
SHOUT_p_TCGAb_319_20_21_22_NSP_GenomeWideSNP_6_H04_1365076	3	98944458	98949421	38	0.2587
SHOUT_p_TCGAb_319_20_21_22_NSP_GenomeWideSNP_6_H04_1365076	3	98950964	114655782	9481	-0.0978
SHOUT_p_TCGAb_319_20_21_22_NSP_GenomeWideSNP_6_H04_1365076	3	114660592	114668950	7	-1.49
SHOUT_p_TCGAb_319_20_21_22_NSP_GenomeWideSNP_6_H04_1365076	3	114669018	122012016	4574	-0.0901
SHOUT_p_TCGAb_319_20_21_22_NSP_GenomeWideSNP_6_H04_1365076	3	122014566	122072879	54	-0.6199
SHOUT_p_TCGAb_319_20_21_22_NSP_GenomeWideSNP_6_H04_1365076	3	122078817	125669048	2227	-0.0882
SHOUT_p_TCGAb_319_20_21_22_NSP_GenomeWideSNP_6_H04_1365076	3	125673383	125675963	3	-1.8134
SHOUT_p_TCGAb_319_20_21_22_NSP_GenomeWideSNP_6_H04_1365076	3	125680500	129762859	2392	-0.0895
SHOUT_p_TCGAb_319_20_21_22_NSP_GenomeWideSNP_6_H04_1365076	3	129763698	129806236	52	0.4575
SHOUT_p_TCGAb_319_20_21_22_NSP_GenomeWideSNP_6_H04_1365076	3	129806924	129811355	10	-0.1255
SHOUT_p_TCGAb_319_20_21_22_NSP_GenomeWideSNP_6_H04_1365076	3	129819602	129828078	3	-0.9193
SHOUT_p_TCGAb_319_20_21_22_NSP_GenomeWideSNP_6_H04_1365076	3	129836612	131336333	871	-0.0906
SHOUT_p_TCGAb_319_20_21_22_NSP_GenomeWideSNP_6_H04_1365076	3	131336483	131336498	2	-1.571
SHOUT_p_TCGAb_319_20_21_22_NSP_GenomeWideSNP_6_H04_1365076	3	131338265	133024845	1241	-0.0859
SHOUT_p_TCGAb_319_20_21_22_NSP_GenomeWideSNP_6_H04_1365076	3	133024867	133025033	5	0.8036
SHOUT_p_TCGAb_319_20_21_22_NSP_GenomeWideSNP_6_H04_1365076	3	133025174	143285118	6239	-0.0933
SHOUT_p_TCGAb_319_20_21_22_NSP_GenomeWideSNP_6_H04_1365076	3	143285765	143285974	5	0.7576
SHOUT_p_TCGAb_319_20_21_22_NSP_GenomeWideSNP_6_H04_1365076	3	143286801	145479123	1383	-0.0944
SHOUT_p_TCGAb_319_20_21_22_NSP_GenomeWideSNP_6_H04_1365076	3	145479235	145479562	2	-1.9038
SHOUT_p_TCGAb_319_20_21_22_NSP_GenomeWideSNP_6_H04_1365076	3	145480765	147653542	1318	-0.1053
SHOUT_p_TCGAb_319_20_21_22_NSP_GenomeWideSNP_6_H04_1365076	3	147654566	147656105	2	-1.5748
SHOUT_p_TCGAb_319_20_21_22_NSP_GenomeWideSNP_6_H04_1365076	3	147659190	161515597	8515	-0.0902
SHOUT_p_TCGAb_319_20_21_22_NSP_GenomeWideSNP_6_H04_1365076	3	161515627	161515649	2	1.5991
SHOUT_p_TCGAb_319_20_21_22_NSP_GenomeWideSNP_6_H04_1365076	3	161515944	162524858	691	-0.0853
SHOUT_p_TCGAb_319_20_21_22_NSP_GenomeWideSNP_6_H04_1365076	3	162528630	162540490	10	0.8344
SHOUT_p_TCGAb_319_20_21_22_NSP_GenomeWideSNP_6_H04_1365076	3	162545716	162623881	45	0.2016
SHOUT_p_TCGAb_319_20_21_22_NSP_GenomeWideSNP_6_H04_1365076	3	162623897	169932491	4250	-0.1039
SHOUT_p_TCGAb_319_20_21_22_NSP_GenomeWideSNP_6_H04_1365076	3	169932743	169932915	3	-1.4083
SHOUT_p_TCGAb_319_20_21_22_NSP_GenomeWideSNP_6_H04_1365076	3	169938144	187595294	11104	-0.0993
SHOUT_p_TCGAb_319_20_21_22_NSP_GenomeWideSNP_6_H04_1365076	3	187595378	187595713	2	1.3925
SHOUT_p_TCGAb_319_20_21_22_NSP_GenomeWideSNP_6_H04_1365076	3	187595740	192877902	3831	-0.0931
SHOUT_p_TCGAb_319_20_21_22_NSP_GenomeWideSNP_6_H04_1365076	3	192877962	192882903	19	-1.0694
SHOUT_p_TCGAb_319_20_21_22_NSP_GenomeWideSNP_6_H04_1365076	3	192886435	195456048	1520	-0.0958
SHOUT_p_TCGAb_319_20_21_22_NSP_GenomeWideSNP_6_H04_1365076	3	195456889	195474763	11	0.6308
SHOUT_p_TCGAb_319_20_21_22_NSP_GenomeWideSNP_6_H04_1365076	3	195478694	197896118	1174	-0.1283
SHOUT_p_TCGAb_319_20_21_22_NSP_GenomeWideSNP_6_H04_1365076	4	12281	3599392	1509	-0.1201
SHOUT_p_TCGAb_319_20_21_22_NSP_GenomeWideSNP_6_H04_1365076	4	3599450	3609390	4	-1.2323
SHOUT_p_TCGAb_319_20_21_22_NSP_GenomeWideSNP_6_H04_1365076	4	3611393	10210390	4290	-0.0993
SHOUT_p_TCGAb_319_20_21_22_NSP_GenomeWideSNP_6_H04_1365076	4	10223416	10231498	28	-1.5658
SHOUT_p_TCGAb_319_20_21_22_NSP_GenomeWideSNP_6_H04_1365076	4	10234214	10236142	8	-0.319
SHOUT_p_TCGAb_319_20_21_22_NSP_GenomeWideSNP_6_H04_1365076	4	10238436	17536870	5763	-0.0959
SHOUT_p_TCGAb_319_20_21_22_NSP_GenomeWideSNP_6_H04_1365076	4	17537039	17537071	2	1.2897
SHOUT_p_TCGAb_319_20_21_22_NSP_GenomeWideSNP_6_H04_1365076	4	17537123	34786955	11218	-0.1004
SHOUT_p_TCGAb_319_20_21_22_NSP_GenomeWideSNP_6_H04_1365076	4	34786990	34829949	40	0.4048
SHOUT_p_TCGAb_319_20_21_22_NSP_GenomeWideSNP_6_H04_1365076	4	34830004	55219485	10618	-0.1023
SHOUT_p_TCGAb_319_20_21_22_NSP_GenomeWideSNP_6_H04_1365076	4	55219530	55220355	8	-1.7939
SHOUT_p_TCGAb_319_20_21_22_NSP_GenomeWideSNP_6_H04_1365076	4	55221410	61936938	4453	-0.11
SHOUT_p_TCGAb_319_20_21_22_NSP_GenomeWideSNP_6_H04_1365076	4	61940935	61941952	2	1.6886
SHOUT_p_TCGAb_319_20_21_22_NSP_GenomeWideSNP_6_H04_1365076	4	61945686	64697469	1502	-0.1039
SHOUT_p_TCGAb_319_20_21_22_NSP_GenomeWideSNP_6_H04_1365076	4	64697517	64708258	28	0.3969
SHOUT_p_TCGAb_319_20_21_22_NSP_GenomeWideSNP_6_H04_1365076	4	64716431	70123510	3275	-0.1029
SHOUT_p_TCGAb_319_20_21_22_NSP_GenomeWideSNP_6_H04_1365076	4	70127644	70231799	54	-0.792
SHOUT_p_TCGAb_319_20_21_22_NSP_GenomeWideSNP_6_H04_1365076	4	70232022	70389716	112	-0.1004
SHOUT_p_TCGAb_319_20_21_22_NSP_GenomeWideSNP_6_H04_1365076	4	70389861	70390779	2	-2.2745
SHOUT_p_TCGAb_319_20_21_22_NSP_GenomeWideSNP_6_H04_1365076	4	70391888	104215706	20561	-0.0999
SHOUT_p_TCGAb_319_20_21_22_NSP_GenomeWideSNP_6_H04_1365076	4	104218100	104218102	3	1.5554
SHOUT_p_TCGAb_319_20_21_22_NSP_GenomeWideSNP_6_H04_1365076	4	104220104	104745571	366	-0.1037
SHOUT_p_TCGAb_319_20_21_22_NSP_GenomeWideSNP_6_H04_1365076	4	104751630	104751637	5	1.1536
SHOUT_p_TCGAb_319_20_21_22_NSP_GenomeWideSNP_6_H04_1365076	4	104751644	106204893	816	-0.0979
SHOUT_p_TCGAb_319_20_21_22_NSP_GenomeWideSNP_6_H04_1365076	4	106210800	106215370	2	-1.5464
SHOUT_p_TCGAb_319_20_21_22_NSP_GenomeWideSNP_6_H04_1365076	4	106216667	118426599	7469	-0.1003
SHOUT_p_TCGAb_319_20_21_22_NSP_GenomeWideSNP_6_H04_1365076	4	118430835	118431183	4	-1.8658
SHOUT_p_TCGAb_319_20_21_22_NSP_GenomeWideSNP_6_H04_1365076	4	118431407	121526819	1906	-0.0935
SHOUT_p_TCGAb_319_20_21_22_NSP_GenomeWideSNP_6_H04_1365076	4	121527194	121543419	17	-0.8541
SHOUT_p_TCGAb_319_20_21_22_NSP_GenomeWideSNP_6_H04_1365076	4	121547461	144779052	13831	-0.0939
SHOUT_p_TCGAb_319_20_21_22_NSP_GenomeWideSNP_6_H04_1365076	4	144780456	144986863	120	0.2547
SHOUT_p_TCGAb_319_20_21_22_NSP_GenomeWideSNP_6_H04_1365076	4	144990003	149238314	2405	-0.0998
SHOUT_p_TCGAb_319_20_21_22_NSP_GenomeWideSNP_6_H04_1365076	4	149239012	149254605	5	-1.2284
SHOUT_p_TCGAb_319_20_21_22_NSP_GenomeWideSNP_6_H04_1365076	4	149254670	151876325	1428	-0.0901
SHOUT_p_TCGAb_319_20_21_22_NSP_GenomeWideSNP_6_H04_1365076	4	151876351	151884300	23	-0.8937
SHOUT_p_TCGAb_319_20_21_22_NSP_GenomeWideSNP_6_H04_1365076	4	151884306	161874000	6338	-0.0966
SHOUT_p_TCGAb_319_20_21_22_NSP_GenomeWideSNP_6_H04_1365076	4	161880018	161884967	24	0.3306
SHOUT_p_TCGAb_319_20_21_22_NSP_GenomeWideSNP_6_H04_1365076	4	161884977	163275311	919	-0.1225
SHOUT_p_TCGAb_319_20_21_22_NSP_GenomeWideSNP_6_H04_1365076	4	163277763	163278457	2	-1.6799
SHOUT_p_TCGAb_319_20_21_22_NSP_GenomeWideSNP_6_H04_1365076	4	163281547	169549646	3997	-0.0973
SHOUT_p_TCGAb_319_20_21_22_NSP_GenomeWideSNP_6_H04_1365076	4	169553055	170635197	676	-0.568
SHOUT_p_TCGAb_319_20_21_22_NSP_GenomeWideSNP_6_H04_1365076	4	170640733	172369346	1077	-0.095
SHOUT_p_TCGAb_319_20_21_22_NSP_GenomeWideSNP_6_H04_1365076	4	172374884	172377710	10	1.6339
SHOUT_p_TCGAb_319_20_21_22_NSP_GenomeWideSNP_6_H04_1365076	4	172377724	172989224	401	-0.0886
SHOUT_p_TCGAb_319_20_21_22_NSP_GenomeWideSNP_6_H04_1365076	4	172989300	172989533	9	-1.3179
SHOUT_p_TCGAb_319_20_21_22_NSP_GenomeWideSNP_6_H04_1365076	4	172995979	173422522	230	-0.112
SHOUT_p_TCGAb_319_20_21_22_NSP_GenomeWideSNP_6_H04_1365076	4	173424947	173428643	7	0.6402
SHOUT_p_TCGAb_319_20_21_22_NSP_GenomeWideSNP_6_H04_1365076	4	173441132	181130555	4882	-0.1043
SHOUT_p_TCGAb_319_20_21_22_NSP_GenomeWideSNP_6_H04_1365076	4	181137071	181138325	8	-1.3311
SHOUT_p_TCGAb_319_20_21_22_NSP_GenomeWideSNP_6_H04_1365076	4	181146155	191027923	6990	-0.1065
SHOUT_p_TCGAb_319_20_21_22_NSP_GenomeWideSNP_6_H04_1365076	5	15532	698505	310	0.1845
SHOUT_p_TCGAb_319_20_21_22_NSP_GenomeWideSNP_6_H04_1365076	5	717379	733612	13	-0.5421
SHOUT_p_TCGAb_319_20_21_22_NSP_GenomeWideSNP_6_H04_1365076	5	741695	825653	41	0.9163
SHOUT_p_TCGAb_319_20_21_22_NSP_GenomeWideSNP_6_H04_1365076	5	833628	21449276	15415	0.2538
SHOUT_p_TCGAb_319_20_21_22_NSP_GenomeWideSNP_6_H04_1365076	5	21451200	21452438	5	-1.554
SHOUT_p_TCGAb_319_20_21_22_NSP_GenomeWideSNP_6_H04_1365076	5	21452496	24778106	1914	0.2343
SHOUT_p_TCGAb_319_20_21_22_NSP_GenomeWideSNP_6_H04_1365076	5	24778376	24781828	15	-0.581
SHOUT_p_TCGAb_319_20_21_22_NSP_GenomeWideSNP_6_H04_1365076	5	24786926	46191884	13073	0.2413
SHOUT_p_TCGAb_319_20_21_22_NSP_GenomeWideSNP_6_H04_1365076	5	46195883	46199435	4	-0.8178
SHOUT_p_TCGAb_319_20_21_22_NSP_GenomeWideSNP_6_H04_1365076	5	46209299	46251306	13	0.1645
SHOUT_p_TCGAb_319_20_21_22_NSP_GenomeWideSNP_6_H04_1365076	5	46271008	46273502	8	1.1891
SHOUT_p_TCGAb_319_20_21_22_NSP_GenomeWideSNP_6_H04_1365076	5	46278212	81418763	19319	0.2442
SHOUT_p_TCGAb_319_20_21_22_NSP_GenomeWideSNP_6_H04_1365076	5	81419278	81419290	2	-2.0767
SHOUT_p_TCGAb_319_20_21_22_NSP_GenomeWideSNP_6_H04_1365076	5	81427482	97116861	8768	0.2388
SHOUT_p_TCGAb_319_20_21_22_NSP_GenomeWideSNP_6_H04_1365076	5	97120085	97120507	3	-2.5043
SHOUT_p_TCGAb_319_20_21_22_NSP_GenomeWideSNP_6_H04_1365076	5	97125667	104587153	4430	0.2444
SHOUT_p_TCGAb_319_20_21_22_NSP_GenomeWideSNP_6_H04_1365076	5	104588432	104588453	2	1.9826
SHOUT_p_TCGAb_319_20_21_22_NSP_GenomeWideSNP_6_H04_1365076	5	104589281	106379836	968	0.2367
SHOUT_p_TCGAb_319_20_21_22_NSP_GenomeWideSNP_6_H04_1365076	5	106391438	106394251	8	-0.4466
SHOUT_p_TCGAb_319_20_21_22_NSP_GenomeWideSNP_6_H04_1365076	5	106399769	123905207	12115	0.2477
SHOUT_p_TCGAb_319_20_21_22_NSP_GenomeWideSNP_6_H04_1365076	5	123908163	124468521	364	0.5094
SHOUT_p_TCGAb_319_20_21_22_NSP_GenomeWideSNP_6_H04_1365076	5	124472163	150202205	15820	0.2471
SHOUT_p_TCGAb_319_20_21_22_NSP_GenomeWideSNP_6_H04_1365076	5	150205500	150218604	8	-2.3999
SHOUT_p_TCGAb_319_20_21_22_NSP_GenomeWideSNP_6_H04_1365076	5	150223387	154984615	3289	0.2507
SHOUT_p_TCGAb_319_20_21_22_NSP_GenomeWideSNP_6_H04_1365076	5	154985682	154986292	3	-0.9631
SHOUT_p_TCGAb_319_20_21_22_NSP_GenomeWideSNP_6_H04_1365076	5	154988107	177198449	15179	0.2524
SHOUT_p_TCGAb_319_20_21_22_NSP_GenomeWideSNP_6_H04_1365076	5	177227551	177232605	3	2.5619
SHOUT_p_TCGAb_319_20_21_22_NSP_GenomeWideSNP_6_H04_1365076	5	177254965	177353413	11	0.1846
SHOUT_p_TCGAb_319_20_21_22_NSP_GenomeWideSNP_6_H04_1365076	5	177356703	177360868	3	1.9336
SHOUT_p_TCGAb_319_20_21_22_NSP_GenomeWideSNP_6_H04_1365076	5	177377648	180374523	1799	0.2453
SHOUT_p_TCGAb_319_20_21_22_NSP_GenomeWideSNP_6_H04_1365076	5	180378710	180418103	19	0.8716
SHOUT_p_TCGAb_319_20_21_22_NSP_GenomeWideSNP_6_H04_1365076	5	180433225	180790320	171	0.2437
SHOUT_p_TCGAb_319_20_21_22_NSP_GenomeWideSNP_6_H04_1365076	6	149661	254283	101	-0.1609
SHOUT_p_TCGAb_319_20_21_22_NSP_GenomeWideSNP_6_H04_1365076	6	257353	385687	108	0.2362
SHOUT_p_TCGAb_319_20_21_22_NSP_GenomeWideSNP_6_H04_1365076	6	385784	6026211	4649	-0.1041
SHOUT_p_TCGAb_319_20_21_22_NSP_GenomeWideSNP_6_H04_1365076	6	6033931	6034436	3	-2.9671
SHOUT_p_TCGAb_319_20_21_22_NSP_GenomeWideSNP_6_H04_1365076	6	6037045	8683759	2172	-0.0987
SHOUT_p_TCGAb_319_20_21_22_NSP_GenomeWideSNP_6_H04_1365076	6	8686578	8686665	2	-1.9144
SHOUT_p_TCGAb_319_20_21_22_NSP_GenomeWideSNP_6_H04_1365076	6	8692416	18318473	7146	-0.105
SHOUT_p_TCGAb_319_20_21_22_NSP_GenomeWideSNP_6_H04_1365076	6	18320344	18325068	5	-1.0362
SHOUT_p_TCGAb_319_20_21_22_NSP_GenomeWideSNP_6_H04_1365076	6	18326530	19789579	1140	-0.1034
SHOUT_p_TCGAb_319_20_21_22_NSP_GenomeWideSNP_6_H04_1365076	6	19790487	19790979	5	-0.9242
SHOUT_p_TCGAb_319_20_21_22_NSP_GenomeWideSNP_6_H04_1365076	6	19793675	26671328	4916	-0.1059
SHOUT_p_TCGAb_319_20_21_22_NSP_GenomeWideSNP_6_H04_1365076	6	26681921	26682323	3	-1.3532
SHOUT_p_TCGAb_319_20_21_22_NSP_GenomeWideSNP_6_H04_1365076	6	26688449	26732406	19	-0.2924
SHOUT_p_TCGAb_319_20_21_22_NSP_GenomeWideSNP_6_H04_1365076	6	26737032	26762387	17	0.6379
SHOUT_p_TCGAb_319_20_21_22_NSP_GenomeWideSNP_6_H04_1365076	6	26762572	30363136	1717	-0.1007
SHOUT_p_TCGAb_319_20_21_22_NSP_GenomeWideSNP_6_H04_1365076	6	30363351	31167498	335	0.5358
SHOUT_p_TCGAb_319_20_21_22_NSP_GenomeWideSNP_6_H04_1365076	6	31172655	31286276	82	-0.118
SHOUT_p_TCGAb_319_20_21_22_NSP_GenomeWideSNP_6_H04_1365076	6	31286305	31296451	10	-1.0125
SHOUT_p_TCGAb_319_20_21_22_NSP_GenomeWideSNP_6_H04_1365076	6	31309924	53931067	14312	-0.1037
SHOUT_p_TCGAb_319_20_21_22_NSP_GenomeWideSNP_6_H04_1365076	6	53931084	53931855	8	1.4326
SHOUT_p_TCGAb_319_20_21_22_NSP_GenomeWideSNP_6_H04_1365076	6	53935348	69471113	7218	-0.1018
SHOUT_p_TCGAb_319_20_21_22_NSP_GenomeWideSNP_6_H04_1365076	6	69471294	69475322	3	-2.3804
SHOUT_p_TCGAb_319_20_21_22_NSP_GenomeWideSNP_6_H04_1365076	6	69475930	69937817	297	-0.0991
SHOUT_p_TCGAb_319_20_21_22_NSP_GenomeWideSNP_6_H04_1365076	6	69938177	69940937	4	-0.7986
SHOUT_p_TCGAb_319_20_21_22_NSP_GenomeWideSNP_6_H04_1365076	6	69940955	70173296	138	-0.118
SHOUT_p_TCGAb_319_20_21_22_NSP_GenomeWideSNP_6_H04_1365076	6	70178460	70182136	3	-1.4216
SHOUT_p_TCGAb_319_20_21_22_NSP_GenomeWideSNP_6_H04_1365076	6	70186272	74591858	2854	-0.1078
SHOUT_p_TCGAb_319_20_21_22_NSP_GenomeWideSNP_6_H04_1365076	6	74592225	74601410	10	0.6043
SHOUT_p_TCGAb_319_20_21_22_NSP_GenomeWideSNP_6_H04_1365076	6	74603555	77014948	1467	-0.0986
SHOUT_p_TCGAb_319_20_21_22_NSP_GenomeWideSNP_6_H04_1365076	6	77016900	77016926	3	1.0709
SHOUT_p_TCGAb_319_20_21_22_NSP_GenomeWideSNP_6_H04_1365076	6	77016993	77429231	292	-0.0838
SHOUT_p_TCGAb_319_20_21_22_NSP_GenomeWideSNP_6_H04_1365076	6	77429695	77452392	20	0.3106
SHOUT_p_TCGAb_319_20_21_22_NSP_GenomeWideSNP_6_H04_1365076	6	77452446	78962889	983	-0.1046
SHOUT_p_TCGAb_319_20_21_22_NSP_GenomeWideSNP_6_H04_1365076	6	78969065	79032592	109	0.2361
SHOUT_p_TCGAb_319_20_21_22_NSP_GenomeWideSNP_6_H04_1365076	6	79034940	103734829	15485	-0.1001
SHOUT_p_TCGAb_319_20_21_22_NSP_GenomeWideSNP_6_H04_1365076	6	103737976	103762061	46	0.6315
SHOUT_p_TCGAb_319_20_21_22_NSP_GenomeWideSNP_6_H04_1365076	6	103765470	161236302	37095	-0.1004
SHOUT_p_TCGAb_319_20_21_22_NSP_GenomeWideSNP_6_H04_1365076	6	161239691	161240330	2	-1.8647
SHOUT_p_TCGAb_319_20_21_22_NSP_GenomeWideSNP_6_H04_1365076	6	161242114	167111021	4621	-0.1101
SHOUT_p_TCGAb_319_20_21_22_NSP_GenomeWideSNP_6_H04_1365076	6	167111068	167111417	3	1.1241
SHOUT_p_TCGAb_319_20_21_22_NSP_GenomeWideSNP_6_H04_1365076	6	167114588	168556347	792	-0.1223
SHOUT_p_TCGAb_319_20_21_22_NSP_GenomeWideSNP_6_H04_1365076	6	168557620	168559513	3	-1.6184
SHOUT_p_TCGAb_319_20_21_22_NSP_GenomeWideSNP_6_H04_1365076	6	168565807	171051005	1710	-0.1313
SHOUT_p_TCGAb_319_20_21_22_NSP_GenomeWideSNP_6_H04_1365076	7	43355	26132290	18872	0.2421
SHOUT_p_TCGAb_319_20_21_22_NSP_GenomeWideSNP_6_H04_1365076	7	26142392	26145413	4	-2.9329
SHOUT_p_TCGAb_319_20_21_22_NSP_GenomeWideSNP_6_H04_1365076	7	26147219	29670718	2602	0.2505
SHOUT_p_TCGAb_319_20_21_22_NSP_GenomeWideSNP_6_H04_1365076	7	29673740	29686348	6	-0.5598
SHOUT_p_TCGAb_319_20_21_22_NSP_GenomeWideSNP_6_H04_1365076	7	29688165	38352145	6036	0.2535
SHOUT_p_TCGAb_319_20_21_22_NSP_GenomeWideSNP_6_H04_1365076	7	38352160	38356782	7	0.8394
SHOUT_p_TCGAb_319_20_21_22_NSP_GenomeWideSNP_6_H04_1365076	7	38356808	38357323	10	0.3482
SHOUT_p_TCGAb_319_20_21_22_NSP_GenomeWideSNP_6_H04_1365076	7	38358227	38366512	6	0.9049
SHOUT_p_TCGAb_319_20_21_22_NSP_GenomeWideSNP_6_H04_1365076	7	38370792	54380373	11027	0.243
SHOUT_p_TCGAb_319_20_21_22_NSP_GenomeWideSNP_6_H04_1365076	7	54386505	54386517	6	-1.5778
SHOUT_p_TCGAb_319_20_21_22_NSP_GenomeWideSNP_6_H04_1365076	7	54393488	70419818	6296	0.2222
SHOUT_p_TCGAb_319_20_21_22_NSP_GenomeWideSNP_6_H04_1365076	7	70420438	70426141	3	-1.1656
SHOUT_p_TCGAb_319_20_21_22_NSP_GenomeWideSNP_6_H04_1365076	7	70428243	76179714	2197	0.2066
SHOUT_p_TCGAb_319_20_21_22_NSP_GenomeWideSNP_6_H04_1365076	7	76197430	76596904	256	0.6623
SHOUT_p_TCGAb_319_20_21_22_NSP_GenomeWideSNP_6_H04_1365076	7	76601585	102340956	15485	0.2366
SHOUT_p_TCGAb_319_20_21_22_NSP_GenomeWideSNP_6_H04_1365076	7	102345961	102358341	18	-0.1616
SHOUT_p_TCGAb_319_20_21_22_NSP_GenomeWideSNP_6_H04_1365076	7	102358404	109437098	4544	0.2392
SHOUT_p_TCGAb_319_20_21_22_NSP_GenomeWideSNP_6_H04_1365076	7	109437099	109453910	30	0.6345
SHOUT_p_TCGAb_319_20_21_22_NSP_GenomeWideSNP_6_H04_1365076	7	109453982	126044974	10035	0.2338
SHOUT_p_TCGAb_319_20_21_22_NSP_GenomeWideSNP_6_H04_1365076	7	126045482	126046876	13	1.3392
SHOUT_p_TCGAb_319_20_21_22_NSP_GenomeWideSNP_6_H04_1365076	7	126046877	133778649	4703	0.2394
SHOUT_p_TCGAb_319_20_21_22_NSP_GenomeWideSNP_6_H04_1365076	7	133778652	133795841	30	-0.26
SHOUT_p_TCGAb_319_20_21_22_NSP_GenomeWideSNP_6_H04_1365076	7	133798053	138975545	3453	0.2457
SHOUT_p_TCGAb_319_20_21_22_NSP_GenomeWideSNP_6_H04_1365076	7	138979251	138979633	2	-0.954
SHOUT_p_TCGAb_319_20_21_22_NSP_GenomeWideSNP_6_H04_1365076	7	138979771	142474653	2241	0.2567
SHOUT_p_TCGAb_319_20_21_22_NSP_GenomeWideSNP_6_H04_1365076	7	142474939	142486115	29	0.8971
SHOUT_p_TCGAb_319_20_21_22_NSP_GenomeWideSNP_6_H04_1365076	7	142486345	143909445	842	0.2756
SHOUT_p_TCGAb_319_20_21_22_NSP_GenomeWideSNP_6_H04_1365076	7	143911624	144027576	31	-0.21
SHOUT_p_TCGAb_319_20_21_22_NSP_GenomeWideSNP_6_H04_1365076	7	144033851	159127004	9702	0.2367
SHOUT_p_TCGAb_319_20_21_22_NSP_GenomeWideSNP_6_H04_1365076	8	31254	595790	334	-0.096
SHOUT_p_TCGAb_319_20_21_22_NSP_GenomeWideSNP_6_H04_1365076	8	595875	595908	3	2.0033
SHOUT_p_TCGAb_319_20_21_22_NSP_GenomeWideSNP_6_H04_1365076	8	601043	3461993	2613	-0.1181
SHOUT_p_TCGAb_319_20_21_22_NSP_GenomeWideSNP_6_H04_1365076	8	3463138	3549912	131	-0.6603
SHOUT_p_TCGAb_319_20_21_22_NSP_GenomeWideSNP_6_H04_1365076	8	3549936	7254291	4774	-0.1036
SHOUT_p_TCGAb_319_20_21_22_NSP_GenomeWideSNP_6_H04_1365076	8	7254328	7787868	143	-0.3263
SHOUT_p_TCGAb_319_20_21_22_NSP_GenomeWideSNP_6_H04_1365076	8	7787962	12198254	3308	-0.0989
SHOUT_p_TCGAb_319_20_21_22_NSP_GenomeWideSNP_6_H04_1365076	8	12216009	12247486	40	-1.1322
SHOUT_p_TCGAb_319_20_21_22_NSP_GenomeWideSNP_6_H04_1365076	8	12260927	12268482	8	-0.0933
SHOUT_p_TCGAb_319_20_21_22_NSP_GenomeWideSNP_6_H04_1365076	8	12268979	12322592	14	-0.6133
SHOUT_p_TCGAb_319_20_21_22_NSP_GenomeWideSNP_6_H04_1365076	8	12322875	13147465	604	-0.0938
SHOUT_p_TCGAb_319_20_21_22_NSP_GenomeWideSNP_6_H04_1365076	8	13147657	13147702	2	-1.5808
SHOUT_p_TCGAb_319_20_21_22_NSP_GenomeWideSNP_6_H04_1365076	8	13147852	24974443	9857	-0.1039
SHOUT_p_TCGAb_319_20_21_22_NSP_GenomeWideSNP_6_H04_1365076	8	24974476	24976641	8	0.4857
SHOUT_p_TCGAb_319_20_21_22_NSP_GenomeWideSNP_6_H04_1365076	8	24976675	24979929	8	0.011
SHOUT_p_TCGAb_319_20_21_22_NSP_GenomeWideSNP_6_H04_1365076	8	24979955	24984333	10	0.4608
SHOUT_p_TCGAb_319_20_21_22_NSP_GenomeWideSNP_6_H04_1365076	8	24991104	34843712	6675	-0.1031
SHOUT_p_TCGAb_319_20_21_22_NSP_GenomeWideSNP_6_H04_1365076	8	34846335	34848520	2	1.2862
SHOUT_p_TCGAb_319_20_21_22_NSP_GenomeWideSNP_6_H04_1365076	8	34850682	39230659	2361	-0.1035
SHOUT_p_TCGAb_319_20_21_22_NSP_GenomeWideSNP_6_H04_1365076	8	39235603	39386965	59	0.4615
SHOUT_p_TCGAb_319_20_21_22_NSP_GenomeWideSNP_6_H04_1365076	8	39388299	68547635	15549	-0.1084
SHOUT_p_TCGAb_319_20_21_22_NSP_GenomeWideSNP_6_H04_1365076	8	68547669	68548400	7	-1.5853
SHOUT_p_TCGAb_319_20_21_22_NSP_GenomeWideSNP_6_H04_1365076	8	68548491	68561738	21	-0.6468
SHOUT_p_TCGAb_319_20_21_22_NSP_GenomeWideSNP_6_H04_1365076	8	68562150	112291352	26471	-0.1013
SHOUT_p_TCGAb_319_20_21_22_NSP_GenomeWideSNP_6_H04_1365076	8	112291494	112295260	11	0.6009
SHOUT_p_TCGAb_319_20_21_22_NSP_GenomeWideSNP_6_H04_1365076	8	112300281	115634487	1828	-0.1007
SHOUT_p_TCGAb_319_20_21_22_NSP_GenomeWideSNP_6_H04_1365076	8	115634554	115641731	34	0.2482
SHOUT_p_TCGAb_319_20_21_22_NSP_GenomeWideSNP_6_H04_1365076	8	115650697	142541687	19582	-0.0963
SHOUT_p_TCGAb_319_20_21_22_NSP_GenomeWideSNP_6_H04_1365076	8	142542563	142550866	5	-1.2072
SHOUT_p_TCGAb_319_20_21_22_NSP_GenomeWideSNP_6_H04_1365076	8	142551357	146298155	1482	-0.1209
SHOUT_p_TCGAb_319_20_21_22_NSP_GenomeWideSNP_6_H04_1365076	9	46587	512080	397	-0.5938
SHOUT_p_TCGAb_319_20_21_22_NSP_GenomeWideSNP_6_H04_1365076	9	517715	521172	7	-4.0381
SHOUT_p_TCGAb_319_20_21_22_NSP_GenomeWideSNP_6_H04_1365076	9	524927	6551410	5836	-0.5621
SHOUT_p_TCGAb_319_20_21_22_NSP_GenomeWideSNP_6_H04_1365076	9	6552103	6553054	2	-2.6797
SHOUT_p_TCGAb_319_20_21_22_NSP_GenomeWideSNP_6_H04_1365076	9	6553298	29569154	18834	-0.5537
SHOUT_p_TCGAb_319_20_21_22_NSP_GenomeWideSNP_6_H04_1365076	9	29569470	29569571	2	-4.8797
SHOUT_p_TCGAb_319_20_21_22_NSP_GenomeWideSNP_6_H04_1365076	9	29570247	31481298	1327	-0.5329
SHOUT_p_TCGAb_319_20_21_22_NSP_GenomeWideSNP_6_H04_1365076	9	31481953	31490538	4	-1.9728
SHOUT_p_TCGAb_319_20_21_22_NSP_GenomeWideSNP_6_H04_1365076	9	31490611	39743166	4804	-0.5617
SHOUT_p_TCGAb_319_20_21_22_NSP_GenomeWideSNP_6_H04_1365076	9	39769325	40476154	7	0.3029
SHOUT_p_TCGAb_319_20_21_22_NSP_GenomeWideSNP_6_H04_1365076	9	40508680	40619221	15	-0.9586
SHOUT_p_TCGAb_319_20_21_22_NSP_GenomeWideSNP_6_H04_1365076	9	40619760	41733631	43	-0.3973
SHOUT_p_TCGAb_319_20_21_22_NSP_GenomeWideSNP_6_H04_1365076	9	41842529	43127225	26	0.1429
SHOUT_p_TCGAb_319_20_21_22_NSP_GenomeWideSNP_6_H04_1365076	9	43127313	43662908	28	-0.8231
SHOUT_p_TCGAb_319_20_21_22_NSP_GenomeWideSNP_6_H04_1365076	9	43663163	43669134	3	-2.6752
SHOUT_p_TCGAb_319_20_21_22_NSP_GenomeWideSNP_6_H04_1365076	9	43671193	43790346	16	-1.5493
SHOUT_p_TCGAb_319_20_21_22_NSP_GenomeWideSNP_6_H04_1365076	9	43800186	44250853	32	-0.5132
SHOUT_p_TCGAb_319_20_21_22_NSP_GenomeWideSNP_6_H04_1365076	9	44251228	44404912	14	0.1841
SHOUT_p_TCGAb_319_20_21_22_NSP_GenomeWideSNP_6_H04_1365076	9	44424451	44629223	4	-2.7717
SHOUT_p_TCGAb_319_20_21_22_NSP_GenomeWideSNP_6_H04_1365076	9	44727859	69492996	321	-0.2859
SHOUT_p_TCGAb_319_20_21_22_NSP_GenomeWideSNP_6_H04_1365076	9	69505946	69519629	8	-1.5051
SHOUT_p_TCGAb_319_20_21_22_NSP_GenomeWideSNP_6_H04_1365076	9	69522698	69978022	82	-0.2335
SHOUT_p_TCGAb_319_20_21_22_NSP_GenomeWideSNP_6_H04_1365076	9	70940595	71058482	36	-0.5239
SHOUT_p_TCGAb_319_20_21_22_NSP_GenomeWideSNP_6_H04_1365076	9	71059253	71059889	2	-2.2378
SHOUT_p_TCGAb_319_20_21_22_NSP_GenomeWideSNP_6_H04_1365076	9	71060697	72100569	901	-0.5717
SHOUT_p_TCGAb_319_20_21_22_NSP_GenomeWideSNP_6_H04_1365076	9	72105613	72105619	4	0.4214
SHOUT_p_TCGAb_319_20_21_22_NSP_GenomeWideSNP_6_H04_1365076	9	72106629	72108285	8	-0.7557
SHOUT_p_TCGAb_319_20_21_22_NSP_GenomeWideSNP_6_H04_1365076	9	72108440	72108744	12	0.1475
SHOUT_p_TCGAb_319_20_21_22_NSP_GenomeWideSNP_6_H04_1365076	9	72108763	105760049	23295	-0.5579
SHOUT_p_TCGAb_319_20_21_22_NSP_GenomeWideSNP_6_H04_1365076	9	105763003	105763418	3	-2.1068
SHOUT_p_TCGAb_319_20_21_22_NSP_GenomeWideSNP_6_H04_1365076	9	105764214	109274388	2569	-0.5305
SHOUT_p_TCGAb_319_20_21_22_NSP_GenomeWideSNP_6_H04_1365076	9	109276530	109277184	3	-5.7693
SHOUT_p_TCGAb_319_20_21_22_NSP_GenomeWideSNP_6_H04_1365076	9	109277424	110240099	710	-0.5727
SHOUT_p_TCGAb_319_20_21_22_NSP_GenomeWideSNP_6_H04_1365076	9	110241361	110241529	2	-4.4503
SHOUT_p_TCGAb_319_20_21_22_NSP_GenomeWideSNP_6_H04_1365076	9	110242157	122720528	9963	-0.5586
SHOUT_p_TCGAb_319_20_21_22_NSP_GenomeWideSNP_6_H04_1365076	9	122722423	122722840	2	-4.0237
SHOUT_p_TCGAb_319_20_21_22_NSP_GenomeWideSNP_6_H04_1365076	9	122723348	141091394	10406	-0.5748
SHOUT_p_TCGAb_319_20_21_22_NSP_GenomeWideSNP_6_H04_1365076	10	72759	791623	418	0.2451
SHOUT_p_TCGAb_319_20_21_22_NSP_GenomeWideSNP_6_H04_1365076	10	797490	806285	8	-0.9084
SHOUT_p_TCGAb_319_20_21_22_NSP_GenomeWideSNP_6_H04_1365076	10	808846	4287070	3159	0.247
SHOUT_p_TCGAb_319_20_21_22_NSP_GenomeWideSNP_6_H04_1365076	10	4290814	4290924	3	1.7736
SHOUT_p_TCGAb_319_20_21_22_NSP_GenomeWideSNP_6_H04_1365076	10	4291016	4437173	195	0.2393
SHOUT_p_TCGAb_319_20_21_22_NSP_GenomeWideSNP_6_H04_1365076	10	4439129	4439686	6	-0.5529
SHOUT_p_TCGAb_319_20_21_22_NSP_GenomeWideSNP_6_H04_1365076	10	4443829	5617550	960	0.2653
SHOUT_p_TCGAb_319_20_21_22_NSP_GenomeWideSNP_6_H04_1365076	10	5619866	5619953	4	1.1482
SHOUT_p_TCGAb_319_20_21_22_NSP_GenomeWideSNP_6_H04_1365076	10	5621628	15669430	8472	0.2394
SHOUT_p_TCGAb_319_20_21_22_NSP_GenomeWideSNP_6_H04_1365076	10	15670969	15674135	8	-0.5441
SHOUT_p_TCGAb_319_20_21_22_NSP_GenomeWideSNP_6_H04_1365076	10	15674207	17927554	1649	0.2329
SHOUT_p_TCGAb_319_20_21_22_NSP_GenomeWideSNP_6_H04_1365076	10	17938208	17949857	2	2.6763
SHOUT_p_TCGAb_319_20_21_22_NSP_GenomeWideSNP_6_H04_1365076	10	17971816	18173963	13	0.1698
SHOUT_p_TCGAb_319_20_21_22_NSP_GenomeWideSNP_6_H04_1365076	10	18185123	18223647	4	-1.0664
SHOUT_p_TCGAb_319_20_21_22_NSP_GenomeWideSNP_6_H04_1365076	10	18230259	24372305	4341	0.2387
SHOUT_p_TCGAb_319_20_21_22_NSP_GenomeWideSNP_6_H04_1365076	10	24372757	24377921	12	0.8156
SHOUT_p_TCGAb_319_20_21_22_NSP_GenomeWideSNP_6_H04_1365076	10	24378054	37813590	9342	0.2307
SHOUT_p_TCGAb_319_20_21_22_NSP_GenomeWideSNP_6_H04_1365076	10	37821765	37821989	4	-0.863
SHOUT_p_TCGAb_319_20_21_22_NSP_GenomeWideSNP_6_H04_1365076	10	37825489	45728620	2724	0.2354
SHOUT_p_TCGAb_319_20_21_22_NSP_GenomeWideSNP_6_H04_1365076	10	45729591	45730645	2	-1.1851
SHOUT_p_TCGAb_319_20_21_22_NSP_GenomeWideSNP_6_H04_1365076	10	45731683	46691480	254	0.2395
SHOUT_p_TCGAb_319_20_21_22_NSP_GenomeWideSNP_6_H04_1365076	10	46917315	47055654	79	-0.1779
SHOUT_p_TCGAb_319_20_21_22_NSP_GenomeWideSNP_6_H04_1365076	10	47055711	47059821	23	0.5786
SHOUT_p_TCGAb_319_20_21_22_NSP_GenomeWideSNP_6_H04_1365076	10	47062311	47102909	35	-0.2754
SHOUT_p_TCGAb_319_20_21_22_NSP_GenomeWideSNP_6_H04_1365076	10	47102945	47109438	4	-1.1574
SHOUT_p_TCGAb_319_20_21_22_NSP_GenomeWideSNP_6_H04_1365076	10	47109547	47249587	25	-0.288
SHOUT_p_TCGAb_319_20_21_22_NSP_GenomeWideSNP_6_H04_1365076	10	47264864	47419711	8	-0.9153
SHOUT_p_TCGAb_319_20_21_22_NSP_GenomeWideSNP_6_H04_1365076	10	47541189	48045579	203	0.2098
SHOUT_p_TCGAb_319_20_21_22_NSP_GenomeWideSNP_6_H04_1365076	10	48117203	48179770	2	-1.7177
SHOUT_p_TCGAb_319_20_21_22_NSP_GenomeWideSNP_6_H04_1365076	10	48301657	54542777	3741	0.247
SHOUT_p_TCGAb_319_20_21_22_NSP_GenomeWideSNP_6_H04_1365076	10	54544561	54549329	8	-1.1507
SHOUT_p_TCGAb_319_20_21_22_NSP_GenomeWideSNP_6_H04_1365076	10	54552805	67306079	9030	0.2403
SHOUT_p_TCGAb_319_20_21_22_NSP_GenomeWideSNP_6_H04_1365076	10	67306158	67314446	30	0.5703
SHOUT_p_TCGAb_319_20_21_22_NSP_GenomeWideSNP_6_H04_1365076	10	67322795	70836114	2256	0.2315
SHOUT_p_TCGAb_319_20_21_22_NSP_GenomeWideSNP_6_H04_1365076	10	70842023	71312023	326	0.7066
SHOUT_p_TCGAb_319_20_21_22_NSP_GenomeWideSNP_6_H04_1365076	10	71312821	71312949	2	-1.5743
SHOUT_p_TCGAb_319_20_21_22_NSP_GenomeWideSNP_6_H04_1365076	10	71317482	71511904	184	0.7295
SHOUT_p_TCGAb_319_20_21_22_NSP_GenomeWideSNP_6_H04_1365076	10	71513647	71581783	85	0.5142
SHOUT_p_TCGAb_319_20_21_22_NSP_GenomeWideSNP_6_H04_1365076	10	71582455	88975520	11622	0.2408
SHOUT_p_TCGAb_319_20_21_22_NSP_GenomeWideSNP_6_H04_1365076	10	88976597	89112893	21	0.6474
SHOUT_p_TCGAb_319_20_21_22_NSP_GenomeWideSNP_6_H04_1365076	10	89117300	96865301	5043	0.231
SHOUT_p_TCGAb_319_20_21_22_NSP_GenomeWideSNP_6_H04_1365076	10	96869063	96869706	6	-0.5602
SHOUT_p_TCGAb_319_20_21_22_NSP_GenomeWideSNP_6_H04_1365076	10	96875714	107056279	6190	0.2368
SHOUT_p_TCGAb_319_20_21_22_NSP_GenomeWideSNP_6_H04_1365076	10	107057038	107059170	3	-0.7852
SHOUT_p_TCGAb_319_20_21_22_NSP_GenomeWideSNP_6_H04_1365076	10	107062476	122771061	11233	0.2466
SHOUT_p_TCGAb_319_20_21_22_NSP_GenomeWideSNP_6_H04_1365076	10	122771258	122789564	17	-0.2838
SHOUT_p_TCGAb_319_20_21_22_NSP_GenomeWideSNP_6_H04_1365076	10	122789818	127889708	3916	0.2571
SHOUT_p_TCGAb_319_20_21_22_NSP_GenomeWideSNP_6_H04_1365076	10	127890323	127895219	4	-0.9331
SHOUT_p_TCGAb_319_20_21_22_NSP_GenomeWideSNP_6_H04_1365076	10	127900300	134742111	5097	0.2572
SHOUT_p_TCGAb_319_20_21_22_NSP_GenomeWideSNP_6_H04_1365076	10	134746336	134746974	2	-1.1999
SHOUT_p_TCGAb_319_20_21_22_NSP_GenomeWideSNP_6_H04_1365076	10	134748109	135506704	314	0.1877
SHOUT_p_TCGAb_319_20_21_22_NSP_GenomeWideSNP_6_H04_1365076	11	198510	500353	119	-0.6901
SHOUT_p_TCGAb_319_20_21_22_NSP_GenomeWideSNP_6_H04_1365076	11	502217	515931	2	-2.91
SHOUT_p_TCGAb_319_20_21_22_NSP_GenomeWideSNP_6_H04_1365076	11	516520	4239054	1656	-0.5651
SHOUT_p_TCGAb_319_20_21_22_NSP_GenomeWideSNP_6_H04_1365076	11	4250013	4319714	24	0.217
SHOUT_p_TCGAb_319_20_21_22_NSP_GenomeWideSNP_6_H04_1365076	11	4328172	4967650	661	-0.5464
SHOUT_p_TCGAb_319_20_21_22_NSP_GenomeWideSNP_6_H04_1365076	11	4968117	4976907	43	0.6005
SHOUT_p_TCGAb_319_20_21_22_NSP_GenomeWideSNP_6_H04_1365076	11	4977011	5201897	187	-0.5517
SHOUT_p_TCGAb_319_20_21_22_NSP_GenomeWideSNP_6_H04_1365076	11	5208018	5208499	5	0.524
SHOUT_p_TCGAb_319_20_21_22_NSP_GenomeWideSNP_6_H04_1365076	11	5209370	5783923	589	-0.5526
SHOUT_p_TCGAb_319_20_21_22_NSP_GenomeWideSNP_6_H04_1365076	11	5787405	5809139	33	-0.1247
SHOUT_p_TCGAb_319_20_21_22_NSP_GenomeWideSNP_6_H04_1365076	11	5809338	18698751	9196	-0.5579
SHOUT_p_TCGAb_319_20_21_22_NSP_GenomeWideSNP_6_H04_1365076	11	18704862	18777171	46	-0.1304
SHOUT_p_TCGAb_319_20_21_22_NSP_GenomeWideSNP_6_H04_1365076	11	18781866	20316193	1449	0.3072
SHOUT_p_TCGAb_319_20_21_22_NSP_GenomeWideSNP_6_H04_1365076	11	20316215	20331754	20	-0.6317
SHOUT_p_TCGAb_319_20_21_22_NSP_GenomeWideSNP_6_H04_1365076	11	20334895	20821623	402	-0.0865
SHOUT_p_TCGAb_319_20_21_22_NSP_GenomeWideSNP_6_H04_1365076	11	20831600	20856721	30	-0.6139
SHOUT_p_TCGAb_319_20_21_22_NSP_GenomeWideSNP_6_H04_1365076	11	20864831	21284358	465	0.5782
SHOUT_p_TCGAb_319_20_21_22_NSP_GenomeWideSNP_6_H04_1365076	11	21285045	21855970	452	0.1835
SHOUT_p_TCGAb_319_20_21_22_NSP_GenomeWideSNP_6_H04_1365076	11	21861178	22002109	100	0.738
SHOUT_p_TCGAb_319_20_21_22_NSP_GenomeWideSNP_6_H04_1365076	11	22006041	22370869	199	0.2314
SHOUT_p_TCGAb_319_20_21_22_NSP_GenomeWideSNP_6_H04_1365076	11	22374430	22554622	150	0.7178
SHOUT_p_TCGAb_319_20_21_22_NSP_GenomeWideSNP_6_H04_1365076	11	22555368	22684500	100	0.2649
SHOUT_p_TCGAb_319_20_21_22_NSP_GenomeWideSNP_6_H04_1365076	11	22685072	22690322	3	0.5919
SHOUT_p_TCGAb_319_20_21_22_NSP_GenomeWideSNP_6_H04_1365076	11	22693436	23088775	294	-0.5715
SHOUT_p_TCGAb_319_20_21_22_NSP_GenomeWideSNP_6_H04_1365076	11	23093687	23262188	148	-0.1221
SHOUT_p_TCGAb_319_20_21_22_NSP_GenomeWideSNP_6_H04_1365076	11	23262735	24188777	606	-0.5553
SHOUT_p_TCGAb_319_20_21_22_NSP_GenomeWideSNP_6_H04_1365076	11	24197954	24450257	161	0.2719
SHOUT_p_TCGAb_319_20_21_22_NSP_GenomeWideSNP_6_H04_1365076	11	24455176	24482873	15	-0.4652
SHOUT_p_TCGAb_319_20_21_22_NSP_GenomeWideSNP_6_H04_1365076	11	24483140	24599805	111	-0.0656
SHOUT_p_TCGAb_319_20_21_22_NSP_GenomeWideSNP_6_H04_1365076	11	24599878	25161275	408	0.281
SHOUT_p_TCGAb_319_20_21_22_NSP_GenomeWideSNP_6_H04_1365076	11	25162545	25296993	120	0.0053
SHOUT_p_TCGAb_319_20_21_22_NSP_GenomeWideSNP_6_H04_1365076	11	25306213	25425832	98	-0.5506
SHOUT_p_TCGAb_319_20_21_22_NSP_GenomeWideSNP_6_H04_1365076	11	25426060	25515009	51	0.2995
SHOUT_p_TCGAb_319_20_21_22_NSP_GenomeWideSNP_6_H04_1365076	11	25517299	25702237	154	-0.4998
SHOUT_p_TCGAb_319_20_21_22_NSP_GenomeWideSNP_6_H04_1365076	11	25702333	25718924	25	-1.3734
SHOUT_p_TCGAb_319_20_21_22_NSP_GenomeWideSNP_6_H04_1365076	11	25718981	27760725	1515	-0.5633
SHOUT_p_TCGAb_319_20_21_22_NSP_GenomeWideSNP_6_H04_1365076	11	27764496	28012211	157	-0.0536
SHOUT_p_TCGAb_319_20_21_22_NSP_GenomeWideSNP_6_H04_1365076	11	28012596	28161890	73	-0.5409
SHOUT_p_TCGAb_319_20_21_22_NSP_GenomeWideSNP_6_H04_1365076	11	28165152	28820888	341	-0.0794
SHOUT_p_TCGAb_319_20_21_22_NSP_GenomeWideSNP_6_H04_1365076	11	28831050	29052480	157	-0.5428
SHOUT_p_TCGAb_319_20_21_22_NSP_GenomeWideSNP_6_H04_1365076	11	29053984	29774810	459	0.2831
SHOUT_p_TCGAb_319_20_21_22_NSP_GenomeWideSNP_6_H04_1365076	11	29776185	30326473	337	0.5162
SHOUT_p_TCGAb_319_20_21_22_NSP_GenomeWideSNP_6_H04_1365076	11	30327444	31315532	663	-0.065
SHOUT_p_TCGAb_319_20_21_22_NSP_GenomeWideSNP_6_H04_1365076	11	31325263	31790342	222	0.2739
SHOUT_p_TCGAb_319_20_21_22_NSP_GenomeWideSNP_6_H04_1365076	11	31792729	31814689	20	0.6009
SHOUT_p_TCGAb_319_20_21_22_NSP_GenomeWideSNP_6_H04_1365076	11	31822658	32037888	152	0.3015
SHOUT_p_TCGAb_319_20_21_22_NSP_GenomeWideSNP_6_H04_1365076	11	32039609	32864910	648	-0.0831
SHOUT_p_TCGAb_319_20_21_22_NSP_GenomeWideSNP_6_H04_1365076	11	32871485	32899352	16	0.9045
SHOUT_p_TCGAb_319_20_21_22_NSP_GenomeWideSNP_6_H04_1365076	11	32899941	33161161	133	1.1823
SHOUT_p_TCGAb_319_20_21_22_NSP_GenomeWideSNP_6_H04_1365076	11	33166062	33480641	155	0.8886
SHOUT_p_TCGAb_319_20_21_22_NSP_GenomeWideSNP_6_H04_1365076	11	33480909	33705284	161	-0.0965
SHOUT_p_TCGAb_319_20_21_22_NSP_GenomeWideSNP_6_H04_1365076	11	33705928	34003222	238	-0.5707
SHOUT_p_TCGAb_319_20_21_22_NSP_GenomeWideSNP_6_H04_1365076	11	34006242	34634659	528	0.1968
SHOUT_p_TCGAb_319_20_21_22_NSP_GenomeWideSNP_6_H04_1365076	11	34635451	35259191	585	0.5188
SHOUT_p_TCGAb_319_20_21_22_NSP_GenomeWideSNP_6_H04_1365076	11	35259407	35363885	108	0.2312
SHOUT_p_TCGAb_319_20_21_22_NSP_GenomeWideSNP_6_H04_1365076	11	35366174	35369740	9	-0.5686
SHOUT_p_TCGAb_319_20_21_22_NSP_GenomeWideSNP_6_H04_1365076	11	35372120	35439816	72	0.1932
SHOUT_p_TCGAb_319_20_21_22_NSP_GenomeWideSNP_6_H04_1365076	11	35442392	35472812	26	0.66
SHOUT_p_TCGAb_319_20_21_22_NSP_GenomeWideSNP_6_H04_1365076	11	35475090	36271066	661	-0.5817
SHOUT_p_TCGAb_319_20_21_22_NSP_GenomeWideSNP_6_H04_1365076	11	36275074	36284610	16	0.1954
SHOUT_p_TCGAb_319_20_21_22_NSP_GenomeWideSNP_6_H04_1365076	11	36286244	36369605	68	-0.583
SHOUT_p_TCGAb_319_20_21_22_NSP_GenomeWideSNP_6_H04_1365076	11	36375645	36638604	193	-0.0971
SHOUT_p_TCGAb_319_20_21_22_NSP_GenomeWideSNP_6_H04_1365076	11	36638932	37310379	524	-0.5546
SHOUT_p_TCGAb_319_20_21_22_NSP_GenomeWideSNP_6_H04_1365076	11	37321370	37380108	45	0.2766
SHOUT_p_TCGAb_319_20_21_22_NSP_GenomeWideSNP_6_H04_1365076	11	37380312	37385423	4	1.088
SHOUT_p_TCGAb_319_20_21_22_NSP_GenomeWideSNP_6_H04_1365076	11	37385694	37544925	74	0.2408
SHOUT_p_TCGAb_319_20_21_22_NSP_GenomeWideSNP_6_H04_1365076	11	37545518	38094393	337	-0.0641
SHOUT_p_TCGAb_319_20_21_22_NSP_GenomeWideSNP_6_H04_1365076	11	38101191	39087592	580	0.2267
SHOUT_p_TCGAb_319_20_21_22_NSP_GenomeWideSNP_6_H04_1365076	11	39087724	39554541	243	-0.0895
SHOUT_p_TCGAb_319_20_21_22_NSP_GenomeWideSNP_6_H04_1365076	11	39557130	39667217	52	0.2483
SHOUT_p_TCGAb_319_20_21_22_NSP_GenomeWideSNP_6_H04_1365076	11	39669450	39876405	178	-0.0779
SHOUT_p_TCGAb_319_20_21_22_NSP_GenomeWideSNP_6_H04_1365076	11	39879804	40070407	113	-0.5946
SHOUT_p_TCGAb_319_20_21_22_NSP_GenomeWideSNP_6_H04_1365076	11	40071023	40156683	67	0.244
SHOUT_p_TCGAb_319_20_21_22_NSP_GenomeWideSNP_6_H04_1365076	11	40159515	40541091	271	-0.1035
SHOUT_p_TCGAb_319_20_21_22_NSP_GenomeWideSNP_6_H04_1365076	11	40551744	40586751	40	-0.5745
SHOUT_p_TCGAb_319_20_21_22_NSP_GenomeWideSNP_6_H04_1365076	11	40590176	40615168	21	0.8369
SHOUT_p_TCGAb_319_20_21_22_NSP_GenomeWideSNP_6_H04_1365076	11	40615445	40660824	43	1.1721
SHOUT_p_TCGAb_319_20_21_22_NSP_GenomeWideSNP_6_H04_1365076	11	40663358	40777007	60	0.7413
SHOUT_p_TCGAb_319_20_21_22_NSP_GenomeWideSNP_6_H04_1365076	11	40779644	41071601	223	-0.1018
SHOUT_p_TCGAb_319_20_21_22_NSP_GenomeWideSNP_6_H04_1365076	11	41072492	41883445	590	0.2031
SHOUT_p_TCGAb_319_20_21_22_NSP_GenomeWideSNP_6_H04_1365076	11	41884888	41893898	12	0.5937
SHOUT_p_TCGAb_319_20_21_22_NSP_GenomeWideSNP_6_H04_1365076	11	41897857	42041864	100	0.2056
SHOUT_p_TCGAb_319_20_21_22_NSP_GenomeWideSNP_6_H04_1365076	11	42044321	42046806	3	0.8527
SHOUT_p_TCGAb_319_20_21_22_NSP_GenomeWideSNP_6_H04_1365076	11	42047336	42139303	59	0.2306
SHOUT_p_TCGAb_319_20_21_22_NSP_GenomeWideSNP_6_H04_1365076	11	42141902	45033747	2127	-0.5828
SHOUT_p_TCGAb_319_20_21_22_NSP_GenomeWideSNP_6_H04_1365076	11	45037864	46181609	712	0.218
SHOUT_p_TCGAb_319_20_21_22_NSP_GenomeWideSNP_6_H04_1365076	11	46187583	46292055	54	0.7217
SHOUT_p_TCGAb_319_20_21_22_NSP_GenomeWideSNP_6_H04_1365076	11	46297631	46981177	277	0.1875
SHOUT_p_TCGAb_319_20_21_22_NSP_GenomeWideSNP_6_H04_1365076	11	46992374	47120209	37	-0.1615
SHOUT_p_TCGAb_319_20_21_22_NSP_GenomeWideSNP_6_H04_1365076	11	47125141	47334524	79	0.1801
SHOUT_p_TCGAb_319_20_21_22_NSP_GenomeWideSNP_6_H04_1365076	11	47336320	47367611	13	0.6282
SHOUT_p_TCGAb_319_20_21_22_NSP_GenomeWideSNP_6_H04_1365076	11	47374575	47393303	9	0.0811
SHOUT_p_TCGAb_319_20_21_22_NSP_GenomeWideSNP_6_H04_1365076	11	47393638	47505574	42	0.7275
SHOUT_p_TCGAb_319_20_21_22_NSP_GenomeWideSNP_6_H04_1365076	11	47507430	48742173	588	0.2984
SHOUT_p_TCGAb_319_20_21_22_NSP_GenomeWideSNP_6_H04_1365076	11	48744425	49449727	270	-0.4832
SHOUT_p_TCGAb_319_20_21_22_NSP_GenomeWideSNP_6_H04_1365076	11	49449896	49561839	45	0.1592
SHOUT_p_TCGAb_319_20_21_22_NSP_GenomeWideSNP_6_H04_1365076	11	49565964	49576067	6	0.6919
SHOUT_p_TCGAb_319_20_21_22_NSP_GenomeWideSNP_6_H04_1365076	11	49580690	50115682	268	0.3351
SHOUT_p_TCGAb_319_20_21_22_NSP_GenomeWideSNP_6_H04_1365076	11	50118110	50769317	189	-0.4592
SHOUT_p_TCGAb_319_20_21_22_NSP_GenomeWideSNP_6_H04_1365076	11	51096372	51216574	18	1.3282
SHOUT_p_TCGAb_319_20_21_22_NSP_GenomeWideSNP_6_H04_1365076	11	51216597	51511681	115	0.8744
SHOUT_p_TCGAb_319_20_21_22_NSP_GenomeWideSNP_6_H04_1365076	11	51512660	51564427	15	0.2105
SHOUT_p_TCGAb_319_20_21_22_NSP_GenomeWideSNP_6_H04_1365076	11	54701645	54794679	6	1.0533
SHOUT_p_TCGAb_319_20_21_22_NSP_GenomeWideSNP_6_H04_1365076	11	54826813	55526647	344	-0.0157
SHOUT_p_TCGAb_319_20_21_22_NSP_GenomeWideSNP_6_H04_1365076	11	55533107	56921845	950	-0.5413
SHOUT_p_TCGAb_319_20_21_22_NSP_GenomeWideSNP_6_H04_1365076	11	56922268	56922271	2	-2.2616
SHOUT_p_TCGAb_319_20_21_22_NSP_GenomeWideSNP_6_H04_1365076	11	56923189	57219089	187	-0.5667
SHOUT_p_TCGAb_319_20_21_22_NSP_GenomeWideSNP_6_H04_1365076	11	57222540	57344159	47	0.2108
SHOUT_p_TCGAb_319_20_21_22_NSP_GenomeWideSNP_6_H04_1365076	11	57344276	57613612	119	0.4733
SHOUT_p_TCGAb_319_20_21_22_NSP_GenomeWideSNP_6_H04_1365076	11	57614903	58211609	412	-0.0887
SHOUT_p_TCGAb_319_20_21_22_NSP_GenomeWideSNP_6_H04_1365076	11	58216511	58681370	225	-0.5425
SHOUT_p_TCGAb_319_20_21_22_NSP_GenomeWideSNP_6_H04_1365076	11	58685134	59231689	324	0.2003
SHOUT_p_TCGAb_319_20_21_22_NSP_GenomeWideSNP_6_H04_1365076	11	59235076	59235618	2	-0.9332
SHOUT_p_TCGAb_319_20_21_22_NSP_GenomeWideSNP_6_H04_1365076	11	59236770	59304100	43	0.1797
SHOUT_p_TCGAb_319_20_21_22_NSP_GenomeWideSNP_6_H04_1365076	11	59306147	59460699	62	-0.4953
SHOUT_p_TCGAb_319_20_21_22_NSP_GenomeWideSNP_6_H04_1365076	11	59463045	59561467	75	-0.1316
SHOUT_p_TCGAb_319_20_21_22_NSP_GenomeWideSNP_6_H04_1365076	11	59565056	59821378	149	-0.5353
SHOUT_p_TCGAb_319_20_21_22_NSP_GenomeWideSNP_6_H04_1365076	11	59824211	60162387	256	0.5161
SHOUT_p_TCGAb_319_20_21_22_NSP_GenomeWideSNP_6_H04_1365076	11	60163635	60264322	77	1.0405
SHOUT_p_TCGAb_319_20_21_22_NSP_GenomeWideSNP_6_H04_1365076	11	60267770	60504385	115	0.4721
SHOUT_p_TCGAb_319_20_21_22_NSP_GenomeWideSNP_6_H04_1365076	11	60508898	60965476	308	-0.5931
SHOUT_p_TCGAb_319_20_21_22_NSP_GenomeWideSNP_6_H04_1365076	11	60984460	61029983	14	0.1194
SHOUT_p_TCGAb_319_20_21_22_NSP_GenomeWideSNP_6_H04_1365076	11	61033227	61570783	224	0.9109
SHOUT_p_TCGAb_319_20_21_22_NSP_GenomeWideSNP_6_H04_1365076	11	61571348	61810932	141	0.0037
SHOUT_p_TCGAb_319_20_21_22_NSP_GenomeWideSNP_6_H04_1365076	11	61812095	62221289	285	-0.5808
SHOUT_p_TCGAb_319_20_21_22_NSP_GenomeWideSNP_6_H04_1365076	11	62223842	62252142	15	0.1921
SHOUT_p_TCGAb_319_20_21_22_NSP_GenomeWideSNP_6_H04_1365076	11	62254704	62448576	73	-0.6334
SHOUT_p_TCGAb_319_20_21_22_NSP_GenomeWideSNP_6_H04_1365076	11	62456325	62578206	59	0.4293
SHOUT_p_TCGAb_319_20_21_22_NSP_GenomeWideSNP_6_H04_1365076	11	62581456	62615285	19	-0.4972
SHOUT_p_TCGAb_319_20_21_22_NSP_GenomeWideSNP_6_H04_1365076	11	62617311	62837116	110	0.1958
SHOUT_p_TCGAb_319_20_21_22_NSP_GenomeWideSNP_6_H04_1365076	11	62838069	62889800	29	0.5519
SHOUT_p_TCGAb_319_20_21_22_NSP_GenomeWideSNP_6_H04_1365076	11	62890494	63279752	252	-0.0968
SHOUT_p_TCGAb_319_20_21_22_NSP_GenomeWideSNP_6_H04_1365076	11	63279839	63371720	43	-0.5026
SHOUT_p_TCGAb_319_20_21_22_NSP_GenomeWideSNP_6_H04_1365076	11	63372920	63373468	2	-2.2434
SHOUT_p_TCGAb_319_20_21_22_NSP_GenomeWideSNP_6_H04_1365076	11	63373471	63944688	206	-0.5632
SHOUT_p_TCGAb_319_20_21_22_NSP_GenomeWideSNP_6_H04_1365076	11	63960736	64010244	14	0.2978
SHOUT_p_TCGAb_319_20_21_22_NSP_GenomeWideSNP_6_H04_1365076	11	64025854	64488054	205	-0.5794
SHOUT_p_TCGAb_319_20_21_22_NSP_GenomeWideSNP_6_H04_1365076	11	64491744	64913368	137	0.1644
SHOUT_p_TCGAb_319_20_21_22_NSP_GenomeWideSNP_6_H04_1365076	11	64921523	65191208	98	0.6521
SHOUT_p_TCGAb_319_20_21_22_NSP_GenomeWideSNP_6_H04_1365076	11	65193558	65211505	13	-0.1075
SHOUT_p_TCGAb_319_20_21_22_NSP_GenomeWideSNP_6_H04_1365076	11	65212395	65257456	22	0.6812
SHOUT_p_TCGAb_319_20_21_22_NSP_GenomeWideSNP_6_H04_1365076	11	65258917	65372518	41	-0.0495
SHOUT_p_TCGAb_319_20_21_22_NSP_GenomeWideSNP_6_H04_1365076	11	65382564	65802478	191	-0.5568
SHOUT_p_TCGAb_319_20_21_22_NSP_GenomeWideSNP_6_H04_1365076	11	65804968	65855947	31	-0.1891
SHOUT_p_TCGAb_319_20_21_22_NSP_GenomeWideSNP_6_H04_1365076	11	65856145	66570595	262	0.1661
SHOUT_p_TCGAb_319_20_21_22_NSP_GenomeWideSNP_6_H04_1365076	11	66573273	66586204	9	0.5678
SHOUT_p_TCGAb_319_20_21_22_NSP_GenomeWideSNP_6_H04_1365076	11	66595060	66622350	8	-0.4547
SHOUT_p_TCGAb_319_20_21_22_NSP_GenomeWideSNP_6_H04_1365076	11	66641072	67027543	150	0.5303
SHOUT_p_TCGAb_319_20_21_22_NSP_GenomeWideSNP_6_H04_1365076	11	67031556	67093860	25	0.174
SHOUT_p_TCGAb_319_20_21_22_NSP_GenomeWideSNP_6_H04_1365076	11	67098791	67227541	47	0.6284
SHOUT_p_TCGAb_319_20_21_22_NSP_GenomeWideSNP_6_H04_1365076	11	67231889	67321674	34	0.2513
SHOUT_p_TCGAb_319_20_21_22_NSP_GenomeWideSNP_6_H04_1365076	11	67324002	67381293	21	0.642
SHOUT_p_TCGAb_319_20_21_22_NSP_GenomeWideSNP_6_H04_1365076	11	67391655	67548143	63	0.197
SHOUT_p_TCGAb_319_20_21_22_NSP_GenomeWideSNP_6_H04_1365076	11	67549091	67931061	131	-0.4807
SHOUT_p_TCGAb_319_20_21_22_NSP_GenomeWideSNP_6_H04_1365076	11	67931761	68207933	125	0.1792
SHOUT_p_TCGAb_319_20_21_22_NSP_GenomeWideSNP_6_H04_1365076	11	68211620	68719598	247	-0.6004
SHOUT_p_TCGAb_319_20_21_22_NSP_GenomeWideSNP_6_H04_1365076	11	68720011	69838999	626	0.4974
SHOUT_p_TCGAb_319_20_21_22_NSP_GenomeWideSNP_6_H04_1365076	11	69839317	69873933	33	1.123
SHOUT_p_TCGAb_319_20_21_22_NSP_GenomeWideSNP_6_H04_1365076	11	69873977	71002410	663	0.5004
SHOUT_p_TCGAb_319_20_21_22_NSP_GenomeWideSNP_6_H04_1365076	11	71013215	71424451	274	-0.5914
SHOUT_p_TCGAb_319_20_21_22_NSP_GenomeWideSNP_6_H04_1365076	11	71425995	71719403	116	0.1754
SHOUT_p_TCGAb_319_20_21_22_NSP_GenomeWideSNP_6_H04_1365076	11	71720940	71863778	81	-0.5086
SHOUT_p_TCGAb_319_20_21_22_NSP_GenomeWideSNP_6_H04_1365076	11	71867167	71991109	45	0.1701
SHOUT_p_TCGAb_319_20_21_22_NSP_GenomeWideSNP_6_H04_1365076	11	71993202	72101789	51	0.4708
SHOUT_p_TCGAb_319_20_21_22_NSP_GenomeWideSNP_6_H04_1365076	11	72102369	73572327	686	-0.5378
SHOUT_p_TCGAb_319_20_21_22_NSP_GenomeWideSNP_6_H04_1365076	11	73572947	73804040	132	-0.0789
SHOUT_p_TCGAb_319_20_21_22_NSP_GenomeWideSNP_6_H04_1365076	11	73807701	73941377	55	0.4897
SHOUT_p_TCGAb_319_20_21_22_NSP_GenomeWideSNP_6_H04_1365076	11	73948799	74481703	344	1.023
SHOUT_p_TCGAb_319_20_21_22_NSP_GenomeWideSNP_6_H04_1365076	11	74481763	74582965	76	0.6951
SHOUT_p_TCGAb_319_20_21_22_NSP_GenomeWideSNP_6_H04_1365076	11	74594655	74712724	44	1.0711
SHOUT_p_TCGAb_319_20_21_22_NSP_GenomeWideSNP_6_H04_1365076	11	74714008	74878590	100	0.7069
SHOUT_p_TCGAb_319_20_21_22_NSP_GenomeWideSNP_6_H04_1365076	11	74878886	75540768	393	1.0761
SHOUT_p_TCGAb_319_20_21_22_NSP_GenomeWideSNP_6_H04_1365076	11	75541307	75559849	15	0.3236
SHOUT_p_TCGAb_319_20_21_22_NSP_GenomeWideSNP_6_H04_1365076	11	75565258	75784920	80	0.9062
SHOUT_p_TCGAb_319_20_21_22_NSP_GenomeWideSNP_6_H04_1365076	11	75796819	76368327	321	0.4893
SHOUT_p_TCGAb_319_20_21_22_NSP_GenomeWideSNP_6_H04_1365076	11	76370004	76588297	160	1.2181
SHOUT_p_TCGAb_319_20_21_22_NSP_GenomeWideSNP_6_H04_1365076	11	76592630	77239695	330	0.7566
SHOUT_p_TCGAb_319_20_21_22_NSP_GenomeWideSNP_6_H04_1365076	11	77239978	77628291	190	1.0943
SHOUT_p_TCGAb_319_20_21_22_NSP_GenomeWideSNP_6_H04_1365076	11	77640847	78910058	883	0.287
SHOUT_p_TCGAb_319_20_21_22_NSP_GenomeWideSNP_6_H04_1365076	11	78911289	78945216	30	-0.1511
SHOUT_p_TCGAb_319_20_21_22_NSP_GenomeWideSNP_6_H04_1365076	11	78950482	78985973	32	0.3792
SHOUT_p_TCGAb_319_20_21_22_NSP_GenomeWideSNP_6_H04_1365076	11	78986758	79423497	389	-0.5894
SHOUT_p_TCGAb_319_20_21_22_NSP_GenomeWideSNP_6_H04_1365076	11	79428941	80002675	435	-0.1033
SHOUT_p_TCGAb_319_20_21_22_NSP_GenomeWideSNP_6_H04_1365076	11	80004464	80809052	609	-0.5436
SHOUT_p_TCGAb_319_20_21_22_NSP_GenomeWideSNP_6_H04_1365076	11	80810271	82310197	1229	-0.0916
SHOUT_p_TCGAb_319_20_21_22_NSP_GenomeWideSNP_6_H04_1365076	11	82310661	82820319	316	-0.5801
SHOUT_p_TCGAb_319_20_21_22_NSP_GenomeWideSNP_6_H04_1365076	11	82823967	83065931	136	-0.0924
SHOUT_p_TCGAb_319_20_21_22_NSP_GenomeWideSNP_6_H04_1365076	11	83065971	83192355	69	0.2742
SHOUT_p_TCGAb_319_20_21_22_NSP_GenomeWideSNP_6_H04_1365076	11	83193615	84026061	589	-0.1138
SHOUT_p_TCGAb_319_20_21_22_NSP_GenomeWideSNP_6_H04_1365076	11	84027768	84033935	6	0.6681
SHOUT_p_TCGAb_319_20_21_22_NSP_GenomeWideSNP_6_H04_1365076	11	84039559	84391899	217	-0.0799
SHOUT_p_TCGAb_319_20_21_22_NSP_GenomeWideSNP_6_H04_1365076	11	84394431	91830489	4845	-0.5396
SHOUT_p_TCGAb_319_20_21_22_NSP_GenomeWideSNP_6_H04_1365076	11	91830658	91831043	2	1.4773
SHOUT_p_TCGAb_319_20_21_22_NSP_GenomeWideSNP_6_H04_1365076	11	91832704	91885286	56	-0.5587
SHOUT_p_TCGAb_319_20_21_22_NSP_GenomeWideSNP_6_H04_1365076	11	91885496	91885568	2	-2.6135
SHOUT_p_TCGAb_319_20_21_22_NSP_GenomeWideSNP_6_H04_1365076	11	91889373	92963966	814	-0.5371
SHOUT_p_TCGAb_319_20_21_22_NSP_GenomeWideSNP_6_H04_1365076	11	92965312	92971757	4	-1.6562
SHOUT_p_TCGAb_319_20_21_22_NSP_GenomeWideSNP_6_H04_1365076	11	92972435	97870366	3437	-0.544
SHOUT_p_TCGAb_319_20_21_22_NSP_GenomeWideSNP_6_H04_1365076	11	97871100	97871998	2	-2.9679
SHOUT_p_TCGAb_319_20_21_22_NSP_GenomeWideSNP_6_H04_1365076	11	97872029	133817472	25835	-0.5624
SHOUT_p_TCGAb_319_20_21_22_NSP_GenomeWideSNP_6_H04_1365076	11	133817656	133818097	2	1.5007
SHOUT_p_TCGAb_319_20_21_22_NSP_GenomeWideSNP_6_H04_1365076	11	133819442	134944770	836	-0.5924
SHOUT_p_TCGAb_319_20_21_22_NSP_GenomeWideSNP_6_H04_1365076	12	150442	664059	293	0.1864
SHOUT_p_TCGAb_319_20_21_22_NSP_GenomeWideSNP_6_H04_1365076	12	664487	681730	25	-0.6212
SHOUT_p_TCGAb_319_20_21_22_NSP_GenomeWideSNP_6_H04_1365076	12	682626	8556693	5302	0.2441
SHOUT_p_TCGAb_319_20_21_22_NSP_GenomeWideSNP_6_H04_1365076	12	8558488	8558813	4	1.7027
SHOUT_p_TCGAb_319_20_21_22_NSP_GenomeWideSNP_6_H04_1365076	12	8559105	18006149	6363	0.2349
SHOUT_p_TCGAb_319_20_21_22_NSP_GenomeWideSNP_6_H04_1365076	12	18014619	18174203	80	0.535
SHOUT_p_TCGAb_319_20_21_22_NSP_GenomeWideSNP_6_H04_1365076	12	18174785	18810678	392	0.2468
SHOUT_p_TCGAb_319_20_21_22_NSP_GenomeWideSNP_6_H04_1365076	12	18813163	18813177	2	-1.5495
SHOUT_p_TCGAb_319_20_21_22_NSP_GenomeWideSNP_6_H04_1365076	12	18815154	33294660	10409	0.2373
SHOUT_p_TCGAb_319_20_21_22_NSP_GenomeWideSNP_6_H04_1365076	12	33301406	33308360	28	0.664
SHOUT_p_TCGAb_319_20_21_22_NSP_GenomeWideSNP_6_H04_1365076	12	33308387	33386757	45	0.2137
SHOUT_p_TCGAb_319_20_21_22_NSP_GenomeWideSNP_6_H04_1365076	12	33388829	33395142	4	-2.0119
SHOUT_p_TCGAb_319_20_21_22_NSP_GenomeWideSNP_6_H04_1365076	12	33395418	45899825	5575	0.2357
SHOUT_p_TCGAb_319_20_21_22_NSP_GenomeWideSNP_6_H04_1365076	12	45904438	45909537	4	1.3308
SHOUT_p_TCGAb_319_20_21_22_NSP_GenomeWideSNP_6_H04_1365076	12	45913292	84163187	23641	0.2322
SHOUT_p_TCGAb_319_20_21_22_NSP_GenomeWideSNP_6_H04_1365076	12	84163290	84165241	3	-1.0151
SHOUT_p_TCGAb_319_20_21_22_NSP_GenomeWideSNP_6_H04_1365076	12	84165279	90483350	3629	0.2334
SHOUT_p_TCGAb_319_20_21_22_NSP_GenomeWideSNP_6_H04_1365076	12	90491669	90492074	7	0.9834
SHOUT_p_TCGAb_319_20_21_22_NSP_GenomeWideSNP_6_H04_1365076	12	90493557	99415509	6223	0.2288
SHOUT_p_TCGAb_319_20_21_22_NSP_GenomeWideSNP_6_H04_1365076	12	99416729	99458282	26	-0.1322
SHOUT_p_TCGAb_319_20_21_22_NSP_GenomeWideSNP_6_H04_1365076	12	99459082	127125380	18033	0.235
SHOUT_p_TCGAb_319_20_21_22_NSP_GenomeWideSNP_6_H04_1365076	12	127125744	127130492	2	2.2009
SHOUT_p_TCGAb_319_20_21_22_NSP_GenomeWideSNP_6_H04_1365076	12	127131040	129520927	2136	0.2501
SHOUT_p_TCGAb_319_20_21_22_NSP_GenomeWideSNP_6_H04_1365076	12	129528587	129543694	16	0.8677
SHOUT_p_TCGAb_319_20_21_22_NSP_GenomeWideSNP_6_H04_1365076	12	129547125	133778189	2820	0.2413
SHOUT_p_TCGAb_319_20_21_22_NSP_GenomeWideSNP_6_H04_1365076	13	19026949	20123895	567	0.2189
SHOUT_p_TCGAb_319_20_21_22_NSP_GenomeWideSNP_6_H04_1365076	13	20123910	20124516	3	1.5465
SHOUT_p_TCGAb_319_20_21_22_NSP_GenomeWideSNP_6_H04_1365076	13	20127358	25155126	3603	0.2452
SHOUT_p_TCGAb_319_20_21_22_NSP_GenomeWideSNP_6_H04_1365076	13	25163220	25173506	6	-0.633
SHOUT_p_TCGAb_319_20_21_22_NSP_GenomeWideSNP_6_H04_1365076	13	25177122	32532622	5465	0.2389
SHOUT_p_TCGAb_319_20_21_22_NSP_GenomeWideSNP_6_H04_1365076	13	32532727	32537944	14	-0.707
SHOUT_p_TCGAb_319_20_21_22_NSP_GenomeWideSNP_6_H04_1365076	13	32538094	57763290	16474	0.24
SHOUT_p_TCGAb_319_20_21_22_NSP_GenomeWideSNP_6_H04_1365076	13	57763351	57778380	27	-0.2962
SHOUT_p_TCGAb_319_20_21_22_NSP_GenomeWideSNP_6_H04_1365076	13	57789714	115108397	38132	0.2412
SHOUT_p_TCGAb_319_20_21_22_NSP_GenomeWideSNP_6_H04_1365076	14	19002124	19422533	29	0.2797
SHOUT_p_TCGAb_319_20_21_22_NSP_GenomeWideSNP_6_H04_1365076	14	19432799	20456214	179	-0.0586
SHOUT_p_TCGAb_319_20_21_22_NSP_GenomeWideSNP_6_H04_1365076	14	20456322	37335870	10999	0.2493
SHOUT_p_TCGAb_319_20_21_22_NSP_GenomeWideSNP_6_H04_1365076	14	37336522	37336635	3	1.3506
SHOUT_p_TCGAb_319_20_21_22_NSP_GenomeWideSNP_6_H04_1365076	14	37336972	74001123	23121	0.2383
SHOUT_p_TCGAb_319_20_21_22_NSP_GenomeWideSNP_6_H04_1365076	14	74006707	74020979	8	0.982
SHOUT_p_TCGAb_319_20_21_22_NSP_GenomeWideSNP_6_H04_1365076	14	74029900	106751284	20908	0.2444
SHOUT_p_TCGAb_319_20_21_22_NSP_GenomeWideSNP_6_H04_1365076	14	106753859	106753867	3	1.751
SHOUT_p_TCGAb_319_20_21_22_NSP_GenomeWideSNP_6_H04_1365076	14	106754003	106796697	18	0.3085
SHOUT_p_TCGAb_319_20_21_22_NSP_GenomeWideSNP_6_H04_1365076	14	106801355	106802053	4	-2.9347
SHOUT_p_TCGAb_319_20_21_22_NSP_GenomeWideSNP_6_H04_1365076	14	106815943	106868286	30	0.1406
SHOUT_p_TCGAb_319_20_21_22_NSP_GenomeWideSNP_6_H04_1365076	14	106868554	106918094	53	-0.3171
SHOUT_p_TCGAb_319_20_21_22_NSP_GenomeWideSNP_6_H04_1365076	14	106918108	107285437	225	0.219
SHOUT_p_TCGAb_319_20_21_22_NSP_GenomeWideSNP_6_H04_1365076	15	20016328	20180945	39	-0.2821
SHOUT_p_TCGAb_319_20_21_22_NSP_GenomeWideSNP_6_H04_1365076	15	20184101	20578421	59	-0.8775
SHOUT_p_TCGAb_319_20_21_22_NSP_GenomeWideSNP_6_H04_1365076	15	20581451	20586745	16	0.1176
SHOUT_p_TCGAb_319_20_21_22_NSP_GenomeWideSNP_6_H04_1365076	15	20586912	22042518	191	-0.941
SHOUT_p_TCGAb_319_20_21_22_NSP_GenomeWideSNP_6_H04_1365076	15	22042753	23877411	599	-0.1738
SHOUT_p_TCGAb_319_20_21_22_NSP_GenomeWideSNP_6_H04_1365076	15	23877607	24090403	175	-0.6292
SHOUT_p_TCGAb_319_20_21_22_NSP_GenomeWideSNP_6_H04_1365076	15	24091726	24674751	347	-0.1231
SHOUT_p_TCGAb_319_20_21_22_NSP_GenomeWideSNP_6_H04_1365076	15	24674887	24705910	24	0.2677
SHOUT_p_TCGAb_319_20_21_22_NSP_GenomeWideSNP_6_H04_1365076	15	24706285	24714790	9	-0.2687
SHOUT_p_TCGAb_319_20_21_22_NSP_GenomeWideSNP_6_H04_1365076	15	24714839	24730995	9	0.4172
SHOUT_p_TCGAb_319_20_21_22_NSP_GenomeWideSNP_6_H04_1365076	15	24731872	24976122	139	-0.1555
SHOUT_p_TCGAb_319_20_21_22_NSP_GenomeWideSNP_6_H04_1365076	15	24976294	25022947	31	-0.6132
SHOUT_p_TCGAb_319_20_21_22_NSP_GenomeWideSNP_6_H04_1365076	15	25026596	25545430	365	-0.1194
SHOUT_p_TCGAb_319_20_21_22_NSP_GenomeWideSNP_6_H04_1365076	15	25547158	27918623	1809	-0.584
SHOUT_p_TCGAb_319_20_21_22_NSP_GenomeWideSNP_6_H04_1365076	15	27919497	27928794	14	-1.559
SHOUT_p_TCGAb_319_20_21_22_NSP_GenomeWideSNP_6_H04_1365076	15	27929147	28516084	382	-0.6107
SHOUT_p_TCGAb_319_20_21_22_NSP_GenomeWideSNP_6_H04_1365076	15	28517180	29214733	90	-0.2543
SHOUT_p_TCGAb_319_20_21_22_NSP_GenomeWideSNP_6_H04_1365076	15	29216568	29772613	417	-0.6103
SHOUT_p_TCGAb_319_20_21_22_NSP_GenomeWideSNP_6_H04_1365076	15	29773670	33061759	1721	-0.1097
SHOUT_p_TCGAb_319_20_21_22_NSP_GenomeWideSNP_6_H04_1365076	15	33062392	33062472	2	-1.7745
SHOUT_p_TCGAb_319_20_21_22_NSP_GenomeWideSNP_6_H04_1365076	15	33064297	45737100	7955	-0.0959
SHOUT_p_TCGAb_319_20_21_22_NSP_GenomeWideSNP_6_H04_1365076	15	45737437	45748752	5	-0.9925
SHOUT_p_TCGAb_319_20_21_22_NSP_GenomeWideSNP_6_H04_1365076	15	45757083	47519119	1116	-0.0978
SHOUT_p_TCGAb_319_20_21_22_NSP_GenomeWideSNP_6_H04_1365076	15	47519545	47519554	2	1.3535
SHOUT_p_TCGAb_319_20_21_22_NSP_GenomeWideSNP_6_H04_1365076	15	47525661	65814102	12277	-0.0936
SHOUT_p_TCGAb_319_20_21_22_NSP_GenomeWideSNP_6_H04_1365076	15	65816942	65818387	3	-1.3759
SHOUT_p_TCGAb_319_20_21_22_NSP_GenomeWideSNP_6_H04_1365076	15	65822534	69329815	2293	-0.099
SHOUT_p_TCGAb_319_20_21_22_NSP_GenomeWideSNP_6_H04_1365076	15	69331285	69331360	2	1.2173
SHOUT_p_TCGAb_319_20_21_22_NSP_GenomeWideSNP_6_H04_1365076	15	69337675	73719855	2693	-0.0924
SHOUT_p_TCGAb_319_20_21_22_NSP_GenomeWideSNP_6_H04_1365076	15	73720489	73720706	2	-1.3638
SHOUT_p_TCGAb_319_20_21_22_NSP_GenomeWideSNP_6_H04_1365076	15	73722500	76364845	1255	-0.1005
SHOUT_p_TCGAb_319_20_21_22_NSP_GenomeWideSNP_6_H04_1365076	15	76366206	76373545	5	-0.9002
SHOUT_p_TCGAb_319_20_21_22_NSP_GenomeWideSNP_6_H04_1365076	15	76373626	76878362	293	-0.0916
SHOUT_p_TCGAb_319_20_21_22_NSP_GenomeWideSNP_6_H04_1365076	15	76891241	76895198	14	0.8143
SHOUT_p_TCGAb_319_20_21_22_NSP_GenomeWideSNP_6_H04_1365076	15	76895344	102469040	17686	-0.0977
SHOUT_p_TCGAb_319_20_21_22_NSP_GenomeWideSNP_6_H04_1365076	16	60777	6341292	3489	0.2288
SHOUT_p_TCGAb_319_20_21_22_NSP_GenomeWideSNP_6_H04_1365076	16	6342052	6824493	661	-0.1116
SHOUT_p_TCGAb_319_20_21_22_NSP_GenomeWideSNP_6_H04_1365076	16	6824823	6846092	23	-0.6089
SHOUT_p_TCGAb_319_20_21_22_NSP_GenomeWideSNP_6_H04_1365076	16	6846271	6916451	72	-0.095
SHOUT_p_TCGAb_319_20_21_22_NSP_GenomeWideSNP_6_H04_1365076	16	6925781	55808680	23088	0.2418
SHOUT_p_TCGAb_319_20_21_22_NSP_GenomeWideSNP_6_H04_1365076	16	55809224	55822444	10	0.9735
SHOUT_p_TCGAb_319_20_21_22_NSP_GenomeWideSNP_6_H04_1365076	16	55829557	58947475	1897	0.2328
SHOUT_p_TCGAb_319_20_21_22_NSP_GenomeWideSNP_6_H04_1365076	16	58947848	58948231	2	-1.1284
SHOUT_p_TCGAb_319_20_21_22_NSP_GenomeWideSNP_6_H04_1365076	16	58955655	74936451	9615	0.2367
SHOUT_p_TCGAb_319_20_21_22_NSP_GenomeWideSNP_6_H04_1365076	16	74937723	74937828	2	-1.0014
SHOUT_p_TCGAb_319_20_21_22_NSP_GenomeWideSNP_6_H04_1365076	16	74938083	75242729	175	0.2185
SHOUT_p_TCGAb_319_20_21_22_NSP_GenomeWideSNP_6_H04_1365076	16	75246042	75255129	7	-0.4313
SHOUT_p_TCGAb_319_20_21_22_NSP_GenomeWideSNP_6_H04_1365076	16	75255217	76493714	928	0.2184
SHOUT_p_TCGAb_319_20_21_22_NSP_GenomeWideSNP_6_H04_1365076	16	76494554	76494892	2	-0.9643
SHOUT_p_TCGAb_319_20_21_22_NSP_GenomeWideSNP_6_H04_1365076	16	76495138	78371608	1797	0.2524
SHOUT_p_TCGAb_319_20_21_22_NSP_GenomeWideSNP_6_H04_1365076	16	78372440	78385001	18	0.7701
SHOUT_p_TCGAb_319_20_21_22_NSP_GenomeWideSNP_6_H04_1365076	16	78385437	81178002	3213	0.2364
SHOUT_p_TCGAb_319_20_21_22_NSP_GenomeWideSNP_6_H04_1365076	16	81178596	81264851	102	-0.8436
SHOUT_p_TCGAb_319_20_21_22_NSP_GenomeWideSNP_6_H04_1365076	16	81266767	82374079	1004	0.2416
SHOUT_p_TCGAb_319_20_21_22_NSP_GenomeWideSNP_6_H04_1365076	16	82375482	82382163	8	-0.3924
SHOUT_p_TCGAb_319_20_21_22_NSP_GenomeWideSNP_6_H04_1365076	16	82390584	84218951	2138	0.2525
SHOUT_p_TCGAb_319_20_21_22_NSP_GenomeWideSNP_6_H04_1365076	16	84219705	84220195	4	-0.8991
SHOUT_p_TCGAb_319_20_21_22_NSP_GenomeWideSNP_6_H04_1365076	16	84220332	90287535	4160	0.241
SHOUT_p_TCGAb_319_20_21_22_NSP_GenomeWideSNP_6_H04_1365076	17	526	5028502	2640	-0.1278
SHOUT_p_TCGAb_319_20_21_22_NSP_GenomeWideSNP_6_H04_1365076	17	5029593	5307478	139	0.1796
SHOUT_p_TCGAb_319_20_21_22_NSP_GenomeWideSNP_6_H04_1365076	17	5313871	16654301	7726	-0.1059
SHOUT_p_TCGAb_319_20_21_22_NSP_GenomeWideSNP_6_H04_1365076	17	16657331	16735532	11	-0.895
SHOUT_p_TCGAb_319_20_21_22_NSP_GenomeWideSNP_6_H04_1365076	17	16738160	18319862	923	-0.0946
SHOUT_p_TCGAb_319_20_21_22_NSP_GenomeWideSNP_6_H04_1365076	17	18355392	18465221	29	0.7778
SHOUT_p_TCGAb_319_20_21_22_NSP_GenomeWideSNP_6_H04_1365076	17	18469197	39380430	9480	-0.1002
SHOUT_p_TCGAb_319_20_21_22_NSP_GenomeWideSNP_6_H04_1365076	17	39387560	39390276	4	-1.335
SHOUT_p_TCGAb_319_20_21_22_NSP_GenomeWideSNP_6_H04_1365076	17	39393769	39421708	13	-0.0639
SHOUT_p_TCGAb_319_20_21_22_NSP_GenomeWideSNP_6_H04_1365076	17	39423014	39430531	24	1.2177
SHOUT_p_TCGAb_319_20_21_22_NSP_GenomeWideSNP_6_H04_1365076	17	39432724	39517789	81	-0.0699
SHOUT_p_TCGAb_319_20_21_22_NSP_GenomeWideSNP_6_H04_1365076	17	39517851	39522495	23	-0.528
SHOUT_p_TCGAb_319_20_21_22_NSP_GenomeWideSNP_6_H04_1365076	17	39526309	41432265	1005	-0.1196
SHOUT_p_TCGAb_319_20_21_22_NSP_GenomeWideSNP_6_H04_1365076	17	41438590	41439921	3	-3.0236
SHOUT_p_TCGAb_319_20_21_22_NSP_GenomeWideSNP_6_H04_1365076	17	41443704	44505241	1535	-0.1149
SHOUT_p_TCGAb_319_20_21_22_NSP_GenomeWideSNP_6_H04_1365076	17	44523711	44523726	2	1.7589
SHOUT_p_TCGAb_319_20_21_22_NSP_GenomeWideSNP_6_H04_1365076	17	44546329	78628863	20673	-0.1041
SHOUT_p_TCGAb_319_20_21_22_NSP_GenomeWideSNP_6_H04_1365076	17	78629793	78634179	2	2.0451
SHOUT_p_TCGAb_319_20_21_22_NSP_GenomeWideSNP_6_H04_1365076	17	78634300	80652880	752	-0.112
SHOUT_p_TCGAb_319_20_21_22_NSP_GenomeWideSNP_6_H04_1365076	17	80652949	80653399	3	-1.1626
SHOUT_p_TCGAb_319_20_21_22_NSP_GenomeWideSNP_6_H04_1365076	17	80653480	81049726	206	-0.1306
SHOUT_p_TCGAb_319_20_21_22_NSP_GenomeWideSNP_6_H04_1365076	18	11543	5012395	3552	-0.1053
SHOUT_p_TCGAb_319_20_21_22_NSP_GenomeWideSNP_6_H04_1365076	18	5012433	5012917	2	-1.818
SHOUT_p_TCGAb_319_20_21_22_NSP_GenomeWideSNP_6_H04_1365076	18	5013858	14919308	6759	-0.0968
SHOUT_p_TCGAb_319_20_21_22_NSP_GenomeWideSNP_6_H04_1365076	18	14920039	14920103	2	1.446
SHOUT_p_TCGAb_319_20_21_22_NSP_GenomeWideSNP_6_H04_1365076	18	14920940	61320298	28370	-0.0897
SHOUT_p_TCGAb_319_20_21_22_NSP_GenomeWideSNP_6_H04_1365076	18	61322995	61323012	2	-2.1649
SHOUT_p_TCGAb_319_20_21_22_NSP_GenomeWideSNP_6_H04_1365076	18	61323235	63721579	1674	-0.0864
SHOUT_p_TCGAb_319_20_21_22_NSP_GenomeWideSNP_6_H04_1365076	18	63727492	63732763	14	0.4387
SHOUT_p_TCGAb_319_20_21_22_NSP_GenomeWideSNP_6_H04_1365076	18	63732807	63762300	45	-0.1042
SHOUT_p_TCGAb_319_20_21_22_NSP_GenomeWideSNP_6_H04_1365076	18	63767140	63767922	3	-2.1495
SHOUT_p_TCGAb_319_20_21_22_NSP_GenomeWideSNP_6_H04_1365076	18	63775595	64960614	777	-0.0983
SHOUT_p_TCGAb_319_20_21_22_NSP_GenomeWideSNP_6_H04_1365076	18	64960749	64967265	14	-1.088
SHOUT_p_TCGAb_319_20_21_22_NSP_GenomeWideSNP_6_H04_1365076	18	64967718	78015057	9586	-0.1062
SHOUT_p_TCGAb_319_20_21_22_NSP_GenomeWideSNP_6_H04_1365076	19	90910	6909449	2275	0.1104
SHOUT_p_TCGAb_319_20_21_22_NSP_GenomeWideSNP_6_H04_1365076	19	6909565	6940762	14	0.6253
SHOUT_p_TCGAb_319_20_21_22_NSP_GenomeWideSNP_6_H04_1365076	19	6941161	15038939	3840	0.1085
SHOUT_p_TCGAb_319_20_21_22_NSP_GenomeWideSNP_6_H04_1365076	19	15045192	15049299	3	-1.155
SHOUT_p_TCGAb_319_20_21_22_NSP_GenomeWideSNP_6_H04_1365076	19	15051287	24451229	5098	0.1135
SHOUT_p_TCGAb_319_20_21_22_NSP_GenomeWideSNP_6_H04_1365076	19	24454781	30106759	1622	0.4273
SHOUT_p_TCGAb_319_20_21_22_NSP_GenomeWideSNP_6_H04_1365076	19	30112141	55326613	14183	0.1183
SHOUT_p_TCGAb_319_20_21_22_NSP_GenomeWideSNP_6_H04_1365076	19	55330654	55347674	11	-0.5699
SHOUT_p_TCGAb_319_20_21_22_NSP_GenomeWideSNP_6_H04_1365076	19	55347963	56282369	450	0.1049
SHOUT_p_TCGAb_319_20_21_22_NSP_GenomeWideSNP_6_H04_1365076	19	56282535	56283067	3	1.6688
SHOUT_p_TCGAb_319_20_21_22_NSP_GenomeWideSNP_6_H04_1365076	19	56286293	58225934	1371	0.1281
SHOUT_p_TCGAb_319_20_21_22_NSP_GenomeWideSNP_6_H04_1365076	19	58227184	58661581	252	-0.2692
SHOUT_p_TCGAb_319_20_21_22_NSP_GenomeWideSNP_6_H04_1365076	19	58664447	59097854	226	0.1134
SHOUT_p_TCGAb_319_20_21_22_NSP_GenomeWideSNP_6_H04_1365076	20	61305	1560999	1207	0.2418
SHOUT_p_TCGAb_319_20_21_22_NSP_GenomeWideSNP_6_H04_1365076	20	1561580	1582207	36	1.6028
SHOUT_p_TCGAb_319_20_21_22_NSP_GenomeWideSNP_6_H04_1365076	20	1590257	5103158	2583	0.2386
SHOUT_p_TCGAb_319_20_21_22_NSP_GenomeWideSNP_6_H04_1365076	20	5111789	5201300	57	-0.1394
SHOUT_p_TCGAb_319_20_21_22_NSP_GenomeWideSNP_6_H04_1365076	20	5204639	10283233	4047	0.2549
SHOUT_p_TCGAb_319_20_21_22_NSP_GenomeWideSNP_6_H04_1365076	20	10286217	10333596	44	-0.1051
SHOUT_p_TCGAb_319_20_21_22_NSP_GenomeWideSNP_6_H04_1365076	20	10334005	14633078	3080	0.2481
SHOUT_p_TCGAb_319_20_21_22_NSP_GenomeWideSNP_6_H04_1365076	20	14633664	14771472	105	-0.062
SHOUT_p_TCGAb_319_20_21_22_NSP_GenomeWideSNP_6_H04_1365076	20	14781684	14962281	205	-0.4025
SHOUT_p_TCGAb_319_20_21_22_NSP_GenomeWideSNP_6_H04_1365076	20	14965823	15122605	144	-1.0147
SHOUT_p_TCGAb_319_20_21_22_NSP_GenomeWideSNP_6_H04_1365076	20	15122654	15165996	36	-0.5119
SHOUT_p_TCGAb_319_20_21_22_NSP_GenomeWideSNP_6_H04_1365076	20	15166775	62956153	30940	0.2445
SHOUT_p_TCGAb_319_20_21_22_NSP_GenomeWideSNP_6_H04_1365076	21	10736871	14453753	132	0.0496
SHOUT_p_TCGAb_319_20_21_22_NSP_GenomeWideSNP_6_H04_1365076	21	14456416	14549965	16	-0.633
SHOUT_p_TCGAb_319_20_21_22_NSP_GenomeWideSNP_6_H04_1365076	21	14560710	20627347	4019	-0.094
SHOUT_p_TCGAb_319_20_21_22_NSP_GenomeWideSNP_6_H04_1365076	21	20629323	20629555	3	-1.2058
SHOUT_p_TCGAb_319_20_21_22_NSP_GenomeWideSNP_6_H04_1365076	21	20631060	24212223	2691	-0.1001
SHOUT_p_TCGAb_319_20_21_22_NSP_GenomeWideSNP_6_H04_1365076	21	24212876	24215325	3	-1.3306
SHOUT_p_TCGAb_319_20_21_22_NSP_GenomeWideSNP_6_H04_1365076	21	24215799	40938031	12500	-0.1019
SHOUT_p_TCGAb_319_20_21_22_NSP_GenomeWideSNP_6_H04_1365076	21	40938315	40946691	10	-0.8503
SHOUT_p_TCGAb_319_20_21_22_NSP_GenomeWideSNP_6_H04_1365076	21	40947129	48096957	5018	-0.1038
SHOUT_p_TCGAb_319_20_21_22_NSP_GenomeWideSNP_6_H04_1365076	22	16052528	22468619	3300	-0.1113
SHOUT_p_TCGAb_319_20_21_22_NSP_GenomeWideSNP_6_H04_1365076	22	22473918	22474613	6	-1.2058
SHOUT_p_TCGAb_319_20_21_22_NSP_GenomeWideSNP_6_H04_1365076	22	22481498	24270777	1276	-0.088
SHOUT_p_TCGAb_319_20_21_22_NSP_GenomeWideSNP_6_H04_1365076	22	24271123	24332933	37	0.3357
SHOUT_p_TCGAb_319_20_21_22_NSP_GenomeWideSNP_6_H04_1365076	22	24337307	24394015	21	-0.5972
SHOUT_p_TCGAb_319_20_21_22_NSP_GenomeWideSNP_6_H04_1365076	22	24396814	25081338	355	-0.135
SHOUT_p_TCGAb_319_20_21_22_NSP_GenomeWideSNP_6_H04_1365076	22	25082115	25082534	3	-1.8913
SHOUT_p_TCGAb_319_20_21_22_NSP_GenomeWideSNP_6_H04_1365076	22	25087674	27316435	2054	-0.1076
SHOUT_p_TCGAb_319_20_21_22_NSP_GenomeWideSNP_6_H04_1365076	22	27318218	30389846	2209	-0.5763
SHOUT_p_TCGAb_319_20_21_22_NSP_GenomeWideSNP_6_H04_1365076	22	30393503	31974782	901	-0.1126
SHOUT_p_TCGAb_319_20_21_22_NSP_GenomeWideSNP_6_H04_1365076	22	31978078	37901839	4616	-0.5815
SHOUT_p_TCGAb_319_20_21_22_NSP_GenomeWideSNP_6_H04_1365076	22	37902926	41334553	1681	-0.1182
SHOUT_p_TCGAb_319_20_21_22_NSP_GenomeWideSNP_6_H04_1365076	22	41339370	49482981	6041	-0.5958
SHOUT_p_TCGAb_319_20_21_22_NSP_GenomeWideSNP_6_H04_1365076	22	49486691	49487417	6	-2.8865
SHOUT_p_TCGAb_319_20_21_22_NSP_GenomeWideSNP_6_H04_1365076	22	49488925	49506454	21	-0.5087
SHOUT_p_TCGAb_319_20_21_22_NSP_GenomeWideSNP_6_H04_1365076	22	49506757	49507890	2	-3.2215
SHOUT_p_TCGAb_319_20_21_22_NSP_GenomeWideSNP_6_H04_1365076	22	49511361	51183868	981	-0.6687
SHOUT_p_TCGAb_319_20_21_22_NSP_GenomeWideSNP_6_H04_1365076	22	51186228	51234455	15	-0.2348
SHOUT_p_TCGAb_319_20_21_22_NSP_GenomeWideSNP_6_H04_1365076	X	168477	5361580	2057	-0.0203
SHOUT_p_TCGAb_319_20_21_22_NSP_GenomeWideSNP_6_H04_1365076	X	5362229	5362522	3	-1.5489
SHOUT_p_TCGAb_319_20_21_22_NSP_GenomeWideSNP_6_H04_1365076	X	5367235	7559491	1744	-0.0079
SHOUT_p_TCGAb_319_20_21_22_NSP_GenomeWideSNP_6_H04_1365076	X	7559994	7561058	2	1.5686
SHOUT_p_TCGAb_319_20_21_22_NSP_GenomeWideSNP_6_H04_1365076	X	7561105	7938676	270	-0.0419
SHOUT_p_TCGAb_319_20_21_22_NSP_GenomeWideSNP_6_H04_1365076	X	7941013	7960852	15	-0.674
SHOUT_p_TCGAb_319_20_21_22_NSP_GenomeWideSNP_6_H04_1365076	X	7961207	55111450	27928	-0.0014
SHOUT_p_TCGAb_319_20_21_22_NSP_GenomeWideSNP_6_H04_1365076	X	55112424	55116016	3	-1.3025
SHOUT_p_TCGAb_319_20_21_22_NSP_GenomeWideSNP_6_H04_1365076	X	55122783	62017080	1649	0.0073
SHOUT_p_TCGAb_319_20_21_22_NSP_GenomeWideSNP_6_H04_1365076	X	62021733	62021789	2	-1.5487
SHOUT_p_TCGAb_319_20_21_22_NSP_GenomeWideSNP_6_H04_1365076	X	62050471	81379638	8795	0.0058
SHOUT_p_TCGAb_319_20_21_22_NSP_GenomeWideSNP_6_H04_1365076	X	81396262	81412144	38	-1.0255
SHOUT_p_TCGAb_319_20_21_22_NSP_GenomeWideSNP_6_H04_1365076	X	81412263	136185684	30338	0.0024
SHOUT_p_TCGAb_319_20_21_22_NSP_GenomeWideSNP_6_H04_1365076	X	136188752	136190029	4	-1.6833
SHOUT_p_TCGAb_319_20_21_22_NSP_GenomeWideSNP_6_H04_1365076	X	136196125	155182354	11702	0.0057
SHOUT_p_TCGAb_319_20_21_22_NSP_GenomeWideSNP_6_H04_1365076	Y	2650438	6101425	870	-2.1228
SHOUT_p_TCGAb_319_20_21_22_NSP_GenomeWideSNP_6_H04_1365076	Y	6107901	6344503	106	-3.3593
SHOUT_p_TCGAb_319_20_21_22_NSP_GenomeWideSNP_6_H04_1365076	Y	6356305	8336843	1081	-2.5454
SHOUT_p_TCGAb_319_20_21_22_NSP_GenomeWideSNP_6_H04_1365076	Y	8337102	9759564	568	-2.92
SHOUT_p_TCGAb_319_20_21_22_NSP_GenomeWideSNP_6_H04_1365076	Y	9774614	15590276	950	-2.5027
SHOUT_p_TCGAb_319_20_21_22_NSP_GenomeWideSNP_6_H04_1365076	Y	15590342	15594523	3	-7.6945
SHOUT_p_TCGAb_319_20_21_22_NSP_GenomeWideSNP_6_H04_1365076	Y	15594889	19034392	1826	-2.5648
SHOUT_p_TCGAb_319_20_21_22_NSP_GenomeWideSNP_6_H04_1365076	Y	19038302	19170442	58	-3.045
SHOUT_p_TCGAb_319_20_21_22_NSP_GenomeWideSNP_6_H04_1365076	Y	19179335	19179540	3	-7.6439
SHOUT_p_TCGAb_319_20_21_22_NSP_GenomeWideSNP_6_H04_1365076	Y	19182271	19574890	196	-2.619
SHOUT_p_TCGAb_319_20_21_22_NSP_GenomeWideSNP_6_H04_1365076	Y	19576544	21088297	703	-3.1246
SHOUT_p_TCGAb_319_20_21_22_NSP_GenomeWideSNP_6_H04_1365076	Y	21088485	23859163	1053	-2.6165
SHOUT_p_TCGAb_319_20_21_22_NSP_GenomeWideSNP_6_H04_1365076	Y	23859468	27315972	687	-3.0449
SHOUT_p_TCGAb_319_20_21_22_NSP_GenomeWideSNP_6_H04_1365076	Y	27367487	27717920	90	-2.3277
SHOUT_p_TCGAb_319_20_21_22_NSP_GenomeWideSNP_6_H04_1365076	Y	27718192	28180322	179	-3.0052
SHOUT_p_TCGAb_319_20_21_22_NSP_GenomeWideSNP_6_H04_1365076	Y	28180757	28322019	32	-3.9257
SHOUT_p_TCGAb_319_20_21_22_NSP_GenomeWideSNP_6_H04_1365076	Y	28322083	28423938	43	-2.9257
SHOUT_p_TCGAb_319_20_21_22_NSP_GenomeWideSNP_6_H04_1365076	Y	28438116	59018259	183	-2.2512
