Sample	Chromosome	Start	End	Num_Probes	Segment_Mean
TAKEN_p_TCGAb_379_400_FFPE_NSP_GenomeWideSNP_6_E02_1513266	1	61735	235938	27	-0.1423
TAKEN_p_TCGAb_379_400_FFPE_NSP_GenomeWideSNP_6_E02_1513266	1	356443	404171	3	1.1094
TAKEN_p_TCGAb_379_400_FFPE_NSP_GenomeWideSNP_6_E02_1513266	1	534551	625470	4	-0.5284
TAKEN_p_TCGAb_379_400_FFPE_NSP_GenomeWideSNP_6_E02_1513266	1	707099	761732	15	0.4376
TAKEN_p_TCGAb_379_400_FFPE_NSP_GenomeWideSNP_6_E02_1513266	1	762118	11041964	5523	7e-04
TAKEN_p_TCGAb_379_400_FFPE_NSP_GenomeWideSNP_6_E02_1513266	1	11049254	11049403	2	-1.2984
TAKEN_p_TCGAb_379_400_FFPE_NSP_GenomeWideSNP_6_E02_1513266	1	11052165	17225225	3272	-0.0032
TAKEN_p_TCGAb_379_400_FFPE_NSP_GenomeWideSNP_6_E02_1513266	1	17225367	17235684	4	-0.482
TAKEN_p_TCGAb_379_400_FFPE_NSP_GenomeWideSNP_6_E02_1513266	1	17235698	17262247	45	0.1943
TAKEN_p_TCGAb_379_400_FFPE_NSP_GenomeWideSNP_6_E02_1513266	1	17276241	22152194	3261	-0.0031
TAKEN_p_TCGAb_379_400_FFPE_NSP_GenomeWideSNP_6_E02_1513266	1	22160111	22160257	2	-1.4642
TAKEN_p_TCGAb_379_400_FFPE_NSP_GenomeWideSNP_6_E02_1513266	1	22164164	23452742	818	0.0094
TAKEN_p_TCGAb_379_400_FFPE_NSP_GenomeWideSNP_6_E02_1513266	1	23453226	23453239	2	-1.4999
TAKEN_p_TCGAb_379_400_FFPE_NSP_GenomeWideSNP_6_E02_1513266	1	23456290	25583341	1191	0.0042
TAKEN_p_TCGAb_379_400_FFPE_NSP_GenomeWideSNP_6_E02_1513266	1	25593128	25646744	26	0.2845
TAKEN_p_TCGAb_379_400_FFPE_NSP_GenomeWideSNP_6_E02_1513266	1	25646946	30737373	2402	-0.0027
TAKEN_p_TCGAb_379_400_FFPE_NSP_GenomeWideSNP_6_E02_1513266	1	30738355	30739796	7	-0.7857
TAKEN_p_TCGAb_379_400_FFPE_NSP_GenomeWideSNP_6_E02_1513266	1	30741496	53751610	12780	0.0018
TAKEN_p_TCGAb_379_400_FFPE_NSP_GenomeWideSNP_6_E02_1513266	1	53756742	53851165	64	0.6593
TAKEN_p_TCGAb_379_400_FFPE_NSP_GenomeWideSNP_6_E02_1513266	1	53851854	65151597	8374	0.0054
TAKEN_p_TCGAb_379_400_FFPE_NSP_GenomeWideSNP_6_E02_1513266	1	65154508	65154775	2	-1.7062
TAKEN_p_TCGAb_379_400_FFPE_NSP_GenomeWideSNP_6_E02_1513266	1	65155315	72768498	5234	0.0046
TAKEN_p_TCGAb_379_400_FFPE_NSP_GenomeWideSNP_6_E02_1513266	1	72768916	72811148	46	1.0019
TAKEN_p_TCGAb_379_400_FFPE_NSP_GenomeWideSNP_6_E02_1513266	1	72811904	106019205	21040	0.0035
TAKEN_p_TCGAb_379_400_FFPE_NSP_GenomeWideSNP_6_E02_1513266	1	106019236	106022375	16	0.9194
TAKEN_p_TCGAb_379_400_FFPE_NSP_GenomeWideSNP_6_E02_1513266	1	106024055	108766355	1965	-8e-04
TAKEN_p_TCGAb_379_400_FFPE_NSP_GenomeWideSNP_6_E02_1513266	1	108769302	108817179	2	-2.979
TAKEN_p_TCGAb_379_400_FFPE_NSP_GenomeWideSNP_6_E02_1513266	1	108828957	110221727	689	0.0162
TAKEN_p_TCGAb_379_400_FFPE_NSP_GenomeWideSNP_6_E02_1513266	1	110224384	110227515	15	-0.3771
TAKEN_p_TCGAb_379_400_FFPE_NSP_GenomeWideSNP_6_E02_1513266	1	110232974	110240178	17	-1.6408
TAKEN_p_TCGAb_379_400_FFPE_NSP_GenomeWideSNP_6_E02_1513266	1	110242953	144593253	7226	0.0046
TAKEN_p_TCGAb_379_400_FFPE_NSP_GenomeWideSNP_6_E02_1513266	1	144842558	144880109	14	0.4456
TAKEN_p_TCGAb_379_400_FFPE_NSP_GenomeWideSNP_6_E02_1513266	1	144880155	144949070	59	-0.0116
TAKEN_p_TCGAb_379_400_FFPE_NSP_GenomeWideSNP_6_E02_1513266	1	144949975	145080051	48	0.3236
TAKEN_p_TCGAb_379_400_FFPE_NSP_GenomeWideSNP_6_E02_1513266	1	145083864	149242663	1129	0.0049
TAKEN_p_TCGAb_379_400_FFPE_NSP_GenomeWideSNP_6_E02_1513266	1	149242725	149254920	21	0.6954
TAKEN_p_TCGAb_379_400_FFPE_NSP_GenomeWideSNP_6_E02_1513266	1	149256691	149545372	35	-0.0036
TAKEN_p_TCGAb_379_400_FFPE_NSP_GenomeWideSNP_6_E02_1513266	1	149545386	149578722	4	0.6708
TAKEN_p_TCGAb_379_400_FFPE_NSP_GenomeWideSNP_6_E02_1513266	1	149617451	152555527	1491	-0.0061
TAKEN_p_TCGAb_379_400_FFPE_NSP_GenomeWideSNP_6_E02_1513266	1	152555706	152586576	34	-2.3549
TAKEN_p_TCGAb_379_400_FFPE_NSP_GenomeWideSNP_6_E02_1513266	1	152586594	152761923	173	-0.0167
TAKEN_p_TCGAb_379_400_FFPE_NSP_GenomeWideSNP_6_E02_1513266	1	152761939	152768259	31	0.4215
TAKEN_p_TCGAb_379_400_FFPE_NSP_GenomeWideSNP_6_E02_1513266	1	152768281	196732086	29571	0.0021
TAKEN_p_TCGAb_379_400_FFPE_NSP_GenomeWideSNP_6_E02_1513266	1	196738623	196816730	93	-0.3234
TAKEN_p_TCGAb_379_400_FFPE_NSP_GenomeWideSNP_6_E02_1513266	1	196823317	248749194	35794	0.0043
TAKEN_p_TCGAb_379_400_FFPE_NSP_GenomeWideSNP_6_E02_1513266	1	248749219	248797213	32	-0.7609
TAKEN_p_TCGAb_379_400_FFPE_NSP_GenomeWideSNP_6_E02_1513266	1	248805339	249224388	145	-0.0218
TAKEN_p_TCGAb_379_400_FFPE_NSP_GenomeWideSNP_6_E02_1513266	2	12784	12304073	9309	0.0039
TAKEN_p_TCGAb_379_400_FFPE_NSP_GenomeWideSNP_6_E02_1513266	2	12304090	12304315	4	-0.9019
TAKEN_p_TCGAb_379_400_FFPE_NSP_GenomeWideSNP_6_E02_1513266	2	12304371	34691069	14813	0.0093
TAKEN_p_TCGAb_379_400_FFPE_NSP_GenomeWideSNP_6_E02_1513266	2	34699315	34737057	46	-2.7583
TAKEN_p_TCGAb_379_400_FFPE_NSP_GenomeWideSNP_6_E02_1513266	2	34737163	35975973	878	0.0064
TAKEN_p_TCGAb_379_400_FFPE_NSP_GenomeWideSNP_6_E02_1513266	2	35977790	35986908	5	1.0921
TAKEN_p_TCGAb_379_400_FFPE_NSP_GenomeWideSNP_6_E02_1513266	2	35987916	48850005	9373	0.0107
TAKEN_p_TCGAb_379_400_FFPE_NSP_GenomeWideSNP_6_E02_1513266	2	48851152	48853972	2	-1.4107
TAKEN_p_TCGAb_379_400_FFPE_NSP_GenomeWideSNP_6_E02_1513266	2	48855934	52265663	2477	0.0079
TAKEN_p_TCGAb_379_400_FFPE_NSP_GenomeWideSNP_6_E02_1513266	2	52266907	52273900	2	-1.512
TAKEN_p_TCGAb_379_400_FFPE_NSP_GenomeWideSNP_6_E02_1513266	2	52274829	65718815	8611	0.0088
TAKEN_p_TCGAb_379_400_FFPE_NSP_GenomeWideSNP_6_E02_1513266	2	65719839	65719941	2	-1.441
TAKEN_p_TCGAb_379_400_FFPE_NSP_GenomeWideSNP_6_E02_1513266	2	65723956	106874649	21418	0.0069
TAKEN_p_TCGAb_379_400_FFPE_NSP_GenomeWideSNP_6_E02_1513266	2	106874722	106885357	13	0.5042
TAKEN_p_TCGAb_379_400_FFPE_NSP_GenomeWideSNP_6_E02_1513266	2	106887255	146862085	23955	0.0068
TAKEN_p_TCGAb_379_400_FFPE_NSP_GenomeWideSNP_6_E02_1513266	2	146864404	146866909	23	-0.405
TAKEN_p_TCGAb_379_400_FFPE_NSP_GenomeWideSNP_6_E02_1513266	2	146866934	208350191	37013	0.0091
TAKEN_p_TCGAb_379_400_FFPE_NSP_GenomeWideSNP_6_E02_1513266	2	208350247	208350262	2	-2.587
TAKEN_p_TCGAb_379_400_FFPE_NSP_GenomeWideSNP_6_E02_1513266	2	208350319	243089456	22170	0.0044
TAKEN_p_TCGAb_379_400_FFPE_NSP_GenomeWideSNP_6_E02_1513266	3	60345	37977417	27696	0.0095
TAKEN_p_TCGAb_379_400_FFPE_NSP_GenomeWideSNP_6_E02_1513266	3	37982108	37986928	18	-0.9336
TAKEN_p_TCGAb_379_400_FFPE_NSP_GenomeWideSNP_6_E02_1513266	3	37987106	46793377	5546	-0.0026
TAKEN_p_TCGAb_379_400_FFPE_NSP_GenomeWideSNP_6_E02_1513266	3	46801817	46847616	38	-0.8538
TAKEN_p_TCGAb_379_400_FFPE_NSP_GenomeWideSNP_6_E02_1513266	3	46849179	57507281	5732	-8e-04
TAKEN_p_TCGAb_379_400_FFPE_NSP_GenomeWideSNP_6_E02_1513266	3	57508012	57508869	5	-1.2384
TAKEN_p_TCGAb_379_400_FFPE_NSP_GenomeWideSNP_6_E02_1513266	3	57511458	68746164	8841	0.0121
TAKEN_p_TCGAb_379_400_FFPE_NSP_GenomeWideSNP_6_E02_1513266	3	68746259	68747413	14	0.8475
TAKEN_p_TCGAb_379_400_FFPE_NSP_GenomeWideSNP_6_E02_1513266	3	68748758	84102222	9645	0.0025
TAKEN_p_TCGAb_379_400_FFPE_NSP_GenomeWideSNP_6_E02_1513266	3	84105433	84106166	2	-3.9608
TAKEN_p_TCGAb_379_400_FFPE_NSP_GenomeWideSNP_6_E02_1513266	3	84110967	84698857	299	0.0095
TAKEN_p_TCGAb_379_400_FFPE_NSP_GenomeWideSNP_6_E02_1513266	3	84698990	84702136	17	-0.49
TAKEN_p_TCGAb_379_400_FFPE_NSP_GenomeWideSNP_6_E02_1513266	3	84702161	98937784	5998	5e-04
TAKEN_p_TCGAb_379_400_FFPE_NSP_GenomeWideSNP_6_E02_1513266	3	98944458	98949421	38	-0.73
TAKEN_p_TCGAb_379_400_FFPE_NSP_GenomeWideSNP_6_E02_1513266	3	98950964	125930149	16588	0.0056
TAKEN_p_TCGAb_379_400_FFPE_NSP_GenomeWideSNP_6_E02_1513266	3	125931750	125934116	3	-1.0789
TAKEN_p_TCGAb_379_400_FFPE_NSP_GenomeWideSNP_6_E02_1513266	3	125934193	128399221	1530	-0.003
TAKEN_p_TCGAb_379_400_FFPE_NSP_GenomeWideSNP_6_E02_1513266	3	128405171	128412331	7	0.5856
TAKEN_p_TCGAb_379_400_FFPE_NSP_GenomeWideSNP_6_E02_1513266	3	128414161	129763698	626	0.0018
TAKEN_p_TCGAb_379_400_FFPE_NSP_GenomeWideSNP_6_E02_1513266	3	129766586	129806236	51	0.4362
TAKEN_p_TCGAb_379_400_FFPE_NSP_GenomeWideSNP_6_E02_1513266	3	129806924	162508268	20295	0.0083
TAKEN_p_TCGAb_379_400_FFPE_NSP_GenomeWideSNP_6_E02_1513266	3	162512657	162625995	70	0.5883
TAKEN_p_TCGAb_379_400_FFPE_NSP_GenomeWideSNP_6_E02_1513266	3	162626572	197896118	21933	0.0015
TAKEN_p_TCGAb_379_400_FFPE_NSP_GenomeWideSNP_6_E02_1513266	4	12281	4103344	1703	0.0017
TAKEN_p_TCGAb_379_400_FFPE_NSP_GenomeWideSNP_6_E02_1513266	4	4110230	4152760	10	-0.6544
TAKEN_p_TCGAb_379_400_FFPE_NSP_GenomeWideSNP_6_E02_1513266	4	4160063	9464972	3542	-0.0026
TAKEN_p_TCGAb_379_400_FFPE_NSP_GenomeWideSNP_6_E02_1513266	4	9470734	9479035	4	1.145
TAKEN_p_TCGAb_379_400_FFPE_NSP_GenomeWideSNP_6_E02_1513266	4	9479206	34779054	17584	0.0014
TAKEN_p_TCGAb_379_400_FFPE_NSP_GenomeWideSNP_6_E02_1513266	4	34786500	34829872	39	0.2995
TAKEN_p_TCGAb_379_400_FFPE_NSP_GenomeWideSNP_6_E02_1513266	4	34829913	40700573	3889	0.002
TAKEN_p_TCGAb_379_400_FFPE_NSP_GenomeWideSNP_6_E02_1513266	4	40704011	40704192	3	-2.249
TAKEN_p_TCGAb_379_400_FFPE_NSP_GenomeWideSNP_6_E02_1513266	4	40704687	41222452	370	4e-04
TAKEN_p_TCGAb_379_400_FFPE_NSP_GenomeWideSNP_6_E02_1513266	4	41227917	41232750	5	-0.9024
TAKEN_p_TCGAb_379_400_FFPE_NSP_GenomeWideSNP_6_E02_1513266	4	41232899	48204299	4282	0.0075
TAKEN_p_TCGAb_379_400_FFPE_NSP_GenomeWideSNP_6_E02_1513266	4	48204636	48204648	2	-1.6705
TAKEN_p_TCGAb_379_400_FFPE_NSP_GenomeWideSNP_6_E02_1513266	4	48205942	49267848	439	-0.0166
TAKEN_p_TCGAb_379_400_FFPE_NSP_GenomeWideSNP_6_E02_1513266	4	49291192	49291355	2	1.2359
TAKEN_p_TCGAb_379_400_FFPE_NSP_GenomeWideSNP_6_E02_1513266	4	49297220	69244434	10491	0.0016
TAKEN_p_TCGAb_379_400_FFPE_NSP_GenomeWideSNP_6_E02_1513266	4	69255070	69255070	2	1.7263
TAKEN_p_TCGAb_379_400_FFPE_NSP_GenomeWideSNP_6_E02_1513266	4	69256759	69372003	26	-0.0778
TAKEN_p_TCGAb_379_400_FFPE_NSP_GenomeWideSNP_6_E02_1513266	4	69374941	69485979	65	-2.1652
TAKEN_p_TCGAb_379_400_FFPE_NSP_GenomeWideSNP_6_E02_1513266	4	69489335	70134680	337	0.0035
TAKEN_p_TCGAb_379_400_FFPE_NSP_GenomeWideSNP_6_E02_1513266	4	70137957	70236151	48	0.3439
TAKEN_p_TCGAb_379_400_FFPE_NSP_GenomeWideSNP_6_E02_1513266	4	70239096	115173700	27373	0.0012
TAKEN_p_TCGAb_379_400_FFPE_NSP_GenomeWideSNP_6_E02_1513266	4	115175323	115182175	23	0.7694
TAKEN_p_TCGAb_379_400_FFPE_NSP_GenomeWideSNP_6_E02_1513266	4	115184229	122281973	4350	-0.0011
TAKEN_p_TCGAb_379_400_FFPE_NSP_GenomeWideSNP_6_E02_1513266	4	122282468	122285135	28	-0.962
TAKEN_p_TCGAb_379_400_FFPE_NSP_GenomeWideSNP_6_E02_1513266	4	122291131	127391396	2971	-0.0048
TAKEN_p_TCGAb_379_400_FFPE_NSP_GenomeWideSNP_6_E02_1513266	4	127392803	127397230	2	-1.2181
TAKEN_p_TCGAb_379_400_FFPE_NSP_GenomeWideSNP_6_E02_1513266	4	127398410	130062751	1389	0.003
TAKEN_p_TCGAb_379_400_FFPE_NSP_GenomeWideSNP_6_E02_1513266	4	130067546	130068160	2	-2.4347
TAKEN_p_TCGAb_379_400_FFPE_NSP_GenomeWideSNP_6_E02_1513266	4	130072563	161880018	19313	0.0036
TAKEN_p_TCGAb_379_400_FFPE_NSP_GenomeWideSNP_6_E02_1513266	4	161880124	161884919	21	-0.7841
TAKEN_p_TCGAb_379_400_FFPE_NSP_GenomeWideSNP_6_E02_1513266	4	161884958	187089542	16630	0.0053
TAKEN_p_TCGAb_379_400_FFPE_NSP_GenomeWideSNP_6_E02_1513266	4	187093988	187097398	2	-1.4065
TAKEN_p_TCGAb_379_400_FFPE_NSP_GenomeWideSNP_6_E02_1513266	4	187106870	189221258	1422	-0.0064
TAKEN_p_TCGAb_379_400_FFPE_NSP_GenomeWideSNP_6_E02_1513266	4	189221360	189221375	2	-2.144
TAKEN_p_TCGAb_379_400_FFPE_NSP_GenomeWideSNP_6_E02_1513266	4	189221424	189505454	286	-0.0082
TAKEN_p_TCGAb_379_400_FFPE_NSP_GenomeWideSNP_6_E02_1513266	4	189505805	189505920	2	-2.1602
TAKEN_p_TCGAb_379_400_FFPE_NSP_GenomeWideSNP_6_E02_1513266	4	189506528	191027923	891	0.0059
TAKEN_p_TCGAb_379_400_FFPE_NSP_GenomeWideSNP_6_E02_1513266	5	15532	698371	308	-0.0306
TAKEN_p_TCGAb_379_400_FFPE_NSP_GenomeWideSNP_6_E02_1513266	5	698472	788060	33	-0.531
TAKEN_p_TCGAb_379_400_FFPE_NSP_GenomeWideSNP_6_E02_1513266	5	800686	55345347	34125	0.0036
TAKEN_p_TCGAb_379_400_FFPE_NSP_GenomeWideSNP_6_E02_1513266	5	55347949	61674978	4341	-0.9076
TAKEN_p_TCGAb_379_400_FFPE_NSP_GenomeWideSNP_6_E02_1513266	5	61680331	63259913	945	0.0095
TAKEN_p_TCGAb_379_400_FFPE_NSP_GenomeWideSNP_6_E02_1513266	5	63262194	63262195	2	-1.1238
TAKEN_p_TCGAb_379_400_FFPE_NSP_GenomeWideSNP_6_E02_1513266	5	63263551	70254898	3482	0.0029
TAKEN_p_TCGAb_379_400_FFPE_NSP_GenomeWideSNP_6_E02_1513266	5	70254900	70254906	5	-0.8225
TAKEN_p_TCGAb_379_400_FFPE_NSP_GenomeWideSNP_6_E02_1513266	5	70306659	103860373	19561	0.004
TAKEN_p_TCGAb_379_400_FFPE_NSP_GenomeWideSNP_6_E02_1513266	5	103860481	103860604	3	1.3634
TAKEN_p_TCGAb_379_400_FFPE_NSP_GenomeWideSNP_6_E02_1513266	5	103861049	178103686	48793	0.0038
TAKEN_p_TCGAb_379_400_FFPE_NSP_GenomeWideSNP_6_E02_1513266	5	178107690	178118855	6	-0.9347
TAKEN_p_TCGAb_379_400_FFPE_NSP_GenomeWideSNP_6_E02_1513266	5	178119758	180378888	1363	-0.0014
TAKEN_p_TCGAb_379_400_FFPE_NSP_GenomeWideSNP_6_E02_1513266	5	180380203	180442441	21	-0.6074
TAKEN_p_TCGAb_379_400_FFPE_NSP_GenomeWideSNP_6_E02_1513266	5	180442920	180790320	167	0.0114
TAKEN_p_TCGAb_379_400_FFPE_NSP_GenomeWideSNP_6_E02_1513266	6	149661	264756	105	0.0131
TAKEN_p_TCGAb_379_400_FFPE_NSP_GenomeWideSNP_6_E02_1513266	6	265113	381149	97	0.5048
TAKEN_p_TCGAb_379_400_FFPE_NSP_GenomeWideSNP_6_E02_1513266	6	382559	19040119	14602	0.0085
TAKEN_p_TCGAb_379_400_FFPE_NSP_GenomeWideSNP_6_E02_1513266	6	19042181	19044716	5	-0.8449
TAKEN_p_TCGAb_379_400_FFPE_NSP_GenomeWideSNP_6_E02_1513266	6	19044748	31280823	7632	0.0139
TAKEN_p_TCGAb_379_400_FFPE_NSP_GenomeWideSNP_6_E02_1513266	6	31286276	31295953	8	-2.0606
TAKEN_p_TCGAb_379_400_FFPE_NSP_GenomeWideSNP_6_E02_1513266	6	31295987	32622194	572	0.0087
TAKEN_p_TCGAb_379_400_FFPE_NSP_GenomeWideSNP_6_E02_1513266	6	32624304	32626618	6	-1.4631
TAKEN_p_TCGAb_379_400_FFPE_NSP_GenomeWideSNP_6_E02_1513266	6	32650612	35735352	1752	0.014
TAKEN_p_TCGAb_379_400_FFPE_NSP_GenomeWideSNP_6_E02_1513266	6	35736213	35752792	11	-0.2242
TAKEN_p_TCGAb_379_400_FFPE_NSP_GenomeWideSNP_6_E02_1513266	6	35756850	35775499	6	-0.6036
TAKEN_p_TCGAb_379_400_FFPE_NSP_GenomeWideSNP_6_E02_1513266	6	35777830	44921320	6033	0.0019
TAKEN_p_TCGAb_379_400_FFPE_NSP_GenomeWideSNP_6_E02_1513266	6	44924394	44926571	8	-0.938
TAKEN_p_TCGAb_379_400_FFPE_NSP_GenomeWideSNP_6_E02_1513266	6	44928828	48930865	2607	0.005
TAKEN_p_TCGAb_379_400_FFPE_NSP_GenomeWideSNP_6_E02_1513266	6	48931729	48935200	5	-0.8854
TAKEN_p_TCGAb_379_400_FFPE_NSP_GenomeWideSNP_6_E02_1513266	6	48946563	53931084	3319	0.0054
TAKEN_p_TCGAb_379_400_FFPE_NSP_GenomeWideSNP_6_E02_1513266	6	53931151	53931855	7	-2.2498
TAKEN_p_TCGAb_379_400_FFPE_NSP_GenomeWideSNP_6_E02_1513266	6	53935348	54845685	603	0.0047
TAKEN_p_TCGAb_379_400_FFPE_NSP_GenomeWideSNP_6_E02_1513266	6	54848455	54850139	4	-1.1251
TAKEN_p_TCGAb_379_400_FFPE_NSP_GenomeWideSNP_6_E02_1513266	6	54852112	65710729	3991	0.0028
TAKEN_p_TCGAb_379_400_FFPE_NSP_GenomeWideSNP_6_E02_1513266	6	65711399	65713792	3	-3.6574
TAKEN_p_TCGAb_379_400_FFPE_NSP_GenomeWideSNP_6_E02_1513266	6	65717384	74591858	5925	0.0072
TAKEN_p_TCGAb_379_400_FFPE_NSP_GenomeWideSNP_6_E02_1513266	6	74592225	74603555	11	-0.709
TAKEN_p_TCGAb_379_400_FFPE_NSP_GenomeWideSNP_6_E02_1513266	6	74603605	77014948	1471	0.01
TAKEN_p_TCGAb_379_400_FFPE_NSP_GenomeWideSNP_6_E02_1513266	6	77016900	77016926	3	-1.957
TAKEN_p_TCGAb_379_400_FFPE_NSP_GenomeWideSNP_6_E02_1513266	6	77016993	78962889	1295	0.0085
TAKEN_p_TCGAb_379_400_FFPE_NSP_GenomeWideSNP_6_E02_1513266	6	78969065	79035185	113	-0.9032
TAKEN_p_TCGAb_379_400_FFPE_NSP_GenomeWideSNP_6_E02_1513266	6	79039234	84228464	3304	0.0091
TAKEN_p_TCGAb_379_400_FFPE_NSP_GenomeWideSNP_6_E02_1513266	6	84229623	84230653	3	-1.0756
TAKEN_p_TCGAb_379_400_FFPE_NSP_GenomeWideSNP_6_E02_1513266	6	84233831	103734829	12189	0.0021
TAKEN_p_TCGAb_379_400_FFPE_NSP_GenomeWideSNP_6_E02_1513266	6	103737976	103762049	45	-1.73
TAKEN_p_TCGAb_379_400_FFPE_NSP_GenomeWideSNP_6_E02_1513266	6	103762061	144657150	25821	0.0036
TAKEN_p_TCGAb_379_400_FFPE_NSP_GenomeWideSNP_6_E02_1513266	6	144659091	144662230	5	-1.0642
TAKEN_p_TCGAb_379_400_FFPE_NSP_GenomeWideSNP_6_E02_1513266	6	144664274	171051005	18440	0.0057
TAKEN_p_TCGAb_379_400_FFPE_NSP_GenomeWideSNP_6_E02_1513266	7	43355	54380373	38594	0.0082
TAKEN_p_TCGAb_379_400_FFPE_NSP_GenomeWideSNP_6_E02_1513266	7	54386505	54393488	7	-1.9455
TAKEN_p_TCGAb_379_400_FFPE_NSP_GenomeWideSNP_6_E02_1513266	7	54394401	65608556	3527	-0.004
TAKEN_p_TCGAb_379_400_FFPE_NSP_GenomeWideSNP_6_E02_1513266	7	65608838	65609165	2	-2.0003
TAKEN_p_TCGAb_379_400_FFPE_NSP_GenomeWideSNP_6_E02_1513266	7	65609201	70420438	2768	-0.002
TAKEN_p_TCGAb_379_400_FFPE_NSP_GenomeWideSNP_6_E02_1513266	7	70423250	70426141	2	-2.549
TAKEN_p_TCGAb_379_400_FFPE_NSP_GenomeWideSNP_6_E02_1513266	7	70428243	109433747	22519	0.0049
TAKEN_p_TCGAb_379_400_FFPE_NSP_GenomeWideSNP_6_E02_1513266	7	109433777	109454229	40	0.2852
TAKEN_p_TCGAb_379_400_FFPE_NSP_GenomeWideSNP_6_E02_1513266	7	109454271	141763124	19998	0.0067
TAKEN_p_TCGAb_379_400_FFPE_NSP_GenomeWideSNP_6_E02_1513266	7	141769643	141787273	28	-0.6459
TAKEN_p_TCGAb_379_400_FFPE_NSP_GenomeWideSNP_6_E02_1513266	7	141787310	141787628	4	-1.3895
TAKEN_p_TCGAb_379_400_FFPE_NSP_GenomeWideSNP_6_E02_1513266	7	141787646	141792107	10	-0.5788
TAKEN_p_TCGAb_379_400_FFPE_NSP_GenomeWideSNP_6_E02_1513266	7	141795281	142042008	186	-0.0111
TAKEN_p_TCGAb_379_400_FFPE_NSP_GenomeWideSNP_6_E02_1513266	7	142044047	142047648	11	-0.4761
TAKEN_p_TCGAb_379_400_FFPE_NSP_GenomeWideSNP_6_E02_1513266	7	142099013	142474939	254	0.0761
TAKEN_p_TCGAb_379_400_FFPE_NSP_GenomeWideSNP_6_E02_1513266	7	142476719	142479722	8	-3.7531
TAKEN_p_TCGAb_379_400_FFPE_NSP_GenomeWideSNP_6_E02_1513266	7	142479807	142485699	14	-1.684
TAKEN_p_TCGAb_379_400_FFPE_NSP_GenomeWideSNP_6_E02_1513266	7	142485771	142486045	5	-3.1121
TAKEN_p_TCGAb_379_400_FFPE_NSP_GenomeWideSNP_6_E02_1513266	7	142486115	142486345	2	-0.8363
TAKEN_p_TCGAb_379_400_FFPE_NSP_GenomeWideSNP_6_E02_1513266	7	142486495	143216852	464	0.0072
TAKEN_p_TCGAb_379_400_FFPE_NSP_GenomeWideSNP_6_E02_1513266	7	143217246	143279301	23	-0.2712
TAKEN_p_TCGAb_379_400_FFPE_NSP_GenomeWideSNP_6_E02_1513266	7	143287951	143307885	9	-0.8207
TAKEN_p_TCGAb_379_400_FFPE_NSP_GenomeWideSNP_6_E02_1513266	7	143398042	143709699	195	-0.0394
TAKEN_p_TCGAb_379_400_FFPE_NSP_GenomeWideSNP_6_E02_1513266	7	143710096	143710627	5	-0.8516
TAKEN_p_TCGAb_379_400_FFPE_NSP_GenomeWideSNP_6_E02_1513266	7	143711077	143873952	140	-0.0063
TAKEN_p_TCGAb_379_400_FFPE_NSP_GenomeWideSNP_6_E02_1513266	7	143896252	144066947	44	-0.3467
TAKEN_p_TCGAb_379_400_FFPE_NSP_GenomeWideSNP_6_E02_1513266	7	144074929	159127004	9699	0.0011
TAKEN_p_TCGAb_379_400_FFPE_NSP_GenomeWideSNP_6_E02_1513266	8	31254	593041	327	0.0267
TAKEN_p_TCGAb_379_400_FFPE_NSP_GenomeWideSNP_6_E02_1513266	8	594944	595790	7	-0.9352
TAKEN_p_TCGAb_379_400_FFPE_NSP_GenomeWideSNP_6_E02_1513266	8	595875	595908	3	-2.9528
TAKEN_p_TCGAb_379_400_FFPE_NSP_GenomeWideSNP_6_E02_1513266	8	601043	1367068	566	0.003
TAKEN_p_TCGAb_379_400_FFPE_NSP_GenomeWideSNP_6_E02_1513266	8	1367362	1367602	3	-1.5182
TAKEN_p_TCGAb_379_400_FFPE_NSP_GenomeWideSNP_6_E02_1513266	8	1367688	7238019	6954	0.0169
TAKEN_p_TCGAb_379_400_FFPE_NSP_GenomeWideSNP_6_E02_1513266	8	7250380	7387198	47	0.6498
TAKEN_p_TCGAb_379_400_FFPE_NSP_GenomeWideSNP_6_E02_1513266	8	7391489	7394684	16	1.6413
TAKEN_p_TCGAb_379_400_FFPE_NSP_GenomeWideSNP_6_E02_1513266	8	7397885	7403431	16	0.7289
TAKEN_p_TCGAb_379_400_FFPE_NSP_GenomeWideSNP_6_E02_1513266	8	7403452	7633422	8	0.2363
TAKEN_p_TCGAb_379_400_FFPE_NSP_GenomeWideSNP_6_E02_1513266	8	7635591	7640917	12	0.8318
TAKEN_p_TCGAb_379_400_FFPE_NSP_GenomeWideSNP_6_E02_1513266	8	7641234	7643145	5	1.3637
TAKEN_p_TCGAb_379_400_FFPE_NSP_GenomeWideSNP_6_E02_1513266	8	7643178	7745979	9	0.7845
TAKEN_p_TCGAb_379_400_FFPE_NSP_GenomeWideSNP_6_E02_1513266	8	7746368	7747699	3	-1.1484
TAKEN_p_TCGAb_379_400_FFPE_NSP_GenomeWideSNP_6_E02_1513266	8	7752048	7809906	35	0.7043
TAKEN_p_TCGAb_379_400_FFPE_NSP_GenomeWideSNP_6_E02_1513266	8	7826922	7990294	48	0.0494
TAKEN_p_TCGAb_379_400_FFPE_NSP_GenomeWideSNP_6_E02_1513266	8	7997031	8072303	18	0.4569
TAKEN_p_TCGAb_379_400_FFPE_NSP_GenomeWideSNP_6_E02_1513266	8	8087144	11949551	3225	0.0031
TAKEN_p_TCGAb_379_400_FFPE_NSP_GenomeWideSNP_6_E02_1513266	8	11987726	12034307	7	1.2261
TAKEN_p_TCGAb_379_400_FFPE_NSP_GenomeWideSNP_6_E02_1513266	8	12034997	12232281	11	-0.4563
TAKEN_p_TCGAb_379_400_FFPE_NSP_GenomeWideSNP_6_E02_1513266	8	12232416	12234298	6	-1.9727
TAKEN_p_TCGAb_379_400_FFPE_NSP_GenomeWideSNP_6_E02_1513266	8	12234400	12247486	31	-0.0078
TAKEN_p_TCGAb_379_400_FFPE_NSP_GenomeWideSNP_6_E02_1513266	8	12260927	12322928	25	0.7221
TAKEN_p_TCGAb_379_400_FFPE_NSP_GenomeWideSNP_6_E02_1513266	8	12326110	12443055	39	0.2639
TAKEN_p_TCGAb_379_400_FFPE_NSP_GenomeWideSNP_6_E02_1513266	8	12473543	13523817	952	0.0174
TAKEN_p_TCGAb_379_400_FFPE_NSP_GenomeWideSNP_6_E02_1513266	8	13524398	13537368	24	-1.0256
TAKEN_p_TCGAb_379_400_FFPE_NSP_GenomeWideSNP_6_E02_1513266	8	13539846	15401178	1762	0.0095
TAKEN_p_TCGAb_379_400_FFPE_NSP_GenomeWideSNP_6_E02_1513266	8	15403060	15413447	9	-1.2237
TAKEN_p_TCGAb_379_400_FFPE_NSP_GenomeWideSNP_6_E02_1513266	8	15423270	24974443	7682	0.0042
TAKEN_p_TCGAb_379_400_FFPE_NSP_GenomeWideSNP_6_E02_1513266	8	24974476	24984333	26	-1.0091
TAKEN_p_TCGAb_379_400_FFPE_NSP_GenomeWideSNP_6_E02_1513266	8	24991104	39230659	9043	0.0011
TAKEN_p_TCGAb_379_400_FFPE_NSP_GenomeWideSNP_6_E02_1513266	8	39235603	39386965	59	-0.627
TAKEN_p_TCGAb_379_400_FFPE_NSP_GenomeWideSNP_6_E02_1513266	8	39388299	112291494	42072	0.0029
TAKEN_p_TCGAb_379_400_FFPE_NSP_GenomeWideSNP_6_E02_1513266	8	112294279	112295245	9	-2.132
TAKEN_p_TCGAb_379_400_FFPE_NSP_GenomeWideSNP_6_E02_1513266	8	112295260	146298155	22948	0.002
TAKEN_p_TCGAb_379_400_FFPE_NSP_GenomeWideSNP_6_E02_1513266	9	46587	2147099	2319	0.0069
TAKEN_p_TCGAb_379_400_FFPE_NSP_GenomeWideSNP_6_E02_1513266	9	2148837	2150662	6	-1.0998
TAKEN_p_TCGAb_379_400_FFPE_NSP_GenomeWideSNP_6_E02_1513266	9	2152115	7470753	4869	0.0091
TAKEN_p_TCGAb_379_400_FFPE_NSP_GenomeWideSNP_6_E02_1513266	9	7471079	7472874	5	-0.9212
TAKEN_p_TCGAb_379_400_FFPE_NSP_GenomeWideSNP_6_E02_1513266	9	7473091	24503816	14074	0.0063
TAKEN_p_TCGAb_379_400_FFPE_NSP_GenomeWideSNP_6_E02_1513266	9	24504125	24519684	20	-1.0344
TAKEN_p_TCGAb_379_400_FFPE_NSP_GenomeWideSNP_6_E02_1513266	9	24519774	45749108	10285	3e-04
TAKEN_p_TCGAb_379_400_FFPE_NSP_GenomeWideSNP_6_E02_1513266	9	45915244	46038855	3	1.363
TAKEN_p_TCGAb_379_400_FFPE_NSP_GenomeWideSNP_6_E02_1513266	9	46038856	65672607	43	-0.2946
TAKEN_p_TCGAb_379_400_FFPE_NSP_GenomeWideSNP_6_E02_1513266	9	66323059	79769394	6802	0.0047
TAKEN_p_TCGAb_379_400_FFPE_NSP_GenomeWideSNP_6_E02_1513266	9	79770398	79772348	11	0.7725
TAKEN_p_TCGAb_379_400_FFPE_NSP_GenomeWideSNP_6_E02_1513266	9	79772386	79772496	3	0.2749
TAKEN_p_TCGAb_379_400_FFPE_NSP_GenomeWideSNP_6_E02_1513266	9	79772615	79777404	15	0.7054
TAKEN_p_TCGAb_379_400_FFPE_NSP_GenomeWideSNP_6_E02_1513266	9	79786128	138211368	40389	9e-04
TAKEN_p_TCGAb_379_400_FFPE_NSP_GenomeWideSNP_6_E02_1513266	9	138214105	138216412	3	1.394
TAKEN_p_TCGAb_379_400_FFPE_NSP_GenomeWideSNP_6_E02_1513266	9	138217797	140252788	697	-0.0084
TAKEN_p_TCGAb_379_400_FFPE_NSP_GenomeWideSNP_6_E02_1513266	9	140252947	140255833	4	-1.2853
TAKEN_p_TCGAb_379_400_FFPE_NSP_GenomeWideSNP_6_E02_1513266	9	140273003	141091394	412	-0.0037
TAKEN_p_TCGAb_379_400_FFPE_NSP_GenomeWideSNP_6_E02_1513266	10	72759	4290814	3589	0.002
TAKEN_p_TCGAb_379_400_FFPE_NSP_GenomeWideSNP_6_E02_1513266	10	4290838	4290924	2	-1.648
TAKEN_p_TCGAb_379_400_FFPE_NSP_GenomeWideSNP_6_E02_1513266	10	4291016	11154321	5941	0.0066
TAKEN_p_TCGAb_379_400_FFPE_NSP_GenomeWideSNP_6_E02_1513266	10	11156115	11156538	4	-1.0541
TAKEN_p_TCGAb_379_400_FFPE_NSP_GenomeWideSNP_6_E02_1513266	10	11157173	24007932	9426	0.0011
TAKEN_p_TCGAb_379_400_FFPE_NSP_GenomeWideSNP_6_E02_1513266	10	24011779	24012064	3	-1.079
TAKEN_p_TCGAb_379_400_FFPE_NSP_GenomeWideSNP_6_E02_1513266	10	24012539	24375263	284	-0.0062
TAKEN_p_TCGAb_379_400_FFPE_NSP_GenomeWideSNP_6_E02_1513266	10	24377674	24378054	11	-2.7809
TAKEN_p_TCGAb_379_400_FFPE_NSP_GenomeWideSNP_6_E02_1513266	10	24378908	24379039	4	-0.6755
TAKEN_p_TCGAb_379_400_FFPE_NSP_GenomeWideSNP_6_E02_1513266	10	24380660	27597438	2203	0.0036
TAKEN_p_TCGAb_379_400_FFPE_NSP_GenomeWideSNP_6_E02_1513266	10	27607185	27702509	86	-1.1039
TAKEN_p_TCGAb_379_400_FFPE_NSP_GenomeWideSNP_6_E02_1513266	10	27706601	31246510	2752	-0.0036
TAKEN_p_TCGAb_379_400_FFPE_NSP_GenomeWideSNP_6_E02_1513266	10	31251334	31251822	12	-0.895
TAKEN_p_TCGAb_379_400_FFPE_NSP_GenomeWideSNP_6_E02_1513266	10	31251885	43524628	5352	0.0019
TAKEN_p_TCGAb_379_400_FFPE_NSP_GenomeWideSNP_6_E02_1513266	10	43524701	43525742	2	-1.7387
TAKEN_p_TCGAb_379_400_FFPE_NSP_GenomeWideSNP_6_E02_1513266	10	43526023	46674180	1920	0.017
TAKEN_p_TCGAb_379_400_FFPE_NSP_GenomeWideSNP_6_E02_1513266	10	46691159	47055654	81	0.3314
TAKEN_p_TCGAb_379_400_FFPE_NSP_GenomeWideSNP_6_E02_1513266	10	47055711	47058973	8	-0.6228
TAKEN_p_TCGAb_379_400_FFPE_NSP_GenomeWideSNP_6_E02_1513266	10	47058988	47419711	88	0.2483
TAKEN_p_TCGAb_379_400_FFPE_NSP_GenomeWideSNP_6_E02_1513266	10	47541189	48736766	485	0.001
TAKEN_p_TCGAb_379_400_FFPE_NSP_GenomeWideSNP_6_E02_1513266	10	48771950	48840627	3	1.789
TAKEN_p_TCGAb_379_400_FFPE_NSP_GenomeWideSNP_6_E02_1513266	10	48883402	49363009	29	0.3234
TAKEN_p_TCGAb_379_400_FFPE_NSP_GenomeWideSNP_6_E02_1513266	10	49381611	51197138	1345	0.0145
TAKEN_p_TCGAb_379_400_FFPE_NSP_GenomeWideSNP_6_E02_1513266	10	51231576	51397071	3	-1.4144
TAKEN_p_TCGAb_379_400_FFPE_NSP_GenomeWideSNP_6_E02_1513266	10	51449369	54927527	2432	0.011
TAKEN_p_TCGAb_379_400_FFPE_NSP_GenomeWideSNP_6_E02_1513266	10	54929854	54939153	10	-1.2004
TAKEN_p_TCGAb_379_400_FFPE_NSP_GenomeWideSNP_6_E02_1513266	10	54941401	82878159	18860	0.0017
TAKEN_p_TCGAb_379_400_FFPE_NSP_GenomeWideSNP_6_E02_1513266	10	82881330	82894469	11	-0.9265
TAKEN_p_TCGAb_379_400_FFPE_NSP_GenomeWideSNP_6_E02_1513266	10	82896862	109182224	17182	0.0023
TAKEN_p_TCGAb_379_400_FFPE_NSP_GenomeWideSNP_6_E02_1513266	10	109182484	109191957	9	-1.0341
TAKEN_p_TCGAb_379_400_FFPE_NSP_GenomeWideSNP_6_E02_1513266	10	109194506	135229141	18831	0.006
TAKEN_p_TCGAb_379_400_FFPE_NSP_GenomeWideSNP_6_E02_1513266	10	135229719	135229868	2	-1.7113
TAKEN_p_TCGAb_379_400_FFPE_NSP_GenomeWideSNP_6_E02_1513266	10	135232654	135506704	151	-0.0189
TAKEN_p_TCGAb_379_400_FFPE_NSP_GenomeWideSNP_6_E02_1513266	11	198510	4276133	1805	-0.0049
TAKEN_p_TCGAb_379_400_FFPE_NSP_GenomeWideSNP_6_E02_1513266	11	4295756	4301391	5	-0.8352
TAKEN_p_TCGAb_379_400_FFPE_NSP_GenomeWideSNP_6_E02_1513266	11	4307420	4967230	664	0.0209
TAKEN_p_TCGAb_379_400_FFPE_NSP_GenomeWideSNP_6_E02_1513266	11	4967251	4977011	48	0.4799
TAKEN_p_TCGAb_379_400_FFPE_NSP_GenomeWideSNP_6_E02_1513266	11	4977082	5783923	784	0.0035
TAKEN_p_TCGAb_379_400_FFPE_NSP_GenomeWideSNP_6_E02_1513266	11	5787405	5809338	34	-0.7632
TAKEN_p_TCGAb_379_400_FFPE_NSP_GenomeWideSNP_6_E02_1513266	11	5809461	6107790	240	0.0016
TAKEN_p_TCGAb_379_400_FFPE_NSP_GenomeWideSNP_6_E02_1513266	11	6108269	6122094	8	-1.1077
TAKEN_p_TCGAb_379_400_FFPE_NSP_GenomeWideSNP_6_E02_1513266	11	6122503	18605638	8939	0.0022
TAKEN_p_TCGAb_379_400_FFPE_NSP_GenomeWideSNP_6_E02_1513266	11	18606832	18621409	11	-1.4804
TAKEN_p_TCGAb_379_400_FFPE_NSP_GenomeWideSNP_6_E02_1513266	11	18624655	18940870	228	-0.0013
TAKEN_p_TCGAb_379_400_FFPE_NSP_GenomeWideSNP_6_E02_1513266	11	18949072	18961988	57	-0.4272
TAKEN_p_TCGAb_379_400_FFPE_NSP_GenomeWideSNP_6_E02_1513266	11	18962016	79967513	35223	0.0025
TAKEN_p_TCGAb_379_400_FFPE_NSP_GenomeWideSNP_6_E02_1513266	11	79967548	79967564	2	-2.5911
TAKEN_p_TCGAb_379_400_FFPE_NSP_GenomeWideSNP_6_E02_1513266	11	79967686	83668182	2741	-0.001
TAKEN_p_TCGAb_379_400_FFPE_NSP_GenomeWideSNP_6_E02_1513266	11	83668185	83670320	2	-2.8439
TAKEN_p_TCGAb_379_400_FFPE_NSP_GenomeWideSNP_6_E02_1513266	11	83670325	134944770	36387	0.003
TAKEN_p_TCGAb_379_400_FFPE_NSP_GenomeWideSNP_6_E02_1513266	12	150442	45899825	28535	5e-04
TAKEN_p_TCGAb_379_400_FFPE_NSP_GenomeWideSNP_6_E02_1513266	12	45904438	45909537	4	-2.4509
TAKEN_p_TCGAb_379_400_FFPE_NSP_GenomeWideSNP_6_E02_1513266	12	45913292	47814925	1151	-1e-04
TAKEN_p_TCGAb_379_400_FFPE_NSP_GenomeWideSNP_6_E02_1513266	12	47816463	47817457	2	-1.5708
TAKEN_p_TCGAb_379_400_FFPE_NSP_GenomeWideSNP_6_E02_1513266	12	47817901	48724820	564	-0.0014
TAKEN_p_TCGAb_379_400_FFPE_NSP_GenomeWideSNP_6_E02_1513266	12	48725019	48725415	5	-0.7502
TAKEN_p_TCGAb_379_400_FFPE_NSP_GenomeWideSNP_6_E02_1513266	12	48730036	70871858	13479	0.0051
TAKEN_p_TCGAb_379_400_FFPE_NSP_GenomeWideSNP_6_E02_1513266	12	70872675	70879433	11	-0.5551
TAKEN_p_TCGAb_379_400_FFPE_NSP_GenomeWideSNP_6_E02_1513266	12	70879659	75179421	2652	-0.0014
TAKEN_p_TCGAb_379_400_FFPE_NSP_GenomeWideSNP_6_E02_1513266	12	75185912	75186314	3	-1.3275
TAKEN_p_TCGAb_379_400_FFPE_NSP_GenomeWideSNP_6_E02_1513266	12	75187700	133778189	38698	0.0022
TAKEN_p_TCGAb_379_400_FFPE_NSP_GenomeWideSNP_6_E02_1513266	13	19026949	20892398	951	-0.0054
TAKEN_p_TCGAb_379_400_FFPE_NSP_GenomeWideSNP_6_E02_1513266	13	20892604	20892689	2	-1.3744
TAKEN_p_TCGAb_379_400_FFPE_NSP_GenomeWideSNP_6_E02_1513266	13	20893431	57751096	25181	0.0048
TAKEN_p_TCGAb_379_400_FFPE_NSP_GenomeWideSNP_6_E02_1513266	13	57758270	57778380	34	0.6275
TAKEN_p_TCGAb_379_400_FFPE_NSP_GenomeWideSNP_6_E02_1513266	13	57789714	59919661	1288	0.005
TAKEN_p_TCGAb_379_400_FFPE_NSP_GenomeWideSNP_6_E02_1513266	13	59920908	59921583	2	-1.2942
TAKEN_p_TCGAb_379_400_FFPE_NSP_GenomeWideSNP_6_E02_1513266	13	59922495	62962910	1830	-0.0077
TAKEN_p_TCGAb_379_400_FFPE_NSP_GenomeWideSNP_6_E02_1513266	13	62963278	62963600	2	-1.6106
TAKEN_p_TCGAb_379_400_FFPE_NSP_GenomeWideSNP_6_E02_1513266	13	62967188	85275282	14532	0.0018
TAKEN_p_TCGAb_379_400_FFPE_NSP_GenomeWideSNP_6_E02_1513266	13	85285674	85449937	119	0.6309
TAKEN_p_TCGAb_379_400_FFPE_NSP_GenomeWideSNP_6_E02_1513266	13	85457391	115108397	20399	0.0022
TAKEN_p_TCGAb_379_400_FFPE_NSP_GenomeWideSNP_6_E02_1513266	14	19002124	19438611	33	-0.009
TAKEN_p_TCGAb_379_400_FFPE_NSP_GenomeWideSNP_6_E02_1513266	14	19451076	19469520	5	0.7132
TAKEN_p_TCGAb_379_400_FFPE_NSP_GenomeWideSNP_6_E02_1513266	14	19541714	19602674	5	-0.2164
TAKEN_p_TCGAb_379_400_FFPE_NSP_GenomeWideSNP_6_E02_1513266	14	19604114	19731410	10	-0.728
TAKEN_p_TCGAb_379_400_FFPE_NSP_GenomeWideSNP_6_E02_1513266	14	19772018	20100326	22	0.0392
TAKEN_p_TCGAb_379_400_FFPE_NSP_GenomeWideSNP_6_E02_1513266	14	20105491	20118883	2	-1.4212
TAKEN_p_TCGAb_379_400_FFPE_NSP_GenomeWideSNP_6_E02_1513266	14	20135224	20157843	4	-0.2181
TAKEN_p_TCGAb_379_400_FFPE_NSP_GenomeWideSNP_6_E02_1513266	14	20200183	20413671	100	0.1996
TAKEN_p_TCGAb_379_400_FFPE_NSP_GenomeWideSNP_6_E02_1513266	14	20413858	41608358	13660	0.0045
TAKEN_p_TCGAb_379_400_FFPE_NSP_GenomeWideSNP_6_E02_1513266	14	41610496	41657349	15	-0.773
TAKEN_p_TCGAb_379_400_FFPE_NSP_GenomeWideSNP_6_E02_1513266	14	41670102	42987505	851	-0.0098
TAKEN_p_TCGAb_379_400_FFPE_NSP_GenomeWideSNP_6_E02_1513266	14	42987866	42992434	3	-1.1636
TAKEN_p_TCGAb_379_400_FFPE_NSP_GenomeWideSNP_6_E02_1513266	14	42995511	46618630	2027	0.0081
TAKEN_p_TCGAb_379_400_FFPE_NSP_GenomeWideSNP_6_E02_1513266	14	46622307	46630286	6	1.1826
TAKEN_p_TCGAb_379_400_FFPE_NSP_GenomeWideSNP_6_E02_1513266	14	46637981	48227037	987	-1e-04
TAKEN_p_TCGAb_379_400_FFPE_NSP_GenomeWideSNP_6_E02_1513266	14	48231967	48277451	30	-1.0845
TAKEN_p_TCGAb_379_400_FFPE_NSP_GenomeWideSNP_6_E02_1513266	14	48286588	62152283	9061	0.0038
TAKEN_p_TCGAb_379_400_FFPE_NSP_GenomeWideSNP_6_E02_1513266	14	62154040	62157051	2	-2.3036
TAKEN_p_TCGAb_379_400_FFPE_NSP_GenomeWideSNP_6_E02_1513266	14	62157142	106530364	28357	0.0036
TAKEN_p_TCGAb_379_400_FFPE_NSP_GenomeWideSNP_6_E02_1513266	14	106530687	106567100	17	-0.6778
TAKEN_p_TCGAb_379_400_FFPE_NSP_GenomeWideSNP_6_E02_1513266	14	106569463	106796697	105	0.065
TAKEN_p_TCGAb_379_400_FFPE_NSP_GenomeWideSNP_6_E02_1513266	14	106801355	106821736	8	-0.9293
TAKEN_p_TCGAb_379_400_FFPE_NSP_GenomeWideSNP_6_E02_1513266	14	106825916	107160325	215	0.0295
TAKEN_p_TCGAb_379_400_FFPE_NSP_GenomeWideSNP_6_E02_1513266	14	107160399	107176213	13	-0.6731
TAKEN_p_TCGAb_379_400_FFPE_NSP_GenomeWideSNP_6_E02_1513266	14	107177931	107285437	76	-0.0108
TAKEN_p_TCGAb_379_400_FFPE_NSP_GenomeWideSNP_6_E02_1513266	15	20016328	20830582	158	0.0226
TAKEN_p_TCGAb_379_400_FFPE_NSP_GenomeWideSNP_6_E02_1513266	15	20843562	22751245	268	0.2524
TAKEN_p_TCGAb_379_400_FFPE_NSP_GenomeWideSNP_6_E02_1513266	15	22751256	23101360	263	-0.0528
TAKEN_p_TCGAb_379_400_FFPE_NSP_GenomeWideSNP_6_E02_1513266	15	23107109	23124889	7	-1.0355
TAKEN_p_TCGAb_379_400_FFPE_NSP_GenomeWideSNP_6_E02_1513266	15	23136164	24641397	723	0.0071
TAKEN_p_TCGAb_379_400_FFPE_NSP_GenomeWideSNP_6_E02_1513266	15	24641662	24725293	49	-0.5299
TAKEN_p_TCGAb_379_400_FFPE_NSP_GenomeWideSNP_6_E02_1513266	15	24727231	30546013	3676	0.0039
TAKEN_p_TCGAb_379_400_FFPE_NSP_GenomeWideSNP_6_E02_1513266	15	30552145	30561567	2	-1.2905
TAKEN_p_TCGAb_379_400_FFPE_NSP_GenomeWideSNP_6_E02_1513266	15	30562770	58081272	17299	0.0039
TAKEN_p_TCGAb_379_400_FFPE_NSP_GenomeWideSNP_6_E02_1513266	15	58081846	58083428	3	-1.9436
TAKEN_p_TCGAb_379_400_FFPE_NSP_GenomeWideSNP_6_E02_1513266	15	58088391	76878362	11916	0.0024
TAKEN_p_TCGAb_379_400_FFPE_NSP_GenomeWideSNP_6_E02_1513266	15	76891241	76892041	9	-3.5928
TAKEN_p_TCGAb_379_400_FFPE_NSP_GenomeWideSNP_6_E02_1513266	15	76892193	76895775	13	-1.9529
TAKEN_p_TCGAb_379_400_FFPE_NSP_GenomeWideSNP_6_E02_1513266	15	76902179	86508959	5567	3e-04
TAKEN_p_TCGAb_379_400_FFPE_NSP_GenomeWideSNP_6_E02_1513266	15	86511894	86521133	7	-1.3723
TAKEN_p_TCGAb_379_400_FFPE_NSP_GenomeWideSNP_6_E02_1513266	15	86521837	92765705	4669	0.0021
TAKEN_p_TCGAb_379_400_FFPE_NSP_GenomeWideSNP_6_E02_1513266	15	92765755	92766758	5	0.9366
TAKEN_p_TCGAb_379_400_FFPE_NSP_GenomeWideSNP_6_E02_1513266	15	92766830	100650941	6055	0.0041
TAKEN_p_TCGAb_379_400_FFPE_NSP_GenomeWideSNP_6_E02_1513266	15	100651726	100651832	2	-1.1934
TAKEN_p_TCGAb_379_400_FFPE_NSP_GenomeWideSNP_6_E02_1513266	15	100652903	102469040	1388	0.0026
TAKEN_p_TCGAb_379_400_FFPE_NSP_GenomeWideSNP_6_E02_1513266	16	60777	6439862	3615	-0.008
TAKEN_p_TCGAb_379_400_FFPE_NSP_GenomeWideSNP_6_E02_1513266	16	6443756	6473197	42	-1.0095
TAKEN_p_TCGAb_379_400_FFPE_NSP_GenomeWideSNP_6_E02_1513266	16	6478898	21352038	10800	0.0066
TAKEN_p_TCGAb_379_400_FFPE_NSP_GenomeWideSNP_6_E02_1513266	16	21360314	21593634	33	-0.4755
TAKEN_p_TCGAb_379_400_FFPE_NSP_GenomeWideSNP_6_E02_1513266	16	21596313	22557932	365	-0.0498
TAKEN_p_TCGAb_379_400_FFPE_NSP_GenomeWideSNP_6_E02_1513266	16	22558311	22710742	72	-0.4167
TAKEN_p_TCGAb_379_400_FFPE_NSP_GenomeWideSNP_6_E02_1513266	16	22712979	32280356	5188	-0.0015
TAKEN_p_TCGAb_379_400_FFPE_NSP_GenomeWideSNP_6_E02_1513266	16	32282422	33776085	242	0.2081
TAKEN_p_TCGAb_379_400_FFPE_NSP_GenomeWideSNP_6_E02_1513266	16	33794655	34459709	193	-0.0186
TAKEN_p_TCGAb_379_400_FFPE_NSP_GenomeWideSNP_6_E02_1513266	16	34466571	34757071	169	0.5873
TAKEN_p_TCGAb_379_400_FFPE_NSP_GenomeWideSNP_6_E02_1513266	16	34760967	62874626	11055	-2e-04
TAKEN_p_TCGAb_379_400_FFPE_NSP_GenomeWideSNP_6_E02_1513266	16	62877064	62943728	46	-1.0398
TAKEN_p_TCGAb_379_400_FFPE_NSP_GenomeWideSNP_6_E02_1513266	16	62947056	62987474	26	0.0057
TAKEN_p_TCGAb_379_400_FFPE_NSP_GenomeWideSNP_6_E02_1513266	16	62987878	62988074	2	-1.4082
TAKEN_p_TCGAb_379_400_FFPE_NSP_GenomeWideSNP_6_E02_1513266	16	62989090	73732603	6235	0.0011
TAKEN_p_TCGAb_379_400_FFPE_NSP_GenomeWideSNP_6_E02_1513266	16	73735142	73736175	2	-1.2695
TAKEN_p_TCGAb_379_400_FFPE_NSP_GenomeWideSNP_6_E02_1513266	16	73738444	74073183	295	0.005
TAKEN_p_TCGAb_379_400_FFPE_NSP_GenomeWideSNP_6_E02_1513266	16	74077319	74077735	2	-1.1494
TAKEN_p_TCGAb_379_400_FFPE_NSP_GenomeWideSNP_6_E02_1513266	16	74077935	78371608	3405	0.0047
TAKEN_p_TCGAb_379_400_FFPE_NSP_GenomeWideSNP_6_E02_1513266	16	78372440	78384765	17	0.8624
TAKEN_p_TCGAb_379_400_FFPE_NSP_GenomeWideSNP_6_E02_1513266	16	78385001	78654819	372	0.0215
TAKEN_p_TCGAb_379_400_FFPE_NSP_GenomeWideSNP_6_E02_1513266	16	78657737	78657827	2	-1.5567
TAKEN_p_TCGAb_379_400_FFPE_NSP_GenomeWideSNP_6_E02_1513266	16	78657904	90287535	10275	6e-04
TAKEN_p_TCGAb_379_400_FFPE_NSP_GenomeWideSNP_6_E02_1513266	17	526	18355392	11444	-0.0033
TAKEN_p_TCGAb_379_400_FFPE_NSP_GenomeWideSNP_6_E02_1513266	17	18358946	18380394	11	-0.8917
TAKEN_p_TCGAb_379_400_FFPE_NSP_GenomeWideSNP_6_E02_1513266	17	18381811	34411652	6918	5e-04
TAKEN_p_TCGAb_379_400_FFPE_NSP_GenomeWideSNP_6_E02_1513266	17	34415479	34816256	63	-0.2714
TAKEN_p_TCGAb_379_400_FFPE_NSP_GenomeWideSNP_6_E02_1513266	17	34819191	39423014	2538	0.0057
TAKEN_p_TCGAb_379_400_FFPE_NSP_GenomeWideSNP_6_E02_1513266	17	39423026	39430531	23	-1.527
TAKEN_p_TCGAb_379_400_FFPE_NSP_GenomeWideSNP_6_E02_1513266	17	39432724	41438590	1110	-0.0121
TAKEN_p_TCGAb_379_400_FFPE_NSP_GenomeWideSNP_6_E02_1513266	17	41439686	41439921	2	-1.1661
TAKEN_p_TCGAb_379_400_FFPE_NSP_GenomeWideSNP_6_E02_1513266	17	41443704	43655090	1054	0.0032
TAKEN_p_TCGAb_379_400_FFPE_NSP_GenomeWideSNP_6_E02_1513266	17	43656380	43659426	6	-0.6615
TAKEN_p_TCGAb_379_400_FFPE_NSP_GenomeWideSNP_6_E02_1513266	17	43664693	44364170	463	-0.0148
TAKEN_p_TCGAb_379_400_FFPE_NSP_GenomeWideSNP_6_E02_1513266	17	44394412	44752300	48	0.6699
TAKEN_p_TCGAb_379_400_FFPE_NSP_GenomeWideSNP_6_E02_1513266	17	44764994	81049726	21623	-0.0023
TAKEN_p_TCGAb_379_400_FFPE_NSP_GenomeWideSNP_6_E02_1513266	18	11543	40051678	24088	2e-04
TAKEN_p_TCGAb_379_400_FFPE_NSP_GenomeWideSNP_6_E02_1513266	18	40056569	40057767	25	-0.8679
TAKEN_p_TCGAb_379_400_FFPE_NSP_GenomeWideSNP_6_E02_1513266	18	40058395	41970535	1124	0.0036
TAKEN_p_TCGAb_379_400_FFPE_NSP_GenomeWideSNP_6_E02_1513266	18	41974015	41982671	9	-0.9634
TAKEN_p_TCGAb_379_400_FFPE_NSP_GenomeWideSNP_6_E02_1513266	18	41983065	45588334	2550	0.0024
TAKEN_p_TCGAb_379_400_FFPE_NSP_GenomeWideSNP_6_E02_1513266	18	45588763	45591325	3	-1.2881
TAKEN_p_TCGAb_379_400_FFPE_NSP_GenomeWideSNP_6_E02_1513266	18	45591871	57918088	8520	0.0022
TAKEN_p_TCGAb_379_400_FFPE_NSP_GenomeWideSNP_6_E02_1513266	18	57918112	57918351	4	-0.9076
TAKEN_p_TCGAb_379_400_FFPE_NSP_GenomeWideSNP_6_E02_1513266	18	57922111	63721579	4063	0.0023
TAKEN_p_TCGAb_379_400_FFPE_NSP_GenomeWideSNP_6_E02_1513266	18	63727492	63728340	12	-0.6651
TAKEN_p_TCGAb_379_400_FFPE_NSP_GenomeWideSNP_6_E02_1513266	18	63732738	63762300	47	0.0108
TAKEN_p_TCGAb_379_400_FFPE_NSP_GenomeWideSNP_6_E02_1513266	18	63767140	63775595	4	1.0656
TAKEN_p_TCGAb_379_400_FFPE_NSP_GenomeWideSNP_6_E02_1513266	18	63777130	63906866	97	-0.0155
TAKEN_p_TCGAb_379_400_FFPE_NSP_GenomeWideSNP_6_E02_1513266	18	63907434	63911589	10	-1.0087
TAKEN_p_TCGAb_379_400_FFPE_NSP_GenomeWideSNP_6_E02_1513266	18	63911876	78015057	10279	0.0032
TAKEN_p_TCGAb_379_400_FFPE_NSP_GenomeWideSNP_6_E02_1513266	19	90910	5506659	1598	-0.0108
TAKEN_p_TCGAb_379_400_FFPE_NSP_GenomeWideSNP_6_E02_1513266	19	5510239	5510700	4	-0.9388
TAKEN_p_TCGAb_379_400_FFPE_NSP_GenomeWideSNP_6_E02_1513266	19	5513059	24460818	9635	-0.0096
TAKEN_p_TCGAb_379_400_FFPE_NSP_GenomeWideSNP_6_E02_1513266	19	24461420	24464957	9	-1.0161
TAKEN_p_TCGAb_379_400_FFPE_NSP_GenomeWideSNP_6_E02_1513266	19	24487682	31284806	2431	-0.0048
TAKEN_p_TCGAb_379_400_FFPE_NSP_GenomeWideSNP_6_E02_1513266	19	31288118	31288540	2	-1.2552
TAKEN_p_TCGAb_379_400_FFPE_NSP_GenomeWideSNP_6_E02_1513266	19	31290599	41360143	5973	-0.001
TAKEN_p_TCGAb_379_400_FFPE_NSP_GenomeWideSNP_6_E02_1513266	19	41360172	41380946	29	-0.8701
TAKEN_p_TCGAb_379_400_FFPE_NSP_GenomeWideSNP_6_E02_1513266	19	41392155	46906997	2784	-0.006
TAKEN_p_TCGAb_379_400_FFPE_NSP_GenomeWideSNP_6_E02_1513266	19	46911127	46912017	3	-1.1308
TAKEN_p_TCGAb_379_400_FFPE_NSP_GenomeWideSNP_6_E02_1513266	19	46913749	48401862	633	8e-04
TAKEN_p_TCGAb_379_400_FFPE_NSP_GenomeWideSNP_6_E02_1513266	19	48401933	48402223	5	-0.9967
TAKEN_p_TCGAb_379_400_FFPE_NSP_GenomeWideSNP_6_E02_1513266	19	48462630	48531312	91	-0.0177
TAKEN_p_TCGAb_379_400_FFPE_NSP_GenomeWideSNP_6_E02_1513266	19	48531330	48531332	2	-2.3473
TAKEN_p_TCGAb_379_400_FFPE_NSP_GenomeWideSNP_6_E02_1513266	19	48531376	53518514	2726	-0.0084
TAKEN_p_TCGAb_379_400_FFPE_NSP_GenomeWideSNP_6_E02_1513266	19	53518747	53552229	22	0.3947
TAKEN_p_TCGAb_379_400_FFPE_NSP_GenomeWideSNP_6_E02_1513266	19	53554240	56282369	1563	-0.0093
TAKEN_p_TCGAb_379_400_FFPE_NSP_GenomeWideSNP_6_E02_1513266	19	56282535	56283067	3	-1.4915
TAKEN_p_TCGAb_379_400_FFPE_NSP_GenomeWideSNP_6_E02_1513266	19	56286293	58940514	1796	-0.0124
TAKEN_p_TCGAb_379_400_FFPE_NSP_GenomeWideSNP_6_E02_1513266	19	58943408	58944375	2	-1.3342
TAKEN_p_TCGAb_379_400_FFPE_NSP_GenomeWideSNP_6_E02_1513266	19	58946056	59097854	52	-0.0973
TAKEN_p_TCGAb_379_400_FFPE_NSP_GenomeWideSNP_6_E02_1513266	20	61305	1560999	1206	-0.0041
TAKEN_p_TCGAb_379_400_FFPE_NSP_GenomeWideSNP_6_E02_1513266	20	1561580	1593893	41	2.8563
TAKEN_p_TCGAb_379_400_FFPE_NSP_GenomeWideSNP_6_E02_1513266	20	1597946	29428523	18818	0.0011
TAKEN_p_TCGAb_379_400_FFPE_NSP_GenomeWideSNP_6_E02_1513266	20	29436802	29505893	20	-0.7419
TAKEN_p_TCGAb_379_400_FFPE_NSP_GenomeWideSNP_6_E02_1513266	20	29527893	60212494	21221	4e-04
TAKEN_p_TCGAb_379_400_FFPE_NSP_GenomeWideSNP_6_E02_1513266	20	60214201	60218578	4	-0.8742
TAKEN_p_TCGAb_379_400_FFPE_NSP_GenomeWideSNP_6_E02_1513266	20	60219483	62916068	1192	-0.0137
TAKEN_p_TCGAb_379_400_FFPE_NSP_GenomeWideSNP_6_E02_1513266	20	62954695	62956153	5	-1.1348
TAKEN_p_TCGAb_379_400_FFPE_NSP_GenomeWideSNP_6_E02_1513266	21	10736871	10942932	34	-0.3184
TAKEN_p_TCGAb_379_400_FFPE_NSP_GenomeWideSNP_6_E02_1513266	21	10943554	20056087	3682	0.0133
TAKEN_p_TCGAb_379_400_FFPE_NSP_GenomeWideSNP_6_E02_1513266	21	20057678	20080934	27	0.6137
TAKEN_p_TCGAb_379_400_FFPE_NSP_GenomeWideSNP_6_E02_1513266	21	20081875	23651134	2730	-0.005
TAKEN_p_TCGAb_379_400_FFPE_NSP_GenomeWideSNP_6_E02_1513266	21	23655900	23664658	9	-0.8859
TAKEN_p_TCGAb_379_400_FFPE_NSP_GenomeWideSNP_6_E02_1513266	21	23666999	48096957	17942	-4e-04
TAKEN_p_TCGAb_379_400_FFPE_NSP_GenomeWideSNP_6_E02_1513266	22	16052528	16399151	54	-0.2226
TAKEN_p_TCGAb_379_400_FFPE_NSP_GenomeWideSNP_6_E02_1513266	22	16402835	18655860	1160	0.0076
TAKEN_p_TCGAb_379_400_FFPE_NSP_GenomeWideSNP_6_E02_1513266	22	18672885	19006984	110	0.6436
TAKEN_p_TCGAb_379_400_FFPE_NSP_GenomeWideSNP_6_E02_1513266	22	19024806	24271745	3267	-0.0133
TAKEN_p_TCGAb_379_400_FFPE_NSP_GenomeWideSNP_6_E02_1513266	22	24283016	24344422	33	0.3618
TAKEN_p_TCGAb_379_400_FFPE_NSP_GenomeWideSNP_6_E02_1513266	22	24350529	24396814	19	-2.1614
TAKEN_p_TCGAb_379_400_FFPE_NSP_GenomeWideSNP_6_E02_1513266	22	24401529	39290920	10831	-0.0013
TAKEN_p_TCGAb_379_400_FFPE_NSP_GenomeWideSNP_6_E02_1513266	22	39295255	39296904	3	-1.0668
TAKEN_p_TCGAb_379_400_FFPE_NSP_GenomeWideSNP_6_E02_1513266	22	39299114	39351466	38	0.0116
TAKEN_p_TCGAb_379_400_FFPE_NSP_GenomeWideSNP_6_E02_1513266	22	39363619	39389720	27	-0.8142
TAKEN_p_TCGAb_379_400_FFPE_NSP_GenomeWideSNP_6_E02_1513266	22	39389751	51234455	8031	-0.005
TAKEN_p_TCGAb_379_400_FFPE_NSP_GenomeWideSNP_6_E02_1513266	X	168477	76514148	40178	3e-04
TAKEN_p_TCGAb_379_400_FFPE_NSP_GenomeWideSNP_6_E02_1513266	X	76517352	76523952	2	1.6902
TAKEN_p_TCGAb_379_400_FFPE_NSP_GenomeWideSNP_6_E02_1513266	X	76545159	85189598	4431	-0.0048
TAKEN_p_TCGAb_379_400_FFPE_NSP_GenomeWideSNP_6_E02_1513266	X	85190223	85190420	3	-1.3818
TAKEN_p_TCGAb_379_400_FFPE_NSP_GenomeWideSNP_6_E02_1513266	X	85191032	155182354	40011	0.0034
TAKEN_p_TCGAb_379_400_FFPE_NSP_GenomeWideSNP_6_E02_1513266	Y	2650438	2952132	143	-3.5245
TAKEN_p_TCGAb_379_400_FFPE_NSP_GenomeWideSNP_6_E02_1513266	Y	2956012	6095224	721	-2.7129
TAKEN_p_TCGAb_379_400_FFPE_NSP_GenomeWideSNP_6_E02_1513266	Y	6096611	6422525	132	-3.8619
TAKEN_p_TCGAb_379_400_FFPE_NSP_GenomeWideSNP_6_E02_1513266	Y	6424299	6588027	44	-2.468
TAKEN_p_TCGAb_379_400_FFPE_NSP_GenomeWideSNP_6_E02_1513266	Y	6592677	26432667	6945	-3.5081
TAKEN_p_TCGAb_379_400_FFPE_NSP_GenomeWideSNP_6_E02_1513266	Y	26433358	26469059	15	-1.2869
TAKEN_p_TCGAb_379_400_FFPE_NSP_GenomeWideSNP_6_E02_1513266	Y	26473956	26510575	9	-2.8415
TAKEN_p_TCGAb_379_400_FFPE_NSP_GenomeWideSNP_6_E02_1513266	Y	26510799	27451188	100	-3.8207
TAKEN_p_TCGAb_379_400_FFPE_NSP_GenomeWideSNP_6_E02_1513266	Y	27451727	27529084	29	-2.1982
TAKEN_p_TCGAb_379_400_FFPE_NSP_GenomeWideSNP_6_E02_1513266	Y	27535030	28459221	319	-3.494
TAKEN_p_TCGAb_379_400_FFPE_NSP_GenomeWideSNP_6_E02_1513266	Y	28462557	59018259	173	-2.7969
