Sample	Chromosome	Start	End	Num_Probes	Segment_Mean
TAKEN_p_TCGAb_379_400_FFPE_NSP_GenomeWideSNP_6_A08_1513202	1	61735	61808	2	0.637
TAKEN_p_TCGAb_379_400_FFPE_NSP_GenomeWideSNP_6_A08_1513202	1	61823	603590	31	0.213
TAKEN_p_TCGAb_379_400_FFPE_NSP_GenomeWideSNP_6_A08_1513202	1	625470	3009969	638	-0.4233
TAKEN_p_TCGAb_379_400_FFPE_NSP_GenomeWideSNP_6_A08_1513202	1	3010586	3114952	36	0.2259
TAKEN_p_TCGAb_379_400_FFPE_NSP_GenomeWideSNP_6_A08_1513202	1	3119489	8686133	3599	-0.3955
TAKEN_p_TCGAb_379_400_FFPE_NSP_GenomeWideSNP_6_A08_1513202	1	8687866	11971749	1757	0.3046
TAKEN_p_TCGAb_379_400_FFPE_NSP_GenomeWideSNP_6_A08_1513202	1	11976632	16943613	2678	-0.3696
TAKEN_p_TCGAb_379_400_FFPE_NSP_GenomeWideSNP_6_A08_1513202	1	16943638	17005978	27	-0.031
TAKEN_p_TCGAb_379_400_FFPE_NSP_GenomeWideSNP_6_A08_1513202	1	17011450	17012741	12	0.532
TAKEN_p_TCGAb_379_400_FFPE_NSP_GenomeWideSNP_6_A08_1513202	1	17012785	17048479	23	-0.0141
TAKEN_p_TCGAb_379_400_FFPE_NSP_GenomeWideSNP_6_A08_1513202	1	17056457	17109281	14	-0.3072
TAKEN_p_TCGAb_379_400_FFPE_NSP_GenomeWideSNP_6_A08_1513202	1	17111296	17261797	69	-0.7236
TAKEN_p_TCGAb_379_400_FFPE_NSP_GenomeWideSNP_6_A08_1513202	1	17261888	18643411	1019	-0.367
TAKEN_p_TCGAb_379_400_FFPE_NSP_GenomeWideSNP_6_A08_1513202	1	18644586	18645231	3	-2.0869
TAKEN_p_TCGAb_379_400_FFPE_NSP_GenomeWideSNP_6_A08_1513202	1	18646231	31796985	7374	-0.3802
TAKEN_p_TCGAb_379_400_FFPE_NSP_GenomeWideSNP_6_A08_1513202	1	31802788	31884997	52	0.3323
TAKEN_p_TCGAb_379_400_FFPE_NSP_GenomeWideSNP_6_A08_1513202	1	31888910	39491506	4254	-0.3892
TAKEN_p_TCGAb_379_400_FFPE_NSP_GenomeWideSNP_6_A08_1513202	1	39493121	48673691	5240	1e-04
TAKEN_p_TCGAb_379_400_FFPE_NSP_GenomeWideSNP_6_A08_1513202	1	48673745	48674064	4	-1.5674
TAKEN_p_TCGAb_379_400_FFPE_NSP_GenomeWideSNP_6_A08_1513202	1	48676166	61191552	8088	-0.0249
TAKEN_p_TCGAb_379_400_FFPE_NSP_GenomeWideSNP_6_A08_1513202	1	61195274	62200717	792	0.7093
TAKEN_p_TCGAb_379_400_FFPE_NSP_GenomeWideSNP_6_A08_1513202	1	62202096	66372906	3078	-0.039
TAKEN_p_TCGAb_379_400_FFPE_NSP_GenomeWideSNP_6_A08_1513202	1	66375669	66500675	90	0.2504
TAKEN_p_TCGAb_379_400_FFPE_NSP_GenomeWideSNP_6_A08_1513202	1	66504657	66726939	172	-0.0251
TAKEN_p_TCGAb_379_400_FFPE_NSP_GenomeWideSNP_6_A08_1513202	1	66727585	66728163	3	-1.588
TAKEN_p_TCGAb_379_400_FFPE_NSP_GenomeWideSNP_6_A08_1513202	1	66730242	72768418	3975	-0.0419
TAKEN_p_TCGAb_379_400_FFPE_NSP_GenomeWideSNP_6_A08_1513202	1	72768498	72811148	47	1.0543
TAKEN_p_TCGAb_379_400_FFPE_NSP_GenomeWideSNP_6_A08_1513202	1	72811904	81912363	5845	-0.0679
TAKEN_p_TCGAb_379_400_FFPE_NSP_GenomeWideSNP_6_A08_1513202	1	81912889	81915701	2	-1.8256
TAKEN_p_TCGAb_379_400_FFPE_NSP_GenomeWideSNP_6_A08_1513202	1	81917191	85718363	2592	-0.0322
TAKEN_p_TCGAb_379_400_FFPE_NSP_GenomeWideSNP_6_A08_1513202	1	85727218	85727228	2	-1.4865
TAKEN_p_TCGAb_379_400_FFPE_NSP_GenomeWideSNP_6_A08_1513202	1	85727949	85979932	180	-0.0157
TAKEN_p_TCGAb_379_400_FFPE_NSP_GenomeWideSNP_6_A08_1513202	1	85980350	86003166	11	0.6211
TAKEN_p_TCGAb_379_400_FFPE_NSP_GenomeWideSNP_6_A08_1513202	1	86006009	106013376	12398	-0.044
TAKEN_p_TCGAb_379_400_FFPE_NSP_GenomeWideSNP_6_A08_1513202	1	106019205	106024055	18	-1.1355
TAKEN_p_TCGAb_379_400_FFPE_NSP_GenomeWideSNP_6_A08_1513202	1	106024070	110232974	2671	-0.0529
TAKEN_p_TCGAb_379_400_FFPE_NSP_GenomeWideSNP_6_A08_1513202	1	110233037	110244998	18	-1.1816
TAKEN_p_TCGAb_379_400_FFPE_NSP_GenomeWideSNP_6_A08_1513202	1	110246126	113155024	2326	-0.0277
TAKEN_p_TCGAb_379_400_FFPE_NSP_GenomeWideSNP_6_A08_1513202	1	113155944	113158260	2	-1.5534
TAKEN_p_TCGAb_379_400_FFPE_NSP_GenomeWideSNP_6_A08_1513202	1	113163438	144081043	4879	-0.0294
TAKEN_p_TCGAb_379_400_FFPE_NSP_GenomeWideSNP_6_A08_1513202	1	144471986	149245189	1272	0.6768
TAKEN_p_TCGAb_379_400_FFPE_NSP_GenomeWideSNP_6_A08_1513202	1	149246030	149422459	42	0.4347
TAKEN_p_TCGAb_379_400_FFPE_NSP_GenomeWideSNP_6_A08_1513202	1	149422617	149664041	17	0.0464
TAKEN_p_TCGAb_379_400_FFPE_NSP_GenomeWideSNP_6_A08_1513202	1	149676317	149748542	18	0.4872
TAKEN_p_TCGAb_379_400_FFPE_NSP_GenomeWideSNP_6_A08_1513202	1	149758024	152555527	1466	0.7284
TAKEN_p_TCGAb_379_400_FFPE_NSP_GenomeWideSNP_6_A08_1513202	1	152555706	152586576	34	-1.7193
TAKEN_p_TCGAb_379_400_FFPE_NSP_GenomeWideSNP_6_A08_1513202	1	152586594	152761923	173	0.7303
TAKEN_p_TCGAb_379_400_FFPE_NSP_GenomeWideSNP_6_A08_1513202	1	152761939	152778558	41	1.1355
TAKEN_p_TCGAb_379_400_FFPE_NSP_GenomeWideSNP_6_A08_1513202	1	152778576	153956391	730	0.7525
TAKEN_p_TCGAb_379_400_FFPE_NSP_GenomeWideSNP_6_A08_1513202	1	153966660	154222032	110	1.0093
TAKEN_p_TCGAb_379_400_FFPE_NSP_GenomeWideSNP_6_A08_1513202	1	154225344	155180466	497	0.7327
TAKEN_p_TCGAb_379_400_FFPE_NSP_GenomeWideSNP_6_A08_1513202	1	155189160	155201064	11	1.522
TAKEN_p_TCGAb_379_400_FFPE_NSP_GenomeWideSNP_6_A08_1513202	1	155211667	155661227	203	0.7343
TAKEN_p_TCGAb_379_400_FFPE_NSP_GenomeWideSNP_6_A08_1513202	1	155661971	155663357	2	-1.9792
TAKEN_p_TCGAb_379_400_FFPE_NSP_GenomeWideSNP_6_A08_1513202	1	155666961	158866573	2064	0.7141
TAKEN_p_TCGAb_379_400_FFPE_NSP_GenomeWideSNP_6_A08_1513202	1	158868501	158887302	15	-0.0073
TAKEN_p_TCGAb_379_400_FFPE_NSP_GenomeWideSNP_6_A08_1513202	1	158887317	166176043	5388	0.7297
TAKEN_p_TCGAb_379_400_FFPE_NSP_GenomeWideSNP_6_A08_1513202	1	166184481	166194370	10	1.3363
TAKEN_p_TCGAb_379_400_FFPE_NSP_GenomeWideSNP_6_A08_1513202	1	166195702	169216937	2307	0.7335
TAKEN_p_TCGAb_379_400_FFPE_NSP_GenomeWideSNP_6_A08_1513202	1	169233974	169241766	7	1.3859
TAKEN_p_TCGAb_379_400_FFPE_NSP_GenomeWideSNP_6_A08_1513202	1	169242401	174796405	3526	0.7198
TAKEN_p_TCGAb_379_400_FFPE_NSP_GenomeWideSNP_6_A08_1513202	1	174796556	174801854	17	-0.3732
TAKEN_p_TCGAb_379_400_FFPE_NSP_GenomeWideSNP_6_A08_1513202	1	174801872	177504269	1786	0.6994
TAKEN_p_TCGAb_379_400_FFPE_NSP_GenomeWideSNP_6_A08_1513202	1	177507727	180871202	2248	1.153
TAKEN_p_TCGAb_379_400_FFPE_NSP_GenomeWideSNP_6_A08_1513202	1	180876314	180884601	4	0.1722
TAKEN_p_TCGAb_379_400_FFPE_NSP_GenomeWideSNP_6_A08_1513202	1	180886762	181912081	802	1.1221
TAKEN_p_TCGAb_379_400_FFPE_NSP_GenomeWideSNP_6_A08_1513202	1	181912132	196714873	9832	0.7103
TAKEN_p_TCGAb_379_400_FFPE_NSP_GenomeWideSNP_6_A08_1513202	1	196727850	196732086	4	-1.6373
TAKEN_p_TCGAb_379_400_FFPE_NSP_GenomeWideSNP_6_A08_1513202	1	196738623	196812507	90	0.3104
TAKEN_p_TCGAb_379_400_FFPE_NSP_GenomeWideSNP_6_A08_1513202	1	196812530	199107702	1382	0.7222
TAKEN_p_TCGAb_379_400_FFPE_NSP_GenomeWideSNP_6_A08_1513202	1	199111363	199113840	9	-1.519
TAKEN_p_TCGAb_379_400_FFPE_NSP_GenomeWideSNP_6_A08_1513202	1	199114238	201945957	1982	0.7794
TAKEN_p_TCGAb_379_400_FFPE_NSP_GenomeWideSNP_6_A08_1513202	1	201947072	201976480	16	0.3353
TAKEN_p_TCGAb_379_400_FFPE_NSP_GenomeWideSNP_6_A08_1513202	1	201986984	237121511	23975	0.7363
TAKEN_p_TCGAb_379_400_FFPE_NSP_GenomeWideSNP_6_A08_1513202	1	237124179	237182424	57	1.163
TAKEN_p_TCGAb_379_400_FFPE_NSP_GenomeWideSNP_6_A08_1513202	1	237189528	240391740	2616	0.6712
TAKEN_p_TCGAb_379_400_FFPE_NSP_GenomeWideSNP_6_A08_1513202	1	240394015	240394124	5	-1.9777
TAKEN_p_TCGAb_379_400_FFPE_NSP_GenomeWideSNP_6_A08_1513202	1	240394139	243939568	2617	0.7006
TAKEN_p_TCGAb_379_400_FFPE_NSP_GenomeWideSNP_6_A08_1513202	1	243941652	244105678	108	1.1398
TAKEN_p_TCGAb_379_400_FFPE_NSP_GenomeWideSNP_6_A08_1513202	1	244109658	246922496	1915	0.736
TAKEN_p_TCGAb_379_400_FFPE_NSP_GenomeWideSNP_6_A08_1513202	1	246926465	247172257	174	1.1412
TAKEN_p_TCGAb_379_400_FFPE_NSP_GenomeWideSNP_6_A08_1513202	1	247177956	248022379	557	0.7085
TAKEN_p_TCGAb_379_400_FFPE_NSP_GenomeWideSNP_6_A08_1513202	1	248024763	248025951	2	-0.5134
TAKEN_p_TCGAb_379_400_FFPE_NSP_GenomeWideSNP_6_A08_1513202	1	248028037	248709670	380	0.7086
TAKEN_p_TCGAb_379_400_FFPE_NSP_GenomeWideSNP_6_A08_1513202	1	248713868	248795289	35	0.0271
TAKEN_p_TCGAb_379_400_FFPE_NSP_GenomeWideSNP_6_A08_1513202	1	248795852	249224388	148	0.7234
TAKEN_p_TCGAb_379_400_FFPE_NSP_GenomeWideSNP_6_A08_1513202	2	12784	16411	3	-1.4049
TAKEN_p_TCGAb_379_400_FFPE_NSP_GenomeWideSNP_6_A08_1513202	2	21833	6268752	4656	-0.0513
TAKEN_p_TCGAb_379_400_FFPE_NSP_GenomeWideSNP_6_A08_1513202	2	6268863	6268993	2	-1.806
TAKEN_p_TCGAb_379_400_FFPE_NSP_GenomeWideSNP_6_A08_1513202	2	6272579	29056403	15530	-0.0342
TAKEN_p_TCGAb_379_400_FFPE_NSP_GenomeWideSNP_6_A08_1513202	2	29060057	29426938	274	0.2523
TAKEN_p_TCGAb_379_400_FFPE_NSP_GenomeWideSNP_6_A08_1513202	2	29428146	29428355	6	-0.5933
TAKEN_p_TCGAb_379_400_FFPE_NSP_GenomeWideSNP_6_A08_1513202	2	29428370	31782791	1820	0.0286
TAKEN_p_TCGAb_379_400_FFPE_NSP_GenomeWideSNP_6_A08_1513202	2	31786992	31792910	9	-1.1329
TAKEN_p_TCGAb_379_400_FFPE_NSP_GenomeWideSNP_6_A08_1513202	2	31794439	32846315	413	-0.0229
TAKEN_p_TCGAb_379_400_FFPE_NSP_GenomeWideSNP_6_A08_1513202	2	32847060	32879162	18	0.5214
TAKEN_p_TCGAb_379_400_FFPE_NSP_GenomeWideSNP_6_A08_1513202	2	32881435	34820764	1492	-0.0438
TAKEN_p_TCGAb_379_400_FFPE_NSP_GenomeWideSNP_6_A08_1513202	2	34828677	34828994	3	-1.3023
TAKEN_p_TCGAb_379_400_FFPE_NSP_GenomeWideSNP_6_A08_1513202	2	34829016	52754561	13001	-0.0381
TAKEN_p_TCGAb_379_400_FFPE_NSP_GenomeWideSNP_6_A08_1513202	2	52754728	52754881	3	-2.1816
TAKEN_p_TCGAb_379_400_FFPE_NSP_GenomeWideSNP_6_A08_1513202	2	52758753	63246342	6909	-0.0397
TAKEN_p_TCGAb_379_400_FFPE_NSP_GenomeWideSNP_6_A08_1513202	2	63251145	63474904	76	0.2352
TAKEN_p_TCGAb_379_400_FFPE_NSP_GenomeWideSNP_6_A08_1513202	2	63488790	73859624	6605	-0.0304
TAKEN_p_TCGAb_379_400_FFPE_NSP_GenomeWideSNP_6_A08_1513202	2	73866509	74129712	133	0.3005
TAKEN_p_TCGAb_379_400_FFPE_NSP_GenomeWideSNP_6_A08_1513202	2	74139262	97873036	10369	-0.0495
TAKEN_p_TCGAb_379_400_FFPE_NSP_GenomeWideSNP_6_A08_1513202	2	97873321	97898583	9	-0.4149
TAKEN_p_TCGAb_379_400_FFPE_NSP_GenomeWideSNP_6_A08_1513202	2	97898653	98025647	19	0.2193
TAKEN_p_TCGAb_379_400_FFPE_NSP_GenomeWideSNP_6_A08_1513202	2	98063372	98168606	14	0.8357
TAKEN_p_TCGAb_379_400_FFPE_NSP_GenomeWideSNP_6_A08_1513202	2	98173428	99415588	669	0.24
TAKEN_p_TCGAb_379_400_FFPE_NSP_GenomeWideSNP_6_A08_1513202	2	99420256	105877751	4033	-0.0391
TAKEN_p_TCGAb_379_400_FFPE_NSP_GenomeWideSNP_6_A08_1513202	2	105881350	106077869	152	0.2703
TAKEN_p_TCGAb_379_400_FFPE_NSP_GenomeWideSNP_6_A08_1513202	2	106077878	106880095	723	-0.0375
TAKEN_p_TCGAb_379_400_FFPE_NSP_GenomeWideSNP_6_A08_1513202	2	106880713	106885357	11	-1.9584
TAKEN_p_TCGAb_379_400_FFPE_NSP_GenomeWideSNP_6_A08_1513202	2	106887255	125147751	10741	0.0087
TAKEN_p_TCGAb_379_400_FFPE_NSP_GenomeWideSNP_6_A08_1513202	2	125150723	125152830	2	-2.749
TAKEN_p_TCGAb_379_400_FFPE_NSP_GenomeWideSNP_6_A08_1513202	2	125153540	130545565	3453	-0.0516
TAKEN_p_TCGAb_379_400_FFPE_NSP_GenomeWideSNP_6_A08_1513202	2	130549275	130558377	8	-1.3378
TAKEN_p_TCGAb_379_400_FFPE_NSP_GenomeWideSNP_6_A08_1513202	2	130559029	138509193	4601	-0.0642
TAKEN_p_TCGAb_379_400_FFPE_NSP_GenomeWideSNP_6_A08_1513202	2	138509281	138512353	6	-1.2813
TAKEN_p_TCGAb_379_400_FFPE_NSP_GenomeWideSNP_6_A08_1513202	2	138515452	138655633	87	-0.0515
TAKEN_p_TCGAb_379_400_FFPE_NSP_GenomeWideSNP_6_A08_1513202	2	138656320	138657891	3	-1.2841
TAKEN_p_TCGAb_379_400_FFPE_NSP_GenomeWideSNP_6_A08_1513202	2	138665199	148938709	6130	-0.0715
TAKEN_p_TCGAb_379_400_FFPE_NSP_GenomeWideSNP_6_A08_1513202	2	148942083	150296335	680	0.246
TAKEN_p_TCGAb_379_400_FFPE_NSP_GenomeWideSNP_6_A08_1513202	2	150299440	157172420	4450	-0.0406
TAKEN_p_TCGAb_379_400_FFPE_NSP_GenomeWideSNP_6_A08_1513202	2	157173952	157332207	75	0.2475
TAKEN_p_TCGAb_379_400_FFPE_NSP_GenomeWideSNP_6_A08_1513202	2	157334326	158800320	798	-0.0269
TAKEN_p_TCGAb_379_400_FFPE_NSP_GenomeWideSNP_6_A08_1513202	2	158800532	158804843	7	-0.8749
TAKEN_p_TCGAb_379_400_FFPE_NSP_GenomeWideSNP_6_A08_1513202	2	158805380	180413371	13463	-0.0323
TAKEN_p_TCGAb_379_400_FFPE_NSP_GenomeWideSNP_6_A08_1513202	2	180418211	180421854	25	-1.2724
TAKEN_p_TCGAb_379_400_FFPE_NSP_GenomeWideSNP_6_A08_1513202	2	180421869	181723099	918	-0.0587
TAKEN_p_TCGAb_379_400_FFPE_NSP_GenomeWideSNP_6_A08_1513202	2	181727706	181862579	84	0.2286
TAKEN_p_TCGAb_379_400_FFPE_NSP_GenomeWideSNP_6_A08_1513202	2	181863128	187426744	3279	-0.0528
TAKEN_p_TCGAb_379_400_FFPE_NSP_GenomeWideSNP_6_A08_1513202	2	187433948	187528635	63	0.4921
TAKEN_p_TCGAb_379_400_FFPE_NSP_GenomeWideSNP_6_A08_1513202	2	187536139	199941394	7046	-0.0499
TAKEN_p_TCGAb_379_400_FFPE_NSP_GenomeWideSNP_6_A08_1513202	2	199941993	201191787	717	0.4724
TAKEN_p_TCGAb_379_400_FFPE_NSP_GenomeWideSNP_6_A08_1513202	2	201194961	215521474	8923	-0.0352
TAKEN_p_TCGAb_379_400_FFPE_NSP_GenomeWideSNP_6_A08_1513202	2	215521816	215521967	2	1.5676
TAKEN_p_TCGAb_379_400_FFPE_NSP_GenomeWideSNP_6_A08_1513202	2	215522383	231461600	10464	-0.0394
TAKEN_p_TCGAb_379_400_FFPE_NSP_GenomeWideSNP_6_A08_1513202	2	231463330	231651038	92	0.2554
TAKEN_p_TCGAb_379_400_FFPE_NSP_GenomeWideSNP_6_A08_1513202	2	231651491	243089456	7037	-0.0233
TAKEN_p_TCGAb_379_400_FFPE_NSP_GenomeWideSNP_6_A08_1513202	3	60345	3639856	3248	-0.0964
TAKEN_p_TCGAb_379_400_FFPE_NSP_GenomeWideSNP_6_A08_1513202	3	3640271	3641415	2	-1.854
TAKEN_p_TCGAb_379_400_FFPE_NSP_GenomeWideSNP_6_A08_1513202	3	3641449	5965925	1968	-0.058
TAKEN_p_TCGAb_379_400_FFPE_NSP_GenomeWideSNP_6_A08_1513202	3	5970238	6034953	61	-0.4589
TAKEN_p_TCGAb_379_400_FFPE_NSP_GenomeWideSNP_6_A08_1513202	3	6037103	12690657	5248	-0.0544
TAKEN_p_TCGAb_379_400_FFPE_NSP_GenomeWideSNP_6_A08_1513202	3	12690664	12690674	2	-2.0379
TAKEN_p_TCGAb_379_400_FFPE_NSP_GenomeWideSNP_6_A08_1513202	3	12690703	15955434	2180	-0.0291
TAKEN_p_TCGAb_379_400_FFPE_NSP_GenomeWideSNP_6_A08_1513202	3	15956165	15965489	4	-1.6824
TAKEN_p_TCGAb_379_400_FFPE_NSP_GenomeWideSNP_6_A08_1513202	3	15965603	16239063	220	-0.044
TAKEN_p_TCGAb_379_400_FFPE_NSP_GenomeWideSNP_6_A08_1513202	3	16240556	16241179	6	-2.269
TAKEN_p_TCGAb_379_400_FFPE_NSP_GenomeWideSNP_6_A08_1513202	3	16241325	17540600	850	-0.0687
TAKEN_p_TCGAb_379_400_FFPE_NSP_GenomeWideSNP_6_A08_1513202	3	17543202	17544013	2	-3.0152
TAKEN_p_TCGAb_379_400_FFPE_NSP_GenomeWideSNP_6_A08_1513202	3	17546438	17717267	59	-0.149
TAKEN_p_TCGAb_379_400_FFPE_NSP_GenomeWideSNP_6_A08_1513202	3	17722224	17724339	3	-2.2172
TAKEN_p_TCGAb_379_400_FFPE_NSP_GenomeWideSNP_6_A08_1513202	3	17725213	30992802	9350	-0.0708
TAKEN_p_TCGAb_379_400_FFPE_NSP_GenomeWideSNP_6_A08_1513202	3	30995589	30998749	6	-1.9692
TAKEN_p_TCGAb_379_400_FFPE_NSP_GenomeWideSNP_6_A08_1513202	3	31004363	46049708	9548	-0.0449
TAKEN_p_TCGAb_379_400_FFPE_NSP_GenomeWideSNP_6_A08_1513202	3	46049836	46051713	2	-1.8263
TAKEN_p_TCGAb_379_400_FFPE_NSP_GenomeWideSNP_6_A08_1513202	3	46051743	46801864	483	-0.0538
TAKEN_p_TCGAb_379_400_FFPE_NSP_GenomeWideSNP_6_A08_1513202	3	46801961	46847616	36	-2.4241
TAKEN_p_TCGAb_379_400_FFPE_NSP_GenomeWideSNP_6_A08_1513202	3	46849179	47478509	271	-0.0491
TAKEN_p_TCGAb_379_400_FFPE_NSP_GenomeWideSNP_6_A08_1513202	3	47491822	47492720	2	1.1998
TAKEN_p_TCGAb_379_400_FFPE_NSP_GenomeWideSNP_6_A08_1513202	3	47497214	47807677	101	0.0089
TAKEN_p_TCGAb_379_400_FFPE_NSP_GenomeWideSNP_6_A08_1513202	3	47813641	47817827	4	-1.2096
TAKEN_p_TCGAb_379_400_FFPE_NSP_GenomeWideSNP_6_A08_1513202	3	47818319	50908553	1232	-0.012
TAKEN_p_TCGAb_379_400_FFPE_NSP_GenomeWideSNP_6_A08_1513202	3	50908568	50908776	2	-1.7752
TAKEN_p_TCGAb_379_400_FFPE_NSP_GenomeWideSNP_6_A08_1513202	3	50912753	52631150	669	-0.0308
TAKEN_p_TCGAb_379_400_FFPE_NSP_GenomeWideSNP_6_A08_1513202	3	52636286	52704461	35	0.7546
TAKEN_p_TCGAb_379_400_FFPE_NSP_GenomeWideSNP_6_A08_1513202	3	52704701	58792161	4140	-0.0466
TAKEN_p_TCGAb_379_400_FFPE_NSP_GenomeWideSNP_6_A08_1513202	3	58798799	58799016	2	-2.4375
TAKEN_p_TCGAb_379_400_FFPE_NSP_GenomeWideSNP_6_A08_1513202	3	58799884	60434122	1478	-0.0251
TAKEN_p_TCGAb_379_400_FFPE_NSP_GenomeWideSNP_6_A08_1513202	3	60434444	60434882	2	-2.0875
TAKEN_p_TCGAb_379_400_FFPE_NSP_GenomeWideSNP_6_A08_1513202	3	60441341	61277745	845	-0.06
TAKEN_p_TCGAb_379_400_FFPE_NSP_GenomeWideSNP_6_A08_1513202	3	61281829	61673169	305	0.4534
TAKEN_p_TCGAb_379_400_FFPE_NSP_GenomeWideSNP_6_A08_1513202	3	61673352	62174532	426	-0.073
TAKEN_p_TCGAb_379_400_FFPE_NSP_GenomeWideSNP_6_A08_1513202	3	62174753	62177258	7	-1.3237
TAKEN_p_TCGAb_379_400_FFPE_NSP_GenomeWideSNP_6_A08_1513202	3	62177399	65571695	2931	-0.0596
TAKEN_p_TCGAb_379_400_FFPE_NSP_GenomeWideSNP_6_A08_1513202	3	65572570	65612702	38	0.7367
TAKEN_p_TCGAb_379_400_FFPE_NSP_GenomeWideSNP_6_A08_1513202	3	65613957	68746164	2080	-0.0398
TAKEN_p_TCGAb_379_400_FFPE_NSP_GenomeWideSNP_6_A08_1513202	3	68746259	68747413	14	0.8174
TAKEN_p_TCGAb_379_400_FFPE_NSP_GenomeWideSNP_6_A08_1513202	3	68748758	80209292	7560	-0.0656
TAKEN_p_TCGAb_379_400_FFPE_NSP_GenomeWideSNP_6_A08_1513202	3	80209574	80211235	3	-2.1077
TAKEN_p_TCGAb_379_400_FFPE_NSP_GenomeWideSNP_6_A08_1513202	3	80211379	83239949	1693	-0.0709
TAKEN_p_TCGAb_379_400_FFPE_NSP_GenomeWideSNP_6_A08_1513202	3	83244521	83857575	262	0.6543
TAKEN_p_TCGAb_379_400_FFPE_NSP_GenomeWideSNP_6_A08_1513202	3	83861300	83861849	3	-1.6539
TAKEN_p_TCGAb_379_400_FFPE_NSP_GenomeWideSNP_6_A08_1513202	3	83864699	84001824	72	0.6359
TAKEN_p_TCGAb_379_400_FFPE_NSP_GenomeWideSNP_6_A08_1513202	3	84007928	89260274	2907	-0.0699
TAKEN_p_TCGAb_379_400_FFPE_NSP_GenomeWideSNP_6_A08_1513202	3	89260326	89260661	3	-1.3211
TAKEN_p_TCGAb_379_400_FFPE_NSP_GenomeWideSNP_6_A08_1513202	3	89260993	89286159	64	-0.1318
TAKEN_p_TCGAb_379_400_FFPE_NSP_GenomeWideSNP_6_A08_1513202	3	89295449	89296168	3	-1.5545
TAKEN_p_TCGAb_379_400_FFPE_NSP_GenomeWideSNP_6_A08_1513202	3	89296363	90485636	526	-0.0888
TAKEN_p_TCGAb_379_400_FFPE_NSP_GenomeWideSNP_6_A08_1513202	3	90485962	93870583	135	0.6586
TAKEN_p_TCGAb_379_400_FFPE_NSP_GenomeWideSNP_6_A08_1513202	3	93877010	100463187	3585	0.2307
TAKEN_p_TCGAb_379_400_FFPE_NSP_GenomeWideSNP_6_A08_1513202	3	100468500	100468776	2	-1.0584
TAKEN_p_TCGAb_379_400_FFPE_NSP_GenomeWideSNP_6_A08_1513202	3	100471347	125669048	15530	0.2278
TAKEN_p_TCGAb_379_400_FFPE_NSP_GenomeWideSNP_6_A08_1513202	3	125673383	125675963	3	-1.0351
TAKEN_p_TCGAb_379_400_FFPE_NSP_GenomeWideSNP_6_A08_1513202	3	125680500	125712213	27	0.3019
TAKEN_p_TCGAb_379_400_FFPE_NSP_GenomeWideSNP_6_A08_1513202	3	125712270	125722332	31	-0.172
TAKEN_p_TCGAb_379_400_FFPE_NSP_GenomeWideSNP_6_A08_1513202	3	125723017	145479123	12157	0.2728
TAKEN_p_TCGAb_379_400_FFPE_NSP_GenomeWideSNP_6_A08_1513202	3	145479235	145479562	2	-1.9615
TAKEN_p_TCGAb_379_400_FFPE_NSP_GenomeWideSNP_6_A08_1513202	3	145480765	157347775	7381	0.2265
TAKEN_p_TCGAb_379_400_FFPE_NSP_GenomeWideSNP_6_A08_1513202	3	157351674	157351756	2	-1.4984
TAKEN_p_TCGAb_379_400_FFPE_NSP_GenomeWideSNP_6_A08_1513202	3	157352057	162508268	3142	0.2346
TAKEN_p_TCGAb_379_400_FFPE_NSP_GenomeWideSNP_6_A08_1513202	3	162512657	162615915	64	-1.4269
TAKEN_p_TCGAb_379_400_FFPE_NSP_GenomeWideSNP_6_A08_1513202	3	162623842	172125192	5637	0.2157
TAKEN_p_TCGAb_379_400_FFPE_NSP_GenomeWideSNP_6_A08_1513202	3	172125840	172466356	266	0.8488
TAKEN_p_TCGAb_379_400_FFPE_NSP_GenomeWideSNP_6_A08_1513202	3	172473249	186379601	8521	0.2632
TAKEN_p_TCGAb_379_400_FFPE_NSP_GenomeWideSNP_6_A08_1513202	3	186383180	186383197	2	-1.1894
TAKEN_p_TCGAb_379_400_FFPE_NSP_GenomeWideSNP_6_A08_1513202	3	186383224	189360754	2275	0.2741
TAKEN_p_TCGAb_379_400_FFPE_NSP_GenomeWideSNP_6_A08_1513202	3	189363678	189370988	12	-1.132
TAKEN_p_TCGAb_379_400_FFPE_NSP_GenomeWideSNP_6_A08_1513202	3	189371014	191854712	1755	0.2503
TAKEN_p_TCGAb_379_400_FFPE_NSP_GenomeWideSNP_6_A08_1513202	3	191855182	191855819	4	-0.8849
TAKEN_p_TCGAb_379_400_FFPE_NSP_GenomeWideSNP_6_A08_1513202	3	191856805	192877902	739	0.2529
TAKEN_p_TCGAb_379_400_FFPE_NSP_GenomeWideSNP_6_A08_1513202	3	192877962	192882903	19	1.0897
TAKEN_p_TCGAb_379_400_FFPE_NSP_GenomeWideSNP_6_A08_1513202	3	192886435	192888687	18	0.2859
TAKEN_p_TCGAb_379_400_FFPE_NSP_GenomeWideSNP_6_A08_1513202	3	192888964	192888979	2	-0.858
TAKEN_p_TCGAb_379_400_FFPE_NSP_GenomeWideSNP_6_A08_1513202	3	192889242	195412212	1473	0.2976
TAKEN_p_TCGAb_379_400_FFPE_NSP_GenomeWideSNP_6_A08_1513202	3	195418263	195474763	41	-0.2326
TAKEN_p_TCGAb_379_400_FFPE_NSP_GenomeWideSNP_6_A08_1513202	3	195478694	197896118	1174	0.2873
TAKEN_p_TCGAb_379_400_FFPE_NSP_GenomeWideSNP_6_A08_1513202	4	12281	68821	59	-0.4113
TAKEN_p_TCGAb_379_400_FFPE_NSP_GenomeWideSNP_6_A08_1513202	4	68911	1710277	603	0.2661
TAKEN_p_TCGAb_379_400_FFPE_NSP_GenomeWideSNP_6_A08_1513202	4	1710515	1804276	36	0.6259
TAKEN_p_TCGAb_379_400_FFPE_NSP_GenomeWideSNP_6_A08_1513202	4	1816690	2624103	307	0.2438
TAKEN_p_TCGAb_379_400_FFPE_NSP_GenomeWideSNP_6_A08_1513202	4	2624208	2709195	55	0.5905
TAKEN_p_TCGAb_379_400_FFPE_NSP_GenomeWideSNP_6_A08_1513202	4	2716040	16657352	9841	0.2287
TAKEN_p_TCGAb_379_400_FFPE_NSP_GenomeWideSNP_6_A08_1513202	4	16658219	34778860	11935	-0.0747
TAKEN_p_TCGAb_379_400_FFPE_NSP_GenomeWideSNP_6_A08_1513202	4	34778962	34829872	45	0.3097
TAKEN_p_TCGAb_379_400_FFPE_NSP_GenomeWideSNP_6_A08_1513202	4	34829913	39458765	3226	-0.0656
TAKEN_p_TCGAb_379_400_FFPE_NSP_GenomeWideSNP_6_A08_1513202	4	39466428	39707940	104	0.3174
TAKEN_p_TCGAb_379_400_FFPE_NSP_GenomeWideSNP_6_A08_1513202	4	39708119	45929486	3823	-0.077
TAKEN_p_TCGAb_379_400_FFPE_NSP_GenomeWideSNP_6_A08_1513202	4	45930476	45930890	2	-1.589
TAKEN_p_TCGAb_379_400_FFPE_NSP_GenomeWideSNP_6_A08_1513202	4	45931065	70123510	12751	-0.057
TAKEN_p_TCGAb_379_400_FFPE_NSP_GenomeWideSNP_6_A08_1513202	4	70127644	70231799	54	0.4659
TAKEN_p_TCGAb_379_400_FFPE_NSP_GenomeWideSNP_6_A08_1513202	4	70232022	73469716	1918	-0.0587
TAKEN_p_TCGAb_379_400_FFPE_NSP_GenomeWideSNP_6_A08_1513202	4	73473469	73474060	2	-1.9546
TAKEN_p_TCGAb_379_400_FFPE_NSP_GenomeWideSNP_6_A08_1513202	4	73474681	82170175	5455	-0.0585
TAKEN_p_TCGAb_379_400_FFPE_NSP_GenomeWideSNP_6_A08_1513202	4	82171286	82321360	107	0.2315
TAKEN_p_TCGAb_379_400_FFPE_NSP_GenomeWideSNP_6_A08_1513202	4	82321879	86957979	2961	-0.0668
TAKEN_p_TCGAb_379_400_FFPE_NSP_GenomeWideSNP_6_A08_1513202	4	86959787	86983232	38	0.3512
TAKEN_p_TCGAb_379_400_FFPE_NSP_GenomeWideSNP_6_A08_1513202	4	86986528	90024739	1854	-0.0399
TAKEN_p_TCGAb_379_400_FFPE_NSP_GenomeWideSNP_6_A08_1513202	4	90025980	90170380	113	0.2769
TAKEN_p_TCGAb_379_400_FFPE_NSP_GenomeWideSNP_6_A08_1513202	4	90174968	103696810	7996	-0.0688
TAKEN_p_TCGAb_379_400_FFPE_NSP_GenomeWideSNP_6_A08_1513202	4	103700374	103837820	56	0.2423
TAKEN_p_TCGAb_379_400_FFPE_NSP_GenomeWideSNP_6_A08_1513202	4	103838660	112296987	5007	-0.0561
TAKEN_p_TCGAb_379_400_FFPE_NSP_GenomeWideSNP_6_A08_1513202	4	112297415	112309595	24	-1.282
TAKEN_p_TCGAb_379_400_FFPE_NSP_GenomeWideSNP_6_A08_1513202	4	112309614	117891668	3533	-0.0718
TAKEN_p_TCGAb_379_400_FFPE_NSP_GenomeWideSNP_6_A08_1513202	4	117891743	117891755	2	-1.9019
TAKEN_p_TCGAb_379_400_FFPE_NSP_GenomeWideSNP_6_A08_1513202	4	117891824	124354284	3779	-0.0664
TAKEN_p_TCGAb_379_400_FFPE_NSP_GenomeWideSNP_6_A08_1513202	4	124358570	125955411	996	0.2555
TAKEN_p_TCGAb_379_400_FFPE_NSP_GenomeWideSNP_6_A08_1513202	4	125959638	135995754	5652	-0.0569
TAKEN_p_TCGAb_379_400_FFPE_NSP_GenomeWideSNP_6_A08_1513202	4	135996320	136029338	17	0.5076
TAKEN_p_TCGAb_379_400_FFPE_NSP_GenomeWideSNP_6_A08_1513202	4	136030131	143794072	4980	-0.05
TAKEN_p_TCGAb_379_400_FFPE_NSP_GenomeWideSNP_6_A08_1513202	4	143794101	143800418	27	-1.0453
TAKEN_p_TCGAb_379_400_FFPE_NSP_GenomeWideSNP_6_A08_1513202	4	143800465	151914521	4608	-0.0647
TAKEN_p_TCGAb_379_400_FFPE_NSP_GenomeWideSNP_6_A08_1513202	4	151916096	151984034	27	0.3112
TAKEN_p_TCGAb_379_400_FFPE_NSP_GenomeWideSNP_6_A08_1513202	4	151985343	152512960	229	-0.0238
TAKEN_p_TCGAb_379_400_FFPE_NSP_GenomeWideSNP_6_A08_1513202	4	152522935	152560662	18	0.4691
TAKEN_p_TCGAb_379_400_FFPE_NSP_GenomeWideSNP_6_A08_1513202	4	152564813	157405257	3285	-0.0345
TAKEN_p_TCGAb_379_400_FFPE_NSP_GenomeWideSNP_6_A08_1513202	4	157407006	157408415	5	-1.1849
TAKEN_p_TCGAb_379_400_FFPE_NSP_GenomeWideSNP_6_A08_1513202	4	157415400	176261635	11732	-0.0459
TAKEN_p_TCGAb_379_400_FFPE_NSP_GenomeWideSNP_6_A08_1513202	4	176263679	176264480	2	-1.6768
TAKEN_p_TCGAb_379_400_FFPE_NSP_GenomeWideSNP_6_A08_1513202	4	176270885	178883221	1714	-0.0864
TAKEN_p_TCGAb_379_400_FFPE_NSP_GenomeWideSNP_6_A08_1513202	4	178883280	178892549	14	-1.1314
TAKEN_p_TCGAb_379_400_FFPE_NSP_GenomeWideSNP_6_A08_1513202	4	178895907	179598926	467	-0.0798
TAKEN_p_TCGAb_379_400_FFPE_NSP_GenomeWideSNP_6_A08_1513202	4	179599284	179643249	39	-0.4895
TAKEN_p_TCGAb_379_400_FFPE_NSP_GenomeWideSNP_6_A08_1513202	4	179643512	181130555	1040	-0.1253
TAKEN_p_TCGAb_379_400_FFPE_NSP_GenomeWideSNP_6_A08_1513202	4	181137071	181138299	8	-1.3614
TAKEN_p_TCGAb_379_400_FFPE_NSP_GenomeWideSNP_6_A08_1513202	4	181138325	191027923	7001	-0.0515
TAKEN_p_TCGAb_379_400_FFPE_NSP_GenomeWideSNP_6_A08_1513202	5	15532	725206	318	0.4396
TAKEN_p_TCGAb_379_400_FFPE_NSP_GenomeWideSNP_6_A08_1513202	5	728979	801765	27	-0.3179
TAKEN_p_TCGAb_379_400_FFPE_NSP_GenomeWideSNP_6_A08_1513202	5	806141	12791720	9888	0.5132
TAKEN_p_TCGAb_379_400_FFPE_NSP_GenomeWideSNP_6_A08_1513202	5	12800889	12838533	15	1.0398
TAKEN_p_TCGAb_379_400_FFPE_NSP_GenomeWideSNP_6_A08_1513202	5	12849201	20082004	4738	0.4489
TAKEN_p_TCGAb_379_400_FFPE_NSP_GenomeWideSNP_6_A08_1513202	5	20088128	20088698	3	-0.9071
TAKEN_p_TCGAb_379_400_FFPE_NSP_GenomeWideSNP_6_A08_1513202	5	20094226	21832580	1028	0.4627
TAKEN_p_TCGAb_379_400_FFPE_NSP_GenomeWideSNP_6_A08_1513202	5	21834230	21837294	3	-0.765
TAKEN_p_TCGAb_379_400_FFPE_NSP_GenomeWideSNP_6_A08_1513202	5	21837682	33955252	7609	0.3824
TAKEN_p_TCGAb_379_400_FFPE_NSP_GenomeWideSNP_6_A08_1513202	5	33955478	34178058	120	1.1072
TAKEN_p_TCGAb_379_400_FFPE_NSP_GenomeWideSNP_6_A08_1513202	5	34187714	34321816	65	0.4722
TAKEN_p_TCGAb_379_400_FFPE_NSP_GenomeWideSNP_6_A08_1513202	5	34328099	34355248	10	-0.1227
TAKEN_p_TCGAb_379_400_FFPE_NSP_GenomeWideSNP_6_A08_1513202	5	34359387	46272521	7003	0.3944
TAKEN_p_TCGAb_379_400_FFPE_NSP_GenomeWideSNP_6_A08_1513202	5	46273328	46273502	4	-2.7943
TAKEN_p_TCGAb_379_400_FFPE_NSP_GenomeWideSNP_6_A08_1513202	5	46278212	58736711	6249	0.2493
TAKEN_p_TCGAb_379_400_FFPE_NSP_GenomeWideSNP_6_A08_1513202	5	58737647	58749185	7	0.8249
TAKEN_p_TCGAb_379_400_FFPE_NSP_GenomeWideSNP_6_A08_1513202	5	58749904	58781770	25	1.2197
TAKEN_p_TCGAb_379_400_FFPE_NSP_GenomeWideSNP_6_A08_1513202	5	58782567	58931775	113	0.848
TAKEN_p_TCGAb_379_400_FFPE_NSP_GenomeWideSNP_6_A08_1513202	5	58934210	70254896	6035	0.2007
TAKEN_p_TCGAb_379_400_FFPE_NSP_GenomeWideSNP_6_A08_1513202	5	70254898	70391253	14	0.5514
TAKEN_p_TCGAb_379_400_FFPE_NSP_GenomeWideSNP_6_A08_1513202	5	70654072	74181209	2352	-0.0101
TAKEN_p_TCGAb_379_400_FFPE_NSP_GenomeWideSNP_6_A08_1513202	5	74183863	74313950	73	0.3176
TAKEN_p_TCGAb_379_400_FFPE_NSP_GenomeWideSNP_6_A08_1513202	5	74328962	90293558	9434	-0.0394
TAKEN_p_TCGAb_379_400_FFPE_NSP_GenomeWideSNP_6_A08_1513202	5	90295677	90400177	74	0.5032
TAKEN_p_TCGAb_379_400_FFPE_NSP_GenomeWideSNP_6_A08_1513202	5	90400352	100612401	5709	-0.041
TAKEN_p_TCGAb_379_400_FFPE_NSP_GenomeWideSNP_6_A08_1513202	5	100620693	100622830	2	-1.2626
TAKEN_p_TCGAb_379_400_FFPE_NSP_GenomeWideSNP_6_A08_1513202	5	100622877	103317446	1586	-0.0504
TAKEN_p_TCGAb_379_400_FFPE_NSP_GenomeWideSNP_6_A08_1513202	5	103320821	105266886	1249	0.2508
TAKEN_p_TCGAb_379_400_FFPE_NSP_GenomeWideSNP_6_A08_1513202	5	105271714	110416860	3245	-0.045
TAKEN_p_TCGAb_379_400_FFPE_NSP_GenomeWideSNP_6_A08_1513202	5	110417445	110443281	30	0.715
TAKEN_p_TCGAb_379_400_FFPE_NSP_GenomeWideSNP_6_A08_1513202	5	110454956	114982774	3354	-0.033
TAKEN_p_TCGAb_379_400_FFPE_NSP_GenomeWideSNP_6_A08_1513202	5	114982792	115385683	281	0.2339
TAKEN_p_TCGAb_379_400_FFPE_NSP_GenomeWideSNP_6_A08_1513202	5	115386339	125913226	7262	-0.0561
TAKEN_p_TCGAb_379_400_FFPE_NSP_GenomeWideSNP_6_A08_1513202	5	125915739	126232026	137	0.2449
TAKEN_p_TCGAb_379_400_FFPE_NSP_GenomeWideSNP_6_A08_1513202	5	126235800	140304934	8050	-0.0323
TAKEN_p_TCGAb_379_400_FFPE_NSP_GenomeWideSNP_6_A08_1513202	5	140309016	140315087	4	-1.1263
TAKEN_p_TCGAb_379_400_FFPE_NSP_GenomeWideSNP_6_A08_1513202	5	140319560	155987898	10581	-0.046
TAKEN_p_TCGAb_379_400_FFPE_NSP_GenomeWideSNP_6_A08_1513202	5	155989666	158944457	2007	-0.4694
TAKEN_p_TCGAb_379_400_FFPE_NSP_GenomeWideSNP_6_A08_1513202	5	158946136	158946495	2	-2.3144
TAKEN_p_TCGAb_379_400_FFPE_NSP_GenomeWideSNP_6_A08_1513202	5	158946756	159321020	283	-0.4398
TAKEN_p_TCGAb_379_400_FFPE_NSP_GenomeWideSNP_6_A08_1513202	5	159321697	159322169	2	-2.8547
TAKEN_p_TCGAb_379_400_FFPE_NSP_GenomeWideSNP_6_A08_1513202	5	159322223	167156233	5175	-0.4661
TAKEN_p_TCGAb_379_400_FFPE_NSP_GenomeWideSNP_6_A08_1513202	5	167157035	167158089	3	-1.7462
TAKEN_p_TCGAb_379_400_FFPE_NSP_GenomeWideSNP_6_A08_1513202	5	167159049	168765902	1333	-0.449
TAKEN_p_TCGAb_379_400_FFPE_NSP_GenomeWideSNP_6_A08_1513202	5	168768435	170190089	1194	-0.0607
TAKEN_p_TCGAb_379_400_FFPE_NSP_GenomeWideSNP_6_A08_1513202	5	170194324	173953905	2668	-0.3947
TAKEN_p_TCGAb_379_400_FFPE_NSP_GenomeWideSNP_6_A08_1513202	5	173954563	173959332	4	-1.5141
TAKEN_p_TCGAb_379_400_FFPE_NSP_GenomeWideSNP_6_A08_1513202	5	173959898	174639890	513	-0.432
TAKEN_p_TCGAb_379_400_FFPE_NSP_GenomeWideSNP_6_A08_1513202	5	174640738	174640863	2	-2.3647
TAKEN_p_TCGAb_379_400_FFPE_NSP_GenomeWideSNP_6_A08_1513202	5	174642940	177151104	1268	-0.4363
TAKEN_p_TCGAb_379_400_FFPE_NSP_GenomeWideSNP_6_A08_1513202	5	177157399	177254965	9	0.2467
TAKEN_p_TCGAb_379_400_FFPE_NSP_GenomeWideSNP_6_A08_1513202	5	177259415	179026123	1006	-0.4209
TAKEN_p_TCGAb_379_400_FFPE_NSP_GenomeWideSNP_6_A08_1513202	5	179033401	180645965	958	0.261
TAKEN_p_TCGAb_379_400_FFPE_NSP_GenomeWideSNP_6_A08_1513202	5	180649107	180790320	37	-0.5056
TAKEN_p_TCGAb_379_400_FFPE_NSP_GenomeWideSNP_6_A08_1513202	6	149661	7427461	6027	-0.0256
TAKEN_p_TCGAb_379_400_FFPE_NSP_GenomeWideSNP_6_A08_1513202	6	7427474	7427627	3	-1.3518
TAKEN_p_TCGAb_379_400_FFPE_NSP_GenomeWideSNP_6_A08_1513202	6	7428118	26208870	13942	-0.0203
TAKEN_p_TCGAb_379_400_FFPE_NSP_GenomeWideSNP_6_A08_1513202	6	26211348	26849134	369	-0.4341
TAKEN_p_TCGAb_379_400_FFPE_NSP_GenomeWideSNP_6_A08_1513202	6	26849331	29096033	1008	1.0636
TAKEN_p_TCGAb_379_400_FFPE_NSP_GenomeWideSNP_6_A08_1513202	6	29098369	29836239	397	1.6648
TAKEN_p_TCGAb_379_400_FFPE_NSP_GenomeWideSNP_6_A08_1513202	6	29836475	29836636	3	-0.0906
TAKEN_p_TCGAb_379_400_FFPE_NSP_GenomeWideSNP_6_A08_1513202	6	29836703	29850274	21	1.9005
TAKEN_p_TCGAb_379_400_FFPE_NSP_GenomeWideSNP_6_A08_1513202	6	29850366	29901576	18	-0.4637
TAKEN_p_TCGAb_379_400_FFPE_NSP_GenomeWideSNP_6_A08_1513202	6	29908469	30684686	315	1.4732
TAKEN_p_TCGAb_379_400_FFPE_NSP_GenomeWideSNP_6_A08_1513202	6	30692539	31280823	338	0.517
TAKEN_p_TCGAb_379_400_FFPE_NSP_GenomeWideSNP_6_A08_1513202	6	31286276	31296451	11	1.6706
TAKEN_p_TCGAb_379_400_FFPE_NSP_GenomeWideSNP_6_A08_1513202	6	31309924	32587457	555	0.4471
TAKEN_p_TCGAb_379_400_FFPE_NSP_GenomeWideSNP_6_A08_1513202	6	32593021	32605576	10	1.669
TAKEN_p_TCGAb_379_400_FFPE_NSP_GenomeWideSNP_6_A08_1513202	6	32605884	34227360	980	0.522
TAKEN_p_TCGAb_379_400_FFPE_NSP_GenomeWideSNP_6_A08_1513202	6	34231080	44705303	6721	-0.0197
TAKEN_p_TCGAb_379_400_FFPE_NSP_GenomeWideSNP_6_A08_1513202	6	44705621	48430403	2424	-0.4041
TAKEN_p_TCGAb_379_400_FFPE_NSP_GenomeWideSNP_6_A08_1513202	6	48436549	48701013	171	1.1934
TAKEN_p_TCGAb_379_400_FFPE_NSP_GenomeWideSNP_6_A08_1513202	6	48703123	49069909	213	1.8907
TAKEN_p_TCGAb_379_400_FFPE_NSP_GenomeWideSNP_6_A08_1513202	6	49076404	53094861	2607	0.7842
TAKEN_p_TCGAb_379_400_FFPE_NSP_GenomeWideSNP_6_A08_1513202	6	53095440	53095806	3	-0.7125
TAKEN_p_TCGAb_379_400_FFPE_NSP_GenomeWideSNP_6_A08_1513202	6	53096682	53396162	205	0.6871
TAKEN_p_TCGAb_379_400_FFPE_NSP_GenomeWideSNP_6_A08_1513202	6	53398160	53400900	3	-0.8271
TAKEN_p_TCGAb_379_400_FFPE_NSP_GenomeWideSNP_6_A08_1513202	6	53401903	54872990	1055	0.6874
TAKEN_p_TCGAb_379_400_FFPE_NSP_GenomeWideSNP_6_A08_1513202	6	54875134	55076937	104	1.1863
TAKEN_p_TCGAb_379_400_FFPE_NSP_GenomeWideSNP_6_A08_1513202	6	55078458	69514543	6531	-0.047
TAKEN_p_TCGAb_379_400_FFPE_NSP_GenomeWideSNP_6_A08_1513202	6	69519309	69575610	53	0.4487
TAKEN_p_TCGAb_379_400_FFPE_NSP_GenomeWideSNP_6_A08_1513202	6	69575803	69691368	68	-0.0657
TAKEN_p_TCGAb_379_400_FFPE_NSP_GenomeWideSNP_6_A08_1513202	6	69697406	75804783	3951	-0.4141
TAKEN_p_TCGAb_379_400_FFPE_NSP_GenomeWideSNP_6_A08_1513202	6	75807564	80054605	2662	-0.914
TAKEN_p_TCGAb_379_400_FFPE_NSP_GenomeWideSNP_6_A08_1513202	6	80056521	81520842	1055	-0.3663
TAKEN_p_TCGAb_379_400_FFPE_NSP_GenomeWideSNP_6_A08_1513202	6	81535967	82983985	953	-0.9514
TAKEN_p_TCGAb_379_400_FFPE_NSP_GenomeWideSNP_6_A08_1513202	6	82987324	83069723	48	-0.3624
TAKEN_p_TCGAb_379_400_FFPE_NSP_GenomeWideSNP_6_A08_1513202	6	83080540	83933646	499	0.0263
TAKEN_p_TCGAb_379_400_FFPE_NSP_GenomeWideSNP_6_A08_1513202	6	83938654	86094187	1401	-0.9598
TAKEN_p_TCGAb_379_400_FFPE_NSP_GenomeWideSNP_6_A08_1513202	6	86098984	86099813	5	-2.6775
TAKEN_p_TCGAb_379_400_FFPE_NSP_GenomeWideSNP_6_A08_1513202	6	86100109	94220367	5192	-0.9674
TAKEN_p_TCGAb_379_400_FFPE_NSP_GenomeWideSNP_6_A08_1513202	6	94220472	94222857	4	-3.9212
TAKEN_p_TCGAb_379_400_FFPE_NSP_GenomeWideSNP_6_A08_1513202	6	94223268	99135472	2891	-0.9722
TAKEN_p_TCGAb_379_400_FFPE_NSP_GenomeWideSNP_6_A08_1513202	6	99135640	99324036	115	-0.3972
TAKEN_p_TCGAb_379_400_FFPE_NSP_GenomeWideSNP_6_A08_1513202	6	99326589	101051500	1133	-0.0048
TAKEN_p_TCGAb_379_400_FFPE_NSP_GenomeWideSNP_6_A08_1513202	6	101052375	103734829	1576	-0.4081
TAKEN_p_TCGAb_379_400_FFPE_NSP_GenomeWideSNP_6_A08_1513202	6	103737976	103765470	47	0.3715
TAKEN_p_TCGAb_379_400_FFPE_NSP_GenomeWideSNP_6_A08_1513202	6	103765670	104071301	240	-0.409
TAKEN_p_TCGAb_379_400_FFPE_NSP_GenomeWideSNP_6_A08_1513202	6	104071467	104072132	2	-2.556
TAKEN_p_TCGAb_379_400_FFPE_NSP_GenomeWideSNP_6_A08_1513202	6	104072481	104983785	563	-0.4213
TAKEN_p_TCGAb_379_400_FFPE_NSP_GenomeWideSNP_6_A08_1513202	6	104984921	105138787	92	0.0175
TAKEN_p_TCGAb_379_400_FFPE_NSP_GenomeWideSNP_6_A08_1513202	6	105139181	109149846	2556	-0.4052
TAKEN_p_TCGAb_379_400_FFPE_NSP_GenomeWideSNP_6_A08_1513202	6	109151305	109196706	30	-0.9194
TAKEN_p_TCGAb_379_400_FFPE_NSP_GenomeWideSNP_6_A08_1513202	6	109202775	114129601	3126	-0.4146
TAKEN_p_TCGAb_379_400_FFPE_NSP_GenomeWideSNP_6_A08_1513202	6	114130248	114130268	2	-2.135
TAKEN_p_TCGAb_379_400_FFPE_NSP_GenomeWideSNP_6_A08_1513202	6	114137472	119783000	3265	-0.4383
TAKEN_p_TCGAb_379_400_FFPE_NSP_GenomeWideSNP_6_A08_1513202	6	119787115	120346364	326	-0.0024
TAKEN_p_TCGAb_379_400_FFPE_NSP_GenomeWideSNP_6_A08_1513202	6	120355226	126182763	3703	-0.4463
TAKEN_p_TCGAb_379_400_FFPE_NSP_GenomeWideSNP_6_A08_1513202	6	126183692	126186776	3	-2.6761
TAKEN_p_TCGAb_379_400_FFPE_NSP_GenomeWideSNP_6_A08_1513202	6	126188893	127193311	481	-0.4359
TAKEN_p_TCGAb_379_400_FFPE_NSP_GenomeWideSNP_6_A08_1513202	6	127204119	127298394	61	-0.0538
TAKEN_p_TCGAb_379_400_FFPE_NSP_GenomeWideSNP_6_A08_1513202	6	127303892	128245092	537	-0.4517
TAKEN_p_TCGAb_379_400_FFPE_NSP_GenomeWideSNP_6_A08_1513202	6	128245171	128308249	42	-0.1
TAKEN_p_TCGAb_379_400_FFPE_NSP_GenomeWideSNP_6_A08_1513202	6	128308497	128308503	2	-1.294
TAKEN_p_TCGAb_379_400_FFPE_NSP_GenomeWideSNP_6_A08_1513202	6	128311479	129256452	561	0.0073
TAKEN_p_TCGAb_379_400_FFPE_NSP_GenomeWideSNP_6_A08_1513202	6	129265183	130470193	901	-0.4353
TAKEN_p_TCGAb_379_400_FFPE_NSP_GenomeWideSNP_6_A08_1513202	6	130472453	130594002	80	-0.0091
TAKEN_p_TCGAb_379_400_FFPE_NSP_GenomeWideSNP_6_A08_1513202	6	130594017	130598623	5	-0.5216
TAKEN_p_TCGAb_379_400_FFPE_NSP_GenomeWideSNP_6_A08_1513202	6	130601799	130611063	10	-0.0257
TAKEN_p_TCGAb_379_400_FFPE_NSP_GenomeWideSNP_6_A08_1513202	6	130611578	130751454	97	-0.4446
TAKEN_p_TCGAb_379_400_FFPE_NSP_GenomeWideSNP_6_A08_1513202	6	130753316	131132062	273	-0.0482
TAKEN_p_TCGAb_379_400_FFPE_NSP_GenomeWideSNP_6_A08_1513202	6	131132429	131530371	279	0.2915
TAKEN_p_TCGAb_379_400_FFPE_NSP_GenomeWideSNP_6_A08_1513202	6	131534691	132934730	910	-0.0173
TAKEN_p_TCGAb_379_400_FFPE_NSP_GenomeWideSNP_6_A08_1513202	6	132938170	132961052	24	-0.3632
TAKEN_p_TCGAb_379_400_FFPE_NSP_GenomeWideSNP_6_A08_1513202	6	132962376	133669337	503	0.0051
TAKEN_p_TCGAb_379_400_FFPE_NSP_GenomeWideSNP_6_A08_1513202	6	133677291	133677340	2	-1.2574
TAKEN_p_TCGAb_379_400_FFPE_NSP_GenomeWideSNP_6_A08_1513202	6	133680436	133800519	95	-0.0205
TAKEN_p_TCGAb_379_400_FFPE_NSP_GenomeWideSNP_6_A08_1513202	6	133805362	134817736	707	-0.4326
TAKEN_p_TCGAb_379_400_FFPE_NSP_GenomeWideSNP_6_A08_1513202	6	134818065	136986161	1502	-0.0141
TAKEN_p_TCGAb_379_400_FFPE_NSP_GenomeWideSNP_6_A08_1513202	6	136990988	137337096	237	0.4238
TAKEN_p_TCGAb_379_400_FFPE_NSP_GenomeWideSNP_6_A08_1513202	6	137345636	137355657	9	0.129
TAKEN_p_TCGAb_379_400_FFPE_NSP_GenomeWideSNP_6_A08_1513202	6	137356319	137360350	5	-1.3401
TAKEN_p_TCGAb_379_400_FFPE_NSP_GenomeWideSNP_6_A08_1513202	6	137361292	139286096	1357	-0.4216
TAKEN_p_TCGAb_379_400_FFPE_NSP_GenomeWideSNP_6_A08_1513202	6	139295901	139464287	117	-0.0229
TAKEN_p_TCGAb_379_400_FFPE_NSP_GenomeWideSNP_6_A08_1513202	6	139466510	147065550	4591	-0.417
TAKEN_p_TCGAb_379_400_FFPE_NSP_GenomeWideSNP_6_A08_1513202	6	147065637	147487044	289	-0.0742
TAKEN_p_TCGAb_379_400_FFPE_NSP_GenomeWideSNP_6_A08_1513202	6	147487258	163732489	11506	-0.437
TAKEN_p_TCGAb_379_400_FFPE_NSP_GenomeWideSNP_6_A08_1513202	6	163732939	163732989	2	-3.2419
TAKEN_p_TCGAb_379_400_FFPE_NSP_GenomeWideSNP_6_A08_1513202	6	163733020	171051005	5140	-0.474
TAKEN_p_TCGAb_379_400_FFPE_NSP_GenomeWideSNP_6_A08_1513202	7	43355	22434780	16108	0.6873
TAKEN_p_TCGAb_379_400_FFPE_NSP_GenomeWideSNP_6_A08_1513202	7	22435472	22436487	2	2.2741
TAKEN_p_TCGAb_379_400_FFPE_NSP_GenomeWideSNP_6_A08_1513202	7	22438754	22907231	366	0.7177
TAKEN_p_TCGAb_379_400_FFPE_NSP_GenomeWideSNP_6_A08_1513202	7	22908048	23018036	80	1.143
TAKEN_p_TCGAb_379_400_FFPE_NSP_GenomeWideSNP_6_A08_1513202	7	23024795	25905599	2185	0.6611
TAKEN_p_TCGAb_379_400_FFPE_NSP_GenomeWideSNP_6_A08_1513202	7	25914839	26132290	139	1.2762
TAKEN_p_TCGAb_379_400_FFPE_NSP_GenomeWideSNP_6_A08_1513202	7	26142392	26145413	4	-0.5435
TAKEN_p_TCGAb_379_400_FFPE_NSP_GenomeWideSNP_6_A08_1513202	7	26147219	26275421	57	1.17
TAKEN_p_TCGAb_379_400_FFPE_NSP_GenomeWideSNP_6_A08_1513202	7	26276094	29670718	2549	0.4965
TAKEN_p_TCGAb_379_400_FFPE_NSP_GenomeWideSNP_6_A08_1513202	7	29673740	29686348	6	-0.4824
TAKEN_p_TCGAb_379_400_FFPE_NSP_GenomeWideSNP_6_A08_1513202	7	29688165	38538033	6205	0.4904
TAKEN_p_TCGAb_379_400_FFPE_NSP_GenomeWideSNP_6_A08_1513202	7	38541139	38623543	73	0.8732
TAKEN_p_TCGAb_379_400_FFPE_NSP_GenomeWideSNP_6_A08_1513202	7	38623588	44120042	3599	0.4902
TAKEN_p_TCGAb_379_400_FFPE_NSP_GenomeWideSNP_6_A08_1513202	7	44123421	45331674	638	0.8614
TAKEN_p_TCGAb_379_400_FFPE_NSP_GenomeWideSNP_6_A08_1513202	7	45334142	53513975	5957	0.4762
TAKEN_p_TCGAb_379_400_FFPE_NSP_GenomeWideSNP_6_A08_1513202	7	53525035	53528329	4	-0.6689
TAKEN_p_TCGAb_379_400_FFPE_NSP_GenomeWideSNP_6_A08_1513202	7	53532910	64568852	3767	0.4498
TAKEN_p_TCGAb_379_400_FFPE_NSP_GenomeWideSNP_6_A08_1513202	7	64594065	64595698	6	1.3411
TAKEN_p_TCGAb_379_400_FFPE_NSP_GenomeWideSNP_6_A08_1513202	7	64637128	64942849	171	0.4468
TAKEN_p_TCGAb_379_400_FFPE_NSP_GenomeWideSNP_6_A08_1513202	7	64947380	65066355	28	0.0909
TAKEN_p_TCGAb_379_400_FFPE_NSP_GenomeWideSNP_6_A08_1513202	7	65066702	66096028	360	0.4846
TAKEN_p_TCGAb_379_400_FFPE_NSP_GenomeWideSNP_6_A08_1513202	7	66101175	66146705	19	0.8945
TAKEN_p_TCGAb_379_400_FFPE_NSP_GenomeWideSNP_6_A08_1513202	7	66151721	66690571	190	0.4814
TAKEN_p_TCGAb_379_400_FFPE_NSP_GenomeWideSNP_6_A08_1513202	7	66695108	66698934	2	-1.554
TAKEN_p_TCGAb_379_400_FFPE_NSP_GenomeWideSNP_6_A08_1513202	7	66699784	67004828	173	0.5306
TAKEN_p_TCGAb_379_400_FFPE_NSP_GenomeWideSNP_6_A08_1513202	7	67009645	67019736	15	0.9999
TAKEN_p_TCGAb_379_400_FFPE_NSP_GenomeWideSNP_6_A08_1513202	7	67019762	69157413	1421	0.4631
TAKEN_p_TCGAb_379_400_FFPE_NSP_GenomeWideSNP_6_A08_1513202	7	69160396	69504764	195	-0.0678
TAKEN_p_TCGAb_379_400_FFPE_NSP_GenomeWideSNP_6_A08_1513202	7	69505385	70420438	581	0.4764
TAKEN_p_TCGAb_379_400_FFPE_NSP_GenomeWideSNP_6_A08_1513202	7	70423250	70426141	2	-2.5306
TAKEN_p_TCGAb_379_400_FFPE_NSP_GenomeWideSNP_6_A08_1513202	7	70428243	76016222	2167	0.5187
TAKEN_p_TCGAb_379_400_FFPE_NSP_GenomeWideSNP_6_A08_1513202	7	76022424	76143893	24	0.997
TAKEN_p_TCGAb_379_400_FFPE_NSP_GenomeWideSNP_6_A08_1513202	7	76153348	89694684	8755	0.4747
TAKEN_p_TCGAb_379_400_FFPE_NSP_GenomeWideSNP_6_A08_1513202	7	89694821	89694886	2	-0.5856
TAKEN_p_TCGAb_379_400_FFPE_NSP_GenomeWideSNP_6_A08_1513202	7	89695380	90240686	347	0.6223
TAKEN_p_TCGAb_379_400_FFPE_NSP_GenomeWideSNP_6_A08_1513202	7	90242600	90794795	384	0.174
TAKEN_p_TCGAb_379_400_FFPE_NSP_GenomeWideSNP_6_A08_1513202	7	90795090	97232454	4073	0.4711
TAKEN_p_TCGAb_379_400_FFPE_NSP_GenomeWideSNP_6_A08_1513202	7	97233184	97258169	10	-0.1203
TAKEN_p_TCGAb_379_400_FFPE_NSP_GenomeWideSNP_6_A08_1513202	7	97260975	103134675	2567	0.4969
TAKEN_p_TCGAb_379_400_FFPE_NSP_GenomeWideSNP_6_A08_1513202	7	103137630	103803333	485	0.9606
TAKEN_p_TCGAb_379_400_FFPE_NSP_GenomeWideSNP_6_A08_1513202	7	103809217	103809611	3	-0.1724
TAKEN_p_TCGAb_379_400_FFPE_NSP_GenomeWideSNP_6_A08_1513202	7	103813522	106417648	1828	0.9764
TAKEN_p_TCGAb_379_400_FFPE_NSP_GenomeWideSNP_6_A08_1513202	7	106418035	112020587	3609	0.4747
TAKEN_p_TCGAb_379_400_FFPE_NSP_GenomeWideSNP_6_A08_1513202	7	112020611	117970182	3515	-0.0554
TAKEN_p_TCGAb_379_400_FFPE_NSP_GenomeWideSNP_6_A08_1513202	7	117986306	118095078	100	0.4358
TAKEN_p_TCGAb_379_400_FFPE_NSP_GenomeWideSNP_6_A08_1513202	7	118098114	119123418	544	0.171
TAKEN_p_TCGAb_379_400_FFPE_NSP_GenomeWideSNP_6_A08_1513202	7	119124131	119136033	4	0.7173
TAKEN_p_TCGAb_379_400_FFPE_NSP_GenomeWideSNP_6_A08_1513202	7	119136104	126044534	4176	-0.0774
TAKEN_p_TCGAb_379_400_FFPE_NSP_GenomeWideSNP_6_A08_1513202	7	126044923	126046615	14	-0.8459
TAKEN_p_TCGAb_379_400_FFPE_NSP_GenomeWideSNP_6_A08_1513202	7	126046876	128162894	1403	-0.0504
TAKEN_p_TCGAb_379_400_FFPE_NSP_GenomeWideSNP_6_A08_1513202	7	128163335	128174892	4	-1.231
TAKEN_p_TCGAb_379_400_FFPE_NSP_GenomeWideSNP_6_A08_1513202	7	128175588	131779293	1946	-0.0271
TAKEN_p_TCGAb_379_400_FFPE_NSP_GenomeWideSNP_6_A08_1513202	7	131780255	131784834	2	-2.1277
TAKEN_p_TCGAb_379_400_FFPE_NSP_GenomeWideSNP_6_A08_1513202	7	131787056	139061689	4883	-0.0447
TAKEN_p_TCGAb_379_400_FFPE_NSP_GenomeWideSNP_6_A08_1513202	7	139065055	139065622	2	-3.3106
TAKEN_p_TCGAb_379_400_FFPE_NSP_GenomeWideSNP_6_A08_1513202	7	139065873	143088867	2590	-0.0415
TAKEN_p_TCGAb_379_400_FFPE_NSP_GenomeWideSNP_6_A08_1513202	7	143089295	143089336	2	-2.5081
TAKEN_p_TCGAb_379_400_FFPE_NSP_GenomeWideSNP_6_A08_1513202	7	143090322	143710209	325	-0.102
TAKEN_p_TCGAb_379_400_FFPE_NSP_GenomeWideSNP_6_A08_1513202	7	143710621	143710627	2	-1.6949
TAKEN_p_TCGAb_379_400_FFPE_NSP_GenomeWideSNP_6_A08_1513202	7	143711077	143928292	149	-0.0159
TAKEN_p_TCGAb_379_400_FFPE_NSP_GenomeWideSNP_6_A08_1513202	7	143931078	144066947	35	0.2749
TAKEN_p_TCGAb_379_400_FFPE_NSP_GenomeWideSNP_6_A08_1513202	7	144074929	155464029	7370	-0.0557
TAKEN_p_TCGAb_379_400_FFPE_NSP_GenomeWideSNP_6_A08_1513202	7	155465863	155469636	3	1.6585
TAKEN_p_TCGAb_379_400_FFPE_NSP_GenomeWideSNP_6_A08_1513202	7	155475736	156385674	690	-0.0411
TAKEN_p_TCGAb_379_400_FFPE_NSP_GenomeWideSNP_6_A08_1513202	7	156391790	156394179	4	-1.8691
TAKEN_p_TCGAb_379_400_FFPE_NSP_GenomeWideSNP_6_A08_1513202	7	156394908	159127004	1632	-0.0387
TAKEN_p_TCGAb_379_400_FFPE_NSP_GenomeWideSNP_6_A08_1513202	8	31254	593041	322	-1.0618
TAKEN_p_TCGAb_379_400_FFPE_NSP_GenomeWideSNP_6_A08_1513202	8	594944	595908	10	0.3163
TAKEN_p_TCGAb_379_400_FFPE_NSP_GenomeWideSNP_6_A08_1513202	8	601043	2118988	1209	-1.0066
TAKEN_p_TCGAb_379_400_FFPE_NSP_GenomeWideSNP_6_A08_1513202	8	2120087	2129547	17	-3.2185
TAKEN_p_TCGAb_379_400_FFPE_NSP_GenomeWideSNP_6_A08_1513202	8	2130233	2205102	50	-0.9861
TAKEN_p_TCGAb_379_400_FFPE_NSP_GenomeWideSNP_6_A08_1513202	8	2205950	2206486	2	-3.7611
TAKEN_p_TCGAb_379_400_FFPE_NSP_GenomeWideSNP_6_A08_1513202	8	2207913	3623904	1581	-1.0217
TAKEN_p_TCGAb_379_400_FFPE_NSP_GenomeWideSNP_6_A08_1513202	8	3626862	3627310	4	-2.8857
TAKEN_p_TCGAb_379_400_FFPE_NSP_GenomeWideSNP_6_A08_1513202	8	3627723	3677479	68	-0.9898
TAKEN_p_TCGAb_379_400_FFPE_NSP_GenomeWideSNP_6_A08_1513202	8	3677594	3677909	5	-3.7384
TAKEN_p_TCGAb_379_400_FFPE_NSP_GenomeWideSNP_6_A08_1513202	8	3677987	3996813	475	-1.0317
TAKEN_p_TCGAb_379_400_FFPE_NSP_GenomeWideSNP_6_A08_1513202	8	3997063	4003943	31	-2.5484
TAKEN_p_TCGAb_379_400_FFPE_NSP_GenomeWideSNP_6_A08_1513202	8	4003962	5454376	2062	-0.9991
TAKEN_p_TCGAb_379_400_FFPE_NSP_GenomeWideSNP_6_A08_1513202	8	5459014	5459736	4	-4.8169
TAKEN_p_TCGAb_379_400_FFPE_NSP_GenomeWideSNP_6_A08_1513202	8	5460166	5541910	132	-1.1749
TAKEN_p_TCGAb_379_400_FFPE_NSP_GenomeWideSNP_6_A08_1513202	8	5542087	5552851	12	-0.9883
TAKEN_p_TCGAb_379_400_FFPE_NSP_GenomeWideSNP_6_A08_1513202	8	5553031	5553135	4	0.308
TAKEN_p_TCGAb_379_400_FFPE_NSP_GenomeWideSNP_6_A08_1513202	8	5553608	5818671	355	-0.9339
TAKEN_p_TCGAb_379_400_FFPE_NSP_GenomeWideSNP_6_A08_1513202	8	5819329	5820967	2	-4.2406
TAKEN_p_TCGAb_379_400_FFPE_NSP_GenomeWideSNP_6_A08_1513202	8	5821309	6377141	789	-0.9992
TAKEN_p_TCGAb_379_400_FFPE_NSP_GenomeWideSNP_6_A08_1513202	8	6377330	6377433	2	-3.669
TAKEN_p_TCGAb_379_400_FFPE_NSP_GenomeWideSNP_6_A08_1513202	8	6377579	7250380	669	-0.965
TAKEN_p_TCGAb_379_400_FFPE_NSP_GenomeWideSNP_6_A08_1513202	8	7254291	7826922	151	-0.2147
TAKEN_p_TCGAb_379_400_FFPE_NSP_GenomeWideSNP_6_A08_1513202	8	7827367	11949551	3266	-0.9795
TAKEN_p_TCGAb_379_400_FFPE_NSP_GenomeWideSNP_6_A08_1513202	8	11987726	12162739	9	0.1805
TAKEN_p_TCGAb_379_400_FFPE_NSP_GenomeWideSNP_6_A08_1513202	8	12162782	12247486	46	-0.7011
TAKEN_p_TCGAb_379_400_FFPE_NSP_GenomeWideSNP_6_A08_1513202	8	12260927	12473543	65	-0.2673
TAKEN_p_TCGAb_379_400_FFPE_NSP_GenomeWideSNP_6_A08_1513202	8	12473558	17623588	4738	-0.9717
TAKEN_p_TCGAb_379_400_FFPE_NSP_GenomeWideSNP_6_A08_1513202	8	17627507	17998652	357	-0.3895
TAKEN_p_TCGAb_379_400_FFPE_NSP_GenomeWideSNP_6_A08_1513202	8	17998888	35040612	12070	-0.9541
TAKEN_p_TCGAb_379_400_FFPE_NSP_GenomeWideSNP_6_A08_1513202	8	35041361	39226349	2233	0.681
TAKEN_p_TCGAb_379_400_FFPE_NSP_GenomeWideSNP_6_A08_1513202	8	39230183	39379667	57	1.0505
TAKEN_p_TCGAb_379_400_FFPE_NSP_GenomeWideSNP_6_A08_1513202	8	39384124	40796329	1093	0.709
TAKEN_p_TCGAb_379_400_FFPE_NSP_GenomeWideSNP_6_A08_1513202	8	40798805	49395726	2515	-0.8944
TAKEN_p_TCGAb_379_400_FFPE_NSP_GenomeWideSNP_6_A08_1513202	8	49398643	49557583	94	-0.4297
TAKEN_p_TCGAb_379_400_FFPE_NSP_GenomeWideSNP_6_A08_1513202	8	49558124	55001699	3433	-0.9705
TAKEN_p_TCGAb_379_400_FFPE_NSP_GenomeWideSNP_6_A08_1513202	8	55001826	55111470	48	-0.3528
TAKEN_p_TCGAb_379_400_FFPE_NSP_GenomeWideSNP_6_A08_1513202	8	55114223	66166211	7133	-0.9695
TAKEN_p_TCGAb_379_400_FFPE_NSP_GenomeWideSNP_6_A08_1513202	8	66170558	68544033	1187	0.4773
TAKEN_p_TCGAb_379_400_FFPE_NSP_GenomeWideSNP_6_A08_1513202	8	68547459	68550206	30	-2.7095
TAKEN_p_TCGAb_379_400_FFPE_NSP_GenomeWideSNP_6_A08_1513202	8	68556828	72212365	2342	0.6262
TAKEN_p_TCGAb_379_400_FFPE_NSP_GenomeWideSNP_6_A08_1513202	8	72215311	72216599	9	-1.0117
TAKEN_p_TCGAb_379_400_FFPE_NSP_GenomeWideSNP_6_A08_1513202	8	72219863	74455934	1661	0.667
TAKEN_p_TCGAb_379_400_FFPE_NSP_GenomeWideSNP_6_A08_1513202	8	74462451	82652569	4835	0.2139
TAKEN_p_TCGAb_379_400_FFPE_NSP_GenomeWideSNP_6_A08_1513202	8	82653644	84125123	838	0.6384
TAKEN_p_TCGAb_379_400_FFPE_NSP_GenomeWideSNP_6_A08_1513202	8	84127560	89924325	3095	0.1874
TAKEN_p_TCGAb_379_400_FFPE_NSP_GenomeWideSNP_6_A08_1513202	8	89925447	89929995	7	-1.5284
TAKEN_p_TCGAb_379_400_FFPE_NSP_GenomeWideSNP_6_A08_1513202	8	89930086	90094210	132	0.171
TAKEN_p_TCGAb_379_400_FFPE_NSP_GenomeWideSNP_6_A08_1513202	8	90094303	90094318	2	-1.3183
TAKEN_p_TCGAb_379_400_FFPE_NSP_GenomeWideSNP_6_A08_1513202	8	90094372	93840044	2242	0.4064
TAKEN_p_TCGAb_379_400_FFPE_NSP_GenomeWideSNP_6_A08_1513202	8	93842075	93975735	50	0.7349
TAKEN_p_TCGAb_379_400_FFPE_NSP_GenomeWideSNP_6_A08_1513202	8	93981977	111202227	10710	0.2514
TAKEN_p_TCGAb_379_400_FFPE_NSP_GenomeWideSNP_6_A08_1513202	8	111206839	111259883	24	-0.3954
TAKEN_p_TCGAb_379_400_FFPE_NSP_GenomeWideSNP_6_A08_1513202	8	111263073	111667725	222	0.1788
TAKEN_p_TCGAb_379_400_FFPE_NSP_GenomeWideSNP_6_A08_1513202	8	111667925	146298155	23283	0.4757
TAKEN_p_TCGAb_379_400_FFPE_NSP_GenomeWideSNP_6_A08_1513202	9	46587	469628	355	-0.0806
TAKEN_p_TCGAb_379_400_FFPE_NSP_GenomeWideSNP_6_A08_1513202	9	469701	469767	2	-2.0941
TAKEN_p_TCGAb_379_400_FFPE_NSP_GenomeWideSNP_6_A08_1513202	9	469992	1510568	1201	-0.1057
TAKEN_p_TCGAb_379_400_FFPE_NSP_GenomeWideSNP_6_A08_1513202	9	1510590	1513074	11	-0.6947
TAKEN_p_TCGAb_379_400_FFPE_NSP_GenomeWideSNP_6_A08_1513202	9	1513108	3934781	2377	-0.061
TAKEN_p_TCGAb_379_400_FFPE_NSP_GenomeWideSNP_6_A08_1513202	9	3935224	4094068	264	0.6581
TAKEN_p_TCGAb_379_400_FFPE_NSP_GenomeWideSNP_6_A08_1513202	9	4094202	6399588	1949	-0.0634
TAKEN_p_TCGAb_379_400_FFPE_NSP_GenomeWideSNP_6_A08_1513202	9	6401182	6401361	2	-4.0292
TAKEN_p_TCGAb_379_400_FFPE_NSP_GenomeWideSNP_6_A08_1513202	9	6402856	9806893	3204	-0.1327
TAKEN_p_TCGAb_379_400_FFPE_NSP_GenomeWideSNP_6_A08_1513202	9	9806930	9874101	91	0.5677
TAKEN_p_TCGAb_379_400_FFPE_NSP_GenomeWideSNP_6_A08_1513202	9	9874215	13065680	2631	-0.1172
TAKEN_p_TCGAb_379_400_FFPE_NSP_GenomeWideSNP_6_A08_1513202	9	13068705	13068845	3	-2.9756
TAKEN_p_TCGAb_379_400_FFPE_NSP_GenomeWideSNP_6_A08_1513202	9	13069776	20180986	6049	-0.081
TAKEN_p_TCGAb_379_400_FFPE_NSP_GenomeWideSNP_6_A08_1513202	9	20183302	20183379	3	-2.0031
TAKEN_p_TCGAb_379_400_FFPE_NSP_GenomeWideSNP_6_A08_1513202	9	20183392	20238152	36	-0.1393
TAKEN_p_TCGAb_379_400_FFPE_NSP_GenomeWideSNP_6_A08_1513202	9	20239710	20239840	2	-2.094
TAKEN_p_TCGAb_379_400_FFPE_NSP_GenomeWideSNP_6_A08_1513202	9	20240597	25248294	3671	-0.1005
TAKEN_p_TCGAb_379_400_FFPE_NSP_GenomeWideSNP_6_A08_1513202	9	25250885	25261122	6	-1.4557
TAKEN_p_TCGAb_379_400_FFPE_NSP_GenomeWideSNP_6_A08_1513202	9	25261907	29091097	2957	-0.1131
TAKEN_p_TCGAb_379_400_FFPE_NSP_GenomeWideSNP_6_A08_1513202	9	29094549	29094997	2	-2.4026
TAKEN_p_TCGAb_379_400_FFPE_NSP_GenomeWideSNP_6_A08_1513202	9	29097680	39743166	6478	-0.0725
TAKEN_p_TCGAb_379_400_FFPE_NSP_GenomeWideSNP_6_A08_1513202	9	39769325	39778631	5	-1.358
TAKEN_p_TCGAb_379_400_FFPE_NSP_GenomeWideSNP_6_A08_1513202	9	39810645	41609775	43	-0.0785
TAKEN_p_TCGAb_379_400_FFPE_NSP_GenomeWideSNP_6_A08_1513202	9	41626836	41626896	4	2.1957
TAKEN_p_TCGAb_379_400_FFPE_NSP_GenomeWideSNP_6_A08_1513202	9	41628269	44629223	136	-0.2687
TAKEN_p_TCGAb_379_400_FFPE_NSP_GenomeWideSNP_6_A08_1513202	9	44727859	44855737	36	0.5516
TAKEN_p_TCGAb_379_400_FFPE_NSP_GenomeWideSNP_6_A08_1513202	9	44866028	68183981	155	-0.2375
TAKEN_p_TCGAb_379_400_FFPE_NSP_GenomeWideSNP_6_A08_1513202	9	68186051	68188547	8	1.6583
TAKEN_p_TCGAb_379_400_FFPE_NSP_GenomeWideSNP_6_A08_1513202	9	68209916	68358822	48	0.1595
TAKEN_p_TCGAb_379_400_FFPE_NSP_GenomeWideSNP_6_A08_1513202	9	68665184	69977431	156	-0.369
TAKEN_p_TCGAb_379_400_FFPE_NSP_GenomeWideSNP_6_A08_1513202	9	69977484	83992174	9611	-0.0775
TAKEN_p_TCGAb_379_400_FFPE_NSP_GenomeWideSNP_6_A08_1513202	9	83994079	84255133	186	0.3067
TAKEN_p_TCGAb_379_400_FFPE_NSP_GenomeWideSNP_6_A08_1513202	9	84259132	90522594	4464	-0.0384
TAKEN_p_TCGAb_379_400_FFPE_NSP_GenomeWideSNP_6_A08_1513202	9	90554151	90554219	2	-2.1654
TAKEN_p_TCGAb_379_400_FFPE_NSP_GenomeWideSNP_6_A08_1513202	9	90557957	128577569	26932	-0.0578
TAKEN_p_TCGAb_379_400_FFPE_NSP_GenomeWideSNP_6_A08_1513202	9	128586487	128692495	64	0.5189
TAKEN_p_TCGAb_379_400_FFPE_NSP_GenomeWideSNP_6_A08_1513202	9	128695180	129989993	932	-0.0347
TAKEN_p_TCGAb_379_400_FFPE_NSP_GenomeWideSNP_6_A08_1513202	9	129990431	130001050	5	-1.2661
TAKEN_p_TCGAb_379_400_FFPE_NSP_GenomeWideSNP_6_A08_1513202	9	130002139	132610616	1218	-0.0147
TAKEN_p_TCGAb_379_400_FFPE_NSP_GenomeWideSNP_6_A08_1513202	9	132610996	132614412	10	-1.1744
TAKEN_p_TCGAb_379_400_FFPE_NSP_GenomeWideSNP_6_A08_1513202	9	132614436	134060564	901	-0.0292
TAKEN_p_TCGAb_379_400_FFPE_NSP_GenomeWideSNP_6_A08_1513202	9	134063923	134349089	143	0.2434
TAKEN_p_TCGAb_379_400_FFPE_NSP_GenomeWideSNP_6_A08_1513202	9	134351343	141091394	3594	-0.0309
TAKEN_p_TCGAb_379_400_FFPE_NSP_GenomeWideSNP_6_A08_1513202	10	72759	721219	376	0.2086
TAKEN_p_TCGAb_379_400_FFPE_NSP_GenomeWideSNP_6_A08_1513202	10	733436	861824	83	0.572
TAKEN_p_TCGAb_379_400_FFPE_NSP_GenomeWideSNP_6_A08_1513202	10	861837	1488339	431	0.1137
TAKEN_p_TCGAb_379_400_FFPE_NSP_GenomeWideSNP_6_A08_1513202	10	1488444	5617550	3864	0.8502
TAKEN_p_TCGAb_379_400_FFPE_NSP_GenomeWideSNP_6_A08_1513202	10	5619866	5619893	3	-0.2956
TAKEN_p_TCGAb_379_400_FFPE_NSP_GenomeWideSNP_6_A08_1513202	10	5619953	6393610	650	0.8896
TAKEN_p_TCGAb_379_400_FFPE_NSP_GenomeWideSNP_6_A08_1513202	10	6398978	6398984	5	-0.061
TAKEN_p_TCGAb_379_400_FFPE_NSP_GenomeWideSNP_6_A08_1513202	10	6404210	12245218	4845	0.8569
TAKEN_p_TCGAb_379_400_FFPE_NSP_GenomeWideSNP_6_A08_1513202	10	12245314	15503765	2819	0.4934
TAKEN_p_TCGAb_379_400_FFPE_NSP_GenomeWideSNP_6_A08_1513202	10	15504591	21432990	4469	0.2174
TAKEN_p_TCGAb_379_400_FFPE_NSP_GenomeWideSNP_6_A08_1513202	10	21439201	21510285	37	0.8105
TAKEN_p_TCGAb_379_400_FFPE_NSP_GenomeWideSNP_6_A08_1513202	10	21510386	32266946	7397	0.2577
TAKEN_p_TCGAb_379_400_FFPE_NSP_GenomeWideSNP_6_A08_1513202	10	32268388	34071338	1230	0.526
TAKEN_p_TCGAb_379_400_FFPE_NSP_GenomeWideSNP_6_A08_1513202	10	34071843	42441972	2984	0.2618
TAKEN_p_TCGAb_379_400_FFPE_NSP_GenomeWideSNP_6_A08_1513202	10	42443238	47897394	2770	0.6228
TAKEN_p_TCGAb_379_400_FFPE_NSP_GenomeWideSNP_6_A08_1513202	10	47912899	47948060	3	-0.6731
TAKEN_p_TCGAb_379_400_FFPE_NSP_GenomeWideSNP_6_A08_1513202	10	47960476	48902376	295	0.6166
TAKEN_p_TCGAb_379_400_FFPE_NSP_GenomeWideSNP_6_A08_1513202	10	48928791	48958519	5	-0.4463
TAKEN_p_TCGAb_379_400_FFPE_NSP_GenomeWideSNP_6_A08_1513202	10	49031175	52137571	1592	0.6506
TAKEN_p_TCGAb_379_400_FFPE_NSP_GenomeWideSNP_6_A08_1513202	10	52145027	52813203	449	1.2262
TAKEN_p_TCGAb_379_400_FFPE_NSP_GenomeWideSNP_6_A08_1513202	10	52814337	52839694	14	0.7899
TAKEN_p_TCGAb_379_400_FFPE_NSP_GenomeWideSNP_6_A08_1513202	10	52840260	59202354	4877	-0.0611
TAKEN_p_TCGAb_379_400_FFPE_NSP_GenomeWideSNP_6_A08_1513202	10	59203049	59210535	4	-1.0788
TAKEN_p_TCGAb_379_400_FFPE_NSP_GenomeWideSNP_6_A08_1513202	10	59210773	59267002	25	-0.0531
TAKEN_p_TCGAb_379_400_FFPE_NSP_GenomeWideSNP_6_A08_1513202	10	59267523	59489596	174	0.4228
TAKEN_p_TCGAb_379_400_FFPE_NSP_GenomeWideSNP_6_A08_1513202	10	59493127	74960222	10442	-0.031
TAKEN_p_TCGAb_379_400_FFPE_NSP_GenomeWideSNP_6_A08_1513202	10	74960971	76604554	677	0.6502
TAKEN_p_TCGAb_379_400_FFPE_NSP_GenomeWideSNP_6_A08_1513202	10	76607628	77136073	289	0.3021
TAKEN_p_TCGAb_379_400_FFPE_NSP_GenomeWideSNP_6_A08_1513202	10	77137125	96869063	13526	-0.0351
TAKEN_p_TCGAb_379_400_FFPE_NSP_GenomeWideSNP_6_A08_1513202	10	96869074	96869106	4	-1.3657
TAKEN_p_TCGAb_379_400_FFPE_NSP_GenomeWideSNP_6_A08_1513202	10	96869706	113269350	10669	-0.0411
TAKEN_p_TCGAb_379_400_FFPE_NSP_GenomeWideSNP_6_A08_1513202	10	113270230	119006098	3996	-0.4169
TAKEN_p_TCGAb_379_400_FFPE_NSP_GenomeWideSNP_6_A08_1513202	10	119006552	119008485	3	-2.9619
TAKEN_p_TCGAb_379_400_FFPE_NSP_GenomeWideSNP_6_A08_1513202	10	119008871	126065943	5454	-0.4141
TAKEN_p_TCGAb_379_400_FFPE_NSP_GenomeWideSNP_6_A08_1513202	10	126065960	127890323	1239	-0.0022
TAKEN_p_TCGAb_379_400_FFPE_NSP_GenomeWideSNP_6_A08_1513202	10	127894580	127895219	3	-2.2574
TAKEN_p_TCGAb_379_400_FFPE_NSP_GenomeWideSNP_6_A08_1513202	10	127900300	127990427	97	-0.063
TAKEN_p_TCGAb_379_400_FFPE_NSP_GenomeWideSNP_6_A08_1513202	10	127996471	135349519	5242	-0.448
TAKEN_p_TCGAb_379_400_FFPE_NSP_GenomeWideSNP_6_A08_1513202	10	135351137	135506704	67	-0.0891
TAKEN_p_TCGAb_379_400_FFPE_NSP_GenomeWideSNP_6_A08_1513202	11	198510	3267999	1271	-0.4114
TAKEN_p_TCGAb_379_400_FFPE_NSP_GenomeWideSNP_6_A08_1513202	11	3282568	3346743	6	0.6148
TAKEN_p_TCGAb_379_400_FFPE_NSP_GenomeWideSNP_6_A08_1513202	11	3363765	4927525	1137	-0.3986
TAKEN_p_TCGAb_379_400_FFPE_NSP_GenomeWideSNP_6_A08_1513202	11	4928585	4928621	2	-2.2674
TAKEN_p_TCGAb_379_400_FFPE_NSP_GenomeWideSNP_6_A08_1513202	11	4931083	4967650	60	-0.4266
TAKEN_p_TCGAb_379_400_FFPE_NSP_GenomeWideSNP_6_A08_1513202	11	4968117	4976907	43	0.8343
TAKEN_p_TCGAb_379_400_FFPE_NSP_GenomeWideSNP_6_A08_1513202	11	4977011	7574374	2143	-0.4017
TAKEN_p_TCGAb_379_400_FFPE_NSP_GenomeWideSNP_6_A08_1513202	11	7584014	7686915	94	-0.0572
TAKEN_p_TCGAb_379_400_FFPE_NSP_GenomeWideSNP_6_A08_1513202	11	7692051	7813040	88	-0.395
TAKEN_p_TCGAb_379_400_FFPE_NSP_GenomeWideSNP_6_A08_1513202	11	7813460	7832258	6	-2.0278
TAKEN_p_TCGAb_379_400_FFPE_NSP_GenomeWideSNP_6_A08_1513202	11	7837009	18940322	7911	-0.4085
TAKEN_p_TCGAb_379_400_FFPE_NSP_GenomeWideSNP_6_A08_1513202	11	18940856	18971380	66	0.1198
TAKEN_p_TCGAb_379_400_FFPE_NSP_GenomeWideSNP_6_A08_1513202	11	18971413	22619459	3106	-0.4295
TAKEN_p_TCGAb_379_400_FFPE_NSP_GenomeWideSNP_6_A08_1513202	11	22620445	35010469	8593	-0.0614
TAKEN_p_TCGAb_379_400_FFPE_NSP_GenomeWideSNP_6_A08_1513202	11	35015259	37712277	2151	0.5099
TAKEN_p_TCGAb_379_400_FFPE_NSP_GenomeWideSNP_6_A08_1513202	11	37715215	42004305	2795	0.1999
TAKEN_p_TCGAb_379_400_FFPE_NSP_GenomeWideSNP_6_A08_1513202	11	42012945	42131899	85	0.6124
TAKEN_p_TCGAb_379_400_FFPE_NSP_GenomeWideSNP_6_A08_1513202	11	42139303	43334989	869	0.2223
TAKEN_p_TCGAb_379_400_FFPE_NSP_GenomeWideSNP_6_A08_1513202	11	43335334	43374712	16	0.68
TAKEN_p_TCGAb_379_400_FFPE_NSP_GenomeWideSNP_6_A08_1513202	11	43375845	55534599	4350	0.2795
TAKEN_p_TCGAb_379_400_FFPE_NSP_GenomeWideSNP_6_A08_1513202	11	55535307	55535426	2	-1.9254
TAKEN_p_TCGAb_379_400_FFPE_NSP_GenomeWideSNP_6_A08_1513202	11	55539264	55648702	78	0.2126
TAKEN_p_TCGAb_379_400_FFPE_NSP_GenomeWideSNP_6_A08_1513202	11	55650188	55652707	2	-1.2927
TAKEN_p_TCGAb_379_400_FFPE_NSP_GenomeWideSNP_6_A08_1513202	11	55653700	66959286	5910	0.2631
TAKEN_p_TCGAb_379_400_FFPE_NSP_GenomeWideSNP_6_A08_1513202	11	66959707	67038701	33	0.5934
TAKEN_p_TCGAb_379_400_FFPE_NSP_GenomeWideSNP_6_A08_1513202	11	67040693	79967504	7227	0.273
TAKEN_p_TCGAb_379_400_FFPE_NSP_GenomeWideSNP_6_A08_1513202	11	79967513	79967564	3	-2.1554
TAKEN_p_TCGAb_379_400_FFPE_NSP_GenomeWideSNP_6_A08_1513202	11	79967686	88371248	5963	0.223
TAKEN_p_TCGAb_379_400_FFPE_NSP_GenomeWideSNP_6_A08_1513202	11	88373730	88380387	12	0.7444
TAKEN_p_TCGAb_379_400_FFPE_NSP_GenomeWideSNP_6_A08_1513202	11	88380450	90565044	1226	0.1661
TAKEN_p_TCGAb_379_400_FFPE_NSP_GenomeWideSNP_6_A08_1513202	11	90566513	90571038	5	-0.6159
TAKEN_p_TCGAb_379_400_FFPE_NSP_GenomeWideSNP_6_A08_1513202	11	90572164	128333519	26804	0.2229
TAKEN_p_TCGAb_379_400_FFPE_NSP_GenomeWideSNP_6_A08_1513202	11	128334766	128335050	7	-0.4593
TAKEN_p_TCGAb_379_400_FFPE_NSP_GenomeWideSNP_6_A08_1513202	11	128337626	128390499	208	0.2044
TAKEN_p_TCGAb_379_400_FFPE_NSP_GenomeWideSNP_6_A08_1513202	11	128390514	128390911	7	-0.2214
TAKEN_p_TCGAb_379_400_FFPE_NSP_GenomeWideSNP_6_A08_1513202	11	128390927	134944770	4905	0.2193
TAKEN_p_TCGAb_379_400_FFPE_NSP_GenomeWideSNP_6_A08_1513202	12	150442	3750553	2385	-0.4055
TAKEN_p_TCGAb_379_400_FFPE_NSP_GenomeWideSNP_6_A08_1513202	12	3756733	5520803	1537	0.2579
TAKEN_p_TCGAb_379_400_FFPE_NSP_GenomeWideSNP_6_A08_1513202	12	5521537	5521560	2	-1.6621
TAKEN_p_TCGAb_379_400_FFPE_NSP_GenomeWideSNP_6_A08_1513202	12	5525213	5552868	24	0.3044
TAKEN_p_TCGAb_379_400_FFPE_NSP_GenomeWideSNP_6_A08_1513202	12	5554944	8562635	1680	-0.3822
TAKEN_p_TCGAb_379_400_FFPE_NSP_GenomeWideSNP_6_A08_1513202	12	8567608	8584672	12	0.2493
TAKEN_p_TCGAb_379_400_FFPE_NSP_GenomeWideSNP_6_A08_1513202	12	8594894	9633870	565	-0.4259
TAKEN_p_TCGAb_379_400_FFPE_NSP_GenomeWideSNP_6_A08_1513202	12	9637909	9713674	21	0.2455
TAKEN_p_TCGAb_379_400_FFPE_NSP_GenomeWideSNP_6_A08_1513202	12	9714954	11216849	1045	-0.4207
TAKEN_p_TCGAb_379_400_FFPE_NSP_GenomeWideSNP_6_A08_1513202	12	11219423	11241532	13	0.3847
TAKEN_p_TCGAb_379_400_FFPE_NSP_GenomeWideSNP_6_A08_1513202	12	11251874	14489551	2527	-0.3887
TAKEN_p_TCGAb_379_400_FFPE_NSP_GenomeWideSNP_6_A08_1513202	12	14492516	14496713	3	-2.5627
TAKEN_p_TCGAb_379_400_FFPE_NSP_GenomeWideSNP_6_A08_1513202	12	14497609	15304410	498	-0.393
TAKEN_p_TCGAb_379_400_FFPE_NSP_GenomeWideSNP_6_A08_1513202	12	15304765	15304983	2	-2.0701
TAKEN_p_TCGAb_379_400_FFPE_NSP_GenomeWideSNP_6_A08_1513202	12	15305000	21144302	3665	-0.4251
TAKEN_p_TCGAb_379_400_FFPE_NSP_GenomeWideSNP_6_A08_1513202	12	21144431	21144506	3	-2.3423
TAKEN_p_TCGAb_379_400_FFPE_NSP_GenomeWideSNP_6_A08_1513202	12	21144542	33386757	8952	-0.5236
TAKEN_p_TCGAb_379_400_FFPE_NSP_GenomeWideSNP_6_A08_1513202	12	33388829	33395142	4	-2.2984
TAKEN_p_TCGAb_379_400_FFPE_NSP_GenomeWideSNP_6_A08_1513202	12	33395418	54633414	10580	-0.3914
TAKEN_p_TCGAb_379_400_FFPE_NSP_GenomeWideSNP_6_A08_1513202	12	54634105	54819110	51	0.0319
TAKEN_p_TCGAb_379_400_FFPE_NSP_GenomeWideSNP_6_A08_1513202	12	54827568	56871314	1220	-0.3597
TAKEN_p_TCGAb_379_400_FFPE_NSP_GenomeWideSNP_6_A08_1513202	12	56873535	57053553	66	0.0013
TAKEN_p_TCGAb_379_400_FFPE_NSP_GenomeWideSNP_6_A08_1513202	12	57055291	62473136	3341	-0.3982
TAKEN_p_TCGAb_379_400_FFPE_NSP_GenomeWideSNP_6_A08_1513202	12	62476024	62713703	132	-0.0245
TAKEN_p_TCGAb_379_400_FFPE_NSP_GenomeWideSNP_6_A08_1513202	12	62714343	76907423	9160	-0.4019
TAKEN_p_TCGAb_379_400_FFPE_NSP_GenomeWideSNP_6_A08_1513202	12	76913352	77050537	56	0.0118
TAKEN_p_TCGAb_379_400_FFPE_NSP_GenomeWideSNP_6_A08_1513202	12	77055180	81117994	2715	-0.4102
TAKEN_p_TCGAb_379_400_FFPE_NSP_GenomeWideSNP_6_A08_1513202	12	81126908	82183688	689	0.4428
TAKEN_p_TCGAb_379_400_FFPE_NSP_GenomeWideSNP_6_A08_1513202	12	82186794	91065494	5228	-0.3952
TAKEN_p_TCGAb_379_400_FFPE_NSP_GenomeWideSNP_6_A08_1513202	12	91068209	92508865	995	0.454
TAKEN_p_TCGAb_379_400_FFPE_NSP_GenomeWideSNP_6_A08_1513202	12	92514546	92625370	70	1.0402
TAKEN_p_TCGAb_379_400_FFPE_NSP_GenomeWideSNP_6_A08_1513202	12	92626452	93852325	760	0.4657
TAKEN_p_TCGAb_379_400_FFPE_NSP_GenomeWideSNP_6_A08_1513202	12	93861586	94616595	624	-0.3992
TAKEN_p_TCGAb_379_400_FFPE_NSP_GenomeWideSNP_6_A08_1513202	12	94618728	96403199	1296	0.5098
TAKEN_p_TCGAb_379_400_FFPE_NSP_GenomeWideSNP_6_A08_1513202	12	96403421	97650619	822	-0.399
TAKEN_p_TCGAb_379_400_FFPE_NSP_GenomeWideSNP_6_A08_1513202	12	97658580	99791814	1526	-0.0329
TAKEN_p_TCGAb_379_400_FFPE_NSP_GenomeWideSNP_6_A08_1513202	12	99795293	99798734	31	-0.66
TAKEN_p_TCGAb_379_400_FFPE_NSP_GenomeWideSNP_6_A08_1513202	12	99803093	100266852	284	-0.0037
TAKEN_p_TCGAb_379_400_FFPE_NSP_GenomeWideSNP_6_A08_1513202	12	100267131	100587884	155	0.2869
TAKEN_p_TCGAb_379_400_FFPE_NSP_GenomeWideSNP_6_A08_1513202	12	100588198	101311721	430	-9e-04
TAKEN_p_TCGAb_379_400_FFPE_NSP_GenomeWideSNP_6_A08_1513202	12	101314996	106084508	3287	-0.3809
TAKEN_p_TCGAb_379_400_FFPE_NSP_GenomeWideSNP_6_A08_1513202	12	106088518	108446109	1712	-0.0114
TAKEN_p_TCGAb_379_400_FFPE_NSP_GenomeWideSNP_6_A08_1513202	12	108447257	119031034	7088	-0.3825
TAKEN_p_TCGAb_379_400_FFPE_NSP_GenomeWideSNP_6_A08_1513202	12	119031052	119031800	2	-2.7761
TAKEN_p_TCGAb_379_400_FFPE_NSP_GenomeWideSNP_6_A08_1513202	12	119031926	131148328	8435	-0.4183
TAKEN_p_TCGAb_379_400_FFPE_NSP_GenomeWideSNP_6_A08_1513202	12	131148401	131150369	15	-1.3007
TAKEN_p_TCGAb_379_400_FFPE_NSP_GenomeWideSNP_6_A08_1513202	12	131153348	131727385	390	-0.4101
TAKEN_p_TCGAb_379_400_FFPE_NSP_GenomeWideSNP_6_A08_1513202	12	131731944	131732657	2	-2.3661
TAKEN_p_TCGAb_379_400_FFPE_NSP_GenomeWideSNP_6_A08_1513202	12	131733226	133778189	964	-0.3851
TAKEN_p_TCGAb_379_400_FFPE_NSP_GenomeWideSNP_6_A08_1513202	13	19026949	19064898	4	0.4433
TAKEN_p_TCGAb_379_400_FFPE_NSP_GenomeWideSNP_6_A08_1513202	13	19067661	34386734	11075	-0.0354
TAKEN_p_TCGAb_379_400_FFPE_NSP_GenomeWideSNP_6_A08_1513202	13	34388412	50564804	11016	0.4869
TAKEN_p_TCGAb_379_400_FFPE_NSP_GenomeWideSNP_6_A08_1513202	13	50565878	50827566	124	0.0122
TAKEN_p_TCGAb_379_400_FFPE_NSP_GenomeWideSNP_6_A08_1513202	13	50829466	55296255	2679	0.4873
TAKEN_p_TCGAb_379_400_FFPE_NSP_GenomeWideSNP_6_A08_1513202	13	55300327	55301011	2	-0.7402
TAKEN_p_TCGAb_379_400_FFPE_NSP_GenomeWideSNP_6_A08_1513202	13	55303512	57751096	1233	0.4163
TAKEN_p_TCGAb_379_400_FFPE_NSP_GenomeWideSNP_6_A08_1513202	13	57758270	57778380	34	-1.687
TAKEN_p_TCGAb_379_400_FFPE_NSP_GenomeWideSNP_6_A08_1513202	13	57789714	72476988	9008	0.452
TAKEN_p_TCGAb_379_400_FFPE_NSP_GenomeWideSNP_6_A08_1513202	13	72477555	72480556	4	1.6769
TAKEN_p_TCGAb_379_400_FFPE_NSP_GenomeWideSNP_6_A08_1513202	13	72480605	81802641	6497	0.4483
TAKEN_p_TCGAb_379_400_FFPE_NSP_GenomeWideSNP_6_A08_1513202	13	81805686	81811684	2	-1.4744
TAKEN_p_TCGAb_379_400_FFPE_NSP_GenomeWideSNP_6_A08_1513202	13	81815865	86983992	3176	0.4577
TAKEN_p_TCGAb_379_400_FFPE_NSP_GenomeWideSNP_6_A08_1513202	13	86988610	86988699	2	-1.3386
TAKEN_p_TCGAb_379_400_FFPE_NSP_GenomeWideSNP_6_A08_1513202	13	86998286	100076944	8399	0.4469
TAKEN_p_TCGAb_379_400_FFPE_NSP_GenomeWideSNP_6_A08_1513202	13	100080514	100214790	87	0.8971
TAKEN_p_TCGAb_379_400_FFPE_NSP_GenomeWideSNP_6_A08_1513202	13	100218309	106335923	4810	0.4557
TAKEN_p_TCGAb_379_400_FFPE_NSP_GenomeWideSNP_6_A08_1513202	13	106338208	106408558	67	1.1896
TAKEN_p_TCGAb_379_400_FFPE_NSP_GenomeWideSNP_6_A08_1513202	13	106411268	108356060	1609	0.433
TAKEN_p_TCGAb_379_400_FFPE_NSP_GenomeWideSNP_6_A08_1513202	13	108356329	108359999	2	-0.8358
TAKEN_p_TCGAb_379_400_FFPE_NSP_GenomeWideSNP_6_A08_1513202	13	108360217	108924215	442	0.4541
TAKEN_p_TCGAb_379_400_FFPE_NSP_GenomeWideSNP_6_A08_1513202	13	108926989	109032496	68	1.0419
TAKEN_p_TCGAb_379_400_FFPE_NSP_GenomeWideSNP_6_A08_1513202	13	109040074	113560852	3358	0.4743
TAKEN_p_TCGAb_379_400_FFPE_NSP_GenomeWideSNP_6_A08_1513202	13	113562407	113562425	2	-1.2092
TAKEN_p_TCGAb_379_400_FFPE_NSP_GenomeWideSNP_6_A08_1513202	13	113562477	115108397	640	0.4896
TAKEN_p_TCGAb_379_400_FFPE_NSP_GenomeWideSNP_6_A08_1513202	14	19002124	19422533	29	-0.447
TAKEN_p_TCGAb_379_400_FFPE_NSP_GenomeWideSNP_6_A08_1513202	14	19432799	19451076	5	-2.3995
TAKEN_p_TCGAb_379_400_FFPE_NSP_GenomeWideSNP_6_A08_1513202	14	19453326	19541714	5	-1.1861
TAKEN_p_TCGAb_379_400_FFPE_NSP_GenomeWideSNP_6_A08_1513202	14	19557041	20203466	47	-0.4353
TAKEN_p_TCGAb_379_400_FFPE_NSP_GenomeWideSNP_6_A08_1513202	14	20203885	20425509	105	-0.9059
TAKEN_p_TCGAb_379_400_FFPE_NSP_GenomeWideSNP_6_A08_1513202	14	20425860	23095002	1980	-0.362
TAKEN_p_TCGAb_379_400_FFPE_NSP_GenomeWideSNP_6_A08_1513202	14	23095546	23099130	4	-3.0816
TAKEN_p_TCGAb_379_400_FFPE_NSP_GenomeWideSNP_6_A08_1513202	14	23099209	23794324	328	-0.3914
TAKEN_p_TCGAb_379_400_FFPE_NSP_GenomeWideSNP_6_A08_1513202	14	23795976	23802525	2	-2.6455
TAKEN_p_TCGAb_379_400_FFPE_NSP_GenomeWideSNP_6_A08_1513202	14	23806190	30889115	4428	-0.4377
TAKEN_p_TCGAb_379_400_FFPE_NSP_GenomeWideSNP_6_A08_1513202	14	30889842	31393341	275	0.2616
TAKEN_p_TCGAb_379_400_FFPE_NSP_GenomeWideSNP_6_A08_1513202	14	31398763	54790093	14722	-0.3995
TAKEN_p_TCGAb_379_400_FFPE_NSP_GenomeWideSNP_6_A08_1513202	14	54793355	54813583	20	0.3757
TAKEN_p_TCGAb_379_400_FFPE_NSP_GenomeWideSNP_6_A08_1513202	14	54813815	56354947	984	-0.3824
TAKEN_p_TCGAb_379_400_FFPE_NSP_GenomeWideSNP_6_A08_1513202	14	56355327	56355689	2	-1.7524
TAKEN_p_TCGAb_379_400_FFPE_NSP_GenomeWideSNP_6_A08_1513202	14	56355859	59190913	1984	-0.4424
TAKEN_p_TCGAb_379_400_FFPE_NSP_GenomeWideSNP_6_A08_1513202	14	59191254	59221878	34	-1.0581
TAKEN_p_TCGAb_379_400_FFPE_NSP_GenomeWideSNP_6_A08_1513202	14	59231012	98713508	26081	-0.4126
TAKEN_p_TCGAb_379_400_FFPE_NSP_GenomeWideSNP_6_A08_1513202	14	98714883	98717928	8	-1.5359
TAKEN_p_TCGAb_379_400_FFPE_NSP_GenomeWideSNP_6_A08_1513202	14	98719008	107285437	4531	-0.3988
TAKEN_p_TCGAb_379_400_FFPE_NSP_GenomeWideSNP_6_A08_1513202	15	20016328	22302006	314	-0.4424
TAKEN_p_TCGAb_379_400_FFPE_NSP_GenomeWideSNP_6_A08_1513202	15	22311810	22363231	20	0.0816
TAKEN_p_TCGAb_379_400_FFPE_NSP_GenomeWideSNP_6_A08_1513202	15	22373070	22383201	7	-0.7383
TAKEN_p_TCGAb_379_400_FFPE_NSP_GenomeWideSNP_6_A08_1513202	15	22385001	22587474	80	-0.0442
TAKEN_p_TCGAb_379_400_FFPE_NSP_GenomeWideSNP_6_A08_1513202	15	22673399	43456862	12969	-0.4206
TAKEN_p_TCGAb_379_400_FFPE_NSP_GenomeWideSNP_6_A08_1513202	15	43462941	43679538	109	0.0141
TAKEN_p_TCGAb_379_400_FFPE_NSP_GenomeWideSNP_6_A08_1513202	15	43683850	71291746	17896	-0.3752
TAKEN_p_TCGAb_379_400_FFPE_NSP_GenomeWideSNP_6_A08_1513202	15	71293645	71667727	229	0.0427
TAKEN_p_TCGAb_379_400_FFPE_NSP_GenomeWideSNP_6_A08_1513202	15	71668140	71668512	3	-1.1826
TAKEN_p_TCGAb_379_400_FFPE_NSP_GenomeWideSNP_6_A08_1513202	15	71669115	76483342	2498	0.0117
TAKEN_p_TCGAb_379_400_FFPE_NSP_GenomeWideSNP_6_A08_1513202	15	76484830	76484993	2	-1.4228
TAKEN_p_TCGAb_379_400_FFPE_NSP_GenomeWideSNP_6_A08_1513202	15	76485536	84542885	4676	2e-04
TAKEN_p_TCGAb_379_400_FFPE_NSP_GenomeWideSNP_6_A08_1513202	15	84543250	84543550	4	-1.2976
TAKEN_p_TCGAb_379_400_FFPE_NSP_GenomeWideSNP_6_A08_1513202	15	84547277	90658267	4191	-0.0217
TAKEN_p_TCGAb_379_400_FFPE_NSP_GenomeWideSNP_6_A08_1513202	15	90658330	90789102	92	0.3295
TAKEN_p_TCGAb_379_400_FFPE_NSP_GenomeWideSNP_6_A08_1513202	15	90792506	94835972	3279	-0.0361
TAKEN_p_TCGAb_379_400_FFPE_NSP_GenomeWideSNP_6_A08_1513202	15	94843381	96856201	1617	0.2475
TAKEN_p_TCGAb_379_400_FFPE_NSP_GenomeWideSNP_6_A08_1513202	15	96857621	101395724	3286	-0.0315
TAKEN_p_TCGAb_379_400_FFPE_NSP_GenomeWideSNP_6_A08_1513202	15	101398800	101481283	64	0.3164
TAKEN_p_TCGAb_379_400_FFPE_NSP_GenomeWideSNP_6_A08_1513202	15	101485197	102400037	710	-0.0108
TAKEN_p_TCGAb_379_400_FFPE_NSP_GenomeWideSNP_6_A08_1513202	15	102405136	102469040	13	-0.5679
TAKEN_p_TCGAb_379_400_FFPE_NSP_GenomeWideSNP_6_A08_1513202	16	60777	12084047	8969	-0.0022
TAKEN_p_TCGAb_379_400_FFPE_NSP_GenomeWideSNP_6_A08_1513202	16	12092442	12208415	66	0.3363
TAKEN_p_TCGAb_379_400_FFPE_NSP_GenomeWideSNP_6_A08_1513202	16	12210352	16760686	2797	0.0122
TAKEN_p_TCGAb_379_400_FFPE_NSP_GenomeWideSNP_6_A08_1513202	16	16786071	16837626	5	-1.01
TAKEN_p_TCGAb_379_400_FFPE_NSP_GenomeWideSNP_6_A08_1513202	16	16855361	18606678	992	-0.0709
TAKEN_p_TCGAb_379_400_FFPE_NSP_GenomeWideSNP_6_A08_1513202	16	18627301	18699856	10	0.5458
TAKEN_p_TCGAb_379_400_FFPE_NSP_GenomeWideSNP_6_A08_1513202	16	18704192	18823607	35	0.0119
TAKEN_p_TCGAb_379_400_FFPE_NSP_GenomeWideSNP_6_A08_1513202	16	18830938	19394926	351	0.3374
TAKEN_p_TCGAb_379_400_FFPE_NSP_GenomeWideSNP_6_A08_1513202	16	19397355	23373855	2168	-0.0083
TAKEN_p_TCGAb_379_400_FFPE_NSP_GenomeWideSNP_6_A08_1513202	16	23375749	23429277	28	0.3012
TAKEN_p_TCGAb_379_400_FFPE_NSP_GenomeWideSNP_6_A08_1513202	16	23430893	23435187	3	-0.3205
TAKEN_p_TCGAb_379_400_FFPE_NSP_GenomeWideSNP_6_A08_1513202	16	23437151	23555131	58	0.3076
TAKEN_p_TCGAb_379_400_FFPE_NSP_GenomeWideSNP_6_A08_1513202	16	23555499	29126085	3599	0.0057
TAKEN_p_TCGAb_379_400_FFPE_NSP_GenomeWideSNP_6_A08_1513202	16	29128462	29134000	13	-0.9425
TAKEN_p_TCGAb_379_400_FFPE_NSP_GenomeWideSNP_6_A08_1513202	16	29134083	29281054	66	-0.0351
TAKEN_p_TCGAb_379_400_FFPE_NSP_GenomeWideSNP_6_A08_1513202	16	29281055	29283704	3	-2.2558
TAKEN_p_TCGAb_379_400_FFPE_NSP_GenomeWideSNP_6_A08_1513202	16	29287978	46491386	1698	-0.0202
TAKEN_p_TCGAb_379_400_FFPE_NSP_GenomeWideSNP_6_A08_1513202	16	46497362	48658910	993	0.2569
TAKEN_p_TCGAb_379_400_FFPE_NSP_GenomeWideSNP_6_A08_1513202	16	48659694	51270726	1830	-0.0228
TAKEN_p_TCGAb_379_400_FFPE_NSP_GenomeWideSNP_6_A08_1513202	16	51279056	51446763	140	0.4829
TAKEN_p_TCGAb_379_400_FFPE_NSP_GenomeWideSNP_6_A08_1513202	16	51448932	51449007	2	1.6252
TAKEN_p_TCGAb_379_400_FFPE_NSP_GenomeWideSNP_6_A08_1513202	16	51449451	51830602	300	0.4721
TAKEN_p_TCGAb_379_400_FFPE_NSP_GenomeWideSNP_6_A08_1513202	16	51833190	55796594	3213	-0.0184
TAKEN_p_TCGAb_379_400_FFPE_NSP_GenomeWideSNP_6_A08_1513202	16	55798222	55798779	3	1.7169
TAKEN_p_TCGAb_379_400_FFPE_NSP_GenomeWideSNP_6_A08_1513202	16	55804348	58842251	1834	-0.0178
TAKEN_p_TCGAb_379_400_FFPE_NSP_GenomeWideSNP_6_A08_1513202	16	58842964	58843104	2	-2.0355
TAKEN_p_TCGAb_379_400_FFPE_NSP_GenomeWideSNP_6_A08_1513202	16	58846851	67141315	5603	-0.0715
TAKEN_p_TCGAb_379_400_FFPE_NSP_GenomeWideSNP_6_A08_1513202	16	67146702	67520123	150	0.3337
TAKEN_p_TCGAb_379_400_FFPE_NSP_GenomeWideSNP_6_A08_1513202	16	67522891	70842097	1475	-0.0079
TAKEN_p_TCGAb_379_400_FFPE_NSP_GenomeWideSNP_6_A08_1513202	16	70854381	71207728	145	0.3445
TAKEN_p_TCGAb_379_400_FFPE_NSP_GenomeWideSNP_6_A08_1513202	16	71207879	72087010	495	-0.0488
TAKEN_p_TCGAb_379_400_FFPE_NSP_GenomeWideSNP_6_A08_1513202	16	72095073	72110940	2	1.4914
TAKEN_p_TCGAb_379_400_FFPE_NSP_GenomeWideSNP_6_A08_1513202	16	72113416	72403287	183	-0.0277
TAKEN_p_TCGAb_379_400_FFPE_NSP_GenomeWideSNP_6_A08_1513202	16	72405994	72464598	31	0.5785
TAKEN_p_TCGAb_379_400_FFPE_NSP_GenomeWideSNP_6_A08_1513202	16	72467161	74784319	1488	-0.035
TAKEN_p_TCGAb_379_400_FFPE_NSP_GenomeWideSNP_6_A08_1513202	16	74784553	75322097	341	0.2819
TAKEN_p_TCGAb_379_400_FFPE_NSP_GenomeWideSNP_6_A08_1513202	16	75322486	76661283	1020	-0.0518
TAKEN_p_TCGAb_379_400_FFPE_NSP_GenomeWideSNP_6_A08_1513202	16	76666685	76669490	3	-1.7197
TAKEN_p_TCGAb_379_400_FFPE_NSP_GenomeWideSNP_6_A08_1513202	16	76672880	78372611	1673	-0.0763
TAKEN_p_TCGAb_379_400_FFPE_NSP_GenomeWideSNP_6_A08_1513202	16	78372846	78384765	15	0.5608
TAKEN_p_TCGAb_379_400_FFPE_NSP_GenomeWideSNP_6_A08_1513202	16	78385001	81716880	3701	-0.055
TAKEN_p_TCGAb_379_400_FFPE_NSP_GenomeWideSNP_6_A08_1513202	16	81722522	81773026	41	0.3057
TAKEN_p_TCGAb_379_400_FFPE_NSP_GenomeWideSNP_6_A08_1513202	16	81773209	90287535	6907	-0.0352
TAKEN_p_TCGAb_379_400_FFPE_NSP_GenomeWideSNP_6_A08_1513202	17	526	16719043	10500	-0.3892
TAKEN_p_TCGAb_379_400_FFPE_NSP_GenomeWideSNP_6_A08_1513202	17	16722801	16740270	4	-2.1936
TAKEN_p_TCGAb_379_400_FFPE_NSP_GenomeWideSNP_6_A08_1513202	17	16741515	18355392	922	-0.3631
TAKEN_p_TCGAb_379_400_FFPE_NSP_GenomeWideSNP_6_A08_1513202	17	18358946	18465221	28	0.2867
TAKEN_p_TCGAb_379_400_FFPE_NSP_GenomeWideSNP_6_A08_1513202	17	18469197	20834924	983	-0.3612
TAKEN_p_TCGAb_379_400_FFPE_NSP_GenomeWideSNP_6_A08_1513202	17	20836053	20849156	3	-0.0138
TAKEN_p_TCGAb_379_400_FFPE_NSP_GenomeWideSNP_6_A08_1513202	17	20849769	20865013	13	0.375
TAKEN_p_TCGAb_379_400_FFPE_NSP_GenomeWideSNP_6_A08_1513202	17	20865108	20890728	13	0.0798
TAKEN_p_TCGAb_379_400_FFPE_NSP_GenomeWideSNP_6_A08_1513202	17	20893572	21005945	67	0.3869
TAKEN_p_TCGAb_379_400_FFPE_NSP_GenomeWideSNP_6_A08_1513202	17	21012523	21499619	218	-0.0406
TAKEN_p_TCGAb_379_400_FFPE_NSP_GenomeWideSNP_6_A08_1513202	17	21504729	25986633	624	-0.3604
TAKEN_p_TCGAb_379_400_FFPE_NSP_GenomeWideSNP_6_A08_1513202	17	25988101	26438853	270	0.0281
TAKEN_p_TCGAb_379_400_FFPE_NSP_GenomeWideSNP_6_A08_1513202	17	26440872	26928531	207	-0.2994
TAKEN_p_TCGAb_379_400_FFPE_NSP_GenomeWideSNP_6_A08_1513202	17	26941896	26957652	9	1.0204
TAKEN_p_TCGAb_379_400_FFPE_NSP_GenomeWideSNP_6_A08_1513202	17	26960758	28403618	607	-0.3519
TAKEN_p_TCGAb_379_400_FFPE_NSP_GenomeWideSNP_6_A08_1513202	17	28404581	30729439	1065	0.0351
TAKEN_p_TCGAb_379_400_FFPE_NSP_GenomeWideSNP_6_A08_1513202	17	30737832	34446915	2844	-0.4171
TAKEN_p_TCGAb_379_400_FFPE_NSP_GenomeWideSNP_6_A08_1513202	17	34447127	34477603	29	-1.0163
TAKEN_p_TCGAb_379_400_FFPE_NSP_GenomeWideSNP_6_A08_1513202	17	34485091	35330836	437	-0.3878
TAKEN_p_TCGAb_379_400_FFPE_NSP_GenomeWideSNP_6_A08_1513202	17	35338267	35555410	128	3.5658
TAKEN_p_TCGAb_379_400_FFPE_NSP_GenomeWideSNP_6_A08_1513202	17	35558408	37726765	1030	-0.376
TAKEN_p_TCGAb_379_400_FFPE_NSP_GenomeWideSNP_6_A08_1513202	17	37736785	37868505	83	3.3253
TAKEN_p_TCGAb_379_400_FFPE_NSP_GenomeWideSNP_6_A08_1513202	17	37868529	37876662	18	4.2059
TAKEN_p_TCGAb_379_400_FFPE_NSP_GenomeWideSNP_6_A08_1513202	17	37876767	38243864	191	3.2987
TAKEN_p_TCGAb_379_400_FFPE_NSP_GenomeWideSNP_6_A08_1513202	17	38248022	38341603	30	1.9353
TAKEN_p_TCGAb_379_400_FFPE_NSP_GenomeWideSNP_6_A08_1513202	17	38355833	39423090	630	-0.365
TAKEN_p_TCGAb_379_400_FFPE_NSP_GenomeWideSNP_6_A08_1513202	17	39423103	39430531	19	-1.194
TAKEN_p_TCGAb_379_400_FFPE_NSP_GenomeWideSNP_6_A08_1513202	17	39432724	41432265	1110	-0.3552
TAKEN_p_TCGAb_379_400_FFPE_NSP_GenomeWideSNP_6_A08_1513202	17	41438590	41439921	3	-2.2428
TAKEN_p_TCGAb_379_400_FFPE_NSP_GenomeWideSNP_6_A08_1513202	17	41443704	45644806	2002	-0.3706
TAKEN_p_TCGAb_379_400_FFPE_NSP_GenomeWideSNP_6_A08_1513202	17	45653364	45706598	29	3.5864
TAKEN_p_TCGAb_379_400_FFPE_NSP_GenomeWideSNP_6_A08_1513202	17	45707871	50729622	2949	-0.3668
TAKEN_p_TCGAb_379_400_FFPE_NSP_GenomeWideSNP_6_A08_1513202	17	50730222	51017282	209	-0.0594
TAKEN_p_TCGAb_379_400_FFPE_NSP_GenomeWideSNP_6_A08_1513202	17	51017312	51325906	197	-0.4345
TAKEN_p_TCGAb_379_400_FFPE_NSP_GenomeWideSNP_6_A08_1513202	17	51327396	51848402	332	2.1136
TAKEN_p_TCGAb_379_400_FFPE_NSP_GenomeWideSNP_6_A08_1513202	17	51852858	51853430	2	0.0212
TAKEN_p_TCGAb_379_400_FFPE_NSP_GenomeWideSNP_6_A08_1513202	17	51861584	54902732	2297	1.955
TAKEN_p_TCGAb_379_400_FFPE_NSP_GenomeWideSNP_6_A08_1513202	17	54906137	55778830	635	-0.3548
TAKEN_p_TCGAb_379_400_FFPE_NSP_GenomeWideSNP_6_A08_1513202	17	55781270	56125274	239	-0.0255
TAKEN_p_TCGAb_379_400_FFPE_NSP_GenomeWideSNP_6_A08_1513202	17	56131755	56164541	22	0.4345
TAKEN_p_TCGAb_379_400_FFPE_NSP_GenomeWideSNP_6_A08_1513202	17	56171979	57108543	457	-0.3555
TAKEN_p_TCGAb_379_400_FFPE_NSP_GenomeWideSNP_6_A08_1513202	17	57111076	57369270	105	1.7837
TAKEN_p_TCGAb_379_400_FFPE_NSP_GenomeWideSNP_6_A08_1513202	17	57373098	59054835	805	-0.3369
TAKEN_p_TCGAb_379_400_FFPE_NSP_GenomeWideSNP_6_A08_1513202	17	59058236	59115393	31	1.9272
TAKEN_p_TCGAb_379_400_FFPE_NSP_GenomeWideSNP_6_A08_1513202	17	59117592	61858537	1314	-0.3537
TAKEN_p_TCGAb_379_400_FFPE_NSP_GenomeWideSNP_6_A08_1513202	17	61863184	63226943	686	0.0088
TAKEN_p_TCGAb_379_400_FFPE_NSP_GenomeWideSNP_6_A08_1513202	17	63227030	63643226	295	-0.3288
TAKEN_p_TCGAb_379_400_FFPE_NSP_GenomeWideSNP_6_A08_1513202	17	63643988	80652880	10379	0.0092
TAKEN_p_TCGAb_379_400_FFPE_NSP_GenomeWideSNP_6_A08_1513202	17	80652949	80653399	3	-2.0176
TAKEN_p_TCGAb_379_400_FFPE_NSP_GenomeWideSNP_6_A08_1513202	17	80653480	81049726	206	-0.0095
TAKEN_p_TCGAb_379_400_FFPE_NSP_GenomeWideSNP_6_A08_1513202	18	11543	3414574	2401	-0.4205
TAKEN_p_TCGAb_379_400_FFPE_NSP_GenomeWideSNP_6_A08_1513202	18	3415225	3716218	191	0.0241
TAKEN_p_TCGAb_379_400_FFPE_NSP_GenomeWideSNP_6_A08_1513202	18	3724367	4523405	691	-0.9267
TAKEN_p_TCGAb_379_400_FFPE_NSP_GenomeWideSNP_6_A08_1513202	18	4524934	4629150	53	-0.4075
TAKEN_p_TCGAb_379_400_FFPE_NSP_GenomeWideSNP_6_A08_1513202	18	4631619	6714952	1440	-0.9658
TAKEN_p_TCGAb_379_400_FFPE_NSP_GenomeWideSNP_6_A08_1513202	18	6719021	6720988	4	-0.4824
TAKEN_p_TCGAb_379_400_FFPE_NSP_GenomeWideSNP_6_A08_1513202	18	6723505	8324955	1216	-0.0213
TAKEN_p_TCGAb_379_400_FFPE_NSP_GenomeWideSNP_6_A08_1513202	18	8325430	8325443	2	-1.9948
TAKEN_p_TCGAb_379_400_FFPE_NSP_GenomeWideSNP_6_A08_1513202	18	8325813	10174021	1459	0.0257
TAKEN_p_TCGAb_379_400_FFPE_NSP_GenomeWideSNP_6_A08_1513202	18	10181524	26898849	8080	-0.3735
TAKEN_p_TCGAb_379_400_FFPE_NSP_GenomeWideSNP_6_A08_1513202	18	26899868	26900047	2	-2.2644
TAKEN_p_TCGAb_379_400_FFPE_NSP_GenomeWideSNP_6_A08_1513202	18	26904943	41974818	9676	-0.3928
TAKEN_p_TCGAb_379_400_FFPE_NSP_GenomeWideSNP_6_A08_1513202	18	41976886	41978625	6	-2.2976
TAKEN_p_TCGAb_379_400_FFPE_NSP_GenomeWideSNP_6_A08_1513202	18	41982671	59274977	12003	-0.3748
TAKEN_p_TCGAb_379_400_FFPE_NSP_GenomeWideSNP_6_A08_1513202	18	59277116	59282309	10	-1.0374
TAKEN_p_TCGAb_379_400_FFPE_NSP_GenomeWideSNP_6_A08_1513202	18	59284865	63271502	2797	-0.3897
TAKEN_p_TCGAb_379_400_FFPE_NSP_GenomeWideSNP_6_A08_1513202	18	63272266	63287930	3	-1.9178
TAKEN_p_TCGAb_379_400_FFPE_NSP_GenomeWideSNP_6_A08_1513202	18	63288783	63629564	254	-0.391
TAKEN_p_TCGAb_379_400_FFPE_NSP_GenomeWideSNP_6_A08_1513202	18	63637051	63640124	6	-2.6114
TAKEN_p_TCGAb_379_400_FFPE_NSP_GenomeWideSNP_6_A08_1513202	18	63640408	78015057	10494	-0.4239
TAKEN_p_TCGAb_379_400_FFPE_NSP_GenomeWideSNP_6_A08_1513202	19	90910	1390204	311	-0.1686
TAKEN_p_TCGAb_379_400_FFPE_NSP_GenomeWideSNP_6_A08_1513202	19	1403393	2559841	306	0.2482
TAKEN_p_TCGAb_379_400_FFPE_NSP_GenomeWideSNP_6_A08_1513202	19	2568275	2569045	2	-1.4808
TAKEN_p_TCGAb_379_400_FFPE_NSP_GenomeWideSNP_6_A08_1513202	19	2569242	3832943	409	0.2828
TAKEN_p_TCGAb_379_400_FFPE_NSP_GenomeWideSNP_6_A08_1513202	19	3835177	6658613	1091	-0.1757
TAKEN_p_TCGAb_379_400_FFPE_NSP_GenomeWideSNP_6_A08_1513202	19	6658636	7001405	222	0.2628
TAKEN_p_TCGAb_379_400_FFPE_NSP_GenomeWideSNP_6_A08_1513202	19	7006595	7300055	161	-0.1863
TAKEN_p_TCGAb_379_400_FFPE_NSP_GenomeWideSNP_6_A08_1513202	19	7304492	7344986	6	0.6445
TAKEN_p_TCGAb_379_400_FFPE_NSP_GenomeWideSNP_6_A08_1513202	19	7397015	8246140	377	-0.1668
TAKEN_p_TCGAb_379_400_FFPE_NSP_GenomeWideSNP_6_A08_1513202	19	8248530	8256918	3	0.9485
TAKEN_p_TCGAb_379_400_FFPE_NSP_GenomeWideSNP_6_A08_1513202	19	8266439	10779931	1227	0.3886
TAKEN_p_TCGAb_379_400_FFPE_NSP_GenomeWideSNP_6_A08_1513202	19	10782670	10877710	44	0.6742
TAKEN_p_TCGAb_379_400_FFPE_NSP_GenomeWideSNP_6_A08_1513202	19	10878616	12692001	916	0.1424
TAKEN_p_TCGAb_379_400_FFPE_NSP_GenomeWideSNP_6_A08_1513202	19	12697366	12698102	2	-1.8967
TAKEN_p_TCGAb_379_400_FFPE_NSP_GenomeWideSNP_6_A08_1513202	19	12700523	13940745	545	0.1553
TAKEN_p_TCGAb_379_400_FFPE_NSP_GenomeWideSNP_6_A08_1513202	19	13940838	14083403	44	0.4519
TAKEN_p_TCGAb_379_400_FFPE_NSP_GenomeWideSNP_6_A08_1513202	19	14086513	20711763	3385	0.1931
TAKEN_p_TCGAb_379_400_FFPE_NSP_GenomeWideSNP_6_A08_1513202	19	20716166	20716389	4	-0.9855
TAKEN_p_TCGAb_379_400_FFPE_NSP_GenomeWideSNP_6_A08_1513202	19	20720881	27866421	2224	0.1566
TAKEN_p_TCGAb_379_400_FFPE_NSP_GenomeWideSNP_6_A08_1513202	19	27881186	30378876	1774	-0.4047
TAKEN_p_TCGAb_379_400_FFPE_NSP_GenomeWideSNP_6_A08_1513202	19	30382460	30493073	71	-0.0411
TAKEN_p_TCGAb_379_400_FFPE_NSP_GenomeWideSNP_6_A08_1513202	19	30493837	33648915	2215	-0.4115
TAKEN_p_TCGAb_379_400_FFPE_NSP_GenomeWideSNP_6_A08_1513202	19	33651455	33652342	2	-2.3805
TAKEN_p_TCGAb_379_400_FFPE_NSP_GenomeWideSNP_6_A08_1513202	19	33652356	40011208	3547	-0.3688
TAKEN_p_TCGAb_379_400_FFPE_NSP_GenomeWideSNP_6_A08_1513202	19	40011902	40063225	34	0.2965
TAKEN_p_TCGAb_379_400_FFPE_NSP_GenomeWideSNP_6_A08_1513202	19	40065992	44907010	2619	-0.3683
TAKEN_p_TCGAb_379_400_FFPE_NSP_GenomeWideSNP_6_A08_1513202	19	44907183	47299819	1082	-0.0056
TAKEN_p_TCGAb_379_400_FFPE_NSP_GenomeWideSNP_6_A08_1513202	19	47300652	48552661	594	-0.388
TAKEN_p_TCGAb_379_400_FFPE_NSP_GenomeWideSNP_6_A08_1513202	19	48559376	50359808	755	0.3071
TAKEN_p_TCGAb_379_400_FFPE_NSP_GenomeWideSNP_6_A08_1513202	19	50370066	52131813	981	-0.4322
TAKEN_p_TCGAb_379_400_FFPE_NSP_GenomeWideSNP_6_A08_1513202	19	52142352	52148197	11	-2.507
TAKEN_p_TCGAb_379_400_FFPE_NSP_GenomeWideSNP_6_A08_1513202	19	52154905	53416169	877	-0.403
TAKEN_p_TCGAb_379_400_FFPE_NSP_GenomeWideSNP_6_A08_1513202	19	53424020	53448172	12	-0.057
TAKEN_p_TCGAb_379_400_FFPE_NSP_GenomeWideSNP_6_A08_1513202	19	53448238	53515323	57	0.2766
TAKEN_p_TCGAb_379_400_FFPE_NSP_GenomeWideSNP_6_A08_1513202	19	53517082	55991162	1442	-0.4165
TAKEN_p_TCGAb_379_400_FFPE_NSP_GenomeWideSNP_6_A08_1513202	19	56004080	59097854	1994	0.3913
TAKEN_p_TCGAb_379_400_FFPE_NSP_GenomeWideSNP_6_A08_1513202	20	61305	61548	8	0.5969
TAKEN_p_TCGAb_379_400_FFPE_NSP_GenomeWideSNP_6_A08_1513202	20	61582	1280925	933	-0.0413
TAKEN_p_TCGAb_379_400_FFPE_NSP_GenomeWideSNP_6_A08_1513202	20	1288778	1560999	266	0.2264
TAKEN_p_TCGAb_379_400_FFPE_NSP_GenomeWideSNP_6_A08_1513202	20	1561580	1593893	41	1.7727
TAKEN_p_TCGAb_379_400_FFPE_NSP_GenomeWideSNP_6_A08_1513202	20	1597946	9266268	5841	-0.0252
TAKEN_p_TCGAb_379_400_FFPE_NSP_GenomeWideSNP_6_A08_1513202	20	9267692	9272914	7	-1.0639
TAKEN_p_TCGAb_379_400_FFPE_NSP_GenomeWideSNP_6_A08_1513202	20	9277392	14817185	4130	-0.0482
TAKEN_p_TCGAb_379_400_FFPE_NSP_GenomeWideSNP_6_A08_1513202	20	14817334	15009054	175	-0.4084
TAKEN_p_TCGAb_379_400_FFPE_NSP_GenomeWideSNP_6_A08_1513202	20	15014097	24262650	7537	-0.0173
TAKEN_p_TCGAb_379_400_FFPE_NSP_GenomeWideSNP_6_A08_1513202	20	24265651	24279402	8	-0.927
TAKEN_p_TCGAb_379_400_FFPE_NSP_GenomeWideSNP_6_A08_1513202	20	24282110	25142607	632	-0.0455
TAKEN_p_TCGAb_379_400_FFPE_NSP_GenomeWideSNP_6_A08_1513202	20	25142612	25237338	56	0.5214
TAKEN_p_TCGAb_379_400_FFPE_NSP_GenomeWideSNP_6_A08_1513202	20	25238049	47471218	11736	-0.0084
TAKEN_p_TCGAb_379_400_FFPE_NSP_GenomeWideSNP_6_A08_1513202	20	47471296	47649615	128	0.2917
TAKEN_p_TCGAb_379_400_FFPE_NSP_GenomeWideSNP_6_A08_1513202	20	47657643	48673735	572	-0.0172
TAKEN_p_TCGAb_379_400_FFPE_NSP_GenomeWideSNP_6_A08_1513202	20	48679935	49104359	259	0.28
TAKEN_p_TCGAb_379_400_FFPE_NSP_GenomeWideSNP_6_A08_1513202	20	49106329	53820870	3724	-0.0081
TAKEN_p_TCGAb_379_400_FFPE_NSP_GenomeWideSNP_6_A08_1513202	20	53821439	55685085	1565	0.2941
TAKEN_p_TCGAb_379_400_FFPE_NSP_GenomeWideSNP_6_A08_1513202	20	55685427	55688757	2	-1.428
TAKEN_p_TCGAb_379_400_FFPE_NSP_GenomeWideSNP_6_A08_1513202	20	55690713	59395019	2932	0.2709
TAKEN_p_TCGAb_379_400_FFPE_NSP_GenomeWideSNP_6_A08_1513202	20	59398393	59406847	9	-1.674
TAKEN_p_TCGAb_379_400_FFPE_NSP_GenomeWideSNP_6_A08_1513202	20	59408574	62956153	1951	0.2739
TAKEN_p_TCGAb_379_400_FFPE_NSP_GenomeWideSNP_6_A08_1513202	21	10736871	19444174	3259	-0.1064
TAKEN_p_TCGAb_379_400_FFPE_NSP_GenomeWideSNP_6_A08_1513202	21	19444797	19803132	282	0.1866
TAKEN_p_TCGAb_379_400_FFPE_NSP_GenomeWideSNP_6_A08_1513202	21	19812864	31257047	8743	-0.155
TAKEN_p_TCGAb_379_400_FFPE_NSP_GenomeWideSNP_6_A08_1513202	21	31263518	31263608	3	-1.5076
TAKEN_p_TCGAb_379_400_FFPE_NSP_GenomeWideSNP_6_A08_1513202	21	31264480	32298052	681	-0.1325
TAKEN_p_TCGAb_379_400_FFPE_NSP_GenomeWideSNP_6_A08_1513202	21	32300376	32467652	116	0.4175
TAKEN_p_TCGAb_379_400_FFPE_NSP_GenomeWideSNP_6_A08_1513202	21	32468222	32486720	16	0.0275
TAKEN_p_TCGAb_379_400_FFPE_NSP_GenomeWideSNP_6_A08_1513202	21	32487723	32548582	41	0.4303
TAKEN_p_TCGAb_379_400_FFPE_NSP_GenomeWideSNP_6_A08_1513202	21	32555680	35224875	1785	-0.0871
TAKEN_p_TCGAb_379_400_FFPE_NSP_GenomeWideSNP_6_A08_1513202	21	35226082	35226434	5	-1.1285
TAKEN_p_TCGAb_379_400_FFPE_NSP_GenomeWideSNP_6_A08_1513202	21	35227484	37521278	1786	-0.1104
TAKEN_p_TCGAb_379_400_FFPE_NSP_GenomeWideSNP_6_A08_1513202	21	37521843	37600353	75	0.2224
TAKEN_p_TCGAb_379_400_FFPE_NSP_GenomeWideSNP_6_A08_1513202	21	37601674	44459743	5574	-0.0901
TAKEN_p_TCGAb_379_400_FFPE_NSP_GenomeWideSNP_6_A08_1513202	21	44461159	44546802	52	0.2425
TAKEN_p_TCGAb_379_400_FFPE_NSP_GenomeWideSNP_6_A08_1513202	21	44547247	48096957	2005	-0.1074
TAKEN_p_TCGAb_379_400_FFPE_NSP_GenomeWideSNP_6_A08_1513202	22	16052528	20950564	2310	-0.03
TAKEN_p_TCGAb_379_400_FFPE_NSP_GenomeWideSNP_6_A08_1513202	22	20952909	20953319	2	-2.9502
TAKEN_p_TCGAb_379_400_FFPE_NSP_GenomeWideSNP_6_A08_1513202	22	20956163	23675258	1890	-0.0406
TAKEN_p_TCGAb_379_400_FFPE_NSP_GenomeWideSNP_6_A08_1513202	22	23689983	24332933	419	0.2633
TAKEN_p_TCGAb_379_400_FFPE_NSP_GenomeWideSNP_6_A08_1513202	22	24337307	24396814	22	-0.3304
TAKEN_p_TCGAb_379_400_FFPE_NSP_GenomeWideSNP_6_A08_1513202	22	24401529	25285231	522	0.3072
TAKEN_p_TCGAb_379_400_FFPE_NSP_GenomeWideSNP_6_A08_1513202	22	25292406	26952989	1585	-0.0075
TAKEN_p_TCGAb_379_400_FFPE_NSP_GenomeWideSNP_6_A08_1513202	22	26953058	27160896	159	0.3318
TAKEN_p_TCGAb_379_400_FFPE_NSP_GenomeWideSNP_6_A08_1513202	22	27161060	34173406	5012	-0.0038
TAKEN_p_TCGAb_379_400_FFPE_NSP_GenomeWideSNP_6_A08_1513202	22	34174947	34174973	3	-1.0581
TAKEN_p_TCGAb_379_400_FFPE_NSP_GenomeWideSNP_6_A08_1513202	22	34174985	35545092	1311	-0.0068
TAKEN_p_TCGAb_379_400_FFPE_NSP_GenomeWideSNP_6_A08_1513202	22	35545149	35978764	299	0.3024
TAKEN_p_TCGAb_379_400_FFPE_NSP_GenomeWideSNP_6_A08_1513202	22	35979857	36824632	526	9e-04
TAKEN_p_TCGAb_379_400_FFPE_NSP_GenomeWideSNP_6_A08_1513202	22	36825395	36909944	34	0.3074
TAKEN_p_TCGAb_379_400_FFPE_NSP_GenomeWideSNP_6_A08_1513202	22	36910169	37742992	614	-0.0229
TAKEN_p_TCGAb_379_400_FFPE_NSP_GenomeWideSNP_6_A08_1513202	22	37748729	37749946	4	-2.2759
TAKEN_p_TCGAb_379_400_FFPE_NSP_GenomeWideSNP_6_A08_1513202	22	37750667	45940820	4991	0.0116
TAKEN_p_TCGAb_379_400_FFPE_NSP_GenomeWideSNP_6_A08_1513202	22	45940934	46610067	337	0.3247
TAKEN_p_TCGAb_379_400_FFPE_NSP_GenomeWideSNP_6_A08_1513202	22	46612307	51234455	3537	-0.0264
TAKEN_p_TCGAb_379_400_FFPE_NSP_GenomeWideSNP_6_A08_1513202	X	168477	15035339	9233	-0.0088
TAKEN_p_TCGAb_379_400_FFPE_NSP_GenomeWideSNP_6_A08_1513202	X	15036302	15152378	66	0.4719
TAKEN_p_TCGAb_379_400_FFPE_NSP_GenomeWideSNP_6_A08_1513202	X	15162485	18537202	2002	0.005
TAKEN_p_TCGAb_379_400_FFPE_NSP_GenomeWideSNP_6_A08_1513202	X	18541324	18923648	189	0.5149
TAKEN_p_TCGAb_379_400_FFPE_NSP_GenomeWideSNP_6_A08_1513202	X	18930272	66670929	24229	-0.002
TAKEN_p_TCGAb_379_400_FFPE_NSP_GenomeWideSNP_6_A08_1513202	X	66671461	66846246	70	0.4408
TAKEN_p_TCGAb_379_400_FFPE_NSP_GenomeWideSNP_6_A08_1513202	X	66847402	91385283	12127	-0.0467
TAKEN_p_TCGAb_379_400_FFPE_NSP_GenomeWideSNP_6_A08_1513202	X	91388665	91555206	128	0.3793
TAKEN_p_TCGAb_379_400_FFPE_NSP_GenomeWideSNP_6_A08_1513202	X	91556779	99707144	4559	-0.0415
TAKEN_p_TCGAb_379_400_FFPE_NSP_GenomeWideSNP_6_A08_1513202	X	99708788	99709211	2	-1.1419
TAKEN_p_TCGAb_379_400_FFPE_NSP_GenomeWideSNP_6_A08_1513202	X	99713126	150876755	29990	0.0139
TAKEN_p_TCGAb_379_400_FFPE_NSP_GenomeWideSNP_6_A08_1513202	X	150877544	150878212	4	-0.6907
TAKEN_p_TCGAb_379_400_FFPE_NSP_GenomeWideSNP_6_A08_1513202	X	150878657	155182354	2023	0.2071
TAKEN_p_TCGAb_379_400_FFPE_NSP_GenomeWideSNP_6_A08_1513202	Y	2650438	2952132	143	-3.074
TAKEN_p_TCGAb_379_400_FFPE_NSP_GenomeWideSNP_6_A08_1513202	Y	2956012	6101380	724	-2.4368
TAKEN_p_TCGAb_379_400_FFPE_NSP_GenomeWideSNP_6_A08_1513202	Y	6101396	6380776	116	-3.4455
TAKEN_p_TCGAb_379_400_FFPE_NSP_GenomeWideSNP_6_A08_1513202	Y	6385946	6532106	46	-2.6086
TAKEN_p_TCGAb_379_400_FFPE_NSP_GenomeWideSNP_6_A08_1513202	Y	6537454	6583358	10	-1.1316
TAKEN_p_TCGAb_379_400_FFPE_NSP_GenomeWideSNP_6_A08_1513202	Y	6588027	9168140	1406	-3.1203
TAKEN_p_TCGAb_379_400_FFPE_NSP_GenomeWideSNP_6_A08_1513202	Y	9170545	9172214	3	-6.6622
TAKEN_p_TCGAb_379_400_FFPE_NSP_GenomeWideSNP_6_A08_1513202	Y	9172560	26432667	5539	-3.0644
TAKEN_p_TCGAb_379_400_FFPE_NSP_GenomeWideSNP_6_A08_1513202	Y	26433358	26469059	15	-1.3121
TAKEN_p_TCGAb_379_400_FFPE_NSP_GenomeWideSNP_6_A08_1513202	Y	26473956	27450386	108	-3.4062
TAKEN_p_TCGAb_379_400_FFPE_NSP_GenomeWideSNP_6_A08_1513202	Y	27451188	27529084	30	-1.8841
TAKEN_p_TCGAb_379_400_FFPE_NSP_GenomeWideSNP_6_A08_1513202	Y	27535030	28407466	296	-3.1388
TAKEN_p_TCGAb_379_400_FFPE_NSP_GenomeWideSNP_6_A08_1513202	Y	28407821	59018259	196	-2.5106
