Sample	Chromosome	Start	End	Num_Probes	Segment_Mean
TAKEN_p_TCGAb_379_400_FFPE_NSP_GenomeWideSNP_6_C04_1513232	1	61735	10370402	5200	-0.0132
TAKEN_p_TCGAb_379_400_FFPE_NSP_GenomeWideSNP_6_C04_1513232	1	10370541	10377983	18	-0.7295
TAKEN_p_TCGAb_379_400_FFPE_NSP_GenomeWideSNP_6_C04_1513232	1	10381772	35091674	13946	8e-04
TAKEN_p_TCGAb_379_400_FFPE_NSP_GenomeWideSNP_6_C04_1513232	1	35102654	35104491	20	-0.8395
TAKEN_p_TCGAb_379_400_FFPE_NSP_GenomeWideSNP_6_C04_1513232	1	35114268	72763370	23873	0.0035
TAKEN_p_TCGAb_379_400_FFPE_NSP_GenomeWideSNP_6_C04_1513232	1	72768418	72811148	48	0.9716
TAKEN_p_TCGAb_379_400_FFPE_NSP_GenomeWideSNP_6_C04_1513232	1	72811904	105984680	21028	0.0077
TAKEN_p_TCGAb_379_400_FFPE_NSP_GenomeWideSNP_6_C04_1513232	1	105984692	106021627	24	-0.3803
TAKEN_p_TCGAb_379_400_FFPE_NSP_GenomeWideSNP_6_C04_1513232	1	106021723	110232974	2680	0.0016
TAKEN_p_TCGAb_379_400_FFPE_NSP_GenomeWideSNP_6_C04_1513232	1	110233037	110240178	16	-1.643
TAKEN_p_TCGAb_379_400_FFPE_NSP_GenomeWideSNP_6_C04_1513232	1	110242953	149429206	8526	-1e-04
TAKEN_p_TCGAb_379_400_FFPE_NSP_GenomeWideSNP_6_C04_1513232	1	149436842	149617451	9	-0.7786
TAKEN_p_TCGAb_379_400_FFPE_NSP_GenomeWideSNP_6_C04_1513232	1	149617488	152555176	1488	0.0041
TAKEN_p_TCGAb_379_400_FFPE_NSP_GenomeWideSNP_6_C04_1513232	1	152555527	152586576	35	1.0197
TAKEN_p_TCGAb_379_400_FFPE_NSP_GenomeWideSNP_6_C04_1513232	1	152586594	152761923	173	-0.0045
TAKEN_p_TCGAb_379_400_FFPE_NSP_GenomeWideSNP_6_C04_1513232	1	152761939	152768259	31	0.4845
TAKEN_p_TCGAb_379_400_FFPE_NSP_GenomeWideSNP_6_C04_1513232	1	152768281	155656969	1560	-0.0143
TAKEN_p_TCGAb_379_400_FFPE_NSP_GenomeWideSNP_6_C04_1513232	1	155661227	155663357	3	-2.9173
TAKEN_p_TCGAb_379_400_FFPE_NSP_GenomeWideSNP_6_C04_1513232	1	155666961	161508875	3720	0.0052
TAKEN_p_TCGAb_379_400_FFPE_NSP_GenomeWideSNP_6_C04_1513232	1	161517939	161648237	49	-0.5071
TAKEN_p_TCGAb_379_400_FFPE_NSP_GenomeWideSNP_6_C04_1513232	1	161648621	174796405	9547	0.0088
TAKEN_p_TCGAb_379_400_FFPE_NSP_GenomeWideSNP_6_C04_1513232	1	174796556	174801854	17	-0.8442
TAKEN_p_TCGAb_379_400_FFPE_NSP_GenomeWideSNP_6_C04_1513232	1	174801872	179323738	3081	0.005
TAKEN_p_TCGAb_379_400_FFPE_NSP_GenomeWideSNP_6_C04_1513232	1	179330528	179331382	2	-2.9686
TAKEN_p_TCGAb_379_400_FFPE_NSP_GenomeWideSNP_6_C04_1513232	1	179333315	181841443	1705	0.0107
TAKEN_p_TCGAb_379_400_FFPE_NSP_GenomeWideSNP_6_C04_1513232	1	181841995	181869716	20	-0.4619
TAKEN_p_TCGAb_379_400_FFPE_NSP_GenomeWideSNP_6_C04_1513232	1	181869978	188719138	4533	0.0058
TAKEN_p_TCGAb_379_400_FFPE_NSP_GenomeWideSNP_6_C04_1513232	1	188719520	188721031	2	-1.6623
TAKEN_p_TCGAb_379_400_FFPE_NSP_GenomeWideSNP_6_C04_1513232	1	188727771	196714873	5328	0.0187
TAKEN_p_TCGAb_379_400_FFPE_NSP_GenomeWideSNP_6_C04_1513232	1	196727850	196771280	47	-0.6264
TAKEN_p_TCGAb_379_400_FFPE_NSP_GenomeWideSNP_6_C04_1513232	1	196783626	198373152	939	0.0081
TAKEN_p_TCGAb_379_400_FFPE_NSP_GenomeWideSNP_6_C04_1513232	1	198373395	198375028	2	-1.937
TAKEN_p_TCGAb_379_400_FFPE_NSP_GenomeWideSNP_6_C04_1513232	1	198375274	225382479	18357	0.0029
TAKEN_p_TCGAb_379_400_FFPE_NSP_GenomeWideSNP_6_C04_1513232	1	225383032	225391120	4	-1.6236
TAKEN_p_TCGAb_379_400_FFPE_NSP_GenomeWideSNP_6_C04_1513232	1	225391454	240391740	10778	0.0032
TAKEN_p_TCGAb_379_400_FFPE_NSP_GenomeWideSNP_6_C04_1513232	1	240394015	240394124	5	-2.2152
TAKEN_p_TCGAb_379_400_FFPE_NSP_GenomeWideSNP_6_C04_1513232	1	240394139	243454680	2243	0.0015
TAKEN_p_TCGAb_379_400_FFPE_NSP_GenomeWideSNP_6_C04_1513232	1	243457944	243458457	2	-1.8821
TAKEN_p_TCGAb_379_400_FFPE_NSP_GenomeWideSNP_6_C04_1513232	1	243458502	248709670	3506	-4e-04
TAKEN_p_TCGAb_379_400_FFPE_NSP_GenomeWideSNP_6_C04_1513232	1	248713868	248795289	35	-0.6058
TAKEN_p_TCGAb_379_400_FFPE_NSP_GenomeWideSNP_6_C04_1513232	1	248795852	249224388	148	-0.0167
TAKEN_p_TCGAb_379_400_FFPE_NSP_GenomeWideSNP_6_C04_1513232	2	12784	35076002	24414	0.0081
TAKEN_p_TCGAb_379_400_FFPE_NSP_GenomeWideSNP_6_C04_1513232	2	35080863	35090870	8	-1.169
TAKEN_p_TCGAb_379_400_FFPE_NSP_GenomeWideSNP_6_C04_1513232	2	35093293	87487152	34952	0.016
TAKEN_p_TCGAb_379_400_FFPE_NSP_GenomeWideSNP_6_C04_1513232	2	87487945	87488239	2	-2.521
TAKEN_p_TCGAb_379_400_FFPE_NSP_GenomeWideSNP_6_C04_1513232	2	87488538	98118212	1975	0.0032
TAKEN_p_TCGAb_379_400_FFPE_NSP_GenomeWideSNP_6_C04_1513232	2	98140747	98162189	9	-1.5041
TAKEN_p_TCGAb_379_400_FFPE_NSP_GenomeWideSNP_6_C04_1513232	2	98166878	111107783	7799	0.0084
TAKEN_p_TCGAb_379_400_FFPE_NSP_GenomeWideSNP_6_C04_1513232	2	111118721	111169128	3	-1.8466
TAKEN_p_TCGAb_379_400_FFPE_NSP_GenomeWideSNP_6_C04_1513232	2	111388632	146862085	21744	0.0095
TAKEN_p_TCGAb_379_400_FFPE_NSP_GenomeWideSNP_6_C04_1513232	2	146864404	146866934	24	-1.992
TAKEN_p_TCGAb_379_400_FFPE_NSP_GenomeWideSNP_6_C04_1513232	2	146877806	147934790	529	0.0135
TAKEN_p_TCGAb_379_400_FFPE_NSP_GenomeWideSNP_6_C04_1513232	2	147941342	147946346	3	-2.719
TAKEN_p_TCGAb_379_400_FFPE_NSP_GenomeWideSNP_6_C04_1513232	2	147946882	189118923	25228	0.0142
TAKEN_p_TCGAb_379_400_FFPE_NSP_GenomeWideSNP_6_C04_1513232	2	189119928	189126930	4	-1.9288
TAKEN_p_TCGAb_379_400_FFPE_NSP_GenomeWideSNP_6_C04_1513232	2	189129058	192249008	1824	0.0234
TAKEN_p_TCGAb_379_400_FFPE_NSP_GenomeWideSNP_6_C04_1513232	2	192252136	192255333	4	-0.9618
TAKEN_p_TCGAb_379_400_FFPE_NSP_GenomeWideSNP_6_C04_1513232	2	192265110	196186862	2150	0.0352
TAKEN_p_TCGAb_379_400_FFPE_NSP_GenomeWideSNP_6_C04_1513232	2	196189028	196189535	5	-0.9476
TAKEN_p_TCGAb_379_400_FFPE_NSP_GenomeWideSNP_6_C04_1513232	2	196189872	203295775	4098	0.0085
TAKEN_p_TCGAb_379_400_FFPE_NSP_GenomeWideSNP_6_C04_1513232	2	203295881	203312201	40	-0.7768
TAKEN_p_TCGAb_379_400_FFPE_NSP_GenomeWideSNP_6_C04_1513232	2	203313482	243089456	25298	0.0078
TAKEN_p_TCGAb_379_400_FFPE_NSP_GenomeWideSNP_6_C04_1513232	3	60345	5337127	4676	0.0134
TAKEN_p_TCGAb_379_400_FFPE_NSP_GenomeWideSNP_6_C04_1513232	3	5337518	5340693	3	-1.4289
TAKEN_p_TCGAb_379_400_FFPE_NSP_GenomeWideSNP_6_C04_1513232	3	5341071	14386965	7041	0.0045
TAKEN_p_TCGAb_379_400_FFPE_NSP_GenomeWideSNP_6_C04_1513232	3	14387154	14391120	6	-1.4828
TAKEN_p_TCGAb_379_400_FFPE_NSP_GenomeWideSNP_6_C04_1513232	3	14393669	60829380	29946	0.0048
TAKEN_p_TCGAb_379_400_FFPE_NSP_GenomeWideSNP_6_C04_1513232	3	60831660	60843739	12	-0.7827
TAKEN_p_TCGAb_379_400_FFPE_NSP_GenomeWideSNP_6_C04_1513232	3	60844573	66744399	4797	-0.0015
TAKEN_p_TCGAb_379_400_FFPE_NSP_GenomeWideSNP_6_C04_1513232	3	66744890	66744938	2	-1.6557
TAKEN_p_TCGAb_379_400_FFPE_NSP_GenomeWideSNP_6_C04_1513232	3	66745004	125712213	33793	0.0053
TAKEN_p_TCGAb_379_400_FFPE_NSP_GenomeWideSNP_6_C04_1513232	3	125712270	125721862	30	-0.8542
TAKEN_p_TCGAb_379_400_FFPE_NSP_GenomeWideSNP_6_C04_1513232	3	125722332	129785940	2343	-0.0069
TAKEN_p_TCGAb_379_400_FFPE_NSP_GenomeWideSNP_6_C04_1513232	3	129786209	129806236	46	0.3928
TAKEN_p_TCGAb_379_400_FFPE_NSP_GenomeWideSNP_6_C04_1513232	3	129806924	197896118	42299	0.006
TAKEN_p_TCGAb_379_400_FFPE_NSP_GenomeWideSNP_6_C04_1513232	4	12281	3599450	1511	0.0026
TAKEN_p_TCGAb_379_400_FFPE_NSP_GenomeWideSNP_6_C04_1513232	4	3599869	3602184	2	-1.7793
TAKEN_p_TCGAb_379_400_FFPE_NSP_GenomeWideSNP_6_C04_1513232	4	3609390	9370690	3677	-0.0017
TAKEN_p_TCGAb_379_400_FFPE_NSP_GenomeWideSNP_6_C04_1513232	4	9372303	9497845	73	0.4191
TAKEN_p_TCGAb_379_400_FFPE_NSP_GenomeWideSNP_6_C04_1513232	4	9497915	10210390	543	-0.0066
TAKEN_p_TCGAb_379_400_FFPE_NSP_GenomeWideSNP_6_C04_1513232	4	10214160	10223848	4	2.1974
TAKEN_p_TCGAb_379_400_FFPE_NSP_GenomeWideSNP_6_C04_1513232	4	10228783	10235166	30	1.0642
TAKEN_p_TCGAb_379_400_FFPE_NSP_GenomeWideSNP_6_C04_1513232	4	10235182	34779054	17001	0.0017
TAKEN_p_TCGAb_379_400_FFPE_NSP_GenomeWideSNP_6_C04_1513232	4	34786500	34824725	38	0.5566
TAKEN_p_TCGAb_379_400_FFPE_NSP_GenomeWideSNP_6_C04_1513232	4	34829872	55219485	10628	0.008
TAKEN_p_TCGAb_379_400_FFPE_NSP_GenomeWideSNP_6_C04_1513232	4	55219530	55220355	8	-0.7913
TAKEN_p_TCGAb_379_400_FFPE_NSP_GenomeWideSNP_6_C04_1513232	4	55221410	57543320	1574	-3e-04
TAKEN_p_TCGAb_379_400_FFPE_NSP_GenomeWideSNP_6_C04_1513232	4	57543841	57544502	10	-1.0872
TAKEN_p_TCGAb_379_400_FFPE_NSP_GenomeWideSNP_6_C04_1513232	4	57544766	70123510	7687	0.0137
TAKEN_p_TCGAb_379_400_FFPE_NSP_GenomeWideSNP_6_C04_1513232	4	70127644	70229352	52	0.3975
TAKEN_p_TCGAb_379_400_FFPE_NSP_GenomeWideSNP_6_C04_1513232	4	70229434	75075021	2904	0.0062
TAKEN_p_TCGAb_379_400_FFPE_NSP_GenomeWideSNP_6_C04_1513232	4	75081116	75082205	6	-1.1331
TAKEN_p_TCGAb_379_400_FFPE_NSP_GenomeWideSNP_6_C04_1513232	4	75085646	112295644	22595	0.0022
TAKEN_p_TCGAb_379_400_FFPE_NSP_GenomeWideSNP_6_C04_1513232	4	112295657	112296556	6	-1.4006
TAKEN_p_TCGAb_379_400_FFPE_NSP_GenomeWideSNP_6_C04_1513232	4	112296958	112674582	269	0.034
TAKEN_p_TCGAb_379_400_FFPE_NSP_GenomeWideSNP_6_C04_1513232	4	112676788	112680595	13	-0.9766
TAKEN_p_TCGAb_379_400_FFPE_NSP_GenomeWideSNP_6_C04_1513232	4	112684751	151876351	23299	0.0077
TAKEN_p_TCGAb_379_400_FFPE_NSP_GenomeWideSNP_6_C04_1513232	4	151876406	151884300	22	-2.3223
TAKEN_p_TCGAb_379_400_FFPE_NSP_GenomeWideSNP_6_C04_1513232	4	151884306	164559896	8109	0.0128
TAKEN_p_TCGAb_379_400_FFPE_NSP_GenomeWideSNP_6_C04_1513232	4	164560399	164561029	6	-1.2487
TAKEN_p_TCGAb_379_400_FFPE_NSP_GenomeWideSNP_6_C04_1513232	4	164564775	172987928	5340	0.0127
TAKEN_p_TCGAb_379_400_FFPE_NSP_GenomeWideSNP_6_C04_1513232	4	172989148	172989533	12	0.9289
TAKEN_p_TCGAb_379_400_FFPE_NSP_GenomeWideSNP_6_C04_1513232	4	172995979	178047021	2946	0.006
TAKEN_p_TCGAb_379_400_FFPE_NSP_GenomeWideSNP_6_C04_1513232	4	178047128	178056846	5	-1.6408
TAKEN_p_TCGAb_379_400_FFPE_NSP_GenomeWideSNP_6_C04_1513232	4	178060406	189221258	7997	0.0108
TAKEN_p_TCGAb_379_400_FFPE_NSP_GenomeWideSNP_6_C04_1513232	4	189221360	189221375	2	-2.376
TAKEN_p_TCGAb_379_400_FFPE_NSP_GenomeWideSNP_6_C04_1513232	4	189221424	191027923	1179	0.0105
TAKEN_p_TCGAb_379_400_FFPE_NSP_GenomeWideSNP_6_C04_1513232	5	15532	685748	307	-0.0179
TAKEN_p_TCGAb_379_400_FFPE_NSP_GenomeWideSNP_6_C04_1513232	5	698371	779860	30	-0.5231
TAKEN_p_TCGAb_379_400_FFPE_NSP_GenomeWideSNP_6_C04_1513232	5	779881	11161625	8803	-0.0098
TAKEN_p_TCGAb_379_400_FFPE_NSP_GenomeWideSNP_6_C04_1513232	5	11162636	11162771	3	-1.96
TAKEN_p_TCGAb_379_400_FFPE_NSP_GenomeWideSNP_6_C04_1513232	5	11167277	17502872	4274	0.0028
TAKEN_p_TCGAb_379_400_FFPE_NSP_GenomeWideSNP_6_C04_1513232	5	17503652	17601553	12	-0.7892
TAKEN_p_TCGAb_379_400_FFPE_NSP_GenomeWideSNP_6_C04_1513232	5	17601728	17604609	6	-4.7766
TAKEN_p_TCGAb_379_400_FFPE_NSP_GenomeWideSNP_6_C04_1513232	5	17607045	17665341	22	-0.947
TAKEN_p_TCGAb_379_400_FFPE_NSP_GenomeWideSNP_6_C04_1513232	5	17668235	20418525	1708	0.0214
TAKEN_p_TCGAb_379_400_FFPE_NSP_GenomeWideSNP_6_C04_1513232	5	20425142	20425620	2	-3.4019
TAKEN_p_TCGAb_379_400_FFPE_NSP_GenomeWideSNP_6_C04_1513232	5	20428175	28215737	4572	0.0096
TAKEN_p_TCGAb_379_400_FFPE_NSP_GenomeWideSNP_6_C04_1513232	5	28218887	28221645	3	-3.2009
TAKEN_p_TCGAb_379_400_FFPE_NSP_GenomeWideSNP_6_C04_1513232	5	28222685	155475105	76576	0.0042
TAKEN_p_TCGAb_379_400_FFPE_NSP_GenomeWideSNP_6_C04_1513232	5	155476772	155482729	14	-0.7571
TAKEN_p_TCGAb_379_400_FFPE_NSP_GenomeWideSNP_6_C04_1513232	5	155495250	165838874	6883	0.0041
TAKEN_p_TCGAb_379_400_FFPE_NSP_GenomeWideSNP_6_C04_1513232	5	165839662	165849955	34	-0.9451
TAKEN_p_TCGAb_379_400_FFPE_NSP_GenomeWideSNP_6_C04_1513232	5	165850050	180790320	9924	-0.0068
TAKEN_p_TCGAb_379_400_FFPE_NSP_GenomeWideSNP_6_C04_1513232	6	149661	150300	5	0.2329
TAKEN_p_TCGAb_379_400_FFPE_NSP_GenomeWideSNP_6_C04_1513232	6	153608	157474	5	-0.5574
TAKEN_p_TCGAb_379_400_FFPE_NSP_GenomeWideSNP_6_C04_1513232	6	163382	6026211	4849	0.0049
TAKEN_p_TCGAb_379_400_FFPE_NSP_GenomeWideSNP_6_C04_1513232	6	6033931	6034436	3	-3.8174
TAKEN_p_TCGAb_379_400_FFPE_NSP_GenomeWideSNP_6_C04_1513232	6	6037045	29850274	16904	0.0052
TAKEN_p_TCGAb_379_400_FFPE_NSP_GenomeWideSNP_6_C04_1513232	6	29850366	29901576	19	-0.9808
TAKEN_p_TCGAb_379_400_FFPE_NSP_GenomeWideSNP_6_C04_1513232	6	29908469	30329966	209	-0.0429
TAKEN_p_TCGAb_379_400_FFPE_NSP_GenomeWideSNP_6_C04_1513232	6	30332146	30332555	3	-1.2347
TAKEN_p_TCGAb_379_400_FFPE_NSP_GenomeWideSNP_6_C04_1513232	6	30333478	31280823	441	-0.021
TAKEN_p_TCGAb_379_400_FFPE_NSP_GenomeWideSNP_6_C04_1513232	6	31286276	31295406	7	-1.9229
TAKEN_p_TCGAb_379_400_FFPE_NSP_GenomeWideSNP_6_C04_1513232	6	31295953	32448129	509	-0.0607
TAKEN_p_TCGAb_379_400_FFPE_NSP_GenomeWideSNP_6_C04_1513232	6	32449050	32570365	36	1.1081
TAKEN_p_TCGAb_379_400_FFPE_NSP_GenomeWideSNP_6_C04_1513232	6	32573771	32605576	24	0.4264
TAKEN_p_TCGAb_379_400_FFPE_NSP_GenomeWideSNP_6_C04_1513232	6	32605884	58238299	16111	0.003
TAKEN_p_TCGAb_379_400_FFPE_NSP_GenomeWideSNP_6_C04_1513232	6	58246849	58377598	48	0.5521
TAKEN_p_TCGAb_379_400_FFPE_NSP_GenomeWideSNP_6_C04_1513232	6	58386363	87406640	16239	0.0099
TAKEN_p_TCGAb_379_400_FFPE_NSP_GenomeWideSNP_6_C04_1513232	6	87406650	87411118	22	-0.7903
TAKEN_p_TCGAb_379_400_FFPE_NSP_GenomeWideSNP_6_C04_1513232	6	87418823	93575919	4013	0.0112
TAKEN_p_TCGAb_379_400_FFPE_NSP_GenomeWideSNP_6_C04_1513232	6	93575932	93578630	28	-0.7728
TAKEN_p_TCGAb_379_400_FFPE_NSP_GenomeWideSNP_6_C04_1513232	6	93582923	103734829	6219	0.0146
TAKEN_p_TCGAb_379_400_FFPE_NSP_GenomeWideSNP_6_C04_1513232	6	103737976	103762061	46	0.6783
TAKEN_p_TCGAb_379_400_FFPE_NSP_GenomeWideSNP_6_C04_1513232	6	103765470	171051005	44272	9e-04
TAKEN_p_TCGAb_379_400_FFPE_NSP_GenomeWideSNP_6_C04_1513232	7	43355	6122685	3144	-0.0218
TAKEN_p_TCGAb_379_400_FFPE_NSP_GenomeWideSNP_6_C04_1513232	7	6125381	6135918	7	-0.924
TAKEN_p_TCGAb_379_400_FFPE_NSP_GenomeWideSNP_6_C04_1513232	7	6136863	13093216	5347	0.0097
TAKEN_p_TCGAb_379_400_FFPE_NSP_GenomeWideSNP_6_C04_1513232	7	13093951	13130069	25	-0.866
TAKEN_p_TCGAb_379_400_FFPE_NSP_GenomeWideSNP_6_C04_1513232	7	13130657	22434780	7587	0.0106
TAKEN_p_TCGAb_379_400_FFPE_NSP_GenomeWideSNP_6_C04_1513232	7	22435472	22436487	2	-2.5979
TAKEN_p_TCGAb_379_400_FFPE_NSP_GenomeWideSNP_6_C04_1513232	7	22438754	47282889	17334	0.0028
TAKEN_p_TCGAb_379_400_FFPE_NSP_GenomeWideSNP_6_C04_1513232	7	47285283	47288924	7	-1.158
TAKEN_p_TCGAb_379_400_FFPE_NSP_GenomeWideSNP_6_C04_1513232	7	47291954	53212537	4274	-9e-04
TAKEN_p_TCGAb_379_400_FFPE_NSP_GenomeWideSNP_6_C04_1513232	7	53213312	53222714	15	-0.5491
TAKEN_p_TCGAb_379_400_FFPE_NSP_GenomeWideSNP_6_C04_1513232	7	53224225	56761500	2426	-8e-04
TAKEN_p_TCGAb_379_400_FFPE_NSP_GenomeWideSNP_6_C04_1513232	7	56762113	56768814	3	-1.2823
TAKEN_p_TCGAb_379_400_FFPE_NSP_GenomeWideSNP_6_C04_1513232	7	56772166	64568852	1564	-0.0206
TAKEN_p_TCGAb_379_400_FFPE_NSP_GenomeWideSNP_6_C04_1513232	7	64594065	64637128	7	1.1859
TAKEN_p_TCGAb_379_400_FFPE_NSP_GenomeWideSNP_6_C04_1513232	7	64638157	65002681	183	0.019
TAKEN_p_TCGAb_379_400_FFPE_NSP_GenomeWideSNP_6_C04_1513232	7	65002683	65026492	4	-1.4405
TAKEN_p_TCGAb_379_400_FFPE_NSP_GenomeWideSNP_6_C04_1513232	7	65051738	100956565	20365	0.0068
TAKEN_p_TCGAb_379_400_FFPE_NSP_GenomeWideSNP_6_C04_1513232	7	100960955	100963875	4	-1.998
TAKEN_p_TCGAb_379_400_FFPE_NSP_GenomeWideSNP_6_C04_1513232	7	100965601	103089754	903	-0.0126
TAKEN_p_TCGAb_379_400_FFPE_NSP_GenomeWideSNP_6_C04_1513232	7	103096471	103097077	2	-1.6277
TAKEN_p_TCGAb_379_400_FFPE_NSP_GenomeWideSNP_6_C04_1513232	7	103104264	126045556	14293	0.0077
TAKEN_p_TCGAb_379_400_FFPE_NSP_GenomeWideSNP_6_C04_1513232	7	126045651	126046615	10	-1.3911
TAKEN_p_TCGAb_379_400_FFPE_NSP_GenomeWideSNP_6_C04_1513232	7	126046876	126776475	519	0.0105
TAKEN_p_TCGAb_379_400_FFPE_NSP_GenomeWideSNP_6_C04_1513232	7	126776594	126776899	6	-1.0625
TAKEN_p_TCGAb_379_400_FFPE_NSP_GenomeWideSNP_6_C04_1513232	7	126785856	143873377	10778	0.0038
TAKEN_p_TCGAb_379_400_FFPE_NSP_GenomeWideSNP_6_C04_1513232	7	143873952	144074929	46	-0.6211
TAKEN_p_TCGAb_379_400_FFPE_NSP_GenomeWideSNP_6_C04_1513232	7	144075518	159127004	9697	-0.005
TAKEN_p_TCGAb_379_400_FFPE_NSP_GenomeWideSNP_6_C04_1513232	8	31254	112796	3	-0.5211
TAKEN_p_TCGAb_379_400_FFPE_NSP_GenomeWideSNP_6_C04_1513232	8	113380	587540	319	0.0414
TAKEN_p_TCGAb_379_400_FFPE_NSP_GenomeWideSNP_6_C04_1513232	8	587811	595875	12	-0.6275
TAKEN_p_TCGAb_379_400_FFPE_NSP_GenomeWideSNP_6_C04_1513232	8	595892	595908	2	-3.4426
TAKEN_p_TCGAb_379_400_FFPE_NSP_GenomeWideSNP_6_C04_1513232	8	601043	1821516	910	-0.0183
TAKEN_p_TCGAb_379_400_FFPE_NSP_GenomeWideSNP_6_C04_1513232	8	1822439	1822900	2	1.4904
TAKEN_p_TCGAb_379_400_FFPE_NSP_GenomeWideSNP_6_C04_1513232	8	1823659	2247827	402	-0.0317
TAKEN_p_TCGAb_379_400_FFPE_NSP_GenomeWideSNP_6_C04_1513232	8	2254638	2259358	12	-1.078
TAKEN_p_TCGAb_379_400_FFPE_NSP_GenomeWideSNP_6_C04_1513232	8	2270328	3994767	2115	0.0065
TAKEN_p_TCGAb_379_400_FFPE_NSP_GenomeWideSNP_6_C04_1513232	8	3996660	4004291	37	-0.9219
TAKEN_p_TCGAb_379_400_FFPE_NSP_GenomeWideSNP_6_C04_1513232	8	4004498	7043340	4013	0.0098
TAKEN_p_TCGAb_379_400_FFPE_NSP_GenomeWideSNP_6_C04_1513232	8	7154067	7226436	30	-0.7635
TAKEN_p_TCGAb_379_400_FFPE_NSP_GenomeWideSNP_6_C04_1513232	8	7237903	7238019	2	-3.2216
TAKEN_p_TCGAb_379_400_FFPE_NSP_GenomeWideSNP_6_C04_1513232	8	7250380	8092025	219	-0.5725
TAKEN_p_TCGAb_379_400_FFPE_NSP_GenomeWideSNP_6_C04_1513232	8	8093182	12216009	3239	-0.0097
TAKEN_p_TCGAb_379_400_FFPE_NSP_GenomeWideSNP_6_C04_1513232	8	12216848	12550682	124	-0.4943
TAKEN_p_TCGAb_379_400_FFPE_NSP_GenomeWideSNP_6_C04_1513232	8	12550768	13612174	1056	0.0099
TAKEN_p_TCGAb_379_400_FFPE_NSP_GenomeWideSNP_6_C04_1513232	8	13614717	13651722	46	-0.8716
TAKEN_p_TCGAb_379_400_FFPE_NSP_GenomeWideSNP_6_C04_1513232	8	13653184	16197191	2353	-0.0129
TAKEN_p_TCGAb_379_400_FFPE_NSP_GenomeWideSNP_6_C04_1513232	8	16206954	16207123	8	-1.5432
TAKEN_p_TCGAb_379_400_FFPE_NSP_GenomeWideSNP_6_C04_1513232	8	16212084	24974577	6946	0.0028
TAKEN_p_TCGAb_379_400_FFPE_NSP_GenomeWideSNP_6_C04_1513232	8	24975500	24984250	22	0.5234
TAKEN_p_TCGAb_379_400_FFPE_NSP_GenomeWideSNP_6_C04_1513232	8	24984333	39230659	9043	7e-04
TAKEN_p_TCGAb_379_400_FFPE_NSP_GenomeWideSNP_6_C04_1513232	8	39235603	39362946	49	0.4308
TAKEN_p_TCGAb_379_400_FFPE_NSP_GenomeWideSNP_6_C04_1513232	8	39368908	72210748	17932	0.0059
TAKEN_p_TCGAb_379_400_FFPE_NSP_GenomeWideSNP_6_C04_1513232	8	72212181	72216599	11	-0.7937
TAKEN_p_TCGAb_379_400_FFPE_NSP_GenomeWideSNP_6_C04_1513232	8	72219863	107852506	21489	0.0107
TAKEN_p_TCGAb_379_400_FFPE_NSP_GenomeWideSNP_6_C04_1513232	8	107858519	107860326	13	-0.8517
TAKEN_p_TCGAb_379_400_FFPE_NSP_GenomeWideSNP_6_C04_1513232	8	107862270	112291494	2640	0.0037
TAKEN_p_TCGAb_379_400_FFPE_NSP_GenomeWideSNP_6_C04_1513232	8	112294279	112295260	10	0.9537
TAKEN_p_TCGAb_379_400_FFPE_NSP_GenomeWideSNP_6_C04_1513232	8	112300281	115632043	1829	0.0188
TAKEN_p_TCGAb_379_400_FFPE_NSP_GenomeWideSNP_6_C04_1513232	8	115634487	115641731	35	-1.9588
TAKEN_p_TCGAb_379_400_FFPE_NSP_GenomeWideSNP_6_C04_1513232	8	115650697	146298155	21081	-0.0012
TAKEN_p_TCGAb_379_400_FFPE_NSP_GenomeWideSNP_6_C04_1513232	9	46587	28739853	24558	0.0103
TAKEN_p_TCGAb_379_400_FFPE_NSP_GenomeWideSNP_6_C04_1513232	9	28741046	28766395	25	-0.8942
TAKEN_p_TCGAb_379_400_FFPE_NSP_GenomeWideSNP_6_C04_1513232	9	28768838	33347194	3298	0.0262
TAKEN_p_TCGAb_379_400_FFPE_NSP_GenomeWideSNP_6_C04_1513232	9	33350575	33351242	2	-1.6827
TAKEN_p_TCGAb_379_400_FFPE_NSP_GenomeWideSNP_6_C04_1513232	9	33352384	40562022	3438	0.0045
TAKEN_p_TCGAb_379_400_FFPE_NSP_GenomeWideSNP_6_C04_1513232	9	40585775	41480613	21	0.5422
TAKEN_p_TCGAb_379_400_FFPE_NSP_GenomeWideSNP_6_C04_1513232	9	41484902	43187967	61	0.0345
TAKEN_p_TCGAb_379_400_FFPE_NSP_GenomeWideSNP_6_C04_1513232	9	43315670	43705252	30	-1.5659
TAKEN_p_TCGAb_379_400_FFPE_NSP_GenomeWideSNP_6_C04_1513232	9	43727002	44404912	56	-0.0097
TAKEN_p_TCGAb_379_400_FFPE_NSP_GenomeWideSNP_6_C04_1513232	9	44424451	44629223	4	-3.2456
TAKEN_p_TCGAb_379_400_FFPE_NSP_GenomeWideSNP_6_C04_1513232	9	44727859	69505946	322	-0.0266
TAKEN_p_TCGAb_379_400_FFPE_NSP_GenomeWideSNP_6_C04_1513232	9	69507716	69696000	25	-0.8891
TAKEN_p_TCGAb_379_400_FFPE_NSP_GenomeWideSNP_6_C04_1513232	9	69807016	74680271	2929	-0.004
TAKEN_p_TCGAb_379_400_FFPE_NSP_GenomeWideSNP_6_C04_1513232	9	74682033	74682809	2	-3.6587
TAKEN_p_TCGAb_379_400_FFPE_NSP_GenomeWideSNP_6_C04_1513232	9	74683057	138211368	44073	0.0045
TAKEN_p_TCGAb_379_400_FFPE_NSP_GenomeWideSNP_6_C04_1513232	9	138214105	138216412	3	-2.0088
TAKEN_p_TCGAb_379_400_FFPE_NSP_GenomeWideSNP_6_C04_1513232	9	138217797	140252947	698	0.0037
TAKEN_p_TCGAb_379_400_FFPE_NSP_GenomeWideSNP_6_C04_1513232	9	140255642	140255833	3	1.0627
TAKEN_p_TCGAb_379_400_FFPE_NSP_GenomeWideSNP_6_C04_1513232	9	140273003	141091394	412	-0.0312
TAKEN_p_TCGAb_379_400_FFPE_NSP_GenomeWideSNP_6_C04_1513232	10	72759	5652237	4802	0.0038
TAKEN_p_TCGAb_379_400_FFPE_NSP_GenomeWideSNP_6_C04_1513232	10	5652739	5717125	37	0.5462
TAKEN_p_TCGAb_379_400_FFPE_NSP_GenomeWideSNP_6_C04_1513232	10	5720424	17701537	9983	0.0069
TAKEN_p_TCGAb_379_400_FFPE_NSP_GenomeWideSNP_6_C04_1513232	10	17706120	17706148	2	-2.9349
TAKEN_p_TCGAb_379_400_FFPE_NSP_GenomeWideSNP_6_C04_1513232	10	17707871	56948208	22718	-3e-04
TAKEN_p_TCGAb_379_400_FFPE_NSP_GenomeWideSNP_6_C04_1513232	10	56955935	56996730	26	-0.8545
TAKEN_p_TCGAb_379_400_FFPE_NSP_GenomeWideSNP_6_C04_1513232	10	56999855	60530899	2541	0.0225
TAKEN_p_TCGAb_379_400_FFPE_NSP_GenomeWideSNP_6_C04_1513232	10	60531261	60531681	5	-1.2238
TAKEN_p_TCGAb_379_400_FFPE_NSP_GenomeWideSNP_6_C04_1513232	10	60535920	135506704	51010	0.0033
TAKEN_p_TCGAb_379_400_FFPE_NSP_GenomeWideSNP_6_C04_1513232	11	198510	4968510	2479	-0.0094
TAKEN_p_TCGAb_379_400_FFPE_NSP_GenomeWideSNP_6_C04_1513232	11	4970243	4975705	27	0.8064
TAKEN_p_TCGAb_379_400_FFPE_NSP_GenomeWideSNP_6_C04_1513232	11	4976257	18940870	10262	0.0065
TAKEN_p_TCGAb_379_400_FFPE_NSP_GenomeWideSNP_6_C04_1513232	11	18949072	18961922	55	0.5191
TAKEN_p_TCGAb_379_400_FFPE_NSP_GenomeWideSNP_6_C04_1513232	11	18961935	25133843	4886	-0.0017
TAKEN_p_TCGAb_379_400_FFPE_NSP_GenomeWideSNP_6_C04_1513232	11	25133891	25293551	136	-0.9296
TAKEN_p_TCGAb_379_400_FFPE_NSP_GenomeWideSNP_6_C04_1513232	11	25296453	42807044	12193	0.0046
TAKEN_p_TCGAb_379_400_FFPE_NSP_GenomeWideSNP_6_C04_1513232	11	42813151	42818039	3	-2.1758
TAKEN_p_TCGAb_379_400_FFPE_NSP_GenomeWideSNP_6_C04_1513232	11	42820603	55374048	4642	-0.0063
TAKEN_p_TCGAb_379_400_FFPE_NSP_GenomeWideSNP_6_C04_1513232	11	55374188	55453009	57	-0.5462
TAKEN_p_TCGAb_379_400_FFPE_NSP_GenomeWideSNP_6_C04_1513232	11	55453576	90566513	20513	0.0054
TAKEN_p_TCGAb_379_400_FFPE_NSP_GenomeWideSNP_6_C04_1513232	11	90568187	90571038	4	-3.6758
TAKEN_p_TCGAb_379_400_FFPE_NSP_GenomeWideSNP_6_C04_1513232	11	90572164	107230719	11957	0.0095
TAKEN_p_TCGAb_379_400_FFPE_NSP_GenomeWideSNP_6_C04_1513232	11	107238656	107239128	7	-1.792
TAKEN_p_TCGAb_379_400_FFPE_NSP_GenomeWideSNP_6_C04_1513232	11	107252362	107781379	386	-0.0022
TAKEN_p_TCGAb_379_400_FFPE_NSP_GenomeWideSNP_6_C04_1513232	11	107784507	107787713	3	-1.0897
TAKEN_p_TCGAb_379_400_FFPE_NSP_GenomeWideSNP_6_C04_1513232	11	107789770	108994814	694	0.0186
TAKEN_p_TCGAb_379_400_FFPE_NSP_GenomeWideSNP_6_C04_1513232	11	108997547	108998671	4	-1.5986
TAKEN_p_TCGAb_379_400_FFPE_NSP_GenomeWideSNP_6_C04_1513232	11	108998762	134944770	18876	0.003
TAKEN_p_TCGAb_379_400_FFPE_NSP_GenomeWideSNP_6_C04_1513232	12	150442	9633870	6208	0.003
TAKEN_p_TCGAb_379_400_FFPE_NSP_GenomeWideSNP_6_C04_1513232	12	9637909	9728292	24	0.8272
TAKEN_p_TCGAb_379_400_FFPE_NSP_GenomeWideSNP_6_C04_1513232	12	9734969	11504091	1186	0.0136
TAKEN_p_TCGAb_379_400_FFPE_NSP_GenomeWideSNP_6_C04_1513232	12	11511577	11543406	32	0.5522
TAKEN_p_TCGAb_379_400_FFPE_NSP_GenomeWideSNP_6_C04_1513232	12	11552192	30235581	13131	0.0026
TAKEN_p_TCGAb_379_400_FFPE_NSP_GenomeWideSNP_6_C04_1513232	12	30239267	30243689	24	-0.6037
TAKEN_p_TCGAb_379_400_FFPE_NSP_GenomeWideSNP_6_C04_1513232	12	30243722	40817515	4620	0.0137
TAKEN_p_TCGAb_379_400_FFPE_NSP_GenomeWideSNP_6_C04_1513232	12	40817597	40821478	14	-1.0215
TAKEN_p_TCGAb_379_400_FFPE_NSP_GenomeWideSNP_6_C04_1513232	12	40829155	133778189	59867	0.0029
TAKEN_p_TCGAb_379_400_FFPE_NSP_GenomeWideSNP_6_C04_1513232	13	19026949	19369572	82	-0.054
TAKEN_p_TCGAb_379_400_FFPE_NSP_GenomeWideSNP_6_C04_1513232	13	19369592	19395638	2	-1.8055
TAKEN_p_TCGAb_379_400_FFPE_NSP_GenomeWideSNP_6_C04_1513232	13	19398553	69242255	32991	0.0075
TAKEN_p_TCGAb_379_400_FFPE_NSP_GenomeWideSNP_6_C04_1513232	13	69248299	69268242	39	-0.4936
TAKEN_p_TCGAb_379_400_FFPE_NSP_GenomeWideSNP_6_C04_1513232	13	69269119	115108397	31229	0.0031
TAKEN_p_TCGAb_379_400_FFPE_NSP_GenomeWideSNP_6_C04_1513232	14	19002124	74006707	34351	0.0052
TAKEN_p_TCGAb_379_400_FFPE_NSP_GenomeWideSNP_6_C04_1513232	14	74006851	74017538	6	-2.123
TAKEN_p_TCGAb_379_400_FFPE_NSP_GenomeWideSNP_6_C04_1513232	14	74020979	74460126	226	-0.0186
TAKEN_p_TCGAb_379_400_FFPE_NSP_GenomeWideSNP_6_C04_1513232	14	74462690	74465756	4	-1.1456
TAKEN_p_TCGAb_379_400_FFPE_NSP_GenomeWideSNP_6_C04_1513232	14	74470094	99896463	17560	0.002
TAKEN_p_TCGAb_379_400_FFPE_NSP_GenomeWideSNP_6_C04_1513232	14	99898145	99900103	2	-1.5882
TAKEN_p_TCGAb_379_400_FFPE_NSP_GenomeWideSNP_6_C04_1513232	14	99901823	106054897	2888	-0.0015
TAKEN_p_TCGAb_379_400_FFPE_NSP_GenomeWideSNP_6_C04_1513232	14	106078690	106224524	27	-0.8533
TAKEN_p_TCGAb_379_400_FFPE_NSP_GenomeWideSNP_6_C04_1513232	14	106246302	106783044	238	-0.0615
TAKEN_p_TCGAb_379_400_FFPE_NSP_GenomeWideSNP_6_C04_1513232	14	106796025	106802053	7	-2.4476
TAKEN_p_TCGAb_379_400_FFPE_NSP_GenomeWideSNP_6_C04_1513232	14	106815943	107145564	211	-0.0214
TAKEN_p_TCGAb_379_400_FFPE_NSP_GenomeWideSNP_6_C04_1513232	14	107152270	107177931	22	-0.8237
TAKEN_p_TCGAb_379_400_FFPE_NSP_GenomeWideSNP_6_C04_1513232	14	107177994	107285437	75	-0.0521
TAKEN_p_TCGAb_379_400_FFPE_NSP_GenomeWideSNP_6_C04_1513232	15	20016328	20194738	46	0
TAKEN_p_TCGAb_379_400_FFPE_NSP_GenomeWideSNP_6_C04_1513232	15	20203961	20581453	55	-0.6002
TAKEN_p_TCGAb_379_400_FFPE_NSP_GenomeWideSNP_6_C04_1513232	15	20581454	20590027	17	0.0793
TAKEN_p_TCGAb_379_400_FFPE_NSP_GenomeWideSNP_6_C04_1513232	15	20590042	22042753	188	-0.4433
TAKEN_p_TCGAb_379_400_FFPE_NSP_GenomeWideSNP_6_C04_1513232	15	22263557	22383201	35	-0.0155
TAKEN_p_TCGAb_379_400_FFPE_NSP_GenomeWideSNP_6_C04_1513232	15	22385001	22586960	79	-0.3804
TAKEN_p_TCGAb_379_400_FFPE_NSP_GenomeWideSNP_6_C04_1513232	15	22587474	23282811	309	0
TAKEN_p_TCGAb_379_400_FFPE_NSP_GenomeWideSNP_6_C04_1513232	15	23288349	23296600	3	-1.4257
TAKEN_p_TCGAb_379_400_FFPE_NSP_GenomeWideSNP_6_C04_1513232	15	23300773	24600325	675	0.0148
TAKEN_p_TCGAb_379_400_FFPE_NSP_GenomeWideSNP_6_C04_1513232	15	24600417	24636429	11	-0.7951
TAKEN_p_TCGAb_379_400_FFPE_NSP_GenomeWideSNP_6_C04_1513232	15	24641397	27918623	2399	0.0034
TAKEN_p_TCGAb_379_400_FFPE_NSP_GenomeWideSNP_6_C04_1513232	15	27919497	27927806	13	-0.9257
TAKEN_p_TCGAb_379_400_FFPE_NSP_GenomeWideSNP_6_C04_1513232	15	27928794	30370031	1271	-0.0159
TAKEN_p_TCGAb_379_400_FFPE_NSP_GenomeWideSNP_6_C04_1513232	15	30386411	30925605	114	-0.4093
TAKEN_p_TCGAb_379_400_FFPE_NSP_GenomeWideSNP_6_C04_1513232	15	30930500	32443464	1047	0.0031
TAKEN_p_TCGAb_379_400_FFPE_NSP_GenomeWideSNP_6_C04_1513232	15	32444055	32822533	61	-0.3163
TAKEN_p_TCGAb_379_400_FFPE_NSP_GenomeWideSNP_6_C04_1513232	15	32822612	65814102	21496	0.006
TAKEN_p_TCGAb_379_400_FFPE_NSP_GenomeWideSNP_6_C04_1513232	15	65816942	65818387	3	-2.4359
TAKEN_p_TCGAb_379_400_FFPE_NSP_GenomeWideSNP_6_C04_1513232	15	65822534	84540738	11004	0.0047
TAKEN_p_TCGAb_379_400_FFPE_NSP_GenomeWideSNP_6_C04_1513232	15	84542885	84543550	5	-3.6634
TAKEN_p_TCGAb_379_400_FFPE_NSP_GenomeWideSNP_6_C04_1513232	15	84547277	92765755	5804	-5e-04
TAKEN_p_TCGAb_379_400_FFPE_NSP_GenomeWideSNP_6_C04_1513232	15	92765874	92766294	3	2.2384
TAKEN_p_TCGAb_379_400_FFPE_NSP_GenomeWideSNP_6_C04_1513232	15	92766758	102469040	7446	-0.0057
TAKEN_p_TCGAb_379_400_FFPE_NSP_GenomeWideSNP_6_C04_1513232	16	60777	14971415	11133	-0.0033
TAKEN_p_TCGAb_379_400_FFPE_NSP_GenomeWideSNP_6_C04_1513232	16	14972993	15116257	68	-0.3793
TAKEN_p_TCGAb_379_400_FFPE_NSP_GenomeWideSNP_6_C04_1513232	16	15125441	15972141	338	-0.0118
TAKEN_p_TCGAb_379_400_FFPE_NSP_GenomeWideSNP_6_C04_1513232	16	15980509	16010583	21	0.574
TAKEN_p_TCGAb_379_400_FFPE_NSP_GenomeWideSNP_6_C04_1513232	16	16014268	16294718	223	-0.0491
TAKEN_p_TCGAb_379_400_FFPE_NSP_GenomeWideSNP_6_C04_1513232	16	16295807	16690800	34	0.4481
TAKEN_p_TCGAb_379_400_FFPE_NSP_GenomeWideSNP_6_C04_1513232	16	16696401	16714007	5	-0.6397
TAKEN_p_TCGAb_379_400_FFPE_NSP_GenomeWideSNP_6_C04_1513232	16	16716027	18262173	989	-0.0126
TAKEN_p_TCGAb_379_400_FFPE_NSP_GenomeWideSNP_6_C04_1513232	16	18266540	18556720	9	-0.521
TAKEN_p_TCGAb_379_400_FFPE_NSP_GenomeWideSNP_6_C04_1513232	16	18557211	18768693	28	0.4057
TAKEN_p_TCGAb_379_400_FFPE_NSP_GenomeWideSNP_6_C04_1513232	16	18770846	29128462	6229	-0.0017
TAKEN_p_TCGAb_379_400_FFPE_NSP_GenomeWideSNP_6_C04_1513232	16	29132881	29134000	12	-0.8807
TAKEN_p_TCGAb_379_400_FFPE_NSP_GenomeWideSNP_6_C04_1513232	16	29134083	32113687	1006	-0.0131
TAKEN_p_TCGAb_379_400_FFPE_NSP_GenomeWideSNP_6_C04_1513232	16	32113689	33631830	243	0.3766
TAKEN_p_TCGAb_379_400_FFPE_NSP_GenomeWideSNP_6_C04_1513232	16	33643399	70139542	15782	-8e-04
TAKEN_p_TCGAb_379_400_FFPE_NSP_GenomeWideSNP_6_C04_1513232	16	70151527	70246339	22	-0.5883
TAKEN_p_TCGAb_379_400_FFPE_NSP_GenomeWideSNP_6_C04_1513232	16	70246407	74384258	2422	0.0022
TAKEN_p_TCGAb_379_400_FFPE_NSP_GenomeWideSNP_6_C04_1513232	16	74397058	74456601	9	-0.8182
TAKEN_p_TCGAb_379_400_FFPE_NSP_GenomeWideSNP_6_C04_1513232	16	74465396	75246042	474	-0.0131
TAKEN_p_TCGAb_379_400_FFPE_NSP_GenomeWideSNP_6_C04_1513232	16	75248246	75248767	2	-2.4975
TAKEN_p_TCGAb_379_400_FFPE_NSP_GenomeWideSNP_6_C04_1513232	16	75252306	78371608	2734	-0.002
TAKEN_p_TCGAb_379_400_FFPE_NSP_GenomeWideSNP_6_C04_1513232	16	78372440	78384738	16	-2.6665
TAKEN_p_TCGAb_379_400_FFPE_NSP_GenomeWideSNP_6_C04_1513232	16	78384765	80898374	2956	0.0016
TAKEN_p_TCGAb_379_400_FFPE_NSP_GenomeWideSNP_6_C04_1513232	16	80900186	80913669	14	-0.9919
TAKEN_p_TCGAb_379_400_FFPE_NSP_GenomeWideSNP_6_C04_1513232	16	80916806	82036180	1013	-6e-04
TAKEN_p_TCGAb_379_400_FFPE_NSP_GenomeWideSNP_6_C04_1513232	16	82037674	82044029	3	-1.2824
TAKEN_p_TCGAb_379_400_FFPE_NSP_GenomeWideSNP_6_C04_1513232	16	82044581	90287535	6664	-0.0151
TAKEN_p_TCGAb_379_400_FFPE_NSP_GenomeWideSNP_6_C04_1513232	17	526	16663051	10516	-0.0021
TAKEN_p_TCGAb_379_400_FFPE_NSP_GenomeWideSNP_6_C04_1513232	17	16689869	16718978	5	-1.769
TAKEN_p_TCGAb_379_400_FFPE_NSP_GenomeWideSNP_6_C04_1513232	17	16719043	18319862	926	0.005
TAKEN_p_TCGAb_379_400_FFPE_NSP_GenomeWideSNP_6_C04_1513232	17	18355392	18465221	29	0.6944
TAKEN_p_TCGAb_379_400_FFPE_NSP_GenomeWideSNP_6_C04_1513232	17	18469197	34436708	6922	-0.0039
TAKEN_p_TCGAb_379_400_FFPE_NSP_GenomeWideSNP_6_C04_1513232	17	34437128	34477603	36	-0.516
TAKEN_p_TCGAb_379_400_FFPE_NSP_GenomeWideSNP_6_C04_1513232	17	34485091	81049726	26878	-0.0047
TAKEN_p_TCGAb_379_400_FFPE_NSP_GenomeWideSNP_6_C04_1513232	18	11543	290824	108	0.0685
TAKEN_p_TCGAb_379_400_FFPE_NSP_GenomeWideSNP_6_C04_1513232	18	293519	304262	32	-0.8662
TAKEN_p_TCGAb_379_400_FFPE_NSP_GenomeWideSNP_6_C04_1513232	18	307134	78015057	50699	0.0052
TAKEN_p_TCGAb_379_400_FFPE_NSP_GenomeWideSNP_6_C04_1513232	19	90910	52131813	24966	-0.0026
TAKEN_p_TCGAb_379_400_FFPE_NSP_GenomeWideSNP_6_C04_1513232	19	52142352	52148197	11	-0.9946
TAKEN_p_TCGAb_379_400_FFPE_NSP_GenomeWideSNP_6_C04_1513232	19	52154905	56282070	2531	-0.0192
TAKEN_p_TCGAb_379_400_FFPE_NSP_GenomeWideSNP_6_C04_1513232	19	56282369	56283067	4	-1.5064
TAKEN_p_TCGAb_379_400_FFPE_NSP_GenomeWideSNP_6_C04_1513232	19	56286293	59097854	1850	-0.0064
TAKEN_p_TCGAb_379_400_FFPE_NSP_GenomeWideSNP_6_C04_1513232	20	61305	1561667	1209	-0.0014
TAKEN_p_TCGAb_379_400_FFPE_NSP_GenomeWideSNP_6_C04_1513232	20	1567454	1597946	40	-0.3612
TAKEN_p_TCGAb_379_400_FFPE_NSP_GenomeWideSNP_6_C04_1513232	20	1598106	62956153	41255	9e-04
TAKEN_p_TCGAb_379_400_FFPE_NSP_GenomeWideSNP_6_C04_1513232	21	10736871	48096957	24422	0.0025
TAKEN_p_TCGAb_379_400_FFPE_NSP_GenomeWideSNP_6_C04_1513232	22	16052528	16877135	100	-0.3361
TAKEN_p_TCGAb_379_400_FFPE_NSP_GenomeWideSNP_6_C04_1513232	22	16877230	18617515	1087	-0.0059
TAKEN_p_TCGAb_379_400_FFPE_NSP_GenomeWideSNP_6_C04_1513232	22	18620961	18624771	3	1.8153
TAKEN_p_TCGAb_379_400_FFPE_NSP_GenomeWideSNP_6_C04_1513232	22	18626129	24271745	3400	-0.0578
TAKEN_p_TCGAb_379_400_FFPE_NSP_GenomeWideSNP_6_C04_1513232	22	24283016	24321137	22	-0.6095
TAKEN_p_TCGAb_379_400_FFPE_NSP_GenomeWideSNP_6_C04_1513232	22	24321273	24332625	7	-0.064
TAKEN_p_TCGAb_379_400_FFPE_NSP_GenomeWideSNP_6_C04_1513232	22	24332933	24396814	23	0.5903
TAKEN_p_TCGAb_379_400_FFPE_NSP_GenomeWideSNP_6_C04_1513232	22	24401529	49482981	17900	-0.0089
TAKEN_p_TCGAb_379_400_FFPE_NSP_GenomeWideSNP_6_C04_1513232	22	49486691	49487417	6	-1.2008
TAKEN_p_TCGAb_379_400_FFPE_NSP_GenomeWideSNP_6_C04_1513232	22	49488925	51234455	1023	-0.0427
TAKEN_p_TCGAb_379_400_FFPE_NSP_GenomeWideSNP_6_C04_1513232	X	168477	4921915	1696	-0.0054
TAKEN_p_TCGAb_379_400_FFPE_NSP_GenomeWideSNP_6_C04_1513232	X	4922196	4922943	2	-2.1784
TAKEN_p_TCGAb_379_400_FFPE_NSP_GenomeWideSNP_6_C04_1513232	X	4926528	32643588	18633	0.0074
TAKEN_p_TCGAb_379_400_FFPE_NSP_GenomeWideSNP_6_C04_1513232	X	32644716	32645350	2	-2.1873
TAKEN_p_TCGAb_379_400_FFPE_NSP_GenomeWideSNP_6_C04_1513232	X	32651365	38591633	3773	0.0106
TAKEN_p_TCGAb_379_400_FFPE_NSP_GenomeWideSNP_6_C04_1513232	X	38591934	38592300	3	-1.5157
TAKEN_p_TCGAb_379_400_FFPE_NSP_GenomeWideSNP_6_C04_1513232	X	38592337	47860596	5049	0.0135
TAKEN_p_TCGAb_379_400_FFPE_NSP_GenomeWideSNP_6_C04_1513232	X	47871270	47988177	80	0.5331
TAKEN_p_TCGAb_379_400_FFPE_NSP_GenomeWideSNP_6_C04_1513232	X	48001295	76349873	10924	0.007
TAKEN_p_TCGAb_379_400_FFPE_NSP_GenomeWideSNP_6_C04_1513232	X	76353650	76378656	3	-1.8272
TAKEN_p_TCGAb_379_400_FFPE_NSP_GenomeWideSNP_6_C04_1513232	X	76378658	90970918	7602	0.0041
TAKEN_p_TCGAb_379_400_FFPE_NSP_GenomeWideSNP_6_C04_1513232	X	90971218	90980400	10	-0.8876
TAKEN_p_TCGAb_379_400_FFPE_NSP_GenomeWideSNP_6_C04_1513232	X	90980414	93559432	1318	0.0124
TAKEN_p_TCGAb_379_400_FFPE_NSP_GenomeWideSNP_6_C04_1513232	X	93559508	93564258	2	-1.8522
TAKEN_p_TCGAb_379_400_FFPE_NSP_GenomeWideSNP_6_C04_1513232	X	93564454	108243681	7836	0.0076
TAKEN_p_TCGAb_379_400_FFPE_NSP_GenomeWideSNP_6_C04_1513232	X	108247633	108259808	2	-1.7219
TAKEN_p_TCGAb_379_400_FFPE_NSP_GenomeWideSNP_6_C04_1513232	X	108261595	119028188	6326	0.0047
TAKEN_p_TCGAb_379_400_FFPE_NSP_GenomeWideSNP_6_C04_1513232	X	119035144	119057291	14	0.8719
TAKEN_p_TCGAb_379_400_FFPE_NSP_GenomeWideSNP_6_C04_1513232	X	119070874	139537575	11726	0.0055
TAKEN_p_TCGAb_379_400_FFPE_NSP_GenomeWideSNP_6_C04_1513232	X	139541809	139542140	2	-1.8473
TAKEN_p_TCGAb_379_400_FFPE_NSP_GenomeWideSNP_6_C04_1513232	X	139542405	154101886	9253	2e-04
TAKEN_p_TCGAb_379_400_FFPE_NSP_GenomeWideSNP_6_C04_1513232	X	154102801	154121337	4	-1.3913
TAKEN_p_TCGAb_379_400_FFPE_NSP_GenomeWideSNP_6_C04_1513232	X	154122696	155182354	360	-5e-04
TAKEN_p_TCGAb_379_400_FFPE_NSP_GenomeWideSNP_6_C04_1513232	Y	2650438	2952132	143	-3.3487
TAKEN_p_TCGAb_379_400_FFPE_NSP_GenomeWideSNP_6_C04_1513232	Y	2956012	6063042	704	-2.603
TAKEN_p_TCGAb_379_400_FFPE_NSP_GenomeWideSNP_6_C04_1513232	Y	6063146	6107901	23	-3.0707
TAKEN_p_TCGAb_379_400_FFPE_NSP_GenomeWideSNP_6_C04_1513232	Y	6110498	6380776	113	-3.7285
TAKEN_p_TCGAb_379_400_FFPE_NSP_GenomeWideSNP_6_C04_1513232	Y	6385946	6532106	46	-2.7862
TAKEN_p_TCGAb_379_400_FFPE_NSP_GenomeWideSNP_6_C04_1513232	Y	6537454	6583358	10	-1.086
TAKEN_p_TCGAb_379_400_FFPE_NSP_GenomeWideSNP_6_C04_1513232	Y	6588027	28457337	7418	-3.3491
TAKEN_p_TCGAb_379_400_FFPE_NSP_GenomeWideSNP_6_C04_1513232	Y	28458648	28734590	143	-2.7102
TAKEN_p_TCGAb_379_400_FFPE_NSP_GenomeWideSNP_6_C04_1513232	Y	28734866	59018259	32	-3.196
