Sample	Chromosome	Start	End	Num_Probes	Segment_Mean
TAKEN_p_TCGAb_379_400_FFPE_NSP_GenomeWideSNP_6_B01_1513238	1	61735	86341	15	1.0511
TAKEN_p_TCGAb_379_400_FFPE_NSP_GenomeWideSNP_6_B01_1513238	1	98588	7322160	3493	0.0128
TAKEN_p_TCGAb_379_400_FFPE_NSP_GenomeWideSNP_6_B01_1513238	1	7324468	7325420	4	-0.8075
TAKEN_p_TCGAb_379_400_FFPE_NSP_GenomeWideSNP_6_B01_1513238	1	7326201	10246654	1613	0.0202
TAKEN_p_TCGAb_379_400_FFPE_NSP_GenomeWideSNP_6_B01_1513238	1	10249962	10249977	3	-0.8915
TAKEN_p_TCGAb_379_400_FFPE_NSP_GenomeWideSNP_6_B01_1513238	1	10255256	12841928	1403	0.0308
TAKEN_p_TCGAb_379_400_FFPE_NSP_GenomeWideSNP_6_B01_1513238	1	12845863	12862250	9	-0.854
TAKEN_p_TCGAb_379_400_FFPE_NSP_GenomeWideSNP_6_B01_1513238	1	12862252	13187370	37	-0.1864
TAKEN_p_TCGAb_379_400_FFPE_NSP_GenomeWideSNP_6_B01_1513238	1	13214448	13377047	9	-0.7489
TAKEN_p_TCGAb_379_400_FFPE_NSP_GenomeWideSNP_6_B01_1513238	1	13384168	15486454	1402	0.0139
TAKEN_p_TCGAb_379_400_FFPE_NSP_GenomeWideSNP_6_B01_1513238	1	15489185	15500538	19	-0.4017
TAKEN_p_TCGAb_379_400_FFPE_NSP_GenomeWideSNP_6_B01_1513238	1	15502481	23145239	4773	0.0074
TAKEN_p_TCGAb_379_400_FFPE_NSP_GenomeWideSNP_6_B01_1513238	1	23147346	23147363	2	-1.2775
TAKEN_p_TCGAb_379_400_FFPE_NSP_GenomeWideSNP_6_B01_1513238	1	23147403	25583341	1388	0.0074
TAKEN_p_TCGAb_379_400_FFPE_NSP_GenomeWideSNP_6_B01_1513238	1	25593128	25663344	33	-0.4567
TAKEN_p_TCGAb_379_400_FFPE_NSP_GenomeWideSNP_6_B01_1513238	1	25673154	34711805	4672	0.0171
TAKEN_p_TCGAb_379_400_FFPE_NSP_GenomeWideSNP_6_B01_1513238	1	34715462	34715774	3	-7.4227
TAKEN_p_TCGAb_379_400_FFPE_NSP_GenomeWideSNP_6_B01_1513238	1	34715899	40944460	3454	0.0076
TAKEN_p_TCGAb_379_400_FFPE_NSP_GenomeWideSNP_6_B01_1513238	1	40944999	40948765	3	-1.6947
TAKEN_p_TCGAb_379_400_FFPE_NSP_GenomeWideSNP_6_B01_1513238	1	40952461	53487870	6831	0.0034
TAKEN_p_TCGAb_379_400_FFPE_NSP_GenomeWideSNP_6_B01_1513238	1	53488450	53489681	9	-0.6307
TAKEN_p_TCGAb_379_400_FFPE_NSP_GenomeWideSNP_6_B01_1513238	1	53489697	55270551	1196	0.0047
TAKEN_p_TCGAb_379_400_FFPE_NSP_GenomeWideSNP_6_B01_1513238	1	55274519	55274652	2	-1.1935
TAKEN_p_TCGAb_379_400_FFPE_NSP_GenomeWideSNP_6_B01_1513238	1	55274810	55723441	333	-0.006
TAKEN_p_TCGAb_379_400_FFPE_NSP_GenomeWideSNP_6_B01_1513238	1	55724023	55724299	6	-0.7641
TAKEN_p_TCGAb_379_400_FFPE_NSP_GenomeWideSNP_6_B01_1513238	1	55729368	66039858	7856	-0.0034
TAKEN_p_TCGAb_379_400_FFPE_NSP_GenomeWideSNP_6_B01_1513238	1	66042898	66043112	3	-1.3775
TAKEN_p_TCGAb_379_400_FFPE_NSP_GenomeWideSNP_6_B01_1513238	1	66045927	72768498	4490	-0.0058
TAKEN_p_TCGAb_379_400_FFPE_NSP_GenomeWideSNP_6_B01_1513238	1	72768916	72811148	46	-1.7586
TAKEN_p_TCGAb_379_400_FFPE_NSP_GenomeWideSNP_6_B01_1513238	1	72811904	81326992	5371	0.0085
TAKEN_p_TCGAb_379_400_FFPE_NSP_GenomeWideSNP_6_B01_1513238	1	81329765	81330975	3	-1.1438
TAKEN_p_TCGAb_379_400_FFPE_NSP_GenomeWideSNP_6_B01_1513238	1	81331397	81433332	69	-0.0398
TAKEN_p_TCGAb_379_400_FFPE_NSP_GenomeWideSNP_6_B01_1513238	1	81438127	81443206	5	-1.011
TAKEN_p_TCGAb_379_400_FFPE_NSP_GenomeWideSNP_6_B01_1513238	1	81444580	95022160	8883	-0.0039
TAKEN_p_TCGAb_379_400_FFPE_NSP_GenomeWideSNP_6_B01_1513238	1	95023665	95024621	4	-1.2743
TAKEN_p_TCGAb_379_400_FFPE_NSP_GenomeWideSNP_6_B01_1513238	1	95028390	104178038	5763	0.0042
TAKEN_p_TCGAb_379_400_FFPE_NSP_GenomeWideSNP_6_B01_1513238	1	104221531	104303501	26	0.4722
TAKEN_p_TCGAb_379_400_FFPE_NSP_GenomeWideSNP_6_B01_1513238	1	104303639	110232974	3606	0.0109
TAKEN_p_TCGAb_379_400_FFPE_NSP_GenomeWideSNP_6_B01_1513238	1	110233037	110244998	18	-1.4725
TAKEN_p_TCGAb_379_400_FFPE_NSP_GenomeWideSNP_6_B01_1513238	1	110246126	111377368	840	-0.0116
TAKEN_p_TCGAb_379_400_FFPE_NSP_GenomeWideSNP_6_B01_1513238	1	111377565	111377575	4	-2.2498
TAKEN_p_TCGAb_379_400_FFPE_NSP_GenomeWideSNP_6_B01_1513238	1	111378895	111379331	8	-3.9344
TAKEN_p_TCGAb_379_400_FFPE_NSP_GenomeWideSNP_6_B01_1513238	1	111379339	111388226	26	-2.2741
TAKEN_p_TCGAb_379_400_FFPE_NSP_GenomeWideSNP_6_B01_1513238	1	111392067	120102884	5829	-0.0029
TAKEN_p_TCGAb_379_400_FFPE_NSP_GenomeWideSNP_6_B01_1513238	1	120108137	120111619	7	-0.7739
TAKEN_p_TCGAb_379_400_FFPE_NSP_GenomeWideSNP_6_B01_1513238	1	120112055	144564584	507	-0.013
TAKEN_p_TCGAb_379_400_FFPE_NSP_GenomeWideSNP_6_B01_1513238	1	144579091	144849552	6	1.0073
TAKEN_p_TCGAb_379_400_FFPE_NSP_GenomeWideSNP_6_B01_1513238	1	144865627	149521846	1301	0.0196
TAKEN_p_TCGAb_379_400_FFPE_NSP_GenomeWideSNP_6_B01_1513238	1	149545372	149644969	9	1.173
TAKEN_p_TCGAb_379_400_FFPE_NSP_GenomeWideSNP_6_B01_1513238	1	149645033	152648161	1595	0.0078
TAKEN_p_TCGAb_379_400_FFPE_NSP_GenomeWideSNP_6_B01_1513238	1	152649114	152660249	11	0.682
TAKEN_p_TCGAb_379_400_FFPE_NSP_GenomeWideSNP_6_B01_1513238	1	152660746	152759678	87	-0.0211
TAKEN_p_TCGAb_379_400_FFPE_NSP_GenomeWideSNP_6_B01_1513238	1	152761923	152768700	37	0.4098
TAKEN_p_TCGAb_379_400_FFPE_NSP_GenomeWideSNP_6_B01_1513238	1	152773905	153672247	625	-0.0092
TAKEN_p_TCGAb_379_400_FFPE_NSP_GenomeWideSNP_6_B01_1513238	1	153673674	153688056	6	0.6148
TAKEN_p_TCGAb_379_400_FFPE_NSP_GenomeWideSNP_6_B01_1513238	1	153691490	155661227	925	0.0145
TAKEN_p_TCGAb_379_400_FFPE_NSP_GenomeWideSNP_6_B01_1513238	1	155661971	155663357	2	-2.2783
TAKEN_p_TCGAb_379_400_FFPE_NSP_GenomeWideSNP_6_B01_1513238	1	155666961	161508875	3719	0.0028
TAKEN_p_TCGAb_379_400_FFPE_NSP_GenomeWideSNP_6_B01_1513238	1	161517939	161638513	48	0.4312
TAKEN_p_TCGAb_379_400_FFPE_NSP_GenomeWideSNP_6_B01_1513238	1	161648237	167764835	4901	-0.0014
TAKEN_p_TCGAb_379_400_FFPE_NSP_GenomeWideSNP_6_B01_1513238	1	167766183	167766919	4	-1.3463
TAKEN_p_TCGAb_379_400_FFPE_NSP_GenomeWideSNP_6_B01_1513238	1	167768513	168997364	932	-0.0063
TAKEN_p_TCGAb_379_400_FFPE_NSP_GenomeWideSNP_6_B01_1513238	1	169002925	169007842	2	0.9987
TAKEN_p_TCGAb_379_400_FFPE_NSP_GenomeWideSNP_6_B01_1513238	1	169008512	169216937	178	-0.028
TAKEN_p_TCGAb_379_400_FFPE_NSP_GenomeWideSNP_6_B01_1513238	1	169233974	169241766	7	0.6639
TAKEN_p_TCGAb_379_400_FFPE_NSP_GenomeWideSNP_6_B01_1513238	1	169242401	174802451	3550	-0.0028
TAKEN_p_TCGAb_379_400_FFPE_NSP_GenomeWideSNP_6_B01_1513238	1	174802841	174803056	2	1.1776
TAKEN_p_TCGAb_379_400_FFPE_NSP_GenomeWideSNP_6_B01_1513238	1	174803606	181160271	4227	0.0023
TAKEN_p_TCGAb_379_400_FFPE_NSP_GenomeWideSNP_6_B01_1513238	1	181160955	181160996	2	1.3287
TAKEN_p_TCGAb_379_400_FFPE_NSP_GenomeWideSNP_6_B01_1513238	1	181161184	194448234	8977	0.0081
TAKEN_p_TCGAb_379_400_FFPE_NSP_GenomeWideSNP_6_B01_1513238	1	194451411	194455018	2	-2.1468
TAKEN_p_TCGAb_379_400_FFPE_NSP_GenomeWideSNP_6_B01_1513238	1	194457016	194932473	259	0.0379
TAKEN_p_TCGAb_379_400_FFPE_NSP_GenomeWideSNP_6_B01_1513238	1	194938079	194943654	31	-0.9237
TAKEN_p_TCGAb_379_400_FFPE_NSP_GenomeWideSNP_6_B01_1513238	1	194947254	196705520	1155	0.0206
TAKEN_p_TCGAb_379_400_FFPE_NSP_GenomeWideSNP_6_B01_1513238	1	196706272	196744182	28	0.3485
TAKEN_p_TCGAb_379_400_FFPE_NSP_GenomeWideSNP_6_B01_1513238	1	196744200	196749181	8	0.9679
TAKEN_p_TCGAb_379_400_FFPE_NSP_GenomeWideSNP_6_B01_1513238	1	196749217	196862280	113	0.3186
TAKEN_p_TCGAb_379_400_FFPE_NSP_GenomeWideSNP_6_B01_1513238	1	196864527	199107702	1337	-0.0039
TAKEN_p_TCGAb_379_400_FFPE_NSP_GenomeWideSNP_6_B01_1513238	1	199111363	199113840	9	-0.6356
TAKEN_p_TCGAb_379_400_FFPE_NSP_GenomeWideSNP_6_B01_1513238	1	199114238	204376208	3544	-0.013
TAKEN_p_TCGAb_379_400_FFPE_NSP_GenomeWideSNP_6_B01_1513238	1	204382589	204383456	2	-2.1393
TAKEN_p_TCGAb_379_400_FFPE_NSP_GenomeWideSNP_6_B01_1513238	1	204386873	210071062	3889	-0.0039
TAKEN_p_TCGAb_379_400_FFPE_NSP_GenomeWideSNP_6_B01_1513238	1	210081613	210082065	2	-1.8735
TAKEN_p_TCGAb_379_400_FFPE_NSP_GenomeWideSNP_6_B01_1513238	1	210083984	231994273	14651	-0.001
TAKEN_p_TCGAb_379_400_FFPE_NSP_GenomeWideSNP_6_B01_1513238	1	231998858	231998863	2	-1.3023
TAKEN_p_TCGAb_379_400_FFPE_NSP_GenomeWideSNP_6_B01_1513238	1	231999547	232265261	210	-0.0166
TAKEN_p_TCGAb_379_400_FFPE_NSP_GenomeWideSNP_6_B01_1513238	1	232265610	232270985	8	-0.5311
TAKEN_p_TCGAb_379_400_FFPE_NSP_GenomeWideSNP_6_B01_1513238	1	232271232	235280575	2453	0.008
TAKEN_p_TCGAb_379_400_FFPE_NSP_GenomeWideSNP_6_B01_1513238	1	235287752	235287802	2	-2.1059
TAKEN_p_TCGAb_379_400_FFPE_NSP_GenomeWideSNP_6_B01_1513238	1	235299384	248736075	9642	1e-04
TAKEN_p_TCGAb_379_400_FFPE_NSP_GenomeWideSNP_6_B01_1513238	1	248737447	248809109	38	-0.7015
TAKEN_p_TCGAb_379_400_FFPE_NSP_GenomeWideSNP_6_B01_1513238	1	248809369	249224388	141	0.059
TAKEN_p_TCGAb_379_400_FFPE_NSP_GenomeWideSNP_6_B01_1513238	2	12784	4205687	2990	-0.0164
TAKEN_p_TCGAb_379_400_FFPE_NSP_GenomeWideSNP_6_B01_1513238	2	4213864	4223167	36	-0.7972
TAKEN_p_TCGAb_379_400_FFPE_NSP_GenomeWideSNP_6_B01_1513238	2	4223512	7229829	2521	0.0239
TAKEN_p_TCGAb_379_400_FFPE_NSP_GenomeWideSNP_6_B01_1513238	2	7233524	7234476	10	-0.6746
TAKEN_p_TCGAb_379_400_FFPE_NSP_GenomeWideSNP_6_B01_1513238	2	7236150	52754468	31664	0.0041
TAKEN_p_TCGAb_379_400_FFPE_NSP_GenomeWideSNP_6_B01_1513238	2	52754480	52792828	44	0.3009
TAKEN_p_TCGAb_379_400_FFPE_NSP_GenomeWideSNP_6_B01_1513238	2	52792937	57239067	3238	0.0147
TAKEN_p_TCGAb_379_400_FFPE_NSP_GenomeWideSNP_6_B01_1513238	2	57242902	57243395	2	-1.3806
TAKEN_p_TCGAb_379_400_FFPE_NSP_GenomeWideSNP_6_B01_1513238	2	57247331	87811313	18940	0.0066
TAKEN_p_TCGAb_379_400_FFPE_NSP_GenomeWideSNP_6_B01_1513238	2	87815648	87827978	8	-0.8616
TAKEN_p_TCGAb_379_400_FFPE_NSP_GenomeWideSNP_6_B01_1513238	2	87839297	106880095	7489	0.0137
TAKEN_p_TCGAb_379_400_FFPE_NSP_GenomeWideSNP_6_B01_1513238	2	106880713	106885357	11	-2.2266
TAKEN_p_TCGAb_379_400_FFPE_NSP_GenomeWideSNP_6_B01_1513238	2	106887255	146862085	23958	0.0102
TAKEN_p_TCGAb_379_400_FFPE_NSP_GenomeWideSNP_6_B01_1513238	2	146864404	146866934	24	0.8352
TAKEN_p_TCGAb_379_400_FFPE_NSP_GenomeWideSNP_6_B01_1513238	2	146877806	155208799	5054	0.0073
TAKEN_p_TCGAb_379_400_FFPE_NSP_GenomeWideSNP_6_B01_1513238	2	155211161	155211178	2	-1.9446
TAKEN_p_TCGAb_379_400_FFPE_NSP_GenomeWideSNP_6_B01_1513238	2	155211362	243089456	54128	0.0075
TAKEN_p_TCGAb_379_400_FFPE_NSP_GenomeWideSNP_6_B01_1513238	3	60345	1916843	1688	0.0738
TAKEN_p_TCGAb_379_400_FFPE_NSP_GenomeWideSNP_6_B01_1513238	3	1916976	1922965	7	-1.1344
TAKEN_p_TCGAb_379_400_FFPE_NSP_GenomeWideSNP_6_B01_1513238	3	1925064	6646543	4150	0.0115
TAKEN_p_TCGAb_379_400_FFPE_NSP_GenomeWideSNP_6_B01_1513238	3	6651128	6653244	22	-0.8802
TAKEN_p_TCGAb_379_400_FFPE_NSP_GenomeWideSNP_6_B01_1513238	3	6653332	14593604	6004	-0.0051
TAKEN_p_TCGAb_379_400_FFPE_NSP_GenomeWideSNP_6_B01_1513238	3	14596475	14599600	6	-1.2106
TAKEN_p_TCGAb_379_400_FFPE_NSP_GenomeWideSNP_6_B01_1513238	3	14599695	46793377	21383	-5e-04
TAKEN_p_TCGAb_379_400_FFPE_NSP_GenomeWideSNP_6_B01_1513238	3	46801817	46849179	39	-0.8289
TAKEN_p_TCGAb_379_400_FFPE_NSP_GenomeWideSNP_6_B01_1513238	3	46849589	66888588	13317	8e-04
TAKEN_p_TCGAb_379_400_FFPE_NSP_GenomeWideSNP_6_B01_1513238	3	66890737	66890843	2	-1.3764
TAKEN_p_TCGAb_379_400_FFPE_NSP_GenomeWideSNP_6_B01_1513238	3	66891490	68746164	1261	0.0032
TAKEN_p_TCGAb_379_400_FFPE_NSP_GenomeWideSNP_6_B01_1513238	3	68746259	68747413	14	0.868
TAKEN_p_TCGAb_379_400_FFPE_NSP_GenomeWideSNP_6_B01_1513238	3	68748758	69268947	419	0.0114
TAKEN_p_TCGAb_379_400_FFPE_NSP_GenomeWideSNP_6_B01_1513238	3	69272085	69273190	2	-1.6349
TAKEN_p_TCGAb_379_400_FFPE_NSP_GenomeWideSNP_6_B01_1513238	3	69274314	75561141	4519	-0.002
TAKEN_p_TCGAb_379_400_FFPE_NSP_GenomeWideSNP_6_B01_1513238	3	75568549	75596246	9	0.8098
TAKEN_p_TCGAb_379_400_FFPE_NSP_GenomeWideSNP_6_B01_1513238	3	75608639	75819252	56	0.0494
TAKEN_p_TCGAb_379_400_FFPE_NSP_GenomeWideSNP_6_B01_1513238	3	75822459	75826186	3	-2.012
TAKEN_p_TCGAb_379_400_FFPE_NSP_GenomeWideSNP_6_B01_1513238	3	75827610	76082929	116	0.0194
TAKEN_p_TCGAb_379_400_FFPE_NSP_GenomeWideSNP_6_B01_1513238	3	76084525	76094362	9	-6.6382
TAKEN_p_TCGAb_379_400_FFPE_NSP_GenomeWideSNP_6_B01_1513238	3	76095339	76096571	2	-2.0937
TAKEN_p_TCGAb_379_400_FFPE_NSP_GenomeWideSNP_6_B01_1513238	3	76097560	77586301	968	0.0079
TAKEN_p_TCGAb_379_400_FFPE_NSP_GenomeWideSNP_6_B01_1513238	3	77591080	77596357	5	-1.5551
TAKEN_p_TCGAb_379_400_FFPE_NSP_GenomeWideSNP_6_B01_1513238	3	77596460	116097451	20273	0.0049
TAKEN_p_TCGAb_379_400_FFPE_NSP_GenomeWideSNP_6_B01_1513238	3	116099041	116109204	23	-1.0982
TAKEN_p_TCGAb_379_400_FFPE_NSP_GenomeWideSNP_6_B01_1513238	3	116111835	129761124	8346	-0.0028
TAKEN_p_TCGAb_379_400_FFPE_NSP_GenomeWideSNP_6_B01_1513238	3	129762859	129806924	54	0.3563
TAKEN_p_TCGAb_379_400_FFPE_NSP_GenomeWideSNP_6_B01_1513238	3	129806998	153464681	14837	-0.0032
TAKEN_p_TCGAb_379_400_FFPE_NSP_GenomeWideSNP_6_B01_1513238	3	153465425	153469231	4	-1.3281
TAKEN_p_TCGAb_379_400_FFPE_NSP_GenomeWideSNP_6_B01_1513238	3	153473686	161835897	5008	-0.0053
TAKEN_p_TCGAb_379_400_FFPE_NSP_GenomeWideSNP_6_B01_1513238	3	161839904	161840585	2	-1.1885
TAKEN_p_TCGAb_379_400_FFPE_NSP_GenomeWideSNP_6_B01_1513238	3	161841018	162091565	154	0.0579
TAKEN_p_TCGAb_379_400_FFPE_NSP_GenomeWideSNP_6_B01_1513238	3	162092183	162106315	3	-0.6698
TAKEN_p_TCGAb_379_400_FFPE_NSP_GenomeWideSNP_6_B01_1513238	3	162108640	162512739	289	0.0756
TAKEN_p_TCGAb_379_400_FFPE_NSP_GenomeWideSNP_6_B01_1513238	3	162513092	162524858	10	0.8407
TAKEN_p_TCGAb_379_400_FFPE_NSP_GenomeWideSNP_6_B01_1513238	3	162528630	162532950	4	-0.3261
TAKEN_p_TCGAb_379_400_FFPE_NSP_GenomeWideSNP_6_B01_1513238	3	162534730	162540490	6	-1.1242
TAKEN_p_TCGAb_379_400_FFPE_NSP_GenomeWideSNP_6_B01_1513238	3	162545716	162615915	42	0.8383
TAKEN_p_TCGAb_379_400_FFPE_NSP_GenomeWideSNP_6_B01_1513238	3	162623842	162714517	78	0.0876
TAKEN_p_TCGAb_379_400_FFPE_NSP_GenomeWideSNP_6_B01_1513238	3	162717727	162719562	2	-3.0146
TAKEN_p_TCGAb_379_400_FFPE_NSP_GenomeWideSNP_6_B01_1513238	3	162726159	181064228	11248	0.0147
TAKEN_p_TCGAb_379_400_FFPE_NSP_GenomeWideSNP_6_B01_1513238	3	181069168	181069424	2	-1.1833
TAKEN_p_TCGAb_379_400_FFPE_NSP_GenomeWideSNP_6_B01_1513238	3	181073712	186405945	3135	-0.0105
TAKEN_p_TCGAb_379_400_FFPE_NSP_GenomeWideSNP_6_B01_1513238	3	186406123	186406138	2	-2.3959
TAKEN_p_TCGAb_379_400_FFPE_NSP_GenomeWideSNP_6_B01_1513238	3	186412861	189090451	2018	0.0039
TAKEN_p_TCGAb_379_400_FFPE_NSP_GenomeWideSNP_6_B01_1513238	3	189094308	189098727	5	-0.9433
TAKEN_p_TCGAb_379_400_FFPE_NSP_GenomeWideSNP_6_B01_1513238	3	189101901	194559473	3847	0.0079
TAKEN_p_TCGAb_379_400_FFPE_NSP_GenomeWideSNP_6_B01_1513238	3	194562734	194563303	2	-1.757
TAKEN_p_TCGAb_379_400_FFPE_NSP_GenomeWideSNP_6_B01_1513238	3	194563572	195023060	301	-8e-04
TAKEN_p_TCGAb_379_400_FFPE_NSP_GenomeWideSNP_6_B01_1513238	3	195028974	195101259	28	-1.1169
TAKEN_p_TCGAb_379_400_FFPE_NSP_GenomeWideSNP_6_B01_1513238	3	195102447	197896118	1270	-0.0266
TAKEN_p_TCGAb_379_400_FFPE_NSP_GenomeWideSNP_6_B01_1513238	4	12281	10210390	5808	-0.0057
TAKEN_p_TCGAb_379_400_FFPE_NSP_GenomeWideSNP_6_B01_1513238	4	10214160	10234214	30	1.2899
TAKEN_p_TCGAb_379_400_FFPE_NSP_GenomeWideSNP_6_B01_1513238	4	10234266	10392354	178	-0.0134
TAKEN_p_TCGAb_379_400_FFPE_NSP_GenomeWideSNP_6_B01_1513238	4	10393154	10400668	15	-0.9264
TAKEN_p_TCGAb_379_400_FFPE_NSP_GenomeWideSNP_6_B01_1513238	4	10402718	21372003	8027	0.0013
TAKEN_p_TCGAb_379_400_FFPE_NSP_GenomeWideSNP_6_B01_1513238	4	21372039	21376851	14	-1.9915
TAKEN_p_TCGAb_379_400_FFPE_NSP_GenomeWideSNP_6_B01_1513238	4	21383740	25709764	3080	-0.0031
TAKEN_p_TCGAb_379_400_FFPE_NSP_GenomeWideSNP_6_B01_1513238	4	25714226	25714715	7	-0.9759
TAKEN_p_TCGAb_379_400_FFPE_NSP_GenomeWideSNP_6_B01_1513238	4	25718101	34778975	5682	0.0088
TAKEN_p_TCGAb_379_400_FFPE_NSP_GenomeWideSNP_6_B01_1513238	4	34779004	34824725	42	0.32
TAKEN_p_TCGAb_379_400_FFPE_NSP_GenomeWideSNP_6_B01_1513238	4	34829872	63667834	16035	0.0046
TAKEN_p_TCGAb_379_400_FFPE_NSP_GenomeWideSNP_6_B01_1513238	4	63669936	63671662	8	-0.7392
TAKEN_p_TCGAb_379_400_FFPE_NSP_GenomeWideSNP_6_B01_1513238	4	63679630	69375348	3472	0.0177
TAKEN_p_TCGAb_379_400_FFPE_NSP_GenomeWideSNP_6_B01_1513238	4	69390292	69536788	67	0.3294
TAKEN_p_TCGAb_379_400_FFPE_NSP_GenomeWideSNP_6_B01_1513238	4	69537152	69551744	3	-1.7794
TAKEN_p_TCGAb_379_400_FFPE_NSP_GenomeWideSNP_6_B01_1513238	4	69558271	70123510	319	0.0827
TAKEN_p_TCGAb_379_400_FFPE_NSP_GenomeWideSNP_6_B01_1513238	4	70127644	70224850	48	-0.4518
TAKEN_p_TCGAb_379_400_FFPE_NSP_GenomeWideSNP_6_B01_1513238	4	70226899	111004006	24706	-0.0034
TAKEN_p_TCGAb_379_400_FFPE_NSP_GenomeWideSNP_6_B01_1513238	4	111004141	111005006	9	-4.5883
TAKEN_p_TCGAb_379_400_FFPE_NSP_GenomeWideSNP_6_B01_1513238	4	111006438	115173700	2670	0.0112
TAKEN_p_TCGAb_379_400_FFPE_NSP_GenomeWideSNP_6_B01_1513238	4	115175323	115182175	23	-1.62
TAKEN_p_TCGAb_379_400_FFPE_NSP_GenomeWideSNP_6_B01_1513238	4	115184229	151876351	21688	0.0039
TAKEN_p_TCGAb_379_400_FFPE_NSP_GenomeWideSNP_6_B01_1513238	4	151876406	151884298	21	-0.7879
TAKEN_p_TCGAb_379_400_FFPE_NSP_GenomeWideSNP_6_B01_1513238	4	151884300	161063558	5737	-0.0059
TAKEN_p_TCGAb_379_400_FFPE_NSP_GenomeWideSNP_6_B01_1513238	4	161066840	161067145	7	-0.7352
TAKEN_p_TCGAb_379_400_FFPE_NSP_GenomeWideSNP_6_B01_1513238	4	161067895	172369346	7307	0.011
TAKEN_p_TCGAb_379_400_FFPE_NSP_GenomeWideSNP_6_B01_1513238	4	172374884	172377710	10	0.91
TAKEN_p_TCGAb_379_400_FFPE_NSP_GenomeWideSNP_6_B01_1513238	4	172377724	191027923	12543	0.0105
TAKEN_p_TCGAb_379_400_FFPE_NSP_GenomeWideSNP_6_B01_1513238	5	15532	698371	308	-0.084
TAKEN_p_TCGAb_379_400_FFPE_NSP_GenomeWideSNP_6_B01_1513238	5	698472	731891	13	0.6214
TAKEN_p_TCGAb_379_400_FFPE_NSP_GenomeWideSNP_6_B01_1513238	5	732903	12791720	9911	-0.0018
TAKEN_p_TCGAb_379_400_FFPE_NSP_GenomeWideSNP_6_B01_1513238	5	12800889	12833857	13	0.5942
TAKEN_p_TCGAb_379_400_FFPE_NSP_GenomeWideSNP_6_B01_1513238	5	12837978	21376844	5494	0.0065
TAKEN_p_TCGAb_379_400_FFPE_NSP_GenomeWideSNP_6_B01_1513238	5	21377839	21377853	2	-1.9692
TAKEN_p_TCGAb_379_400_FFPE_NSP_GenomeWideSNP_6_B01_1513238	5	21386066	26012426	2734	0.0305
TAKEN_p_TCGAb_379_400_FFPE_NSP_GenomeWideSNP_6_B01_1513238	5	26017440	26020115	5	0.6716
TAKEN_p_TCGAb_379_400_FFPE_NSP_GenomeWideSNP_6_B01_1513238	5	26020426	26789496	471	0.0236
TAKEN_p_TCGAb_379_400_FFPE_NSP_GenomeWideSNP_6_B01_1513238	5	26797760	26797844	2	-1.5868
TAKEN_p_TCGAb_379_400_FFPE_NSP_GenomeWideSNP_6_B01_1513238	5	26803884	29068352	1287	0.0287
TAKEN_p_TCGAb_379_400_FFPE_NSP_GenomeWideSNP_6_B01_1513238	5	29069777	29076767	4	-1.134
TAKEN_p_TCGAb_379_400_FFPE_NSP_GenomeWideSNP_6_B01_1513238	5	29076829	32525966	2391	0.005
TAKEN_p_TCGAb_379_400_FFPE_NSP_GenomeWideSNP_6_B01_1513238	5	32527302	32529361	2	-1.2127
TAKEN_p_TCGAb_379_400_FFPE_NSP_GenomeWideSNP_6_B01_1513238	5	32530797	34600047	1342	-0.0011
TAKEN_p_TCGAb_379_400_FFPE_NSP_GenomeWideSNP_6_B01_1513238	5	34600072	34600082	2	-1.7074
TAKEN_p_TCGAb_379_400_FFPE_NSP_GenomeWideSNP_6_B01_1513238	5	34600263	103851221	38833	0.004
TAKEN_p_TCGAb_379_400_FFPE_NSP_GenomeWideSNP_6_B01_1513238	5	103860373	103860604	4	-0.7233
TAKEN_p_TCGAb_379_400_FFPE_NSP_GenomeWideSNP_6_B01_1513238	5	103861049	115586846	8016	0.0024
TAKEN_p_TCGAb_379_400_FFPE_NSP_GenomeWideSNP_6_B01_1513238	5	115596277	115625228	43	-1.014
TAKEN_p_TCGAb_379_400_FFPE_NSP_GenomeWideSNP_6_B01_1513238	5	115625257	117386617	1354	0.0097
TAKEN_p_TCGAb_379_400_FFPE_NSP_GenomeWideSNP_6_B01_1513238	5	117388422	117389085	11	-0.7548
TAKEN_p_TCGAb_379_400_FFPE_NSP_GenomeWideSNP_6_B01_1513238	5	117404340	127316740	6473	-4e-04
TAKEN_p_TCGAb_379_400_FFPE_NSP_GenomeWideSNP_6_B01_1513238	5	127316801	127317581	3	-1.2968
TAKEN_p_TCGAb_379_400_FFPE_NSP_GenomeWideSNP_6_B01_1513238	5	127318976	147176486	11882	-0.0083
TAKEN_p_TCGAb_379_400_FFPE_NSP_GenomeWideSNP_6_B01_1513238	5	147180483	147185297	10	-1.3011
TAKEN_p_TCGAb_379_400_FFPE_NSP_GenomeWideSNP_6_B01_1513238	5	147185466	180790320	22557	0
TAKEN_p_TCGAb_379_400_FFPE_NSP_GenomeWideSNP_6_B01_1513238	6	149661	19040119	14806	-0.0026
TAKEN_p_TCGAb_379_400_FFPE_NSP_GenomeWideSNP_6_B01_1513238	6	19042181	19044748	6	-0.9394
TAKEN_p_TCGAb_379_400_FFPE_NSP_GenomeWideSNP_6_B01_1513238	6	19044763	22167185	2213	-0.0041
TAKEN_p_TCGAb_379_400_FFPE_NSP_GenomeWideSNP_6_B01_1513238	6	22172616	22174982	3	-1.5212
TAKEN_p_TCGAb_379_400_FFPE_NSP_GenomeWideSNP_6_B01_1513238	6	22182299	29915751	4765	0.0034
TAKEN_p_TCGAb_379_400_FFPE_NSP_GenomeWideSNP_6_B01_1513238	6	29916368	29937311	18	-0.9403
TAKEN_p_TCGAb_379_400_FFPE_NSP_GenomeWideSNP_6_B01_1513238	6	29938777	31287222	634	-0.015
TAKEN_p_TCGAb_379_400_FFPE_NSP_GenomeWideSNP_6_B01_1513238	6	31287501	31295406	2	-2.0954
TAKEN_p_TCGAb_379_400_FFPE_NSP_GenomeWideSNP_6_B01_1513238	6	31295953	32454523	515	-0.0102
TAKEN_p_TCGAb_379_400_FFPE_NSP_GenomeWideSNP_6_B01_1513238	6	32456683	32570365	30	1.7157
TAKEN_p_TCGAb_379_400_FFPE_NSP_GenomeWideSNP_6_B01_1513238	6	32573771	35502616	1666	-0.0077
TAKEN_p_TCGAb_379_400_FFPE_NSP_GenomeWideSNP_6_B01_1513238	6	35504148	35564811	32	0.5642
TAKEN_p_TCGAb_379_400_FFPE_NSP_GenomeWideSNP_6_B01_1513238	6	35568574	40431779	3389	0.001
TAKEN_p_TCGAb_379_400_FFPE_NSP_GenomeWideSNP_6_B01_1513238	6	40434355	40435661	4	-0.9863
TAKEN_p_TCGAb_379_400_FFPE_NSP_GenomeWideSNP_6_B01_1513238	6	40438011	52165534	7386	0.0016
TAKEN_p_TCGAb_379_400_FFPE_NSP_GenomeWideSNP_6_B01_1513238	6	52166561	52170941	7	-1.3074
TAKEN_p_TCGAb_379_400_FFPE_NSP_GenomeWideSNP_6_B01_1513238	6	52172655	53094861	652	0.0183
TAKEN_p_TCGAb_379_400_FFPE_NSP_GenomeWideSNP_6_B01_1513238	6	53095440	53095806	3	-0.7393
TAKEN_p_TCGAb_379_400_FFPE_NSP_GenomeWideSNP_6_B01_1513238	6	53096682	53286000	131	-0.0121
TAKEN_p_TCGAb_379_400_FFPE_NSP_GenomeWideSNP_6_B01_1513238	6	53291270	53291576	2	-1.6199
TAKEN_p_TCGAb_379_400_FFPE_NSP_GenomeWideSNP_6_B01_1513238	6	53291991	65336942	4870	0.0137
TAKEN_p_TCGAb_379_400_FFPE_NSP_GenomeWideSNP_6_B01_1513238	6	65347544	65348992	2	-2.7605
TAKEN_p_TCGAb_379_400_FFPE_NSP_GenomeWideSNP_6_B01_1513238	6	65350776	99684639	22119	0.0108
TAKEN_p_TCGAb_379_400_FFPE_NSP_GenomeWideSNP_6_B01_1513238	6	99686627	99687240	2	-1.1689
TAKEN_p_TCGAb_379_400_FFPE_NSP_GenomeWideSNP_6_B01_1513238	6	99687383	103734829	2438	0.0203
TAKEN_p_TCGAb_379_400_FFPE_NSP_GenomeWideSNP_6_B01_1513238	6	103737976	103762061	46	0.5545
TAKEN_p_TCGAb_379_400_FFPE_NSP_GenomeWideSNP_6_B01_1513238	6	103765470	103965302	139	0.0162
TAKEN_p_TCGAb_379_400_FFPE_NSP_GenomeWideSNP_6_B01_1513238	6	103966238	103966267	2	-1.1994
TAKEN_p_TCGAb_379_400_FFPE_NSP_GenomeWideSNP_6_B01_1513238	6	103978276	106058121	1284	0.0114
TAKEN_p_TCGAb_379_400_FFPE_NSP_GenomeWideSNP_6_B01_1513238	6	106059271	106071002	5	-1.4143
TAKEN_p_TCGAb_379_400_FFPE_NSP_GenomeWideSNP_6_B01_1513238	6	106071251	110614293	2928	-0.0042
TAKEN_p_TCGAb_379_400_FFPE_NSP_GenomeWideSNP_6_B01_1513238	6	110614694	110615020	2	-1.1894
TAKEN_p_TCGAb_379_400_FFPE_NSP_GenomeWideSNP_6_B01_1513238	6	110619238	113153786	1562	-0.007
TAKEN_p_TCGAb_379_400_FFPE_NSP_GenomeWideSNP_6_B01_1513238	6	113154536	113154555	2	-2.0254
TAKEN_p_TCGAb_379_400_FFPE_NSP_GenomeWideSNP_6_B01_1513238	6	113154726	113165278	29	-0.002
TAKEN_p_TCGAb_379_400_FFPE_NSP_GenomeWideSNP_6_B01_1513238	6	113165522	113165762	3	-1.2314
TAKEN_p_TCGAb_379_400_FFPE_NSP_GenomeWideSNP_6_B01_1513238	6	113165778	121518801	4982	0.0035
TAKEN_p_TCGAb_379_400_FFPE_NSP_GenomeWideSNP_6_B01_1513238	6	121521906	121523736	4	-0.96
TAKEN_p_TCGAb_379_400_FFPE_NSP_GenomeWideSNP_6_B01_1513238	6	121524055	153957370	21363	-0.002
TAKEN_p_TCGAb_379_400_FFPE_NSP_GenomeWideSNP_6_B01_1513238	6	153960786	153961419	2	-2.6898
TAKEN_p_TCGAb_379_400_FFPE_NSP_GenomeWideSNP_6_B01_1513238	6	153961899	160961075	4620	-0.0165
TAKEN_p_TCGAb_379_400_FFPE_NSP_GenomeWideSNP_6_B01_1513238	6	160962503	160962626	2	-1.4387
TAKEN_p_TCGAb_379_400_FFPE_NSP_GenomeWideSNP_6_B01_1513238	6	160964652	162802403	1505	0.0145
TAKEN_p_TCGAb_379_400_FFPE_NSP_GenomeWideSNP_6_B01_1513238	6	162803457	162813977	13	0.7637
TAKEN_p_TCGAb_379_400_FFPE_NSP_GenomeWideSNP_6_B01_1513238	6	162820486	171051005	5824	-0.017
TAKEN_p_TCGAb_379_400_FFPE_NSP_GenomeWideSNP_6_B01_1513238	7	43355	54380373	38590	5e-04
TAKEN_p_TCGAb_379_400_FFPE_NSP_GenomeWideSNP_6_B01_1513238	7	54386505	54386517	6	2.1865
TAKEN_p_TCGAb_379_400_FFPE_NSP_GenomeWideSNP_6_B01_1513238	7	54393488	57067592	1631	0.0018
TAKEN_p_TCGAb_379_400_FFPE_NSP_GenomeWideSNP_6_B01_1513238	7	57068740	57084132	2	1.4821
TAKEN_p_TCGAb_379_400_FFPE_NSP_GenomeWideSNP_6_B01_1513238	7	57116468	58019983	449	0.0587
TAKEN_p_TCGAb_379_400_FFPE_NSP_GenomeWideSNP_6_B01_1513238	7	61063974	61076034	6	0.8959
TAKEN_p_TCGAb_379_400_FFPE_NSP_GenomeWideSNP_6_B01_1513238	7	61255393	61766547	10	0.0141
TAKEN_p_TCGAb_379_400_FFPE_NSP_GenomeWideSNP_6_B01_1513238	7	61766548	61766549	2	-2.1282
TAKEN_p_TCGAb_379_400_FFPE_NSP_GenomeWideSNP_6_B01_1513238	7	61768646	62909524	322	0.102
TAKEN_p_TCGAb_379_400_FFPE_NSP_GenomeWideSNP_6_B01_1513238	7	62916262	63043061	11	-0.6163
TAKEN_p_TCGAb_379_400_FFPE_NSP_GenomeWideSNP_6_B01_1513238	7	63054741	109437092	26390	0.005
TAKEN_p_TCGAb_379_400_FFPE_NSP_GenomeWideSNP_6_B01_1513238	7	109437093	109453858	33	0.3968
TAKEN_p_TCGAb_379_400_FFPE_NSP_GenomeWideSNP_6_B01_1513238	7	109453910	119323941	5967	0.0082
TAKEN_p_TCGAb_379_400_FFPE_NSP_GenomeWideSNP_6_B01_1513238	7	119331730	119346042	12	0.7479
TAKEN_p_TCGAb_379_400_FFPE_NSP_GenomeWideSNP_6_B01_1513238	7	119347878	143873952	15381	0.0046
TAKEN_p_TCGAb_379_400_FFPE_NSP_GenomeWideSNP_6_B01_1513238	7	143896252	143909445	5	-0.9257
TAKEN_p_TCGAb_379_400_FFPE_NSP_GenomeWideSNP_6_B01_1513238	7	143911624	150288831	3898	0.0113
TAKEN_p_TCGAb_379_400_FFPE_NSP_GenomeWideSNP_6_B01_1513238	7	150299285	150301569	5	-1.0005
TAKEN_p_TCGAb_379_400_FFPE_NSP_GenomeWideSNP_6_B01_1513238	7	150307922	154389895	2586	0.006
TAKEN_p_TCGAb_379_400_FFPE_NSP_GenomeWideSNP_6_B01_1513238	7	154393171	154396107	2	1.3446
TAKEN_p_TCGAb_379_400_FFPE_NSP_GenomeWideSNP_6_B01_1513238	7	154397079	157674863	2331	-0.0125
TAKEN_p_TCGAb_379_400_FFPE_NSP_GenomeWideSNP_6_B01_1513238	7	157676238	157676458	2	-1.3518
TAKEN_p_TCGAb_379_400_FFPE_NSP_GenomeWideSNP_6_B01_1513238	7	157678273	159127004	912	-0.0262
TAKEN_p_TCGAb_379_400_FFPE_NSP_GenomeWideSNP_6_B01_1513238	8	31254	2247827	1651	-0.0238
TAKEN_p_TCGAb_379_400_FFPE_NSP_GenomeWideSNP_6_B01_1513238	8	2254638	2259358	12	-1.033
TAKEN_p_TCGAb_379_400_FFPE_NSP_GenomeWideSNP_6_B01_1513238	8	2270328	3996813	2117	0.0165
TAKEN_p_TCGAb_379_400_FFPE_NSP_GenomeWideSNP_6_B01_1513238	8	3997063	4004291	34	-0.9653
TAKEN_p_TCGAb_379_400_FFPE_NSP_GenomeWideSNP_6_B01_1513238	8	4004498	7039853	4010	0.0106
TAKEN_p_TCGAb_379_400_FFPE_NSP_GenomeWideSNP_6_B01_1513238	8	7043340	7255048	38	-0.6199
TAKEN_p_TCGAb_379_400_FFPE_NSP_GenomeWideSNP_6_B01_1513238	8	7255110	7865864	169	-0.1002
TAKEN_p_TCGAb_379_400_FFPE_NSP_GenomeWideSNP_6_B01_1513238	8	7866162	8072303	43	0.4487
TAKEN_p_TCGAb_379_400_FFPE_NSP_GenomeWideSNP_6_B01_1513238	8	8087144	8385797	288	-0.0137
TAKEN_p_TCGAb_379_400_FFPE_NSP_GenomeWideSNP_6_B01_1513238	8	8386150	8386442	4	-2.0119
TAKEN_p_TCGAb_379_400_FFPE_NSP_GenomeWideSNP_6_B01_1513238	8	8388307	12438748	3050	-0.0121
TAKEN_p_TCGAb_379_400_FFPE_NSP_GenomeWideSNP_6_B01_1513238	8	12438891	12481979	11	-0.5412
TAKEN_p_TCGAb_379_400_FFPE_NSP_GenomeWideSNP_6_B01_1513238	8	12482047	15388180	2719	0.0184
TAKEN_p_TCGAb_379_400_FFPE_NSP_GenomeWideSNP_6_B01_1513238	8	15388241	15393393	4	-1.0568
TAKEN_p_TCGAb_379_400_FFPE_NSP_GenomeWideSNP_6_B01_1513238	8	15395096	15814068	426	0.0062
TAKEN_p_TCGAb_379_400_FFPE_NSP_GenomeWideSNP_6_B01_1513238	8	15817196	15817881	4	-1.0317
TAKEN_p_TCGAb_379_400_FFPE_NSP_GenomeWideSNP_6_B01_1513238	8	15818760	16197191	315	0.0327
TAKEN_p_TCGAb_379_400_FFPE_NSP_GenomeWideSNP_6_B01_1513238	8	16206954	16207123	8	-1.4943
TAKEN_p_TCGAb_379_400_FFPE_NSP_GenomeWideSNP_6_B01_1513238	8	16212084	16259612	47	0.0647
TAKEN_p_TCGAb_379_400_FFPE_NSP_GenomeWideSNP_6_B01_1513238	8	16262235	16274661	28	-0.7491
TAKEN_p_TCGAb_379_400_FFPE_NSP_GenomeWideSNP_6_B01_1513238	8	16278695	23407740	5722	-6e-04
TAKEN_p_TCGAb_379_400_FFPE_NSP_GenomeWideSNP_6_B01_1513238	8	23407773	23407811	3	-3.6717
TAKEN_p_TCGAb_379_400_FFPE_NSP_GenomeWideSNP_6_B01_1513238	8	23407871	24145008	488	0.0025
TAKEN_p_TCGAb_379_400_FFPE_NSP_GenomeWideSNP_6_B01_1513238	8	24145430	24151066	4	-0.9926
TAKEN_p_TCGAb_379_400_FFPE_NSP_GenomeWideSNP_6_B01_1513238	8	24151508	24972187	649	-0.0047
TAKEN_p_TCGAb_379_400_FFPE_NSP_GenomeWideSNP_6_B01_1513238	8	24974443	24984156	24	-0.7195
TAKEN_p_TCGAb_379_400_FFPE_NSP_GenomeWideSNP_6_B01_1513238	8	24984223	32685768	5462	-0.0033
TAKEN_p_TCGAb_379_400_FFPE_NSP_GenomeWideSNP_6_B01_1513238	8	32686619	32688413	4	1.9454
TAKEN_p_TCGAb_379_400_FFPE_NSP_GenomeWideSNP_6_B01_1513238	8	32692106	39230659	3580	0.011
TAKEN_p_TCGAb_379_400_FFPE_NSP_GenomeWideSNP_6_B01_1513238	8	39235603	39386965	59	-0.6795
TAKEN_p_TCGAb_379_400_FFPE_NSP_GenomeWideSNP_6_B01_1513238	8	39388299	82379647	24280	-0.0014
TAKEN_p_TCGAb_379_400_FFPE_NSP_GenomeWideSNP_6_B01_1513238	8	82379658	82380124	7	-1.0659
TAKEN_p_TCGAb_379_400_FFPE_NSP_GenomeWideSNP_6_B01_1513238	8	82383848	94235696	6658	0.011
TAKEN_p_TCGAb_379_400_FFPE_NSP_GenomeWideSNP_6_B01_1513238	8	94240014	94241839	3	-1.2681
TAKEN_p_TCGAb_379_400_FFPE_NSP_GenomeWideSNP_6_B01_1513238	8	94245063	120152010	16107	-6e-04
TAKEN_p_TCGAb_379_400_FFPE_NSP_GenomeWideSNP_6_B01_1513238	8	120154784	120158883	3	-1.9711
TAKEN_p_TCGAb_379_400_FFPE_NSP_GenomeWideSNP_6_B01_1513238	8	120159446	140254844	14951	-0.0029
TAKEN_p_TCGAb_379_400_FFPE_NSP_GenomeWideSNP_6_B01_1513238	8	140258252	140259197	5	-1.4289
TAKEN_p_TCGAb_379_400_FFPE_NSP_GenomeWideSNP_6_B01_1513238	8	140259420	140604336	348	9e-04
TAKEN_p_TCGAb_379_400_FFPE_NSP_GenomeWideSNP_6_B01_1513238	8	140604391	140605715	5	0.9975
TAKEN_p_TCGAb_379_400_FFPE_NSP_GenomeWideSNP_6_B01_1513238	8	140607031	146298155	2659	-0.0345
TAKEN_p_TCGAb_379_400_FFPE_NSP_GenomeWideSNP_6_B01_1513238	9	46587	12248679	11488	0.0121
TAKEN_p_TCGAb_379_400_FFPE_NSP_GenomeWideSNP_6_B01_1513238	9	12249026	12249277	2	-1.5635
TAKEN_p_TCGAb_379_400_FFPE_NSP_GenomeWideSNP_6_B01_1513238	9	12253254	24466888	9737	0.0053
TAKEN_p_TCGAb_379_400_FFPE_NSP_GenomeWideSNP_6_B01_1513238	9	24466953	24519879	74	0.2106
TAKEN_p_TCGAb_379_400_FFPE_NSP_GenomeWideSNP_6_B01_1513238	9	24519951	43602726	10118	0.018
TAKEN_p_TCGAb_379_400_FFPE_NSP_GenomeWideSNP_6_B01_1513238	9	43612162	43780909	25	-0.4178
TAKEN_p_TCGAb_379_400_FFPE_NSP_GenomeWideSNP_6_B01_1513238	9	43790346	44250853	33	0.0802
TAKEN_p_TCGAb_379_400_FFPE_NSP_GenomeWideSNP_6_B01_1513238	9	44251228	44820541	47	-0.8891
TAKEN_p_TCGAb_379_400_FFPE_NSP_GenomeWideSNP_6_B01_1513238	9	44824263	68183981	162	0.0778
TAKEN_p_TCGAb_379_400_FFPE_NSP_GenomeWideSNP_6_B01_1513238	9	68186051	68186059	5	-0.8216
TAKEN_p_TCGAb_379_400_FFPE_NSP_GenomeWideSNP_6_B01_1513238	9	68188340	69001434	92	0.0237
TAKEN_p_TCGAb_379_400_FFPE_NSP_GenomeWideSNP_6_B01_1513238	9	69022956	69022971	2	-1.3846
TAKEN_p_TCGAb_379_400_FFPE_NSP_GenomeWideSNP_6_B01_1513238	9	69062430	108535115	26560	0.002
TAKEN_p_TCGAb_379_400_FFPE_NSP_GenomeWideSNP_6_B01_1513238	9	108535258	108535825	3	-1.0467
TAKEN_p_TCGAb_379_400_FFPE_NSP_GenomeWideSNP_6_B01_1513238	9	108539599	128204759	14538	-2e-04
TAKEN_p_TCGAb_379_400_FFPE_NSP_GenomeWideSNP_6_B01_1513238	9	128208234	128208927	2	-1.4176
TAKEN_p_TCGAb_379_400_FFPE_NSP_GenomeWideSNP_6_B01_1513238	9	128219867	140255642	6660	0.0051
TAKEN_p_TCGAb_379_400_FFPE_NSP_GenomeWideSNP_6_B01_1513238	9	140255718	140255833	2	1.3345
TAKEN_p_TCGAb_379_400_FFPE_NSP_GenomeWideSNP_6_B01_1513238	9	140273003	141071475	405	0.0143
TAKEN_p_TCGAb_379_400_FFPE_NSP_GenomeWideSNP_6_B01_1513238	9	141071527	141091394	7	0.6703
TAKEN_p_TCGAb_379_400_FFPE_NSP_GenomeWideSNP_6_B01_1513238	10	72759	4290814	3589	-0.0154
TAKEN_p_TCGAb_379_400_FFPE_NSP_GenomeWideSNP_6_B01_1513238	10	4290838	4290924	2	-1.7129
TAKEN_p_TCGAb_379_400_FFPE_NSP_GenomeWideSNP_6_B01_1513238	10	4291016	61364115	37139	0.005
TAKEN_p_TCGAb_379_400_FFPE_NSP_GenomeWideSNP_6_B01_1513238	10	61364130	61366495	16	-0.5494
TAKEN_p_TCGAb_379_400_FFPE_NSP_GenomeWideSNP_6_B01_1513238	10	61368866	82340707	13775	0.0037
TAKEN_p_TCGAb_379_400_FFPE_NSP_GenomeWideSNP_6_B01_1513238	10	82343050	82343110	2	-1.7249
TAKEN_p_TCGAb_379_400_FFPE_NSP_GenomeWideSNP_6_B01_1513238	10	82343639	107056279	16010	0.002
TAKEN_p_TCGAb_379_400_FFPE_NSP_GenomeWideSNP_6_B01_1513238	10	107057038	107059170	3	1.2094
TAKEN_p_TCGAb_379_400_FFPE_NSP_GenomeWideSNP_6_B01_1513238	10	107062476	113293749	4492	0.0088
TAKEN_p_TCGAb_379_400_FFPE_NSP_GenomeWideSNP_6_B01_1513238	10	113298231	113298599	2	-1.736
TAKEN_p_TCGAb_379_400_FFPE_NSP_GenomeWideSNP_6_B01_1513238	10	113299235	124344109	8171	-3e-04
TAKEN_p_TCGAb_379_400_FFPE_NSP_GenomeWideSNP_6_B01_1513238	10	124344223	124357726	7	0.8458
TAKEN_p_TCGAb_379_400_FFPE_NSP_GenomeWideSNP_6_B01_1513238	10	124383013	126854297	1754	0.004
TAKEN_p_TCGAb_379_400_FFPE_NSP_GenomeWideSNP_6_B01_1513238	10	126856255	126857576	2	-1.4334
TAKEN_p_TCGAb_379_400_FFPE_NSP_GenomeWideSNP_6_B01_1513238	10	126862606	135229141	6012	-0.0084
TAKEN_p_TCGAb_379_400_FFPE_NSP_GenomeWideSNP_6_B01_1513238	10	135229719	135229868	2	-2.9682
TAKEN_p_TCGAb_379_400_FFPE_NSP_GenomeWideSNP_6_B01_1513238	10	135232654	135506704	151	-0.0296
TAKEN_p_TCGAb_379_400_FFPE_NSP_GenomeWideSNP_6_B01_1513238	11	198510	733813	175	-0.0227
TAKEN_p_TCGAb_379_400_FFPE_NSP_GenomeWideSNP_6_B01_1513238	11	741820	743813	5	-1.1744
TAKEN_p_TCGAb_379_400_FFPE_NSP_GenomeWideSNP_6_B01_1513238	11	745581	50212185	33982	0.0038
TAKEN_p_TCGAb_379_400_FFPE_NSP_GenomeWideSNP_6_B01_1513238	11	50216401	50302244	52	0.6116
TAKEN_p_TCGAb_379_400_FFPE_NSP_GenomeWideSNP_6_B01_1513238	11	50343842	134944770	52970	0.0021
TAKEN_p_TCGAb_379_400_FFPE_NSP_GenomeWideSNP_6_B01_1513238	12	150442	924374	480	-0.0366
TAKEN_p_TCGAb_379_400_FFPE_NSP_GenomeWideSNP_6_B01_1513238	12	924906	928911	2	-1.302
TAKEN_p_TCGAb_379_400_FFPE_NSP_GenomeWideSNP_6_B01_1513238	12	933037	8556693	5140	-2e-04
TAKEN_p_TCGAb_379_400_FFPE_NSP_GenomeWideSNP_6_B01_1513238	12	8558488	8584672	22	0.7783
TAKEN_p_TCGAb_379_400_FFPE_NSP_GenomeWideSNP_6_B01_1513238	12	8594894	22248123	9104	0.0022
TAKEN_p_TCGAb_379_400_FFPE_NSP_GenomeWideSNP_6_B01_1513238	12	22248169	22249206	12	-0.8344
TAKEN_p_TCGAb_379_400_FFPE_NSP_GenomeWideSNP_6_B01_1513238	12	22249214	33379925	8194	-0.0037
TAKEN_p_TCGAb_379_400_FFPE_NSP_GenomeWideSNP_6_B01_1513238	12	33379966	33399087	10	0.6223
TAKEN_p_TCGAb_379_400_FFPE_NSP_GenomeWideSNP_6_B01_1513238	12	33399745	45904438	5577	0.0081
TAKEN_p_TCGAb_379_400_FFPE_NSP_GenomeWideSNP_6_B01_1513238	12	45905840	45909537	3	1.0655
TAKEN_p_TCGAb_379_400_FFPE_NSP_GenomeWideSNP_6_B01_1513238	12	45913292	63919989	10659	-0.0013
TAKEN_p_TCGAb_379_400_FFPE_NSP_GenomeWideSNP_6_B01_1513238	12	63920585	63924805	3	-1.2128
TAKEN_p_TCGAb_379_400_FFPE_NSP_GenomeWideSNP_6_B01_1513238	12	63932963	90889704	16917	0.004
TAKEN_p_TCGAb_379_400_FFPE_NSP_GenomeWideSNP_6_B01_1513238	12	90892317	90897908	6	-0.9197
TAKEN_p_TCGAb_379_400_FFPE_NSP_GenomeWideSNP_6_B01_1513238	12	90901742	99791814	6178	0.0037
TAKEN_p_TCGAb_379_400_FFPE_NSP_GenomeWideSNP_6_B01_1513238	12	99795293	99798734	31	-1.7152
TAKEN_p_TCGAb_379_400_FFPE_NSP_GenomeWideSNP_6_B01_1513238	12	99803093	101284336	850	-0.0112
TAKEN_p_TCGAb_379_400_FFPE_NSP_GenomeWideSNP_6_B01_1513238	12	101287192	101288316	5	-1.0806
TAKEN_p_TCGAb_379_400_FFPE_NSP_GenomeWideSNP_6_B01_1513238	12	101291490	117529526	11029	-8e-04
TAKEN_p_TCGAb_379_400_FFPE_NSP_GenomeWideSNP_6_B01_1513238	12	117533221	117534707	3	-1.3598
TAKEN_p_TCGAb_379_400_FFPE_NSP_GenomeWideSNP_6_B01_1513238	12	117535110	133778189	10889	-0.001
TAKEN_p_TCGAb_379_400_FFPE_NSP_GenomeWideSNP_6_B01_1513238	13	19026949	57751096	26138	-0.0017
TAKEN_p_TCGAb_379_400_FFPE_NSP_GenomeWideSNP_6_B01_1513238	13	57758270	57778380	34	-1.9072
TAKEN_p_TCGAb_379_400_FFPE_NSP_GenomeWideSNP_6_B01_1513238	13	57789714	61708096	2422	0.016
TAKEN_p_TCGAb_379_400_FFPE_NSP_GenomeWideSNP_6_B01_1513238	13	61708270	61708275	2	-1.0635
TAKEN_p_TCGAb_379_400_FFPE_NSP_GenomeWideSNP_6_B01_1513238	13	61710322	69196973	4433	0.0302
TAKEN_p_TCGAb_379_400_FFPE_NSP_GenomeWideSNP_6_B01_1513238	13	69199523	69200534	4	-0.9838
TAKEN_p_TCGAb_379_400_FFPE_NSP_GenomeWideSNP_6_B01_1513238	13	69201245	72476988	2147	0.0126
TAKEN_p_TCGAb_379_400_FFPE_NSP_GenomeWideSNP_6_B01_1513238	13	72477555	72480556	4	1.216
TAKEN_p_TCGAb_379_400_FFPE_NSP_GenomeWideSNP_6_B01_1513238	13	72480605	115108397	29155	3e-04
TAKEN_p_TCGAb_379_400_FFPE_NSP_GenomeWideSNP_6_B01_1513238	14	19002124	19273625	20	0.2225
TAKEN_p_TCGAb_379_400_FFPE_NSP_GenomeWideSNP_6_B01_1513238	14	19329001	19469520	18	-0.6699
TAKEN_p_TCGAb_379_400_FFPE_NSP_GenomeWideSNP_6_B01_1513238	14	19541714	20425509	154	0.2506
TAKEN_p_TCGAb_379_400_FFPE_NSP_GenomeWideSNP_6_B01_1513238	14	20425860	20480976	32	0.0267
TAKEN_p_TCGAb_379_400_FFPE_NSP_GenomeWideSNP_6_B01_1513238	14	20481345	20482919	3	-1.1517
TAKEN_p_TCGAb_379_400_FFPE_NSP_GenomeWideSNP_6_B01_1513238	14	20483627	22737977	1651	0.0274
TAKEN_p_TCGAb_379_400_FFPE_NSP_GenomeWideSNP_6_B01_1513238	14	22738051	22738064	2	-0.9539
TAKEN_p_TCGAb_379_400_FFPE_NSP_GenomeWideSNP_6_B01_1513238	14	22738105	26783903	2684	0.0135
TAKEN_p_TCGAb_379_400_FFPE_NSP_GenomeWideSNP_6_B01_1513238	14	26783911	26783918	7	0.6871
TAKEN_p_TCGAb_379_400_FFPE_NSP_GenomeWideSNP_6_B01_1513238	14	26784913	107160325	50961	0.0046
TAKEN_p_TCGAb_379_400_FFPE_NSP_GenomeWideSNP_6_B01_1513238	14	107160399	107177994	15	0.6129
TAKEN_p_TCGAb_379_400_FFPE_NSP_GenomeWideSNP_6_B01_1513238	14	107178457	107285437	74	-0.0077
TAKEN_p_TCGAb_379_400_FFPE_NSP_GenomeWideSNP_6_B01_1513238	15	20016328	20216955	49	0.0439
TAKEN_p_TCGAb_379_400_FFPE_NSP_GenomeWideSNP_6_B01_1513238	15	20231906	21201536	230	0.2232
TAKEN_p_TCGAb_379_400_FFPE_NSP_GenomeWideSNP_6_B01_1513238	15	21210772	21905757	14	0.7821
TAKEN_p_TCGAb_379_400_FFPE_NSP_GenomeWideSNP_6_B01_1513238	15	21909018	22293227	20	0.2376
TAKEN_p_TCGAb_379_400_FFPE_NSP_GenomeWideSNP_6_B01_1513238	15	22302006	22587474	108	-0.2343
TAKEN_p_TCGAb_379_400_FFPE_NSP_GenomeWideSNP_6_B01_1513238	15	22673399	27918623	3396	0.0053
TAKEN_p_TCGAb_379_400_FFPE_NSP_GenomeWideSNP_6_B01_1513238	15	27919497	27927806	13	-0.7414
TAKEN_p_TCGAb_379_400_FFPE_NSP_GenomeWideSNP_6_B01_1513238	15	27928794	102469040	48252	3e-04
TAKEN_p_TCGAb_379_400_FFPE_NSP_GenomeWideSNP_6_B01_1513238	16	60777	6824493	4149	-0.0089
TAKEN_p_TCGAb_379_400_FFPE_NSP_GenomeWideSNP_6_B01_1513238	16	6824823	6827654	6	-1.0041
TAKEN_p_TCGAb_379_400_FFPE_NSP_GenomeWideSNP_6_B01_1513238	16	6827916	18069548	8562	-0.0035
TAKEN_p_TCGAb_379_400_FFPE_NSP_GenomeWideSNP_6_B01_1513238	16	18070748	18075148	6	-1.2018
TAKEN_p_TCGAb_379_400_FFPE_NSP_GenomeWideSNP_6_B01_1513238	16	18078683	32474933	7423	0.0064
TAKEN_p_TCGAb_379_400_FFPE_NSP_GenomeWideSNP_6_B01_1513238	16	32482955	32588619	22	0.29
TAKEN_p_TCGAb_379_400_FFPE_NSP_GenomeWideSNP_6_B01_1513238	16	32588621	32588909	7	0.8274
TAKEN_p_TCGAb_379_400_FFPE_NSP_GenomeWideSNP_6_B01_1513238	16	32609274	32957287	68	0.2004
TAKEN_p_TCGAb_379_400_FFPE_NSP_GenomeWideSNP_6_B01_1513238	16	33002830	33241953	9	-0.1919
TAKEN_p_TCGAb_379_400_FFPE_NSP_GenomeWideSNP_6_B01_1513238	16	33300894	33587671	66	0.2948
TAKEN_p_TCGAb_379_400_FFPE_NSP_GenomeWideSNP_6_B01_1513238	16	33588024	33625308	21	0.7386
TAKEN_p_TCGAb_379_400_FFPE_NSP_GenomeWideSNP_6_B01_1513238	16	33627826	33648479	8	0.2998
TAKEN_p_TCGAb_379_400_FFPE_NSP_GenomeWideSNP_6_B01_1513238	16	33654540	51446763	3476	-2e-04
TAKEN_p_TCGAb_379_400_FFPE_NSP_GenomeWideSNP_6_B01_1513238	16	51448932	51449007	2	1.4979
TAKEN_p_TCGAb_379_400_FFPE_NSP_GenomeWideSNP_6_B01_1513238	16	51449451	55795214	3510	-0.0024
TAKEN_p_TCGAb_379_400_FFPE_NSP_GenomeWideSNP_6_B01_1513238	16	55796389	55816646	18	-1.1244
TAKEN_p_TCGAb_379_400_FFPE_NSP_GenomeWideSNP_6_B01_1513238	16	55816705	55842382	8	-0.1732
TAKEN_p_TCGAb_379_400_FFPE_NSP_GenomeWideSNP_6_B01_1513238	16	55842456	55856354	10	0.6066
TAKEN_p_TCGAb_379_400_FFPE_NSP_GenomeWideSNP_6_B01_1513238	16	55856860	73425074	10454	0.0102
TAKEN_p_TCGAb_379_400_FFPE_NSP_GenomeWideSNP_6_B01_1513238	16	73425760	73445106	21	-0.3568
TAKEN_p_TCGAb_379_400_FFPE_NSP_GenomeWideSNP_6_B01_1513238	16	73445247	74359878	715	0.0165
TAKEN_p_TCGAb_379_400_FFPE_NSP_GenomeWideSNP_6_B01_1513238	16	74364023	74465514	17	-0.3788
TAKEN_p_TCGAb_379_400_FFPE_NSP_GenomeWideSNP_6_B01_1513238	16	74466566	78371608	3210	0.0031
TAKEN_p_TCGAb_379_400_FFPE_NSP_GenomeWideSNP_6_B01_1513238	16	78372440	78383140	15	0.8047
TAKEN_p_TCGAb_379_400_FFPE_NSP_GenomeWideSNP_6_B01_1513238	16	78384738	80900186	2956	-0.0132
TAKEN_p_TCGAb_379_400_FFPE_NSP_GenomeWideSNP_6_B01_1513238	16	80902859	80913669	13	-0.8973
TAKEN_p_TCGAb_379_400_FFPE_NSP_GenomeWideSNP_6_B01_1513238	16	80916806	90287535	7680	-0.0129
TAKEN_p_TCGAb_379_400_FFPE_NSP_GenomeWideSNP_6_B01_1513238	17	526	55661	27	-0.0317
TAKEN_p_TCGAb_379_400_FFPE_NSP_GenomeWideSNP_6_B01_1513238	17	59064	60531	7	-0.6872
TAKEN_p_TCGAb_379_400_FFPE_NSP_GenomeWideSNP_6_B01_1513238	17	65221	2311629	1124	-0.0124
TAKEN_p_TCGAb_379_400_FFPE_NSP_GenomeWideSNP_6_B01_1513238	17	2312354	2312374	4	-1.0033
TAKEN_p_TCGAb_379_400_FFPE_NSP_GenomeWideSNP_6_B01_1513238	17	2316528	34436708	17237	0.0026
TAKEN_p_TCGAb_379_400_FFPE_NSP_GenomeWideSNP_6_B01_1513238	17	34437128	34629696	42	0.9942
TAKEN_p_TCGAb_379_400_FFPE_NSP_GenomeWideSNP_6_B01_1513238	17	34816256	39380430	2521	0.0048
TAKEN_p_TCGAb_379_400_FFPE_NSP_GenomeWideSNP_6_B01_1513238	17	39387560	39390276	4	-3.4433
TAKEN_p_TCGAb_379_400_FFPE_NSP_GenomeWideSNP_6_B01_1513238	17	39393769	39421708	13	-0.0239
TAKEN_p_TCGAb_379_400_FFPE_NSP_GenomeWideSNP_6_B01_1513238	17	39423014	39430531	24	1.029
TAKEN_p_TCGAb_379_400_FFPE_NSP_GenomeWideSNP_6_B01_1513238	17	39432724	39666594	243	0.0274
TAKEN_p_TCGAb_379_400_FFPE_NSP_GenomeWideSNP_6_B01_1513238	17	39667177	39688599	19	0.6457
TAKEN_p_TCGAb_379_400_FFPE_NSP_GenomeWideSNP_6_B01_1513238	17	39697064	42370801	1358	0.0096
TAKEN_p_TCGAb_379_400_FFPE_NSP_GenomeWideSNP_6_B01_1513238	17	42373650	42374666	3	-0.9681
TAKEN_p_TCGAb_379_400_FFPE_NSP_GenomeWideSNP_6_B01_1513238	17	42375563	44647143	1039	-0.0067
TAKEN_p_TCGAb_379_400_FFPE_NSP_GenomeWideSNP_6_B01_1513238	17	44647260	44648367	2	2.1776
TAKEN_p_TCGAb_379_400_FFPE_NSP_GenomeWideSNP_6_B01_1513238	17	44653397	65395076	12247	0.0048
TAKEN_p_TCGAb_379_400_FFPE_NSP_GenomeWideSNP_6_B01_1513238	17	65397000	65397002	2	-1.4842
TAKEN_p_TCGAb_379_400_FFPE_NSP_GenomeWideSNP_6_B01_1513238	17	65397599	67957688	1553	0.0019
TAKEN_p_TCGAb_379_400_FFPE_NSP_GenomeWideSNP_6_B01_1513238	17	67957712	67961804	5	-0.7207
TAKEN_p_TCGAb_379_400_FFPE_NSP_GenomeWideSNP_6_B01_1513238	17	67961820	70789650	2298	0.0056
TAKEN_p_TCGAb_379_400_FFPE_NSP_GenomeWideSNP_6_B01_1513238	17	70792557	70794462	4	-1.4132
TAKEN_p_TCGAb_379_400_FFPE_NSP_GenomeWideSNP_6_B01_1513238	17	70795935	81049726	5535	0.001
TAKEN_p_TCGAb_379_400_FFPE_NSP_GenomeWideSNP_6_B01_1513238	18	11543	55672537	34598	0.0026
TAKEN_p_TCGAb_379_400_FFPE_NSP_GenomeWideSNP_6_B01_1513238	18	55673550	55674069	2	-1.337
TAKEN_p_TCGAb_379_400_FFPE_NSP_GenomeWideSNP_6_B01_1513238	18	55674109	56120654	346	0.0016
TAKEN_p_TCGAb_379_400_FFPE_NSP_GenomeWideSNP_6_B01_1513238	18	56121049	56121803	3	-1.1365
TAKEN_p_TCGAb_379_400_FFPE_NSP_GenomeWideSNP_6_B01_1513238	18	56122507	63762300	5501	0.0056
TAKEN_p_TCGAb_379_400_FFPE_NSP_GenomeWideSNP_6_B01_1513238	18	63767140	63767922	3	-2.8376
TAKEN_p_TCGAb_379_400_FFPE_NSP_GenomeWideSNP_6_B01_1513238	18	63775595	78015057	10387	0.0118
TAKEN_p_TCGAb_379_400_FFPE_NSP_GenomeWideSNP_6_B01_1513238	19	90910	8334939	2933	0.0129
TAKEN_p_TCGAb_379_400_FFPE_NSP_GenomeWideSNP_6_B01_1513238	19	8350197	8378870	11	0.5293
TAKEN_p_TCGAb_379_400_FFPE_NSP_GenomeWideSNP_6_B01_1513238	19	8378891	21747815	6691	0.0108
TAKEN_p_TCGAb_379_400_FFPE_NSP_GenomeWideSNP_6_B01_1513238	19	21751790	21752049	4	-1.6339
TAKEN_p_TCGAb_379_400_FFPE_NSP_GenomeWideSNP_6_B01_1513238	19	21753844	40374809	9518	0.0081
TAKEN_p_TCGAb_379_400_FFPE_NSP_GenomeWideSNP_6_B01_1513238	19	40374820	40393821	13	0.775
TAKEN_p_TCGAb_379_400_FFPE_NSP_GenomeWideSNP_6_B01_1513238	19	40404633	42689009	1171	0.016
TAKEN_p_TCGAb_379_400_FFPE_NSP_GenomeWideSNP_6_B01_1513238	19	42696015	42696698	2	-1.232
TAKEN_p_TCGAb_379_400_FFPE_NSP_GenomeWideSNP_6_B01_1513238	19	42700528	43315611	250	0.0052
TAKEN_p_TCGAb_379_400_FFPE_NSP_GenomeWideSNP_6_B01_1513238	19	43321137	43740965	198	-1.0105
TAKEN_p_TCGAb_379_400_FFPE_NSP_GenomeWideSNP_6_B01_1513238	19	43753301	50585888	3324	0.0119
TAKEN_p_TCGAb_379_400_FFPE_NSP_GenomeWideSNP_6_B01_1513238	19	50592114	50592124	2	-1.2399
TAKEN_p_TCGAb_379_400_FFPE_NSP_GenomeWideSNP_6_B01_1513238	19	50592237	52131813	848	0.0156
TAKEN_p_TCGAb_379_400_FFPE_NSP_GenomeWideSNP_6_B01_1513238	19	52142352	52148197	11	-0.9748
TAKEN_p_TCGAb_379_400_FFPE_NSP_GenomeWideSNP_6_B01_1513238	19	52154905	55297883	2056	-0.0036
TAKEN_p_TCGAb_379_400_FFPE_NSP_GenomeWideSNP_6_B01_1513238	19	55298580	55333827	18	-1.3696
TAKEN_p_TCGAb_379_400_FFPE_NSP_GenomeWideSNP_6_B01_1513238	19	55333884	56278050	457	-0.0098
TAKEN_p_TCGAb_379_400_FFPE_NSP_GenomeWideSNP_6_B01_1513238	19	56282070	56283067	5	0.8109
TAKEN_p_TCGAb_379_400_FFPE_NSP_GenomeWideSNP_6_B01_1513238	19	56286293	59097854	1850	0.0207
TAKEN_p_TCGAb_379_400_FFPE_NSP_GenomeWideSNP_6_B01_1513238	20	61305	1552503	1186	0.0037
TAKEN_p_TCGAb_379_400_FFPE_NSP_GenomeWideSNP_6_B01_1513238	20	1557190	1560999	21	-2.5059
TAKEN_p_TCGAb_379_400_FFPE_NSP_GenomeWideSNP_6_B01_1513238	20	1561580	1582207	36	-0.3041
TAKEN_p_TCGAb_379_400_FFPE_NSP_GenomeWideSNP_6_B01_1513238	20	1590257	1593849	4	2.8459
TAKEN_p_TCGAb_379_400_FFPE_NSP_GenomeWideSNP_6_B01_1513238	20	1593893	53695721	34703	0.0051
TAKEN_p_TCGAb_379_400_FFPE_NSP_GenomeWideSNP_6_B01_1513238	20	53697406	53701999	3	-2.0265
TAKEN_p_TCGAb_379_400_FFPE_NSP_GenomeWideSNP_6_B01_1513238	20	53702129	62956153	6555	0.0056
TAKEN_p_TCGAb_379_400_FFPE_NSP_GenomeWideSNP_6_B01_1513238	21	10736871	10956147	41	-0.2056
TAKEN_p_TCGAb_379_400_FFPE_NSP_GenomeWideSNP_6_B01_1513238	21	10956149	14464379	93	0.1612
TAKEN_p_TCGAb_379_400_FFPE_NSP_GenomeWideSNP_6_B01_1513238	21	14467359	14549965	14	-0.4645
TAKEN_p_TCGAb_379_400_FFPE_NSP_GenomeWideSNP_6_B01_1513238	21	14560710	31638959	12409	0.0139
TAKEN_p_TCGAb_379_400_FFPE_NSP_GenomeWideSNP_6_B01_1513238	21	31640228	31643037	6	-1.0337
TAKEN_p_TCGAb_379_400_FFPE_NSP_GenomeWideSNP_6_B01_1513238	21	31650579	40688365	6655	0.0015
TAKEN_p_TCGAb_379_400_FFPE_NSP_GenomeWideSNP_6_B01_1513238	21	40693490	40693623	2	-1.6484
TAKEN_p_TCGAb_379_400_FFPE_NSP_GenomeWideSNP_6_B01_1513238	21	40695775	45238052	3583	-2e-04
TAKEN_p_TCGAb_379_400_FFPE_NSP_GenomeWideSNP_6_B01_1513238	21	45239078	45240137	4	-1.3964
TAKEN_p_TCGAb_379_400_FFPE_NSP_GenomeWideSNP_6_B01_1513238	21	45244721	48096957	1619	-0.0203
TAKEN_p_TCGAb_379_400_FFPE_NSP_GenomeWideSNP_6_B01_1513238	22	16052528	21572214	2856	-0.0039
TAKEN_p_TCGAb_379_400_FFPE_NSP_GenomeWideSNP_6_B01_1513238	22	21595029	21595178	2	1.3283
TAKEN_p_TCGAb_379_400_FFPE_NSP_GenomeWideSNP_6_B01_1513238	22	21607084	21708030	3	0.3412
TAKEN_p_TCGAb_379_400_FFPE_NSP_GenomeWideSNP_6_B01_1513238	22	21708108	21845067	39	-0.2852
TAKEN_p_TCGAb_379_400_FFPE_NSP_GenomeWideSNP_6_B01_1513238	22	21845294	22468619	401	-0.0184
TAKEN_p_TCGAb_379_400_FFPE_NSP_GenomeWideSNP_6_B01_1513238	22	22473918	22481498	7	-0.8059
TAKEN_p_TCGAb_379_400_FFPE_NSP_GenomeWideSNP_6_B01_1513238	22	22484778	23027928	475	-0.0403
TAKEN_p_TCGAb_379_400_FFPE_NSP_GenomeWideSNP_6_B01_1513238	22	23031351	23085622	37	-0.9678
TAKEN_p_TCGAb_379_400_FFPE_NSP_GenomeWideSNP_6_B01_1513238	22	23090879	24271745	771	-0.0141
TAKEN_p_TCGAb_379_400_FFPE_NSP_GenomeWideSNP_6_B01_1513238	22	24283016	24301635	14	-0.6393
TAKEN_p_TCGAb_379_400_FFPE_NSP_GenomeWideSNP_6_B01_1513238	22	24311231	51234455	18973	-0.0025
TAKEN_p_TCGAb_379_400_FFPE_NSP_GenomeWideSNP_6_B01_1513238	X	168477	15506966	9567	0.0022
TAKEN_p_TCGAb_379_400_FFPE_NSP_GenomeWideSNP_6_B01_1513238	X	15509089	15509189	2	-1.2643
TAKEN_p_TCGAb_379_400_FFPE_NSP_GenomeWideSNP_6_B01_1513238	X	15509688	26363146	6566	-5e-04
TAKEN_p_TCGAb_379_400_FFPE_NSP_GenomeWideSNP_6_B01_1513238	X	26364020	26366171	3	-1.4933
TAKEN_p_TCGAb_379_400_FFPE_NSP_GenomeWideSNP_6_B01_1513238	X	26367233	32983945	4466	0.0111
TAKEN_p_TCGAb_379_400_FFPE_NSP_GenomeWideSNP_6_B01_1513238	X	32987454	32988258	3	-2.3507
TAKEN_p_TCGAb_379_400_FFPE_NSP_GenomeWideSNP_6_B01_1513238	X	32990039	109938564	37311	0.0041
TAKEN_p_TCGAb_379_400_FFPE_NSP_GenomeWideSNP_6_B01_1513238	X	109938680	109940577	6	-1.2243
TAKEN_p_TCGAb_379_400_FFPE_NSP_GenomeWideSNP_6_B01_1513238	X	109942620	110812817	482	0.0065
TAKEN_p_TCGAb_379_400_FFPE_NSP_GenomeWideSNP_6_B01_1513238	X	110815347	110824180	5	0.559
TAKEN_p_TCGAb_379_400_FFPE_NSP_GenomeWideSNP_6_B01_1513238	X	110825395	111828313	557	-0.0058
TAKEN_p_TCGAb_379_400_FFPE_NSP_GenomeWideSNP_6_B01_1513238	X	111842738	111845434	4	-1.1009
TAKEN_p_TCGAb_379_400_FFPE_NSP_GenomeWideSNP_6_B01_1513238	X	111851546	118083845	3715	-3e-04
TAKEN_p_TCGAb_379_400_FFPE_NSP_GenomeWideSNP_6_B01_1513238	X	118086257	118086260	2	-1.4631
TAKEN_p_TCGAb_379_400_FFPE_NSP_GenomeWideSNP_6_B01_1513238	X	118086618	119028188	577	0.0014
TAKEN_p_TCGAb_379_400_FFPE_NSP_GenomeWideSNP_6_B01_1513238	X	119035144	119057291	14	0.4944
TAKEN_p_TCGAb_379_400_FFPE_NSP_GenomeWideSNP_6_B01_1513238	X	119070874	130397317	6568	0.0108
TAKEN_p_TCGAb_379_400_FFPE_NSP_GenomeWideSNP_6_B01_1513238	X	130400397	130400414	2	-1.1663
TAKEN_p_TCGAb_379_400_FFPE_NSP_GenomeWideSNP_6_B01_1513238	X	130405134	131836112	791	-0.0138
TAKEN_p_TCGAb_379_400_FFPE_NSP_GenomeWideSNP_6_B01_1513238	X	131837066	131837079	2	1.3477
TAKEN_p_TCGAb_379_400_FFPE_NSP_GenomeWideSNP_6_B01_1513238	X	131838176	134256044	1193	0.0011
TAKEN_p_TCGAb_379_400_FFPE_NSP_GenomeWideSNP_6_B01_1513238	X	134296638	134297154	3	-1.0756
TAKEN_p_TCGAb_379_400_FFPE_NSP_GenomeWideSNP_6_B01_1513238	X	134300033	134537185	110	-0.0431
TAKEN_p_TCGAb_379_400_FFPE_NSP_GenomeWideSNP_6_B01_1513238	X	134537609	134537928	2	-1.513
TAKEN_p_TCGAb_379_400_FFPE_NSP_GenomeWideSNP_6_B01_1513238	X	134540546	155182354	12677	0.0029
TAKEN_p_TCGAb_379_400_FFPE_NSP_GenomeWideSNP_6_B01_1513238	Y	2650438	2974832	148	-3.3457
TAKEN_p_TCGAb_379_400_FFPE_NSP_GenomeWideSNP_6_B01_1513238	Y	2974958	6101380	719	-2.6372
TAKEN_p_TCGAb_379_400_FFPE_NSP_GenomeWideSNP_6_B01_1513238	Y	6101396	6400537	123	-3.7489
TAKEN_p_TCGAb_379_400_FFPE_NSP_GenomeWideSNP_6_B01_1513238	Y	6407690	6532106	39	-2.9256
TAKEN_p_TCGAb_379_400_FFPE_NSP_GenomeWideSNP_6_B01_1513238	Y	6537454	6583358	10	-1.5322
TAKEN_p_TCGAb_379_400_FFPE_NSP_GenomeWideSNP_6_B01_1513238	Y	6588027	7524972	450	-3.2662
TAKEN_p_TCGAb_379_400_FFPE_NSP_GenomeWideSNP_6_B01_1513238	Y	7525227	9651430	1086	-3.5661
TAKEN_p_TCGAb_379_400_FFPE_NSP_GenomeWideSNP_6_B01_1513238	Y	9653751	15024621	747	-3.2368
TAKEN_p_TCGAb_379_400_FFPE_NSP_GenomeWideSNP_6_B01_1513238	Y	15026424	15030682	4	-6.6953
TAKEN_p_TCGAb_379_400_FFPE_NSP_GenomeWideSNP_6_B01_1513238	Y	15030817	26432667	4660	-3.3948
TAKEN_p_TCGAb_379_400_FFPE_NSP_GenomeWideSNP_6_B01_1513238	Y	26433358	26469059	15	-1.0837
TAKEN_p_TCGAb_379_400_FFPE_NSP_GenomeWideSNP_6_B01_1513238	Y	26473956	27367487	104	-3.6582
TAKEN_p_TCGAb_379_400_FFPE_NSP_GenomeWideSNP_6_B01_1513238	Y	27436702	27529084	34	-2.1456
TAKEN_p_TCGAb_379_400_FFPE_NSP_GenomeWideSNP_6_B01_1513238	Y	27535030	27609970	27	-3.6282
TAKEN_p_TCGAb_379_400_FFPE_NSP_GenomeWideSNP_6_B01_1513238	Y	27614313	27629134	3	-0.9812
TAKEN_p_TCGAb_379_400_FFPE_NSP_GenomeWideSNP_6_B01_1513238	Y	27629348	27630196	2	-4.8119
TAKEN_p_TCGAb_379_400_FFPE_NSP_GenomeWideSNP_6_B01_1513238	Y	27635821	27718290	25	-2.7424
TAKEN_p_TCGAb_379_400_FFPE_NSP_GenomeWideSNP_6_B01_1513238	Y	27720551	28457337	260	-3.4902
TAKEN_p_TCGAb_379_400_FFPE_NSP_GenomeWideSNP_6_B01_1513238	Y	28458648	28572576	38	-2.9463
TAKEN_p_TCGAb_379_400_FFPE_NSP_GenomeWideSNP_6_B01_1513238	Y	28573025	28577118	4	-0.7742
TAKEN_p_TCGAb_379_400_FFPE_NSP_GenomeWideSNP_6_B01_1513238	Y	28577492	59018259	133	-2.7896
