Sample	Chromosome	Start	End	Num_Probes	Segment_Mean
TAKEN_p_TCGAb_379_400_FFPE_NSP_GenomeWideSNP_6_B12_1513302	1	61735	404171	30	0.3834
TAKEN_p_TCGAb_379_400_FFPE_NSP_GenomeWideSNP_6_B12_1513302	1	534551	17011510	8734	-0.3864
TAKEN_p_TCGAb_379_400_FFPE_NSP_GenomeWideSNP_6_B12_1513302	1	17011560	17012785	11	-0.9639
TAKEN_p_TCGAb_379_400_FFPE_NSP_GenomeWideSNP_6_B12_1513302	1	17016177	17017078	5	-0.1559
TAKEN_p_TCGAb_379_400_FFPE_NSP_GenomeWideSNP_6_B12_1513302	1	17017530	17056457	18	-1.0991
TAKEN_p_TCGAb_379_400_FFPE_NSP_GenomeWideSNP_6_B12_1513302	1	17076467	17190862	24	-0.4138
TAKEN_p_TCGAb_379_400_FFPE_NSP_GenomeWideSNP_6_B12_1513302	1	17195155	17286210	67	-0.9852
TAKEN_p_TCGAb_379_400_FFPE_NSP_GenomeWideSNP_6_B12_1513302	1	17286319	25583341	5264	-0.3778
TAKEN_p_TCGAb_379_400_FFPE_NSP_GenomeWideSNP_6_B12_1513302	1	25593128	25596405	4	-1.7113
TAKEN_p_TCGAb_379_400_FFPE_NSP_GenomeWideSNP_6_B12_1513302	1	25600305	26848351	588	-0.37
TAKEN_p_TCGAb_379_400_FFPE_NSP_GenomeWideSNP_6_B12_1513302	1	26848386	26850295	3	-1.5115
TAKEN_p_TCGAb_379_400_FFPE_NSP_GenomeWideSNP_6_B12_1513302	1	26861106	30732380	1827	-0.374
TAKEN_p_TCGAb_379_400_FFPE_NSP_GenomeWideSNP_6_B12_1513302	1	30734036	30741496	10	-1.1896
TAKEN_p_TCGAb_379_400_FFPE_NSP_GenomeWideSNP_6_B12_1513302	1	30741656	41022076	5761	-0.3702
TAKEN_p_TCGAb_379_400_FFPE_NSP_GenomeWideSNP_6_B12_1513302	1	41027850	41028210	3	-2.7238
TAKEN_p_TCGAb_379_400_FFPE_NSP_GenomeWideSNP_6_B12_1513302	1	41028926	55721319	8322	-0.341
TAKEN_p_TCGAb_379_400_FFPE_NSP_GenomeWideSNP_6_B12_1513302	1	55723441	55724299	7	-1.2598
TAKEN_p_TCGAb_379_400_FFPE_NSP_GenomeWideSNP_6_B12_1513302	1	55729368	64961539	6960	-0.3744
TAKEN_p_TCGAb_379_400_FFPE_NSP_GenomeWideSNP_6_B12_1513302	1	64964542	64964558	2	-2.3301
TAKEN_p_TCGAb_379_400_FFPE_NSP_GenomeWideSNP_6_B12_1513302	1	64964791	66507642	1232	-0.3562
TAKEN_p_TCGAb_379_400_FFPE_NSP_GenomeWideSNP_6_B12_1513302	1	66509014	66509114	2	-2.1164
TAKEN_p_TCGAb_379_400_FFPE_NSP_GenomeWideSNP_6_B12_1513302	1	66511404	71187649	3180	-0.3519
TAKEN_p_TCGAb_379_400_FFPE_NSP_GenomeWideSNP_6_B12_1513302	1	71188034	71191479	5	0.2736
TAKEN_p_TCGAb_379_400_FFPE_NSP_GenomeWideSNP_6_B12_1513302	1	71191807	71195538	4	-0.4833
TAKEN_p_TCGAb_379_400_FFPE_NSP_GenomeWideSNP_6_B12_1513302	1	71196153	71200049	2	0.7263
TAKEN_p_TCGAb_379_400_FFPE_NSP_GenomeWideSNP_6_B12_1513302	1	71205376	72763370	944	-0.377
TAKEN_p_TCGAb_379_400_FFPE_NSP_GenomeWideSNP_6_B12_1513302	1	72768418	72811133	47	0.271
TAKEN_p_TCGAb_379_400_FFPE_NSP_GenomeWideSNP_6_B12_1513302	1	72811148	99725473	17358	-0.3699
TAKEN_p_TCGAb_379_400_FFPE_NSP_GenomeWideSNP_6_B12_1513302	1	99732163	99981445	179	0.038
TAKEN_p_TCGAb_379_400_FFPE_NSP_GenomeWideSNP_6_B12_1513302	1	99981788	100252217	202	0.3298
TAKEN_p_TCGAb_379_400_FFPE_NSP_GenomeWideSNP_6_B12_1513302	1	100258894	100356278	74	-0.0187
TAKEN_p_TCGAb_379_400_FFPE_NSP_GenomeWideSNP_6_B12_1513302	1	100357452	104163499	2272	-0.3602
TAKEN_p_TCGAb_379_400_FFPE_NSP_GenomeWideSNP_6_B12_1513302	1	104163787	104261206	25	0.3287
TAKEN_p_TCGAb_379_400_FFPE_NSP_GenomeWideSNP_6_B12_1513302	1	104268222	106550857	1271	-0.3519
TAKEN_p_TCGAb_379_400_FFPE_NSP_GenomeWideSNP_6_B12_1513302	1	106551370	106770954	156	0.0258
TAKEN_p_TCGAb_379_400_FFPE_NSP_GenomeWideSNP_6_B12_1513302	1	106771203	107640388	583	0.5608
TAKEN_p_TCGAb_379_400_FFPE_NSP_GenomeWideSNP_6_B12_1513302	1	107640834	107645245	2	-0.9046
TAKEN_p_TCGAb_379_400_FFPE_NSP_GenomeWideSNP_6_B12_1513302	1	107645761	108729759	867	0.6087
TAKEN_p_TCGAb_379_400_FFPE_NSP_GenomeWideSNP_6_B12_1513302	1	108734235	108737496	3	-0.7636
TAKEN_p_TCGAb_379_400_FFPE_NSP_GenomeWideSNP_6_B12_1513302	1	108739104	110197201	700	0.7051
TAKEN_p_TCGAb_379_400_FFPE_NSP_GenomeWideSNP_6_B12_1513302	1	110201580	110227515	24	0.1058
TAKEN_p_TCGAb_379_400_FFPE_NSP_GenomeWideSNP_6_B12_1513302	1	110232974	110240178	17	-1.2531
TAKEN_p_TCGAb_379_400_FFPE_NSP_GenomeWideSNP_6_B12_1513302	1	110242953	111379065	848	0.3719
TAKEN_p_TCGAb_379_400_FFPE_NSP_GenomeWideSNP_6_B12_1513302	1	111379138	111863624	428	0.7575
TAKEN_p_TCGAb_379_400_FFPE_NSP_GenomeWideSNP_6_B12_1513302	1	111863942	112478366	476	0.0662
TAKEN_p_TCGAb_379_400_FFPE_NSP_GenomeWideSNP_6_B12_1513302	1	112478444	112494374	13	0.4864
TAKEN_p_TCGAb_379_400_FFPE_NSP_GenomeWideSNP_6_B12_1513302	1	112494845	112510932	15	0.0784
TAKEN_p_TCGAb_379_400_FFPE_NSP_GenomeWideSNP_6_B12_1513302	1	112510968	112538477	21	0.4845
TAKEN_p_TCGAb_379_400_FFPE_NSP_GenomeWideSNP_6_B12_1513302	1	112538743	117194086	3069	0.0622
TAKEN_p_TCGAb_379_400_FFPE_NSP_GenomeWideSNP_6_B12_1513302	1	117194198	117200404	4	-1.0097
TAKEN_p_TCGAb_379_400_FFPE_NSP_GenomeWideSNP_6_B12_1513302	1	117206336	121340237	2290	0.0632
TAKEN_p_TCGAb_379_400_FFPE_NSP_GenomeWideSNP_6_B12_1513302	1	121343796	152555706	2862	0.5687
TAKEN_p_TCGAb_379_400_FFPE_NSP_GenomeWideSNP_6_B12_1513302	1	152555767	152586540	32	1.7252
TAKEN_p_TCGAb_379_400_FFPE_NSP_GenomeWideSNP_6_B12_1513302	1	152586576	152759678	173	0.6405
TAKEN_p_TCGAb_379_400_FFPE_NSP_GenomeWideSNP_6_B12_1513302	1	152761923	152768700	37	-1.875
TAKEN_p_TCGAb_379_400_FFPE_NSP_GenomeWideSNP_6_B12_1513302	1	152773905	155180466	1342	0.6227
TAKEN_p_TCGAb_379_400_FFPE_NSP_GenomeWideSNP_6_B12_1513302	1	155189160	155201064	11	1.3023
TAKEN_p_TCGAb_379_400_FFPE_NSP_GenomeWideSNP_6_B12_1513302	1	155211667	155661227	203	0.5772
TAKEN_p_TCGAb_379_400_FFPE_NSP_GenomeWideSNP_6_B12_1513302	1	155661971	155663357	2	-1.9852
TAKEN_p_TCGAb_379_400_FFPE_NSP_GenomeWideSNP_6_B12_1513302	1	155666961	179323738	16414	0.6071
TAKEN_p_TCGAb_379_400_FFPE_NSP_GenomeWideSNP_6_B12_1513302	1	179330528	179333315	4	-0.8044
TAKEN_p_TCGAb_379_400_FFPE_NSP_GenomeWideSNP_6_B12_1513302	1	179339206	193155792	9177	0.5906
TAKEN_p_TCGAb_379_400_FFPE_NSP_GenomeWideSNP_6_B12_1513302	1	193156279	193156348	4	-0.4291
TAKEN_p_TCGAb_379_400_FFPE_NSP_GenomeWideSNP_6_B12_1513302	1	193159723	196714873	2404	0.5987
TAKEN_p_TCGAb_379_400_FFPE_NSP_GenomeWideSNP_6_B12_1513302	1	196727850	196771280	47	1.1622
TAKEN_p_TCGAb_379_400_FFPE_NSP_GenomeWideSNP_6_B12_1513302	1	196783626	196802072	46	0.7408
TAKEN_p_TCGAb_379_400_FFPE_NSP_GenomeWideSNP_6_B12_1513302	1	196812507	196901753	67	0.0807
TAKEN_p_TCGAb_379_400_FFPE_NSP_GenomeWideSNP_6_B12_1513302	1	196905159	199107702	1316	0.6207
TAKEN_p_TCGAb_379_400_FFPE_NSP_GenomeWideSNP_6_B12_1513302	1	199111363	199113840	9	-1.4027
TAKEN_p_TCGAb_379_400_FFPE_NSP_GenomeWideSNP_6_B12_1513302	1	199114238	248749194	34408	0.6099
TAKEN_p_TCGAb_379_400_FFPE_NSP_GenomeWideSNP_6_B12_1513302	1	248749219	248805339	33	0.2114
TAKEN_p_TCGAb_379_400_FFPE_NSP_GenomeWideSNP_6_B12_1513302	1	248808557	249224388	144	0.5988
TAKEN_p_TCGAb_379_400_FFPE_NSP_GenomeWideSNP_6_B12_1513302	2	12784	53248330	37662	0.0511
TAKEN_p_TCGAb_379_400_FFPE_NSP_GenomeWideSNP_6_B12_1513302	2	53250235	53250786	3	-1.3228
TAKEN_p_TCGAb_379_400_FFPE_NSP_GenomeWideSNP_6_B12_1513302	2	53254100	55322895	1568	0.0632
TAKEN_p_TCGAb_379_400_FFPE_NSP_GenomeWideSNP_6_B12_1513302	2	55324288	55340812	41	-0.7115
TAKEN_p_TCGAb_379_400_FFPE_NSP_GenomeWideSNP_6_B12_1513302	2	55343705	89343987	20812	0.0512
TAKEN_p_TCGAb_379_400_FFPE_NSP_GenomeWideSNP_6_B12_1513302	2	89355435	89355446	2	-2.0786
TAKEN_p_TCGAb_379_400_FFPE_NSP_GenomeWideSNP_6_B12_1513302	2	89358038	132083849	21580	0.0519
TAKEN_p_TCGAb_379_400_FFPE_NSP_GenomeWideSNP_6_B12_1513302	2	132093032	132096439	7	-1.1172
TAKEN_p_TCGAb_379_400_FFPE_NSP_GenomeWideSNP_6_B12_1513302	2	132097319	146864429	9231	0.0471
TAKEN_p_TCGAb_379_400_FFPE_NSP_GenomeWideSNP_6_B12_1513302	2	146864443	146866934	22	0.8947
TAKEN_p_TCGAb_379_400_FFPE_NSP_GenomeWideSNP_6_B12_1513302	2	146877806	243089456	59178	0.0504
TAKEN_p_TCGAb_379_400_FFPE_NSP_GenomeWideSNP_6_B12_1513302	3	60345	1916976	1687	0.0507
TAKEN_p_TCGAb_379_400_FFPE_NSP_GenomeWideSNP_6_B12_1513302	3	1918149	1922965	6	-6.2967
TAKEN_p_TCGAb_379_400_FFPE_NSP_GenomeWideSNP_6_B12_1513302	3	1925064	16239063	11247	0.0539
TAKEN_p_TCGAb_379_400_FFPE_NSP_GenomeWideSNP_6_B12_1513302	3	16240556	16241179	6	-4.0362
TAKEN_p_TCGAb_379_400_FFPE_NSP_GenomeWideSNP_6_B12_1513302	3	16241325	25489318	6227	0.0537
TAKEN_p_TCGAb_379_400_FFPE_NSP_GenomeWideSNP_6_B12_1513302	3	25490644	25490724	5	-0.6834
TAKEN_p_TCGAb_379_400_FFPE_NSP_GenomeWideSNP_6_B12_1513302	3	25495185	41773207	11077	0.0654
TAKEN_p_TCGAb_379_400_FFPE_NSP_GenomeWideSNP_6_B12_1513302	3	41780147	41788492	7	-0.9098
TAKEN_p_TCGAb_379_400_FFPE_NSP_GenomeWideSNP_6_B12_1513302	3	41795841	42356836	318	0.0567
TAKEN_p_TCGAb_379_400_FFPE_NSP_GenomeWideSNP_6_B12_1513302	3	42358886	42372651	30	-0.6263
TAKEN_p_TCGAb_379_400_FFPE_NSP_GenomeWideSNP_6_B12_1513302	3	42374825	60831660	11059	0.0662
TAKEN_p_TCGAb_379_400_FFPE_NSP_GenomeWideSNP_6_B12_1513302	3	60835400	60843739	11	-0.9919
TAKEN_p_TCGAb_379_400_FFPE_NSP_GenomeWideSNP_6_B12_1513302	3	60844573	68746164	6194	0.0653
TAKEN_p_TCGAb_379_400_FFPE_NSP_GenomeWideSNP_6_B12_1513302	3	68746259	68747413	14	-2.0236
TAKEN_p_TCGAb_379_400_FFPE_NSP_GenomeWideSNP_6_B12_1513302	3	68748758	75568549	4941	0.0631
TAKEN_p_TCGAb_379_400_FFPE_NSP_GenomeWideSNP_6_B12_1513302	3	75572549	75577304	3	-2.0083
TAKEN_p_TCGAb_379_400_FFPE_NSP_GenomeWideSNP_6_B12_1513302	3	75578858	89260326	7559	0.0362
TAKEN_p_TCGAb_379_400_FFPE_NSP_GenomeWideSNP_6_B12_1513302	3	89260648	89260661	2	-1.2533
TAKEN_p_TCGAb_379_400_FFPE_NSP_GenomeWideSNP_6_B12_1513302	3	89260993	94065629	838	0.0597
TAKEN_p_TCGAb_379_400_FFPE_NSP_GenomeWideSNP_6_B12_1513302	3	94071481	94072856	2	0.8064
TAKEN_p_TCGAb_379_400_FFPE_NSP_GenomeWideSNP_6_B12_1513302	3	94074068	95146586	574	0.3664
TAKEN_p_TCGAb_379_400_FFPE_NSP_GenomeWideSNP_6_B12_1513302	3	95148106	95148324	3	-0.9924
TAKEN_p_TCGAb_379_400_FFPE_NSP_GenomeWideSNP_6_B12_1513302	3	95149006	97208032	1047	0.3565
TAKEN_p_TCGAb_379_400_FFPE_NSP_GenomeWideSNP_6_B12_1513302	3	97211634	98998218	1055	0.6411
TAKEN_p_TCGAb_379_400_FFPE_NSP_GenomeWideSNP_6_B12_1513302	3	99007698	125712213	16354	-0.3867
TAKEN_p_TCGAb_379_400_FFPE_NSP_GenomeWideSNP_6_B12_1513302	3	125712270	125712563	3	-1.6911
TAKEN_p_TCGAb_379_400_FFPE_NSP_GenomeWideSNP_6_B12_1513302	3	125712578	125720648	15	-0.8442
TAKEN_p_TCGAb_379_400_FFPE_NSP_GenomeWideSNP_6_B12_1513302	3	125720955	125722332	13	-1.6736
TAKEN_p_TCGAb_379_400_FFPE_NSP_GenomeWideSNP_6_B12_1513302	3	125723017	128597826	1826	-0.4011
TAKEN_p_TCGAb_379_400_FFPE_NSP_GenomeWideSNP_6_B12_1513302	3	128603150	128632391	18	0.9216
TAKEN_p_TCGAb_379_400_FFPE_NSP_GenomeWideSNP_6_B12_1513302	3	128632454	128706134	38	0.6101
TAKEN_p_TCGAb_379_400_FFPE_NSP_GenomeWideSNP_6_B12_1513302	3	128706506	129766586	456	-0.3897
TAKEN_p_TCGAb_379_400_FFPE_NSP_GenomeWideSNP_6_B12_1513302	3	129775858	129806236	50	0.2512
TAKEN_p_TCGAb_379_400_FFPE_NSP_GenomeWideSNP_6_B12_1513302	3	129806924	129843213	17	-0.1556
TAKEN_p_TCGAb_379_400_FFPE_NSP_GenomeWideSNP_6_B12_1513302	3	129843474	129885568	12	0.1871
TAKEN_p_TCGAb_379_400_FFPE_NSP_GenomeWideSNP_6_B12_1513302	3	129885675	134491172	3012	-0.3681
TAKEN_p_TCGAb_379_400_FFPE_NSP_GenomeWideSNP_6_B12_1513302	3	134494692	134526235	22	0.1198
TAKEN_p_TCGAb_379_400_FFPE_NSP_GenomeWideSNP_6_B12_1513302	3	134527923	135646727	809	0.6291
TAKEN_p_TCGAb_379_400_FFPE_NSP_GenomeWideSNP_6_B12_1513302	3	135659877	136765156	445	-0.3688
TAKEN_p_TCGAb_379_400_FFPE_NSP_GenomeWideSNP_6_B12_1513302	3	136768010	137027679	168	0.5932
TAKEN_p_TCGAb_379_400_FFPE_NSP_GenomeWideSNP_6_B12_1513302	3	137027954	137027963	7	-0.0086
TAKEN_p_TCGAb_379_400_FFPE_NSP_GenomeWideSNP_6_B12_1513302	3	137030829	137552109	312	0.6577
TAKEN_p_TCGAb_379_400_FFPE_NSP_GenomeWideSNP_6_B12_1513302	3	137554886	142872270	3230	0.3851
TAKEN_p_TCGAb_379_400_FFPE_NSP_GenomeWideSNP_6_B12_1513302	3	142872627	142884695	3	-0.6434
TAKEN_p_TCGAb_379_400_FFPE_NSP_GenomeWideSNP_6_B12_1513302	3	142885063	143285765	338	0.3983
TAKEN_p_TCGAb_379_400_FFPE_NSP_GenomeWideSNP_6_B12_1513302	3	143285800	143285974	4	1.3505
TAKEN_p_TCGAb_379_400_FFPE_NSP_GenomeWideSNP_6_B12_1513302	3	143286801	145479123	1383	0.3605
TAKEN_p_TCGAb_379_400_FFPE_NSP_GenomeWideSNP_6_B12_1513302	3	145479235	145479562	2	-2.0917
TAKEN_p_TCGAb_379_400_FFPE_NSP_GenomeWideSNP_6_B12_1513302	3	145480765	148962976	2154	0.3826
TAKEN_p_TCGAb_379_400_FFPE_NSP_GenomeWideSNP_6_B12_1513302	3	148963395	148968121	25	-0.8084
TAKEN_p_TCGAb_379_400_FFPE_NSP_GenomeWideSNP_6_B12_1513302	3	148971080	162508268	8346	0.3838
TAKEN_p_TCGAb_379_400_FFPE_NSP_GenomeWideSNP_6_B12_1513302	3	162512657	162524858	12	-2.1157
TAKEN_p_TCGAb_379_400_FFPE_NSP_GenomeWideSNP_6_B12_1513302	3	162528630	162625995	58	-1.2968
TAKEN_p_TCGAb_379_400_FFPE_NSP_GenomeWideSNP_6_B12_1513302	3	162626572	189360754	16696	0.383
TAKEN_p_TCGAb_379_400_FFPE_NSP_GenomeWideSNP_6_B12_1513302	3	189363678	189364638	11	-0.7342
TAKEN_p_TCGAb_379_400_FFPE_NSP_GenomeWideSNP_6_B12_1513302	3	189370988	192877902	2499	0.3747
TAKEN_p_TCGAb_379_400_FFPE_NSP_GenomeWideSNP_6_B12_1513302	3	192877962	192882903	19	-1.446
TAKEN_p_TCGAb_379_400_FFPE_NSP_GenomeWideSNP_6_B12_1513302	3	192886435	195284382	1485	0.3954
TAKEN_p_TCGAb_379_400_FFPE_NSP_GenomeWideSNP_6_B12_1513302	3	195285664	195478694	50	0.8928
TAKEN_p_TCGAb_379_400_FFPE_NSP_GenomeWideSNP_6_B12_1513302	3	195478861	197896118	1173	0.3843
TAKEN_p_TCGAb_379_400_FFPE_NSP_GenomeWideSNP_6_B12_1513302	4	12281	66719	58	0.0321
TAKEN_p_TCGAb_379_400_FFPE_NSP_GenomeWideSNP_6_B12_1513302	4	68821	6613740	3678	-0.3359
TAKEN_p_TCGAb_379_400_FFPE_NSP_GenomeWideSNP_6_B12_1513302	4	6617166	9370690	1450	0.0578
TAKEN_p_TCGAb_379_400_FFPE_NSP_GenomeWideSNP_6_B12_1513302	4	9372303	9486087	71	0.809
TAKEN_p_TCGAb_379_400_FFPE_NSP_GenomeWideSNP_6_B12_1513302	4	9496294	10210390	545	0.0567
TAKEN_p_TCGAb_379_400_FFPE_NSP_GenomeWideSNP_6_B12_1513302	4	10223416	10231498	28	-2.3574
TAKEN_p_TCGAb_379_400_FFPE_NSP_GenomeWideSNP_6_B12_1513302	4	10234214	10235268	7	-0.632
TAKEN_p_TCGAb_379_400_FFPE_NSP_GenomeWideSNP_6_B12_1513302	4	10236142	11127028	793	0.0512
TAKEN_p_TCGAb_379_400_FFPE_NSP_GenomeWideSNP_6_B12_1513302	4	11127123	11244792	100	-0.3477
TAKEN_p_TCGAb_379_400_FFPE_NSP_GenomeWideSNP_6_B12_1513302	4	11247153	23484972	8822	0.0103
TAKEN_p_TCGAb_379_400_FFPE_NSP_GenomeWideSNP_6_B12_1513302	4	23485012	23489812	3	-1.1708
TAKEN_p_TCGAb_379_400_FFPE_NSP_GenomeWideSNP_6_B12_1513302	4	23491099	34787149	7285	0.0396
TAKEN_p_TCGAb_379_400_FFPE_NSP_GenomeWideSNP_6_B12_1513302	4	34787163	34829872	35	0.4845
TAKEN_p_TCGAb_379_400_FFPE_NSP_GenomeWideSNP_6_B12_1513302	4	34829913	63667834	16031	0.0506
TAKEN_p_TCGAb_379_400_FFPE_NSP_GenomeWideSNP_6_B12_1513302	4	63669936	63671662	8	-0.6663
TAKEN_p_TCGAb_379_400_FFPE_NSP_GenomeWideSNP_6_B12_1513302	4	63679630	69360488	3465	0.0417
TAKEN_p_TCGAb_379_400_FFPE_NSP_GenomeWideSNP_6_B12_1513302	4	69360489	69521409	72	0.3872
TAKEN_p_TCGAb_379_400_FFPE_NSP_GenomeWideSNP_6_B12_1513302	4	69528959	70127652	326	0.0448
TAKEN_p_TCGAb_379_400_FFPE_NSP_GenomeWideSNP_6_B12_1513302	4	70128412	70231799	52	0.5858
TAKEN_p_TCGAb_379_400_FFPE_NSP_GenomeWideSNP_6_B12_1513302	4	70232022	86976094	10458	0.0363
TAKEN_p_TCGAb_379_400_FFPE_NSP_GenomeWideSNP_6_B12_1513302	4	86976391	86979944	19	-0.6564
TAKEN_p_TCGAb_379_400_FFPE_NSP_GenomeWideSNP_6_B12_1513302	4	86980089	97317047	6258	-0.0378
TAKEN_p_TCGAb_379_400_FFPE_NSP_GenomeWideSNP_6_B12_1513302	4	97320230	97322403	3	-1.1466
TAKEN_p_TCGAb_379_400_FFPE_NSP_GenomeWideSNP_6_B12_1513302	4	97326968	100322786	1641	-0.0645
TAKEN_p_TCGAb_379_400_FFPE_NSP_GenomeWideSNP_6_B12_1513302	4	100323870	100365700	29	0.3846
TAKEN_p_TCGAb_379_400_FFPE_NSP_GenomeWideSNP_6_B12_1513302	4	100368786	106672803	3762	-0.0949
TAKEN_p_TCGAb_379_400_FFPE_NSP_GenomeWideSNP_6_B12_1513302	4	106686646	115173700	5199	-0.3189
TAKEN_p_TCGAb_379_400_FFPE_NSP_GenomeWideSNP_6_B12_1513302	4	115175323	115182175	23	0.52
TAKEN_p_TCGAb_379_400_FFPE_NSP_GenomeWideSNP_6_B12_1513302	4	115184229	151876351	21685	-0.3254
TAKEN_p_TCGAb_379_400_FFPE_NSP_GenomeWideSNP_6_B12_1513302	4	151876406	151884298	21	-1.0552
TAKEN_p_TCGAb_379_400_FFPE_NSP_GenomeWideSNP_6_B12_1513302	4	151884300	155427448	2193	-0.3072
TAKEN_p_TCGAb_379_400_FFPE_NSP_GenomeWideSNP_6_B12_1513302	4	155429595	155430666	5	-2.2101
TAKEN_p_TCGAb_379_400_FFPE_NSP_GenomeWideSNP_6_B12_1513302	4	155432172	162525952	4647	-0.3094
TAKEN_p_TCGAb_379_400_FFPE_NSP_GenomeWideSNP_6_B12_1513302	4	162529505	162530131	2	-1.7214
TAKEN_p_TCGAb_379_400_FFPE_NSP_GenomeWideSNP_6_B12_1513302	4	162531426	172369346	6202	-0.3061
TAKEN_p_TCGAb_379_400_FFPE_NSP_GenomeWideSNP_6_B12_1513302	4	172374884	172377710	10	-1.2266
TAKEN_p_TCGAb_379_400_FFPE_NSP_GenomeWideSNP_6_B12_1513302	4	172377724	187901217	10534	-0.3196
TAKEN_p_TCGAb_379_400_FFPE_NSP_GenomeWideSNP_6_B12_1513302	4	187901232	187901245	2	-2.2804
TAKEN_p_TCGAb_379_400_FFPE_NSP_GenomeWideSNP_6_B12_1513302	4	187901257	189988679	1438	-0.2956
TAKEN_p_TCGAb_379_400_FFPE_NSP_GenomeWideSNP_6_B12_1513302	4	189989431	189992577	5	-1.4523
TAKEN_p_TCGAb_379_400_FFPE_NSP_GenomeWideSNP_6_B12_1513302	4	189992773	190542814	366	-0.2725
TAKEN_p_TCGAb_379_400_FFPE_NSP_GenomeWideSNP_6_B12_1513302	4	190542878	190685963	52	0.0019
TAKEN_p_TCGAb_379_400_FFPE_NSP_GenomeWideSNP_6_B12_1513302	4	190686034	191027923	136	-0.2364
TAKEN_p_TCGAb_379_400_FFPE_NSP_GenomeWideSNP_6_B12_1513302	5	15532	661823	297	0.406
TAKEN_p_TCGAb_379_400_FFPE_NSP_GenomeWideSNP_6_B12_1513302	5	667450	670745	4	-0.7263
TAKEN_p_TCGAb_379_400_FFPE_NSP_GenomeWideSNP_6_B12_1513302	5	676449	717525	11	0.409
TAKEN_p_TCGAb_379_400_FFPE_NSP_GenomeWideSNP_6_B12_1513302	5	717561	733612	11	-0.0639
TAKEN_p_TCGAb_379_400_FFPE_NSP_GenomeWideSNP_6_B12_1513302	5	741695	806336	25	0.5185
TAKEN_p_TCGAb_379_400_FFPE_NSP_GenomeWideSNP_6_B12_1513302	5	809047	825307	15	1.0097
TAKEN_p_TCGAb_379_400_FFPE_NSP_GenomeWideSNP_6_B12_1513302	5	825653	8766520	6673	0.3815
TAKEN_p_TCGAb_379_400_FFPE_NSP_GenomeWideSNP_6_B12_1513302	5	8767977	8768044	2	-1.1675
TAKEN_p_TCGAb_379_400_FFPE_NSP_GenomeWideSNP_6_B12_1513302	5	8768529	12791720	3194	0.3862
TAKEN_p_TCGAb_379_400_FFPE_NSP_GenomeWideSNP_6_B12_1513302	5	12800889	12820076	10	-0.1625
TAKEN_p_TCGAb_379_400_FFPE_NSP_GenomeWideSNP_6_B12_1513302	5	12824411	17742203	3266	0.3953
TAKEN_p_TCGAb_379_400_FFPE_NSP_GenomeWideSNP_6_B12_1513302	5	17742218	17744585	3	0.0254
TAKEN_p_TCGAb_379_400_FFPE_NSP_GenomeWideSNP_6_B12_1513302	5	17748073	21376844	2229	0.3665
TAKEN_p_TCGAb_379_400_FFPE_NSP_GenomeWideSNP_6_B12_1513302	5	21377839	21377853	2	1.4523
TAKEN_p_TCGAb_379_400_FFPE_NSP_GenomeWideSNP_6_B12_1513302	5	21386066	21449276	45	0.4018
TAKEN_p_TCGAb_379_400_FFPE_NSP_GenomeWideSNP_6_B12_1513302	5	21451200	21452438	5	1.1575
TAKEN_p_TCGAb_379_400_FFPE_NSP_GenomeWideSNP_6_B12_1513302	5	21452496	30322341	5232	0.3584
TAKEN_p_TCGAb_379_400_FFPE_NSP_GenomeWideSNP_6_B12_1513302	5	30323362	30337057	10	-0.3463
TAKEN_p_TCGAb_379_400_FFPE_NSP_GenomeWideSNP_6_B12_1513302	5	30342071	46251306	9788	0.3846
TAKEN_p_TCGAb_379_400_FFPE_NSP_GenomeWideSNP_6_B12_1513302	5	46271008	46273502	8	-0.2769
TAKEN_p_TCGAb_379_400_FFPE_NSP_GenomeWideSNP_6_B12_1513302	5	46278212	49432831	20	0.4499
TAKEN_p_TCGAb_379_400_FFPE_NSP_GenomeWideSNP_6_B12_1513302	5	49441958	156094692	65879	-0.3805
TAKEN_p_TCGAb_379_400_FFPE_NSP_GenomeWideSNP_6_B12_1513302	5	156098628	156122925	23	1.3491
TAKEN_p_TCGAb_379_400_FFPE_NSP_GenomeWideSNP_6_B12_1513302	5	156123995	162796228	4430	-0.3834
TAKEN_p_TCGAb_379_400_FFPE_NSP_GenomeWideSNP_6_B12_1513302	5	162799995	163161807	281	0.8217
TAKEN_p_TCGAb_379_400_FFPE_NSP_GenomeWideSNP_6_B12_1513302	5	163164272	163216963	29	-0.3859
TAKEN_p_TCGAb_379_400_FFPE_NSP_GenomeWideSNP_6_B12_1513302	5	163219009	163239455	18	0.0374
TAKEN_p_TCGAb_379_400_FFPE_NSP_GenomeWideSNP_6_B12_1513302	5	163240535	165295705	1252	-0.3904
TAKEN_p_TCGAb_379_400_FFPE_NSP_GenomeWideSNP_6_B12_1513302	5	165298780	165375007	58	1.3119
TAKEN_p_TCGAb_379_400_FFPE_NSP_GenomeWideSNP_6_B12_1513302	5	165375029	165376220	2	2.3652
TAKEN_p_TCGAb_379_400_FFPE_NSP_GenomeWideSNP_6_B12_1513302	5	165378004	165712405	250	1.3098
TAKEN_p_TCGAb_379_400_FFPE_NSP_GenomeWideSNP_6_B12_1513302	5	165713276	169397060	2905	-0.3951
TAKEN_p_TCGAb_379_400_FFPE_NSP_GenomeWideSNP_6_B12_1513302	5	169399790	169400394	2	-2.35
TAKEN_p_TCGAb_379_400_FFPE_NSP_GenomeWideSNP_6_B12_1513302	5	169400637	172148934	1976	-0.3917
TAKEN_p_TCGAb_379_400_FFPE_NSP_GenomeWideSNP_6_B12_1513302	5	172150990	172769501	357	0.8621
TAKEN_p_TCGAb_379_400_FFPE_NSP_GenomeWideSNP_6_B12_1513302	5	172769949	172911969	117	0.4189
TAKEN_p_TCGAb_379_400_FFPE_NSP_GenomeWideSNP_6_B12_1513302	5	172913132	173663189	629	-0.4103
TAKEN_p_TCGAb_379_400_FFPE_NSP_GenomeWideSNP_6_B12_1513302	5	173663938	173666484	2	-1.9928
TAKEN_p_TCGAb_379_400_FFPE_NSP_GenomeWideSNP_6_B12_1513302	5	173666658	175373508	1321	-0.3818
TAKEN_p_TCGAb_379_400_FFPE_NSP_GenomeWideSNP_6_B12_1513302	5	175387546	175420896	7	0.6013
TAKEN_p_TCGAb_379_400_FFPE_NSP_GenomeWideSNP_6_B12_1513302	5	175426693	180790320	2741	-0.3935
TAKEN_p_TCGAb_379_400_FFPE_NSP_GenomeWideSNP_6_B12_1513302	6	149661	254283	100	0.1003
TAKEN_p_TCGAb_379_400_FFPE_NSP_GenomeWideSNP_6_B12_1513302	6	257353	380821	96	-0.9973
TAKEN_p_TCGAb_379_400_FFPE_NSP_GenomeWideSNP_6_B12_1513302	6	381149	29837072	21552	0.0581
TAKEN_p_TCGAb_379_400_FFPE_NSP_GenomeWideSNP_6_B12_1513302	6	29837187	29850380	20	-0.8984
TAKEN_p_TCGAb_379_400_FFPE_NSP_GenomeWideSNP_6_B12_1513302	6	29871636	31287222	675	0.0732
TAKEN_p_TCGAb_379_400_FFPE_NSP_GenomeWideSNP_6_B12_1513302	6	31287501	31295953	3	-2.1061
TAKEN_p_TCGAb_379_400_FFPE_NSP_GenomeWideSNP_6_B12_1513302	6	31295987	32449523	510	0.0264
TAKEN_p_TCGAb_379_400_FFPE_NSP_GenomeWideSNP_6_B12_1513302	6	32452801	32481987	11	-0.7099
TAKEN_p_TCGAb_379_400_FFPE_NSP_GenomeWideSNP_6_B12_1513302	6	32482969	33937999	867	0.037
TAKEN_p_TCGAb_379_400_FFPE_NSP_GenomeWideSNP_6_B12_1513302	6	33938743	33944586	8	-0.8831
TAKEN_p_TCGAb_379_400_FFPE_NSP_GenomeWideSNP_6_B12_1513302	6	33944623	38389698	2660	0.0644
TAKEN_p_TCGAb_379_400_FFPE_NSP_GenomeWideSNP_6_B12_1513302	6	38391806	38401701	4	-1.0699
TAKEN_p_TCGAb_379_400_FFPE_NSP_GenomeWideSNP_6_B12_1513302	6	38402621	52625775	9278	0.0668
TAKEN_p_TCGAb_379_400_FFPE_NSP_GenomeWideSNP_6_B12_1513302	6	52626269	52630635	8	-0.6385
TAKEN_p_TCGAb_379_400_FFPE_NSP_GenomeWideSNP_6_B12_1513302	6	52630678	62033224	3604	0.0609
TAKEN_p_TCGAb_379_400_FFPE_NSP_GenomeWideSNP_6_B12_1513302	6	62036311	62036654	2	-1.5486
TAKEN_p_TCGAb_379_400_FFPE_NSP_GenomeWideSNP_6_B12_1513302	6	62037146	70173296	5041	0.0397
TAKEN_p_TCGAb_379_400_FFPE_NSP_GenomeWideSNP_6_B12_1513302	6	70178460	70182136	3	-1.4035
TAKEN_p_TCGAb_379_400_FFPE_NSP_GenomeWideSNP_6_B12_1513302	6	70186272	74591858	2860	0.0558
TAKEN_p_TCGAb_379_400_FFPE_NSP_GenomeWideSNP_6_B12_1513302	6	74592225	74601410	10	0.7365
TAKEN_p_TCGAb_379_400_FFPE_NSP_GenomeWideSNP_6_B12_1513302	6	74603555	103738406	18390	0.055
TAKEN_p_TCGAb_379_400_FFPE_NSP_GenomeWideSNP_6_B12_1513302	6	103747421	103751950	15	0.7324
TAKEN_p_TCGAb_379_400_FFPE_NSP_GenomeWideSNP_6_B12_1513302	6	103752027	103754572	6	-0.1988
TAKEN_p_TCGAb_379_400_FFPE_NSP_GenomeWideSNP_6_B12_1513302	6	103754587	103765470	17	0.7197
TAKEN_p_TCGAb_379_400_FFPE_NSP_GenomeWideSNP_6_B12_1513302	6	103765670	166494253	41253	0.0582
TAKEN_p_TCGAb_379_400_FFPE_NSP_GenomeWideSNP_6_B12_1513302	6	166497631	166498860	3	-2.4525
TAKEN_p_TCGAb_379_400_FFPE_NSP_GenomeWideSNP_6_B12_1513302	6	166505384	171051005	3011	0.0479
TAKEN_p_TCGAb_379_400_FFPE_NSP_GenomeWideSNP_6_B12_1513302	7	43355	38321132	27461	0.0557
TAKEN_p_TCGAb_379_400_FFPE_NSP_GenomeWideSNP_6_B12_1513302	7	38322918	38323485	2	-1.5692
TAKEN_p_TCGAb_379_400_FFPE_NSP_GenomeWideSNP_6_B12_1513302	7	38323505	58015126	13209	0.0473
TAKEN_p_TCGAb_379_400_FFPE_NSP_GenomeWideSNP_6_B12_1513302	7	58016731	58019983	4	0.9822
TAKEN_p_TCGAb_379_400_FFPE_NSP_GenomeWideSNP_6_B12_1513302	7	61063974	91208142	16228	0.0478
TAKEN_p_TCGAb_379_400_FFPE_NSP_GenomeWideSNP_6_B12_1513302	7	91218884	91218963	2	-1.414
TAKEN_p_TCGAb_379_400_FFPE_NSP_GenomeWideSNP_6_B12_1513302	7	91219132	97240000	3745	0.054
TAKEN_p_TCGAb_379_400_FFPE_NSP_GenomeWideSNP_6_B12_1513302	7	97252238	97258169	5	-1.6353
TAKEN_p_TCGAb_379_400_FFPE_NSP_GenomeWideSNP_6_B12_1513302	7	97260975	100329244	1407	0.0571
TAKEN_p_TCGAb_379_400_FFPE_NSP_GenomeWideSNP_6_B12_1513302	7	100329265	100332842	2	-1.3526
TAKEN_p_TCGAb_379_400_FFPE_NSP_GenomeWideSNP_6_B12_1513302	7	100351005	109440922	5370	0.0587
TAKEN_p_TCGAb_379_400_FFPE_NSP_GenomeWideSNP_6_B12_1513302	7	109440923	109453910	13	-0.5046
TAKEN_p_TCGAb_379_400_FFPE_NSP_GenomeWideSNP_6_B12_1513302	7	109453982	109795451	206	0.0156
TAKEN_p_TCGAb_379_400_FFPE_NSP_GenomeWideSNP_6_B12_1513302	7	109795715	109799082	8	-0.7883
TAKEN_p_TCGAb_379_400_FFPE_NSP_GenomeWideSNP_6_B12_1513302	7	109799199	133785211	14549	0.0565
TAKEN_p_TCGAb_379_400_FFPE_NSP_GenomeWideSNP_6_B12_1513302	7	133785309	133798543	31	-0.4407
TAKEN_p_TCGAb_379_400_FFPE_NSP_GenomeWideSNP_6_B12_1513302	7	133798558	159127004	16305	0.0571
TAKEN_p_TCGAb_379_400_FFPE_NSP_GenomeWideSNP_6_B12_1513302	8	31254	4177081	4198	-0.4003
TAKEN_p_TCGAb_379_400_FFPE_NSP_GenomeWideSNP_6_B12_1513302	8	4177231	4178508	3	-2.5009
TAKEN_p_TCGAb_379_400_FFPE_NSP_GenomeWideSNP_6_B12_1513302	8	4178604	7225368	3644	-0.3895
TAKEN_p_TCGAb_379_400_FFPE_NSP_GenomeWideSNP_6_B12_1513302	8	7226303	7798851	152	-0.9668
TAKEN_p_TCGAb_379_400_FFPE_NSP_GenomeWideSNP_6_B12_1513302	8	7799390	21283597	11446	-0.3858
TAKEN_p_TCGAb_379_400_FFPE_NSP_GenomeWideSNP_6_B12_1513302	8	21285108	21285710	5	-1.7282
TAKEN_p_TCGAb_379_400_FFPE_NSP_GenomeWideSNP_6_B12_1513302	8	21286175	23402308	1231	-0.3951
TAKEN_p_TCGAb_379_400_FFPE_NSP_GenomeWideSNP_6_B12_1513302	8	23407740	23407811	4	-1.4356
TAKEN_p_TCGAb_379_400_FFPE_NSP_GenomeWideSNP_6_B12_1513302	8	23407871	33697410	7201	-0.3819
TAKEN_p_TCGAb_379_400_FFPE_NSP_GenomeWideSNP_6_B12_1513302	8	33701438	34353811	380	1.4286
TAKEN_p_TCGAb_379_400_FFPE_NSP_GenomeWideSNP_6_B12_1513302	8	34355534	34368165	2	2.8168
TAKEN_p_TCGAb_379_400_FFPE_NSP_GenomeWideSNP_6_B12_1513302	8	34372293	35572788	695	1.4594
TAKEN_p_TCGAb_379_400_FFPE_NSP_GenomeWideSNP_6_B12_1513302	8	35573668	37387915	1046	1.938
TAKEN_p_TCGAb_379_400_FFPE_NSP_GenomeWideSNP_6_B12_1513302	8	37389985	37395076	4	-0.4488
TAKEN_p_TCGAb_379_400_FFPE_NSP_GenomeWideSNP_6_B12_1513302	8	37396693	37611612	102	1.9235
TAKEN_p_TCGAb_379_400_FFPE_NSP_GenomeWideSNP_6_B12_1513302	8	37614407	38298647	287	2.5045
TAKEN_p_TCGAb_379_400_FFPE_NSP_GenomeWideSNP_6_B12_1513302	8	38299419	38317398	26	1.9174
TAKEN_p_TCGAb_379_400_FFPE_NSP_GenomeWideSNP_6_B12_1513302	8	38317413	38450131	103	2.4526
TAKEN_p_TCGAb_379_400_FFPE_NSP_GenomeWideSNP_6_B12_1513302	8	38454017	38862199	191	2.0809
TAKEN_p_TCGAb_379_400_FFPE_NSP_GenomeWideSNP_6_B12_1513302	8	38866218	39384700	228	1.2024
TAKEN_p_TCGAb_379_400_FFPE_NSP_GenomeWideSNP_6_B12_1513302	8	39384969	39651922	174	1.7734
TAKEN_p_TCGAb_379_400_FFPE_NSP_GenomeWideSNP_6_B12_1513302	8	39653983	39724080	32	1.4331
TAKEN_p_TCGAb_379_400_FFPE_NSP_GenomeWideSNP_6_B12_1513302	8	39732451	41128710	1094	0.8884
TAKEN_p_TCGAb_379_400_FFPE_NSP_GenomeWideSNP_6_B12_1513302	8	41131170	42867178	1024	1.4689
TAKEN_p_TCGAb_379_400_FFPE_NSP_GenomeWideSNP_6_B12_1513302	8	42869051	43077372	76	1.7651
TAKEN_p_TCGAb_379_400_FFPE_NSP_GenomeWideSNP_6_B12_1513302	8	43078867	43388814	118	1.5123
TAKEN_p_TCGAb_379_400_FFPE_NSP_GenomeWideSNP_6_B12_1513302	8	43390080	43762681	70	1.02
TAKEN_p_TCGAb_379_400_FFPE_NSP_GenomeWideSNP_6_B12_1513302	8	43767226	46912314	10	0.3993
TAKEN_p_TCGAb_379_400_FFPE_NSP_GenomeWideSNP_6_B12_1513302	8	46919273	47975596	401	-0.3433
TAKEN_p_TCGAb_379_400_FFPE_NSP_GenomeWideSNP_6_B12_1513302	8	47976291	51738485	2043	0.0376
TAKEN_p_TCGAb_379_400_FFPE_NSP_GenomeWideSNP_6_B12_1513302	8	51741755	51750250	8	-0.8986
TAKEN_p_TCGAb_379_400_FFPE_NSP_GenomeWideSNP_6_B12_1513302	8	51755412	55208930	2222	0.0475
TAKEN_p_TCGAb_379_400_FFPE_NSP_GenomeWideSNP_6_B12_1513302	8	55209048	55211118	7	-0.881
TAKEN_p_TCGAb_379_400_FFPE_NSP_GenomeWideSNP_6_B12_1513302	8	55211213	56227844	721	0.0399
TAKEN_p_TCGAb_379_400_FFPE_NSP_GenomeWideSNP_6_B12_1513302	8	56228443	56228686	2	1.1256
TAKEN_p_TCGAb_379_400_FFPE_NSP_GenomeWideSNP_6_B12_1513302	8	56231059	58116550	1199	0.0476
TAKEN_p_TCGAb_379_400_FFPE_NSP_GenomeWideSNP_6_B12_1513302	8	58117486	58130025	4	-2.2807
TAKEN_p_TCGAb_379_400_FFPE_NSP_GenomeWideSNP_6_B12_1513302	8	58132798	68544033	6346	0.0514
TAKEN_p_TCGAb_379_400_FFPE_NSP_GenomeWideSNP_6_B12_1513302	8	68547459	68550206	30	-0.728
TAKEN_p_TCGAb_379_400_FFPE_NSP_GenomeWideSNP_6_B12_1513302	8	68556828	140254844	46427	0.0496
TAKEN_p_TCGAb_379_400_FFPE_NSP_GenomeWideSNP_6_B12_1513302	8	140258252	140259197	5	-1.0979
TAKEN_p_TCGAb_379_400_FFPE_NSP_GenomeWideSNP_6_B12_1513302	8	140259420	146298155	3012	0.0447
TAKEN_p_TCGAb_379_400_FFPE_NSP_GenomeWideSNP_6_B12_1513302	9	46587	10445783	10021	0.0598
TAKEN_p_TCGAb_379_400_FFPE_NSP_GenomeWideSNP_6_B12_1513302	9	10446062	10459150	9	-0.6072
TAKEN_p_TCGAb_379_400_FFPE_NSP_GenomeWideSNP_6_B12_1513302	9	10465578	11837690	1139	0.0538
TAKEN_p_TCGAb_379_400_FFPE_NSP_GenomeWideSNP_6_B12_1513302	9	11837866	11839805	3	-1.6528
TAKEN_p_TCGAb_379_400_FFPE_NSP_GenomeWideSNP_6_B12_1513302	9	11839832	39778631	20140	0.0552
TAKEN_p_TCGAb_379_400_FFPE_NSP_GenomeWideSNP_6_B12_1513302	9	39810645	40585775	12	-0.4853
TAKEN_p_TCGAb_379_400_FFPE_NSP_GenomeWideSNP_6_B12_1513302	9	40588269	41733631	48	0.1854
TAKEN_p_TCGAb_379_400_FFPE_NSP_GenomeWideSNP_6_B12_1513302	9	41842529	41978375	8	0.9801
TAKEN_p_TCGAb_379_400_FFPE_NSP_GenomeWideSNP_6_B12_1513302	9	41985187	43187967	25	0.1458
TAKEN_p_TCGAb_379_400_FFPE_NSP_GenomeWideSNP_6_B12_1513302	9	43315670	43790346	40	-1.1774
TAKEN_p_TCGAb_379_400_FFPE_NSP_GenomeWideSNP_6_B12_1513302	9	43800186	44251228	33	0.068
TAKEN_p_TCGAb_379_400_FFPE_NSP_GenomeWideSNP_6_B12_1513302	9	44255487	44273241	9	0.8741
TAKEN_p_TCGAb_379_400_FFPE_NSP_GenomeWideSNP_6_B12_1513302	9	44385979	44404912	4	-0.3655
TAKEN_p_TCGAb_379_400_FFPE_NSP_GenomeWideSNP_6_B12_1513302	9	44424451	44629223	4	-1.6666
TAKEN_p_TCGAb_379_400_FFPE_NSP_GenomeWideSNP_6_B12_1513302	9	44727859	45407615	71	-0.0895
TAKEN_p_TCGAb_379_400_FFPE_NSP_GenomeWideSNP_6_B12_1513302	9	45448614	65630946	63	0.4405
TAKEN_p_TCGAb_379_400_FFPE_NSP_GenomeWideSNP_6_B12_1513302	9	65672607	69505946	188	0.1438
TAKEN_p_TCGAb_379_400_FFPE_NSP_GenomeWideSNP_6_B12_1513302	9	69507716	69522825	9	-0.9372
TAKEN_p_TCGAb_379_400_FFPE_NSP_GenomeWideSNP_6_B12_1513302	9	69533038	69685271	14	0.0558
TAKEN_p_TCGAb_379_400_FFPE_NSP_GenomeWideSNP_6_B12_1513302	9	69695985	69696000	2	-1.484
TAKEN_p_TCGAb_379_400_FFPE_NSP_GenomeWideSNP_6_B12_1513302	9	69807016	72091267	1001	0.0503
TAKEN_p_TCGAb_379_400_FFPE_NSP_GenomeWideSNP_6_B12_1513302	9	72097655	72120120	64	-0.891
TAKEN_p_TCGAb_379_400_FFPE_NSP_GenomeWideSNP_6_B12_1513302	9	72120147	79556881	5333	0.0522
TAKEN_p_TCGAb_379_400_FFPE_NSP_GenomeWideSNP_6_B12_1513302	9	79557273	79566864	4	-0.9795
TAKEN_p_TCGAb_379_400_FFPE_NSP_GenomeWideSNP_6_B12_1513302	9	79566889	106566497	18537	0.0543
TAKEN_p_TCGAb_379_400_FFPE_NSP_GenomeWideSNP_6_B12_1513302	9	106568696	106569290	2	-2.2135
TAKEN_p_TCGAb_379_400_FFPE_NSP_GenomeWideSNP_6_B12_1513302	9	106570702	141091394	23173	0.0633
TAKEN_p_TCGAb_379_400_FFPE_NSP_GenomeWideSNP_6_B12_1513302	10	72759	4287070	3588	0.0468
TAKEN_p_TCGAb_379_400_FFPE_NSP_GenomeWideSNP_6_B12_1513302	10	4290814	4291016	4	0.9193
TAKEN_p_TCGAb_379_400_FFPE_NSP_GenomeWideSNP_6_B12_1513302	10	4294071	5672792	1216	0.0623
TAKEN_p_TCGAb_379_400_FFPE_NSP_GenomeWideSNP_6_B12_1513302	10	5673883	5717125	31	0.6254
TAKEN_p_TCGAb_379_400_FFPE_NSP_GenomeWideSNP_6_B12_1513302	10	5720424	14640579	7613	0.0633
TAKEN_p_TCGAb_379_400_FFPE_NSP_GenomeWideSNP_6_B12_1513302	10	14640713	14640746	2	1.4792
TAKEN_p_TCGAb_379_400_FFPE_NSP_GenomeWideSNP_6_B12_1513302	10	14641359	17505467	2233	0.046
TAKEN_p_TCGAb_379_400_FFPE_NSP_GenomeWideSNP_6_B12_1513302	10	17507136	17507413	2	-1.278
TAKEN_p_TCGAb_379_400_FFPE_NSP_GenomeWideSNP_6_B12_1513302	10	17510711	24377675	4564	0.0506
TAKEN_p_TCGAb_379_400_FFPE_NSP_GenomeWideSNP_6_B12_1513302	10	24377676	24378908	10	0.7365
TAKEN_p_TCGAb_379_400_FFPE_NSP_GenomeWideSNP_6_B12_1513302	10	24378951	29781883	3871	0.0571
TAKEN_p_TCGAb_379_400_FFPE_NSP_GenomeWideSNP_6_B12_1513302	10	29785191	29785454	2	-1.1871
TAKEN_p_TCGAb_379_400_FFPE_NSP_GenomeWideSNP_6_B12_1513302	10	29786029	33960838	3005	0.0583
TAKEN_p_TCGAb_379_400_FFPE_NSP_GenomeWideSNP_6_B12_1513302	10	33963022	33966121	3	-1.0568
TAKEN_p_TCGAb_379_400_FFPE_NSP_GenomeWideSNP_6_B12_1513302	10	33975964	45728620	5193	0.0413
TAKEN_p_TCGAb_379_400_FFPE_NSP_GenomeWideSNP_6_B12_1513302	10	45729591	45730645	2	-3.7595
TAKEN_p_TCGAb_379_400_FFPE_NSP_GenomeWideSNP_6_B12_1513302	10	45731683	51830360	2391	0.0607
TAKEN_p_TCGAb_379_400_FFPE_NSP_GenomeWideSNP_6_B12_1513302	10	51840984	51891920	4	-1.8809
TAKEN_p_TCGAb_379_400_FFPE_NSP_GenomeWideSNP_6_B12_1513302	10	51903768	57560316	4243	0.0569
TAKEN_p_TCGAb_379_400_FFPE_NSP_GenomeWideSNP_6_B12_1513302	10	57563408	57564015	2	-1.2435
TAKEN_p_TCGAb_379_400_FFPE_NSP_GenomeWideSNP_6_B12_1513302	10	57564323	62600287	3737	0.0548
TAKEN_p_TCGAb_379_400_FFPE_NSP_GenomeWideSNP_6_B12_1513302	10	62602994	62643168	42	0.4906
TAKEN_p_TCGAb_379_400_FFPE_NSP_GenomeWideSNP_6_B12_1513302	10	62645873	70620997	5161	0.0578
TAKEN_p_TCGAb_379_400_FFPE_NSP_GenomeWideSNP_6_B12_1513302	10	70621009	70621018	2	1.6122
TAKEN_p_TCGAb_379_400_FFPE_NSP_GenomeWideSNP_6_B12_1513302	10	70621086	81251331	7116	0.0607
TAKEN_p_TCGAb_379_400_FFPE_NSP_GenomeWideSNP_6_B12_1513302	10	81283267	81592985	35	0.3621
TAKEN_p_TCGAb_379_400_FFPE_NSP_GenomeWideSNP_6_B12_1513302	10	81593483	99833704	12205	0.0596
TAKEN_p_TCGAb_379_400_FFPE_NSP_GenomeWideSNP_6_B12_1513302	10	99834840	99837301	9	-1.0404
TAKEN_p_TCGAb_379_400_FFPE_NSP_GenomeWideSNP_6_B12_1513302	10	99845729	107057038	4245	0.0616
TAKEN_p_TCGAb_379_400_FFPE_NSP_GenomeWideSNP_6_B12_1513302	10	107057618	107059170	2	1.3298
TAKEN_p_TCGAb_379_400_FFPE_NSP_GenomeWideSNP_6_B12_1513302	10	107062476	122763675	11234	0.0609
TAKEN_p_TCGAb_379_400_FFPE_NSP_GenomeWideSNP_6_B12_1513302	10	122770663	122776583	13	-0.5711
TAKEN_p_TCGAb_379_400_FFPE_NSP_GenomeWideSNP_6_B12_1513302	10	122776593	124332296	1415	0.0607
TAKEN_p_TCGAb_379_400_FFPE_NSP_GenomeWideSNP_6_B12_1513302	10	124334013	124357726	11	0.6822
TAKEN_p_TCGAb_379_400_FFPE_NSP_GenomeWideSNP_6_B12_1513302	10	124383013	135349519	7852	0.0546
TAKEN_p_TCGAb_379_400_FFPE_NSP_GenomeWideSNP_6_B12_1513302	10	135351137	135506704	67	0.5322
TAKEN_p_TCGAb_379_400_FFPE_NSP_GenomeWideSNP_6_B12_1513302	11	198510	4967251	2474	0.0624
TAKEN_p_TCGAb_379_400_FFPE_NSP_GenomeWideSNP_6_B12_1513302	11	4967376	4976614	41	1.1324
TAKEN_p_TCGAb_379_400_FFPE_NSP_GenomeWideSNP_6_B12_1513302	11	4976814	5872431	894	0.0678
TAKEN_p_TCGAb_379_400_FFPE_NSP_GenomeWideSNP_6_B12_1513302	11	5875867	5883317	5	-0.8946
TAKEN_p_TCGAb_379_400_FFPE_NSP_GenomeWideSNP_6_B12_1513302	11	5885711	7813040	1431	0.0514
TAKEN_p_TCGAb_379_400_FFPE_NSP_GenomeWideSNP_6_B12_1513302	11	7813460	7832258	6	-0.7368
TAKEN_p_TCGAb_379_400_FFPE_NSP_GenomeWideSNP_6_B12_1513302	11	7837009	18949072	7918	0.0575
TAKEN_p_TCGAb_379_400_FFPE_NSP_GenomeWideSNP_6_B12_1513302	11	18949109	18961065	37	0.2998
TAKEN_p_TCGAb_379_400_FFPE_NSP_GenomeWideSNP_6_B12_1513302	11	18961097	21714462	2517	0.0565
TAKEN_p_TCGAb_379_400_FFPE_NSP_GenomeWideSNP_6_B12_1513302	11	21714552	21723483	5	-0.7609
TAKEN_p_TCGAb_379_400_FFPE_NSP_GenomeWideSNP_6_B12_1513302	11	21734095	30165387	5792	0.0462
TAKEN_p_TCGAb_379_400_FFPE_NSP_GenomeWideSNP_6_B12_1513302	11	30171914	30176310	26	-0.8017
TAKEN_p_TCGAb_379_400_FFPE_NSP_GenomeWideSNP_6_B12_1513302	11	30180309	42813151	8895	0.0484
TAKEN_p_TCGAb_379_400_FFPE_NSP_GenomeWideSNP_6_B12_1513302	11	42816486	42818039	2	-2.1753
TAKEN_p_TCGAb_379_400_FFPE_NSP_GenomeWideSNP_6_B12_1513302	11	42820603	54794679	4406	0.072
TAKEN_p_TCGAb_379_400_FFPE_NSP_GenomeWideSNP_6_B12_1513302	11	54826813	54840330	8	-1.2574
TAKEN_p_TCGAb_379_400_FFPE_NSP_GenomeWideSNP_6_B12_1513302	11	54841517	54940342	17	0.0954
TAKEN_p_TCGAb_379_400_FFPE_NSP_GenomeWideSNP_6_B12_1513302	11	54965608	54982211	6	-0.5638
TAKEN_p_TCGAb_379_400_FFPE_NSP_GenomeWideSNP_6_B12_1513302	11	55009475	55374188	206	0.0719
TAKEN_p_TCGAb_379_400_FFPE_NSP_GenomeWideSNP_6_B12_1513302	11	55374203	55439990	44	0.3199
TAKEN_p_TCGAb_379_400_FFPE_NSP_GenomeWideSNP_6_B12_1513302	11	55442318	68536834	6675	0.0587
TAKEN_p_TCGAb_379_400_FFPE_NSP_GenomeWideSNP_6_B12_1513302	11	68536839	76141116	4123	0.6535
TAKEN_p_TCGAb_379_400_FFPE_NSP_GenomeWideSNP_6_B12_1513302	11	76143019	76148282	5	-0.6062
TAKEN_p_TCGAb_379_400_FFPE_NSP_GenomeWideSNP_6_B12_1513302	11	76148742	91523527	10360	0.6309
TAKEN_p_TCGAb_379_400_FFPE_NSP_GenomeWideSNP_6_B12_1513302	11	91524482	91786039	188	0.8638
TAKEN_p_TCGAb_379_400_FFPE_NSP_GenomeWideSNP_6_B12_1513302	11	91790050	91933929	139	0.6335
TAKEN_p_TCGAb_379_400_FFPE_NSP_GenomeWideSNP_6_B12_1513302	11	91936991	94539932	1891	0.3835
TAKEN_p_TCGAb_379_400_FFPE_NSP_GenomeWideSNP_6_B12_1513302	11	94541735	134944770	29057	-0.3854
TAKEN_p_TCGAb_379_400_FFPE_NSP_GenomeWideSNP_6_B12_1513302	12	150442	21144302	13987	0.0575
TAKEN_p_TCGAb_379_400_FFPE_NSP_GenomeWideSNP_6_B12_1513302	12	21144431	21144506	3	-1.9821
TAKEN_p_TCGAb_379_400_FFPE_NSP_GenomeWideSNP_6_B12_1513302	12	21144542	40301524	10846	0.0599
TAKEN_p_TCGAb_379_400_FFPE_NSP_GenomeWideSNP_6_B12_1513302	12	40303505	40314753	23	-0.6861
TAKEN_p_TCGAb_379_400_FFPE_NSP_GenomeWideSNP_6_B12_1513302	12	40317421	99791143	37438	0.0533
TAKEN_p_TCGAb_379_400_FFPE_NSP_GenomeWideSNP_6_B12_1513302	12	99791608	99803133	39	0.3368
TAKEN_p_TCGAb_379_400_FFPE_NSP_GenomeWideSNP_6_B12_1513302	12	99803188	128256749	18789	0.0594
TAKEN_p_TCGAb_379_400_FFPE_NSP_GenomeWideSNP_6_B12_1513302	12	128265668	128289341	24	-0.3857
TAKEN_p_TCGAb_379_400_FFPE_NSP_GenomeWideSNP_6_B12_1513302	12	128292511	132120715	3370	0.0368
TAKEN_p_TCGAb_379_400_FFPE_NSP_GenomeWideSNP_6_B12_1513302	12	132132584	132133335	13	-2.4796
TAKEN_p_TCGAb_379_400_FFPE_NSP_GenomeWideSNP_6_B12_1513302	12	132142331	133778189	572	0.054
TAKEN_p_TCGAb_379_400_FFPE_NSP_GenomeWideSNP_6_B12_1513302	13	19026949	34188263	10883	0.0584
TAKEN_p_TCGAb_379_400_FFPE_NSP_GenomeWideSNP_6_B12_1513302	13	34192789	34193376	4	-1.2848
TAKEN_p_TCGAb_379_400_FFPE_NSP_GenomeWideSNP_6_B12_1513302	13	34197304	38071135	2684	0.0474
TAKEN_p_TCGAb_379_400_FFPE_NSP_GenomeWideSNP_6_B12_1513302	13	38072036	38084757	16	-2.5643
TAKEN_p_TCGAb_379_400_FFPE_NSP_GenomeWideSNP_6_B12_1513302	13	38088330	39052811	701	0.0535
TAKEN_p_TCGAb_379_400_FFPE_NSP_GenomeWideSNP_6_B12_1513302	13	39057572	39058056	2	-1.9486
TAKEN_p_TCGAb_379_400_FFPE_NSP_GenomeWideSNP_6_B12_1513302	13	39065057	57751096	11844	0.056
TAKEN_p_TCGAb_379_400_FFPE_NSP_GenomeWideSNP_6_B12_1513302	13	57758270	57778380	34	-1.886
TAKEN_p_TCGAb_379_400_FFPE_NSP_GenomeWideSNP_6_B12_1513302	13	57789714	64223063	3807	0.0385
TAKEN_p_TCGAb_379_400_FFPE_NSP_GenomeWideSNP_6_B12_1513302	13	64224205	64236692	10	-0.6872
TAKEN_p_TCGAb_379_400_FFPE_NSP_GenomeWideSNP_6_B12_1513302	13	64239563	71196461	4419	0.0412
TAKEN_p_TCGAb_379_400_FFPE_NSP_GenomeWideSNP_6_B12_1513302	13	71196602	71198222	3	-1.3744
TAKEN_p_TCGAb_379_400_FFPE_NSP_GenomeWideSNP_6_B12_1513302	13	71199381	72476988	769	0.0475
TAKEN_p_TCGAb_379_400_FFPE_NSP_GenomeWideSNP_6_B12_1513302	13	72477555	72480556	4	-3.0004
TAKEN_p_TCGAb_379_400_FFPE_NSP_GenomeWideSNP_6_B12_1513302	13	72480605	72892010	353	0.0478
TAKEN_p_TCGAb_379_400_FFPE_NSP_GenomeWideSNP_6_B12_1513302	13	72894837	72895469	3	-0.8659
TAKEN_p_TCGAb_379_400_FFPE_NSP_GenomeWideSNP_6_B12_1513302	13	72898528	75021897	1562	0.0609
TAKEN_p_TCGAb_379_400_FFPE_NSP_GenomeWideSNP_6_B12_1513302	13	75022003	75022661	2	-1.3428
TAKEN_p_TCGAb_379_400_FFPE_NSP_GenomeWideSNP_6_B12_1513302	13	75024613	78711996	2530	0.0534
TAKEN_p_TCGAb_379_400_FFPE_NSP_GenomeWideSNP_6_B12_1513302	13	78714858	78715400	3	-0.7649
TAKEN_p_TCGAb_379_400_FFPE_NSP_GenomeWideSNP_6_B12_1513302	13	78716024	83164534	2835	0.0427
TAKEN_p_TCGAb_379_400_FFPE_NSP_GenomeWideSNP_6_B12_1513302	13	83168967	83170678	2	-1.1673
TAKEN_p_TCGAb_379_400_FFPE_NSP_GenomeWideSNP_6_B12_1513302	13	83172655	111584506	19966	0.045
TAKEN_p_TCGAb_379_400_FFPE_NSP_GenomeWideSNP_6_B12_1513302	13	111588967	111590028	3	-0.9693
TAKEN_p_TCGAb_379_400_FFPE_NSP_GenomeWideSNP_6_B12_1513302	13	111592780	115108397	1898	0.0662
TAKEN_p_TCGAb_379_400_FFPE_NSP_GenomeWideSNP_6_B12_1513302	14	19002124	19422533	29	-0.1932
TAKEN_p_TCGAb_379_400_FFPE_NSP_GenomeWideSNP_6_B12_1513302	14	19432799	20422583	160	-0.6954
TAKEN_p_TCGAb_379_400_FFPE_NSP_GenomeWideSNP_6_B12_1513302	14	20423372	24445024	2737	-0.4016
TAKEN_p_TCGAb_379_400_FFPE_NSP_GenomeWideSNP_6_B12_1513302	14	24445634	24484459	22	-2.6576
TAKEN_p_TCGAb_379_400_FFPE_NSP_GenomeWideSNP_6_B12_1513302	14	24488143	68672942	27795	-0.3765
TAKEN_p_TCGAb_379_400_FFPE_NSP_GenomeWideSNP_6_B12_1513302	14	68675090	68677492	3	-1.7385
TAKEN_p_TCGAb_379_400_FFPE_NSP_GenomeWideSNP_6_B12_1513302	14	68677744	74006707	3575	-0.377
TAKEN_p_TCGAb_379_400_FFPE_NSP_GenomeWideSNP_6_B12_1513302	14	74006851	74038551	12	0.5544
TAKEN_p_TCGAb_379_400_FFPE_NSP_GenomeWideSNP_6_B12_1513302	14	74044966	85565090	7598	-0.3874
TAKEN_p_TCGAb_379_400_FFPE_NSP_GenomeWideSNP_6_B12_1513302	14	85565155	85565274	2	-2.2278
TAKEN_p_TCGAb_379_400_FFPE_NSP_GenomeWideSNP_6_B12_1513302	14	85565295	104887585	12718	-0.3884
TAKEN_p_TCGAb_379_400_FFPE_NSP_GenomeWideSNP_6_B12_1513302	14	104891972	104892153	2	1.2573
TAKEN_p_TCGAb_379_400_FFPE_NSP_GenomeWideSNP_6_B12_1513302	14	104895512	106918108	690	-0.361
TAKEN_p_TCGAb_379_400_FFPE_NSP_GenomeWideSNP_6_B12_1513302	14	106918649	106939788	8	0.9042
TAKEN_p_TCGAb_379_400_FFPE_NSP_GenomeWideSNP_6_B12_1513302	14	106943522	107160325	127	-0.3351
TAKEN_p_TCGAb_379_400_FFPE_NSP_GenomeWideSNP_6_B12_1513302	14	107160399	107174572	12	0.1845
TAKEN_p_TCGAb_379_400_FFPE_NSP_GenomeWideSNP_6_B12_1513302	14	107176213	107184466	11	-0.638
TAKEN_p_TCGAb_379_400_FFPE_NSP_GenomeWideSNP_6_B12_1513302	14	107184483	107187776	4	0.2882
TAKEN_p_TCGAb_379_400_FFPE_NSP_GenomeWideSNP_6_B12_1513302	14	107187813	107285437	62	-0.4468
TAKEN_p_TCGAb_379_400_FFPE_NSP_GenomeWideSNP_6_B12_1513302	15	20016328	20820159	156	0.1741
TAKEN_p_TCGAb_379_400_FFPE_NSP_GenomeWideSNP_6_B12_1513302	15	20830374	22673399	266	0.4834
TAKEN_p_TCGAb_379_400_FFPE_NSP_GenomeWideSNP_6_B12_1513302	15	22681076	25471157	1542	0.0379
TAKEN_p_TCGAb_379_400_FFPE_NSP_GenomeWideSNP_6_B12_1513302	15	25473265	25484474	4	-1.0054
TAKEN_p_TCGAb_379_400_FFPE_NSP_GenomeWideSNP_6_B12_1513302	15	25486581	26262096	620	0.3296
TAKEN_p_TCGAb_379_400_FFPE_NSP_GenomeWideSNP_6_B12_1513302	15	26262389	28705281	1645	0.6357
TAKEN_p_TCGAb_379_400_FFPE_NSP_GenomeWideSNP_6_B12_1513302	15	28706002	28919784	10	0.16
TAKEN_p_TCGAb_379_400_FFPE_NSP_GenomeWideSNP_6_B12_1513302	15	28921053	30444276	861	-0.3953
TAKEN_p_TCGAb_379_400_FFPE_NSP_GenomeWideSNP_6_B12_1513302	15	30448595	30887956	106	-0.8717
TAKEN_p_TCGAb_379_400_FFPE_NSP_GenomeWideSNP_6_B12_1513302	15	30900878	32512220	1069	-0.3782
TAKEN_p_TCGAb_379_400_FFPE_NSP_GenomeWideSNP_6_B12_1513302	15	32531316	32578141	11	-1.0279
TAKEN_p_TCGAb_379_400_FFPE_NSP_GenomeWideSNP_6_B12_1513302	15	32591766	34719811	1529	-0.3836
TAKEN_p_TCGAb_379_400_FFPE_NSP_GenomeWideSNP_6_B12_1513302	15	34719935	34830944	69	-0.8401
TAKEN_p_TCGAb_379_400_FFPE_NSP_GenomeWideSNP_6_B12_1513302	15	34855818	38464874	2521	-0.3728
TAKEN_p_TCGAb_379_400_FFPE_NSP_GenomeWideSNP_6_B12_1513302	15	38465813	38468627	2	-2.6631
TAKEN_p_TCGAb_379_400_FFPE_NSP_GenomeWideSNP_6_B12_1513302	15	38471642	43845503	3164	-0.3734
TAKEN_p_TCGAb_379_400_FFPE_NSP_GenomeWideSNP_6_B12_1513302	15	43885118	43893072	3	-1.6307
TAKEN_p_TCGAb_379_400_FFPE_NSP_GenomeWideSNP_6_B12_1513302	15	43893818	45105374	502	-0.338
TAKEN_p_TCGAb_379_400_FFPE_NSP_GenomeWideSNP_6_B12_1513302	15	45105876	45176050	41	0.3283
TAKEN_p_TCGAb_379_400_FFPE_NSP_GenomeWideSNP_6_B12_1513302	15	45178785	45204971	8	-0.247
TAKEN_p_TCGAb_379_400_FFPE_NSP_GenomeWideSNP_6_B12_1513302	15	45217083	45289768	32	0.3981
TAKEN_p_TCGAb_379_400_FFPE_NSP_GenomeWideSNP_6_B12_1513302	15	45296113	84540717	24629	-0.368
TAKEN_p_TCGAb_379_400_FFPE_NSP_GenomeWideSNP_6_B12_1513302	15	84540738	84543550	6	-1.743
TAKEN_p_TCGAb_379_400_FFPE_NSP_GenomeWideSNP_6_B12_1513302	15	84547277	86946291	1472	-0.3828
TAKEN_p_TCGAb_379_400_FFPE_NSP_GenomeWideSNP_6_B12_1513302	15	86947468	86953068	4	-1.5808
TAKEN_p_TCGAb_379_400_FFPE_NSP_GenomeWideSNP_6_B12_1513302	15	86955295	88820790	1579	-0.3783
TAKEN_p_TCGAb_379_400_FFPE_NSP_GenomeWideSNP_6_B12_1513302	15	88822516	88822674	3	-3.0422
TAKEN_p_TCGAb_379_400_FFPE_NSP_GenomeWideSNP_6_B12_1513302	15	88822766	91737765	1828	-0.3925
TAKEN_p_TCGAb_379_400_FFPE_NSP_GenomeWideSNP_6_B12_1513302	15	91738346	91742084	3	-1.7078
TAKEN_p_TCGAb_379_400_FFPE_NSP_GenomeWideSNP_6_B12_1513302	15	91742174	92765755	905	-0.3892
TAKEN_p_TCGAb_379_400_FFPE_NSP_GenomeWideSNP_6_B12_1513302	15	92765874	92766294	3	1.0134
TAKEN_p_TCGAb_379_400_FFPE_NSP_GenomeWideSNP_6_B12_1513302	15	92766758	102396545	7421	-0.3897
TAKEN_p_TCGAb_379_400_FFPE_NSP_GenomeWideSNP_6_B12_1513302	15	102399549	102469040	15	0.0013
TAKEN_p_TCGAb_379_400_FFPE_NSP_GenomeWideSNP_6_B12_1513302	16	60777	14980977	11139	0.0615
TAKEN_p_TCGAb_379_400_FFPE_NSP_GenomeWideSNP_6_B12_1513302	16	14989839	15094300	55	-0.6132
TAKEN_p_TCGAb_379_400_FFPE_NSP_GenomeWideSNP_6_B12_1513302	16	15094368	32124331	8906	0.0555
TAKEN_p_TCGAb_379_400_FFPE_NSP_GenomeWideSNP_6_B12_1513302	16	32146886	32743289	100	-0.3963
TAKEN_p_TCGAb_379_400_FFPE_NSP_GenomeWideSNP_6_B12_1513302	16	32743481	33241953	51	-0.0579
TAKEN_p_TCGAb_379_400_FFPE_NSP_GenomeWideSNP_6_B12_1513302	16	33300894	33375884	11	-0.503
TAKEN_p_TCGAb_379_400_FFPE_NSP_GenomeWideSNP_6_B12_1513302	16	33380766	33436610	6	-1.1372
TAKEN_p_TCGAb_379_400_FFPE_NSP_GenomeWideSNP_6_B12_1513302	16	33438549	33631830	72	-0.5357
TAKEN_p_TCGAb_379_400_FFPE_NSP_GenomeWideSNP_6_B12_1513302	16	33643399	53458017	4966	0.0634
TAKEN_p_TCGAb_379_400_FFPE_NSP_GenomeWideSNP_6_B12_1513302	16	53469387	53469463	2	2.5016
TAKEN_p_TCGAb_379_400_FFPE_NSP_GenomeWideSNP_6_B12_1513302	16	53469807	70842097	11102	0.0631
TAKEN_p_TCGAb_379_400_FFPE_NSP_GenomeWideSNP_6_B12_1513302	16	70854381	71205194	143	0.4383
TAKEN_p_TCGAb_379_400_FFPE_NSP_GenomeWideSNP_6_B12_1513302	16	71205908	78372611	5239	0.0615
TAKEN_p_TCGAb_379_400_FFPE_NSP_GenomeWideSNP_6_B12_1513302	16	78372846	78384765	15	0.8286
TAKEN_p_TCGAb_379_400_FFPE_NSP_GenomeWideSNP_6_B12_1513302	16	78385001	90287535	10651	0.055
TAKEN_p_TCGAb_379_400_FFPE_NSP_GenomeWideSNP_6_B12_1513302	17	526	16654301	10500	-0.3876
TAKEN_p_TCGAb_379_400_FFPE_NSP_GenomeWideSNP_6_B12_1513302	17	16657331	16722801	10	0.418
TAKEN_p_TCGAb_379_400_FFPE_NSP_GenomeWideSNP_6_B12_1513302	17	16735532	18355392	924	-0.3834
TAKEN_p_TCGAb_379_400_FFPE_NSP_GenomeWideSNP_6_B12_1513302	17	18358946	18465221	28	-1.8462
TAKEN_p_TCGAb_379_400_FFPE_NSP_GenomeWideSNP_6_B12_1513302	17	18469197	19455277	348	-0.3806
TAKEN_p_TCGAb_379_400_FFPE_NSP_GenomeWideSNP_6_B12_1513302	17	19458185	19751484	210	0.0774
TAKEN_p_TCGAb_379_400_FFPE_NSP_GenomeWideSNP_6_B12_1513302	17	19752129	25271294	996	-0.3536
TAKEN_p_TCGAb_379_400_FFPE_NSP_GenomeWideSNP_6_B12_1513302	17	25274376	27779438	1213	0.0607
TAKEN_p_TCGAb_379_400_FFPE_NSP_GenomeWideSNP_6_B12_1513302	17	27782227	27782877	4	-1.0002
TAKEN_p_TCGAb_379_400_FFPE_NSP_GenomeWideSNP_6_B12_1513302	17	27788257	29509592	712	0.0626
TAKEN_p_TCGAb_379_400_FFPE_NSP_GenomeWideSNP_6_B12_1513302	17	29515871	29625838	50	-0.6799
TAKEN_p_TCGAb_379_400_FFPE_NSP_GenomeWideSNP_6_B12_1513302	17	29628492	34411652	3368	0.0648
TAKEN_p_TCGAb_379_400_FFPE_NSP_GenomeWideSNP_6_B12_1513302	17	34415479	34461082	40	0.3177
TAKEN_p_TCGAb_379_400_FFPE_NSP_GenomeWideSNP_6_B12_1513302	17	34461454	34461869	3	-0.6214
TAKEN_p_TCGAb_379_400_FFPE_NSP_GenomeWideSNP_6_B12_1513302	17	34461903	34629696	19	0.3381
TAKEN_p_TCGAb_379_400_FFPE_NSP_GenomeWideSNP_6_B12_1513302	17	34816256	37868505	1672	0.0639
TAKEN_p_TCGAb_379_400_FFPE_NSP_GenomeWideSNP_6_B12_1513302	17	37868529	37868762	5	1.4511
TAKEN_p_TCGAb_379_400_FFPE_NSP_GenomeWideSNP_6_B12_1513302	17	37869056	39387560	845	0.0665
TAKEN_p_TCGAb_379_400_FFPE_NSP_GenomeWideSNP_6_B12_1513302	17	39389311	39393769	4	-0.8168
TAKEN_p_TCGAb_379_400_FFPE_NSP_GenomeWideSNP_6_B12_1513302	17	39395856	39421708	12	0.0416
TAKEN_p_TCGAb_379_400_FFPE_NSP_GenomeWideSNP_6_B12_1513302	17	39423014	39428090	16	0.4762
TAKEN_p_TCGAb_379_400_FFPE_NSP_GenomeWideSNP_6_B12_1513302	17	39428142	43648540	2173	0.0643
TAKEN_p_TCGAb_379_400_FFPE_NSP_GenomeWideSNP_6_B12_1513302	17	43655090	43658471	6	-0.559
TAKEN_p_TCGAb_379_400_FFPE_NSP_GenomeWideSNP_6_B12_1513302	17	43659426	44505241	477	0.0531
TAKEN_p_TCGAb_379_400_FFPE_NSP_GenomeWideSNP_6_B12_1513302	17	44523711	44523726	2	1.4332
TAKEN_p_TCGAb_379_400_FFPE_NSP_GenomeWideSNP_6_B12_1513302	17	44546329	55560530	6969	0.0635
TAKEN_p_TCGAb_379_400_FFPE_NSP_GenomeWideSNP_6_B12_1513302	17	55562151	55562228	2	-1.4447
TAKEN_p_TCGAb_379_400_FFPE_NSP_GenomeWideSNP_6_B12_1513302	17	55564211	75389589	11833	0.0603
TAKEN_p_TCGAb_379_400_FFPE_NSP_GenomeWideSNP_6_B12_1513302	17	75390237	75390675	3	-1.0366
TAKEN_p_TCGAb_379_400_FFPE_NSP_GenomeWideSNP_6_B12_1513302	17	75390904	80226571	2432	0.0627
TAKEN_p_TCGAb_379_400_FFPE_NSP_GenomeWideSNP_6_B12_1513302	17	80234895	80373500	40	0.5328
TAKEN_p_TCGAb_379_400_FFPE_NSP_GenomeWideSNP_6_B12_1513302	17	80374416	81049726	376	0.0567
TAKEN_p_TCGAb_379_400_FFPE_NSP_GenomeWideSNP_6_B12_1513302	18	11543	9878670	7228	0.0481
TAKEN_p_TCGAb_379_400_FFPE_NSP_GenomeWideSNP_6_B12_1513302	18	9881020	9881801	3	-1.1203
TAKEN_p_TCGAb_379_400_FFPE_NSP_GenomeWideSNP_6_B12_1513302	18	9886492	9990161	74	0.0679
TAKEN_p_TCGAb_379_400_FFPE_NSP_GenomeWideSNP_6_B12_1513302	18	9995045	10133804	142	0.5075
TAKEN_p_TCGAb_379_400_FFPE_NSP_GenomeWideSNP_6_B12_1513302	18	10137835	29038991	9451	0.0495
TAKEN_p_TCGAb_379_400_FFPE_NSP_GenomeWideSNP_6_B12_1513302	18	29041649	29042344	3	-1.1241
TAKEN_p_TCGAb_379_400_FFPE_NSP_GenomeWideSNP_6_B12_1513302	18	29047427	32581519	2217	0.0398
TAKEN_p_TCGAb_379_400_FFPE_NSP_GenomeWideSNP_6_B12_1513302	18	32582998	32583061	2	-1.1991
TAKEN_p_TCGAb_379_400_FFPE_NSP_GenomeWideSNP_6_B12_1513302	18	32588499	38258727	3734	0.0582
TAKEN_p_TCGAb_379_400_FFPE_NSP_GenomeWideSNP_6_B12_1513302	18	38260420	38265389	19	-0.626
TAKEN_p_TCGAb_379_400_FFPE_NSP_GenomeWideSNP_6_B12_1513302	18	38268024	55425144	11547	0.0597
TAKEN_p_TCGAb_379_400_FFPE_NSP_GenomeWideSNP_6_B12_1513302	18	55425282	55425478	2	1.2741
TAKEN_p_TCGAb_379_400_FFPE_NSP_GenomeWideSNP_6_B12_1513302	18	55431181	63574738	5857	0.0551
TAKEN_p_TCGAb_379_400_FFPE_NSP_GenomeWideSNP_6_B12_1513302	18	63576785	63582671	5	-0.7396
TAKEN_p_TCGAb_379_400_FFPE_NSP_GenomeWideSNP_6_B12_1513302	18	63585662	63762300	161	0.0709
TAKEN_p_TCGAb_379_400_FFPE_NSP_GenomeWideSNP_6_B12_1513302	18	63767140	63767922	3	-2.2761
TAKEN_p_TCGAb_379_400_FFPE_NSP_GenomeWideSNP_6_B12_1513302	18	63775595	64959207	772	0.041
TAKEN_p_TCGAb_379_400_FFPE_NSP_GenomeWideSNP_6_B12_1513302	18	64959223	64967718	21	-0.7048
TAKEN_p_TCGAb_379_400_FFPE_NSP_GenomeWideSNP_6_B12_1513302	18	64967954	78015057	9591	0.0514
TAKEN_p_TCGAb_379_400_FFPE_NSP_GenomeWideSNP_6_B12_1513302	19	90910	255830	7	0.4343
TAKEN_p_TCGAb_379_400_FFPE_NSP_GenomeWideSNP_6_B12_1513302	19	257392	305278	28	-0.5777
TAKEN_p_TCGAb_379_400_FFPE_NSP_GenomeWideSNP_6_B12_1513302	19	305304	462698	65	0.0294
TAKEN_p_TCGAb_379_400_FFPE_NSP_GenomeWideSNP_6_B12_1513302	19	462736	4552412	1104	-0.3966
TAKEN_p_TCGAb_379_400_FFPE_NSP_GenomeWideSNP_6_B12_1513302	19	4555786	6269321	751	0.066
TAKEN_p_TCGAb_379_400_FFPE_NSP_GenomeWideSNP_6_B12_1513302	19	6270400	6525600	107	-0.3505
TAKEN_p_TCGAb_379_400_FFPE_NSP_GenomeWideSNP_6_B12_1513302	19	6535498	6820951	163	0.0979
TAKEN_p_TCGAb_379_400_FFPE_NSP_GenomeWideSNP_6_B12_1513302	19	6822644	14914914	3782	0.3829
TAKEN_p_TCGAb_379_400_FFPE_NSP_GenomeWideSNP_6_B12_1513302	19	14915641	14922883	5	-0.5955
TAKEN_p_TCGAb_379_400_FFPE_NSP_GenomeWideSNP_6_B12_1513302	19	14923037	15187455	218	0.4186
TAKEN_p_TCGAb_379_400_FFPE_NSP_GenomeWideSNP_6_B12_1513302	19	15187722	15190028	2	-0.9021
TAKEN_p_TCGAb_379_400_FFPE_NSP_GenomeWideSNP_6_B12_1513302	19	15192382	18060457	1599	0.3739
TAKEN_p_TCGAb_379_400_FFPE_NSP_GenomeWideSNP_6_B12_1513302	19	18066574	18735920	255	0.0661
TAKEN_p_TCGAb_379_400_FFPE_NSP_GenomeWideSNP_6_B12_1513302	19	18736502	19743776	430	0.3901
TAKEN_p_TCGAb_379_400_FFPE_NSP_GenomeWideSNP_6_B12_1513302	19	19750010	36714971	8742	0.0622
TAKEN_p_TCGAb_379_400_FFPE_NSP_GenomeWideSNP_6_B12_1513302	19	36717111	39784062	1552	-0.3157
TAKEN_p_TCGAb_379_400_FFPE_NSP_GenomeWideSNP_6_B12_1513302	19	39788442	40364641	344	0.3621
TAKEN_p_TCGAb_379_400_FFPE_NSP_GenomeWideSNP_6_B12_1513302	19	40374809	40455082	45	-0.1965
TAKEN_p_TCGAb_379_400_FFPE_NSP_GenomeWideSNP_6_B12_1513302	19	40458136	43072630	1287	0.0563
TAKEN_p_TCGAb_379_400_FFPE_NSP_GenomeWideSNP_6_B12_1513302	19	43072970	59097854	8866	-0.3266
TAKEN_p_TCGAb_379_400_FFPE_NSP_GenomeWideSNP_6_B12_1513302	20	61305	1567721	1212	0.0899
TAKEN_p_TCGAb_379_400_FFPE_NSP_GenomeWideSNP_6_B12_1513302	20	1567744	1568006	2	-1.2356
TAKEN_p_TCGAb_379_400_FFPE_NSP_GenomeWideSNP_6_B12_1513302	20	1568083	22472698	16243	0.0806
TAKEN_p_TCGAb_379_400_FFPE_NSP_GenomeWideSNP_6_B12_1513302	20	22474029	22474995	2	-1.4849
TAKEN_p_TCGAb_379_400_FFPE_NSP_GenomeWideSNP_6_B12_1513302	20	22475050	24020321	1257	0.0589
TAKEN_p_TCGAb_379_400_FFPE_NSP_GenomeWideSNP_6_B12_1513302	20	24020776	24020890	2	-1.3778
TAKEN_p_TCGAb_379_400_FFPE_NSP_GenomeWideSNP_6_B12_1513302	20	24021265	48782534	13403	0.0579
TAKEN_p_TCGAb_379_400_FFPE_NSP_GenomeWideSNP_6_B12_1513302	20	48791719	48792793	2	-1.1977
TAKEN_p_TCGAb_379_400_FFPE_NSP_GenomeWideSNP_6_B12_1513302	20	48794917	62956153	10382	0.0595
TAKEN_p_TCGAb_379_400_FFPE_NSP_GenomeWideSNP_6_B12_1513302	21	10736871	10953424	36	0.0547
TAKEN_p_TCGAb_379_400_FFPE_NSP_GenomeWideSNP_6_B12_1513302	21	10954126	11002646	37	0.4183
TAKEN_p_TCGAb_379_400_FFPE_NSP_GenomeWideSNP_6_B12_1513302	21	11008141	14436791	56	0.0027
TAKEN_p_TCGAb_379_400_FFPE_NSP_GenomeWideSNP_6_B12_1513302	21	14446712	14549965	19	-0.9117
TAKEN_p_TCGAb_379_400_FFPE_NSP_GenomeWideSNP_6_B12_1513302	21	14560710	24035277	6610	0.0367
TAKEN_p_TCGAb_379_400_FFPE_NSP_GenomeWideSNP_6_B12_1513302	21	24039924	24043069	3	-1.2621
TAKEN_p_TCGAb_379_400_FFPE_NSP_GenomeWideSNP_6_B12_1513302	21	24044076	25228761	942	0.0393
TAKEN_p_TCGAb_379_400_FFPE_NSP_GenomeWideSNP_6_B12_1513302	21	25229806	25239962	5	-0.6846
TAKEN_p_TCGAb_379_400_FFPE_NSP_GenomeWideSNP_6_B12_1513302	21	25241036	25502711	236	0.0259
TAKEN_p_TCGAb_379_400_FFPE_NSP_GenomeWideSNP_6_B12_1513302	21	25503001	25503128	3	-3.8295
TAKEN_p_TCGAb_379_400_FFPE_NSP_GenomeWideSNP_6_B12_1513302	21	25505581	26858203	986	0.0326
TAKEN_p_TCGAb_379_400_FFPE_NSP_GenomeWideSNP_6_B12_1513302	21	26863780	26866666	4	-0.8705
TAKEN_p_TCGAb_379_400_FFPE_NSP_GenomeWideSNP_6_B12_1513302	21	26866812	27174076	189	0.0641
TAKEN_p_TCGAb_379_400_FFPE_NSP_GenomeWideSNP_6_B12_1513302	21	27175780	27178550	4	-0.979
TAKEN_p_TCGAb_379_400_FFPE_NSP_GenomeWideSNP_6_B12_1513302	21	27187208	28194904	840	0.0304
TAKEN_p_TCGAb_379_400_FFPE_NSP_GenomeWideSNP_6_B12_1513302	21	28200072	28204424	9	-0.772
TAKEN_p_TCGAb_379_400_FFPE_NSP_GenomeWideSNP_6_B12_1513302	21	28204504	43314604	11500	0.0504
TAKEN_p_TCGAb_379_400_FFPE_NSP_GenomeWideSNP_6_B12_1513302	21	43319534	43319556	2	-1.3363
TAKEN_p_TCGAb_379_400_FFPE_NSP_GenomeWideSNP_6_B12_1513302	21	43319737	48096957	2943	0.0433
TAKEN_p_TCGAb_379_400_FFPE_NSP_GenomeWideSNP_6_B12_1513302	22	16052528	16248706	39	-0.3606
TAKEN_p_TCGAb_379_400_FFPE_NSP_GenomeWideSNP_6_B12_1513302	22	16281201	39351466	15477	0.0667
TAKEN_p_TCGAb_379_400_FFPE_NSP_GenomeWideSNP_6_B12_1513302	22	39363619	39364000	6	-0.8901
TAKEN_p_TCGAb_379_400_FFPE_NSP_GenomeWideSNP_6_B12_1513302	22	39365358	39369966	8	-0.2517
TAKEN_p_TCGAb_379_400_FFPE_NSP_GenomeWideSNP_6_B12_1513302	22	39370332	39375307	10	-0.803
TAKEN_p_TCGAb_379_400_FFPE_NSP_GenomeWideSNP_6_B12_1513302	22	39389628	51234455	8032	0.0582
TAKEN_p_TCGAb_379_400_FFPE_NSP_GenomeWideSNP_6_B12_1513302	X	168477	2711429	104	0.0608
TAKEN_p_TCGAb_379_400_FFPE_NSP_GenomeWideSNP_6_B12_1513302	X	2711961	2712661	3	-1.2875
TAKEN_p_TCGAb_379_400_FFPE_NSP_GenomeWideSNP_6_B12_1513302	X	2712915	9372167	5038	-0.0139
TAKEN_p_TCGAb_379_400_FFPE_NSP_GenomeWideSNP_6_B12_1513302	X	9375009	9376235	3	1.1729
TAKEN_p_TCGAb_379_400_FFPE_NSP_GenomeWideSNP_6_B12_1513302	X	9384230	16411642	4962	-0.0042
TAKEN_p_TCGAb_379_400_FFPE_NSP_GenomeWideSNP_6_B12_1513302	X	16413514	16419749	5	-1.2128
TAKEN_p_TCGAb_379_400_FFPE_NSP_GenomeWideSNP_6_B12_1513302	X	16422897	22873915	3705	-0.0015
TAKEN_p_TCGAb_379_400_FFPE_NSP_GenomeWideSNP_6_B12_1513302	X	22873931	22873945	2	-2.8898
TAKEN_p_TCGAb_379_400_FFPE_NSP_GenomeWideSNP_6_B12_1513302	X	22880337	23983594	860	-0.0126
TAKEN_p_TCGAb_379_400_FFPE_NSP_GenomeWideSNP_6_B12_1513302	X	23984700	24147773	68	-0.4768
TAKEN_p_TCGAb_379_400_FFPE_NSP_GenomeWideSNP_6_B12_1513302	X	24147942	47871270	14394	-0.0083
TAKEN_p_TCGAb_379_400_FFPE_NSP_GenomeWideSNP_6_B12_1513302	X	47880157	47969933	70	-0.6366
TAKEN_p_TCGAb_379_400_FFPE_NSP_GenomeWideSNP_6_B12_1513302	X	47970048	55260285	2899	0.0092
TAKEN_p_TCGAb_379_400_FFPE_NSP_GenomeWideSNP_6_B12_1513302	X	55261089	55261213	2	-1.879
TAKEN_p_TCGAb_379_400_FFPE_NSP_GenomeWideSNP_6_B12_1513302	X	55261816	58503957	1539	0.0267
TAKEN_p_TCGAb_379_400_FFPE_NSP_GenomeWideSNP_6_B12_1513302	X	58504096	58542973	3	1.345
TAKEN_p_TCGAb_379_400_FFPE_NSP_GenomeWideSNP_6_B12_1513302	X	58549568	116809479	28229	0.0033
TAKEN_p_TCGAb_379_400_FFPE_NSP_GenomeWideSNP_6_B12_1513302	X	116813517	119334499	1471	0.242
TAKEN_p_TCGAb_379_400_FFPE_NSP_GenomeWideSNP_6_B12_1513302	X	119334613	148644546	17869	-0.0048
TAKEN_p_TCGAb_379_400_FFPE_NSP_GenomeWideSNP_6_B12_1513302	X	148644557	148654489	8	-1.4331
TAKEN_p_TCGAb_379_400_FFPE_NSP_GenomeWideSNP_6_B12_1513302	X	148686062	148839824	83	0.0706
TAKEN_p_TCGAb_379_400_FFPE_NSP_GenomeWideSNP_6_B12_1513302	X	148875597	149103220	71	0.6782
TAKEN_p_TCGAb_379_400_FFPE_NSP_GenomeWideSNP_6_B12_1513302	X	149105779	150779686	1091	-0.006
TAKEN_p_TCGAb_379_400_FFPE_NSP_GenomeWideSNP_6_B12_1513302	X	150783728	150791294	3	1.2393
TAKEN_p_TCGAb_379_400_FFPE_NSP_GenomeWideSNP_6_B12_1513302	X	150791868	155182354	2111	-0.0023
TAKEN_p_TCGAb_379_400_FFPE_NSP_GenomeWideSNP_6_B12_1513302	Y	2650438	2879609	114	-3.157
TAKEN_p_TCGAb_379_400_FFPE_NSP_GenomeWideSNP_6_B12_1513302	Y	2883369	2902974	11	-4.4296
TAKEN_p_TCGAb_379_400_FFPE_NSP_GenomeWideSNP_6_B12_1513302	Y	2905717	2974958	24	-3.1197
TAKEN_p_TCGAb_379_400_FFPE_NSP_GenomeWideSNP_6_B12_1513302	Y	2976180	6063042	697	-2.5455
TAKEN_p_TCGAb_379_400_FFPE_NSP_GenomeWideSNP_6_B12_1513302	Y	6063146	6400205	142	-3.4961
TAKEN_p_TCGAb_379_400_FFPE_NSP_GenomeWideSNP_6_B12_1513302	Y	6400537	6532106	40	-2.6808
TAKEN_p_TCGAb_379_400_FFPE_NSP_GenomeWideSNP_6_B12_1513302	Y	6537454	6583358	10	-1.307
TAKEN_p_TCGAb_379_400_FFPE_NSP_GenomeWideSNP_6_B12_1513302	Y	6588027	6635745	13	-2.7813
TAKEN_p_TCGAb_379_400_FFPE_NSP_GenomeWideSNP_6_B12_1513302	Y	6642921	8332669	1000	-3.2474
TAKEN_p_TCGAb_379_400_FFPE_NSP_GenomeWideSNP_6_B12_1513302	Y	8334875	8579205	163	-3.7008
TAKEN_p_TCGAb_379_400_FFPE_NSP_GenomeWideSNP_6_B12_1513302	Y	8579655	9168140	230	-3.2805
TAKEN_p_TCGAb_379_400_FFPE_NSP_GenomeWideSNP_6_B12_1513302	Y	9170545	9172214	3	-7.3734
TAKEN_p_TCGAb_379_400_FFPE_NSP_GenomeWideSNP_6_B12_1513302	Y	9172560	15590342	1129	-3.1516
TAKEN_p_TCGAb_379_400_FFPE_NSP_GenomeWideSNP_6_B12_1513302	Y	15591537	15594523	2	-8.6733
TAKEN_p_TCGAb_379_400_FFPE_NSP_GenomeWideSNP_6_B12_1513302	Y	15594889	21910311	3126	-3.1976
TAKEN_p_TCGAb_379_400_FFPE_NSP_GenomeWideSNP_6_B12_1513302	Y	21917313	21917832	2	-8.5621
TAKEN_p_TCGAb_379_400_FFPE_NSP_GenomeWideSNP_6_B12_1513302	Y	21918198	22914301	289	-3.1746
TAKEN_p_TCGAb_379_400_FFPE_NSP_GenomeWideSNP_6_B12_1513302	Y	22914378	22918577	2	-7.4771
TAKEN_p_TCGAb_379_400_FFPE_NSP_GenomeWideSNP_6_B12_1513302	Y	22918892	26430674	987	-3.2769
TAKEN_p_TCGAb_379_400_FFPE_NSP_GenomeWideSNP_6_B12_1513302	Y	26430908	26469059	17	-1.221
TAKEN_p_TCGAb_379_400_FFPE_NSP_GenomeWideSNP_6_B12_1513302	Y	26473956	26526478	14	-2.7272
TAKEN_p_TCGAb_379_400_FFPE_NSP_GenomeWideSNP_6_B12_1513302	Y	26598702	27367487	90	-3.7141
TAKEN_p_TCGAb_379_400_FFPE_NSP_GenomeWideSNP_6_B12_1513302	Y	27436702	27529084	34	-2.113
TAKEN_p_TCGAb_379_400_FFPE_NSP_GenomeWideSNP_6_B12_1513302	Y	27535030	27609288	26	-3.6403
TAKEN_p_TCGAb_379_400_FFPE_NSP_GenomeWideSNP_6_B12_1513302	Y	27609970	27629134	4	-0.9822
TAKEN_p_TCGAb_379_400_FFPE_NSP_GenomeWideSNP_6_B12_1513302	Y	27629348	28422459	276	-3.2364
TAKEN_p_TCGAb_379_400_FFPE_NSP_GenomeWideSNP_6_B12_1513302	Y	28423199	59018259	186	-2.536
