Sample	Chromosome	Start	End	Num_Probes	Segment_Mean
TAKEN_p_TCGAb_379_400_FFPE_NSP_GenomeWideSNP_6_A05_1513294	1	61735	98602	17	-0.5481
TAKEN_p_TCGAb_379_400_FFPE_NSP_GenomeWideSNP_6_A05_1513294	1	228706	1510801	209	0.0404
TAKEN_p_TCGAb_379_400_FFPE_NSP_GenomeWideSNP_6_A05_1513294	1	1627918	1672603	17	-0.8268
TAKEN_p_TCGAb_379_400_FFPE_NSP_GenomeWideSNP_6_A05_1513294	1	1687587	25604466	13938	0.0051
TAKEN_p_TCGAb_379_400_FFPE_NSP_GenomeWideSNP_6_A05_1513294	1	25605058	25645184	11	-0.7404
TAKEN_p_TCGAb_379_400_FFPE_NSP_GenomeWideSNP_6_A05_1513294	1	25645658	62113102	21483	0.0061
TAKEN_p_TCGAb_379_400_FFPE_NSP_GenomeWideSNP_6_A05_1513294	1	62114006	62118187	4	-1.0804
TAKEN_p_TCGAb_379_400_FFPE_NSP_GenomeWideSNP_6_A05_1513294	1	62119809	73008167	7547	0.0062
TAKEN_p_TCGAb_379_400_FFPE_NSP_GenomeWideSNP_6_A05_1513294	1	73011920	73088158	49	-0.9106
TAKEN_p_TCGAb_379_400_FFPE_NSP_GenomeWideSNP_6_A05_1513294	1	73097100	74805337	1011	0.0059
TAKEN_p_TCGAb_379_400_FFPE_NSP_GenomeWideSNP_6_A05_1513294	1	74805744	74806165	2	-1.4135
TAKEN_p_TCGAb_379_400_FFPE_NSP_GenomeWideSNP_6_A05_1513294	1	74806552	76050844	755	0.0222
TAKEN_p_TCGAb_379_400_FFPE_NSP_GenomeWideSNP_6_A05_1513294	1	76054763	76059509	3	1.1393
TAKEN_p_TCGAb_379_400_FFPE_NSP_GenomeWideSNP_6_A05_1513294	1	76059879	95660815	12956	-0.0019
TAKEN_p_TCGAb_379_400_FFPE_NSP_GenomeWideSNP_6_A05_1513294	1	95661277	95663496	2	1.436
TAKEN_p_TCGAb_379_400_FFPE_NSP_GenomeWideSNP_6_A05_1513294	1	95663898	104102788	5170	-0.0015
TAKEN_p_TCGAb_379_400_FFPE_NSP_GenomeWideSNP_6_A05_1513294	1	104103057	104163499	30	0.4552
TAKEN_p_TCGAb_379_400_FFPE_NSP_GenomeWideSNP_6_A05_1513294	1	104163787	106013376	946	-0.013
TAKEN_p_TCGAb_379_400_FFPE_NSP_GenomeWideSNP_6_A05_1513294	1	106019205	106024090	20	0.7799
TAKEN_p_TCGAb_379_400_FFPE_NSP_GenomeWideSNP_6_A05_1513294	1	106024137	108766355	1962	0.0075
TAKEN_p_TCGAb_379_400_FFPE_NSP_GenomeWideSNP_6_A05_1513294	1	108769302	108817179	2	-2.9651
TAKEN_p_TCGAb_379_400_FFPE_NSP_GenomeWideSNP_6_A05_1513294	1	108828957	110233118	708	-0.0154
TAKEN_p_TCGAb_379_400_FFPE_NSP_GenomeWideSNP_6_A05_1513294	1	110233262	110240178	13	-1.4247
TAKEN_p_TCGAb_379_400_FFPE_NSP_GenomeWideSNP_6_A05_1513294	1	110242953	148893345	8351	-0.0023
TAKEN_p_TCGAb_379_400_FFPE_NSP_GenomeWideSNP_6_A05_1513294	1	148906617	149242663	125	-0.6665
TAKEN_p_TCGAb_379_400_FFPE_NSP_GenomeWideSNP_6_A05_1513294	1	149242725	157519895	4337	-0.0061
TAKEN_p_TCGAb_379_400_FFPE_NSP_GenomeWideSNP_6_A05_1513294	1	157522843	157527963	2	-1.4298
TAKEN_p_TCGAb_379_400_FFPE_NSP_GenomeWideSNP_6_A05_1513294	1	157528018	169216937	8798	-0.0021
TAKEN_p_TCGAb_379_400_FFPE_NSP_GenomeWideSNP_6_A05_1513294	1	169233974	169241766	7	-2.1415
TAKEN_p_TCGAb_379_400_FFPE_NSP_GenomeWideSNP_6_A05_1513294	1	169242401	193155792	15804	-9e-04
TAKEN_p_TCGAb_379_400_FFPE_NSP_GenomeWideSNP_6_A05_1513294	1	193156279	193156348	4	-1.1805
TAKEN_p_TCGAb_379_400_FFPE_NSP_GenomeWideSNP_6_A05_1513294	1	193159723	196714873	2404	0.0142
TAKEN_p_TCGAb_379_400_FFPE_NSP_GenomeWideSNP_6_A05_1513294	1	196727850	196815791	96	0.4627
TAKEN_p_TCGAb_379_400_FFPE_NSP_GenomeWideSNP_6_A05_1513294	1	196816730	198946188	1273	-0.002
TAKEN_p_TCGAb_379_400_FFPE_NSP_GenomeWideSNP_6_A05_1513294	1	198948599	198956585	6	-0.8115
TAKEN_p_TCGAb_379_400_FFPE_NSP_GenomeWideSNP_6_A05_1513294	1	198956885	213005118	9502	-4e-04
TAKEN_p_TCGAb_379_400_FFPE_NSP_GenomeWideSNP_6_A05_1513294	1	213005133	213006397	4	-1.1013
TAKEN_p_TCGAb_379_400_FFPE_NSP_GenomeWideSNP_6_A05_1513294	1	213010436	215091243	1467	0.0021
TAKEN_p_TCGAb_379_400_FFPE_NSP_GenomeWideSNP_6_A05_1513294	1	215091371	215091956	2	-1.3553
TAKEN_p_TCGAb_379_400_FFPE_NSP_GenomeWideSNP_6_A05_1513294	1	215093013	219631862	3264	-0.0215
TAKEN_p_TCGAb_379_400_FFPE_NSP_GenomeWideSNP_6_A05_1513294	1	219633869	219634380	2	-2.9814
TAKEN_p_TCGAb_379_400_FFPE_NSP_GenomeWideSNP_6_A05_1513294	1	219634787	240391740	14511	6e-04
TAKEN_p_TCGAb_379_400_FFPE_NSP_GenomeWideSNP_6_A05_1513294	1	240394015	240394124	5	-2.1678
TAKEN_p_TCGAb_379_400_FFPE_NSP_GenomeWideSNP_6_A05_1513294	1	240394139	249224388	5936	-0.0077
TAKEN_p_TCGAb_379_400_FFPE_NSP_GenomeWideSNP_6_A05_1513294	2	12784	4205687	2991	0.0084
TAKEN_p_TCGAb_379_400_FFPE_NSP_GenomeWideSNP_6_A05_1513294	2	4213864	4223512	37	-0.776
TAKEN_p_TCGAb_379_400_FFPE_NSP_GenomeWideSNP_6_A05_1513294	2	4223567	98118212	58332	0.0042
TAKEN_p_TCGAb_379_400_FFPE_NSP_GenomeWideSNP_6_A05_1513294	2	98140747	98162189	9	-1.374
TAKEN_p_TCGAb_379_400_FFPE_NSP_GenomeWideSNP_6_A05_1513294	2	98166878	243089456	88752	0.005
TAKEN_p_TCGAb_379_400_FFPE_NSP_GenomeWideSNP_6_A05_1513294	3	60345	6646543	5844	-0.0153
TAKEN_p_TCGAb_379_400_FFPE_NSP_GenomeWideSNP_6_A05_1513294	3	6651128	6653332	23	-2.9608
TAKEN_p_TCGAb_379_400_FFPE_NSP_GenomeWideSNP_6_A05_1513294	3	6655078	16712488	7472	0.0032
TAKEN_p_TCGAb_379_400_FFPE_NSP_GenomeWideSNP_6_A05_1513294	3	16713999	16714448	2	2.8945
TAKEN_p_TCGAb_379_400_FFPE_NSP_GenomeWideSNP_6_A05_1513294	3	16724545	75568549	39494	-0.0013
TAKEN_p_TCGAb_379_400_FFPE_NSP_GenomeWideSNP_6_A05_1513294	3	75572549	75586805	6	-1.891
TAKEN_p_TCGAb_379_400_FFPE_NSP_GenomeWideSNP_6_A05_1513294	3	75595181	84102222	4698	2e-04
TAKEN_p_TCGAb_379_400_FFPE_NSP_GenomeWideSNP_6_A05_1513294	3	84105433	84106166	2	-1.5183
TAKEN_p_TCGAb_379_400_FFPE_NSP_GenomeWideSNP_6_A05_1513294	3	84110967	98937784	6314	-0.0025
TAKEN_p_TCGAb_379_400_FFPE_NSP_GenomeWideSNP_6_A05_1513294	3	98944458	98949421	38	-0.7587
TAKEN_p_TCGAb_379_400_FFPE_NSP_GenomeWideSNP_6_A05_1513294	3	98950964	162508268	39100	9e-04
TAKEN_p_TCGAb_379_400_FFPE_NSP_GenomeWideSNP_6_A05_1513294	3	162512657	162626572	71	0.8397
TAKEN_p_TCGAb_379_400_FFPE_NSP_GenomeWideSNP_6_A05_1513294	3	162626603	192877902	19201	-0.0063
TAKEN_p_TCGAb_379_400_FFPE_NSP_GenomeWideSNP_6_A05_1513294	3	192877962	192882903	19	-1.3786
TAKEN_p_TCGAb_379_400_FFPE_NSP_GenomeWideSNP_6_A05_1513294	3	192886435	197896118	2708	0.0068
TAKEN_p_TCGAb_379_400_FFPE_NSP_GenomeWideSNP_6_A05_1513294	4	12281	68821	59	-0.2728
TAKEN_p_TCGAb_379_400_FFPE_NSP_GenomeWideSNP_6_A05_1513294	4	68911	9456977	5193	0.0037
TAKEN_p_TCGAb_379_400_FFPE_NSP_GenomeWideSNP_6_A05_1513294	4	9461230	9479345	9	-1.0652
TAKEN_p_TCGAb_379_400_FFPE_NSP_GenomeWideSNP_6_A05_1513294	4	9486087	10167771	474	-0.0076
TAKEN_p_TCGAb_379_400_FFPE_NSP_GenomeWideSNP_6_A05_1513294	4	10169535	10171105	2	-1.5076
TAKEN_p_TCGAb_379_400_FFPE_NSP_GenomeWideSNP_6_A05_1513294	4	10173696	10223416	72	0.0578
TAKEN_p_TCGAb_379_400_FFPE_NSP_GenomeWideSNP_6_A05_1513294	4	10223628	10234266	29	0.4129
TAKEN_p_TCGAb_379_400_FFPE_NSP_GenomeWideSNP_6_A05_1513294	4	10234608	10392354	177	-0.0144
TAKEN_p_TCGAb_379_400_FFPE_NSP_GenomeWideSNP_6_A05_1513294	4	10393154	10400668	15	-0.8341
TAKEN_p_TCGAb_379_400_FFPE_NSP_GenomeWideSNP_6_A05_1513294	4	10402718	34779054	16814	-0.0016
TAKEN_p_TCGAb_379_400_FFPE_NSP_GenomeWideSNP_6_A05_1513294	4	34786500	34824725	38	-0.5929
TAKEN_p_TCGAb_379_400_FFPE_NSP_GenomeWideSNP_6_A05_1513294	4	34829872	69244434	19486	-0.0024
TAKEN_p_TCGAb_379_400_FFPE_NSP_GenomeWideSNP_6_A05_1513294	4	69255070	69256759	3	1.7596
TAKEN_p_TCGAb_379_400_FFPE_NSP_GenomeWideSNP_6_A05_1513294	4	69256760	69372003	25	0.2988
TAKEN_p_TCGAb_379_400_FFPE_NSP_GenomeWideSNP_6_A05_1513294	4	69374941	69489335	66	-0.4285
TAKEN_p_TCGAb_379_400_FFPE_NSP_GenomeWideSNP_6_A05_1513294	4	69505115	70121263	326	-0.0218
TAKEN_p_TCGAb_379_400_FFPE_NSP_GenomeWideSNP_6_A05_1513294	4	70123510	70232022	56	0.3963
TAKEN_p_TCGAb_379_400_FFPE_NSP_GenomeWideSNP_6_A05_1513294	4	70232124	91284943	13129	0.0013
TAKEN_p_TCGAb_379_400_FFPE_NSP_GenomeWideSNP_6_A05_1513294	4	91287152	91291516	9	-1.0533
TAKEN_p_TCGAb_379_400_FFPE_NSP_GenomeWideSNP_6_A05_1513294	4	91294368	115173700	14238	-0.002
TAKEN_p_TCGAb_379_400_FFPE_NSP_GenomeWideSNP_6_A05_1513294	4	115175323	115182175	23	-1.6316
TAKEN_p_TCGAb_379_400_FFPE_NSP_GenomeWideSNP_6_A05_1513294	4	115184229	161874000	28059	6e-04
TAKEN_p_TCGAb_379_400_FFPE_NSP_GenomeWideSNP_6_A05_1513294	4	161880018	161884908	21	-0.6703
TAKEN_p_TCGAb_379_400_FFPE_NSP_GenomeWideSNP_6_A05_1513294	4	161884919	191027923	19237	-0.0032
TAKEN_p_TCGAb_379_400_FFPE_NSP_GenomeWideSNP_6_A05_1513294	5	15532	59792	24	-0.0324
TAKEN_p_TCGAb_379_400_FFPE_NSP_GenomeWideSNP_6_A05_1513294	5	63397	116111	23	0.6213
TAKEN_p_TCGAb_379_400_FFPE_NSP_GenomeWideSNP_6_A05_1513294	5	119787	21376844	15693	-0.0011
TAKEN_p_TCGAb_379_400_FFPE_NSP_GenomeWideSNP_6_A05_1513294	5	21377839	21377853	2	1.9251
TAKEN_p_TCGAb_379_400_FFPE_NSP_GenomeWideSNP_6_A05_1513294	5	21386066	24282737	1649	-0.0075
TAKEN_p_TCGAb_379_400_FFPE_NSP_GenomeWideSNP_6_A05_1513294	5	24283877	24284219	2	-1.1959
TAKEN_p_TCGAb_379_400_FFPE_NSP_GenomeWideSNP_6_A05_1513294	5	24285479	24778106	317	-0.0265
TAKEN_p_TCGAb_379_400_FFPE_NSP_GenomeWideSNP_6_A05_1513294	5	24778376	24781828	15	-0.7204
TAKEN_p_TCGAb_379_400_FFPE_NSP_GenomeWideSNP_6_A05_1513294	5	24786926	57321646	18186	-0.0029
TAKEN_p_TCGAb_379_400_FFPE_NSP_GenomeWideSNP_6_A05_1513294	5	57326027	57333533	32	1.9097
TAKEN_p_TCGAb_379_400_FFPE_NSP_GenomeWideSNP_6_A05_1513294	5	57338357	180790320	77240	-0.0023
TAKEN_p_TCGAb_379_400_FFPE_NSP_GenomeWideSNP_6_A05_1513294	6	149661	251648	94	0.0363
TAKEN_p_TCGAb_379_400_FFPE_NSP_GenomeWideSNP_6_A05_1513294	6	252049	381149	108	-0.3337
TAKEN_p_TCGAb_379_400_FFPE_NSP_GenomeWideSNP_6_A05_1513294	6	382559	811291	360	-0.0086
TAKEN_p_TCGAb_379_400_FFPE_NSP_GenomeWideSNP_6_A05_1513294	6	811952	842700	25	-0.401
TAKEN_p_TCGAb_379_400_FFPE_NSP_GenomeWideSNP_6_A05_1513294	6	846919	6799088	4984	0.0029
TAKEN_p_TCGAb_379_400_FFPE_NSP_GenomeWideSNP_6_A05_1513294	6	6803087	6808208	12	-1.0557
TAKEN_p_TCGAb_379_400_FFPE_NSP_GenomeWideSNP_6_A05_1513294	6	6811806	31287222	16865	-0.0021
TAKEN_p_TCGAb_379_400_FFPE_NSP_GenomeWideSNP_6_A05_1513294	6	31287501	31296451	6	-1.361
TAKEN_p_TCGAb_379_400_FFPE_NSP_GenomeWideSNP_6_A05_1513294	6	31309924	32448129	505	-0.0124
TAKEN_p_TCGAb_379_400_FFPE_NSP_GenomeWideSNP_6_A05_1513294	6	32449050	32481987	13	-0.6953
TAKEN_p_TCGAb_379_400_FFPE_NSP_GenomeWideSNP_6_A05_1513294	6	32482969	32624304	53	-0.0329
TAKEN_p_TCGAb_379_400_FFPE_NSP_GenomeWideSNP_6_A05_1513294	6	32624591	32626618	5	1.0948
TAKEN_p_TCGAb_379_400_FFPE_NSP_GenomeWideSNP_6_A05_1513294	6	32650612	65710729	18352	9e-04
TAKEN_p_TCGAb_379_400_FFPE_NSP_GenomeWideSNP_6_A05_1513294	6	65711399	65713792	3	-3.7401
TAKEN_p_TCGAb_379_400_FFPE_NSP_GenomeWideSNP_6_A05_1513294	6	65717384	77436532	7706	-0.0033
TAKEN_p_TCGAb_379_400_FFPE_NSP_GenomeWideSNP_6_A05_1513294	6	77439868	77452392	16	-0.8373
TAKEN_p_TCGAb_379_400_FFPE_NSP_GenomeWideSNP_6_A05_1513294	6	77452446	134266268	35742	-0.0037
TAKEN_p_TCGAb_379_400_FFPE_NSP_GenomeWideSNP_6_A05_1513294	6	134269071	134269632	2	-2.2346
TAKEN_p_TCGAb_379_400_FFPE_NSP_GenomeWideSNP_6_A05_1513294	6	134272072	161032565	17896	0.0021
TAKEN_p_TCGAb_379_400_FFPE_NSP_GenomeWideSNP_6_A05_1513294	6	161032719	161033283	5	1.2007
TAKEN_p_TCGAb_379_400_FFPE_NSP_GenomeWideSNP_6_A05_1513294	6	161068042	171051005	7269	0.0012
TAKEN_p_TCGAb_379_400_FFPE_NSP_GenomeWideSNP_6_A05_1513294	7	43355	15431632	10421	-0.0023
TAKEN_p_TCGAb_379_400_FFPE_NSP_GenomeWideSNP_6_A05_1513294	7	15431670	15433289	2	-2.3738
TAKEN_p_TCGAb_379_400_FFPE_NSP_GenomeWideSNP_6_A05_1513294	7	15434065	26132290	8458	-0.002
TAKEN_p_TCGAb_379_400_FFPE_NSP_GenomeWideSNP_6_A05_1513294	7	26142392	26145413	4	-3.2094
TAKEN_p_TCGAb_379_400_FFPE_NSP_GenomeWideSNP_6_A05_1513294	7	26147219	29667778	2604	-0.0046
TAKEN_p_TCGAb_379_400_FFPE_NSP_GenomeWideSNP_6_A05_1513294	7	29668591	29686348	8	-0.7218
TAKEN_p_TCGAb_379_400_FFPE_NSP_GenomeWideSNP_6_A05_1513294	7	29688165	38384841	6072	-0.0033
TAKEN_p_TCGAb_379_400_FFPE_NSP_GenomeWideSNP_6_A05_1513294	7	38386791	38396476	7	-0.7766
TAKEN_p_TCGAb_379_400_FFPE_NSP_GenomeWideSNP_6_A05_1513294	7	38398047	54380373	11018	0.0028
TAKEN_p_TCGAb_379_400_FFPE_NSP_GenomeWideSNP_6_A05_1513294	7	54386505	54386517	6	-2.2464
TAKEN_p_TCGAb_379_400_FFPE_NSP_GenomeWideSNP_6_A05_1513294	7	54393488	97395471	22175	-0.0067
TAKEN_p_TCGAb_379_400_FFPE_NSP_GenomeWideSNP_6_A05_1513294	7	97395506	97402475	10	-0.858
TAKEN_p_TCGAb_379_400_FFPE_NSP_GenomeWideSNP_6_A05_1513294	7	97404240	126044974	16716	0.0025
TAKEN_p_TCGAb_379_400_FFPE_NSP_GenomeWideSNP_6_A05_1513294	7	126045482	126046877	14	-1.0195
TAKEN_p_TCGAb_379_400_FFPE_NSP_GenomeWideSNP_6_A05_1513294	7	126046878	126247731	141	-0.0448
TAKEN_p_TCGAb_379_400_FFPE_NSP_GenomeWideSNP_6_A05_1513294	7	126260750	126261849	2	-2.4567
TAKEN_p_TCGAb_379_400_FFPE_NSP_GenomeWideSNP_6_A05_1513294	7	126262856	133785177	4563	0.002
TAKEN_p_TCGAb_379_400_FFPE_NSP_GenomeWideSNP_6_A05_1513294	7	133785195	133787087	15	-2.5493
TAKEN_p_TCGAb_379_400_FFPE_NSP_GenomeWideSNP_6_A05_1513294	7	133787146	133789997	7	-0.5435
TAKEN_p_TCGAb_379_400_FFPE_NSP_GenomeWideSNP_6_A05_1513294	7	133790011	133790443	3	-4.4854
TAKEN_p_TCGAb_379_400_FFPE_NSP_GenomeWideSNP_6_A05_1513294	7	133795634	133799197	12	-0.5607
TAKEN_p_TCGAb_379_400_FFPE_NSP_GenomeWideSNP_6_A05_1513294	7	133806244	136458150	1853	0.0021
TAKEN_p_TCGAb_379_400_FFPE_NSP_GenomeWideSNP_6_A05_1513294	7	136459764	136466601	3	-1.1757
TAKEN_p_TCGAb_379_400_FFPE_NSP_GenomeWideSNP_6_A05_1513294	7	136467934	141753153	3333	-0.0107
TAKEN_p_TCGAb_379_400_FFPE_NSP_GenomeWideSNP_6_A05_1513294	7	141753500	141770627	23	0.2437
TAKEN_p_TCGAb_379_400_FFPE_NSP_GenomeWideSNP_6_A05_1513294	7	141770922	141784376	10	-0.1478
TAKEN_p_TCGAb_379_400_FFPE_NSP_GenomeWideSNP_6_A05_1513294	7	141784437	141798990	24	0.3087
TAKEN_p_TCGAb_379_400_FFPE_NSP_GenomeWideSNP_6_A05_1513294	7	141799117	142044929	188	8e-04
TAKEN_p_TCGAb_379_400_FFPE_NSP_GenomeWideSNP_6_A05_1513294	7	142047109	142099968	8	-0.6298
TAKEN_p_TCGAb_379_400_FFPE_NSP_GenomeWideSNP_6_A05_1513294	7	142099988	142253345	125	0.0073
TAKEN_p_TCGAb_379_400_FFPE_NSP_GenomeWideSNP_6_A05_1513294	7	142253550	142253685	2	-1.4071
TAKEN_p_TCGAb_379_400_FFPE_NSP_GenomeWideSNP_6_A05_1513294	7	142253894	142474939	124	-0.0244
TAKEN_p_TCGAb_379_400_FFPE_NSP_GenomeWideSNP_6_A05_1513294	7	142476719	142486115	28	0.4033
TAKEN_p_TCGAb_379_400_FFPE_NSP_GenomeWideSNP_6_A05_1513294	7	142486345	143904279	839	-0.0086
TAKEN_p_TCGAb_379_400_FFPE_NSP_GenomeWideSNP_6_A05_1513294	7	143909235	143909445	3	-1.1272
TAKEN_p_TCGAb_379_400_FFPE_NSP_GenomeWideSNP_6_A05_1513294	7	143911624	159127004	9739	0.0022
TAKEN_p_TCGAb_379_400_FFPE_NSP_GenomeWideSNP_6_A05_1513294	8	31254	16259612	14954	0.0029
TAKEN_p_TCGAb_379_400_FFPE_NSP_GenomeWideSNP_6_A05_1513294	8	16262235	16282587	30	-0.6214
TAKEN_p_TCGAb_379_400_FFPE_NSP_GenomeWideSNP_6_A05_1513294	8	16283341	24972187	6866	-0.0028
TAKEN_p_TCGAb_379_400_FFPE_NSP_GenomeWideSNP_6_A05_1513294	8	24974443	24984156	24	0.5424
TAKEN_p_TCGAb_379_400_FFPE_NSP_GenomeWideSNP_6_A05_1513294	8	24984223	39230183	9044	-0.0055
TAKEN_p_TCGAb_379_400_FFPE_NSP_GenomeWideSNP_6_A05_1513294	8	39230325	39356389	44	0.4756
TAKEN_p_TCGAb_379_400_FFPE_NSP_GenomeWideSNP_6_A05_1513294	8	39356721	51032024	4613	-0.0052
TAKEN_p_TCGAb_379_400_FFPE_NSP_GenomeWideSNP_6_A05_1513294	8	51032039	51033423	7	-0.8967
TAKEN_p_TCGAb_379_400_FFPE_NSP_GenomeWideSNP_6_A05_1513294	8	51038578	143851755	59601	-0.001
TAKEN_p_TCGAb_379_400_FFPE_NSP_GenomeWideSNP_6_A05_1513294	8	143857265	143860926	2	1.8165
TAKEN_p_TCGAb_379_400_FFPE_NSP_GenomeWideSNP_6_A05_1513294	8	143874593	146298155	827	-0.0152
TAKEN_p_TCGAb_379_400_FFPE_NSP_GenomeWideSNP_6_A05_1513294	9	46587	23361805	20470	-0.0029
TAKEN_p_TCGAb_379_400_FFPE_NSP_GenomeWideSNP_6_A05_1513294	9	23363115	23373484	8	-2.5706
TAKEN_p_TCGAb_379_400_FFPE_NSP_GenomeWideSNP_6_A05_1513294	9	23378488	24500840	797	-0.0054
TAKEN_p_TCGAb_379_400_FFPE_NSP_GenomeWideSNP_6_A05_1513294	9	24503816	24517682	20	-0.9761
TAKEN_p_TCGAb_379_400_FFPE_NSP_GenomeWideSNP_6_A05_1513294	9	24519684	41952516	10079	-0.0028
TAKEN_p_TCGAb_379_400_FFPE_NSP_GenomeWideSNP_6_A05_1513294	9	41972506	41978375	2	-1.5116
TAKEN_p_TCGAb_379_400_FFPE_NSP_GenomeWideSNP_6_A05_1513294	9	41985187	43166988	22	0.1507
TAKEN_p_TCGAb_379_400_FFPE_NSP_GenomeWideSNP_6_A05_1513294	9	43169603	43790346	43	0.6609
TAKEN_p_TCGAb_379_400_FFPE_NSP_GenomeWideSNP_6_A05_1513294	9	43800186	44385979	43	-0.2052
TAKEN_p_TCGAb_379_400_FFPE_NSP_GenomeWideSNP_6_A05_1513294	9	44396699	44629223	7	0.7996
TAKEN_p_TCGAb_379_400_FFPE_NSP_GenomeWideSNP_6_A05_1513294	9	44727859	44837527	34	-1.1168
TAKEN_p_TCGAb_379_400_FFPE_NSP_GenomeWideSNP_6_A05_1513294	9	44840918	68837844	251	0.0245
TAKEN_p_TCGAb_379_400_FFPE_NSP_GenomeWideSNP_6_A05_1513294	9	68995234	69978022	126	0.2794
TAKEN_p_TCGAb_379_400_FFPE_NSP_GenomeWideSNP_6_A05_1513294	9	70940595	79769394	6526	0.0026
TAKEN_p_TCGAb_379_400_FFPE_NSP_GenomeWideSNP_6_A05_1513294	9	79770398	79777404	29	0.5775
TAKEN_p_TCGAb_379_400_FFPE_NSP_GenomeWideSNP_6_A05_1513294	9	79786128	90929219	7939	-0.0043
TAKEN_p_TCGAb_379_400_FFPE_NSP_GenomeWideSNP_6_A05_1513294	9	90934987	90936225	3	-1.3365
TAKEN_p_TCGAb_379_400_FFPE_NSP_GenomeWideSNP_6_A05_1513294	9	90936913	122814887	23196	-0.0016
TAKEN_p_TCGAb_379_400_FFPE_NSP_GenomeWideSNP_6_A05_1513294	9	122823694	122836202	13	-0.9922
TAKEN_p_TCGAb_379_400_FFPE_NSP_GenomeWideSNP_6_A05_1513294	9	122839689	141091394	10356	0.005
TAKEN_p_TCGAb_379_400_FFPE_NSP_GenomeWideSNP_6_A05_1513294	10	72759	756996	392	0.0236
TAKEN_p_TCGAb_379_400_FFPE_NSP_GenomeWideSNP_6_A05_1513294	10	759276	759324	2	-1.3614
TAKEN_p_TCGAb_379_400_FFPE_NSP_GenomeWideSNP_6_A05_1513294	10	759497	4290814	3196	-6e-04
TAKEN_p_TCGAb_379_400_FFPE_NSP_GenomeWideSNP_6_A05_1513294	10	4290838	4290924	2	-1.532
TAKEN_p_TCGAb_379_400_FFPE_NSP_GenomeWideSNP_6_A05_1513294	10	4291016	17927554	11297	0.0011
TAKEN_p_TCGAb_379_400_FFPE_NSP_GenomeWideSNP_6_A05_1513294	10	17938208	17949857	2	-2.2268
TAKEN_p_TCGAb_379_400_FFPE_NSP_GenomeWideSNP_6_A05_1513294	10	17971816	18173963	13	-0.0063
TAKEN_p_TCGAb_379_400_FFPE_NSP_GenomeWideSNP_6_A05_1513294	10	18185123	18223647	4	1.2904
TAKEN_p_TCGAb_379_400_FFPE_NSP_GenomeWideSNP_6_A05_1513294	10	18230259	24375263	4344	-0.0025
TAKEN_p_TCGAb_379_400_FFPE_NSP_GenomeWideSNP_6_A05_1513294	10	24377674	24378054	11	-0.5558
TAKEN_p_TCGAb_379_400_FFPE_NSP_GenomeWideSNP_6_A05_1513294	10	24378908	51136387	14366	0.0012
TAKEN_p_TCGAb_379_400_FFPE_NSP_GenomeWideSNP_6_A05_1513294	10	51197138	51335029	3	1.1752
TAKEN_p_TCGAb_379_400_FFPE_NSP_GenomeWideSNP_6_A05_1513294	10	51397071	56680277	3756	0.0056
TAKEN_p_TCGAb_379_400_FFPE_NSP_GenomeWideSNP_6_A05_1513294	10	56683090	56689507	4	-1.6871
TAKEN_p_TCGAb_379_400_FFPE_NSP_GenomeWideSNP_6_A05_1513294	10	56689754	60420438	2662	-0.0015
TAKEN_p_TCGAb_379_400_FFPE_NSP_GenomeWideSNP_6_A05_1513294	10	60423195	60432810	5	1.2059
TAKEN_p_TCGAb_379_400_FFPE_NSP_GenomeWideSNP_6_A05_1513294	10	60434795	67307936	4706	0.002
TAKEN_p_TCGAb_379_400_FFPE_NSP_GenomeWideSNP_6_A05_1513294	10	67307951	67314446	26	-0.6579
TAKEN_p_TCGAb_379_400_FFPE_NSP_GenomeWideSNP_6_A05_1513294	10	67322795	78252851	6804	0.0034
TAKEN_p_TCGAb_379_400_FFPE_NSP_GenomeWideSNP_6_A05_1513294	10	78257061	78257610	2	-1.7714
TAKEN_p_TCGAb_379_400_FFPE_NSP_GenomeWideSNP_6_A05_1513294	10	78261267	81385449	2451	-0.0125
TAKEN_p_TCGAb_379_400_FFPE_NSP_GenomeWideSNP_6_A05_1513294	10	81409226	81497471	10	-0.5769
TAKEN_p_TCGAb_379_400_FFPE_NSP_GenomeWideSNP_6_A05_1513294	10	81514175	89061261	5220	0
TAKEN_p_TCGAb_379_400_FFPE_NSP_GenomeWideSNP_6_A05_1513294	10	89069796	89112893	12	-0.5947
TAKEN_p_TCGAb_379_400_FFPE_NSP_GenomeWideSNP_6_A05_1513294	10	89117300	96865301	5042	7e-04
TAKEN_p_TCGAb_379_400_FFPE_NSP_GenomeWideSNP_6_A05_1513294	10	96869063	96869706	6	-0.7808
TAKEN_p_TCGAb_379_400_FFPE_NSP_GenomeWideSNP_6_A05_1513294	10	96875714	107057038	6193	0.0029
TAKEN_p_TCGAb_379_400_FFPE_NSP_GenomeWideSNP_6_A05_1513294	10	107057618	107059170	2	1.3636
TAKEN_p_TCGAb_379_400_FFPE_NSP_GenomeWideSNP_6_A05_1513294	10	107062476	135506704	20594	0.0023
TAKEN_p_TCGAb_379_400_FFPE_NSP_GenomeWideSNP_6_A05_1513294	11	198510	5787405	3307	0.0011
TAKEN_p_TCGAb_379_400_FFPE_NSP_GenomeWideSNP_6_A05_1513294	11	5788080	5809338	33	-0.6807
TAKEN_p_TCGAb_379_400_FFPE_NSP_GenomeWideSNP_6_A05_1513294	11	5809461	6107790	240	-0.0071
TAKEN_p_TCGAb_379_400_FFPE_NSP_GenomeWideSNP_6_A05_1513294	11	6108269	6122094	8	-1.2477
TAKEN_p_TCGAb_379_400_FFPE_NSP_GenomeWideSNP_6_A05_1513294	11	6122503	18940870	9182	-2e-04
TAKEN_p_TCGAb_379_400_FFPE_NSP_GenomeWideSNP_6_A05_1513294	11	18949072	18961708	52	-0.407
TAKEN_p_TCGAb_379_400_FFPE_NSP_GenomeWideSNP_6_A05_1513294	11	18961738	48598422	20640	-1e-04
TAKEN_p_TCGAb_379_400_FFPE_NSP_GenomeWideSNP_6_A05_1513294	11	48601434	48602676	2	-1.8644
TAKEN_p_TCGAb_379_400_FFPE_NSP_GenomeWideSNP_6_A05_1513294	11	48606318	55363340	1225	-0.0056
TAKEN_p_TCGAb_379_400_FFPE_NSP_GenomeWideSNP_6_A05_1513294	11	55374032	55444211	49	0.3252
TAKEN_p_TCGAb_379_400_FFPE_NSP_GenomeWideSNP_6_A05_1513294	11	55444868	101594384	28673	5e-04
TAKEN_p_TCGAb_379_400_FFPE_NSP_GenomeWideSNP_6_A05_1513294	11	101597860	101597964	4	1.3248
TAKEN_p_TCGAb_379_400_FFPE_NSP_GenomeWideSNP_6_A05_1513294	11	101598212	134944770	23783	0.0016
TAKEN_p_TCGAb_379_400_FFPE_NSP_GenomeWideSNP_6_A05_1513294	12	150442	869109	419	0.0196
TAKEN_p_TCGAb_379_400_FFPE_NSP_GenomeWideSNP_6_A05_1513294	12	869198	874029	17	-1.0459
TAKEN_p_TCGAb_379_400_FFPE_NSP_GenomeWideSNP_6_A05_1513294	12	875354	9633870	5772	0.0073
TAKEN_p_TCGAb_379_400_FFPE_NSP_GenomeWideSNP_6_A05_1513294	12	9637909	9713674	21	-1.9681
TAKEN_p_TCGAb_379_400_FFPE_NSP_GenomeWideSNP_6_A05_1513294	12	9714954	9728292	3	-0.8334
TAKEN_p_TCGAb_379_400_FFPE_NSP_GenomeWideSNP_6_A05_1513294	12	9734969	11220827	1046	-0.0035
TAKEN_p_TCGAb_379_400_FFPE_NSP_GenomeWideSNP_6_A05_1513294	12	11222368	11231455	5	-0.7285
TAKEN_p_TCGAb_379_400_FFPE_NSP_GenomeWideSNP_6_A05_1513294	12	11232918	11241532	5	-1.8843
TAKEN_p_TCGAb_379_400_FFPE_NSP_GenomeWideSNP_6_A05_1513294	12	11251874	33294660	15596	0.0068
TAKEN_p_TCGAb_379_400_FFPE_NSP_GenomeWideSNP_6_A05_1513294	12	33301406	33307374	27	-0.7663
TAKEN_p_TCGAb_379_400_FFPE_NSP_GenomeWideSNP_6_A05_1513294	12	33308360	45904438	5629	0.002
TAKEN_p_TCGAb_379_400_FFPE_NSP_GenomeWideSNP_6_A05_1513294	12	45905840	45909537	3	1.2328
TAKEN_p_TCGAb_379_400_FFPE_NSP_GenomeWideSNP_6_A05_1513294	12	45913292	93693071	29429	0.0013
TAKEN_p_TCGAb_379_400_FFPE_NSP_GenomeWideSNP_6_A05_1513294	12	93693393	93693515	3	-1.2315
TAKEN_p_TCGAb_379_400_FFPE_NSP_GenomeWideSNP_6_A05_1513294	12	93696789	114131835	13498	0.0016
TAKEN_p_TCGAb_379_400_FFPE_NSP_GenomeWideSNP_6_A05_1513294	12	114134157	114134161	2	-1.6527
TAKEN_p_TCGAb_379_400_FFPE_NSP_GenomeWideSNP_6_A05_1513294	12	114137465	130862390	12038	0.0031
TAKEN_p_TCGAb_379_400_FFPE_NSP_GenomeWideSNP_6_A05_1513294	12	130862603	130862626	2	-1.5028
TAKEN_p_TCGAb_379_400_FFPE_NSP_GenomeWideSNP_6_A05_1513294	12	130862655	132120715	1017	0.025
TAKEN_p_TCGAb_379_400_FFPE_NSP_GenomeWideSNP_6_A05_1513294	12	132132584	132142369	15	-0.4943
TAKEN_p_TCGAb_379_400_FFPE_NSP_GenomeWideSNP_6_A05_1513294	12	132142470	133778189	570	-0.003
TAKEN_p_TCGAb_379_400_FFPE_NSP_GenomeWideSNP_6_A05_1513294	13	19026949	38071135	13572	-8e-04
TAKEN_p_TCGAb_379_400_FFPE_NSP_GenomeWideSNP_6_A05_1513294	13	38072036	38084757	16	-0.6298
TAKEN_p_TCGAb_379_400_FFPE_NSP_GenomeWideSNP_6_A05_1513294	13	38088330	57751096	12548	-0.0011
TAKEN_p_TCGAb_379_400_FFPE_NSP_GenomeWideSNP_6_A05_1513294	13	57758270	57778380	34	0.7703
TAKEN_p_TCGAb_379_400_FFPE_NSP_GenomeWideSNP_6_A05_1513294	13	57789714	61380800	2194	-5e-04
TAKEN_p_TCGAb_379_400_FFPE_NSP_GenomeWideSNP_6_A05_1513294	13	61382787	61384472	3	-1.3176
TAKEN_p_TCGAb_379_400_FFPE_NSP_GenomeWideSNP_6_A05_1513294	13	61384486	71994545	6542	-0.0043
TAKEN_p_TCGAb_379_400_FFPE_NSP_GenomeWideSNP_6_A05_1513294	13	71995791	71999962	3	-2.9947
TAKEN_p_TCGAb_379_400_FFPE_NSP_GenomeWideSNP_6_A05_1513294	13	72006588	72476988	266	-0.0288
TAKEN_p_TCGAb_379_400_FFPE_NSP_GenomeWideSNP_6_A05_1513294	13	72477555	72480556	4	-2.0665
TAKEN_p_TCGAb_379_400_FFPE_NSP_GenomeWideSNP_6_A05_1513294	13	72480605	115108397	29160	-0.0026
TAKEN_p_TCGAb_379_400_FFPE_NSP_GenomeWideSNP_6_A05_1513294	14	19002124	26763627	4524	2e-04
TAKEN_p_TCGAb_379_400_FFPE_NSP_GenomeWideSNP_6_A05_1513294	14	26769722	26769723	2	1.3224
TAKEN_p_TCGAb_379_400_FFPE_NSP_GenomeWideSNP_6_A05_1513294	14	26769725	38931339	7657	-0.0032
TAKEN_p_TCGAb_379_400_FFPE_NSP_GenomeWideSNP_6_A05_1513294	14	38931354	38931367	2	-1.5856
TAKEN_p_TCGAb_379_400_FFPE_NSP_GenomeWideSNP_6_A05_1513294	14	38931446	40608928	935	-0.0041
TAKEN_p_TCGAb_379_400_FFPE_NSP_GenomeWideSNP_6_A05_1513294	14	40613922	40616919	2	-3.1065
TAKEN_p_TCGAb_379_400_FFPE_NSP_GenomeWideSNP_6_A05_1513294	14	40618165	74006707	21233	-0.0011
TAKEN_p_TCGAb_379_400_FFPE_NSP_GenomeWideSNP_6_A05_1513294	14	74006851	74020979	7	-2.1824
TAKEN_p_TCGAb_379_400_FFPE_NSP_GenomeWideSNP_6_A05_1513294	14	74029900	106460902	20802	0.0049
TAKEN_p_TCGAb_379_400_FFPE_NSP_GenomeWideSNP_6_A05_1513294	14	106479675	106479941	2	-1.9845
TAKEN_p_TCGAb_379_400_FFPE_NSP_GenomeWideSNP_6_A05_1513294	14	106482128	106538062	25	-0.2179
TAKEN_p_TCGAb_379_400_FFPE_NSP_GenomeWideSNP_6_A05_1513294	14	106541753	106567100	13	-2.4182
TAKEN_p_TCGAb_379_400_FFPE_NSP_GenomeWideSNP_6_A05_1513294	14	106569463	106717356	67	0.0142
TAKEN_p_TCGAb_379_400_FFPE_NSP_GenomeWideSNP_6_A05_1513294	14	106720594	106727469	7	0.6833
TAKEN_p_TCGAb_379_400_FFPE_NSP_GenomeWideSNP_6_A05_1513294	14	106728162	106783044	28	0.0578
TAKEN_p_TCGAb_379_400_FFPE_NSP_GenomeWideSNP_6_A05_1513294	14	106796025	106821736	11	1.1056
TAKEN_p_TCGAb_379_400_FFPE_NSP_GenomeWideSNP_6_A05_1513294	14	106825916	106874361	29	-0.0372
TAKEN_p_TCGAb_379_400_FFPE_NSP_GenomeWideSNP_6_A05_1513294	14	106879831	106939788	59	-0.58
TAKEN_p_TCGAb_379_400_FFPE_NSP_GenomeWideSNP_6_A05_1513294	14	106943522	107285437	216	0.0289
TAKEN_p_TCGAb_379_400_FFPE_NSP_GenomeWideSNP_6_A05_1513294	15	20016328	20265978	55	-0.0849
TAKEN_p_TCGAb_379_400_FFPE_NSP_GenomeWideSNP_6_A05_1513294	15	20267862	22285769	255	0.3409
TAKEN_p_TCGAb_379_400_FFPE_NSP_GenomeWideSNP_6_A05_1513294	15	22287270	22587474	111	-0.3514
TAKEN_p_TCGAb_379_400_FFPE_NSP_GenomeWideSNP_6_A05_1513294	15	22673399	24674751	1007	-0.0156
TAKEN_p_TCGAb_379_400_FFPE_NSP_GenomeWideSNP_6_A05_1513294	15	24674887	24718173	38	-0.4201
TAKEN_p_TCGAb_379_400_FFPE_NSP_GenomeWideSNP_6_A05_1513294	15	24718596	92765755	43172	0.0051
TAKEN_p_TCGAb_379_400_FFPE_NSP_GenomeWideSNP_6_A05_1513294	15	92765874	92766294	3	1.5215
TAKEN_p_TCGAb_379_400_FFPE_NSP_GenomeWideSNP_6_A05_1513294	15	92766758	102469040	7445	0.003
TAKEN_p_TCGAb_379_400_FFPE_NSP_GenomeWideSNP_6_A05_1513294	16	60777	27524226	18393	4e-04
TAKEN_p_TCGAb_379_400_FFPE_NSP_GenomeWideSNP_6_A05_1513294	16	27524962	27744333	114	0.5402
TAKEN_p_TCGAb_379_400_FFPE_NSP_GenomeWideSNP_6_A05_1513294	16	27750113	32300902	1616	-0.0066
TAKEN_p_TCGAb_379_400_FFPE_NSP_GenomeWideSNP_6_A05_1513294	16	32300935	32791269	83	-0.9801
TAKEN_p_TCGAb_379_400_FFPE_NSP_GenomeWideSNP_6_A05_1513294	16	32795483	33452737	72	-0.3261
TAKEN_p_TCGAb_379_400_FFPE_NSP_GenomeWideSNP_6_A05_1513294	16	33458621	80666221	24280	-0.0018
TAKEN_p_TCGAb_379_400_FFPE_NSP_GenomeWideSNP_6_A05_1513294	16	80666388	80672429	3	-1.5343
TAKEN_p_TCGAb_379_400_FFPE_NSP_GenomeWideSNP_6_A05_1513294	16	80672704	90287535	7899	0.012
TAKEN_p_TCGAb_379_400_FFPE_NSP_GenomeWideSNP_6_A05_1513294	17	526	6100784	3377	-0.0025
TAKEN_p_TCGAb_379_400_FFPE_NSP_GenomeWideSNP_6_A05_1513294	17	6100796	6100811	2	-1.7318
TAKEN_p_TCGAb_379_400_FFPE_NSP_GenomeWideSNP_6_A05_1513294	17	6101043	14309053	5695	5e-04
TAKEN_p_TCGAb_379_400_FFPE_NSP_GenomeWideSNP_6_A05_1513294	17	14315653	14326138	5	-0.9207
TAKEN_p_TCGAb_379_400_FFPE_NSP_GenomeWideSNP_6_A05_1513294	17	14326428	34436708	9318	0.0075
TAKEN_p_TCGAb_379_400_FFPE_NSP_GenomeWideSNP_6_A05_1513294	17	34437128	34586294	41	-0.4102
TAKEN_p_TCGAb_379_400_FFPE_NSP_GenomeWideSNP_6_A05_1513294	17	34629696	39421708	2539	-0.0014
TAKEN_p_TCGAb_379_400_FFPE_NSP_GenomeWideSNP_6_A05_1513294	17	39423014	39430531	24	-1.0245
TAKEN_p_TCGAb_379_400_FFPE_NSP_GenomeWideSNP_6_A05_1513294	17	39432724	44162307	2508	0.0081
TAKEN_p_TCGAb_379_400_FFPE_NSP_GenomeWideSNP_6_A05_1513294	17	44162597	44752283	174	0.4046
TAKEN_p_TCGAb_379_400_FFPE_NSP_GenomeWideSNP_6_A05_1513294	17	44752300	81049726	21630	0.0014
TAKEN_p_TCGAb_379_400_FFPE_NSP_GenomeWideSNP_6_A05_1513294	18	11543	78015057	50839	-4e-04
TAKEN_p_TCGAb_379_400_FFPE_NSP_GenomeWideSNP_6_A05_1513294	19	90910	43321137	20591	-3e-04
TAKEN_p_TCGAb_379_400_FFPE_NSP_GenomeWideSNP_6_A05_1513294	19	43323314	43740965	197	-0.9241
TAKEN_p_TCGAb_379_400_FFPE_NSP_GenomeWideSNP_6_A05_1513294	19	43753301	59095126	8569	-0.0058
TAKEN_p_TCGAb_379_400_FFPE_NSP_GenomeWideSNP_6_A05_1513294	19	59095530	59097854	3	0.8492
TAKEN_p_TCGAb_379_400_FFPE_NSP_GenomeWideSNP_6_A05_1513294	20	61305	1560999	1207	0.0153
TAKEN_p_TCGAb_379_400_FFPE_NSP_GenomeWideSNP_6_A05_1513294	20	1561580	1593893	41	1.8579
TAKEN_p_TCGAb_379_400_FFPE_NSP_GenomeWideSNP_6_A05_1513294	20	1597946	24063534	17520	-0.0033
TAKEN_p_TCGAb_379_400_FFPE_NSP_GenomeWideSNP_6_A05_1513294	20	24063682	24068768	4	-1.1648
TAKEN_p_TCGAb_379_400_FFPE_NSP_GenomeWideSNP_6_A05_1513294	20	24071089	52644868	16240	-4e-04
TAKEN_p_TCGAb_379_400_FFPE_NSP_GenomeWideSNP_6_A05_1513294	20	52647808	52657717	32	-0.7698
TAKEN_p_TCGAb_379_400_FFPE_NSP_GenomeWideSNP_6_A05_1513294	20	52658073	62956153	7468	0.0048
TAKEN_p_TCGAb_379_400_FFPE_NSP_GenomeWideSNP_6_A05_1513294	21	10736871	44968053	22660	-0.0026
TAKEN_p_TCGAb_379_400_FFPE_NSP_GenomeWideSNP_6_A05_1513294	21	44970873	44972812	2	-3.2185
TAKEN_p_TCGAb_379_400_FFPE_NSP_GenomeWideSNP_6_A05_1513294	21	44973667	45796461	428	-0.0102
TAKEN_p_TCGAb_379_400_FFPE_NSP_GenomeWideSNP_6_A05_1513294	21	45798561	45867146	18	-0.3551
TAKEN_p_TCGAb_379_400_FFPE_NSP_GenomeWideSNP_6_A05_1513294	21	45867471	48096957	1319	0.0134
TAKEN_p_TCGAb_379_400_FFPE_NSP_GenomeWideSNP_6_A05_1513294	22	16052528	18055605	783	-0.0086
TAKEN_p_TCGAb_379_400_FFPE_NSP_GenomeWideSNP_6_A05_1513294	22	18058748	18058885	2	1.9861
TAKEN_p_TCGAb_379_400_FFPE_NSP_GenomeWideSNP_6_A05_1513294	22	18062891	22315106	2305	-0.0035
TAKEN_p_TCGAb_379_400_FFPE_NSP_GenomeWideSNP_6_A05_1513294	22	22315312	22579341	434	0.5753
TAKEN_p_TCGAb_379_400_FFPE_NSP_GenomeWideSNP_6_A05_1513294	22	22579483	24284782	1070	0.0227
TAKEN_p_TCGAb_379_400_FFPE_NSP_GenomeWideSNP_6_A05_1513294	22	24285809	24332933	27	0.4409
TAKEN_p_TCGAb_379_400_FFPE_NSP_GenomeWideSNP_6_A05_1513294	22	24337307	51234455	18955	0.0026
TAKEN_p_TCGAb_379_400_FFPE_NSP_GenomeWideSNP_6_A05_1513294	X	168477	134848927	72160	0.0012
TAKEN_p_TCGAb_379_400_FFPE_NSP_GenomeWideSNP_6_A05_1513294	X	134854929	134880074	8	-0.9411
TAKEN_p_TCGAb_379_400_FFPE_NSP_GenomeWideSNP_6_A05_1513294	X	134891648	155182354	12460	-5e-04
TAKEN_p_TCGAb_379_400_FFPE_NSP_GenomeWideSNP_6_A05_1513294	Y	2650438	2974832	147	-3.1738
TAKEN_p_TCGAb_379_400_FFPE_NSP_GenomeWideSNP_6_A05_1513294	Y	2974958	6063042	697	-2.5253
TAKEN_p_TCGAb_379_400_FFPE_NSP_GenomeWideSNP_6_A05_1513294	Y	6063146	6410097	146	-3.3985
TAKEN_p_TCGAb_379_400_FFPE_NSP_GenomeWideSNP_6_A05_1513294	Y	6412634	6588027	47	-2.2525
TAKEN_p_TCGAb_379_400_FFPE_NSP_GenomeWideSNP_6_A05_1513294	Y	6592677	9168140	1404	-3.2346
TAKEN_p_TCGAb_379_400_FFPE_NSP_GenomeWideSNP_6_A05_1513294	Y	9170545	9172214	3	-7.1088
TAKEN_p_TCGAb_379_400_FFPE_NSP_GenomeWideSNP_6_A05_1513294	Y	9172560	26430674	5535	-3.1857
TAKEN_p_TCGAb_379_400_FFPE_NSP_GenomeWideSNP_6_A05_1513294	Y	26430908	26469059	17	-1.3164
TAKEN_p_TCGAb_379_400_FFPE_NSP_GenomeWideSNP_6_A05_1513294	Y	26473956	26526478	14	-2.6613
TAKEN_p_TCGAb_379_400_FFPE_NSP_GenomeWideSNP_6_A05_1513294	Y	26598702	27367487	90	-3.6916
TAKEN_p_TCGAb_379_400_FFPE_NSP_GenomeWideSNP_6_A05_1513294	Y	27436702	27529084	34	-2.0086
TAKEN_p_TCGAb_379_400_FFPE_NSP_GenomeWideSNP_6_A05_1513294	Y	27535030	28542033	349	-3.2583
TAKEN_p_TCGAb_379_400_FFPE_NSP_GenomeWideSNP_6_A05_1513294	Y	28542753	59018259	143	-2.528
