Sample	Chromosome	Start	End	Num_Probes	Segment_Mean
TAKEN_p_TCGAb_379_400_FFPE_NSP_GenomeWideSNP_6_E01_1513268	1	61735	1510801	226	0.0395
TAKEN_p_TCGAb_379_400_FFPE_NSP_GenomeWideSNP_6_E01_1513268	1	1627918	1672603	17	-0.9649
TAKEN_p_TCGAb_379_400_FFPE_NSP_GenomeWideSNP_6_E01_1513268	1	1687587	12841928	6286	0.1026
TAKEN_p_TCGAb_379_400_FFPE_NSP_GenomeWideSNP_6_E01_1513268	1	12845863	13376489	54	-0.4621
TAKEN_p_TCGAb_379_400_FFPE_NSP_GenomeWideSNP_6_E01_1513268	1	13377047	15323652	1285	0.124
TAKEN_p_TCGAb_379_400_FFPE_NSP_GenomeWideSNP_6_E01_1513268	1	15329987	15465487	103	0.6653
TAKEN_p_TCGAb_379_400_FFPE_NSP_GenomeWideSNP_6_E01_1513268	1	15469482	17005978	802	0.1014
TAKEN_p_TCGAb_379_400_FFPE_NSP_GenomeWideSNP_6_E01_1513268	1	17011450	17082412	38	-0.5313
TAKEN_p_TCGAb_379_400_FFPE_NSP_GenomeWideSNP_6_E01_1513268	1	17082591	17190004	21	0.3566
TAKEN_p_TCGAb_379_400_FFPE_NSP_GenomeWideSNP_6_E01_1513268	1	17190862	17262247	62	-0.5506
TAKEN_p_TCGAb_379_400_FFPE_NSP_GenomeWideSNP_6_E01_1513268	1	17276241	25582629	5270	0.1097
TAKEN_p_TCGAb_379_400_FFPE_NSP_GenomeWideSNP_6_E01_1513268	1	25582679	25646946	31	0.4253
TAKEN_p_TCGAb_379_400_FFPE_NSP_GenomeWideSNP_6_E01_1513268	1	25646986	48344945	12391	0.1242
TAKEN_p_TCGAb_379_400_FFPE_NSP_GenomeWideSNP_6_E01_1513268	1	48348370	62114006	9066	-0.7256
TAKEN_p_TCGAb_379_400_FFPE_NSP_GenomeWideSNP_6_E01_1513268	1	62114181	62119978	5	-4.3113
TAKEN_p_TCGAb_379_400_FFPE_NSP_GenomeWideSNP_6_E01_1513268	1	62120564	72768916	7375	-0.6828
TAKEN_p_TCGAb_379_400_FFPE_NSP_GenomeWideSNP_6_E01_1513268	1	72768936	72811133	44	-1.402
TAKEN_p_TCGAb_379_400_FFPE_NSP_GenomeWideSNP_6_E01_1513268	1	72811148	79460634	4161	-0.6679
TAKEN_p_TCGAb_379_400_FFPE_NSP_GenomeWideSNP_6_E01_1513268	1	79473147	87412461	5357	0.2386
TAKEN_p_TCGAb_379_400_FFPE_NSP_GenomeWideSNP_6_E01_1513268	1	87416550	94576360	4525	-0.6828
TAKEN_p_TCGAb_379_400_FFPE_NSP_GenomeWideSNP_6_E01_1513268	1	94576893	94577423	2	-3.4462
TAKEN_p_TCGAb_379_400_FFPE_NSP_GenomeWideSNP_6_E01_1513268	1	94577462	101924999	4711	-0.6812
TAKEN_p_TCGAb_379_400_FFPE_NSP_GenomeWideSNP_6_E01_1513268	1	101926090	101927194	2	-2.6117
TAKEN_p_TCGAb_379_400_FFPE_NSP_GenomeWideSNP_6_E01_1513268	1	101927321	106021204	2263	-0.6633
TAKEN_p_TCGAb_379_400_FFPE_NSP_GenomeWideSNP_6_E01_1513268	1	106021219	106022375	11	-1.6797
TAKEN_p_TCGAb_379_400_FFPE_NSP_GenomeWideSNP_6_E01_1513268	1	106024055	110226487	2658	-0.6818
TAKEN_p_TCGAb_379_400_FFPE_NSP_GenomeWideSNP_6_E01_1513268	1	110226743	110244998	25	0.0978
TAKEN_p_TCGAb_379_400_FFPE_NSP_GenomeWideSNP_6_E01_1513268	1	110246126	112690326	1951	-0.726
TAKEN_p_TCGAb_379_400_FFPE_NSP_GenomeWideSNP_6_E01_1513268	1	112695965	112697241	23	-2.0445
TAKEN_p_TCGAb_379_400_FFPE_NSP_GenomeWideSNP_6_E01_1513268	1	112697376	118699722	3825	-0.7283
TAKEN_p_TCGAb_379_400_FFPE_NSP_GenomeWideSNP_6_E01_1513268	1	118701508	152555527	4211	0.1834
TAKEN_p_TCGAb_379_400_FFPE_NSP_GenomeWideSNP_6_E01_1513268	1	152555706	152586576	34	-1.981
TAKEN_p_TCGAb_379_400_FFPE_NSP_GenomeWideSNP_6_E01_1513268	1	152586594	152762046	177	0.1713
TAKEN_p_TCGAb_379_400_FFPE_NSP_GenomeWideSNP_6_E01_1513268	1	152762257	152768700	32	-0.2816
TAKEN_p_TCGAb_379_400_FFPE_NSP_GenomeWideSNP_6_E01_1513268	1	152773905	153672043	624	0.1423
TAKEN_p_TCGAb_379_400_FFPE_NSP_GenomeWideSNP_6_E01_1513268	1	153672247	153693248	9	0.7402
TAKEN_p_TCGAb_379_400_FFPE_NSP_GenomeWideSNP_6_E01_1513268	1	153695340	174796405	14242	0.1878
TAKEN_p_TCGAb_379_400_FFPE_NSP_GenomeWideSNP_6_E01_1513268	1	174796556	174797687	14	-0.835
TAKEN_p_TCGAb_379_400_FFPE_NSP_GenomeWideSNP_6_E01_1513268	1	174801737	194448234	13218	0.2134
TAKEN_p_TCGAb_379_400_FFPE_NSP_GenomeWideSNP_6_E01_1513268	1	194451411	194455018	2	-2.3474
TAKEN_p_TCGAb_379_400_FFPE_NSP_GenomeWideSNP_6_E01_1513268	1	194457016	196731035	1457	0.2208
TAKEN_p_TCGAb_379_400_FFPE_NSP_GenomeWideSNP_6_E01_1513268	1	196731610	196812507	92	0.5486
TAKEN_p_TCGAb_379_400_FFPE_NSP_GenomeWideSNP_6_E01_1513268	1	196812530	199111521	1384	0.257
TAKEN_p_TCGAb_379_400_FFPE_NSP_GenomeWideSNP_6_E01_1513268	1	199111690	199113840	6	0.908
TAKEN_p_TCGAb_379_400_FFPE_NSP_GenomeWideSNP_6_E01_1513268	1	199114238	205014616	4085	0.1617
TAKEN_p_TCGAb_379_400_FFPE_NSP_GenomeWideSNP_6_E01_1513268	1	205014900	205015428	2	-1.0611
TAKEN_p_TCGAb_379_400_FFPE_NSP_GenomeWideSNP_6_E01_1513268	1	205018261	249224388	30498	0.1951
TAKEN_p_TCGAb_379_400_FFPE_NSP_GenomeWideSNP_6_E01_1513268	2	12784	35975973	25052	0.1808
TAKEN_p_TCGAb_379_400_FFPE_NSP_GenomeWideSNP_6_E01_1513268	2	35977790	35987947	7	1.2012
TAKEN_p_TCGAb_379_400_FFPE_NSP_GenomeWideSNP_6_E01_1513268	2	35997473	52741737	12167	0.1955
TAKEN_p_TCGAb_379_400_FFPE_NSP_GenomeWideSNP_6_E01_1513268	2	52743925	52754881	8	-1.2853
TAKEN_p_TCGAb_379_400_FFPE_NSP_GenomeWideSNP_6_E01_1513268	2	52758753	52781542	33	-0.6355
TAKEN_p_TCGAb_379_400_FFPE_NSP_GenomeWideSNP_6_E01_1513268	2	52787949	76844466	15570	0.1834
TAKEN_p_TCGAb_379_400_FFPE_NSP_GenomeWideSNP_6_E01_1513268	2	76845173	76845426	5	-0.6855
TAKEN_p_TCGAb_379_400_FFPE_NSP_GenomeWideSNP_6_E01_1513268	2	76847586	88134764	6653	0.1755
TAKEN_p_TCGAb_379_400_FFPE_NSP_GenomeWideSNP_6_E01_1513268	2	88146129	88149501	2	-1.3105
TAKEN_p_TCGAb_379_400_FFPE_NSP_GenomeWideSNP_6_E01_1513268	2	88152584	97854159	1824	0.1614
TAKEN_p_TCGAb_379_400_FFPE_NSP_GenomeWideSNP_6_E01_1513268	2	97857927	97886334	17	0.6662
TAKEN_p_TCGAb_379_400_FFPE_NSP_GenomeWideSNP_6_E01_1513268	2	97898583	98157272	29	0.1032
TAKEN_p_TCGAb_379_400_FFPE_NSP_GenomeWideSNP_6_E01_1513268	2	98158124	98161710	2	-1.6038
TAKEN_p_TCGAb_379_400_FFPE_NSP_GenomeWideSNP_6_E01_1513268	2	98162189	106874722	5579	0.1864
TAKEN_p_TCGAb_379_400_FFPE_NSP_GenomeWideSNP_6_E01_1513268	2	106880095	106887255	13	0.8086
TAKEN_p_TCGAb_379_400_FFPE_NSP_GenomeWideSNP_6_E01_1513268	2	106887408	107210805	130	0.1754
TAKEN_p_TCGAb_379_400_FFPE_NSP_GenomeWideSNP_6_E01_1513268	2	107211045	107214192	3	-0.8818
TAKEN_p_TCGAb_379_400_FFPE_NSP_GenomeWideSNP_6_E01_1513268	2	107214400	110462496	1978	0.1852
TAKEN_p_TCGAb_379_400_FFPE_NSP_GenomeWideSNP_6_E01_1513268	2	110467473	110477250	2	2.7047
TAKEN_p_TCGAb_379_400_FFPE_NSP_GenomeWideSNP_6_E01_1513268	2	110501512	129638502	11345	0.1824
TAKEN_p_TCGAb_379_400_FFPE_NSP_GenomeWideSNP_6_E01_1513268	2	129638774	129640315	13	-0.8725
TAKEN_p_TCGAb_379_400_FFPE_NSP_GenomeWideSNP_6_E01_1513268	2	129640329	146862085	10486	0.2097
TAKEN_p_TCGAb_379_400_FFPE_NSP_GenomeWideSNP_6_E01_1513268	2	146864404	146866934	24	-1.8062
TAKEN_p_TCGAb_379_400_FFPE_NSP_GenomeWideSNP_6_E01_1513268	2	146877806	184793851	23319	0.2246
TAKEN_p_TCGAb_379_400_FFPE_NSP_GenomeWideSNP_6_E01_1513268	2	184794400	184802441	17	-0.7744
TAKEN_p_TCGAb_379_400_FFPE_NSP_GenomeWideSNP_6_E01_1513268	2	184808589	208354955	13682	0.2106
TAKEN_p_TCGAb_379_400_FFPE_NSP_GenomeWideSNP_6_E01_1513268	2	208355178	208359519	18	-0.8149
TAKEN_p_TCGAb_379_400_FFPE_NSP_GenomeWideSNP_6_E01_1513268	2	208359560	222471013	9113	0.2145
TAKEN_p_TCGAb_379_400_FFPE_NSP_GenomeWideSNP_6_E01_1513268	2	222471460	222471516	2	1.8171
TAKEN_p_TCGAb_379_400_FFPE_NSP_GenomeWideSNP_6_E01_1513268	2	222472562	227728752	3492	0.2239
TAKEN_p_TCGAb_379_400_FFPE_NSP_GenomeWideSNP_6_E01_1513268	2	227730323	227731852	2	-0.8763
TAKEN_p_TCGAb_379_400_FFPE_NSP_GenomeWideSNP_6_E01_1513268	2	227734175	228240198	323	0.2026
TAKEN_p_TCGAb_379_400_FFPE_NSP_GenomeWideSNP_6_E01_1513268	2	228246529	228254228	5	0.9625
TAKEN_p_TCGAb_379_400_FFPE_NSP_GenomeWideSNP_6_E01_1513268	2	228254272	240000518	7524	0.1672
TAKEN_p_TCGAb_379_400_FFPE_NSP_GenomeWideSNP_6_E01_1513268	2	240000556	241033954	695	-0.8611
TAKEN_p_TCGAb_379_400_FFPE_NSP_GenomeWideSNP_6_E01_1513268	2	241042734	243089456	986	0.1268
TAKEN_p_TCGAb_379_400_FFPE_NSP_GenomeWideSNP_6_E01_1513268	3	60345	25396077	19095	0.2116
TAKEN_p_TCGAb_379_400_FFPE_NSP_GenomeWideSNP_6_E01_1513268	3	25396760	25396965	3	-0.8531
TAKEN_p_TCGAb_379_400_FFPE_NSP_GenomeWideSNP_6_E01_1513268	3	25398175	32966542	5403	0.2264
TAKEN_p_TCGAb_379_400_FFPE_NSP_GenomeWideSNP_6_E01_1513268	3	32970700	32971594	2	-0.7173
TAKEN_p_TCGAb_379_400_FFPE_NSP_GenomeWideSNP_6_E01_1513268	3	32973076	36283731	2074	0.2203
TAKEN_p_TCGAb_379_400_FFPE_NSP_GenomeWideSNP_6_E01_1513268	3	36283957	36285030	3	-1.8744
TAKEN_p_TCGAb_379_400_FFPE_NSP_GenomeWideSNP_6_E01_1513268	3	36285279	67050791	20157	0.1935
TAKEN_p_TCGAb_379_400_FFPE_NSP_GenomeWideSNP_6_E01_1513268	3	67057537	68746164	1142	-0.6921
TAKEN_p_TCGAb_379_400_FFPE_NSP_GenomeWideSNP_6_E01_1513268	3	68746259	68747413	14	-1.8013
TAKEN_p_TCGAb_379_400_FFPE_NSP_GenomeWideSNP_6_E01_1513268	3	68748758	75252520	4789	-0.7132
TAKEN_p_TCGAb_379_400_FFPE_NSP_GenomeWideSNP_6_E01_1513268	3	75255314	75415863	83	0.184
TAKEN_p_TCGAb_379_400_FFPE_NSP_GenomeWideSNP_6_E01_1513268	3	75421170	75545172	53	-0.83
TAKEN_p_TCGAb_379_400_FFPE_NSP_GenomeWideSNP_6_E01_1513268	3	75545822	75715814	44	-0.1973
TAKEN_p_TCGAb_379_400_FFPE_NSP_GenomeWideSNP_6_E01_1513268	3	75726653	78129184	1423	0.2401
TAKEN_p_TCGAb_379_400_FFPE_NSP_GenomeWideSNP_6_E01_1513268	3	78134032	79289747	660	-0.6699
TAKEN_p_TCGAb_379_400_FFPE_NSP_GenomeWideSNP_6_E01_1513268	3	79291932	97909125	8307	0.2367
TAKEN_p_TCGAb_379_400_FFPE_NSP_GenomeWideSNP_6_E01_1513268	3	97913425	97914817	2	1.6936
TAKEN_p_TCGAb_379_400_FFPE_NSP_GenomeWideSNP_6_E01_1513268	3	97915948	98937784	594	0.2174
TAKEN_p_TCGAb_379_400_FFPE_NSP_GenomeWideSNP_6_E01_1513268	3	98944458	98949308	36	-2.4948
TAKEN_p_TCGAb_379_400_FFPE_NSP_GenomeWideSNP_6_E01_1513268	3	98949314	106589620	4580	0.238
TAKEN_p_TCGAb_379_400_FFPE_NSP_GenomeWideSNP_6_E01_1513268	3	106590386	122083954	9542	-0.6905
TAKEN_p_TCGAb_379_400_FFPE_NSP_GenomeWideSNP_6_E01_1513268	3	122096853	123985919	1149	0.1929
TAKEN_p_TCGAb_379_400_FFPE_NSP_GenomeWideSNP_6_E01_1513268	3	123990232	124088009	81	0.7748
TAKEN_p_TCGAb_379_400_FFPE_NSP_GenomeWideSNP_6_E01_1513268	3	124092457	124466520	333	0.2
TAKEN_p_TCGAb_379_400_FFPE_NSP_GenomeWideSNP_6_E01_1513268	3	124467837	124618868	93	0.7247
TAKEN_p_TCGAb_379_400_FFPE_NSP_GenomeWideSNP_6_E01_1513268	3	124619300	124834010	139	0.181
TAKEN_p_TCGAb_379_400_FFPE_NSP_GenomeWideSNP_6_E01_1513268	3	124834717	125154388	206	0.7069
TAKEN_p_TCGAb_379_400_FFPE_NSP_GenomeWideSNP_6_E01_1513268	3	125169672	125311307	75	0.1437
TAKEN_p_TCGAb_379_400_FFPE_NSP_GenomeWideSNP_6_E01_1513268	3	125315867	125480470	78	0.6187
TAKEN_p_TCGAb_379_400_FFPE_NSP_GenomeWideSNP_6_E01_1513268	3	125492403	125779414	169	0.1893
TAKEN_p_TCGAb_379_400_FFPE_NSP_GenomeWideSNP_6_E01_1513268	3	125781695	125826614	36	0.6953
TAKEN_p_TCGAb_379_400_FFPE_NSP_GenomeWideSNP_6_E01_1513268	3	125829830	125921104	83	0.1939
TAKEN_p_TCGAb_379_400_FFPE_NSP_GenomeWideSNP_6_E01_1513268	3	125923385	126092351	118	0.7111
TAKEN_p_TCGAb_379_400_FFPE_NSP_GenomeWideSNP_6_E01_1513268	3	126093700	126185508	70	0.1805
TAKEN_p_TCGAb_379_400_FFPE_NSP_GenomeWideSNP_6_E01_1513268	3	126186491	126189549	7	0.8672
TAKEN_p_TCGAb_379_400_FFPE_NSP_GenomeWideSNP_6_E01_1513268	3	126190830	126407294	144	0.1614
TAKEN_p_TCGAb_379_400_FFPE_NSP_GenomeWideSNP_6_E01_1513268	3	126412694	129787021	1845	-0.7798
TAKEN_p_TCGAb_379_400_FFPE_NSP_GenomeWideSNP_6_E01_1513268	3	129787199	129806236	40	-1.8358
TAKEN_p_TCGAb_379_400_FFPE_NSP_GenomeWideSNP_6_E01_1513268	3	129806924	131407495	948	-0.6667
TAKEN_p_TCGAb_379_400_FFPE_NSP_GenomeWideSNP_6_E01_1513268	3	131407891	131408280	5	-1.6844
TAKEN_p_TCGAb_379_400_FFPE_NSP_GenomeWideSNP_6_E01_1513268	3	131408313	131706696	221	-0.6868
TAKEN_p_TCGAb_379_400_FFPE_NSP_GenomeWideSNP_6_E01_1513268	3	131708157	131708471	2	-2.9391
TAKEN_p_TCGAb_379_400_FFPE_NSP_GenomeWideSNP_6_E01_1513268	3	131714999	133008492	912	-0.6894
TAKEN_p_TCGAb_379_400_FFPE_NSP_GenomeWideSNP_6_E01_1513268	3	133011204	133012480	3	-2.5024
TAKEN_p_TCGAb_379_400_FFPE_NSP_GenomeWideSNP_6_E01_1513268	3	133014772	133570063	404	-0.7477
TAKEN_p_TCGAb_379_400_FFPE_NSP_GenomeWideSNP_6_E01_1513268	3	133573680	135714755	1415	0.2074
TAKEN_p_TCGAb_379_400_FFPE_NSP_GenomeWideSNP_6_E01_1513268	3	135718955	136019099	125	-0.6956
TAKEN_p_TCGAb_379_400_FFPE_NSP_GenomeWideSNP_6_E01_1513268	3	136022951	136025426	2	-3.6074
TAKEN_p_TCGAb_379_400_FFPE_NSP_GenomeWideSNP_6_E01_1513268	3	136038541	136866009	331	-0.7138
TAKEN_p_TCGAb_379_400_FFPE_NSP_GenomeWideSNP_6_E01_1513268	3	136872073	151510042	9229	0.2225
TAKEN_p_TCGAb_379_400_FFPE_NSP_GenomeWideSNP_6_E01_1513268	3	151511085	151545879	30	-0.8262
TAKEN_p_TCGAb_379_400_FFPE_NSP_GenomeWideSNP_6_E01_1513268	3	151548491	162508268	6664	0.2395
TAKEN_p_TCGAb_379_400_FFPE_NSP_GenomeWideSNP_6_E01_1513268	3	162512657	162625995	70	0.8539
TAKEN_p_TCGAb_379_400_FFPE_NSP_GenomeWideSNP_6_E01_1513268	3	162626572	164799079	1198	0.238
TAKEN_p_TCGAb_379_400_FFPE_NSP_GenomeWideSNP_6_E01_1513268	3	164799095	164812799	8	-0.8237
TAKEN_p_TCGAb_379_400_FFPE_NSP_GenomeWideSNP_6_E01_1513268	3	164819134	175290064	6637	0.2444
TAKEN_p_TCGAb_379_400_FFPE_NSP_GenomeWideSNP_6_E01_1513268	3	175290344	175290966	2	-1.2489
TAKEN_p_TCGAb_379_400_FFPE_NSP_GenomeWideSNP_6_E01_1513268	3	175296589	194641316	12540	0.2144
TAKEN_p_TCGAb_379_400_FFPE_NSP_GenomeWideSNP_6_E01_1513268	3	194641346	194641845	4	-1.019
TAKEN_p_TCGAb_379_400_FFPE_NSP_GenomeWideSNP_6_E01_1513268	3	194642480	195661550	448	0.1448
TAKEN_p_TCGAb_379_400_FFPE_NSP_GenomeWideSNP_6_E01_1513268	3	195690846	195725304	8	-0.5664
TAKEN_p_TCGAb_379_400_FFPE_NSP_GenomeWideSNP_6_E01_1513268	3	195734981	197896118	1086	0.17
TAKEN_p_TCGAb_379_400_FFPE_NSP_GenomeWideSNP_6_E01_1513268	4	12281	10210390	5806	0.1388
TAKEN_p_TCGAb_379_400_FFPE_NSP_GenomeWideSNP_6_E01_1513268	4	10214160	10235007	33	1.2525
TAKEN_p_TCGAb_379_400_FFPE_NSP_GenomeWideSNP_6_E01_1513268	4	10235166	10390715	174	0.1825
TAKEN_p_TCGAb_379_400_FFPE_NSP_GenomeWideSNP_6_E01_1513268	4	10392354	10400668	16	-2.7359
TAKEN_p_TCGAb_379_400_FFPE_NSP_GenomeWideSNP_6_E01_1513268	4	10402718	34778860	16804	0.2256
TAKEN_p_TCGAb_379_400_FFPE_NSP_GenomeWideSNP_6_E01_1513268	4	34778962	34829913	46	-0.376
TAKEN_p_TCGAb_379_400_FFPE_NSP_GenomeWideSNP_6_E01_1513268	4	34829928	36009934	769	0.2269
TAKEN_p_TCGAb_379_400_FFPE_NSP_GenomeWideSNP_6_E01_1513268	4	36011393	36012853	3	-1.2547
TAKEN_p_TCGAb_379_400_FFPE_NSP_GenomeWideSNP_6_E01_1513268	4	36013141	40700573	3117	0.2042
TAKEN_p_TCGAb_379_400_FFPE_NSP_GenomeWideSNP_6_E01_1513268	4	40704011	40704687	4	-0.8363
TAKEN_p_TCGAb_379_400_FFPE_NSP_GenomeWideSNP_6_E01_1513268	4	40705987	60320033	10182	0.2158
TAKEN_p_TCGAb_379_400_FFPE_NSP_GenomeWideSNP_6_E01_1513268	4	60324949	60330445	5	0.9146
TAKEN_p_TCGAb_379_400_FFPE_NSP_GenomeWideSNP_6_E01_1513268	4	60331535	61936938	1014	0.2167
TAKEN_p_TCGAb_379_400_FFPE_NSP_GenomeWideSNP_6_E01_1513268	4	61940935	61941952	2	-2.2805
TAKEN_p_TCGAb_379_400_FFPE_NSP_GenomeWideSNP_6_E01_1513268	4	61945686	69284591	4397	0.2348
TAKEN_p_TCGAb_379_400_FFPE_NSP_GenomeWideSNP_6_E01_1513268	4	69288138	69288142	3	1.5031
TAKEN_p_TCGAb_379_400_FFPE_NSP_GenomeWideSNP_6_E01_1513268	4	69294799	69372003	16	0.069
TAKEN_p_TCGAb_379_400_FFPE_NSP_GenomeWideSNP_6_E01_1513268	4	69374941	69528959	70	-0.3127
TAKEN_p_TCGAb_379_400_FFPE_NSP_GenomeWideSNP_6_E01_1513268	4	69536788	70120322	318	0.2198
TAKEN_p_TCGAb_379_400_FFPE_NSP_GenomeWideSNP_6_E01_1513268	4	70120699	70242896	67	0.5282
TAKEN_p_TCGAb_379_400_FFPE_NSP_GenomeWideSNP_6_E01_1513268	4	70244081	70704542	326	0.235
TAKEN_p_TCGAb_379_400_FFPE_NSP_GenomeWideSNP_6_E01_1513268	4	70704876	70709207	2	-1.2026
TAKEN_p_TCGAb_379_400_FFPE_NSP_GenomeWideSNP_6_E01_1513268	4	70709291	86976391	10125	0.2335
TAKEN_p_TCGAb_379_400_FFPE_NSP_GenomeWideSNP_6_E01_1513268	4	86976444	86979944	18	-0.5369
TAKEN_p_TCGAb_379_400_FFPE_NSP_GenomeWideSNP_6_E01_1513268	4	86980089	115173700	16900	0.2461
TAKEN_p_TCGAb_379_400_FFPE_NSP_GenomeWideSNP_6_E01_1513268	4	115175323	115182175	23	-1.6524
TAKEN_p_TCGAb_379_400_FFPE_NSP_GenomeWideSNP_6_E01_1513268	4	115184229	172369346	34763	0.2406
TAKEN_p_TCGAb_379_400_FFPE_NSP_GenomeWideSNP_6_E01_1513268	4	172374884	172377776	12	-1.1409
TAKEN_p_TCGAb_379_400_FFPE_NSP_GenomeWideSNP_6_E01_1513268	4	172380371	172987928	397	0.2614
TAKEN_p_TCGAb_379_400_FFPE_NSP_GenomeWideSNP_6_E01_1513268	4	172989148	172989533	12	-1.8494
TAKEN_p_TCGAb_379_400_FFPE_NSP_GenomeWideSNP_6_E01_1513268	4	172995979	191027923	12131	0.2104
TAKEN_p_TCGAb_379_400_FFPE_NSP_GenomeWideSNP_6_E01_1513268	5	15532	896815	381	-0.8022
TAKEN_p_TCGAb_379_400_FFPE_NSP_GenomeWideSNP_6_E01_1513268	5	905701	908540	3	-3.3994
TAKEN_p_TCGAb_379_400_FFPE_NSP_GenomeWideSNP_6_E01_1513268	5	913391	8702240	6557	-0.7457
TAKEN_p_TCGAb_379_400_FFPE_NSP_GenomeWideSNP_6_E01_1513268	5	8702522	8747142	47	-2.4817
TAKEN_p_TCGAb_379_400_FFPE_NSP_GenomeWideSNP_6_E01_1513268	5	8749731	12791720	3201	-0.6782
TAKEN_p_TCGAb_379_400_FFPE_NSP_GenomeWideSNP_6_E01_1513268	5	12800889	12826650	12	-1.5851
TAKEN_p_TCGAb_379_400_FFPE_NSP_GenomeWideSNP_6_E01_1513268	5	12833857	54569541	23795	-0.6505
TAKEN_p_TCGAb_379_400_FFPE_NSP_GenomeWideSNP_6_E01_1513268	5	54570645	54944262	177	0.1742
TAKEN_p_TCGAb_379_400_FFPE_NSP_GenomeWideSNP_6_E01_1513268	5	54944270	57321646	1659	-0.6126
TAKEN_p_TCGAb_379_400_FFPE_NSP_GenomeWideSNP_6_E01_1513268	5	57326027	57333533	32	0.3109
TAKEN_p_TCGAb_379_400_FFPE_NSP_GenomeWideSNP_6_E01_1513268	5	57338357	62874332	3613	-0.6064
TAKEN_p_TCGAb_379_400_FFPE_NSP_GenomeWideSNP_6_E01_1513268	5	62875830	63289614	228	0.2476
TAKEN_p_TCGAb_379_400_FFPE_NSP_GenomeWideSNP_6_E01_1513268	5	63294361	66317559	1852	-0.6861
TAKEN_p_TCGAb_379_400_FFPE_NSP_GenomeWideSNP_6_E01_1513268	5	66318586	68846303	1601	0.225
TAKEN_p_TCGAb_379_400_FFPE_NSP_GenomeWideSNP_6_E01_1513268	5	68867294	69233444	7	0.9191
TAKEN_p_TCGAb_379_400_FFPE_NSP_GenomeWideSNP_6_E01_1513268	5	69313673	76396126	3878	0.2213
TAKEN_p_TCGAb_379_400_FFPE_NSP_GenomeWideSNP_6_E01_1513268	5	76399470	97045121	11745	-0.679
TAKEN_p_TCGAb_379_400_FFPE_NSP_GenomeWideSNP_6_E01_1513268	5	97048466	97099320	43	-4.65
TAKEN_p_TCGAb_379_400_FFPE_NSP_GenomeWideSNP_6_E01_1513268	5	97099684	97116687	7	-0.2663
TAKEN_p_TCGAb_379_400_FFPE_NSP_GenomeWideSNP_6_E01_1513268	5	97116861	97120507	4	-2.4322
TAKEN_p_TCGAb_379_400_FFPE_NSP_GenomeWideSNP_6_E01_1513268	5	97125667	99918498	1573	-0.6659
TAKEN_p_TCGAb_379_400_FFPE_NSP_GenomeWideSNP_6_E01_1513268	5	99928191	103735355	2240	0.2558
TAKEN_p_TCGAb_379_400_FFPE_NSP_GenomeWideSNP_6_E01_1513268	5	103743414	103851221	63	-0.6507
TAKEN_p_TCGAb_379_400_FFPE_NSP_GenomeWideSNP_6_E01_1513268	5	103860373	103860604	4	1.2559
TAKEN_p_TCGAb_379_400_FFPE_NSP_GenomeWideSNP_6_E01_1513268	5	103861049	113842068	6754	-0.6631
TAKEN_p_TCGAb_379_400_FFPE_NSP_GenomeWideSNP_6_E01_1513268	5	113842334	116952010	2344	0.2312
TAKEN_p_TCGAb_379_400_FFPE_NSP_GenomeWideSNP_6_E01_1513268	5	116953657	128150126	7263	-0.6774
TAKEN_p_TCGAb_379_400_FFPE_NSP_GenomeWideSNP_6_E01_1513268	5	128152514	138069564	5968	0.2149
TAKEN_p_TCGAb_379_400_FFPE_NSP_GenomeWideSNP_6_E01_1513268	5	138070030	155476920	11114	-0.7188
TAKEN_p_TCGAb_379_400_FFPE_NSP_GenomeWideSNP_6_E01_1513268	5	155476998	155482729	12	-2.3408
TAKEN_p_TCGAb_379_400_FFPE_NSP_GenomeWideSNP_6_E01_1513268	5	155495250	180790320	16790	-0.7535
TAKEN_p_TCGAb_379_400_FFPE_NSP_GenomeWideSNP_6_E01_1513268	6	149661	257353	102	0.2286
TAKEN_p_TCGAb_379_400_FFPE_NSP_GenomeWideSNP_6_E01_1513268	6	258265	294837	22	-0.1808
TAKEN_p_TCGAb_379_400_FFPE_NSP_GenomeWideSNP_6_E01_1513268	6	302306	329869	15	0.5744
TAKEN_p_TCGAb_379_400_FFPE_NSP_GenomeWideSNP_6_E01_1513268	6	330704	23743017	18107	0.2235
TAKEN_p_TCGAb_379_400_FFPE_NSP_GenomeWideSNP_6_E01_1513268	6	23744672	23745430	2	-0.9475
TAKEN_p_TCGAb_379_400_FFPE_NSP_GenomeWideSNP_6_E01_1513268	6	23747732	23795695	52	0.2523
TAKEN_p_TCGAb_379_400_FFPE_NSP_GenomeWideSNP_6_E01_1513268	6	23796178	23796212	3	-0.5202
TAKEN_p_TCGAb_379_400_FFPE_NSP_GenomeWideSNP_6_E01_1513268	6	23797913	26732406	1986	0.2232
TAKEN_p_TCGAb_379_400_FFPE_NSP_GenomeWideSNP_6_E01_1513268	6	26737032	26783667	28	-0.2586
TAKEN_p_TCGAb_379_400_FFPE_NSP_GenomeWideSNP_6_E01_1513268	6	26798155	29049996	1027	0.2151
TAKEN_p_TCGAb_379_400_FFPE_NSP_GenomeWideSNP_6_E01_1513268	6	29053998	29757715	333	-0.7914
TAKEN_p_TCGAb_379_400_FFPE_NSP_GenomeWideSNP_6_E01_1513268	6	29762178	29843434	82	0.1243
TAKEN_p_TCGAb_379_400_FFPE_NSP_GenomeWideSNP_6_E01_1513268	6	29844034	29849267	7	-1.3516
TAKEN_p_TCGAb_379_400_FFPE_NSP_GenomeWideSNP_6_E01_1513268	6	29850196	30782002	383	0.208
TAKEN_p_TCGAb_379_400_FFPE_NSP_GenomeWideSNP_6_E01_1513268	6	30787175	31542308	479	-0.9069
TAKEN_p_TCGAb_379_400_FFPE_NSP_GenomeWideSNP_6_E01_1513268	6	31546762	31572333	5	-3.7098
TAKEN_p_TCGAb_379_400_FFPE_NSP_GenomeWideSNP_6_E01_1513268	6	31575276	45516666	8469	-0.7793
TAKEN_p_TCGAb_379_400_FFPE_NSP_GenomeWideSNP_6_E01_1513268	6	45521011	51822467	4098	0.2587
TAKEN_p_TCGAb_379_400_FFPE_NSP_GenomeWideSNP_6_E01_1513268	6	51825640	62118683	4196	-0.6935
TAKEN_p_TCGAb_379_400_FFPE_NSP_GenomeWideSNP_6_E01_1513268	6	62123362	62240976	18	0.0585
TAKEN_p_TCGAb_379_400_FFPE_NSP_GenomeWideSNP_6_E01_1513268	6	62240983	65710729	1915	-0.6727
TAKEN_p_TCGAb_379_400_FFPE_NSP_GenomeWideSNP_6_E01_1513268	6	65711399	65713792	3	-2.8216
TAKEN_p_TCGAb_379_400_FFPE_NSP_GenomeWideSNP_6_E01_1513268	6	65717384	78971712	8695	-0.6679
TAKEN_p_TCGAb_379_400_FFPE_NSP_GenomeWideSNP_6_E01_1513268	6	78971781	79026686	95	-2.7389
TAKEN_p_TCGAb_379_400_FFPE_NSP_GenomeWideSNP_6_E01_1513268	6	79026701	103734829	15491	-0.6757
TAKEN_p_TCGAb_379_400_FFPE_NSP_GenomeWideSNP_6_E01_1513268	6	103737976	103762061	46	-1.4626
TAKEN_p_TCGAb_379_400_FFPE_NSP_GenomeWideSNP_6_E01_1513268	6	103765470	152657391	31291	-0.6866
TAKEN_p_TCGAb_379_400_FFPE_NSP_GenomeWideSNP_6_E01_1513268	6	152657508	152658142	2	-2.7367
TAKEN_p_TCGAb_379_400_FFPE_NSP_GenomeWideSNP_6_E01_1513268	6	152658216	169822952	12201	-0.7515
TAKEN_p_TCGAb_379_400_FFPE_NSP_GenomeWideSNP_6_E01_1513268	6	169824254	169829597	3	-3.235
TAKEN_p_TCGAb_379_400_FFPE_NSP_GenomeWideSNP_6_E01_1513268	6	169830012	170982534	652	-0.7857
TAKEN_p_TCGAb_379_400_FFPE_NSP_GenomeWideSNP_6_E01_1513268	6	171050379	171051005	2	0.6775
TAKEN_p_TCGAb_379_400_FFPE_NSP_GenomeWideSNP_6_E01_1513268	7	43355	5936900	3074	0.1275
TAKEN_p_TCGAb_379_400_FFPE_NSP_GenomeWideSNP_6_E01_1513268	7	5940039	5950828	3	-1.0811
TAKEN_p_TCGAb_379_400_FFPE_NSP_GenomeWideSNP_6_E01_1513268	7	5956259	6838724	362	0.1155
TAKEN_p_TCGAb_379_400_FFPE_NSP_GenomeWideSNP_6_E01_1513268	7	6854110	6872172	8	0.8404
TAKEN_p_TCGAb_379_400_FFPE_NSP_GenomeWideSNP_6_E01_1513268	7	6874273	7028785	50	-0.0214
TAKEN_p_TCGAb_379_400_FFPE_NSP_GenomeWideSNP_6_E01_1513268	7	7039486	22434780	12610	0.2388
TAKEN_p_TCGAb_379_400_FFPE_NSP_GenomeWideSNP_6_E01_1513268	7	22435472	22436487	2	-2.7995
TAKEN_p_TCGAb_379_400_FFPE_NSP_GenomeWideSNP_6_E01_1513268	7	22438754	35118918	8980	0.216
TAKEN_p_TCGAb_379_400_FFPE_NSP_GenomeWideSNP_6_E01_1513268	7	35119472	35132468	4	-0.906
TAKEN_p_TCGAb_379_400_FFPE_NSP_GenomeWideSNP_6_E01_1513268	7	35144304	54380373	13498	0.2122
TAKEN_p_TCGAb_379_400_FFPE_NSP_GenomeWideSNP_6_E01_1513268	7	54386505	54386517	6	-1.9509
TAKEN_p_TCGAb_379_400_FFPE_NSP_GenomeWideSNP_6_E01_1513268	7	54393488	98556962	22761	0.203
TAKEN_p_TCGAb_379_400_FFPE_NSP_GenomeWideSNP_6_E01_1513268	7	98557041	98562745	6	-0.5996
TAKEN_p_TCGAb_379_400_FFPE_NSP_GenomeWideSNP_6_E01_1513268	7	98562842	111060785	7185	0.1892
TAKEN_p_TCGAb_379_400_FFPE_NSP_GenomeWideSNP_6_E01_1513268	7	111065292	111069534	8	-0.4657
TAKEN_p_TCGAb_379_400_FFPE_NSP_GenomeWideSNP_6_E01_1513268	7	111069905	128104287	10340	0.2408
TAKEN_p_TCGAb_379_400_FFPE_NSP_GenomeWideSNP_6_E01_1513268	7	128104859	128106870	2	1.3982
TAKEN_p_TCGAb_379_400_FFPE_NSP_GenomeWideSNP_6_E01_1513268	7	128107345	142474939	9053	0.1991
TAKEN_p_TCGAb_379_400_FFPE_NSP_GenomeWideSNP_6_E01_1513268	7	142476719	142486345	29	0.7521
TAKEN_p_TCGAb_379_400_FFPE_NSP_GenomeWideSNP_6_E01_1513268	7	142486495	143931103	847	0.2355
TAKEN_p_TCGAb_379_400_FFPE_NSP_GenomeWideSNP_6_E01_1513268	7	143938313	144003667	17	-0.4844
TAKEN_p_TCGAb_379_400_FFPE_NSP_GenomeWideSNP_6_E01_1513268	7	144003746	159127004	9716	0.1785
TAKEN_p_TCGAb_379_400_FFPE_NSP_GenomeWideSNP_6_E01_1513268	8	31254	6999220	7784	-0.7671
TAKEN_p_TCGAb_379_400_FFPE_NSP_GenomeWideSNP_6_E01_1513268	8	7009595	7255110	48	-0.201
TAKEN_p_TCGAb_379_400_FFPE_NSP_GenomeWideSNP_6_E01_1513268	8	7267365	7746368	108	0.3622
TAKEN_p_TCGAb_379_400_FFPE_NSP_GenomeWideSNP_6_E01_1513268	8	7747134	7754293	6	-0.6189
TAKEN_p_TCGAb_379_400_FFPE_NSP_GenomeWideSNP_6_E01_1513268	8	7754392	7787962	26	0.4605
TAKEN_p_TCGAb_379_400_FFPE_NSP_GenomeWideSNP_6_E01_1513268	8	7798758	7978187	50	-0.4558
TAKEN_p_TCGAb_379_400_FFPE_NSP_GenomeWideSNP_6_E01_1513268	8	7989963	8087144	22	0.2042
TAKEN_p_TCGAb_379_400_FFPE_NSP_GenomeWideSNP_6_E01_1513268	8	8092025	8287056	182	-0.7485
TAKEN_p_TCGAb_379_400_FFPE_NSP_GenomeWideSNP_6_E01_1513268	8	8287217	8291357	4	-3.6897
TAKEN_p_TCGAb_379_400_FFPE_NSP_GenomeWideSNP_6_E01_1513268	8	8291745	11309849	2627	-0.7862
TAKEN_p_TCGAb_379_400_FFPE_NSP_GenomeWideSNP_6_E01_1513268	8	11309893	11310012	2	-3.2508
TAKEN_p_TCGAb_379_400_FFPE_NSP_GenomeWideSNP_6_E01_1513268	8	11322997	12198189	415	-0.8136
TAKEN_p_TCGAb_379_400_FFPE_NSP_GenomeWideSNP_6_E01_1513268	8	12198254	12232416	5	0.2641
TAKEN_p_TCGAb_379_400_FFPE_NSP_GenomeWideSNP_6_E01_1513268	8	12233640	12247486	36	0.8026
TAKEN_p_TCGAb_379_400_FFPE_NSP_GenomeWideSNP_6_E01_1513268	8	12260927	12443055	64	0.1902
TAKEN_p_TCGAb_379_400_FFPE_NSP_GenomeWideSNP_6_E01_1513268	8	12473543	21112099	7851	-0.7103
TAKEN_p_TCGAb_379_400_FFPE_NSP_GenomeWideSNP_6_E01_1513268	8	21112632	21114058	3	-2.6185
TAKEN_p_TCGAb_379_400_FFPE_NSP_GenomeWideSNP_6_E01_1513268	8	21118224	24974577	2545	-0.7639
TAKEN_p_TCGAb_379_400_FFPE_NSP_GenomeWideSNP_6_E01_1513268	8	24975500	24984333	23	-2.4781
TAKEN_p_TCGAb_379_400_FFPE_NSP_GenomeWideSNP_6_E01_1513268	8	24991104	35088983	6818	-0.7324
TAKEN_p_TCGAb_379_400_FFPE_NSP_GenomeWideSNP_6_E01_1513268	8	35095012	36068854	504	0.2439
TAKEN_p_TCGAb_379_400_FFPE_NSP_GenomeWideSNP_6_E01_1513268	8	36072563	36077139	5	-1.1206
TAKEN_p_TCGAb_379_400_FFPE_NSP_GenomeWideSNP_6_E01_1513268	8	36078341	36738206	355	0.2362
TAKEN_p_TCGAb_379_400_FFPE_NSP_GenomeWideSNP_6_E01_1513268	8	36744017	36969766	151	1.4464
TAKEN_p_TCGAb_379_400_FFPE_NSP_GenomeWideSNP_6_E01_1513268	8	36970586	37047070	58	2.1921
TAKEN_p_TCGAb_379_400_FFPE_NSP_GenomeWideSNP_6_E01_1513268	8	37047156	37047227	2	0.0801
TAKEN_p_TCGAb_379_400_FFPE_NSP_GenomeWideSNP_6_E01_1513268	8	37047633	37361135	236	2.1726
TAKEN_p_TCGAb_379_400_FFPE_NSP_GenomeWideSNP_6_E01_1513268	8	37361423	37476755	63	2.4838
TAKEN_p_TCGAb_379_400_FFPE_NSP_GenomeWideSNP_6_E01_1513268	8	37480731	37492872	12	1.9615
TAKEN_p_TCGAb_379_400_FFPE_NSP_GenomeWideSNP_6_E01_1513268	8	37497305	38288463	313	2.7041
TAKEN_p_TCGAb_379_400_FFPE_NSP_GenomeWideSNP_6_E01_1513268	8	38290359	38479693	161	2.3233
TAKEN_p_TCGAb_379_400_FFPE_NSP_GenomeWideSNP_6_E01_1513268	8	38479884	38831059	164	1.4676
TAKEN_p_TCGAb_379_400_FFPE_NSP_GenomeWideSNP_6_E01_1513268	8	38835269	39246675	189	0.2277
TAKEN_p_TCGAb_379_400_FFPE_NSP_GenomeWideSNP_6_E01_1513268	8	39247111	39384124	53	-0.5025
TAKEN_p_TCGAb_379_400_FFPE_NSP_GenomeWideSNP_6_E01_1513268	8	39384700	40771996	1078	0.2232
TAKEN_p_TCGAb_379_400_FFPE_NSP_GenomeWideSNP_6_E01_1513268	8	40777852	40778471	2	-2.4459
TAKEN_p_TCGAb_379_400_FFPE_NSP_GenomeWideSNP_6_E01_1513268	8	40783680	40829755	33	0.1237
TAKEN_p_TCGAb_379_400_FFPE_NSP_GenomeWideSNP_6_E01_1513268	8	40832857	40833987	5	0.8964
TAKEN_p_TCGAb_379_400_FFPE_NSP_GenomeWideSNP_6_E01_1513268	8	40836376	41319601	300	0.2081
TAKEN_p_TCGAb_379_400_FFPE_NSP_GenomeWideSNP_6_E01_1513268	8	41322336	43045681	973	0.7172
TAKEN_p_TCGAb_379_400_FFPE_NSP_GenomeWideSNP_6_E01_1513268	8	43046648	43824048	204	0.2046
TAKEN_p_TCGAb_379_400_FFPE_NSP_GenomeWideSNP_6_E01_1513268	8	46847534	47953857	395	0.668
TAKEN_p_TCGAb_379_400_FFPE_NSP_GenomeWideSNP_6_E01_1513268	8	47954947	48129224	70	0.1921
TAKEN_p_TCGAb_379_400_FFPE_NSP_GenomeWideSNP_6_E01_1513268	8	48148105	49074088	395	-0.6728
TAKEN_p_TCGAb_379_400_FFPE_NSP_GenomeWideSNP_6_E01_1513268	8	49074913	49935303	469	0.231
TAKEN_p_TCGAb_379_400_FFPE_NSP_GenomeWideSNP_6_E01_1513268	8	49937473	51032011	674	-0.6932
TAKEN_p_TCGAb_379_400_FFPE_NSP_GenomeWideSNP_6_E01_1513268	8	51032024	51032387	7	-1.8148
TAKEN_p_TCGAb_379_400_FFPE_NSP_GenomeWideSNP_6_E01_1513268	8	51033423	54034889	1946	-0.6969
TAKEN_p_TCGAb_379_400_FFPE_NSP_GenomeWideSNP_6_E01_1513268	8	54039037	54855277	540	0.2044
TAKEN_p_TCGAb_379_400_FFPE_NSP_GenomeWideSNP_6_E01_1513268	8	54855680	55659025	497	-0.7273
TAKEN_p_TCGAb_379_400_FFPE_NSP_GenomeWideSNP_6_E01_1513268	8	55674507	64848957	6083	0.2268
TAKEN_p_TCGAb_379_400_FFPE_NSP_GenomeWideSNP_6_E01_1513268	8	64849008	64849118	3	1.4135
TAKEN_p_TCGAb_379_400_FFPE_NSP_GenomeWideSNP_6_E01_1513268	8	64849510	70011972	2915	0.2289
TAKEN_p_TCGAb_379_400_FFPE_NSP_GenomeWideSNP_6_E01_1513268	8	70012191	70206603	124	0.8063
TAKEN_p_TCGAb_379_400_FFPE_NSP_GenomeWideSNP_6_E01_1513268	8	70207597	70207916	2	-0.4088
TAKEN_p_TCGAb_379_400_FFPE_NSP_GenomeWideSNP_6_E01_1513268	8	70207946	70952739	508	0.7454
TAKEN_p_TCGAb_379_400_FFPE_NSP_GenomeWideSNP_6_E01_1513268	8	70953927	70954834	7	-0.2285
TAKEN_p_TCGAb_379_400_FFPE_NSP_GenomeWideSNP_6_E01_1513268	8	70961161	72066774	578	0.7471
TAKEN_p_TCGAb_379_400_FFPE_NSP_GenomeWideSNP_6_E01_1513268	8	72069929	72170722	83	0.3246
TAKEN_p_TCGAb_379_400_FFPE_NSP_GenomeWideSNP_6_E01_1513268	8	72174414	72212365	33	0.8484
TAKEN_p_TCGAb_379_400_FFPE_NSP_GenomeWideSNP_6_E01_1513268	8	72215311	72216599	9	0.2122
TAKEN_p_TCGAb_379_400_FFPE_NSP_GenomeWideSNP_6_E01_1513268	8	72219863	76226176	2724	0.8199
TAKEN_p_TCGAb_379_400_FFPE_NSP_GenomeWideSNP_6_E01_1513268	8	76228295	77753004	878	-0.6892
TAKEN_p_TCGAb_379_400_FFPE_NSP_GenomeWideSNP_6_E01_1513268	8	77755328	79144794	828	0.2343
TAKEN_p_TCGAb_379_400_FFPE_NSP_GenomeWideSNP_6_E01_1513268	8	79147282	81102524	1169	-0.6681
TAKEN_p_TCGAb_379_400_FFPE_NSP_GenomeWideSNP_6_E01_1513268	8	81104181	84337995	1831	0.2386
TAKEN_p_TCGAb_379_400_FFPE_NSP_GenomeWideSNP_6_E01_1513268	8	84341857	87558846	1675	-0.6747
TAKEN_p_TCGAb_379_400_FFPE_NSP_GenomeWideSNP_6_E01_1513268	8	87561788	88646868	623	0.2291
TAKEN_p_TCGAb_379_400_FFPE_NSP_GenomeWideSNP_6_E01_1513268	8	88656300	90391486	1094	-0.6598
TAKEN_p_TCGAb_379_400_FFPE_NSP_GenomeWideSNP_6_E01_1513268	8	90394545	91564256	692	0.2479
TAKEN_p_TCGAb_379_400_FFPE_NSP_GenomeWideSNP_6_E01_1513268	8	91565479	91596961	17	-0.8031
TAKEN_p_TCGAb_379_400_FFPE_NSP_GenomeWideSNP_6_E01_1513268	8	91602813	97738167	3913	0.2291
TAKEN_p_TCGAb_379_400_FFPE_NSP_GenomeWideSNP_6_E01_1513268	8	97739513	97750784	9	-0.7172
TAKEN_p_TCGAb_379_400_FFPE_NSP_GenomeWideSNP_6_E01_1513268	8	97759152	97762623	4	0.2537
TAKEN_p_TCGAb_379_400_FFPE_NSP_GenomeWideSNP_6_E01_1513268	8	97763265	97980867	110	-0.5989
TAKEN_p_TCGAb_379_400_FFPE_NSP_GenomeWideSNP_6_E01_1513268	8	97989765	98029627	15	0.2044
TAKEN_p_TCGAb_379_400_FFPE_NSP_GenomeWideSNP_6_E01_1513268	8	98038083	98105873	33	-0.7249
TAKEN_p_TCGAb_379_400_FFPE_NSP_GenomeWideSNP_6_E01_1513268	8	98107346	99525046	936	0.2064
TAKEN_p_TCGAb_379_400_FFPE_NSP_GenomeWideSNP_6_E01_1513268	8	99531065	99814885	107	-0.6389
TAKEN_p_TCGAb_379_400_FFPE_NSP_GenomeWideSNP_6_E01_1513268	8	99820647	100992459	506	0.2279
TAKEN_p_TCGAb_379_400_FFPE_NSP_GenomeWideSNP_6_E01_1513268	8	100994389	101011417	12	-0.6876
TAKEN_p_TCGAb_379_400_FFPE_NSP_GenomeWideSNP_6_E01_1513268	8	101011827	101058570	26	0.2469
TAKEN_p_TCGAb_379_400_FFPE_NSP_GenomeWideSNP_6_E01_1513268	8	101058613	101806426	450	-0.7195
TAKEN_p_TCGAb_379_400_FFPE_NSP_GenomeWideSNP_6_E01_1513268	8	101806908	102866564	819	0.2086
TAKEN_p_TCGAb_379_400_FFPE_NSP_GenomeWideSNP_6_E01_1513268	8	102866844	105461656	1540	0.702
TAKEN_p_TCGAb_379_400_FFPE_NSP_GenomeWideSNP_6_E01_1513268	8	105464654	105465873	2	-0.6019
TAKEN_p_TCGAb_379_400_FFPE_NSP_GenomeWideSNP_6_E01_1513268	8	105467266	105749530	161	0.723
TAKEN_p_TCGAb_379_400_FFPE_NSP_GenomeWideSNP_6_E01_1513268	8	105751792	106208878	302	0.1206
TAKEN_p_TCGAb_379_400_FFPE_NSP_GenomeWideSNP_6_E01_1513268	8	106209914	106428145	122	0.7615
TAKEN_p_TCGAb_379_400_FFPE_NSP_GenomeWideSNP_6_E01_1513268	8	106428795	107517318	682	0.2681
TAKEN_p_TCGAb_379_400_FFPE_NSP_GenomeWideSNP_6_E01_1513268	8	107520412	112291352	2856	0.7366
TAKEN_p_TCGAb_379_400_FFPE_NSP_GenomeWideSNP_6_E01_1513268	8	112291494	112295245	10	-1.7472
TAKEN_p_TCGAb_379_400_FFPE_NSP_GenomeWideSNP_6_E01_1513268	8	112295260	112301252	3	0.1501
TAKEN_p_TCGAb_379_400_FFPE_NSP_GenomeWideSNP_6_E01_1513268	8	112303183	112347914	28	0.8429
TAKEN_p_TCGAb_379_400_FFPE_NSP_GenomeWideSNP_6_E01_1513268	8	112347917	113502325	634	0.2617
TAKEN_p_TCGAb_379_400_FFPE_NSP_GenomeWideSNP_6_E01_1513268	8	113503485	115163001	894	0.7884
TAKEN_p_TCGAb_379_400_FFPE_NSP_GenomeWideSNP_6_E01_1513268	8	115163562	115168886	9	0.2093
TAKEN_p_TCGAb_379_400_FFPE_NSP_GenomeWideSNP_6_E01_1513268	8	115168901	116399889	782	0.79
TAKEN_p_TCGAb_379_400_FFPE_NSP_GenomeWideSNP_6_E01_1513268	8	116402261	117760027	831	1.1265
TAKEN_p_TCGAb_379_400_FFPE_NSP_GenomeWideSNP_6_E01_1513268	8	117763873	128488818	7521	0.2434
TAKEN_p_TCGAb_379_400_FFPE_NSP_GenomeWideSNP_6_E01_1513268	8	128493074	131863805	2417	-0.7334
TAKEN_p_TCGAb_379_400_FFPE_NSP_GenomeWideSNP_6_E01_1513268	8	131865018	131865742	2	-2.9051
TAKEN_p_TCGAb_379_400_FFPE_NSP_GenomeWideSNP_6_E01_1513268	8	131866339	146298155	9779	-0.8193
TAKEN_p_TCGAb_379_400_FFPE_NSP_GenomeWideSNP_6_E01_1513268	9	46587	602903	512	0.161
TAKEN_p_TCGAb_379_400_FFPE_NSP_GenomeWideSNP_6_E01_1513268	9	606699	606961	4	1.1486
TAKEN_p_TCGAb_379_400_FFPE_NSP_GenomeWideSNP_6_E01_1513268	9	607307	21716122	18861	0.2117
TAKEN_p_TCGAb_379_400_FFPE_NSP_GenomeWideSNP_6_E01_1513268	9	21716997	24264219	1737	-3.0509
TAKEN_p_TCGAb_379_400_FFPE_NSP_GenomeWideSNP_6_E01_1513268	9	24266021	24272883	3	-1.3676
TAKEN_p_TCGAb_379_400_FFPE_NSP_GenomeWideSNP_6_E01_1513268	9	24278837	26517803	1603	0.2202
TAKEN_p_TCGAb_379_400_FFPE_NSP_GenomeWideSNP_6_E01_1513268	9	26520825	26762628	222	-3.2969
TAKEN_p_TCGAb_379_400_FFPE_NSP_GenomeWideSNP_6_E01_1513268	9	26768088	29091097	1877	0.2103
TAKEN_p_TCGAb_379_400_FFPE_NSP_GenomeWideSNP_6_E01_1513268	9	29094549	29094997	2	-3.7836
TAKEN_p_TCGAb_379_400_FFPE_NSP_GenomeWideSNP_6_E01_1513268	9	29097680	31586339	1720	0.2038
TAKEN_p_TCGAb_379_400_FFPE_NSP_GenomeWideSNP_6_E01_1513268	9	31586421	31590407	2	-1.1427
TAKEN_p_TCGAb_379_400_FFPE_NSP_GenomeWideSNP_6_E01_1513268	9	31591423	37033159	3450	0.1705
TAKEN_p_TCGAb_379_400_FFPE_NSP_GenomeWideSNP_6_E01_1513268	9	37033361	37034617	2	-2.3125
TAKEN_p_TCGAb_379_400_FFPE_NSP_GenomeWideSNP_6_E01_1513268	9	37034669	38439972	902	0.1378
TAKEN_p_TCGAb_379_400_FFPE_NSP_GenomeWideSNP_6_E01_1513268	9	38440754	38440946	3	-1.9266
TAKEN_p_TCGAb_379_400_FFPE_NSP_GenomeWideSNP_6_E01_1513268	9	38441586	39810645	404	0.187
TAKEN_p_TCGAb_379_400_FFPE_NSP_GenomeWideSNP_6_E01_1513268	9	40476154	40809377	23	-0.2223
TAKEN_p_TCGAb_379_400_FFPE_NSP_GenomeWideSNP_6_E01_1513268	9	40811602	41733631	36	0.151
TAKEN_p_TCGAb_379_400_FFPE_NSP_GenomeWideSNP_6_E01_1513268	9	41842529	43315974	35	-0.2263
TAKEN_p_TCGAb_379_400_FFPE_NSP_GenomeWideSNP_6_E01_1513268	9	43472537	43790346	38	-1.2252
TAKEN_p_TCGAb_379_400_FFPE_NSP_GenomeWideSNP_6_E01_1513268	9	43800186	44241817	29	0.114
TAKEN_p_TCGAb_379_400_FFPE_NSP_GenomeWideSNP_6_E01_1513268	9	44243434	44446136	19	-0.5042
TAKEN_p_TCGAb_379_400_FFPE_NSP_GenomeWideSNP_6_E01_1513268	9	44469328	44855737	38	-1.2688
TAKEN_p_TCGAb_379_400_FFPE_NSP_GenomeWideSNP_6_E01_1513268	9	44866028	65630946	98	-0.2922
TAKEN_p_TCGAb_379_400_FFPE_NSP_GenomeWideSNP_6_E01_1513268	9	65672607	68995234	152	0.064
TAKEN_p_TCGAb_379_400_FFPE_NSP_GenomeWideSNP_6_E01_1513268	9	68999548	69168147	24	-0.9976
TAKEN_p_TCGAb_379_400_FFPE_NSP_GenomeWideSNP_6_E01_1513268	9	69178886	69507716	13	-0.1529
TAKEN_p_TCGAb_379_400_FFPE_NSP_GenomeWideSNP_6_E01_1513268	9	69510674	69911258	54	0.2513
TAKEN_p_TCGAb_379_400_FFPE_NSP_GenomeWideSNP_6_E01_1513268	9	69915060	71027495	54	-0.228
TAKEN_p_TCGAb_379_400_FFPE_NSP_GenomeWideSNP_6_E01_1513268	9	71035452	90522594	14235	0.2013
TAKEN_p_TCGAb_379_400_FFPE_NSP_GenomeWideSNP_6_E01_1513268	9	90554151	90554219	2	-2.1357
TAKEN_p_TCGAb_379_400_FFPE_NSP_GenomeWideSNP_6_E01_1513268	9	90557957	106566497	10624	0.1734
TAKEN_p_TCGAb_379_400_FFPE_NSP_GenomeWideSNP_6_E01_1513268	9	106568696	106569290	2	-2.4216
TAKEN_p_TCGAb_379_400_FFPE_NSP_GenomeWideSNP_6_E01_1513268	9	106570702	132607006	18528	0.1753
TAKEN_p_TCGAb_379_400_FFPE_NSP_GenomeWideSNP_6_E01_1513268	9	132607041	132614412	12	-0.3811
TAKEN_p_TCGAb_379_400_FFPE_NSP_GenomeWideSNP_6_E01_1513268	9	132614436	140252947	4224	0.1002
TAKEN_p_TCGAb_379_400_FFPE_NSP_GenomeWideSNP_6_E01_1513268	9	140255642	140255833	3	-1.1181
TAKEN_p_TCGAb_379_400_FFPE_NSP_GenomeWideSNP_6_E01_1513268	9	140273003	141091394	412	0.103
TAKEN_p_TCGAb_379_400_FFPE_NSP_GenomeWideSNP_6_E01_1513268	10	72759	2988330	2393	0.1545
TAKEN_p_TCGAb_379_400_FFPE_NSP_GenomeWideSNP_6_E01_1513268	10	2991774	2992019	3	-1.9098
TAKEN_p_TCGAb_379_400_FFPE_NSP_GenomeWideSNP_6_E01_1513268	10	2993334	4290814	1193	0.1902
TAKEN_p_TCGAb_379_400_FFPE_NSP_GenomeWideSNP_6_E01_1513268	10	4290838	4290924	2	-1.6061
TAKEN_p_TCGAb_379_400_FFPE_NSP_GenomeWideSNP_6_E01_1513268	10	4291016	16467242	10215	0.1897
TAKEN_p_TCGAb_379_400_FFPE_NSP_GenomeWideSNP_6_E01_1513268	10	16470893	16470933	2	-0.9556
TAKEN_p_TCGAb_379_400_FFPE_NSP_GenomeWideSNP_6_E01_1513268	10	16476271	17927554	1081	0.1877
TAKEN_p_TCGAb_379_400_FFPE_NSP_GenomeWideSNP_6_E01_1513268	10	17938208	17949857	2	-2.5513
TAKEN_p_TCGAb_379_400_FFPE_NSP_GenomeWideSNP_6_E01_1513268	10	17971816	24377674	4361	0.1953
TAKEN_p_TCGAb_379_400_FFPE_NSP_GenomeWideSNP_6_E01_1513268	10	24377675	24378054	10	-2.8012
TAKEN_p_TCGAb_379_400_FFPE_NSP_GenomeWideSNP_6_E01_1513268	10	24378908	24379039	4	-0.4125
TAKEN_p_TCGAb_379_400_FFPE_NSP_GenomeWideSNP_6_E01_1513268	10	24380660	48902376	12993	0.1658
TAKEN_p_TCGAb_379_400_FFPE_NSP_GenomeWideSNP_6_E01_1513268	10	48928791	48947027	4	1.1852
TAKEN_p_TCGAb_379_400_FFPE_NSP_GenomeWideSNP_6_E01_1513268	10	48958519	59203049	6934	0.2086
TAKEN_p_TCGAb_379_400_FFPE_NSP_GenomeWideSNP_6_E01_1513268	10	59210505	59210773	4	-0.901
TAKEN_p_TCGAb_379_400_FFPE_NSP_GenomeWideSNP_6_E01_1513268	10	59218495	67306276	5564	0.2201
TAKEN_p_TCGAb_379_400_FFPE_NSP_GenomeWideSNP_6_E01_1513268	10	67307923	67314446	28	-0.5313
TAKEN_p_TCGAb_379_400_FFPE_NSP_GenomeWideSNP_6_E01_1513268	10	67322795	70620997	2127	0.1859
TAKEN_p_TCGAb_379_400_FFPE_NSP_GenomeWideSNP_6_E01_1513268	10	70621009	70621018	2	1.7961
TAKEN_p_TCGAb_379_400_FFPE_NSP_GenomeWideSNP_6_E01_1513268	10	70621086	81770582	7235	0.1601
TAKEN_p_TCGAb_379_400_FFPE_NSP_GenomeWideSNP_6_E01_1513268	10	81773484	81799536	17	-0.6055
TAKEN_p_TCGAb_379_400_FFPE_NSP_GenomeWideSNP_6_E01_1513268	10	81805246	100855702	12814	0.19
TAKEN_p_TCGAb_379_400_FFPE_NSP_GenomeWideSNP_6_E01_1513268	10	100855802	100866605	4	-0.455
TAKEN_p_TCGAb_379_400_FFPE_NSP_GenomeWideSNP_6_E01_1513268	10	100872651	107056279	3544	0.1513
TAKEN_p_TCGAb_379_400_FFPE_NSP_GenomeWideSNP_6_E01_1513268	10	107057038	107059170	3	1.3181
TAKEN_p_TCGAb_379_400_FFPE_NSP_GenomeWideSNP_6_E01_1513268	10	107062476	114112075	5103	0.2094
TAKEN_p_TCGAb_379_400_FFPE_NSP_GenomeWideSNP_6_E01_1513268	10	114113816	114116838	2	-1.2036
TAKEN_p_TCGAb_379_400_FFPE_NSP_GenomeWideSNP_6_E01_1513268	10	114118417	135506704	15490	0.1658
TAKEN_p_TCGAb_379_400_FFPE_NSP_GenomeWideSNP_6_E01_1513268	11	198510	1644440	471	-0.8338
TAKEN_p_TCGAb_379_400_FFPE_NSP_GenomeWideSNP_6_E01_1513268	11	1644905	1650047	7	-2.8156
TAKEN_p_TCGAb_379_400_FFPE_NSP_GenomeWideSNP_6_E01_1513268	11	1650539	4967396	1975	-0.7644
TAKEN_p_TCGAb_379_400_FFPE_NSP_GenomeWideSNP_6_E01_1513268	11	4967650	4974029	27	-1.8532
TAKEN_p_TCGAb_379_400_FFPE_NSP_GenomeWideSNP_6_E01_1513268	11	4975164	8141714	2570	-0.7233
TAKEN_p_TCGAb_379_400_FFPE_NSP_GenomeWideSNP_6_E01_1513268	11	8153594	9792798	1030	0.9148
TAKEN_p_TCGAb_379_400_FFPE_NSP_GenomeWideSNP_6_E01_1513268	11	9796292	9903626	90	0.105
TAKEN_p_TCGAb_379_400_FFPE_NSP_GenomeWideSNP_6_E01_1513268	11	9908298	10016264	87	-0.728
TAKEN_p_TCGAb_379_400_FFPE_NSP_GenomeWideSNP_6_E01_1513268	11	10026244	10397453	209	0.6123
TAKEN_p_TCGAb_379_400_FFPE_NSP_GenomeWideSNP_6_E01_1513268	11	10398004	12397234	1870	0.9801
TAKEN_p_TCGAb_379_400_FFPE_NSP_GenomeWideSNP_6_E01_1513268	11	12397532	15781556	2338	0.6883
TAKEN_p_TCGAb_379_400_FFPE_NSP_GenomeWideSNP_6_E01_1513268	11	15785226	15905040	114	0.1435
TAKEN_p_TCGAb_379_400_FFPE_NSP_GenomeWideSNP_6_E01_1513268	11	15907288	17311760	852	0.6915
TAKEN_p_TCGAb_379_400_FFPE_NSP_GenomeWideSNP_6_E01_1513268	11	17316667	18940870	1102	0.1958
TAKEN_p_TCGAb_379_400_FFPE_NSP_GenomeWideSNP_6_E01_1513268	11	18949072	18961653	51	-0.2661
TAKEN_p_TCGAb_379_400_FFPE_NSP_GenomeWideSNP_6_E01_1513268	11	18961708	21556768	2387	0.289
TAKEN_p_TCGAb_379_400_FFPE_NSP_GenomeWideSNP_6_E01_1513268	11	21558491	22344155	518	0.7907
TAKEN_p_TCGAb_379_400_FFPE_NSP_GenomeWideSNP_6_E01_1513268	11	22351468	22351605	2	-0.9784
TAKEN_p_TCGAb_379_400_FFPE_NSP_GenomeWideSNP_6_E01_1513268	11	22355245	25115114	1976	0.7018
TAKEN_p_TCGAb_379_400_FFPE_NSP_GenomeWideSNP_6_E01_1513268	11	25117751	25293551	147	1.1042
TAKEN_p_TCGAb_379_400_FFPE_NSP_GenomeWideSNP_6_E01_1513268	11	25296453	25296492	6	0.0838
TAKEN_p_TCGAb_379_400_FFPE_NSP_GenomeWideSNP_6_E01_1513268	11	25296493	25482719	142	1.0703
TAKEN_p_TCGAb_379_400_FFPE_NSP_GenomeWideSNP_6_E01_1513268	11	25487655	26965751	1175	0.6949
TAKEN_p_TCGAb_379_400_FFPE_NSP_GenomeWideSNP_6_E01_1513268	11	26965805	27345140	306	0.2329
TAKEN_p_TCGAb_379_400_FFPE_NSP_GenomeWideSNP_6_E01_1513268	11	27350042	27702383	204	0.7829
TAKEN_p_TCGAb_379_400_FFPE_NSP_GenomeWideSNP_6_E01_1513268	11	27703480	28600972	471	0.1906
TAKEN_p_TCGAb_379_400_FFPE_NSP_GenomeWideSNP_6_E01_1513268	11	28604477	29659444	696	0.7659
TAKEN_p_TCGAb_379_400_FFPE_NSP_GenomeWideSNP_6_E01_1513268	11	29666458	29742615	42	-0.698
TAKEN_p_TCGAb_379_400_FFPE_NSP_GenomeWideSNP_6_E01_1513268	11	29753922	48598422	12568	0.1903
TAKEN_p_TCGAb_379_400_FFPE_NSP_GenomeWideSNP_6_E01_1513268	11	48601434	48602676	2	-1.7539
TAKEN_p_TCGAb_379_400_FFPE_NSP_GenomeWideSNP_6_E01_1513268	11	48606318	55363340	1225	0.157
TAKEN_p_TCGAb_379_400_FFPE_NSP_GenomeWideSNP_6_E01_1513268	11	55374032	55442318	48	-2.2631
TAKEN_p_TCGAb_379_400_FFPE_NSP_GenomeWideSNP_6_E01_1513268	11	55444211	55445294	4	0.4181
TAKEN_p_TCGAb_379_400_FFPE_NSP_GenomeWideSNP_6_E01_1513268	11	55445945	55453009	7	-2.4725
TAKEN_p_TCGAb_379_400_FFPE_NSP_GenomeWideSNP_6_E01_1513268	11	55453576	70529150	7794	0.1496
TAKEN_p_TCGAb_379_400_FFPE_NSP_GenomeWideSNP_6_E01_1513268	11	70530337	70540451	7	-0.4821
TAKEN_p_TCGAb_379_400_FFPE_NSP_GenomeWideSNP_6_E01_1513268	11	70542794	82400024	7460	0.1801
TAKEN_p_TCGAb_379_400_FFPE_NSP_GenomeWideSNP_6_E01_1513268	11	82401445	101594384	13385	-0.6758
TAKEN_p_TCGAb_379_400_FFPE_NSP_GenomeWideSNP_6_E01_1513268	11	101597860	101597964	4	0.9796
TAKEN_p_TCGAb_379_400_FFPE_NSP_GenomeWideSNP_6_E01_1513268	11	101598212	105126877	2494	-0.671
TAKEN_p_TCGAb_379_400_FFPE_NSP_GenomeWideSNP_6_E01_1513268	11	105129577	105147157	14	0.247
TAKEN_p_TCGAb_379_400_FFPE_NSP_GenomeWideSNP_6_E01_1513268	11	105158653	106163951	582	-0.6599
TAKEN_p_TCGAb_379_400_FFPE_NSP_GenomeWideSNP_6_E01_1513268	11	106167184	106514773	245	0.26
TAKEN_p_TCGAb_379_400_FFPE_NSP_GenomeWideSNP_6_E01_1513268	11	106519209	106521650	3	0.9207
TAKEN_p_TCGAb_379_400_FFPE_NSP_GenomeWideSNP_6_E01_1513268	11	106524143	106774133	160	0.2329
TAKEN_p_TCGAb_379_400_FFPE_NSP_GenomeWideSNP_6_E01_1513268	11	106777757	107230719	309	-0.6713
TAKEN_p_TCGAb_379_400_FFPE_NSP_GenomeWideSNP_6_E01_1513268	11	107238656	107238814	5	-1.6741
TAKEN_p_TCGAb_379_400_FFPE_NSP_GenomeWideSNP_6_E01_1513268	11	107238931	107239128	2	-3.4909
TAKEN_p_TCGAb_379_400_FFPE_NSP_GenomeWideSNP_6_E01_1513268	11	107252362	118061767	7384	-0.7323
TAKEN_p_TCGAb_379_400_FFPE_NSP_GenomeWideSNP_6_E01_1513268	11	118064582	118140184	57	0.2155
TAKEN_p_TCGAb_379_400_FFPE_NSP_GenomeWideSNP_6_E01_1513268	11	118142930	118819345	444	-0.6863
TAKEN_p_TCGAb_379_400_FFPE_NSP_GenomeWideSNP_6_E01_1513268	11	118821886	120930008	1436	0.0978
TAKEN_p_TCGAb_379_400_FFPE_NSP_GenomeWideSNP_6_E01_1513268	11	120930895	120965687	20	1.0949
TAKEN_p_TCGAb_379_400_FFPE_NSP_GenomeWideSNP_6_E01_1513268	11	120968462	121057430	82	0.6624
TAKEN_p_TCGAb_379_400_FFPE_NSP_GenomeWideSNP_6_E01_1513268	11	121058101	122014622	691	0.9824
TAKEN_p_TCGAb_379_400_FFPE_NSP_GenomeWideSNP_6_E01_1513268	11	122019799	134944770	9792	-0.7548
TAKEN_p_TCGAb_379_400_FFPE_NSP_GenomeWideSNP_6_E01_1513268	12	150442	1375096	715	0.1376
TAKEN_p_TCGAb_379_400_FFPE_NSP_GenomeWideSNP_6_E01_1513268	12	1375418	1512898	85	0.8032
TAKEN_p_TCGAb_379_400_FFPE_NSP_GenomeWideSNP_6_E01_1513268	12	1517841	9578984	5390	0.1675
TAKEN_p_TCGAb_379_400_FFPE_NSP_GenomeWideSNP_6_E01_1513268	12	9579109	9615854	8	-0.3403
TAKEN_p_TCGAb_379_400_FFPE_NSP_GenomeWideSNP_6_E01_1513268	12	9616921	9630556	10	0.3999
TAKEN_p_TCGAb_379_400_FFPE_NSP_GenomeWideSNP_6_E01_1513268	12	9633870	9734969	26	0.9194
TAKEN_p_TCGAb_379_400_FFPE_NSP_GenomeWideSNP_6_E01_1513268	12	9734970	11511577	1188	0.2257
TAKEN_p_TCGAb_379_400_FFPE_NSP_GenomeWideSNP_6_E01_1513268	12	11511578	11543406	31	-0.5352
TAKEN_p_TCGAb_379_400_FFPE_NSP_GenomeWideSNP_6_E01_1513268	12	11552192	34450465	16151	0.2191
TAKEN_p_TCGAb_379_400_FFPE_NSP_GenomeWideSNP_6_E01_1513268	12	34450534	34758033	92	-0.0493
TAKEN_p_TCGAb_379_400_FFPE_NSP_GenomeWideSNP_6_E01_1513268	12	34758266	45899825	4844	0.2302
TAKEN_p_TCGAb_379_400_FFPE_NSP_GenomeWideSNP_6_E01_1513268	12	45904438	45909537	4	-2.0529
TAKEN_p_TCGAb_379_400_FFPE_NSP_GenomeWideSNP_6_E01_1513268	12	45913292	86880778	25237	0.2134
TAKEN_p_TCGAb_379_400_FFPE_NSP_GenomeWideSNP_6_E01_1513268	12	86881828	86881955	2	-2.3319
TAKEN_p_TCGAb_379_400_FFPE_NSP_GenomeWideSNP_6_E01_1513268	12	86890015	90483350	2056	0.2526
TAKEN_p_TCGAb_379_400_FFPE_NSP_GenomeWideSNP_6_E01_1513268	12	90491669	90492074	7	-1.0657
TAKEN_p_TCGAb_379_400_FFPE_NSP_GenomeWideSNP_6_E01_1513268	12	90493557	99795773	6464	0.22
TAKEN_p_TCGAb_379_400_FFPE_NSP_GenomeWideSNP_6_E01_1513268	12	99795851	99798190	21	0.6175
TAKEN_p_TCGAb_379_400_FFPE_NSP_GenomeWideSNP_6_E01_1513268	12	99798355	104960920	3325	0.208
TAKEN_p_TCGAb_379_400_FFPE_NSP_GenomeWideSNP_6_E01_1513268	12	104960941	104973708	13	-0.2585
TAKEN_p_TCGAb_379_400_FFPE_NSP_GenomeWideSNP_6_E01_1513268	12	104974021	119621298	10093	0.1642
TAKEN_p_TCGAb_379_400_FFPE_NSP_GenomeWideSNP_6_E01_1513268	12	119622394	119624335	5	-0.9114
TAKEN_p_TCGAb_379_400_FFPE_NSP_GenomeWideSNP_6_E01_1513268	12	119626601	119649575	16	0.092
TAKEN_p_TCGAb_379_400_FFPE_NSP_GenomeWideSNP_6_E01_1513268	12	119650792	119651185	2	-0.9509
TAKEN_p_TCGAb_379_400_FFPE_NSP_GenomeWideSNP_6_E01_1513268	12	119655366	128434045	5484	0.1478
TAKEN_p_TCGAb_379_400_FFPE_NSP_GenomeWideSNP_6_E01_1513268	12	128434308	128434322	2	-1.3754
TAKEN_p_TCGAb_379_400_FFPE_NSP_GenomeWideSNP_6_E01_1513268	12	128434743	130900815	2271	0.1255
TAKEN_p_TCGAb_379_400_FFPE_NSP_GenomeWideSNP_6_E01_1513268	12	130901380	130947092	37	-0.1743
TAKEN_p_TCGAb_379_400_FFPE_NSP_GenomeWideSNP_6_E01_1513268	12	130947526	132120715	949	0.1385
TAKEN_p_TCGAb_379_400_FFPE_NSP_GenomeWideSNP_6_E01_1513268	12	132132584	132133335	13	-0.4978
TAKEN_p_TCGAb_379_400_FFPE_NSP_GenomeWideSNP_6_E01_1513268	12	132142331	133778189	572	0.1116
TAKEN_p_TCGAb_379_400_FFPE_NSP_GenomeWideSNP_6_E01_1513268	13	19026949	23629187	2898	0.1781
TAKEN_p_TCGAb_379_400_FFPE_NSP_GenomeWideSNP_6_E01_1513268	13	23629210	23633515	13	-2.2613
TAKEN_p_TCGAb_379_400_FFPE_NSP_GenomeWideSNP_6_E01_1513268	13	23638195	38071135	10663	0.2056
TAKEN_p_TCGAb_379_400_FFPE_NSP_GenomeWideSNP_6_E01_1513268	13	38072036	38084757	16	-2.5747
TAKEN_p_TCGAb_379_400_FFPE_NSP_GenomeWideSNP_6_E01_1513268	13	38088330	39052811	701	0.2421
TAKEN_p_TCGAb_379_400_FFPE_NSP_GenomeWideSNP_6_E01_1513268	13	39057572	39058056	2	-2.2606
TAKEN_p_TCGAb_379_400_FFPE_NSP_GenomeWideSNP_6_E01_1513268	13	39065057	53094799	9213	0.204
TAKEN_p_TCGAb_379_400_FFPE_NSP_GenomeWideSNP_6_E01_1513268	13	53097984	53105785	3	-2.3829
TAKEN_p_TCGAb_379_400_FFPE_NSP_GenomeWideSNP_6_E01_1513268	13	53117879	57758270	2630	0.2159
TAKEN_p_TCGAb_379_400_FFPE_NSP_GenomeWideSNP_6_E01_1513268	13	57758289	57778368	32	0.8812
TAKEN_p_TCGAb_379_400_FFPE_NSP_GenomeWideSNP_6_E01_1513268	13	57778380	69242255	6904	0.2231
TAKEN_p_TCGAb_379_400_FFPE_NSP_GenomeWideSNP_6_E01_1513268	13	69248299	69268242	39	-0.6182
TAKEN_p_TCGAb_379_400_FFPE_NSP_GenomeWideSNP_6_E01_1513268	13	69269119	115108397	31229	0.2211
TAKEN_p_TCGAb_379_400_FFPE_NSP_GenomeWideSNP_6_E01_1513268	14	19002124	19437987	32	-0.0788
TAKEN_p_TCGAb_379_400_FFPE_NSP_GenomeWideSNP_6_E01_1513268	14	19438611	19689317	16	0.3304
TAKEN_p_TCGAb_379_400_FFPE_NSP_GenomeWideSNP_6_E01_1513268	14	19693231	19802541	14	-0.689
TAKEN_p_TCGAb_379_400_FFPE_NSP_GenomeWideSNP_6_E01_1513268	14	19844107	20201117	23	-0.1361
TAKEN_p_TCGAb_379_400_FFPE_NSP_GenomeWideSNP_6_E01_1513268	14	20203466	20253792	21	-0.5785
TAKEN_p_TCGAb_379_400_FFPE_NSP_GenomeWideSNP_6_E01_1513268	14	20259759	20423372	82	-1.0364
TAKEN_p_TCGAb_379_400_FFPE_NSP_GenomeWideSNP_6_E01_1513268	14	20424926	22394783	1367	-0.723
TAKEN_p_TCGAb_379_400_FFPE_NSP_GenomeWideSNP_6_E01_1513268	14	22396222	22396471	4	0.4673
TAKEN_p_TCGAb_379_400_FFPE_NSP_GenomeWideSNP_6_E01_1513268	14	22396619	26779642	2990	-0.6866
TAKEN_p_TCGAb_379_400_FFPE_NSP_GenomeWideSNP_6_E01_1513268	14	26783903	26783918	8	0.6115
TAKEN_p_TCGAb_379_400_FFPE_NSP_GenomeWideSNP_6_E01_1513268	14	26784913	31533978	2706	-0.6655
TAKEN_p_TCGAb_379_400_FFPE_NSP_GenomeWideSNP_6_E01_1513268	14	31535603	39468734	5229	0.218
TAKEN_p_TCGAb_379_400_FFPE_NSP_GenomeWideSNP_6_E01_1513268	14	39470416	46263595	4006	-0.6652
TAKEN_p_TCGAb_379_400_FFPE_NSP_GenomeWideSNP_6_E01_1513268	14	46266708	47990761	1056	0.2478
TAKEN_p_TCGAb_379_400_FFPE_NSP_GenomeWideSNP_6_E01_1513268	14	47992254	70018047	14109	-0.7128
TAKEN_p_TCGAb_379_400_FFPE_NSP_GenomeWideSNP_6_E01_1513268	14	70018368	70022467	8	-2.3958
TAKEN_p_TCGAb_379_400_FFPE_NSP_GenomeWideSNP_6_E01_1513268	14	70022713	77383371	4699	-0.7627
TAKEN_p_TCGAb_379_400_FFPE_NSP_GenomeWideSNP_6_E01_1513268	14	77383466	77389856	3	-2.8606
TAKEN_p_TCGAb_379_400_FFPE_NSP_GenomeWideSNP_6_E01_1513268	14	77393457	80688253	2376	-0.749
TAKEN_p_TCGAb_379_400_FFPE_NSP_GenomeWideSNP_6_E01_1513268	14	80705765	81310299	358	0.2322
TAKEN_p_TCGAb_379_400_FFPE_NSP_GenomeWideSNP_6_E01_1513268	14	81313436	86451911	3456	-0.6785
TAKEN_p_TCGAb_379_400_FFPE_NSP_GenomeWideSNP_6_E01_1513268	14	86460626	86488441	38	-3.7552
TAKEN_p_TCGAb_379_400_FFPE_NSP_GenomeWideSNP_6_E01_1513268	14	86490211	101062871	10075	-0.7668
TAKEN_p_TCGAb_379_400_FFPE_NSP_GenomeWideSNP_6_E01_1513268	14	101064184	103991999	1554	0.1228
TAKEN_p_TCGAb_379_400_FFPE_NSP_GenomeWideSNP_6_E01_1513268	14	103996733	104915103	368	-0.8355
TAKEN_p_TCGAb_379_400_FFPE_NSP_GenomeWideSNP_6_E01_1513268	14	104915383	104924334	3	-2.3588
TAKEN_p_TCGAb_379_400_FFPE_NSP_GenomeWideSNP_6_E01_1513268	14	104925886	106777343	588	-0.7325
TAKEN_p_TCGAb_379_400_FFPE_NSP_GenomeWideSNP_6_E01_1513268	14	106783044	106825916	13	0.6311
TAKEN_p_TCGAb_379_400_FFPE_NSP_GenomeWideSNP_6_E01_1513268	14	106826112	107285437	303	-0.732
TAKEN_p_TCGAb_379_400_FFPE_NSP_GenomeWideSNP_6_E01_1513268	15	20016328	20549878	81	0.1986
TAKEN_p_TCGAb_379_400_FFPE_NSP_GenomeWideSNP_6_E01_1513268	15	20550686	22751256	346	0.5137
TAKEN_p_TCGAb_379_400_FFPE_NSP_GenomeWideSNP_6_E01_1513268	15	22751680	52262611	18046	0.1742
TAKEN_p_TCGAb_379_400_FFPE_NSP_GenomeWideSNP_6_E01_1513268	15	52265735	52273284	5	-0.9124
TAKEN_p_TCGAb_379_400_FFPE_NSP_GenomeWideSNP_6_E01_1513268	15	52275255	52470212	103	0.157
TAKEN_p_TCGAb_379_400_FFPE_NSP_GenomeWideSNP_6_E01_1513268	15	52473890	52649116	128	0.7703
TAKEN_p_TCGAb_379_400_FFPE_NSP_GenomeWideSNP_6_E01_1513268	15	52652567	53785194	845	0.2004
TAKEN_p_TCGAb_379_400_FFPE_NSP_GenomeWideSNP_6_E01_1513268	15	53785263	53785279	2	-1.1424
TAKEN_p_TCGAb_379_400_FFPE_NSP_GenomeWideSNP_6_E01_1513268	15	53790247	54192492	310	0.1991
TAKEN_p_TCGAb_379_400_FFPE_NSP_GenomeWideSNP_6_E01_1513268	15	54194547	54207379	9	-0.4368
TAKEN_p_TCGAb_379_400_FFPE_NSP_GenomeWideSNP_6_E01_1513268	15	54209522	76891627	14498	0.161
TAKEN_p_TCGAb_379_400_FFPE_NSP_GenomeWideSNP_6_E01_1513268	15	76891741	76895771	15	-0.4916
TAKEN_p_TCGAb_379_400_FFPE_NSP_GenomeWideSNP_6_E01_1513268	15	76895772	102469040	17699	0.1667
TAKEN_p_TCGAb_379_400_FFPE_NSP_GenomeWideSNP_6_E01_1513268	16	60777	16278145	11778	0.1274
TAKEN_p_TCGAb_379_400_FFPE_NSP_GenomeWideSNP_6_E01_1513268	16	16279959	16513638	20	-0.3885
TAKEN_p_TCGAb_379_400_FFPE_NSP_GenomeWideSNP_6_E01_1513268	16	16529591	18704192	1041	0.1494
TAKEN_p_TCGAb_379_400_FFPE_NSP_GenomeWideSNP_6_E01_1513268	16	18716255	18724847	3	-1.0715
TAKEN_p_TCGAb_379_400_FFPE_NSP_GenomeWideSNP_6_E01_1513268	16	18726036	21389970	1629	0.1381
TAKEN_p_TCGAb_379_400_FFPE_NSP_GenomeWideSNP_6_E01_1513268	16	21412403	21593455	24	-0.4577
TAKEN_p_TCGAb_379_400_FFPE_NSP_GenomeWideSNP_6_E01_1513268	16	21593634	22557932	366	0.1182
TAKEN_p_TCGAb_379_400_FFPE_NSP_GenomeWideSNP_6_E01_1513268	16	22558311	22712979	73	-0.2593
TAKEN_p_TCGAb_379_400_FFPE_NSP_GenomeWideSNP_6_E01_1513268	16	22717588	27331974	3328	0.1166
TAKEN_p_TCGAb_379_400_FFPE_NSP_GenomeWideSNP_6_E01_1513268	16	27337612	27350687	12	-0.9271
TAKEN_p_TCGAb_379_400_FFPE_NSP_GenomeWideSNP_6_E01_1513268	16	27353188	32848898	1944	0.0976
TAKEN_p_TCGAb_379_400_FFPE_NSP_GenomeWideSNP_6_E01_1513268	16	32848904	33801983	147	-0.2439
TAKEN_p_TCGAb_379_400_FFPE_NSP_GenomeWideSNP_6_E01_1513268	16	33811501	34459709	190	0.0871
TAKEN_p_TCGAb_379_400_FFPE_NSP_GenomeWideSNP_6_E01_1513268	16	34466571	34760967	170	0.7549
TAKEN_p_TCGAb_379_400_FFPE_NSP_GenomeWideSNP_6_E01_1513268	16	34765093	49287365	1625	0.1544
TAKEN_p_TCGAb_379_400_FFPE_NSP_GenomeWideSNP_6_E01_1513268	16	49288083	49288186	2	-1.5964
TAKEN_p_TCGAb_379_400_FFPE_NSP_GenomeWideSNP_6_E01_1513268	16	49290126	70124350	13768	0.1709
TAKEN_p_TCGAb_379_400_FFPE_NSP_GenomeWideSNP_6_E01_1513268	16	70124413	70198356	20	0.4939
TAKEN_p_TCGAb_379_400_FFPE_NSP_GenomeWideSNP_6_E01_1513268	16	70198396	74368691	2426	0.1525
TAKEN_p_TCGAb_379_400_FFPE_NSP_GenomeWideSNP_6_E01_1513268	16	74369531	74384258	3	-1.4293
TAKEN_p_TCGAb_379_400_FFPE_NSP_GenomeWideSNP_6_E01_1513268	16	74397058	78371608	3221	0.1684
TAKEN_p_TCGAb_379_400_FFPE_NSP_GenomeWideSNP_6_E01_1513268	16	78372440	78384738	16	1.2312
TAKEN_p_TCGAb_379_400_FFPE_NSP_GenomeWideSNP_6_E01_1513268	16	78384765	80979433	3044	0.1763
TAKEN_p_TCGAb_379_400_FFPE_NSP_GenomeWideSNP_6_E01_1513268	16	80980437	80980497	2	-2.0962
TAKEN_p_TCGAb_379_400_FFPE_NSP_GenomeWideSNP_6_E01_1513268	16	80986257	90287535	7592	0.1216
TAKEN_p_TCGAb_379_400_FFPE_NSP_GenomeWideSNP_6_E01_1513268	17	526	6311316	3562	-0.8193
TAKEN_p_TCGAb_379_400_FFPE_NSP_GenomeWideSNP_6_E01_1513268	17	6311556	6312267	2	-3.5203
TAKEN_p_TCGAb_379_400_FFPE_NSP_GenomeWideSNP_6_E01_1513268	17	6312819	9938138	2170	-0.8283
TAKEN_p_TCGAb_379_400_FFPE_NSP_GenomeWideSNP_6_E01_1513268	17	9940021	9940674	2	-3.5116
TAKEN_p_TCGAb_379_400_FFPE_NSP_GenomeWideSNP_6_E01_1513268	17	9943679	18283484	5644	-0.783
TAKEN_p_TCGAb_379_400_FFPE_NSP_GenomeWideSNP_6_E01_1513268	17	18283513	18505690	56	-0.1978
TAKEN_p_TCGAb_379_400_FFPE_NSP_GenomeWideSNP_6_E01_1513268	17	18510158	20354030	809	-0.7545
TAKEN_p_TCGAb_379_400_FFPE_NSP_GenomeWideSNP_6_E01_1513268	17	20364322	20698347	106	0.5879
TAKEN_p_TCGAb_379_400_FFPE_NSP_GenomeWideSNP_6_E01_1513268	17	20708584	21192430	249	-0.7709
TAKEN_p_TCGAb_379_400_FFPE_NSP_GenomeWideSNP_6_E01_1513268	17	21198405	21213782	3	-2.8631
TAKEN_p_TCGAb_379_400_FFPE_NSP_GenomeWideSNP_6_E01_1513268	17	21214253	22235650	369	-0.7115
TAKEN_p_TCGAb_379_400_FFPE_NSP_GenomeWideSNP_6_E01_1513268	17	25270411	44213712	10523	0.6466
TAKEN_p_TCGAb_379_400_FFPE_NSP_GenomeWideSNP_6_E01_1513268	17	44214166	44364170	88	1.438
TAKEN_p_TCGAb_379_400_FFPE_NSP_GenomeWideSNP_6_E01_1513268	17	44394412	61945449	10143	0.695
TAKEN_p_TCGAb_379_400_FFPE_NSP_GenomeWideSNP_6_E01_1513268	17	61954112	61984299	11	0.0336
TAKEN_p_TCGAb_379_400_FFPE_NSP_GenomeWideSNP_6_E01_1513268	17	61988807	68535348	4128	0.695
TAKEN_p_TCGAb_379_400_FFPE_NSP_GenomeWideSNP_6_E01_1513268	17	68537598	68539112	2	-0.4369
TAKEN_p_TCGAb_379_400_FFPE_NSP_GenomeWideSNP_6_E01_1513268	17	68540115	77241410	5628	0.661
TAKEN_p_TCGAb_379_400_FFPE_NSP_GenomeWideSNP_6_E01_1513268	17	77241567	77247190	15	0.0212
TAKEN_p_TCGAb_379_400_FFPE_NSP_GenomeWideSNP_6_E01_1513268	17	77247199	81049726	1750	0.6384
TAKEN_p_TCGAb_379_400_FFPE_NSP_GenomeWideSNP_6_E01_1513268	18	11543	38258705	22857	0.201
TAKEN_p_TCGAb_379_400_FFPE_NSP_GenomeWideSNP_6_E01_1513268	18	38258727	38265389	20	-0.5203
TAKEN_p_TCGAb_379_400_FFPE_NSP_GenomeWideSNP_6_E01_1513268	18	38268024	40051678	1216	0.2062
TAKEN_p_TCGAb_379_400_FFPE_NSP_GenomeWideSNP_6_E01_1513268	18	40056569	40057767	25	-0.8619
TAKEN_p_TCGAb_379_400_FFPE_NSP_GenomeWideSNP_6_E01_1513268	18	40058395	41974818	1126	0.2228
TAKEN_p_TCGAb_379_400_FFPE_NSP_GenomeWideSNP_6_E01_1513268	18	41976886	41978625	6	-0.7785
TAKEN_p_TCGAb_379_400_FFPE_NSP_GenomeWideSNP_6_E01_1513268	18	41982671	71533470	20984	0.2011
TAKEN_p_TCGAb_379_400_FFPE_NSP_GenomeWideSNP_6_E01_1513268	18	71535340	71576657	47	0.7196
TAKEN_p_TCGAb_379_400_FFPE_NSP_GenomeWideSNP_6_E01_1513268	18	71579403	78015057	4561	0.1768
TAKEN_p_TCGAb_379_400_FFPE_NSP_GenomeWideSNP_6_E01_1513268	19	90910	5506457	1596	0.0557
TAKEN_p_TCGAb_379_400_FFPE_NSP_GenomeWideSNP_6_E01_1513268	19	5506659	5510700	5	-0.8944
TAKEN_p_TCGAb_379_400_FFPE_NSP_GenomeWideSNP_6_E01_1513268	19	5513059	8411656	1359	0.0728
TAKEN_p_TCGAb_379_400_FFPE_NSP_GenomeWideSNP_6_E01_1513268	19	8412172	8414301	2	-0.9736
TAKEN_p_TCGAb_379_400_FFPE_NSP_GenomeWideSNP_6_E01_1513268	19	8421007	12692001	2112	0.0719
TAKEN_p_TCGAb_379_400_FFPE_NSP_GenomeWideSNP_6_E01_1513268	19	12697366	12698102	2	-2.1548
TAKEN_p_TCGAb_379_400_FFPE_NSP_GenomeWideSNP_6_E01_1513268	19	12700523	30308200	7925	0.1074
TAKEN_p_TCGAb_379_400_FFPE_NSP_GenomeWideSNP_6_E01_1513268	19	30308224	30308526	6	-0.7612
TAKEN_p_TCGAb_379_400_FFPE_NSP_GenomeWideSNP_6_E01_1513268	19	30310558	35849322	3823	0.1124
TAKEN_p_TCGAb_379_400_FFPE_NSP_GenomeWideSNP_6_E01_1513268	19	35849493	35861848	22	-0.6394
TAKEN_p_TCGAb_379_400_FFPE_NSP_GenomeWideSNP_6_E01_1513268	19	35866744	53929764	9388	0.0913
TAKEN_p_TCGAb_379_400_FFPE_NSP_GenomeWideSNP_6_E01_1513268	19	53930317	53938333	2	-1.5192
TAKEN_p_TCGAb_379_400_FFPE_NSP_GenomeWideSNP_6_E01_1513268	19	53938529	54718108	488	0.0803
TAKEN_p_TCGAb_379_400_FFPE_NSP_GenomeWideSNP_6_E01_1513268	19	54718938	54753340	23	0.49
TAKEN_p_TCGAb_379_400_FFPE_NSP_GenomeWideSNP_6_E01_1513268	19	54753477	59097854	2614	0.0987
TAKEN_p_TCGAb_379_400_FFPE_NSP_GenomeWideSNP_6_E01_1513268	20	61305	1552430	1184	0.145
TAKEN_p_TCGAb_379_400_FFPE_NSP_GenomeWideSNP_6_E01_1513268	20	1552457	1560999	23	0.3752
TAKEN_p_TCGAb_379_400_FFPE_NSP_GenomeWideSNP_6_E01_1513268	20	1561580	1593893	41	2.9358
TAKEN_p_TCGAb_379_400_FFPE_NSP_GenomeWideSNP_6_E01_1513268	20	1597946	26305579	18817	0.1809
TAKEN_p_TCGAb_379_400_FFPE_NSP_GenomeWideSNP_6_E01_1513268	20	29420352	29493853	20	-0.3856
TAKEN_p_TCGAb_379_400_FFPE_NSP_GenomeWideSNP_6_E01_1513268	20	29498271	37690862	4154	0.1073
TAKEN_p_TCGAb_379_400_FFPE_NSP_GenomeWideSNP_6_E01_1513268	20	37695645	37696409	2	-1.5875
TAKEN_p_TCGAb_379_400_FFPE_NSP_GenomeWideSNP_6_E01_1513268	20	37696520	48346551	7658	0.1446
TAKEN_p_TCGAb_379_400_FFPE_NSP_GenomeWideSNP_6_E01_1513268	20	48351849	48358558	6	0.6595
TAKEN_p_TCGAb_379_400_FFPE_NSP_GenomeWideSNP_6_E01_1513268	20	48359896	48782534	218	0.1005
TAKEN_p_TCGAb_379_400_FFPE_NSP_GenomeWideSNP_6_E01_1513268	20	48791719	48792793	2	-1.2057
TAKEN_p_TCGAb_379_400_FFPE_NSP_GenomeWideSNP_6_E01_1513268	20	48794917	62956153	10388	0.1349
TAKEN_p_TCGAb_379_400_FFPE_NSP_GenomeWideSNP_6_E01_1513268	21	10736871	14446712	130	0.1688
TAKEN_p_TCGAb_379_400_FFPE_NSP_GenomeWideSNP_6_E01_1513268	21	14452862	14541369	17	0.5556
TAKEN_p_TCGAb_379_400_FFPE_NSP_GenomeWideSNP_6_E01_1513268	21	14549965	20919211	4290	0.1267
TAKEN_p_TCGAb_379_400_FFPE_NSP_GenomeWideSNP_6_E01_1513268	21	20925880	20926222	2	1.543
TAKEN_p_TCGAb_379_400_FFPE_NSP_GenomeWideSNP_6_E01_1513268	21	20929236	44968053	18220	0.0933
TAKEN_p_TCGAb_379_400_FFPE_NSP_GenomeWideSNP_6_E01_1513268	21	44970873	44972812	2	-2.7486
TAKEN_p_TCGAb_379_400_FFPE_NSP_GenomeWideSNP_6_E01_1513268	21	44973667	48096957	1766	0.007
TAKEN_p_TCGAb_379_400_FFPE_NSP_GenomeWideSNP_6_E01_1513268	22	16052528	18905117	1261	0.1201
TAKEN_p_TCGAb_379_400_FFPE_NSP_GenomeWideSNP_6_E01_1513268	22	18905591	18905606	2	-1.5271
TAKEN_p_TCGAb_379_400_FFPE_NSP_GenomeWideSNP_6_E01_1513268	22	18908641	21465672	1588	0.0945
TAKEN_p_TCGAb_379_400_FFPE_NSP_GenomeWideSNP_6_E01_1513268	22	21465835	21845355	50	-0.336
TAKEN_p_TCGAb_379_400_FFPE_NSP_GenomeWideSNP_6_E01_1513268	22	21917153	23262981	1019	0.1355
TAKEN_p_TCGAb_379_400_FFPE_NSP_GenomeWideSNP_6_E01_1513268	22	23263242	23263257	2	-2.471
TAKEN_p_TCGAb_379_400_FFPE_NSP_GenomeWideSNP_6_E01_1513268	22	23263274	24271745	668	0.0972
TAKEN_p_TCGAb_379_400_FFPE_NSP_GenomeWideSNP_6_E01_1513268	22	24283016	24288434	6	-0.7385
TAKEN_p_TCGAb_379_400_FFPE_NSP_GenomeWideSNP_6_E01_1513268	22	24288457	24330218	20	-0.1122
TAKEN_p_TCGAb_379_400_FFPE_NSP_GenomeWideSNP_6_E01_1513268	22	24330269	24332625	3	-2.4545
TAKEN_p_TCGAb_379_400_FFPE_NSP_GenomeWideSNP_6_E01_1513268	22	24332933	24344422	4	-0.0908
TAKEN_p_TCGAb_379_400_FFPE_NSP_GenomeWideSNP_6_E01_1513268	22	24350529	24396814	19	0.7889
TAKEN_p_TCGAb_379_400_FFPE_NSP_GenomeWideSNP_6_E01_1513268	22	24401529	25081338	354	0.1205
TAKEN_p_TCGAb_379_400_FFPE_NSP_GenomeWideSNP_6_E01_1513268	22	25082115	25082534	3	-1.1579
TAKEN_p_TCGAb_379_400_FFPE_NSP_GenomeWideSNP_6_E01_1513268	22	25087674	51234455	18577	0.1086
TAKEN_p_TCGAb_379_400_FFPE_NSP_GenomeWideSNP_6_E01_1513268	X	168477	26184597	16037	-0.1375
TAKEN_p_TCGAb_379_400_FFPE_NSP_GenomeWideSNP_6_E01_1513268	X	26185062	26186146	3	-1.3814
TAKEN_p_TCGAb_379_400_FFPE_NSP_GenomeWideSNP_6_E01_1513268	X	26188725	72016394	22193	-0.1445
TAKEN_p_TCGAb_379_400_FFPE_NSP_GenomeWideSNP_6_E01_1513268	X	72024362	72024940	2	-2.0045
TAKEN_p_TCGAb_379_400_FFPE_NSP_GenomeWideSNP_6_E01_1513268	X	72061594	85907632	6906	-0.1371
TAKEN_p_TCGAb_379_400_FFPE_NSP_GenomeWideSNP_6_E01_1513268	X	85907780	85912480	2	-2.2471
TAKEN_p_TCGAb_379_400_FFPE_NSP_GenomeWideSNP_6_E01_1513268	X	85912658	119020733	18123	-0.1292
TAKEN_p_TCGAb_379_400_FFPE_NSP_GenomeWideSNP_6_E01_1513268	X	119028188	128319784	5437	0.4248
TAKEN_p_TCGAb_379_400_FFPE_NSP_GenomeWideSNP_6_E01_1513268	X	128320610	128326966	12	-0.1802
TAKEN_p_TCGAb_379_400_FFPE_NSP_GenomeWideSNP_6_E01_1513268	X	128328178	140681794	6917	0.4164
TAKEN_p_TCGAb_379_400_FFPE_NSP_GenomeWideSNP_6_E01_1513268	X	140683977	140686163	2	-0.9477
TAKEN_p_TCGAb_379_400_FFPE_NSP_GenomeWideSNP_6_E01_1513268	X	140690068	153566608	8377	0.4043
TAKEN_p_TCGAb_379_400_FFPE_NSP_GenomeWideSNP_6_E01_1513268	X	153566653	153610726	56	0.0604
TAKEN_p_TCGAb_379_400_FFPE_NSP_GenomeWideSNP_6_E01_1513268	X	153610907	154385156	321	0.4091
TAKEN_p_TCGAb_379_400_FFPE_NSP_GenomeWideSNP_6_E01_1513268	X	154392382	154401184	4	-1.2458
TAKEN_p_TCGAb_379_400_FFPE_NSP_GenomeWideSNP_6_E01_1513268	X	154401744	155182354	238	0.3898
TAKEN_p_TCGAb_379_400_FFPE_NSP_GenomeWideSNP_6_E01_1513268	Y	2650438	2952132	143	-3.2997
TAKEN_p_TCGAb_379_400_FFPE_NSP_GenomeWideSNP_6_E01_1513268	Y	2956012	6035471	691	-2.5109
TAKEN_p_TCGAb_379_400_FFPE_NSP_GenomeWideSNP_6_E01_1513268	Y	6039351	6039663	2	-6.9011
TAKEN_p_TCGAb_379_400_FFPE_NSP_GenomeWideSNP_6_E01_1513268	Y	6048274	6101396	32	-2.4881
TAKEN_p_TCGAb_379_400_FFPE_NSP_GenomeWideSNP_6_E01_1513268	Y	6101425	6400537	122	-3.6482
TAKEN_p_TCGAb_379_400_FFPE_NSP_GenomeWideSNP_6_E01_1513268	Y	6407690	6532106	39	-2.8359
TAKEN_p_TCGAb_379_400_FFPE_NSP_GenomeWideSNP_6_E01_1513268	Y	6537454	6588027	11	-1.2967
TAKEN_p_TCGAb_379_400_FFPE_NSP_GenomeWideSNP_6_E01_1513268	Y	6592677	6892243	146	-3.1782
TAKEN_p_TCGAb_379_400_FFPE_NSP_GenomeWideSNP_6_E01_1513268	Y	6894165	6894313	2	-6.6156
TAKEN_p_TCGAb_379_400_FFPE_NSP_GenomeWideSNP_6_E01_1513268	Y	6897388	15590342	2389	-3.295
TAKEN_p_TCGAb_379_400_FFPE_NSP_GenomeWideSNP_6_E01_1513268	Y	15591537	15594523	2	-8.5883
TAKEN_p_TCGAb_379_400_FFPE_NSP_GenomeWideSNP_6_E01_1513268	Y	15594889	26427522	4405	-3.2925
TAKEN_p_TCGAb_379_400_FFPE_NSP_GenomeWideSNP_6_E01_1513268	Y	26430674	26469059	18	-1.2465
TAKEN_p_TCGAb_379_400_FFPE_NSP_GenomeWideSNP_6_E01_1513268	Y	26473956	26510575	9	-2.6833
TAKEN_p_TCGAb_379_400_FFPE_NSP_GenomeWideSNP_6_E01_1513268	Y	26510799	27451188	100	-3.673
TAKEN_p_TCGAb_379_400_FFPE_NSP_GenomeWideSNP_6_E01_1513268	Y	27451727	27529084	29	-1.9606
TAKEN_p_TCGAb_379_400_FFPE_NSP_GenomeWideSNP_6_E01_1513268	Y	27535030	27609970	27	-3.3935
TAKEN_p_TCGAb_379_400_FFPE_NSP_GenomeWideSNP_6_E01_1513268	Y	27614313	27629134	3	-0.8394
TAKEN_p_TCGAb_379_400_FFPE_NSP_GenomeWideSNP_6_E01_1513268	Y	27629348	28470990	297	-3.338
TAKEN_p_TCGAb_379_400_FFPE_NSP_GenomeWideSNP_6_E01_1513268	Y	28476039	59018259	165	-2.6094
