Sample	Chromosome	Start	End	Num_Probes	Segment_Mean
TAKEN_p_TCGAb_379_400_FFPE_NSP_GenomeWideSNP_6_C01_1513276	1	61735	98588	16	-0.7254
TAKEN_p_TCGAb_379_400_FFPE_NSP_GenomeWideSNP_6_C01_1513276	1	98602	17235852	8837	0.005
TAKEN_p_TCGAb_379_400_FFPE_NSP_GenomeWideSNP_6_C01_1513276	1	17235868	17261248	37	0.2701
TAKEN_p_TCGAb_379_400_FFPE_NSP_GenomeWideSNP_6_C01_1513276	1	17261263	25583291	5280	0.0025
TAKEN_p_TCGAb_379_400_FFPE_NSP_GenomeWideSNP_6_C01_1513276	1	25583341	25646689	26	0.3905
TAKEN_p_TCGAb_379_400_FFPE_NSP_GenomeWideSNP_6_C01_1513276	1	25646744	55270551	16178	5e-04
TAKEN_p_TCGAb_379_400_FFPE_NSP_GenomeWideSNP_6_C01_1513276	1	55274519	55274652	2	-1.8267
TAKEN_p_TCGAb_379_400_FFPE_NSP_GenomeWideSNP_6_C01_1513276	1	55274810	72763370	12687	0.0014
TAKEN_p_TCGAb_379_400_FFPE_NSP_GenomeWideSNP_6_C01_1513276	1	72768418	72768498	2	-0.4249
TAKEN_p_TCGAb_379_400_FFPE_NSP_GenomeWideSNP_6_C01_1513276	1	72768916	72811148	46	-1.6583
TAKEN_p_TCGAb_379_400_FFPE_NSP_GenomeWideSNP_6_C01_1513276	1	72811904	76050844	1933	0.0034
TAKEN_p_TCGAb_379_400_FFPE_NSP_GenomeWideSNP_6_C01_1513276	1	76054763	76054854	2	-2.5208
TAKEN_p_TCGAb_379_400_FFPE_NSP_GenomeWideSNP_6_C01_1513276	1	76059509	104163787	18161	0.002
TAKEN_p_TCGAb_379_400_FFPE_NSP_GenomeWideSNP_6_C01_1513276	1	104178038	104268222	25	0.7642
TAKEN_p_TCGAb_379_400_FFPE_NSP_GenomeWideSNP_6_C01_1513276	1	104303403	104303639	3	-0.4135
TAKEN_p_TCGAb_379_400_FFPE_NSP_GenomeWideSNP_6_C01_1513276	1	104307243	110224384	3590	0.0019
TAKEN_p_TCGAb_379_400_FFPE_NSP_GenomeWideSNP_6_C01_1513276	1	110224427	110232974	15	-0.3535
TAKEN_p_TCGAb_379_400_FFPE_NSP_GenomeWideSNP_6_C01_1513276	1	110233037	110240178	16	-1.4801
TAKEN_p_TCGAb_379_400_FFPE_NSP_GenomeWideSNP_6_C01_1513276	1	110242953	111377368	842	0.0037
TAKEN_p_TCGAb_379_400_FFPE_NSP_GenomeWideSNP_6_C01_1513276	1	111377565	111388226	38	-0.6828
TAKEN_p_TCGAb_379_400_FFPE_NSP_GenomeWideSNP_6_C01_1513276	1	111392067	112690326	1079	-0.0089
TAKEN_p_TCGAb_379_400_FFPE_NSP_GenomeWideSNP_6_C01_1513276	1	112695965	112697390	25	-0.675
TAKEN_p_TCGAb_379_400_FFPE_NSP_GenomeWideSNP_6_C01_1513276	1	112705956	149429206	6544	1e-04
TAKEN_p_TCGAb_379_400_FFPE_NSP_GenomeWideSNP_6_C01_1513276	1	149436842	149578722	8	-0.7615
TAKEN_p_TCGAb_379_400_FFPE_NSP_GenomeWideSNP_6_C01_1513276	1	149617451	152759678	1697	-0.0015
TAKEN_p_TCGAb_379_400_FFPE_NSP_GenomeWideSNP_6_C01_1513276	1	152761923	152768700	37	-0.355
TAKEN_p_TCGAb_379_400_FFPE_NSP_GenomeWideSNP_6_C01_1513276	1	152773905	161508875	5278	0.0016
TAKEN_p_TCGAb_379_400_FFPE_NSP_GenomeWideSNP_6_C01_1513276	1	161517939	161648237	49	0.3098
TAKEN_p_TCGAb_379_400_FFPE_NSP_GenomeWideSNP_6_C01_1513276	1	161648621	193155792	21829	0.0024
TAKEN_p_TCGAb_379_400_FFPE_NSP_GenomeWideSNP_6_C01_1513276	1	193156279	193156348	4	-1.2255
TAKEN_p_TCGAb_379_400_FFPE_NSP_GenomeWideSNP_6_C01_1513276	1	193159723	194448234	947	0.0013
TAKEN_p_TCGAb_379_400_FFPE_NSP_GenomeWideSNP_6_C01_1513276	1	194451411	194455018	2	-1.9476
TAKEN_p_TCGAb_379_400_FFPE_NSP_GenomeWideSNP_6_C01_1513276	1	194457016	196727850	1456	-0.0028
TAKEN_p_TCGAb_379_400_FFPE_NSP_GenomeWideSNP_6_C01_1513276	1	196731035	196812507	93	0.3524
TAKEN_p_TCGAb_379_400_FFPE_NSP_GenomeWideSNP_6_C01_1513276	1	196812530	210071062	8828	7e-04
TAKEN_p_TCGAb_379_400_FFPE_NSP_GenomeWideSNP_6_C01_1513276	1	210081613	210082065	2	-1.7584
TAKEN_p_TCGAb_379_400_FFPE_NSP_GenomeWideSNP_6_C01_1513276	1	210083984	227425301	11692	0.0018
TAKEN_p_TCGAb_379_400_FFPE_NSP_GenomeWideSNP_6_C01_1513276	1	227426072	227426406	3	-1.1257
TAKEN_p_TCGAb_379_400_FFPE_NSP_GenomeWideSNP_6_C01_1513276	1	227429178	240391740	9513	-0.0011
TAKEN_p_TCGAb_379_400_FFPE_NSP_GenomeWideSNP_6_C01_1513276	1	240394015	240394139	6	0.6585
TAKEN_p_TCGAb_379_400_FFPE_NSP_GenomeWideSNP_6_C01_1513276	1	240396105	248805339	5791	0.0032
TAKEN_p_TCGAb_379_400_FFPE_NSP_GenomeWideSNP_6_C01_1513276	1	248808557	248836321	13	-0.536
TAKEN_p_TCGAb_379_400_FFPE_NSP_GenomeWideSNP_6_C01_1513276	1	248844822	249224388	131	-0.018
TAKEN_p_TCGAb_379_400_FFPE_NSP_GenomeWideSNP_6_C01_1513276	2	12784	34691069	24128	0.005
TAKEN_p_TCGAb_379_400_FFPE_NSP_GenomeWideSNP_6_C01_1513276	2	34699315	34737057	46	-0.7154
TAKEN_p_TCGAb_379_400_FFPE_NSP_GenomeWideSNP_6_C01_1513276	2	34737163	52754468	13054	0.0059
TAKEN_p_TCGAb_379_400_FFPE_NSP_GenomeWideSNP_6_C01_1513276	2	52754480	52781542	39	-2.9098
TAKEN_p_TCGAb_379_400_FFPE_NSP_GenomeWideSNP_6_C01_1513276	2	52787949	106874649	29675	0.0076
TAKEN_p_TCGAb_379_400_FFPE_NSP_GenomeWideSNP_6_C01_1513276	2	106874722	106885357	13	0.6703
TAKEN_p_TCGAb_379_400_FFPE_NSP_GenomeWideSNP_6_C01_1513276	2	106887255	109688972	1705	0.0027
TAKEN_p_TCGAb_379_400_FFPE_NSP_GenomeWideSNP_6_C01_1513276	2	109692425	109695116	3	-0.9553
TAKEN_p_TCGAb_379_400_FFPE_NSP_GenomeWideSNP_6_C01_1513276	2	109695410	114362015	2136	0.0112
TAKEN_p_TCGAb_379_400_FFPE_NSP_GenomeWideSNP_6_C01_1513276	2	114362414	114362416	2	-1.4666
TAKEN_p_TCGAb_379_400_FFPE_NSP_GenomeWideSNP_6_C01_1513276	2	114380821	146865079	20117	0.0027
TAKEN_p_TCGAb_379_400_FFPE_NSP_GenomeWideSNP_6_C01_1513276	2	146865094	146866440	13	-0.4459
TAKEN_p_TCGAb_379_400_FFPE_NSP_GenomeWideSNP_6_C01_1513276	2	146866665	164636852	10609	0.0056
TAKEN_p_TCGAb_379_400_FFPE_NSP_GenomeWideSNP_6_C01_1513276	2	164643488	164645126	5	-1.1216
TAKEN_p_TCGAb_379_400_FFPE_NSP_GenomeWideSNP_6_C01_1513276	2	164646642	180418333	9920	0.0076
TAKEN_p_TCGAb_379_400_FFPE_NSP_GenomeWideSNP_6_C01_1513276	2	180418388	180422137	28	-0.7856
TAKEN_p_TCGAb_379_400_FFPE_NSP_GenomeWideSNP_6_C01_1513276	2	180425643	184573947	2619	0.0053
TAKEN_p_TCGAb_379_400_FFPE_NSP_GenomeWideSNP_6_C01_1513276	2	184577193	184577324	3	-0.838
TAKEN_p_TCGAb_379_400_FFPE_NSP_GenomeWideSNP_6_C01_1513276	2	184580895	190089597	3097	0.0061
TAKEN_p_TCGAb_379_400_FFPE_NSP_GenomeWideSNP_6_C01_1513276	2	190097991	190100993	3	-1.8949
TAKEN_p_TCGAb_379_400_FFPE_NSP_GenomeWideSNP_6_C01_1513276	2	190104228	243089456	32907	0.0066
TAKEN_p_TCGAb_379_400_FFPE_NSP_GenomeWideSNP_6_C01_1513276	3	60345	16239063	12946	0.0011
TAKEN_p_TCGAb_379_400_FFPE_NSP_GenomeWideSNP_6_C01_1513276	3	16240556	16241179	6	-0.7421
TAKEN_p_TCGAb_379_400_FFPE_NSP_GenomeWideSNP_6_C01_1513276	3	16241325	68746164	34930	4e-04
TAKEN_p_TCGAb_379_400_FFPE_NSP_GenomeWideSNP_6_C01_1513276	3	68746259	68747413	14	-2.0084
TAKEN_p_TCGAb_379_400_FFPE_NSP_GenomeWideSNP_6_C01_1513276	3	68748758	75421170	4880	0.0016
TAKEN_p_TCGAb_379_400_FFPE_NSP_GenomeWideSNP_6_C01_1513276	3	75427107	75549718	56	-0.8578
TAKEN_p_TCGAb_379_400_FFPE_NSP_GenomeWideSNP_6_C01_1513276	3	75549946	75596246	13	-0.1993
TAKEN_p_TCGAb_379_400_FFPE_NSP_GenomeWideSNP_6_C01_1513276	3	75608639	75638741	5	-0.8229
TAKEN_p_TCGAb_379_400_FFPE_NSP_GenomeWideSNP_6_C01_1513276	3	75639507	102967549	13284	3e-04
TAKEN_p_TCGAb_379_400_FFPE_NSP_GenomeWideSNP_6_C01_1513276	3	102969321	102980271	5	-1.6646
TAKEN_p_TCGAb_379_400_FFPE_NSP_GenomeWideSNP_6_C01_1513276	3	102980751	102990250	12	0.0259
TAKEN_p_TCGAb_379_400_FFPE_NSP_GenomeWideSNP_6_C01_1513276	3	102991264	102992611	2	-3.2625
TAKEN_p_TCGAb_379_400_FFPE_NSP_GenomeWideSNP_6_C01_1513276	3	102992645	129762859	16495	0.001
TAKEN_p_TCGAb_379_400_FFPE_NSP_GenomeWideSNP_6_C01_1513276	3	129763698	129806236	52	-0.4806
TAKEN_p_TCGAb_379_400_FFPE_NSP_GenomeWideSNP_6_C01_1513276	3	129806924	162532950	20311	6e-04
TAKEN_p_TCGAb_379_400_FFPE_NSP_GenomeWideSNP_6_C01_1513276	3	162534730	162540490	6	-1.3441
TAKEN_p_TCGAb_379_400_FFPE_NSP_GenomeWideSNP_6_C01_1513276	3	162545716	192877962	19254	6e-04
TAKEN_p_TCGAb_379_400_FFPE_NSP_GenomeWideSNP_6_C01_1513276	3	192878045	192879006	5	0.8286
TAKEN_p_TCGAb_379_400_FFPE_NSP_GenomeWideSNP_6_C01_1513276	3	192880473	195285898	1499	0.0057
TAKEN_p_TCGAb_379_400_FFPE_NSP_GenomeWideSNP_6_C01_1513276	3	195383142	195455861	30	0.8978
TAKEN_p_TCGAb_379_400_FFPE_NSP_GenomeWideSNP_6_C01_1513276	3	195455876	195690846	98	0.0887
TAKEN_p_TCGAb_379_400_FFPE_NSP_GenomeWideSNP_6_C01_1513276	3	195700482	195709662	5	0.6783
TAKEN_p_TCGAb_379_400_FFPE_NSP_GenomeWideSNP_6_C01_1513276	3	195718765	196519878	397	-0.0222
TAKEN_p_TCGAb_379_400_FFPE_NSP_GenomeWideSNP_6_C01_1513276	3	196520528	196544637	9	-0.4934
TAKEN_p_TCGAb_379_400_FFPE_NSP_GenomeWideSNP_6_C01_1513276	3	196549742	197340846	433	-0.0018
TAKEN_p_TCGAb_379_400_FFPE_NSP_GenomeWideSNP_6_C01_1513276	3	197348588	197386303	4	1.0275
TAKEN_p_TCGAb_379_400_FFPE_NSP_GenomeWideSNP_6_C01_1513276	3	197398216	197838437	224	-0.0099
TAKEN_p_TCGAb_379_400_FFPE_NSP_GenomeWideSNP_6_C01_1513276	3	197838578	197896118	21	0.1704
TAKEN_p_TCGAb_379_400_FFPE_NSP_GenomeWideSNP_6_C01_1513276	4	12281	9456977	5253	0.0018
TAKEN_p_TCGAb_379_400_FFPE_NSP_GenomeWideSNP_6_C01_1513276	4	9461230	9464972	3	-1.7315
TAKEN_p_TCGAb_379_400_FFPE_NSP_GenomeWideSNP_6_C01_1513276	4	9470734	10210390	552	0.002
TAKEN_p_TCGAb_379_400_FFPE_NSP_GenomeWideSNP_6_C01_1513276	4	10223416	10231498	28	-2.4
TAKEN_p_TCGAb_379_400_FFPE_NSP_GenomeWideSNP_6_C01_1513276	4	10234214	25556580	11219	-0.001
TAKEN_p_TCGAb_379_400_FFPE_NSP_GenomeWideSNP_6_C01_1513276	4	25557047	25562241	7	0.6156
TAKEN_p_TCGAb_379_400_FFPE_NSP_GenomeWideSNP_6_C01_1513276	4	25562386	25578269	11	0.3816
TAKEN_p_TCGAb_379_400_FFPE_NSP_GenomeWideSNP_6_C01_1513276	4	25585383	34779004	5766	-9e-04
TAKEN_p_TCGAb_379_400_FFPE_NSP_GenomeWideSNP_6_C01_1513276	4	34779025	34824725	41	0.3042
TAKEN_p_TCGAb_379_400_FFPE_NSP_GenomeWideSNP_6_C01_1513276	4	34829872	45005755	6650	-1e-04
TAKEN_p_TCGAb_379_400_FFPE_NSP_GenomeWideSNP_6_C01_1513276	4	45005852	45006335	4	-1.2987
TAKEN_p_TCGAb_379_400_FFPE_NSP_GenomeWideSNP_6_C01_1513276	4	45010969	49089359	2320	0.001
TAKEN_p_TCGAb_379_400_FFPE_NSP_GenomeWideSNP_6_C01_1513276	4	49089374	49658223	41	-0.3042
TAKEN_p_TCGAb_379_400_FFPE_NSP_GenomeWideSNP_6_C01_1513276	4	49658612	59974071	4828	0.0013
TAKEN_p_TCGAb_379_400_FFPE_NSP_GenomeWideSNP_6_C01_1513276	4	59976865	59988109	8	0.6126
TAKEN_p_TCGAb_379_400_FFPE_NSP_GenomeWideSNP_6_C01_1513276	4	59989077	64693940	2750	0.0022
TAKEN_p_TCGAb_379_400_FFPE_NSP_GenomeWideSNP_6_C01_1513276	4	64697469	64708258	29	-0.6919
TAKEN_p_TCGAb_379_400_FFPE_NSP_GenomeWideSNP_6_C01_1513276	4	64716431	69372003	2884	-0.001
TAKEN_p_TCGAb_379_400_FFPE_NSP_GenomeWideSNP_6_C01_1513276	4	69374941	69485979	65	-2.0415
TAKEN_p_TCGAb_379_400_FFPE_NSP_GenomeWideSNP_6_C01_1513276	4	69489335	70123510	328	-0.034
TAKEN_p_TCGAb_379_400_FFPE_NSP_GenomeWideSNP_6_C01_1513276	4	70127644	70149157	16	-1.3869
TAKEN_p_TCGAb_379_400_FFPE_NSP_GenomeWideSNP_6_C01_1513276	4	70149650	70162893	8	-3.2338
TAKEN_p_TCGAb_379_400_FFPE_NSP_GenomeWideSNP_6_C01_1513276	4	70165731	70231799	30	-1.8032
TAKEN_p_TCGAb_379_400_FFPE_NSP_GenomeWideSNP_6_C01_1513276	4	70232022	70389716	112	-0.0577
TAKEN_p_TCGAb_379_400_FFPE_NSP_GenomeWideSNP_6_C01_1513276	4	70389861	70390779	2	-2.0599
TAKEN_p_TCGAb_379_400_FFPE_NSP_GenomeWideSNP_6_C01_1513276	4	70391888	99770184	17937	0.0042
TAKEN_p_TCGAb_379_400_FFPE_NSP_GenomeWideSNP_6_C01_1513276	4	99773135	99814154	29	0.404
TAKEN_p_TCGAb_379_400_FFPE_NSP_GenomeWideSNP_6_C01_1513276	4	99814368	100350269	323	-0.0048
TAKEN_p_TCGAb_379_400_FFPE_NSP_GenomeWideSNP_6_C01_1513276	4	100351012	100351436	2	-1.4639
TAKEN_p_TCGAb_379_400_FFPE_NSP_GenomeWideSNP_6_C01_1513276	4	100353577	172369346	43757	0.0017
TAKEN_p_TCGAb_379_400_FFPE_NSP_GenomeWideSNP_6_C01_1513276	4	172374884	172377710	10	-1.3017
TAKEN_p_TCGAb_379_400_FFPE_NSP_GenomeWideSNP_6_C01_1513276	4	172377724	191027923	12545	-0.004
TAKEN_p_TCGAb_379_400_FFPE_NSP_GenomeWideSNP_6_C01_1513276	5	15532	15338164	12013	0.0028
TAKEN_p_TCGAb_379_400_FFPE_NSP_GenomeWideSNP_6_C01_1513276	5	15338277	15338345	2	-1.3021
TAKEN_p_TCGAb_379_400_FFPE_NSP_GenomeWideSNP_6_C01_1513276	5	15338536	15718492	209	-3e-04
TAKEN_p_TCGAb_379_400_FFPE_NSP_GenomeWideSNP_6_C01_1513276	5	15719222	15720597	11	-0.9472
TAKEN_p_TCGAb_379_400_FFPE_NSP_GenomeWideSNP_6_C01_1513276	5	15723346	17601553	1194	0.005
TAKEN_p_TCGAb_379_400_FFPE_NSP_GenomeWideSNP_6_C01_1513276	5	17601728	17625374	13	-1.1408
TAKEN_p_TCGAb_379_400_FFPE_NSP_GenomeWideSNP_6_C01_1513276	5	17625633	20591074	1888	-0.0031
TAKEN_p_TCGAb_379_400_FFPE_NSP_GenomeWideSNP_6_C01_1513276	5	20591101	20616080	18	0.4967
TAKEN_p_TCGAb_379_400_FFPE_NSP_GenomeWideSNP_6_C01_1513276	5	20622266	21376844	393	-0.0028
TAKEN_p_TCGAb_379_400_FFPE_NSP_GenomeWideSNP_6_C01_1513276	5	21377839	21377853	2	1.2648
TAKEN_p_TCGAb_379_400_FFPE_NSP_GenomeWideSNP_6_C01_1513276	5	21386066	21449276	45	-0.0035
TAKEN_p_TCGAb_379_400_FFPE_NSP_GenomeWideSNP_6_C01_1513276	5	21451200	21452438	5	0.8031
TAKEN_p_TCGAb_379_400_FFPE_NSP_GenomeWideSNP_6_C01_1513276	5	21452496	52402048	16755	-0.0012
TAKEN_p_TCGAb_379_400_FFPE_NSP_GenomeWideSNP_6_C01_1513276	5	52404519	52405282	2	-3.1749
TAKEN_p_TCGAb_379_400_FFPE_NSP_GenomeWideSNP_6_C01_1513276	5	52409439	58303558	4135	0.0073
TAKEN_p_TCGAb_379_400_FFPE_NSP_GenomeWideSNP_6_C01_1513276	5	58303626	58304570	4	-1.6926
TAKEN_p_TCGAb_379_400_FFPE_NSP_GenomeWideSNP_6_C01_1513276	5	58304705	103851221	26138	0.0032
TAKEN_p_TCGAb_379_400_FFPE_NSP_GenomeWideSNP_6_C01_1513276	5	103860373	103860604	4	1.7895
TAKEN_p_TCGAb_379_400_FFPE_NSP_GenomeWideSNP_6_C01_1513276	5	103861049	140218722	23259	-0.0019
TAKEN_p_TCGAb_379_400_FFPE_NSP_GenomeWideSNP_6_C01_1513276	5	140223836	140231839	10	-0.8739
TAKEN_p_TCGAb_379_400_FFPE_NSP_GenomeWideSNP_6_C01_1513276	5	140241027	151515386	7553	-7e-04
TAKEN_p_TCGAb_379_400_FFPE_NSP_GenomeWideSNP_6_C01_1513276	5	151515470	151518351	13	-0.927
TAKEN_p_TCGAb_379_400_FFPE_NSP_GenomeWideSNP_6_C01_1513276	5	151520271	180374523	19329	9e-04
TAKEN_p_TCGAb_379_400_FFPE_NSP_GenomeWideSNP_6_C01_1513276	5	180378710	180433264	21	-0.6841
TAKEN_p_TCGAb_379_400_FFPE_NSP_GenomeWideSNP_6_C01_1513276	5	180442400	180790320	169	0.0139
TAKEN_p_TCGAb_379_400_FFPE_NSP_GenomeWideSNP_6_C01_1513276	6	149661	303017	126	-0.0467
TAKEN_p_TCGAb_379_400_FFPE_NSP_GenomeWideSNP_6_C01_1513276	6	303121	381149	76	0.2159
TAKEN_p_TCGAb_379_400_FFPE_NSP_GenomeWideSNP_6_C01_1513276	6	382559	26737032	20089	0.0016
TAKEN_p_TCGAb_379_400_FFPE_NSP_GenomeWideSNP_6_C01_1513276	6	26737438	26755915	14	-1.0108
TAKEN_p_TCGAb_379_400_FFPE_NSP_GenomeWideSNP_6_C01_1513276	6	26758030	31280823	2140	6e-04
TAKEN_p_TCGAb_379_400_FFPE_NSP_GenomeWideSNP_6_C01_1513276	6	31286276	31295953	8	-1.626
TAKEN_p_TCGAb_379_400_FFPE_NSP_GenomeWideSNP_6_C01_1513276	6	31295987	32595083	562	-0.0102
TAKEN_p_TCGAb_379_400_FFPE_NSP_GenomeWideSNP_6_C01_1513276	6	32595232	32602107	3	-1.2941
TAKEN_p_TCGAb_379_400_FFPE_NSP_GenomeWideSNP_6_C01_1513276	6	32602269	55319485	14653	0.0016
TAKEN_p_TCGAb_379_400_FFPE_NSP_GenomeWideSNP_6_C01_1513276	6	55319676	55320207	3	-0.9848
TAKEN_p_TCGAb_379_400_FFPE_NSP_GenomeWideSNP_6_C01_1513276	6	55320678	67008286	4574	0.0016
TAKEN_p_TCGAb_379_400_FFPE_NSP_GenomeWideSNP_6_C01_1513276	6	67009023	67048629	55	-0.8219
TAKEN_p_TCGAb_379_400_FFPE_NSP_GenomeWideSNP_6_C01_1513276	6	67049406	74592225	5009	-0.0035
TAKEN_p_TCGAb_379_400_FFPE_NSP_GenomeWideSNP_6_C01_1513276	6	74592457	74601410	9	-3.0068
TAKEN_p_TCGAb_379_400_FFPE_NSP_GenomeWideSNP_6_C01_1513276	6	74603555	77436532	1769	-0.0086
TAKEN_p_TCGAb_379_400_FFPE_NSP_GenomeWideSNP_6_C01_1513276	6	77439868	77452673	19	-0.7641
TAKEN_p_TCGAb_379_400_FFPE_NSP_GenomeWideSNP_6_C01_1513276	6	77452689	134266268	35740	4e-04
TAKEN_p_TCGAb_379_400_FFPE_NSP_GenomeWideSNP_6_C01_1513276	6	134269071	134269632	2	-2.398
TAKEN_p_TCGAb_379_400_FFPE_NSP_GenomeWideSNP_6_C01_1513276	6	134272072	157779495	15728	0.0016
TAKEN_p_TCGAb_379_400_FFPE_NSP_GenomeWideSNP_6_C01_1513276	6	157781264	157787428	2	1.1422
TAKEN_p_TCGAb_379_400_FFPE_NSP_GenomeWideSNP_6_C01_1513276	6	157796076	161032719	2167	-0.0076
TAKEN_p_TCGAb_379_400_FFPE_NSP_GenomeWideSNP_6_C01_1513276	6	161032747	161033283	4	1.0749
TAKEN_p_TCGAb_379_400_FFPE_NSP_GenomeWideSNP_6_C01_1513276	6	161068042	171051005	7269	0.0052
TAKEN_p_TCGAb_379_400_FFPE_NSP_GenomeWideSNP_6_C01_1513276	7	43355	54380373	38597	4e-04
TAKEN_p_TCGAb_379_400_FFPE_NSP_GenomeWideSNP_6_C01_1513276	7	54386505	54386517	6	1.196
TAKEN_p_TCGAb_379_400_FFPE_NSP_GenomeWideSNP_6_C01_1513276	7	54393488	109441244	28851	0.0038
TAKEN_p_TCGAb_379_400_FFPE_NSP_GenomeWideSNP_6_C01_1513276	7	109441629	109453982	11	-0.6992
TAKEN_p_TCGAb_379_400_FFPE_NSP_GenomeWideSNP_6_C01_1513276	7	109454229	115582082	3644	9e-04
TAKEN_p_TCGAb_379_400_FFPE_NSP_GenomeWideSNP_6_C01_1513276	7	115583457	115586434	6	-0.8005
TAKEN_p_TCGAb_379_400_FFPE_NSP_GenomeWideSNP_6_C01_1513276	7	115587222	126045556	6391	0.005
TAKEN_p_TCGAb_379_400_FFPE_NSP_GenomeWideSNP_6_C01_1513276	7	126045651	126046878	13	0.9849
TAKEN_p_TCGAb_379_400_FFPE_NSP_GenomeWideSNP_6_C01_1513276	7	126046879	141763124	9943	0.0016
TAKEN_p_TCGAb_379_400_FFPE_NSP_GenomeWideSNP_6_C01_1513276	7	141769643	141792107	42	-0.6559
TAKEN_p_TCGAb_379_400_FFPE_NSP_GenomeWideSNP_6_C01_1513276	7	141795281	142476719	452	0.0058
TAKEN_p_TCGAb_379_400_FFPE_NSP_GenomeWideSNP_6_C01_1513276	7	142476764	142486045	26	0.5408
TAKEN_p_TCGAb_379_400_FFPE_NSP_GenomeWideSNP_6_C01_1513276	7	142486115	143709699	693	-3e-04
TAKEN_p_TCGAb_379_400_FFPE_NSP_GenomeWideSNP_6_C01_1513276	7	143710096	143711151	7	0.5322
TAKEN_p_TCGAb_379_400_FFPE_NSP_GenomeWideSNP_6_C01_1513276	7	143711169	143873952	138	-0.0055
TAKEN_p_TCGAb_379_400_FFPE_NSP_GenomeWideSNP_6_C01_1513276	7	143896252	144066947	44	0.5541
TAKEN_p_TCGAb_379_400_FFPE_NSP_GenomeWideSNP_6_C01_1513276	7	144074929	148709810	3060	-4e-04
TAKEN_p_TCGAb_379_400_FFPE_NSP_GenomeWideSNP_6_C01_1513276	7	148719583	148746224	14	0.6071
TAKEN_p_TCGAb_379_400_FFPE_NSP_GenomeWideSNP_6_C01_1513276	7	148749713	150285104	782	5e-04
TAKEN_p_TCGAb_379_400_FFPE_NSP_GenomeWideSNP_6_C01_1513276	7	150285801	150301569	8	-0.7138
TAKEN_p_TCGAb_379_400_FFPE_NSP_GenomeWideSNP_6_C01_1513276	7	150307922	156327465	4158	0.003
TAKEN_p_TCGAb_379_400_FFPE_NSP_GenomeWideSNP_6_C01_1513276	7	156327854	156329573	3	-1.1946
TAKEN_p_TCGAb_379_400_FFPE_NSP_GenomeWideSNP_6_C01_1513276	7	156336450	156385674	39	-0.025
TAKEN_p_TCGAb_379_400_FFPE_NSP_GenomeWideSNP_6_C01_1513276	7	156391790	156394179	4	-0.8593
TAKEN_p_TCGAb_379_400_FFPE_NSP_GenomeWideSNP_6_C01_1513276	7	156394908	157340113	514	0.0102
TAKEN_p_TCGAb_379_400_FFPE_NSP_GenomeWideSNP_6_C01_1513276	7	157350684	157350840	3	-0.7044
TAKEN_p_TCGAb_379_400_FFPE_NSP_GenomeWideSNP_6_C01_1513276	7	157351755	159127004	1115	0.0332
TAKEN_p_TCGAb_379_400_FFPE_NSP_GenomeWideSNP_6_C01_1513276	8	31254	594973	329	0.0158
TAKEN_p_TCGAb_379_400_FFPE_NSP_GenomeWideSNP_6_C01_1513276	8	595220	595908	8	-1.2771
TAKEN_p_TCGAb_379_400_FFPE_NSP_GenomeWideSNP_6_C01_1513276	8	601043	2247827	1314	0.0132
TAKEN_p_TCGAb_379_400_FFPE_NSP_GenomeWideSNP_6_C01_1513276	8	2254638	2259358	12	0.4374
TAKEN_p_TCGAb_379_400_FFPE_NSP_GenomeWideSNP_6_C01_1513276	8	2270328	2536983	273	-0.0273
TAKEN_p_TCGAb_379_400_FFPE_NSP_GenomeWideSNP_6_C01_1513276	8	2540039	2556132	21	0.6517
TAKEN_p_TCGAb_379_400_FFPE_NSP_GenomeWideSNP_6_C01_1513276	8	2558468	4002192	1836	0.0028
TAKEN_p_TCGAb_379_400_FFPE_NSP_GenomeWideSNP_6_C01_1513276	8	4002207	4002316	3	-1.2297
TAKEN_p_TCGAb_379_400_FFPE_NSP_GenomeWideSNP_6_C01_1513276	8	4002653	4003305	10	0.0795
TAKEN_p_TCGAb_379_400_FFPE_NSP_GenomeWideSNP_6_C01_1513276	8	4003463	4003478	2	-2.8558
TAKEN_p_TCGAb_379_400_FFPE_NSP_GenomeWideSNP_6_C01_1513276	8	4003561	7012924	4015	-0.0015
TAKEN_p_TCGAb_379_400_FFPE_NSP_GenomeWideSNP_6_C01_1513276	8	7024567	7238019	38	0.3454
TAKEN_p_TCGAb_379_400_FFPE_NSP_GenomeWideSNP_6_C01_1513276	8	7250380	7255110	6	-0.2333
TAKEN_p_TCGAb_379_400_FFPE_NSP_GenomeWideSNP_6_C01_1513276	8	7267365	7403452	74	-0.5533
TAKEN_p_TCGAb_379_400_FFPE_NSP_GenomeWideSNP_6_C01_1513276	8	7456024	7638161	16	-0.1819
TAKEN_p_TCGAb_379_400_FFPE_NSP_GenomeWideSNP_6_C01_1513276	8	7638177	7799390	53	-0.5134
TAKEN_p_TCGAb_379_400_FFPE_NSP_GenomeWideSNP_6_C01_1513276	8	7809891	8385797	355	-0.0331
TAKEN_p_TCGAb_379_400_FFPE_NSP_GenomeWideSNP_6_C01_1513276	8	8386150	8386442	4	-2.0514
TAKEN_p_TCGAb_379_400_FFPE_NSP_GenomeWideSNP_6_C01_1513276	8	8388307	12162782	2945	-0.0015
TAKEN_p_TCGAb_379_400_FFPE_NSP_GenomeWideSNP_6_C01_1513276	8	12181281	12247486	45	-1.3377
TAKEN_p_TCGAb_379_400_FFPE_NSP_GenomeWideSNP_6_C01_1513276	8	12260927	12473543	65	-0.2603
TAKEN_p_TCGAb_379_400_FFPE_NSP_GenomeWideSNP_6_C01_1513276	8	12473558	24974443	10428	-0.0019
TAKEN_p_TCGAb_379_400_FFPE_NSP_GenomeWideSNP_6_C01_1513276	8	24974476	24984333	26	-0.6846
TAKEN_p_TCGAb_379_400_FFPE_NSP_GenomeWideSNP_6_C01_1513276	8	24991104	32678866	5455	0.0019
TAKEN_p_TCGAb_379_400_FFPE_NSP_GenomeWideSNP_6_C01_1513276	8	32683098	32688203	7	-0.5566
TAKEN_p_TCGAb_379_400_FFPE_NSP_GenomeWideSNP_6_C01_1513276	8	32688413	39246675	3584	0.001
TAKEN_p_TCGAb_379_400_FFPE_NSP_GenomeWideSNP_6_C01_1513276	8	39247111	39384124	53	-0.661
TAKEN_p_TCGAb_379_400_FFPE_NSP_GenomeWideSNP_6_C01_1513276	8	39384700	57917944	9080	0.0048
TAKEN_p_TCGAb_379_400_FFPE_NSP_GenomeWideSNP_6_C01_1513276	8	57919479	57929203	7	-1.1427
TAKEN_p_TCGAb_379_400_FFPE_NSP_GenomeWideSNP_6_C01_1513276	8	57937851	60324169	1710	0.001
TAKEN_p_TCGAb_379_400_FFPE_NSP_GenomeWideSNP_6_C01_1513276	8	60326457	60329133	6	-0.956
TAKEN_p_TCGAb_379_400_FFPE_NSP_GenomeWideSNP_6_C01_1513276	8	60332808	146298155	54236	0.0041
TAKEN_p_TCGAb_379_400_FFPE_NSP_GenomeWideSNP_6_C01_1513276	9	46587	2063356	2206	0.0013
TAKEN_p_TCGAb_379_400_FFPE_NSP_GenomeWideSNP_6_C01_1513276	9	2064563	2064884	3	-1.1659
TAKEN_p_TCGAb_379_400_FFPE_NSP_GenomeWideSNP_6_C01_1513276	9	2066837	6695986	4184	0.0025
TAKEN_p_TCGAb_379_400_FFPE_NSP_GenomeWideSNP_6_C01_1513276	9	6701145	6708357	7	-1.0581
TAKEN_p_TCGAb_379_400_FFPE_NSP_GenomeWideSNP_6_C01_1513276	9	6712314	20005448	11621	-0.0023
TAKEN_p_TCGAb_379_400_FFPE_NSP_GenomeWideSNP_6_C01_1513276	9	20005757	20010396	7	-1.0964
TAKEN_p_TCGAb_379_400_FFPE_NSP_GenomeWideSNP_6_C01_1513276	9	20013892	22492889	1863	0.0037
TAKEN_p_TCGAb_379_400_FFPE_NSP_GenomeWideSNP_6_C01_1513276	9	22501913	22502699	2	-3.6003
TAKEN_p_TCGAb_379_400_FFPE_NSP_GenomeWideSNP_6_C01_1513276	9	22509340	23361805	581	5e-04
TAKEN_p_TCGAb_379_400_FFPE_NSP_GenomeWideSNP_6_C01_1513276	9	23363115	23380445	11	0.4012
TAKEN_p_TCGAb_379_400_FFPE_NSP_GenomeWideSNP_6_C01_1513276	9	23380834	24503816	795	-0.005
TAKEN_p_TCGAb_379_400_FFPE_NSP_GenomeWideSNP_6_C01_1513276	9	24504125	24517682	19	-1.1024
TAKEN_p_TCGAb_379_400_FFPE_NSP_GenomeWideSNP_6_C01_1513276	9	24519684	38796107	9913	-4e-04
TAKEN_p_TCGAb_379_400_FFPE_NSP_GenomeWideSNP_6_C01_1513276	9	38796311	38996748	17	-0.3459
TAKEN_p_TCGAb_379_400_FFPE_NSP_GenomeWideSNP_6_C01_1513276	9	39011602	39305344	63	0.0012
TAKEN_p_TCGAb_379_400_FFPE_NSP_GenomeWideSNP_6_C01_1513276	9	39310907	39314120	4	-0.819
TAKEN_p_TCGAb_379_400_FFPE_NSP_GenomeWideSNP_6_C01_1513276	9	39315036	43072777	101	0.0133
TAKEN_p_TCGAb_379_400_FFPE_NSP_GenomeWideSNP_6_C01_1513276	9	43084322	43790346	49	0.2461
TAKEN_p_TCGAb_379_400_FFPE_NSP_GenomeWideSNP_6_C01_1513276	9	43800186	44250853	32	-0.0031
TAKEN_p_TCGAb_379_400_FFPE_NSP_GenomeWideSNP_6_C01_1513276	9	44251228	44272951	9	-1.0485
TAKEN_p_TCGAb_379_400_FFPE_NSP_GenomeWideSNP_6_C01_1513276	9	44273241	44629223	9	0.2454
TAKEN_p_TCGAb_379_400_FFPE_NSP_GenomeWideSNP_6_C01_1513276	9	44727859	44855737	36	-1.1639
TAKEN_p_TCGAb_379_400_FFPE_NSP_GenomeWideSNP_6_C01_1513276	9	44866028	90522594	14629	-0.0031
TAKEN_p_TCGAb_379_400_FFPE_NSP_GenomeWideSNP_6_C01_1513276	9	90554151	90554219	2	-1.7227
TAKEN_p_TCGAb_379_400_FFPE_NSP_GenomeWideSNP_6_C01_1513276	9	90557957	113024442	15742	0.0017
TAKEN_p_TCGAb_379_400_FFPE_NSP_GenomeWideSNP_6_C01_1513276	9	113024789	113028169	3	-1.0318
TAKEN_p_TCGAb_379_400_FFPE_NSP_GenomeWideSNP_6_C01_1513276	9	113032431	117082811	2920	-3e-04
TAKEN_p_TCGAb_379_400_FFPE_NSP_GenomeWideSNP_6_C01_1513276	9	117087402	117088322	2	1.4632
TAKEN_p_TCGAb_379_400_FFPE_NSP_GenomeWideSNP_6_C01_1513276	9	117093029	138211368	14024	0.0011
TAKEN_p_TCGAb_379_400_FFPE_NSP_GenomeWideSNP_6_C01_1513276	9	138214105	138216412	3	1.4657
TAKEN_p_TCGAb_379_400_FFPE_NSP_GenomeWideSNP_6_C01_1513276	9	138217797	140252947	698	0.0042
TAKEN_p_TCGAb_379_400_FFPE_NSP_GenomeWideSNP_6_C01_1513276	9	140255642	140255833	3	-1.1316
TAKEN_p_TCGAb_379_400_FFPE_NSP_GenomeWideSNP_6_C01_1513276	9	140273003	141071940	407	0.021
TAKEN_p_TCGAb_379_400_FFPE_NSP_GenomeWideSNP_6_C01_1513276	9	141074637	141091394	5	-0.6466
TAKEN_p_TCGAb_379_400_FFPE_NSP_GenomeWideSNP_6_C01_1513276	10	72759	130308	14	0.1646
TAKEN_p_TCGAb_379_400_FFPE_NSP_GenomeWideSNP_6_C01_1513276	10	133551	143255	9	-0.681
TAKEN_p_TCGAb_379_400_FFPE_NSP_GenomeWideSNP_6_C01_1513276	10	143543	4290814	3567	-0.004
TAKEN_p_TCGAb_379_400_FFPE_NSP_GenomeWideSNP_6_C01_1513276	10	4290838	4290924	2	-1.6702
TAKEN_p_TCGAb_379_400_FFPE_NSP_GenomeWideSNP_6_C01_1513276	10	4291016	27587531	17876	0.0033
TAKEN_p_TCGAb_379_400_FFPE_NSP_GenomeWideSNP_6_C01_1513276	10	27593427	27597438	2	-1.4204
TAKEN_p_TCGAb_379_400_FFPE_NSP_GenomeWideSNP_6_C01_1513276	10	27607185	119846110	58185	0.0016
TAKEN_p_TCGAb_379_400_FFPE_NSP_GenomeWideSNP_6_C01_1513276	10	119846310	119852863	5	-0.8825
TAKEN_p_TCGAb_379_400_FFPE_NSP_GenomeWideSNP_6_C01_1513276	10	119853454	124334013	3541	0.0013
TAKEN_p_TCGAb_379_400_FFPE_NSP_GenomeWideSNP_6_C01_1513276	10	124341534	124346978	7	-0.98
TAKEN_p_TCGAb_379_400_FFPE_NSP_GenomeWideSNP_6_C01_1513276	10	124351013	135506704	7925	0.0067
TAKEN_p_TCGAb_379_400_FFPE_NSP_GenomeWideSNP_6_C01_1513276	11	198510	3486724	1348	0.0186
TAKEN_p_TCGAb_379_400_FFPE_NSP_GenomeWideSNP_6_C01_1513276	11	3487665	3488541	3	-0.9873
TAKEN_p_TCGAb_379_400_FFPE_NSP_GenomeWideSNP_6_C01_1513276	11	3506526	4295756	455	0.0112
TAKEN_p_TCGAb_379_400_FFPE_NSP_GenomeWideSNP_6_C01_1513276	11	4301356	4335878	11	-0.4536
TAKEN_p_TCGAb_379_400_FFPE_NSP_GenomeWideSNP_6_C01_1513276	11	4336067	4968117	662	-0.0084
TAKEN_p_TCGAb_379_400_FFPE_NSP_GenomeWideSNP_6_C01_1513276	11	4968510	4976272	30	-1.7675
TAKEN_p_TCGAb_379_400_FFPE_NSP_GenomeWideSNP_6_C01_1513276	11	4976334	4982916	16	-0.6364
TAKEN_p_TCGAb_379_400_FFPE_NSP_GenomeWideSNP_6_C01_1513276	11	4983161	5788092	784	-0.0068
TAKEN_p_TCGAb_379_400_FFPE_NSP_GenomeWideSNP_6_C01_1513276	11	5789601	5809139	30	-0.8396
TAKEN_p_TCGAb_379_400_FFPE_NSP_GenomeWideSNP_6_C01_1513276	11	5809338	18940870	9431	0.0028
TAKEN_p_TCGAb_379_400_FFPE_NSP_GenomeWideSNP_6_C01_1513276	11	18949072	18960750	37	0.6415
TAKEN_p_TCGAb_379_400_FFPE_NSP_GenomeWideSNP_6_C01_1513276	11	18961065	18970705	24	0.3468
TAKEN_p_TCGAb_379_400_FFPE_NSP_GenomeWideSNP_6_C01_1513276	11	18970748	48598422	20631	-8e-04
TAKEN_p_TCGAb_379_400_FFPE_NSP_GenomeWideSNP_6_C01_1513276	11	48601434	48602676	2	-2.4583
TAKEN_p_TCGAb_379_400_FFPE_NSP_GenomeWideSNP_6_C01_1513276	11	48606318	55363340	1225	3e-04
TAKEN_p_TCGAb_379_400_FFPE_NSP_GenomeWideSNP_6_C01_1513276	11	55374032	55453009	59	-0.5355
TAKEN_p_TCGAb_379_400_FFPE_NSP_GenomeWideSNP_6_C01_1513276	11	55453576	89474831	19941	0.0017
TAKEN_p_TCGAb_379_400_FFPE_NSP_GenomeWideSNP_6_C01_1513276	11	89487949	89548104	11	0.4286
TAKEN_p_TCGAb_379_400_FFPE_NSP_GenomeWideSNP_6_C01_1513276	11	89548892	101594384	8711	2e-04
TAKEN_p_TCGAb_379_400_FFPE_NSP_GenomeWideSNP_6_C01_1513276	11	101597860	101597964	4	1.8841
TAKEN_p_TCGAb_379_400_FFPE_NSP_GenomeWideSNP_6_C01_1513276	11	101598212	134944770	23781	0.0026
TAKEN_p_TCGAb_379_400_FFPE_NSP_GenomeWideSNP_6_C01_1513276	12	150442	10580460	6869	0.0026
TAKEN_p_TCGAb_379_400_FFPE_NSP_GenomeWideSNP_6_C01_1513276	12	10583367	10596720	6	-0.6225
TAKEN_p_TCGAb_379_400_FFPE_NSP_GenomeWideSNP_6_C01_1513276	12	10598802	11231455	409	-0.0027
TAKEN_p_TCGAb_379_400_FFPE_NSP_GenomeWideSNP_6_C01_1513276	12	11232918	11241532	5	0.7599
TAKEN_p_TCGAb_379_400_FFPE_NSP_GenomeWideSNP_6_C01_1513276	12	11251874	18388146	4916	0.0015
TAKEN_p_TCGAb_379_400_FFPE_NSP_GenomeWideSNP_6_C01_1513276	12	18388148	18388413	2	-1.049
TAKEN_p_TCGAb_379_400_FFPE_NSP_GenomeWideSNP_6_C01_1513276	12	18388435	33294660	10676	0.004
TAKEN_p_TCGAb_379_400_FFPE_NSP_GenomeWideSNP_6_C01_1513276	12	33301406	33302201	9	-3.037
TAKEN_p_TCGAb_379_400_FFPE_NSP_GenomeWideSNP_6_C01_1513276	12	33302438	33303293	3	-7.0511
TAKEN_p_TCGAb_379_400_FFPE_NSP_GenomeWideSNP_6_C01_1513276	12	33303378	33307374	14	-2.1551
TAKEN_p_TCGAb_379_400_FFPE_NSP_GenomeWideSNP_6_C01_1513276	12	33308360	45899825	5629	1e-04
TAKEN_p_TCGAb_379_400_FFPE_NSP_GenomeWideSNP_6_C01_1513276	12	45904438	45909537	4	-1.6676
TAKEN_p_TCGAb_379_400_FFPE_NSP_GenomeWideSNP_6_C01_1513276	12	45913292	99795648	33767	-5e-04
TAKEN_p_TCGAb_379_400_FFPE_NSP_GenomeWideSNP_6_C01_1513276	12	99795737	99798589	26	0.3897
TAKEN_p_TCGAb_379_400_FFPE_NSP_GenomeWideSNP_6_C01_1513276	12	99798720	106777419	4769	-0.0025
TAKEN_p_TCGAb_379_400_FFPE_NSP_GenomeWideSNP_6_C01_1513276	12	106781136	106782004	5	-0.7179
TAKEN_p_TCGAb_379_400_FFPE_NSP_GenomeWideSNP_6_C01_1513276	12	106786529	130000586	15628	0.0035
TAKEN_p_TCGAb_379_400_FFPE_NSP_GenomeWideSNP_6_C01_1513276	12	130003490	130003594	2	-1.7848
TAKEN_p_TCGAb_379_400_FFPE_NSP_GenomeWideSNP_6_C01_1513276	12	130003770	132120715	1792	0.0183
TAKEN_p_TCGAb_379_400_FFPE_NSP_GenomeWideSNP_6_C01_1513276	12	132132584	132133335	13	-0.5847
TAKEN_p_TCGAb_379_400_FFPE_NSP_GenomeWideSNP_6_C01_1513276	12	132142331	133778189	572	-3e-04
TAKEN_p_TCGAb_379_400_FFPE_NSP_GenomeWideSNP_6_C01_1513276	13	19026949	19135703	11	-0.4838
TAKEN_p_TCGAb_379_400_FFPE_NSP_GenomeWideSNP_6_C01_1513276	13	19143824	23629187	2888	-0.0059
TAKEN_p_TCGAb_379_400_FFPE_NSP_GenomeWideSNP_6_C01_1513276	13	23629210	23633515	13	-0.6519
TAKEN_p_TCGAb_379_400_FFPE_NSP_GenomeWideSNP_6_C01_1513276	13	23638195	38071135	10663	-3e-04
TAKEN_p_TCGAb_379_400_FFPE_NSP_GenomeWideSNP_6_C01_1513276	13	38072036	38084757	16	-2.5753
TAKEN_p_TCGAb_379_400_FFPE_NSP_GenomeWideSNP_6_C01_1513276	13	38088330	53094799	9917	0.0032
TAKEN_p_TCGAb_379_400_FFPE_NSP_GenomeWideSNP_6_C01_1513276	13	53097984	53105785	3	-1.945
TAKEN_p_TCGAb_379_400_FFPE_NSP_GenomeWideSNP_6_C01_1513276	13	53117879	53353041	104	0.0308
TAKEN_p_TCGAb_379_400_FFPE_NSP_GenomeWideSNP_6_C01_1513276	13	53359853	53362983	4	-1.0053
TAKEN_p_TCGAb_379_400_FFPE_NSP_GenomeWideSNP_6_C01_1513276	13	53363783	57751096	2520	-9e-04
TAKEN_p_TCGAb_379_400_FFPE_NSP_GenomeWideSNP_6_C01_1513276	13	57758270	57789714	35	0.6464
TAKEN_p_TCGAb_379_400_FFPE_NSP_GenomeWideSNP_6_C01_1513276	13	57790009	69242255	6902	-0.0015
TAKEN_p_TCGAb_379_400_FFPE_NSP_GenomeWideSNP_6_C01_1513276	13	69248299	69249481	7	-0.9365
TAKEN_p_TCGAb_379_400_FFPE_NSP_GenomeWideSNP_6_C01_1513276	13	69250779	69251649	7	0.088
TAKEN_p_TCGAb_379_400_FFPE_NSP_GenomeWideSNP_6_C01_1513276	13	69251980	69268242	25	-0.7894
TAKEN_p_TCGAb_379_400_FFPE_NSP_GenomeWideSNP_6_C01_1513276	13	69269119	72476988	2065	-0.0063
TAKEN_p_TCGAb_379_400_FFPE_NSP_GenomeWideSNP_6_C01_1513276	13	72477555	72480556	4	-2.2101
TAKEN_p_TCGAb_379_400_FFPE_NSP_GenomeWideSNP_6_C01_1513276	13	72480605	92953805	13262	-6e-04
TAKEN_p_TCGAb_379_400_FFPE_NSP_GenomeWideSNP_6_C01_1513276	13	92959102	93049140	59	0.4235
TAKEN_p_TCGAb_379_400_FFPE_NSP_GenomeWideSNP_6_C01_1513276	13	93051818	115108397	15840	1e-04
TAKEN_p_TCGAb_379_400_FFPE_NSP_GenomeWideSNP_6_C01_1513276	14	19002124	20226769	97	-0.0411
TAKEN_p_TCGAb_379_400_FFPE_NSP_GenomeWideSNP_6_C01_1513276	14	20232535	20420239	91	0.1974
TAKEN_p_TCGAb_379_400_FFPE_NSP_GenomeWideSNP_6_C01_1513276	14	20422583	22978516	1891	-0.0133
TAKEN_p_TCGAb_379_400_FFPE_NSP_GenomeWideSNP_6_C01_1513276	14	22978577	22999542	12	-0.4231
TAKEN_p_TCGAb_379_400_FFPE_NSP_GenomeWideSNP_6_C01_1513276	14	22999558	25609273	1639	0.0072
TAKEN_p_TCGAb_379_400_FFPE_NSP_GenomeWideSNP_6_C01_1513276	14	25611574	25612174	4	-0.9645
TAKEN_p_TCGAb_379_400_FFPE_NSP_GenomeWideSNP_6_C01_1513276	14	25614160	35104149	6120	-5e-04
TAKEN_p_TCGAb_379_400_FFPE_NSP_GenomeWideSNP_6_C01_1513276	14	35108092	35160860	28	-0.9121
TAKEN_p_TCGAb_379_400_FFPE_NSP_GenomeWideSNP_6_C01_1513276	14	35173624	35426774	124	-2e-04
TAKEN_p_TCGAb_379_400_FFPE_NSP_GenomeWideSNP_6_C01_1513276	14	35428995	35429746	3	-0.9599
TAKEN_p_TCGAb_379_400_FFPE_NSP_GenomeWideSNP_6_C01_1513276	14	35434418	41608358	3830	-0.0011
TAKEN_p_TCGAb_379_400_FFPE_NSP_GenomeWideSNP_6_C01_1513276	14	41610496	41657349	15	-0.6841
TAKEN_p_TCGAb_379_400_FFPE_NSP_GenomeWideSNP_6_C01_1513276	14	41670102	79157040	23881	0.0021
TAKEN_p_TCGAb_379_400_FFPE_NSP_GenomeWideSNP_6_C01_1513276	14	79161185	79165608	5	-1.2513
TAKEN_p_TCGAb_379_400_FFPE_NSP_GenomeWideSNP_6_C01_1513276	14	79166325	83300822	2734	0.0012
TAKEN_p_TCGAb_379_400_FFPE_NSP_GenomeWideSNP_6_C01_1513276	14	83301108	83302002	2	-1.4882
TAKEN_p_TCGAb_379_400_FFPE_NSP_GenomeWideSNP_6_C01_1513276	14	83304333	88561298	3548	-0.0038
TAKEN_p_TCGAb_379_400_FFPE_NSP_GenomeWideSNP_6_C01_1513276	14	88567917	88575104	4	-0.8079
TAKEN_p_TCGAb_379_400_FFPE_NSP_GenomeWideSNP_6_C01_1513276	14	88576142	106715489	11238	0.0011
TAKEN_p_TCGAb_379_400_FFPE_NSP_GenomeWideSNP_6_C01_1513276	14	106717356	106727469	8	0.794
TAKEN_p_TCGAb_379_400_FFPE_NSP_GenomeWideSNP_6_C01_1513276	14	106728162	107153173	253	0.0035
TAKEN_p_TCGAb_379_400_FFPE_NSP_GenomeWideSNP_6_C01_1513276	14	107160325	107179847	21	-0.5814
TAKEN_p_TCGAb_379_400_FFPE_NSP_GenomeWideSNP_6_C01_1513276	14	107184184	107285437	69	-0.0118
TAKEN_p_TCGAb_379_400_FFPE_NSP_GenomeWideSNP_6_C01_1513276	15	20016328	22285769	310	-0.0495
TAKEN_p_TCGAb_379_400_FFPE_NSP_GenomeWideSNP_6_C01_1513276	15	22287270	22291024	2	-2.4211
TAKEN_p_TCGAb_379_400_FFPE_NSP_GenomeWideSNP_6_C01_1513276	15	22293227	22587474	109	-0.2554
TAKEN_p_TCGAb_379_400_FFPE_NSP_GenomeWideSNP_6_C01_1513276	15	22673399	24669745	1006	-0.0116
TAKEN_p_TCGAb_379_400_FFPE_NSP_GenomeWideSNP_6_C01_1513276	15	24674751	24718596	40	-0.6152
TAKEN_p_TCGAb_379_400_FFPE_NSP_GenomeWideSNP_6_C01_1513276	15	24725293	30448595	3640	0.0029
TAKEN_p_TCGAb_379_400_FFPE_NSP_GenomeWideSNP_6_C01_1513276	15	30450044	30807942	102	0.4034
TAKEN_p_TCGAb_379_400_FFPE_NSP_GenomeWideSNP_6_C01_1513276	15	30821637	30956215	17	-0.2478
TAKEN_p_TCGAb_379_400_FFPE_NSP_GenomeWideSNP_6_C01_1513276	15	30956708	32439281	1033	0.0095
TAKEN_p_TCGAb_379_400_FFPE_NSP_GenomeWideSNP_6_C01_1513276	15	32439298	32876984	73	0.3037
TAKEN_p_TCGAb_379_400_FFPE_NSP_GenomeWideSNP_6_C01_1513276	15	32902983	36158662	2461	-0.0028
TAKEN_p_TCGAb_379_400_FFPE_NSP_GenomeWideSNP_6_C01_1513276	15	36161023	36161478	2	0.9851
TAKEN_p_TCGAb_379_400_FFPE_NSP_GenomeWideSNP_6_C01_1513276	15	36163893	45225257	5350	-0.0017
TAKEN_p_TCGAb_379_400_FFPE_NSP_GenomeWideSNP_6_C01_1513276	15	45229596	45234447	5	-0.8782
TAKEN_p_TCGAb_379_400_FFPE_NSP_GenomeWideSNP_6_C01_1513276	15	45235082	47698041	1521	0.0037
TAKEN_p_TCGAb_379_400_FFPE_NSP_GenomeWideSNP_6_C01_1513276	15	47700797	47701966	4	-0.6927
TAKEN_p_TCGAb_379_400_FFPE_NSP_GenomeWideSNP_6_C01_1513276	15	47702442	56264133	5602	0.0038
TAKEN_p_TCGAb_379_400_FFPE_NSP_GenomeWideSNP_6_C01_1513276	15	56266626	56266833	2	-1.3266
TAKEN_p_TCGAb_379_400_FFPE_NSP_GenomeWideSNP_6_C01_1513276	15	56273446	57906706	1014	-0.0127
TAKEN_p_TCGAb_379_400_FFPE_NSP_GenomeWideSNP_6_C01_1513276	15	57908316	57910004	4	-1.2717
TAKEN_p_TCGAb_379_400_FFPE_NSP_GenomeWideSNP_6_C01_1513276	15	57910164	61684205	2944	0.0021
TAKEN_p_TCGAb_379_400_FFPE_NSP_GenomeWideSNP_6_C01_1513276	15	61688169	61697981	17	-0.9873
TAKEN_p_TCGAb_379_400_FFPE_NSP_GenomeWideSNP_6_C01_1513276	15	61700384	76891241	9114	0.0048
TAKEN_p_TCGAb_379_400_FFPE_NSP_GenomeWideSNP_6_C01_1513276	15	76891511	76895775	21	-0.6302
TAKEN_p_TCGAb_379_400_FFPE_NSP_GenomeWideSNP_6_C01_1513276	15	76902179	82895028	3659	-0.0013
TAKEN_p_TCGAb_379_400_FFPE_NSP_GenomeWideSNP_6_C01_1513276	15	82895362	83169549	12	0.5147
TAKEN_p_TCGAb_379_400_FFPE_NSP_GenomeWideSNP_6_C01_1513276	15	83169571	84424246	695	-0.0045
TAKEN_p_TCGAb_379_400_FFPE_NSP_GenomeWideSNP_6_C01_1513276	15	84430967	84504687	42	-0.7503
TAKEN_p_TCGAb_379_400_FFPE_NSP_GenomeWideSNP_6_C01_1513276	15	84511531	100649629	11895	-2e-04
TAKEN_p_TCGAb_379_400_FFPE_NSP_GenomeWideSNP_6_C01_1513276	15	100650941	100651832	3	-1.0259
TAKEN_p_TCGAb_379_400_FFPE_NSP_GenomeWideSNP_6_C01_1513276	15	100652903	102469040	1389	0.0186
TAKEN_p_TCGAb_379_400_FFPE_NSP_GenomeWideSNP_6_C01_1513276	16	60777	12650247	9440	0.0029
TAKEN_p_TCGAb_379_400_FFPE_NSP_GenomeWideSNP_6_C01_1513276	16	12653862	12654408	4	-0.7875
TAKEN_p_TCGAb_379_400_FFPE_NSP_GenomeWideSNP_6_C01_1513276	16	12654504	12708403	106	0.0617
TAKEN_p_TCGAb_379_400_FFPE_NSP_GenomeWideSNP_6_C01_1513276	16	12708810	12709217	7	-0.7142
TAKEN_p_TCGAb_379_400_FFPE_NSP_GenomeWideSNP_6_C01_1513276	16	12712199	74364849	29009	0.0033
TAKEN_p_TCGAb_379_400_FFPE_NSP_GenomeWideSNP_6_C01_1513276	16	74368691	74407379	11	0.538
TAKEN_p_TCGAb_379_400_FFPE_NSP_GenomeWideSNP_6_C01_1513276	16	74452036	78371608	3214	8e-04
TAKEN_p_TCGAb_379_400_FFPE_NSP_GenomeWideSNP_6_C01_1513276	16	78372440	78384765	17	-2.3602
TAKEN_p_TCGAb_379_400_FFPE_NSP_GenomeWideSNP_6_C01_1513276	16	78385001	80252459	2299	-0.002
TAKEN_p_TCGAb_379_400_FFPE_NSP_GenomeWideSNP_6_C01_1513276	16	80252503	80253076	5	-0.6672
TAKEN_p_TCGAb_379_400_FFPE_NSP_GenomeWideSNP_6_C01_1513276	16	80253474	86146150	5786	0.0078
TAKEN_p_TCGAb_379_400_FFPE_NSP_GenomeWideSNP_6_C01_1513276	16	86146265	86146505	2	-1.0872
TAKEN_p_TCGAb_379_400_FFPE_NSP_GenomeWideSNP_6_C01_1513276	16	86149114	90287535	2560	0.0245
TAKEN_p_TCGAb_379_400_FFPE_NSP_GenomeWideSNP_6_C01_1513276	17	526	34440798	18403	0.002
TAKEN_p_TCGAb_379_400_FFPE_NSP_GenomeWideSNP_6_C01_1513276	17	34440854	34543343	37	-0.4418
TAKEN_p_TCGAb_379_400_FFPE_NSP_GenomeWideSNP_6_C01_1513276	17	34586294	39421708	2540	-0.0016
TAKEN_p_TCGAb_379_400_FFPE_NSP_GenomeWideSNP_6_C01_1513276	17	39423014	39430531	24	-1.158
TAKEN_p_TCGAb_379_400_FFPE_NSP_GenomeWideSNP_6_C01_1513276	17	39432724	43077040	1943	-0.0077
TAKEN_p_TCGAb_379_400_FFPE_NSP_GenomeWideSNP_6_C01_1513276	17	43077947	43088102	2	-1.4192
TAKEN_p_TCGAb_379_400_FFPE_NSP_GenomeWideSNP_6_C01_1513276	17	43089297	43655090	221	0.0088
TAKEN_p_TCGAb_379_400_FFPE_NSP_GenomeWideSNP_6_C01_1513276	17	43656380	43659426	6	-0.6694
TAKEN_p_TCGAb_379_400_FFPE_NSP_GenomeWideSNP_6_C01_1513276	17	43664693	44364170	463	0.0014
TAKEN_p_TCGAb_379_400_FFPE_NSP_GenomeWideSNP_6_C01_1513276	17	44394412	44752300	48	1.142
TAKEN_p_TCGAb_379_400_FFPE_NSP_GenomeWideSNP_6_C01_1513276	17	44764994	56212100	7371	-0.0014
TAKEN_p_TCGAb_379_400_FFPE_NSP_GenomeWideSNP_6_C01_1513276	17	56212514	56214094	4	-1.1441
TAKEN_p_TCGAb_379_400_FFPE_NSP_GenomeWideSNP_6_C01_1513276	17	56217398	81049726	14252	0.0022
TAKEN_p_TCGAb_379_400_FFPE_NSP_GenomeWideSNP_6_C01_1513276	18	11543	45395609	27552	0
TAKEN_p_TCGAb_379_400_FFPE_NSP_GenomeWideSNP_6_C01_1513276	18	45395624	45397176	3	-1.0733
TAKEN_p_TCGAb_379_400_FFPE_NSP_GenomeWideSNP_6_C01_1513276	18	45397189	78015057	23286	8e-04
TAKEN_p_TCGAb_379_400_FFPE_NSP_GenomeWideSNP_6_C01_1513276	19	90910	20746190	9076	8e-04
TAKEN_p_TCGAb_379_400_FFPE_NSP_GenomeWideSNP_6_C01_1513276	19	20759077	20759858	2	-1.5668
TAKEN_p_TCGAb_379_400_FFPE_NSP_GenomeWideSNP_6_C01_1513276	19	20765130	50585734	15041	0.0012
TAKEN_p_TCGAb_379_400_FFPE_NSP_GenomeWideSNP_6_C01_1513276	19	50585872	50592124	4	1.0062
TAKEN_p_TCGAb_379_400_FFPE_NSP_GenomeWideSNP_6_C01_1513276	19	50592237	59097854	5244	-0.0017
TAKEN_p_TCGAb_379_400_FFPE_NSP_GenomeWideSNP_6_C01_1513276	20	61305	1470881	1090	-0.001
TAKEN_p_TCGAb_379_400_FFPE_NSP_GenomeWideSNP_6_C01_1513276	20	1472296	1472408	2	-1.2434
TAKEN_p_TCGAb_379_400_FFPE_NSP_GenomeWideSNP_6_C01_1513276	20	1472720	1552503	94	6e-04
TAKEN_p_TCGAb_379_400_FFPE_NSP_GenomeWideSNP_6_C01_1513276	20	1557190	1560999	21	-0.8955
TAKEN_p_TCGAb_379_400_FFPE_NSP_GenomeWideSNP_6_C01_1513276	20	1561580	1582207	36	-0.202
TAKEN_p_TCGAb_379_400_FFPE_NSP_GenomeWideSNP_6_C01_1513276	20	1590257	1593893	5	2.2964
TAKEN_p_TCGAb_379_400_FFPE_NSP_GenomeWideSNP_6_C01_1513276	20	1597946	15301374	10403	-0.0016
TAKEN_p_TCGAb_379_400_FFPE_NSP_GenomeWideSNP_6_C01_1513276	20	15301902	15302374	3	-1.0621
TAKEN_p_TCGAb_379_400_FFPE_NSP_GenomeWideSNP_6_C01_1513276	20	15305258	25619528	8169	0.0049
TAKEN_p_TCGAb_379_400_FFPE_NSP_GenomeWideSNP_6_C01_1513276	20	25624591	25629777	5	-0.8462
TAKEN_p_TCGAb_379_400_FFPE_NSP_GenomeWideSNP_6_C01_1513276	20	25634148	29428523	241	0.0172
TAKEN_p_TCGAb_379_400_FFPE_NSP_GenomeWideSNP_6_C01_1513276	20	29436802	29505893	20	-0.5002
TAKEN_p_TCGAb_379_400_FFPE_NSP_GenomeWideSNP_6_C01_1513276	20	29527893	62956153	22424	4e-04
TAKEN_p_TCGAb_379_400_FFPE_NSP_GenomeWideSNP_6_C01_1513276	21	10736871	10942932	34	-0.3537
TAKEN_p_TCGAb_379_400_FFPE_NSP_GenomeWideSNP_6_C01_1513276	21	10943554	37525535	16690	-0.0023
TAKEN_p_TCGAb_379_400_FFPE_NSP_GenomeWideSNP_6_C01_1513276	21	37525829	37525945	3	-1.0421
TAKEN_p_TCGAb_379_400_FFPE_NSP_GenomeWideSNP_6_C01_1513276	21	37533119	41385624	3102	-0.0045
TAKEN_p_TCGAb_379_400_FFPE_NSP_GenomeWideSNP_6_C01_1513276	21	41385760	41389548	4	-0.8229
TAKEN_p_TCGAb_379_400_FFPE_NSP_GenomeWideSNP_6_C01_1513276	21	41390789	44968053	2826	0.0055
TAKEN_p_TCGAb_379_400_FFPE_NSP_GenomeWideSNP_6_C01_1513276	21	44970873	44972812	2	-2.6339
TAKEN_p_TCGAb_379_400_FFPE_NSP_GenomeWideSNP_6_C01_1513276	21	44973667	48096957	1765	0.0144
TAKEN_p_TCGAb_379_400_FFPE_NSP_GenomeWideSNP_6_C01_1513276	22	16052528	22752462	3648	0.0224
TAKEN_p_TCGAb_379_400_FFPE_NSP_GenomeWideSNP_6_C01_1513276	22	22752680	22752816	3	0.8762
TAKEN_p_TCGAb_379_400_FFPE_NSP_GenomeWideSNP_6_C01_1513276	22	22752880	22785308	16	-0.0256
TAKEN_p_TCGAb_379_400_FFPE_NSP_GenomeWideSNP_6_C01_1513276	22	22794094	22800255	3	0.6853
TAKEN_p_TCGAb_379_400_FFPE_NSP_GenomeWideSNP_6_C01_1513276	22	22804318	23262981	251	0.0552
TAKEN_p_TCGAb_379_400_FFPE_NSP_GenomeWideSNP_6_C01_1513276	22	23263242	23263257	2	-2.662
TAKEN_p_TCGAb_379_400_FFPE_NSP_GenomeWideSNP_6_C01_1513276	22	23263274	42897282	13520	0.0042
TAKEN_p_TCGAb_379_400_FFPE_NSP_GenomeWideSNP_6_C01_1513276	22	42899440	42934462	21	0.5602
TAKEN_p_TCGAb_379_400_FFPE_NSP_GenomeWideSNP_6_C01_1513276	22	42942962	50967032	5962	0.0109
TAKEN_p_TCGAb_379_400_FFPE_NSP_GenomeWideSNP_6_C01_1513276	22	50973108	50973116	5	-0.9105
TAKEN_p_TCGAb_379_400_FFPE_NSP_GenomeWideSNP_6_C01_1513276	22	50973754	51234455	147	0.0202
TAKEN_p_TCGAb_379_400_FFPE_NSP_GenomeWideSNP_6_C01_1513276	X	168477	55701259	32338	0.0027
TAKEN_p_TCGAb_379_400_FFPE_NSP_GenomeWideSNP_6_C01_1513276	X	55702659	55707556	3	-1.5394
TAKEN_p_TCGAb_379_400_FFPE_NSP_GenomeWideSNP_6_C01_1513276	X	55707686	76349873	7824	0.0019
TAKEN_p_TCGAb_379_400_FFPE_NSP_GenomeWideSNP_6_C01_1513276	X	76353650	76378656	3	-1.7878
TAKEN_p_TCGAb_379_400_FFPE_NSP_GenomeWideSNP_6_C01_1513276	X	76378658	103253775	14236	0.0029
TAKEN_p_TCGAb_379_400_FFPE_NSP_GenomeWideSNP_6_C01_1513276	X	103257989	103305358	59	0.6198
TAKEN_p_TCGAb_379_400_FFPE_NSP_GenomeWideSNP_6_C01_1513276	X	103311747	133347480	16924	0.0024
TAKEN_p_TCGAb_379_400_FFPE_NSP_GenomeWideSNP_6_C01_1513276	X	133347754	133348252	2	-1.4791
TAKEN_p_TCGAb_379_400_FFPE_NSP_GenomeWideSNP_6_C01_1513276	X	133355748	134753919	708	0.0086
TAKEN_p_TCGAb_379_400_FFPE_NSP_GenomeWideSNP_6_C01_1513276	X	134757482	134802306	31	0.5319
TAKEN_p_TCGAb_379_400_FFPE_NSP_GenomeWideSNP_6_C01_1513276	X	134807391	155182354	12500	0.0024
TAKEN_p_TCGAb_379_400_FFPE_NSP_GenomeWideSNP_6_C01_1513276	Y	2650438	2974958	149	-3.3038
TAKEN_p_TCGAb_379_400_FFPE_NSP_GenomeWideSNP_6_C01_1513276	Y	2976180	6062475	697	-2.6145
TAKEN_p_TCGAb_379_400_FFPE_NSP_GenomeWideSNP_6_C01_1513276	Y	6063042	6101425	23	-3.0337
TAKEN_p_TCGAb_379_400_FFPE_NSP_GenomeWideSNP_6_C01_1513276	Y	6107901	6400205	120	-3.6909
TAKEN_p_TCGAb_379_400_FFPE_NSP_GenomeWideSNP_6_C01_1513276	Y	6400537	6532106	40	-2.8207
TAKEN_p_TCGAb_379_400_FFPE_NSP_GenomeWideSNP_6_C01_1513276	Y	6537454	6583358	10	-0.9893
TAKEN_p_TCGAb_379_400_FFPE_NSP_GenomeWideSNP_6_C01_1513276	Y	6588027	26432667	6947	-3.323
TAKEN_p_TCGAb_379_400_FFPE_NSP_GenomeWideSNP_6_C01_1513276	Y	26433358	26469059	15	-1.3612
TAKEN_p_TCGAb_379_400_FFPE_NSP_GenomeWideSNP_6_C01_1513276	Y	26473956	27367487	104	-3.6363
TAKEN_p_TCGAb_379_400_FFPE_NSP_GenomeWideSNP_6_C01_1513276	Y	27436702	27529084	34	-2.314
TAKEN_p_TCGAb_379_400_FFPE_NSP_GenomeWideSNP_6_C01_1513276	Y	27535030	27609970	27	-3.6138
TAKEN_p_TCGAb_379_400_FFPE_NSP_GenomeWideSNP_6_C01_1513276	Y	27614313	27629134	3	-1.1649
TAKEN_p_TCGAb_379_400_FFPE_NSP_GenomeWideSNP_6_C01_1513276	Y	27629348	28457337	287	-3.3262
TAKEN_p_TCGAb_379_400_FFPE_NSP_GenomeWideSNP_6_C01_1513276	Y	28458648	59018259	175	-2.7496
