Sample	Chromosome	Start	End	Num_Probes	Segment_Mean
USAGE_p_TCGA_132_133_136_SNP_N_GenomeWideSNP_6_B09_787584	1	61735	534551	31	0.1447
USAGE_p_TCGA_132_133_136_SNP_N_GenomeWideSNP_6_B09_787584	1	564621	9182933	4586	-0.2644
USAGE_p_TCGA_132_133_136_SNP_N_GenomeWideSNP_6_B09_787584	1	9190254	10367344	579	0.0678
USAGE_p_TCGA_132_133_136_SNP_N_GenomeWideSNP_6_B09_787584	1	10370402	10377983	19	0.4935
USAGE_p_TCGA_132_133_136_SNP_N_GenomeWideSNP_6_B09_787584	1	10381772	12720394	1227	0.072
USAGE_p_TCGA_132_133_136_SNP_N_GenomeWideSNP_6_B09_787584	1	12721956	14116328	399	-0.2322
USAGE_p_TCGA_132_133_136_SNP_N_GenomeWideSNP_6_B09_787584	1	14117228	14605514	445	0.0617
USAGE_p_TCGA_132_133_136_SNP_N_GenomeWideSNP_6_B09_787584	1	14606002	16431034	1242	-0.2428
USAGE_p_TCGA_132_133_136_SNP_N_GenomeWideSNP_6_B09_787584	1	16434727	16780370	164	0.0885
USAGE_p_TCGA_132_133_136_SNP_N_GenomeWideSNP_6_B09_787584	1	16782202	17203497	139	-0.2212
USAGE_p_TCGA_132_133_136_SNP_N_GenomeWideSNP_6_B09_787584	1	17209603	17262232	58	0.1116
USAGE_p_TCGA_132_133_136_SNP_N_GenomeWideSNP_6_B09_787584	1	17262247	22319001	3346	-0.2764
USAGE_p_TCGA_132_133_136_SNP_N_GenomeWideSNP_6_B09_787584	1	22320515	22337243	7	-1.8686
USAGE_p_TCGA_132_133_136_SNP_N_GenomeWideSNP_6_B09_787584	1	22338125	22981876	410	-0.2307
USAGE_p_TCGA_132_133_136_SNP_N_GenomeWideSNP_6_B09_787584	1	22982066	31621427	4543	0.0664
USAGE_p_TCGA_132_133_136_SNP_N_GenomeWideSNP_6_B09_787584	1	31623667	31625346	2	-1.9701
USAGE_p_TCGA_132_133_136_SNP_N_GenomeWideSNP_6_B09_787584	1	31625389	33679538	916	0.0649
USAGE_p_TCGA_132_133_136_SNP_N_GenomeWideSNP_6_B09_787584	1	33685145	35091638	1041	-0.2653
USAGE_p_TCGA_132_133_136_SNP_N_GenomeWideSNP_6_B09_787584	1	35091674	71065311	22822	0.0585
USAGE_p_TCGA_132_133_136_SNP_N_GenomeWideSNP_6_B09_787584	1	71066843	71068143	4	-1.3385
USAGE_p_TCGA_132_133_136_SNP_N_GenomeWideSNP_6_B09_787584	1	71069107	72768916	1060	0.025
USAGE_p_TCGA_132_133_136_SNP_N_GenomeWideSNP_6_B09_787584	1	72768936	72811133	44	-1.2203
USAGE_p_TCGA_132_133_136_SNP_N_GenomeWideSNP_6_B09_787584	1	72811148	104221631	20095	0.0433
USAGE_p_TCGA_132_133_136_SNP_N_GenomeWideSNP_6_B09_787584	1	104221647	104239986	11	-0.8683
USAGE_p_TCGA_132_133_136_SNP_N_GenomeWideSNP_6_B09_787584	1	104256880	106019205	932	0.0182
USAGE_p_TCGA_132_133_136_SNP_N_GenomeWideSNP_6_B09_787584	1	106019236	106022375	16	-1.8456
USAGE_p_TCGA_132_133_136_SNP_N_GenomeWideSNP_6_B09_787584	1	106024055	111376220	3525	0.0524
USAGE_p_TCGA_132_133_136_SNP_N_GenomeWideSNP_6_B09_787584	1	111377368	111395110	47	-0.5921
USAGE_p_TCGA_132_133_136_SNP_N_GenomeWideSNP_6_B09_787584	1	111395388	112690211	1067	0.0528
USAGE_p_TCGA_132_133_136_SNP_N_GenomeWideSNP_6_B09_787584	1	112690248	112697376	26	0.6546
USAGE_p_TCGA_132_133_136_SNP_N_GenomeWideSNP_6_B09_787584	1	112697390	144546946	5235	0.0627
USAGE_p_TCGA_132_133_136_SNP_N_GenomeWideSNP_6_B09_787584	1	144549929	144880109	20	-0.4613
USAGE_p_TCGA_132_133_136_SNP_N_GenomeWideSNP_6_B09_787584	1	144880155	152555527	2788	0.1141
USAGE_p_TCGA_132_133_136_SNP_N_GenomeWideSNP_6_B09_787584	1	152555706	152586540	33	-1.6018
USAGE_p_TCGA_132_133_136_SNP_N_GenomeWideSNP_6_B09_787584	1	152586576	152761923	174	0.1221
USAGE_p_TCGA_132_133_136_SNP_N_GenomeWideSNP_6_B09_787584	1	152761939	152762903	15	-0.3548
USAGE_p_TCGA_132_133_136_SNP_N_GenomeWideSNP_6_B09_787584	1	152762978	169216937	11366	0.247
USAGE_p_TCGA_132_133_136_SNP_N_GenomeWideSNP_6_B09_787584	1	169233974	169241766	7	-2.0189
USAGE_p_TCGA_132_133_136_SNP_N_GenomeWideSNP_6_B09_787584	1	169242401	188087132	12467	0.2851
USAGE_p_TCGA_132_133_136_SNP_N_GenomeWideSNP_6_B09_787584	1	188088092	190278263	1482	0.5993
USAGE_p_TCGA_132_133_136_SNP_N_GenomeWideSNP_6_B09_787584	1	190279902	191947774	1022	0.3145
USAGE_p_TCGA_132_133_136_SNP_N_GenomeWideSNP_6_B09_787584	1	191948879	192211536	149	0.6141
USAGE_p_TCGA_132_133_136_SNP_N_GenomeWideSNP_6_B09_787584	1	192211842	193155792	687	0.3246
USAGE_p_TCGA_132_133_136_SNP_N_GenomeWideSNP_6_B09_787584	1	193156279	193156348	4	-0.7067
USAGE_p_TCGA_132_133_136_SNP_N_GenomeWideSNP_6_B09_787584	1	193159723	196727850	2404	0.3086
USAGE_p_TCGA_132_133_136_SNP_N_GenomeWideSNP_6_B09_787584	1	196731035	196802002	91	-0.1025
USAGE_p_TCGA_132_133_136_SNP_N_GenomeWideSNP_6_B09_787584	1	196802072	201998531	3397	0.3408
USAGE_p_TCGA_132_133_136_SNP_N_GenomeWideSNP_6_B09_787584	1	202003155	202006288	2	-1.201
USAGE_p_TCGA_132_133_136_SNP_N_GenomeWideSNP_6_B09_787584	1	202008442	215723860	9268	0.3541
USAGE_p_TCGA_132_133_136_SNP_N_GenomeWideSNP_6_B09_787584	1	215724732	240391740	17362	0.6257
USAGE_p_TCGA_132_133_136_SNP_N_GenomeWideSNP_6_B09_787584	1	240394015	240394139	6	-1.0958
USAGE_p_TCGA_132_133_136_SNP_N_GenomeWideSNP_6_B09_787584	1	240396105	248688615	5749	0.6214
USAGE_p_TCGA_132_133_136_SNP_N_GenomeWideSNP_6_B09_787584	1	248697391	248797122	40	0.1812
USAGE_p_TCGA_132_133_136_SNP_N_GenomeWideSNP_6_B09_787584	1	248797213	249224388	146	0.648
USAGE_p_TCGA_132_133_136_SNP_N_GenomeWideSNP_6_B09_787584	2	12784	4198741	2982	0.0655
USAGE_p_TCGA_132_133_136_SNP_N_GenomeWideSNP_6_B09_787584	2	4199021	4224019	48	0.3611
USAGE_p_TCGA_132_133_136_SNP_N_GenomeWideSNP_6_B09_787584	2	4230062	8129338	3273	0.0631
USAGE_p_TCGA_132_133_136_SNP_N_GenomeWideSNP_6_B09_787584	2	8130885	8136618	7	-1.1096
USAGE_p_TCGA_132_133_136_SNP_N_GenomeWideSNP_6_B09_787584	2	8139924	29643332	14364	0.0785
USAGE_p_TCGA_132_133_136_SNP_N_GenomeWideSNP_6_B09_787584	2	29643885	29644222	5	-0.9667
USAGE_p_TCGA_132_133_136_SNP_N_GenomeWideSNP_6_B09_787584	2	29644595	34681494	3432	0.0818
USAGE_p_TCGA_132_133_136_SNP_N_GenomeWideSNP_6_B09_787584	2	34683290	34727867	47	-0.3664
USAGE_p_TCGA_132_133_136_SNP_N_GenomeWideSNP_6_B09_787584	2	34736513	35967123	874	0.059
USAGE_p_TCGA_132_133_136_SNP_N_GenomeWideSNP_6_B09_787584	2	35967385	35987916	9	0.8017
USAGE_p_TCGA_132_133_136_SNP_N_GenomeWideSNP_6_B09_787584	2	35987947	52754881	12173	0.0715
USAGE_p_TCGA_132_133_136_SNP_N_GenomeWideSNP_6_B09_787584	2	52758753	52781542	33	-0.3678
USAGE_p_TCGA_132_133_136_SNP_N_GenomeWideSNP_6_B09_787584	2	52787949	86937687	21947	0.0691
USAGE_p_TCGA_132_133_136_SNP_N_GenomeWideSNP_6_B09_787584	2	86953070	86953854	2	1.7173
USAGE_p_TCGA_132_133_136_SNP_N_GenomeWideSNP_6_B09_787584	2	86970406	87302107	76	0.1174
USAGE_p_TCGA_132_133_136_SNP_N_GenomeWideSNP_6_B09_787584	2	87306948	87309263	2	1.5413
USAGE_p_TCGA_132_133_136_SNP_N_GenomeWideSNP_6_B09_787584	2	87309834	87775787	144	0.0555
USAGE_p_TCGA_132_133_136_SNP_N_GenomeWideSNP_6_B09_787584	2	87775916	87787148	3	-1.0072
USAGE_p_TCGA_132_133_136_SNP_N_GenomeWideSNP_6_B09_787584	2	87788679	89583907	707	0.1313
USAGE_p_TCGA_132_133_136_SNP_N_GenomeWideSNP_6_B09_787584	2	89593755	90121364	81	-0.7502
USAGE_p_TCGA_132_133_136_SNP_N_GenomeWideSNP_6_B09_787584	2	90121415	90146784	28	-0.1547
USAGE_p_TCGA_132_133_136_SNP_N_GenomeWideSNP_6_B09_787584	2	90146907	90301264	62	-0.7628
USAGE_p_TCGA_132_133_136_SNP_N_GenomeWideSNP_6_B09_787584	2	90320708	97846850	996	0.0827
USAGE_p_TCGA_132_133_136_SNP_N_GenomeWideSNP_6_B09_787584	2	97846887	97876806	17	0.6812
USAGE_p_TCGA_132_133_136_SNP_N_GenomeWideSNP_6_B09_787584	2	97877001	98118212	26	0.0325
USAGE_p_TCGA_132_133_136_SNP_N_GenomeWideSNP_6_B09_787584	2	98140747	98161710	8	-1.0537
USAGE_p_TCGA_132_133_136_SNP_N_GenomeWideSNP_6_B09_787584	2	98162189	106874722	5582	0.0793
USAGE_p_TCGA_132_133_136_SNP_N_GenomeWideSNP_6_B09_787584	2	106880095	106885357	12	0.6763
USAGE_p_TCGA_132_133_136_SNP_N_GenomeWideSNP_6_B09_787584	2	106887255	114362015	3843	0.0688
USAGE_p_TCGA_132_133_136_SNP_N_GenomeWideSNP_6_B09_787584	2	114362414	114380821	3	1.1993
USAGE_p_TCGA_132_133_136_SNP_N_GenomeWideSNP_6_B09_787584	2	114383552	125430731	7079	0.0738
USAGE_p_TCGA_132_133_136_SNP_N_GenomeWideSNP_6_B09_787584	2	125430787	125438128	7	-0.9495
USAGE_p_TCGA_132_133_136_SNP_N_GenomeWideSNP_6_B09_787584	2	125439569	138945244	8156	0.0734
USAGE_p_TCGA_132_133_136_SNP_N_GenomeWideSNP_6_B09_787584	2	138946060	138971011	13	-0.6136
USAGE_p_TCGA_132_133_136_SNP_N_GenomeWideSNP_6_B09_787584	2	138971984	146865094	4863	0.0651
USAGE_p_TCGA_132_133_136_SNP_N_GenomeWideSNP_6_B09_787584	2	146865183	146866934	17	-1.7955
USAGE_p_TCGA_132_133_136_SNP_N_GenomeWideSNP_6_B09_787584	2	146877806	180419639	20529	0.0698
USAGE_p_TCGA_132_133_136_SNP_N_GenomeWideSNP_6_B09_787584	2	180419654	180421869	16	0.5485
USAGE_p_TCGA_132_133_136_SNP_N_GenomeWideSNP_6_B09_787584	2	180421888	201973700	12597	0.067
USAGE_p_TCGA_132_133_136_SNP_N_GenomeWideSNP_6_B09_787584	2	201976749	203663063	877	-0.2781
USAGE_p_TCGA_132_133_136_SNP_N_GenomeWideSNP_6_B09_787584	2	203668794	205349444	970	0.0348
USAGE_p_TCGA_132_133_136_SNP_N_GenomeWideSNP_6_B09_787584	2	205350809	206316335	705	-0.4057
USAGE_p_TCGA_132_133_136_SNP_N_GenomeWideSNP_6_B09_787584	2	206317208	206318593	2	-2.3554
USAGE_p_TCGA_132_133_136_SNP_N_GenomeWideSNP_6_B09_787584	2	206321026	206596663	202	-0.4107
USAGE_p_TCGA_132_133_136_SNP_N_GenomeWideSNP_6_B09_787584	2	206599205	208346062	1092	0.0636
USAGE_p_TCGA_132_133_136_SNP_N_GenomeWideSNP_6_B09_787584	2	208349934	208350262	5	0.8189
USAGE_p_TCGA_132_133_136_SNP_N_GenomeWideSNP_6_B09_787584	2	208350319	208359476	22	-0.1411
USAGE_p_TCGA_132_133_136_SNP_N_GenomeWideSNP_6_B09_787584	2	208359519	208359796	3	1.0739
USAGE_p_TCGA_132_133_136_SNP_N_GenomeWideSNP_6_B09_787584	2	208360146	209632716	815	0.0694
USAGE_p_TCGA_132_133_136_SNP_N_GenomeWideSNP_6_B09_787584	2	209633634	209648574	10	-0.5556
USAGE_p_TCGA_132_133_136_SNP_N_GenomeWideSNP_6_B09_787584	2	209654985	223161606	8747	0.0682
USAGE_p_TCGA_132_133_136_SNP_N_GenomeWideSNP_6_B09_787584	2	223161889	223215625	22	-0.4334
USAGE_p_TCGA_132_133_136_SNP_N_GenomeWideSNP_6_B09_787584	2	223219901	223263572	18	0.0587
USAGE_p_TCGA_132_133_136_SNP_N_GenomeWideSNP_6_B09_787584	2	223273313	224034735	521	-0.4128
USAGE_p_TCGA_132_133_136_SNP_N_GenomeWideSNP_6_B09_787584	2	224034799	238788057	9657	0.0757
USAGE_p_TCGA_132_133_136_SNP_N_GenomeWideSNP_6_B09_787584	2	238788083	239126258	179	-0.2538
USAGE_p_TCGA_132_133_136_SNP_N_GenomeWideSNP_6_B09_787584	2	239127909	243089456	2178	0.0814
USAGE_p_TCGA_132_133_136_SNP_N_GenomeWideSNP_6_B09_787584	3	60345	6645601	5844	0.0736
USAGE_p_TCGA_132_133_136_SNP_N_GenomeWideSNP_6_B09_787584	3	6646543	6652676	18	-0.5627
USAGE_p_TCGA_132_133_136_SNP_N_GenomeWideSNP_6_B09_787584	3	6653068	18849105	8659	0.0895
USAGE_p_TCGA_132_133_136_SNP_N_GenomeWideSNP_6_B09_787584	3	18854742	26246413	5298	-0.3962
USAGE_p_TCGA_132_133_136_SNP_N_GenomeWideSNP_6_B09_787584	3	26246575	26247418	3	-2.0949
USAGE_p_TCGA_132_133_136_SNP_N_GenomeWideSNP_6_B09_787584	3	26247467	26426191	109	-0.4874
USAGE_p_TCGA_132_133_136_SNP_N_GenomeWideSNP_6_B09_787584	3	26434124	26434901	4	-2.1313
USAGE_p_TCGA_132_133_136_SNP_N_GenomeWideSNP_6_B09_787584	3	26439343	68732028	27870	-0.4073
USAGE_p_TCGA_132_133_136_SNP_N_GenomeWideSNP_6_B09_787584	3	68746164	68748786	17	0.3677
USAGE_p_TCGA_132_133_136_SNP_N_GenomeWideSNP_6_B09_787584	3	68748945	80190891	7547	-0.408
USAGE_p_TCGA_132_133_136_SNP_N_GenomeWideSNP_6_B09_787584	3	80191857	98937784	8401	0.0817
USAGE_p_TCGA_132_133_136_SNP_N_GenomeWideSNP_6_B09_787584	3	98944458	98945299	14	-1.2647
USAGE_p_TCGA_132_133_136_SNP_N_GenomeWideSNP_6_B09_787584	3	98945395	98949056	13	-3.1012
USAGE_p_TCGA_132_133_136_SNP_N_GenomeWideSNP_6_B09_787584	3	98949069	98949314	10	-1.3187
USAGE_p_TCGA_132_133_136_SNP_N_GenomeWideSNP_6_B09_787584	3	98949421	129760622	18753	0.0847
USAGE_p_TCGA_132_133_136_SNP_N_GenomeWideSNP_6_B09_787584	3	129761124	129808555	58	0.4966
USAGE_p_TCGA_132_133_136_SNP_N_GenomeWideSNP_6_B09_787584	3	129808811	162508192	20287	0.0833
USAGE_p_TCGA_132_133_136_SNP_N_GenomeWideSNP_6_B09_787584	3	162508268	162598860	54	0.4349
USAGE_p_TCGA_132_133_136_SNP_N_GenomeWideSNP_6_B09_787584	3	162599067	162714517	88	0.0261
USAGE_p_TCGA_132_133_136_SNP_N_GenomeWideSNP_6_B09_787584	3	162717727	162719562	2	-2.6985
USAGE_p_TCGA_132_133_136_SNP_N_GenomeWideSNP_6_B09_787584	3	162726159	192878045	19129	0.0796
USAGE_p_TCGA_132_133_136_SNP_N_GenomeWideSNP_6_B09_787584	3	192878195	192882903	17	-1.0942
USAGE_p_TCGA_132_133_136_SNP_N_GenomeWideSNP_6_B09_787584	3	192886435	197896118	2708	0.0981
USAGE_p_TCGA_132_133_136_SNP_N_GenomeWideSNP_6_B09_787584	4	12281	3469654	1456	0.0926
USAGE_p_TCGA_132_133_136_SNP_N_GenomeWideSNP_6_B09_787584	4	3472162	3472322	2	-1.5544
USAGE_p_TCGA_132_133_136_SNP_N_GenomeWideSNP_6_B09_787584	4	3472366	10214160	4344	0.1032
USAGE_p_TCGA_132_133_136_SNP_N_GenomeWideSNP_6_B09_787584	4	10223416	10231498	28	-1.8568
USAGE_p_TCGA_132_133_136_SNP_N_GenomeWideSNP_6_B09_787584	4	10234214	44965196	23647	0.0756
USAGE_p_TCGA_132_133_136_SNP_N_GenomeWideSNP_6_B09_787584	4	44967004	45006312	45	0.95
USAGE_p_TCGA_132_133_136_SNP_N_GenomeWideSNP_6_B09_787584	4	45006335	69372003	12849	0.078
USAGE_p_TCGA_132_133_136_SNP_N_GenomeWideSNP_6_B09_787584	4	69374941	69484049	61	0.6276
USAGE_p_TCGA_132_133_136_SNP_N_GenomeWideSNP_6_B09_787584	4	69484087	70127652	334	0.1378
USAGE_p_TCGA_132_133_136_SNP_N_GenomeWideSNP_6_B09_787584	4	70128412	70231799	52	0.4577
USAGE_p_TCGA_132_133_136_SNP_N_GenomeWideSNP_6_B09_787584	4	70232022	126090168	33930	0.0807
USAGE_p_TCGA_132_133_136_SNP_N_GenomeWideSNP_6_B09_787584	4	126090503	127133292	663	0.3973
USAGE_p_TCGA_132_133_136_SNP_N_GenomeWideSNP_6_B09_787584	4	127139355	138092239	6076	0.0754
USAGE_p_TCGA_132_133_136_SNP_N_GenomeWideSNP_6_B09_787584	4	138092420	138095121	17	-0.5671
USAGE_p_TCGA_132_133_136_SNP_N_GenomeWideSNP_6_B09_787584	4	138108363	156968180	11693	0.0793
USAGE_p_TCGA_132_133_136_SNP_N_GenomeWideSNP_6_B09_787584	4	156968283	156968298	2	1.7537
USAGE_p_TCGA_132_133_136_SNP_N_GenomeWideSNP_6_B09_787584	4	156968473	172369346	9775	0.08
USAGE_p_TCGA_132_133_136_SNP_N_GenomeWideSNP_6_B09_787584	4	172374884	172377724	11	2.018
USAGE_p_TCGA_132_133_136_SNP_N_GenomeWideSNP_6_B09_787584	4	172377776	172989373	402	0.0582
USAGE_p_TCGA_132_133_136_SNP_N_GenomeWideSNP_6_B09_787584	4	172989408	172989519	6	0.9453
USAGE_p_TCGA_132_133_136_SNP_N_GenomeWideSNP_6_B09_787584	4	172989533	176334902	1880	0.0789
USAGE_p_TCGA_132_133_136_SNP_N_GenomeWideSNP_6_B09_787584	4	176336955	176433946	48	-0.4556
USAGE_p_TCGA_132_133_136_SNP_N_GenomeWideSNP_6_B09_787584	4	176434408	187080046	7589	0.0757
USAGE_p_TCGA_132_133_136_SNP_N_GenomeWideSNP_6_B09_787584	4	187080317	187381923	233	-0.4049
USAGE_p_TCGA_132_133_136_SNP_N_GenomeWideSNP_6_B09_787584	4	187383865	187624912	163	0.0724
USAGE_p_TCGA_132_133_136_SNP_N_GenomeWideSNP_6_B09_787584	4	187628398	187936582	248	-0.3547
USAGE_p_TCGA_132_133_136_SNP_N_GenomeWideSNP_6_B09_787584	4	187942721	188184733	172	0.0823
USAGE_p_TCGA_132_133_136_SNP_N_GenomeWideSNP_6_B09_787584	4	188188820	188981452	476	-0.4341
USAGE_p_TCGA_132_133_136_SNP_N_GenomeWideSNP_6_B09_787584	4	188982212	191027923	1320	0.0816
USAGE_p_TCGA_132_133_136_SNP_N_GenomeWideSNP_6_B09_787584	5	15532	3060911	2004	0.0827
USAGE_p_TCGA_132_133_136_SNP_N_GenomeWideSNP_6_B09_787584	5	3061028	3061892	4	-1.6169
USAGE_p_TCGA_132_133_136_SNP_N_GenomeWideSNP_6_B09_787584	5	3063438	5679325	2404	0.0761
USAGE_p_TCGA_132_133_136_SNP_N_GenomeWideSNP_6_B09_787584	5	5679339	5693272	41	-0.2068
USAGE_p_TCGA_132_133_136_SNP_N_GenomeWideSNP_6_B09_787584	5	5694114	46251306	26366	0.08
USAGE_p_TCGA_132_133_136_SNP_N_GenomeWideSNP_6_B09_787584	5	46271008	46273502	8	-2.0731
USAGE_p_TCGA_132_133_136_SNP_N_GenomeWideSNP_6_B09_787584	5	46278212	57321646	5081	0.0802
USAGE_p_TCGA_132_133_136_SNP_N_GenomeWideSNP_6_B09_787584	5	57326027	57333533	32	1.8356
USAGE_p_TCGA_132_133_136_SNP_N_GenomeWideSNP_6_B09_787584	5	57338357	69074991	7308	0.0852
USAGE_p_TCGA_132_133_136_SNP_N_GenomeWideSNP_6_B09_787584	5	69117923	69313688	6	-0.9316
USAGE_p_TCGA_132_133_136_SNP_N_GenomeWideSNP_6_B09_787584	5	70178835	98785464	16619	0.0769
USAGE_p_TCGA_132_133_136_SNP_N_GenomeWideSNP_6_B09_787584	5	98786131	98786739	4	-1.5594
USAGE_p_TCGA_132_133_136_SNP_N_GenomeWideSNP_6_B09_787584	5	98789164	179069211	52334	0.0804
USAGE_p_TCGA_132_133_136_SNP_N_GenomeWideSNP_6_B09_787584	5	179082473	179086103	13	1.0287
USAGE_p_TCGA_132_133_136_SNP_N_GenomeWideSNP_6_B09_787584	5	179086245	180790320	931	0.0679
USAGE_p_TCGA_132_133_136_SNP_N_GenomeWideSNP_6_B09_787584	6	149661	323084	133	0.0342
USAGE_p_TCGA_132_133_136_SNP_N_GenomeWideSNP_6_B09_787584	6	323326	364982	58	0.3629
USAGE_p_TCGA_132_133_136_SNP_N_GenomeWideSNP_6_B09_787584	6	365138	6026211	4669	0.0786
USAGE_p_TCGA_132_133_136_SNP_N_GenomeWideSNP_6_B09_787584	6	6033931	6034436	3	-2.8692
USAGE_p_TCGA_132_133_136_SNP_N_GenomeWideSNP_6_B09_787584	6	6037045	8830367	2277	0.0887
USAGE_p_TCGA_132_133_136_SNP_N_GenomeWideSNP_6_B09_787584	6	8832274	8832745	2	-1.7082
USAGE_p_TCGA_132_133_136_SNP_N_GenomeWideSNP_6_B09_787584	6	8834951	29837072	14607	0.0813
USAGE_p_TCGA_132_133_136_SNP_N_GenomeWideSNP_6_B09_787584	6	29837187	29874808	24	1.2996
USAGE_p_TCGA_132_133_136_SNP_N_GenomeWideSNP_6_B09_787584	6	29876959	31287222	668	0.0775
USAGE_p_TCGA_132_133_136_SNP_N_GenomeWideSNP_6_B09_787584	6	31287501	31296451	6	-1.9892
USAGE_p_TCGA_132_133_136_SNP_N_GenomeWideSNP_6_B09_787584	6	31309924	31353417	60	-0.0595
USAGE_p_TCGA_132_133_136_SNP_N_GenomeWideSNP_6_B09_787584	6	31353541	31451476	90	0.5805
USAGE_p_TCGA_132_133_136_SNP_N_GenomeWideSNP_6_B09_787584	6	31455834	32448129	354	0.0029
USAGE_p_TCGA_132_133_136_SNP_N_GenomeWideSNP_6_B09_787584	6	32449050	32578082	42	0.8481
USAGE_p_TCGA_132_133_136_SNP_N_GenomeWideSNP_6_B09_787584	6	32578970	53931067	13770	0.095
USAGE_p_TCGA_132_133_136_SNP_N_GenomeWideSNP_6_B09_787584	6	53931084	53931855	8	1.098
USAGE_p_TCGA_132_133_136_SNP_N_GenomeWideSNP_6_B09_787584	6	53935348	57330883	2026	0.0659
USAGE_p_TCGA_132_133_136_SNP_N_GenomeWideSNP_6_B09_787584	6	57337726	58071377	297	-0.3039
USAGE_p_TCGA_132_133_136_SNP_N_GenomeWideSNP_6_B09_787584	6	58082096	61984910	272	0.0758
USAGE_p_TCGA_132_133_136_SNP_N_GenomeWideSNP_6_B09_787584	6	61986591	62206374	69	-0.3699
USAGE_p_TCGA_132_133_136_SNP_N_GenomeWideSNP_6_B09_787584	6	62206611	62240872	14	0.0324
USAGE_p_TCGA_132_133_136_SNP_N_GenomeWideSNP_6_B09_787584	6	62240976	62297132	57	0.3955
USAGE_p_TCGA_132_133_136_SNP_N_GenomeWideSNP_6_B09_787584	6	62306408	62362456	53	-0.4366
USAGE_p_TCGA_132_133_136_SNP_N_GenomeWideSNP_6_B09_787584	6	62362625	70429270	5016	0.0606
USAGE_p_TCGA_132_133_136_SNP_N_GenomeWideSNP_6_B09_787584	6	70431451	74591858	2710	-0.4049
USAGE_p_TCGA_132_133_136_SNP_N_GenomeWideSNP_6_B09_787584	6	74592225	74601410	10	0.6335
USAGE_p_TCGA_132_133_136_SNP_N_GenomeWideSNP_6_B09_787584	6	74603555	78962626	2765	-0.4142
USAGE_p_TCGA_132_133_136_SNP_N_GenomeWideSNP_6_B09_787584	6	78962874	79041773	119	-0.0383
USAGE_p_TCGA_132_133_136_SNP_N_GenomeWideSNP_6_B09_787584	6	79041809	107577164	17997	-0.406
USAGE_p_TCGA_132_133_136_SNP_N_GenomeWideSNP_6_B09_787584	6	107580940	114395754	4307	0.0798
USAGE_p_TCGA_132_133_136_SNP_N_GenomeWideSNP_6_B09_787584	6	114396505	131182186	10189	-0.4058
USAGE_p_TCGA_132_133_136_SNP_N_GenomeWideSNP_6_B09_787584	6	131183519	132011994	504	-1.1546
USAGE_p_TCGA_132_133_136_SNP_N_GenomeWideSNP_6_B09_787584	6	132027097	160304072	18902	-0.4122
USAGE_p_TCGA_132_133_136_SNP_N_GenomeWideSNP_6_B09_787584	6	160304593	161010676	510	0.0835
USAGE_p_TCGA_132_133_136_SNP_N_GenomeWideSNP_6_B09_787584	6	161010766	163726229	2156	-0.4178
USAGE_p_TCGA_132_133_136_SNP_N_GenomeWideSNP_6_B09_787584	6	163726426	163746114	30	0.0545
USAGE_p_TCGA_132_133_136_SNP_N_GenomeWideSNP_6_B09_787584	6	163752267	164369451	479	-0.3964
USAGE_p_TCGA_132_133_136_SNP_N_GenomeWideSNP_6_B09_787584	6	164370329	164601202	224	0.0722
USAGE_p_TCGA_132_133_136_SNP_N_GenomeWideSNP_6_B09_787584	6	164605115	165458571	596	-0.4359
USAGE_p_TCGA_132_133_136_SNP_N_GenomeWideSNP_6_B09_787584	6	165458739	165512254	35	0.0155
USAGE_p_TCGA_132_133_136_SNP_N_GenomeWideSNP_6_B09_787584	6	165520199	169290484	2609	-0.4434
USAGE_p_TCGA_132_133_136_SNP_N_GenomeWideSNP_6_B09_787584	6	169290551	169294023	5	-1.7577
USAGE_p_TCGA_132_133_136_SNP_N_GenomeWideSNP_6_B09_787584	6	169298247	171051005	1166	-0.4162
USAGE_p_TCGA_132_133_136_SNP_N_GenomeWideSNP_6_B09_787584	7	43355	141763124	87430	0.0686
USAGE_p_TCGA_132_133_136_SNP_N_GenomeWideSNP_6_B09_787584	7	141769643	141787241	27	-0.6343
USAGE_p_TCGA_132_133_136_SNP_N_GenomeWideSNP_6_B09_787584	7	141787273	154389895	7824	0.0771
USAGE_p_TCGA_132_133_136_SNP_N_GenomeWideSNP_6_B09_787584	7	154393171	154397079	3	-2.1126
USAGE_p_TCGA_132_133_136_SNP_N_GenomeWideSNP_6_B09_787584	7	154399613	155782112	1162	0.0856
USAGE_p_TCGA_132_133_136_SNP_N_GenomeWideSNP_6_B09_787584	7	155787867	156746160	628	-0.2416
USAGE_p_TCGA_132_133_136_SNP_N_GenomeWideSNP_6_B09_787584	7	156747895	159127004	1458	0.0938
USAGE_p_TCGA_132_133_136_SNP_N_GenomeWideSNP_6_B09_787584	8	31254	593041	327	-0.4315
USAGE_p_TCGA_132_133_136_SNP_N_GenomeWideSNP_6_B09_787584	8	594944	595908	10	1.6642
USAGE_p_TCGA_132_133_136_SNP_N_GenomeWideSNP_6_B09_787584	8	601043	9067807	8651	-0.4351
USAGE_p_TCGA_132_133_136_SNP_N_GenomeWideSNP_6_B09_787584	8	9067827	9073921	10	-1.4773
USAGE_p_TCGA_132_133_136_SNP_N_GenomeWideSNP_6_B09_787584	8	9075279	11949551	2279	-0.4409
USAGE_p_TCGA_132_133_136_SNP_N_GenomeWideSNP_6_B09_787584	8	11987726	12001123	6	-1.906
USAGE_p_TCGA_132_133_136_SNP_N_GenomeWideSNP_6_B09_787584	8	12034307	12263749	52	0.2408
USAGE_p_TCGA_132_133_136_SNP_N_GenomeWideSNP_6_B09_787584	8	12264554	33854650	16590	-0.4141
USAGE_p_TCGA_132_133_136_SNP_N_GenomeWideSNP_6_B09_787584	8	33854699	39230659	2944	0.0858
USAGE_p_TCGA_132_133_136_SNP_N_GenomeWideSNP_6_B09_787584	8	39235603	39395109	65	0.7573
USAGE_p_TCGA_132_133_136_SNP_N_GenomeWideSNP_6_B09_787584	8	39395857	72215311	17911	0.0787
USAGE_p_TCGA_132_133_136_SNP_N_GenomeWideSNP_6_B09_787584	8	72215364	72216599	8	-0.7549
USAGE_p_TCGA_132_133_136_SNP_N_GenomeWideSNP_6_B09_787584	8	72219863	85257989	7971	0.078
USAGE_p_TCGA_132_133_136_SNP_N_GenomeWideSNP_6_B09_787584	8	85262883	85268651	18	-0.4169
USAGE_p_TCGA_132_133_136_SNP_N_GenomeWideSNP_6_B09_787584	8	85268666	108959303	14287	0.0801
USAGE_p_TCGA_132_133_136_SNP_N_GenomeWideSNP_6_B09_787584	8	108962858	109701937	437	-0.4207
USAGE_p_TCGA_132_133_136_SNP_N_GenomeWideSNP_6_B09_787584	8	109703804	109817103	75	0.0811
USAGE_p_TCGA_132_133_136_SNP_N_GenomeWideSNP_6_B09_787584	8	109817527	109818080	2	1.5598
USAGE_p_TCGA_132_133_136_SNP_N_GenomeWideSNP_6_B09_787584	8	109818339	112291494	1345	0.0576
USAGE_p_TCGA_132_133_136_SNP_N_GenomeWideSNP_6_B09_787584	8	112294279	112295038	6	1.1086
USAGE_p_TCGA_132_133_136_SNP_N_GenomeWideSNP_6_B09_787584	8	112295081	112295260	4	3.0933
USAGE_p_TCGA_132_133_136_SNP_N_GenomeWideSNP_6_B09_787584	8	112300281	115634554	1832	0.0769
USAGE_p_TCGA_132_133_136_SNP_N_GenomeWideSNP_6_B09_787584	8	115634653	115641731	33	-0.5386
USAGE_p_TCGA_132_133_136_SNP_N_GenomeWideSNP_6_B09_787584	8	115650697	146298155	21079	0.0872
USAGE_p_TCGA_132_133_136_SNP_N_GenomeWideSNP_6_B09_787584	9	46587	22257184	19751	0.0799
USAGE_p_TCGA_132_133_136_SNP_N_GenomeWideSNP_6_B09_787584	9	22258915	22430804	107	-0.2996
USAGE_p_TCGA_132_133_136_SNP_N_GenomeWideSNP_6_B09_787584	9	22430975	22647014	140	0.071
USAGE_p_TCGA_132_133_136_SNP_N_GenomeWideSNP_6_B09_787584	9	22653184	22899686	158	-0.3701
USAGE_p_TCGA_132_133_136_SNP_N_GenomeWideSNP_6_B09_787584	9	22902231	22929988	28	0.0994
USAGE_p_TCGA_132_133_136_SNP_N_GenomeWideSNP_6_B09_787584	9	22934249	23243309	211	-0.4544
USAGE_p_TCGA_132_133_136_SNP_N_GenomeWideSNP_6_B09_787584	9	23245563	23363115	75	0.1023
USAGE_p_TCGA_132_133_136_SNP_N_GenomeWideSNP_6_B09_787584	9	23363933	23373484	7	0.9161
USAGE_p_TCGA_132_133_136_SNP_N_GenomeWideSNP_6_B09_787584	9	23378488	29509448	4628	0.0744
USAGE_p_TCGA_132_133_136_SNP_N_GenomeWideSNP_6_B09_787584	9	29511504	29753472	179	-0.421
USAGE_p_TCGA_132_133_136_SNP_N_GenomeWideSNP_6_B09_787584	9	29754756	29856953	79	0.1534
USAGE_p_TCGA_132_133_136_SNP_N_GenomeWideSNP_6_B09_787584	9	29866026	29867259	4	-1.1587
USAGE_p_TCGA_132_133_136_SNP_N_GenomeWideSNP_6_B09_787584	9	29869983	29874704	3	-0.422
USAGE_p_TCGA_132_133_136_SNP_N_GenomeWideSNP_6_B09_787584	9	29875103	38989378	5844	0.0838
USAGE_p_TCGA_132_133_136_SNP_N_GenomeWideSNP_6_B09_787584	9	38994130	39140347	25	-0.3692
USAGE_p_TCGA_132_133_136_SNP_N_GenomeWideSNP_6_B09_787584	9	39146299	39146318	2	-2.155
USAGE_p_TCGA_132_133_136_SNP_N_GenomeWideSNP_6_B09_787584	9	39158785	67900045	422	0.1384
USAGE_p_TCGA_132_133_136_SNP_N_GenomeWideSNP_6_B09_787584	9	67983187	68176166	11	0.7281
USAGE_p_TCGA_132_133_136_SNP_N_GenomeWideSNP_6_B09_787584	9	68183978	77908335	5152	0.0746
USAGE_p_TCGA_132_133_136_SNP_N_GenomeWideSNP_6_B09_787584	9	77913599	78402231	389	-0.3704
USAGE_p_TCGA_132_133_136_SNP_N_GenomeWideSNP_6_B09_787584	9	78404867	80373087	1642	0.0705
USAGE_p_TCGA_132_133_136_SNP_N_GenomeWideSNP_6_B09_787584	9	80381052	83156777	1963	-0.4078
USAGE_p_TCGA_132_133_136_SNP_N_GenomeWideSNP_6_B09_787584	9	83157366	86973500	2668	0.0842
USAGE_p_TCGA_132_133_136_SNP_N_GenomeWideSNP_6_B09_787584	9	86975499	107364969	13904	-0.4022
USAGE_p_TCGA_132_133_136_SNP_N_GenomeWideSNP_6_B09_787584	9	107365056	107365110	2	1.7482
USAGE_p_TCGA_132_133_136_SNP_N_GenomeWideSNP_6_B09_787584	9	107365128	125869567	14052	-0.4075
USAGE_p_TCGA_132_133_136_SNP_N_GenomeWideSNP_6_B09_787584	9	125870128	141091394	8438	0.0998
USAGE_p_TCGA_132_133_136_SNP_N_GenomeWideSNP_6_B09_787584	10	72759	2355489	1742	0.0599
USAGE_p_TCGA_132_133_136_SNP_N_GenomeWideSNP_6_B09_787584	10	2357121	2357570	3	-2.2361
USAGE_p_TCGA_132_133_136_SNP_N_GenomeWideSNP_6_B09_787584	10	2360003	24375263	17500	0.0794
USAGE_p_TCGA_132_133_136_SNP_N_GenomeWideSNP_6_B09_787584	10	24377674	24378054	11	-2.1513
USAGE_p_TCGA_132_133_136_SNP_N_GenomeWideSNP_6_B09_787584	10	24378908	46253045	12321	0.0804
USAGE_p_TCGA_132_133_136_SNP_N_GenomeWideSNP_6_B09_787584	10	46256781	47545906	194	0.4342
USAGE_p_TCGA_132_133_136_SNP_N_GenomeWideSNP_6_B09_787584	10	47546130	55108129	4392	0.0624
USAGE_p_TCGA_132_133_136_SNP_N_GenomeWideSNP_6_B09_787584	10	55119025	55119521	6	-0.7906
USAGE_p_TCGA_132_133_136_SNP_N_GenomeWideSNP_6_B09_787584	10	55119720	66126890	7767	0.0389
USAGE_p_TCGA_132_133_136_SNP_N_GenomeWideSNP_6_B09_787584	10	66131328	66143864	10	-0.7564
USAGE_p_TCGA_132_133_136_SNP_N_GenomeWideSNP_6_B09_787584	10	66150463	67308030	817	0.0666
USAGE_p_TCGA_132_133_136_SNP_N_GenomeWideSNP_6_B09_787584	10	67308591	67326184	29	0.5565
USAGE_p_TCGA_132_133_136_SNP_N_GenomeWideSNP_6_B09_787584	10	67326694	90938673	15862	0.0749
USAGE_p_TCGA_132_133_136_SNP_N_GenomeWideSNP_6_B09_787584	10	90942967	90950094	13	-0.733
USAGE_p_TCGA_132_133_136_SNP_N_GenomeWideSNP_6_B09_787584	10	90950406	95372209	2813	0.087
USAGE_p_TCGA_132_133_136_SNP_N_GenomeWideSNP_6_B09_787584	10	95373366	95771829	286	0.4068
USAGE_p_TCGA_132_133_136_SNP_N_GenomeWideSNP_6_B09_787584	10	95772167	107614198	7122	0.0879
USAGE_p_TCGA_132_133_136_SNP_N_GenomeWideSNP_6_B09_787584	10	107617117	107690520	83	-0.855
USAGE_p_TCGA_132_133_136_SNP_N_GenomeWideSNP_6_B09_787584	10	107694716	117023831	6669	0.0839
USAGE_p_TCGA_132_133_136_SNP_N_GenomeWideSNP_6_B09_787584	10	117023987	117564534	340	-0.2075
USAGE_p_TCGA_132_133_136_SNP_N_GenomeWideSNP_6_B09_787584	10	117567053	122546404	3597	0.0876
USAGE_p_TCGA_132_133_136_SNP_N_GenomeWideSNP_6_B09_787584	10	122547196	123679684	1116	-0.4111
USAGE_p_TCGA_132_133_136_SNP_N_GenomeWideSNP_6_B09_787584	10	123681473	123918935	171	0.092
USAGE_p_TCGA_132_133_136_SNP_N_GenomeWideSNP_6_B09_787584	10	123920784	124126761	179	-0.2543
USAGE_p_TCGA_132_133_136_SNP_N_GenomeWideSNP_6_B09_787584	10	124128690	124513498	243	-0.8753
USAGE_p_TCGA_132_133_136_SNP_N_GenomeWideSNP_6_B09_787584	10	124513569	125647207	932	-0.4074
USAGE_p_TCGA_132_133_136_SNP_N_GenomeWideSNP_6_B09_787584	10	125649804	126675365	576	0.0907
USAGE_p_TCGA_132_133_136_SNP_N_GenomeWideSNP_6_B09_787584	10	126675370	127350486	477	-0.4013
USAGE_p_TCGA_132_133_136_SNP_N_GenomeWideSNP_6_B09_787584	10	127352026	130597678	2506	0.0937
USAGE_p_TCGA_132_133_136_SNP_N_GenomeWideSNP_6_B09_787584	10	130601602	130644981	40	-0.3573
USAGE_p_TCGA_132_133_136_SNP_N_GenomeWideSNP_6_B09_787584	10	130645772	135506704	3285	0.0605
USAGE_p_TCGA_132_133_136_SNP_N_GenomeWideSNP_6_B09_787584	11	198510	4967650	2478	0.0862
USAGE_p_TCGA_132_133_136_SNP_N_GenomeWideSNP_6_B09_787584	11	4968117	4976272	31	0.8224
USAGE_p_TCGA_132_133_136_SNP_N_GenomeWideSNP_6_B09_787584	11	4976334	5783923	794	0.0941
USAGE_p_TCGA_132_133_136_SNP_N_GenomeWideSNP_6_B09_787584	11	5787405	5809048	32	-0.5503
USAGE_p_TCGA_132_133_136_SNP_N_GenomeWideSNP_6_B09_787584	11	5809139	18940870	9427	0.0869
USAGE_p_TCGA_132_133_136_SNP_N_GenomeWideSNP_6_B09_787584	11	18949072	18961329	44	0.8767
USAGE_p_TCGA_132_133_136_SNP_N_GenomeWideSNP_6_B09_787584	11	18961340	48598422	20637	0.0777
USAGE_p_TCGA_132_133_136_SNP_N_GenomeWideSNP_6_B09_787584	11	48601434	48602676	2	1.8455
USAGE_p_TCGA_132_133_136_SNP_N_GenomeWideSNP_6_B09_787584	11	48606318	89146671	21025	0.0841
USAGE_p_TCGA_132_133_136_SNP_N_GenomeWideSNP_6_B09_787584	11	89149143	129752177	28659	-0.4028
USAGE_p_TCGA_132_133_136_SNP_N_GenomeWideSNP_6_B09_787584	11	129756694	130983890	820	0.0786
USAGE_p_TCGA_132_133_136_SNP_N_GenomeWideSNP_6_B09_787584	11	130983992	130984121	2	-1.5207
USAGE_p_TCGA_132_133_136_SNP_N_GenomeWideSNP_6_B09_787584	11	130984207	134944770	3160	0.0772
USAGE_p_TCGA_132_133_136_SNP_N_GenomeWideSNP_6_B09_787584	12	150442	266817	63	-0.5177
USAGE_p_TCGA_132_133_136_SNP_N_GenomeWideSNP_6_B09_787584	12	268354	271412	2	-2.221
USAGE_p_TCGA_132_133_136_SNP_N_GenomeWideSNP_6_B09_787584	12	275017	8097433	5347	-0.3966
USAGE_p_TCGA_132_133_136_SNP_N_GenomeWideSNP_6_B09_787584	12	8103368	8296684	109	0.4418
USAGE_p_TCGA_132_133_136_SNP_N_GenomeWideSNP_6_B09_787584	12	8299832	9630556	671	-0.3758
USAGE_p_TCGA_132_133_136_SNP_N_GenomeWideSNP_6_B09_787584	12	9633870	9734970	27	0.3278
USAGE_p_TCGA_132_133_136_SNP_N_GenomeWideSNP_6_B09_787584	12	9735686	10370161	482	-0.4093
USAGE_p_TCGA_132_133_136_SNP_N_GenomeWideSNP_6_B09_787584	12	10370707	10704691	209	0.0921
USAGE_p_TCGA_132_133_136_SNP_N_GenomeWideSNP_6_B09_787584	12	10705382	11692688	637	-0.3549
USAGE_p_TCGA_132_133_136_SNP_N_GenomeWideSNP_6_B09_787584	12	11693593	12634196	819	0.0971
USAGE_p_TCGA_132_133_136_SNP_N_GenomeWideSNP_6_B09_787584	12	12635169	25036332	8290	-0.4097
USAGE_p_TCGA_132_133_136_SNP_N_GenomeWideSNP_6_B09_787584	12	25040125	25628185	563	0.3829
USAGE_p_TCGA_132_133_136_SNP_N_GenomeWideSNP_6_B09_787584	12	25629299	25800736	140	0.0712
USAGE_p_TCGA_132_133_136_SNP_N_GenomeWideSNP_6_B09_787584	12	25800760	25811110	7	0.3761
USAGE_p_TCGA_132_133_136_SNP_N_GenomeWideSNP_6_B09_787584	12	25811125	27014077	889	-0.4165
USAGE_p_TCGA_132_133_136_SNP_N_GenomeWideSNP_6_B09_787584	12	27016565	33294660	4598	0.0714
USAGE_p_TCGA_132_133_136_SNP_N_GenomeWideSNP_6_B09_787584	12	33301406	33307078	26	-0.4153
USAGE_p_TCGA_132_133_136_SNP_N_GenomeWideSNP_6_B09_787584	12	33307374	33962668	452	0.0853
USAGE_p_TCGA_132_133_136_SNP_N_GenomeWideSNP_6_B09_787584	12	33966496	34250696	139	-0.3401
USAGE_p_TCGA_132_133_136_SNP_N_GenomeWideSNP_6_B09_787584	12	34256709	34275406	11	-1.8526
USAGE_p_TCGA_132_133_136_SNP_N_GenomeWideSNP_6_B09_787584	12	34275794	34683348	161	-0.353
USAGE_p_TCGA_132_133_136_SNP_N_GenomeWideSNP_6_B09_787584	12	34697246	37976972	81	-0.0367
USAGE_p_TCGA_132_133_136_SNP_N_GenomeWideSNP_6_B09_787584	12	37982640	38053650	12	0.733
USAGE_p_TCGA_132_133_136_SNP_N_GenomeWideSNP_6_B09_787584	12	38053985	45899825	4770	0.0706
USAGE_p_TCGA_132_133_136_SNP_N_GenomeWideSNP_6_B09_787584	12	45904438	45909537	4	-2.1055
USAGE_p_TCGA_132_133_136_SNP_N_GenomeWideSNP_6_B09_787584	12	45913292	48725042	1719	0.0793
USAGE_p_TCGA_132_133_136_SNP_N_GenomeWideSNP_6_B09_787584	12	48725239	48725415	3	-1.5446
USAGE_p_TCGA_132_133_136_SNP_N_GenomeWideSNP_6_B09_787584	12	48730036	76236662	16851	0.0746
USAGE_p_TCGA_132_133_136_SNP_N_GenomeWideSNP_6_B09_787584	12	76236777	76238855	3	-1.5244
USAGE_p_TCGA_132_133_136_SNP_N_GenomeWideSNP_6_B09_787584	12	76238997	91358908	9300	0.0761
USAGE_p_TCGA_132_133_136_SNP_N_GenomeWideSNP_6_B09_787584	12	91362187	91745587	256	-0.4146
USAGE_p_TCGA_132_133_136_SNP_N_GenomeWideSNP_6_B09_787584	12	91747870	105459583	9341	0.0784
USAGE_p_TCGA_132_133_136_SNP_N_GenomeWideSNP_6_B09_787584	12	105461423	107159470	1293	-0.406
USAGE_p_TCGA_132_133_136_SNP_N_GenomeWideSNP_6_B09_787584	12	107159989	112277576	2969	0.091
USAGE_p_TCGA_132_133_136_SNP_N_GenomeWideSNP_6_B09_787584	12	112281013	112314335	12	0.6669
USAGE_p_TCGA_132_133_136_SNP_N_GenomeWideSNP_6_B09_787584	12	112314714	123599949	7401	0.0856
USAGE_p_TCGA_132_133_136_SNP_N_GenomeWideSNP_6_B09_787584	12	123600175	123661449	23	-0.4195
USAGE_p_TCGA_132_133_136_SNP_N_GenomeWideSNP_6_B09_787584	12	123673952	123758235	28	0.1212
USAGE_p_TCGA_132_133_136_SNP_N_GenomeWideSNP_6_B09_787584	12	123763236	123906760	55	-0.3904
USAGE_p_TCGA_132_133_136_SNP_N_GenomeWideSNP_6_B09_787584	12	123912064	123994277	27	0.1368
USAGE_p_TCGA_132_133_136_SNP_N_GenomeWideSNP_6_B09_787584	12	124002567	124179335	101	-0.3512
USAGE_p_TCGA_132_133_136_SNP_N_GenomeWideSNP_6_B09_787584	12	124179417	132120715	6579	0.0613
USAGE_p_TCGA_132_133_136_SNP_N_GenomeWideSNP_6_B09_787584	12	132132584	132133335	13	-1.7867
USAGE_p_TCGA_132_133_136_SNP_N_GenomeWideSNP_6_B09_787584	12	132142331	133778189	571	0.0941
USAGE_p_TCGA_132_133_136_SNP_N_GenomeWideSNP_6_B09_787584	13	19026949	32532622	9645	0.0814
USAGE_p_TCGA_132_133_136_SNP_N_GenomeWideSNP_6_B09_787584	13	32532727	32538423	17	-0.8029
USAGE_p_TCGA_132_133_136_SNP_N_GenomeWideSNP_6_B09_787584	13	32540047	38070370	3901	0.0772
USAGE_p_TCGA_132_133_136_SNP_N_GenomeWideSNP_6_B09_787584	13	38071135	38084757	17	0.8119
USAGE_p_TCGA_132_133_136_SNP_N_GenomeWideSNP_6_B09_787584	13	38088330	50194844	8362	0.075
USAGE_p_TCGA_132_133_136_SNP_N_GenomeWideSNP_6_B09_787584	13	50195882	50196832	2	-1.9825
USAGE_p_TCGA_132_133_136_SNP_N_GenomeWideSNP_6_B09_787584	13	50203763	57764057	4194	0.0829
USAGE_p_TCGA_132_133_136_SNP_N_GenomeWideSNP_6_B09_787584	13	57764099	57801201	26	0.4997
USAGE_p_TCGA_132_133_136_SNP_N_GenomeWideSNP_6_B09_787584	13	57801654	72476988	8996	0.075
USAGE_p_TCGA_132_133_136_SNP_N_GenomeWideSNP_6_B09_787584	13	72477555	72480556	4	1.6401
USAGE_p_TCGA_132_133_136_SNP_N_GenomeWideSNP_6_B09_787584	13	72480605	96399472	15728	0.0701
USAGE_p_TCGA_132_133_136_SNP_N_GenomeWideSNP_6_B09_787584	13	96401349	97215594	422	-0.2573
USAGE_p_TCGA_132_133_136_SNP_N_GenomeWideSNP_6_B09_787584	13	97216432	115108397	13010	0.0736
USAGE_p_TCGA_132_133_136_SNP_N_GenomeWideSNP_6_B09_787584	14	19002124	19620051	46	0.0064
USAGE_p_TCGA_132_133_136_SNP_N_GenomeWideSNP_6_B09_787584	14	19660853	19938441	23	0.5856
USAGE_p_TCGA_132_133_136_SNP_N_GenomeWideSNP_6_B09_787584	14	19968403	20105491	7	-0.0582
USAGE_p_TCGA_132_133_136_SNP_N_GenomeWideSNP_6_B09_787584	14	20118883	20423372	114	0.8771
USAGE_p_TCGA_132_133_136_SNP_N_GenomeWideSNP_6_B09_787584	14	20424926	24431149	2737	0.0923
USAGE_p_TCGA_132_133_136_SNP_N_GenomeWideSNP_6_B09_787584	14	24444829	24489012	32	-0.6306
USAGE_p_TCGA_132_133_136_SNP_N_GenomeWideSNP_6_B09_787584	14	24489019	41608358	10876	0.0781
USAGE_p_TCGA_132_133_136_SNP_N_GenomeWideSNP_6_B09_787584	14	41610496	41657249	14	-0.6681
USAGE_p_TCGA_132_133_136_SNP_N_GenomeWideSNP_6_B09_787584	14	41657349	73990662	20489	0.0807
USAGE_p_TCGA_132_133_136_SNP_N_GenomeWideSNP_6_B09_787584	14	73992772	74029900	12	1.2355
USAGE_p_TCGA_132_133_136_SNP_N_GenomeWideSNP_6_B09_787584	14	74029915	82951384	5855	0.0856
USAGE_p_TCGA_132_133_136_SNP_N_GenomeWideSNP_6_B09_787584	14	82955121	84059820	797	-0.4019
USAGE_p_TCGA_132_133_136_SNP_N_GenomeWideSNP_6_B09_787584	14	84065789	88165852	2714	0.0709
USAGE_p_TCGA_132_133_136_SNP_N_GenomeWideSNP_6_B09_787584	14	88166126	88561298	297	-0.4445
USAGE_p_TCGA_132_133_136_SNP_N_GenomeWideSNP_6_B09_787584	14	88567917	88620998	34	0.0521
USAGE_p_TCGA_132_133_136_SNP_N_GenomeWideSNP_6_B09_787584	14	88621106	96231824	5136	-0.4127
USAGE_p_TCGA_132_133_136_SNP_N_GenomeWideSNP_6_B09_787584	14	96232602	96233500	2	-2.7117
USAGE_p_TCGA_132_133_136_SNP_N_GenomeWideSNP_6_B09_787584	14	96233744	107285437	6397	-0.397
USAGE_p_TCGA_132_133_136_SNP_N_GenomeWideSNP_6_B09_787584	15	20016328	20291313	59	0.2356
USAGE_p_TCGA_132_133_136_SNP_N_GenomeWideSNP_6_B09_787584	15	20392821	20581562	44	-0.6928
USAGE_p_TCGA_132_133_136_SNP_N_GenomeWideSNP_6_B09_787584	15	20581564	20590027	14	-2.2128
USAGE_p_TCGA_132_133_136_SNP_N_GenomeWideSNP_6_B09_787584	15	20590042	22582902	301	-0.7302
USAGE_p_TCGA_132_133_136_SNP_N_GenomeWideSNP_6_B09_787584	15	22584431	24376697	877	0.0876
USAGE_p_TCGA_132_133_136_SNP_N_GenomeWideSNP_6_B09_787584	15	24382443	24434532	33	0.7419
USAGE_p_TCGA_132_133_136_SNP_N_GenomeWideSNP_6_B09_787584	15	24442219	24556674	59	0.1824
USAGE_p_TCGA_132_133_136_SNP_N_GenomeWideSNP_6_B09_787584	15	24557041	24669656	39	0.7523
USAGE_p_TCGA_132_133_136_SNP_N_GenomeWideSNP_6_B09_787584	15	24669745	24718173	40	0.2676
USAGE_p_TCGA_132_133_136_SNP_N_GenomeWideSNP_6_B09_787584	15	24718596	24778416	25	0.6204
USAGE_p_TCGA_132_133_136_SNP_N_GenomeWideSNP_6_B09_787584	15	24778891	102469040	50587	0.0808
USAGE_p_TCGA_132_133_136_SNP_N_GenomeWideSNP_6_B09_787584	16	60777	34516926	20583	0.0832
USAGE_p_TCGA_132_133_136_SNP_N_GenomeWideSNP_6_B09_787584	16	34517306	34755566	140	0.5497
USAGE_p_TCGA_132_133_136_SNP_N_GenomeWideSNP_6_B09_787584	16	34757071	55796594	6615	0.0947
USAGE_p_TCGA_132_133_136_SNP_N_GenomeWideSNP_6_B09_787584	16	55798222	55822444	18	1.1469
USAGE_p_TCGA_132_133_136_SNP_N_GenomeWideSNP_6_B09_787584	16	55829557	77906298	13985	0.0848
USAGE_p_TCGA_132_133_136_SNP_N_GenomeWideSNP_6_B09_787584	16	77906682	77909164	3	-1.5282
USAGE_p_TCGA_132_133_136_SNP_N_GenomeWideSNP_6_B09_787584	16	77909565	78371608	443	0.0775
USAGE_p_TCGA_132_133_136_SNP_N_GenomeWideSNP_6_B09_787584	16	78372440	78384738	15	-2.2893
USAGE_p_TCGA_132_133_136_SNP_N_GenomeWideSNP_6_B09_787584	16	78384765	90287535	10644	0.0843
USAGE_p_TCGA_132_133_136_SNP_N_GenomeWideSNP_6_B09_787584	17	526	7381716	4153	-0.4131
USAGE_p_TCGA_132_133_136_SNP_N_GenomeWideSNP_6_B09_787584	17	7386055	7485673	61	0.107
USAGE_p_TCGA_132_133_136_SNP_N_GenomeWideSNP_6_B09_787584	17	7499349	18319862	7215	-0.4154
USAGE_p_TCGA_132_133_136_SNP_N_GenomeWideSNP_6_B09_787584	17	18355392	18453437	26	0.3638
USAGE_p_TCGA_132_133_136_SNP_N_GenomeWideSNP_6_B09_787584	17	18459272	22235650	1550	-0.3586
USAGE_p_TCGA_132_133_136_SNP_N_GenomeWideSNP_6_B09_787584	17	25270411	44213712	10519	0.074
USAGE_p_TCGA_132_133_136_SNP_N_GenomeWideSNP_6_B09_787584	17	44214166	44764994	137	0.4761
USAGE_p_TCGA_132_133_136_SNP_N_GenomeWideSNP_6_B09_787584	17	44784652	81049726	21619	0.0845
USAGE_p_TCGA_132_133_136_SNP_N_GenomeWideSNP_6_B09_787584	18	11543	63721579	40383	0.0834
USAGE_p_TCGA_132_133_136_SNP_N_GenomeWideSNP_6_B09_787584	18	63727492	63728340	12	-1.3154
USAGE_p_TCGA_132_133_136_SNP_N_GenomeWideSNP_6_B09_787584	18	63732738	63906866	148	0.0499
USAGE_p_TCGA_132_133_136_SNP_N_GenomeWideSNP_6_B09_787584	18	63907434	63911589	10	-0.6743
USAGE_p_TCGA_132_133_136_SNP_N_GenomeWideSNP_6_B09_787584	18	63911876	78015057	10277	0.0732
USAGE_p_TCGA_132_133_136_SNP_N_GenomeWideSNP_6_B09_787584	19	90910	1228292	267	0.0565
USAGE_p_TCGA_132_133_136_SNP_N_GenomeWideSNP_6_B09_787584	19	1228301	1228396	2	1.5816
USAGE_p_TCGA_132_133_136_SNP_N_GenomeWideSNP_6_B09_787584	19	1246658	12692001	4805	0.0708
USAGE_p_TCGA_132_133_136_SNP_N_GenomeWideSNP_6_B09_787584	19	12697366	12698102	2	2.6475
USAGE_p_TCGA_132_133_136_SNP_N_GenomeWideSNP_6_B09_787584	19	12700523	59097854	24279	0.0693
USAGE_p_TCGA_132_133_136_SNP_N_GenomeWideSNP_6_B09_787584	20	61305	1567454	1210	0.0887
USAGE_p_TCGA_132_133_136_SNP_N_GenomeWideSNP_6_B09_787584	20	1567653	1593893	38	-0.4996
USAGE_p_TCGA_132_133_136_SNP_N_GenomeWideSNP_6_B09_787584	20	1597946	39769975	24503	0.0841
USAGE_p_TCGA_132_133_136_SNP_N_GenomeWideSNP_6_B09_787584	20	39773116	50963967	7965	0.4575
USAGE_p_TCGA_132_133_136_SNP_N_GenomeWideSNP_6_B09_787584	20	50964239	51734501	597	0.1682
USAGE_p_TCGA_132_133_136_SNP_N_GenomeWideSNP_6_B09_787584	20	51738020	52644868	702	0.857
USAGE_p_TCGA_132_133_136_SNP_N_GenomeWideSNP_6_B09_787584	20	52647808	52658651	38	-0.5504
USAGE_p_TCGA_132_133_136_SNP_N_GenomeWideSNP_6_B09_787584	20	52662574	52808062	172	0.8855
USAGE_p_TCGA_132_133_136_SNP_N_GenomeWideSNP_6_B09_787584	20	52808779	53504601	574	0.1716
USAGE_p_TCGA_132_133_136_SNP_N_GenomeWideSNP_6_B09_787584	20	53504891	53715438	179	0.7989
USAGE_p_TCGA_132_133_136_SNP_N_GenomeWideSNP_6_B09_787584	20	53720825	53826318	82	0.1615
USAGE_p_TCGA_132_133_136_SNP_N_GenomeWideSNP_6_B09_787584	20	53827683	54499138	559	0.8135
USAGE_p_TCGA_132_133_136_SNP_N_GenomeWideSNP_6_B09_787584	20	54500056	54503029	5	0.0511
USAGE_p_TCGA_132_133_136_SNP_N_GenomeWideSNP_6_B09_787584	20	54504201	54511590	11	0.7861
USAGE_p_TCGA_132_133_136_SNP_N_GenomeWideSNP_6_B09_787584	20	54511681	54706646	127	0.1767
USAGE_p_TCGA_132_133_136_SNP_N_GenomeWideSNP_6_B09_787584	20	54708387	55607584	771	0.833
USAGE_p_TCGA_132_133_136_SNP_N_GenomeWideSNP_6_B09_787584	20	55607784	62956153	4980	0.1
USAGE_p_TCGA_132_133_136_SNP_N_GenomeWideSNP_6_B09_787584	21	10736871	11008141	74	-0.5338
USAGE_p_TCGA_132_133_136_SNP_N_GenomeWideSNP_6_B09_787584	21	11008280	11053893	14	0.1083
USAGE_p_TCGA_132_133_136_SNP_N_GenomeWideSNP_6_B09_787584	21	11063543	11175912	25	-0.3756
USAGE_p_TCGA_132_133_136_SNP_N_GenomeWideSNP_6_B09_787584	21	14345669	14453753	19	0.1882
USAGE_p_TCGA_132_133_136_SNP_N_GenomeWideSNP_6_B09_787584	21	14456416	14538478	13	-0.65
USAGE_p_TCGA_132_133_136_SNP_N_GenomeWideSNP_6_B09_787584	21	14538557	48096957	24262	0.0371
USAGE_p_TCGA_132_133_136_SNP_N_GenomeWideSNP_6_B09_787584	22	16052528	16493159	73	0.1029
USAGE_p_TCGA_132_133_136_SNP_N_GenomeWideSNP_6_B09_787584	22	16493661	24288367	4507	-0.3968
USAGE_p_TCGA_132_133_136_SNP_N_GenomeWideSNP_6_B09_787584	22	24288434	24344422	28	-0.9345
USAGE_p_TCGA_132_133_136_SNP_N_GenomeWideSNP_6_B09_787584	22	24350529	24393745	17	0.6483
USAGE_p_TCGA_132_133_136_SNP_N_GenomeWideSNP_6_B09_787584	22	24394015	37061163	9575	-0.3963
USAGE_p_TCGA_132_133_136_SNP_N_GenomeWideSNP_6_B09_787584	22	37061397	37062530	2	-2.3614
USAGE_p_TCGA_132_133_136_SNP_N_GenomeWideSNP_6_B09_787584	22	37065620	42892596	3185	-0.3947
USAGE_p_TCGA_132_133_136_SNP_N_GenomeWideSNP_6_B09_787584	22	42897282	42973201	32	0.5863
USAGE_p_TCGA_132_133_136_SNP_N_GenomeWideSNP_6_B09_787584	22	42973702	51234455	6078	-0.4182
USAGE_p_TCGA_132_133_136_SNP_N_GenomeWideSNP_6_B09_787584	X	168477	76353650	40160	0.0174
USAGE_p_TCGA_132_133_136_SNP_N_GenomeWideSNP_6_B09_787584	X	76362292	76378656	2	-1.7074
USAGE_p_TCGA_132_133_136_SNP_N_GenomeWideSNP_6_B09_787584	X	76378658	83978555	3669	0.0313
USAGE_p_TCGA_132_133_136_SNP_N_GenomeWideSNP_6_B09_787584	X	83979341	83979879	2	-1.7396
USAGE_p_TCGA_132_133_136_SNP_N_GenomeWideSNP_6_B09_787584	X	83986751	150739222	38642	0.0307
USAGE_p_TCGA_132_133_136_SNP_N_GenomeWideSNP_6_B09_787584	X	150739661	152228035	978	-0.4669
USAGE_p_TCGA_132_133_136_SNP_N_GenomeWideSNP_6_B09_787584	X	152228941	154223821	855	0.0337
USAGE_p_TCGA_132_133_136_SNP_N_GenomeWideSNP_6_B09_787584	X	154224425	154680745	166	-0.4117
USAGE_p_TCGA_132_133_136_SNP_N_GenomeWideSNP_6_B09_787584	X	154681023	155182354	143	0.0453
USAGE_p_TCGA_132_133_136_SNP_N_GenomeWideSNP_6_B09_787584	Y	2650438	2829241	93	-2.8484
USAGE_p_TCGA_132_133_136_SNP_N_GenomeWideSNP_6_B09_787584	Y	2829678	6101425	778	-2.2856
USAGE_p_TCGA_132_133_136_SNP_N_GenomeWideSNP_6_B09_787584	Y	6107901	6296423	85	-3.9641
USAGE_p_TCGA_132_133_136_SNP_N_GenomeWideSNP_6_B09_787584	Y	6299046	9149300	1479	-2.9604
USAGE_p_TCGA_132_133_136_SNP_N_GenomeWideSNP_6_B09_787584	Y	9149955	9759564	192	-3.4691
USAGE_p_TCGA_132_133_136_SNP_N_GenomeWideSNP_6_B09_787584	Y	9774614	15024621	697	-2.8384
USAGE_p_TCGA_132_133_136_SNP_N_GenomeWideSNP_6_B09_787584	Y	15026424	15030817	5	-6.4172
USAGE_p_TCGA_132_133_136_SNP_N_GenomeWideSNP_6_B09_787584	Y	15032288	15590276	249	-2.8896
USAGE_p_TCGA_132_133_136_SNP_N_GenomeWideSNP_6_B09_787584	Y	15590342	15594523	3	-7.482
USAGE_p_TCGA_132_133_136_SNP_N_GenomeWideSNP_6_B09_787584	Y	15594889	19570632	2081	-2.9603
USAGE_p_TCGA_132_133_136_SNP_N_GenomeWideSNP_6_B09_787584	Y	19571480	21088297	705	-3.5129
USAGE_p_TCGA_132_133_136_SNP_N_GenomeWideSNP_6_B09_787584	Y	21088485	23653771	978	-3.0158
USAGE_p_TCGA_132_133_136_SNP_N_GenomeWideSNP_6_B09_787584	Y	23683731	23690350	2	-8.8048
USAGE_p_TCGA_132_133_136_SNP_N_GenomeWideSNP_6_B09_787584	Y	23715701	24515802	265	-3.1265
USAGE_p_TCGA_132_133_136_SNP_N_GenomeWideSNP_6_B09_787584	Y	24516081	26218232	321	-3.5748
USAGE_p_TCGA_132_133_136_SNP_N_GenomeWideSNP_6_B09_787584	Y	26222820	26630929	90	-2.8904
USAGE_p_TCGA_132_133_136_SNP_N_GenomeWideSNP_6_B09_787584	Y	26631228	27240184	79	-3.8655
USAGE_p_TCGA_132_133_136_SNP_N_GenomeWideSNP_6_B09_787584	Y	27254679	27717920	95	-2.8525
USAGE_p_TCGA_132_133_136_SNP_N_GenomeWideSNP_6_B09_787584	Y	27718192	28423938	254	-3.5798
USAGE_p_TCGA_132_133_136_SNP_N_GenomeWideSNP_6_B09_787584	Y	28438116	59018259	183	-2.6796
