Sample	Chromosome	Start	End	Num_Probes	Segment_Mean
WRIED_p_TCGA_143_147_150_Hahn_N_GenomeWideSNP_6_A06_799976	1	61735	850017	74	0.3317
WRIED_p_TCGA_143_147_150_Hahn_N_GenomeWideSNP_6_A06_799976	1	850687	12892508	6450	-0.0573
WRIED_p_TCGA_143_147_150_Hahn_N_GenomeWideSNP_6_A06_799976	1	12909977	13159083	10	0.8355
WRIED_p_TCGA_143_147_150_Hahn_N_GenomeWideSNP_6_A06_799976	1	13178385	22320515	5650	-0.0475
WRIED_p_TCGA_143_147_150_Hahn_N_GenomeWideSNP_6_A06_799976	1	22323157	22337243	6	-1.2494
WRIED_p_TCGA_143_147_150_Hahn_N_GenomeWideSNP_6_A06_799976	1	22338125	25583341	1912	-0.0526
WRIED_p_TCGA_143_147_150_Hahn_N_GenomeWideSNP_6_A06_799976	1	25593128	25646946	27	0.4969
WRIED_p_TCGA_143_147_150_Hahn_N_GenomeWideSNP_6_A06_799976	1	25646986	43925854	9946	-0.0438
WRIED_p_TCGA_143_147_150_Hahn_N_GenomeWideSNP_6_A06_799976	1	43926091	43926305	2	-1.5262
WRIED_p_TCGA_143_147_150_Hahn_N_GenomeWideSNP_6_A06_799976	1	43935197	54432019	5647	-0.0279
WRIED_p_TCGA_143_147_150_Hahn_N_GenomeWideSNP_6_A06_799976	1	54434610	54438103	3	-1.002
WRIED_p_TCGA_143_147_150_Hahn_N_GenomeWideSNP_6_A06_799976	1	54440228	72768916	13101	0.004
WRIED_p_TCGA_143_147_150_Hahn_N_GenomeWideSNP_6_A06_799976	1	72768936	72820027	53	-0.2755
WRIED_p_TCGA_143_147_150_Hahn_N_GenomeWideSNP_6_A06_799976	1	72822505	104178038	19930	0.0114
WRIED_p_TCGA_143_147_150_Hahn_N_GenomeWideSNP_6_A06_799976	1	104221531	104260239	22	0.6044
WRIED_p_TCGA_143_147_150_Hahn_N_GenomeWideSNP_6_A06_799976	1	104261206	110232974	3576	0.0121
WRIED_p_TCGA_143_147_150_Hahn_N_GenomeWideSNP_6_A06_799976	1	110233037	110234410	8	-1.3165
WRIED_p_TCGA_143_147_150_Hahn_N_GenomeWideSNP_6_A06_799976	1	110234555	112696572	1965	-0.0122
WRIED_p_TCGA_143_147_150_Hahn_N_GenomeWideSNP_6_A06_799976	1	112696615	112697376	14	-0.5181
WRIED_p_TCGA_143_147_150_Hahn_N_GenomeWideSNP_6_A06_799976	1	112697390	146479430	5616	0.0116
WRIED_p_TCGA_143_147_150_Hahn_N_GenomeWideSNP_6_A06_799976	1	146479610	147279475	556	0.4274
WRIED_p_TCGA_143_147_150_Hahn_N_GenomeWideSNP_6_A06_799976	1	147280616	148906617	167	0.0089
WRIED_p_TCGA_143_147_150_Hahn_N_GenomeWideSNP_6_A06_799976	1	148907270	149248712	140	-0.45
WRIED_p_TCGA_143_147_150_Hahn_N_GenomeWideSNP_6_A06_799976	1	149248727	149713871	62	-0.0096
WRIED_p_TCGA_143_147_150_Hahn_N_GenomeWideSNP_6_A06_799976	1	149715562	150801159	501	0.3746
WRIED_p_TCGA_143_147_150_Hahn_N_GenomeWideSNP_6_A06_799976	1	150801176	150809116	4	1.1856
WRIED_p_TCGA_143_147_150_Hahn_N_GenomeWideSNP_6_A06_799976	1	150811005	152555176	953	0.407
WRIED_p_TCGA_143_147_150_Hahn_N_GenomeWideSNP_6_A06_799976	1	152555527	152590962	41	0.8267
WRIED_p_TCGA_143_147_150_Hahn_N_GenomeWideSNP_6_A06_799976	1	152591024	181064369	19128	0.4116
WRIED_p_TCGA_143_147_150_Hahn_N_GenomeWideSNP_6_A06_799976	1	181064949	181161843	69	0.7436
WRIED_p_TCGA_143_147_150_Hahn_N_GenomeWideSNP_6_A06_799976	1	181166679	194448234	8887	0.4253
WRIED_p_TCGA_143_147_150_Hahn_N_GenomeWideSNP_6_A06_799976	1	194451411	194455018	2	2.0693
WRIED_p_TCGA_143_147_150_Hahn_N_GenomeWideSNP_6_A06_799976	1	194457016	196758120	1481	0.4131
WRIED_p_TCGA_143_147_150_Hahn_N_GenomeWideSNP_6_A06_799976	1	196758149	196759288	4	-0.6499
WRIED_p_TCGA_143_147_150_Hahn_N_GenomeWideSNP_6_A06_799976	1	196761820	196812507	53	0.533
WRIED_p_TCGA_143_147_150_Hahn_N_GenomeWideSNP_6_A06_799976	1	196812530	196815791	2	-1.5028
WRIED_p_TCGA_143_147_150_Hahn_N_GenomeWideSNP_6_A06_799976	1	196816730	210071062	8754	0.4168
WRIED_p_TCGA_143_147_150_Hahn_N_GenomeWideSNP_6_A06_799976	1	210081613	210083984	3	-1.5278
WRIED_p_TCGA_143_147_150_Hahn_N_GenomeWideSNP_6_A06_799976	1	210086552	220435999	7184	0.4322
WRIED_p_TCGA_143_147_150_Hahn_N_GenomeWideSNP_6_A06_799976	1	220436373	220440718	5	-0.6221
WRIED_p_TCGA_143_147_150_Hahn_N_GenomeWideSNP_6_A06_799976	1	220442369	229811169	5802	0.4187
WRIED_p_TCGA_143_147_150_Hahn_N_GenomeWideSNP_6_A06_799976	1	229816856	229820196	3	-1.9741
WRIED_p_TCGA_143_147_150_Hahn_N_GenomeWideSNP_6_A06_799976	1	229820456	249224388	13970	0.4094
WRIED_p_TCGA_143_147_150_Hahn_N_GenomeWideSNP_6_A06_799976	2	12784	1190260	802	-0.0435
WRIED_p_TCGA_143_147_150_Hahn_N_GenomeWideSNP_6_A06_799976	2	1190689	1193619	2	-1.6316
WRIED_p_TCGA_143_147_150_Hahn_N_GenomeWideSNP_6_A06_799976	2	1196846	1231315	17	0.0133
WRIED_p_TCGA_143_147_150_Hahn_N_GenomeWideSNP_6_A06_799976	2	1231592	1238659	4	-1.7638
WRIED_p_TCGA_143_147_150_Hahn_N_GenomeWideSNP_6_A06_799976	2	1244964	9950371	6716	-0.0234
WRIED_p_TCGA_143_147_150_Hahn_N_GenomeWideSNP_6_A06_799976	2	9953949	9979885	16	0.5679
WRIED_p_TCGA_143_147_150_Hahn_N_GenomeWideSNP_6_A06_799976	2	9984176	24599249	10293	-0.0024
WRIED_p_TCGA_143_147_150_Hahn_N_GenomeWideSNP_6_A06_799976	2	24601511	24611128	20	-0.655
WRIED_p_TCGA_143_147_150_Hahn_N_GenomeWideSNP_6_A06_799976	2	24611727	34520473	6023	-0.0271
WRIED_p_TCGA_143_147_150_Hahn_N_GenomeWideSNP_6_A06_799976	2	34523978	34525580	2	-1.5429
WRIED_p_TCGA_143_147_150_Hahn_N_GenomeWideSNP_6_A06_799976	2	34525967	34691069	95	0.0072
WRIED_p_TCGA_143_147_150_Hahn_N_GenomeWideSNP_6_A06_799976	2	34701394	34727851	42	0.3198
WRIED_p_TCGA_143_147_150_Hahn_N_GenomeWideSNP_6_A06_799976	2	34727867	40332851	4016	-0.0058
WRIED_p_TCGA_143_147_150_Hahn_N_GenomeWideSNP_6_A06_799976	2	40335410	40335459	2	-1.5374
WRIED_p_TCGA_143_147_150_Hahn_N_GenomeWideSNP_6_A06_799976	2	40335876	52754468	8929	-0.0109
WRIED_p_TCGA_143_147_150_Hahn_N_GenomeWideSNP_6_A06_799976	2	52754480	52781542	39	-1.695
WRIED_p_TCGA_143_147_150_Hahn_N_GenomeWideSNP_6_A06_799976	2	52787949	97873036	23912	-0.0059
WRIED_p_TCGA_143_147_150_Hahn_N_GenomeWideSNP_6_A06_799976	2	97873321	97876273	4	-1.0553
WRIED_p_TCGA_143_147_150_Hahn_N_GenomeWideSNP_6_A06_799976	2	97876806	98025647	24	-0.014
WRIED_p_TCGA_143_147_150_Hahn_N_GenomeWideSNP_6_A06_799976	2	98063372	98162189	12	0.8027
WRIED_p_TCGA_143_147_150_Hahn_N_GenomeWideSNP_6_A06_799976	2	98166878	146862085	29366	0.0012
WRIED_p_TCGA_143_147_150_Hahn_N_GenomeWideSNP_6_A06_799976	2	146864404	146866934	24	0.6239
WRIED_p_TCGA_143_147_150_Hahn_N_GenomeWideSNP_6_A06_799976	2	146877806	243089456	58762	0.0043
WRIED_p_TCGA_143_147_150_Hahn_N_GenomeWideSNP_6_A06_799976	3	60345	5534893	4810	0.0169
WRIED_p_TCGA_143_147_150_Hahn_N_GenomeWideSNP_6_A06_799976	3	5535582	5539114	2	-2.088
WRIED_p_TCGA_143_147_150_Hahn_N_GenomeWideSNP_6_A06_799976	3	5539588	27762088	15852	0.005
WRIED_p_TCGA_143_147_150_Hahn_N_GenomeWideSNP_6_A06_799976	3	27773925	37774173	6695	-0.6143
WRIED_p_TCGA_143_147_150_Hahn_N_GenomeWideSNP_6_A06_799976	3	37775440	37775615	2	-2.6943
WRIED_p_TCGA_143_147_150_Hahn_N_GenomeWideSNP_6_A06_799976	3	37775788	42232837	2893	-0.6279
WRIED_p_TCGA_143_147_150_Hahn_N_GenomeWideSNP_6_A06_799976	3	42234740	46602656	2651	-0.0037
WRIED_p_TCGA_143_147_150_Hahn_N_GenomeWideSNP_6_A06_799976	3	46607255	53023211	2631	-0.6136
WRIED_p_TCGA_143_147_150_Hahn_N_GenomeWideSNP_6_A06_799976	3	53028375	53041499	46	-0.2585
WRIED_p_TCGA_143_147_150_Hahn_N_GenomeWideSNP_6_A06_799976	3	53041519	53318266	164	-0.6699
WRIED_p_TCGA_143_147_150_Hahn_N_GenomeWideSNP_6_A06_799976	3	53318457	61020911	5811	0.0148
WRIED_p_TCGA_143_147_150_Hahn_N_GenomeWideSNP_6_A06_799976	3	61021130	61025966	5	-1.1752
WRIED_p_TCGA_143_147_150_Hahn_N_GenomeWideSNP_6_A06_799976	3	61026351	75568549	10904	0.0245
WRIED_p_TCGA_143_147_150_Hahn_N_GenomeWideSNP_6_A06_799976	3	75572549	75608639	9	0.8435
WRIED_p_TCGA_143_147_150_Hahn_N_GenomeWideSNP_6_A06_799976	3	75613174	95456106	9079	0.0344
WRIED_p_TCGA_143_147_150_Hahn_N_GenomeWideSNP_6_A06_799976	3	95466880	95468110	2	-1.7094
WRIED_p_TCGA_143_147_150_Hahn_N_GenomeWideSNP_6_A06_799976	3	95468680	156172755	36845	0.0157
WRIED_p_TCGA_143_147_150_Hahn_N_GenomeWideSNP_6_A06_799976	3	156175584	156175657	2	-1.4788
WRIED_p_TCGA_143_147_150_Hahn_N_GenomeWideSNP_6_A06_799976	3	156176341	162530870	3913	0.0314
WRIED_p_TCGA_143_147_150_Hahn_N_GenomeWideSNP_6_A06_799976	3	162532950	162536583	3	1.9477
WRIED_p_TCGA_143_147_150_Hahn_N_GenomeWideSNP_6_A06_799976	3	162536823	162714517	124	-0.0115
WRIED_p_TCGA_143_147_150_Hahn_N_GenomeWideSNP_6_A06_799976	3	162717727	162719562	2	-1.829
WRIED_p_TCGA_143_147_150_Hahn_N_GenomeWideSNP_6_A06_799976	3	162726159	192877902	19003	0.0139
WRIED_p_TCGA_143_147_150_Hahn_N_GenomeWideSNP_6_A06_799976	3	192877962	192882903	19	-0.8321
WRIED_p_TCGA_143_147_150_Hahn_N_GenomeWideSNP_6_A06_799976	3	192886435	197895985	2692	-0.0052
WRIED_p_TCGA_143_147_150_Hahn_N_GenomeWideSNP_6_A06_799976	3	197896002	197896118	3	1.4434
WRIED_p_TCGA_143_147_150_Hahn_N_GenomeWideSNP_6_A06_799976	4	12281	9380944	5170	-0.0178
WRIED_p_TCGA_143_147_150_Hahn_N_GenomeWideSNP_6_A06_799976	4	9381191	9407241	30	0.3478
WRIED_p_TCGA_143_147_150_Hahn_N_GenomeWideSNP_6_A06_799976	4	9408207	10223416	582	-0.0091
WRIED_p_TCGA_143_147_150_Hahn_N_GenomeWideSNP_6_A06_799976	4	10223628	10235268	34	0.4476
WRIED_p_TCGA_143_147_150_Hahn_N_GenomeWideSNP_6_A06_799976	4	10236142	46412497	24268	0.0052
WRIED_p_TCGA_143_147_150_Hahn_N_GenomeWideSNP_6_A06_799976	4	46414739	46452476	21	-0.6047
WRIED_p_TCGA_143_147_150_Hahn_N_GenomeWideSNP_6_A06_799976	4	46452957	49309854	1543	0.0118
WRIED_p_TCGA_143_147_150_Hahn_N_GenomeWideSNP_6_A06_799976	4	49503166	49658612	19	0.6786
WRIED_p_TCGA_143_147_150_Hahn_N_GenomeWideSNP_6_A06_799976	4	52685699	58074296	3543	-0.0035
WRIED_p_TCGA_143_147_150_Hahn_N_GenomeWideSNP_6_A06_799976	4	58075893	58076316	2	1.3473
WRIED_p_TCGA_143_147_150_Hahn_N_GenomeWideSNP_6_A06_799976	4	58076340	64705528	3983	-0.0082
WRIED_p_TCGA_143_147_150_Hahn_N_GenomeWideSNP_6_A06_799976	4	64705611	64708258	13	0.6342
WRIED_p_TCGA_143_147_150_Hahn_N_GenomeWideSNP_6_A06_799976	4	64716431	69372003	2863	0.006
WRIED_p_TCGA_143_147_150_Hahn_N_GenomeWideSNP_6_A06_799976	4	69374941	69485979	64	-0.991
WRIED_p_TCGA_143_147_150_Hahn_N_GenomeWideSNP_6_A06_799976	4	69489335	111050203	24936	0.0155
WRIED_p_TCGA_143_147_150_Hahn_N_GenomeWideSNP_6_A06_799976	4	111050434	111056933	11	-1.1315
WRIED_p_TCGA_143_147_150_Hahn_N_GenomeWideSNP_6_A06_799976	4	111057610	115173700	2603	0.0217
WRIED_p_TCGA_143_147_150_Hahn_N_GenomeWideSNP_6_A06_799976	4	115175323	115182175	23	0.4937
WRIED_p_TCGA_143_147_150_Hahn_N_GenomeWideSNP_6_A06_799976	4	115184229	138092239	13145	0.0157
WRIED_p_TCGA_143_147_150_Hahn_N_GenomeWideSNP_6_A06_799976	4	138092420	138092805	8	-0.8978
WRIED_p_TCGA_143_147_150_Hahn_N_GenomeWideSNP_6_A06_799976	4	138092907	140232546	1528	0.0182
WRIED_p_TCGA_143_147_150_Hahn_N_GenomeWideSNP_6_A06_799976	4	140233523	140238360	5	-0.9963
WRIED_p_TCGA_143_147_150_Hahn_N_GenomeWideSNP_6_A06_799976	4	140239695	172987928	20195	0.015
WRIED_p_TCGA_143_147_150_Hahn_N_GenomeWideSNP_6_A06_799976	4	172989148	172989533	12	0.7148
WRIED_p_TCGA_143_147_150_Hahn_N_GenomeWideSNP_6_A06_799976	4	172995979	191027923	12036	-0.0045
WRIED_p_TCGA_143_147_150_Hahn_N_GenomeWideSNP_6_A06_799976	5	15532	11161625	9080	-0.0197
WRIED_p_TCGA_143_147_150_Hahn_N_GenomeWideSNP_6_A06_799976	5	11162636	11162771	3	-1.6264
WRIED_p_TCGA_143_147_150_Hahn_N_GenomeWideSNP_6_A06_799976	5	11167277	16632380	3710	0.0109
WRIED_p_TCGA_143_147_150_Hahn_N_GenomeWideSNP_6_A06_799976	5	16639102	16651405	7	-1.0579
WRIED_p_TCGA_143_147_150_Hahn_N_GenomeWideSNP_6_A06_799976	5	16655315	46271108	17808	0.0033
WRIED_p_TCGA_143_147_150_Hahn_N_GenomeWideSNP_6_A06_799976	5	46271930	46273502	6	-1.8587
WRIED_p_TCGA_143_147_150_Hahn_N_GenomeWideSNP_6_A06_799976	5	46278212	150202205	61387	0.0083
WRIED_p_TCGA_143_147_150_Hahn_N_GenomeWideSNP_6_A06_799976	5	150205500	150218604	8	-2.1766
WRIED_p_TCGA_143_147_150_Hahn_N_GenomeWideSNP_6_A06_799976	5	150223387	177227551	18375	0.0059
WRIED_p_TCGA_143_147_150_Hahn_N_GenomeWideSNP_6_A06_799976	5	177228579	177254965	3	1.7369
WRIED_p_TCGA_143_147_150_Hahn_N_GenomeWideSNP_6_A06_799976	5	177259415	180790320	1994	-0.0312
WRIED_p_TCGA_143_147_150_Hahn_N_GenomeWideSNP_6_A06_799976	6	149661	257353	102	-0.0173
WRIED_p_TCGA_143_147_150_Hahn_N_GenomeWideSNP_6_A06_799976	6	258265	384521	103	-0.2856
WRIED_p_TCGA_143_147_150_Hahn_N_GenomeWideSNP_6_A06_799976	6	384546	19040119	14521	-0.0103
WRIED_p_TCGA_143_147_150_Hahn_N_GenomeWideSNP_6_A06_799976	6	19042181	19042818	3	-1.6817
WRIED_p_TCGA_143_147_150_Hahn_N_GenomeWideSNP_6_A06_799976	6	19044702	29895973	6918	-0.0138
WRIED_p_TCGA_143_147_150_Hahn_N_GenomeWideSNP_6_A06_799976	6	29896421	29896659	2	-1.87
WRIED_p_TCGA_143_147_150_Hahn_N_GenomeWideSNP_6_A06_799976	6	29898897	31277686	649	6e-04
WRIED_p_TCGA_143_147_150_Hahn_N_GenomeWideSNP_6_A06_799976	6	31280823	31309924	13	0.8386
WRIED_p_TCGA_143_147_150_Hahn_N_GenomeWideSNP_6_A06_799976	6	31317347	66393348	19270	-0.0014
WRIED_p_TCGA_143_147_150_Hahn_N_GenomeWideSNP_6_A06_799976	6	66394090	66407210	27	-0.4696
WRIED_p_TCGA_143_147_150_Hahn_N_GenomeWideSNP_6_A06_799976	6	66408475	81284759	9698	0.0103
WRIED_p_TCGA_143_147_150_Hahn_N_GenomeWideSNP_6_A06_799976	6	81284958	81289534	27	-0.7214
WRIED_p_TCGA_143_147_150_Hahn_N_GenomeWideSNP_6_A06_799976	6	81294341	86197956	3124	0.0155
WRIED_p_TCGA_143_147_150_Hahn_N_GenomeWideSNP_6_A06_799976	6	86202469	91797752	3450	-0.6218
WRIED_p_TCGA_143_147_150_Hahn_N_GenomeWideSNP_6_A06_799976	6	91798192	92681864	560	0.0338
WRIED_p_TCGA_143_147_150_Hahn_N_GenomeWideSNP_6_A06_799976	6	92685739	103582396	6681	-0.5945
WRIED_p_TCGA_143_147_150_Hahn_N_GenomeWideSNP_6_A06_799976	6	103582756	103600535	14	-1.2714
WRIED_p_TCGA_143_147_150_Hahn_N_GenomeWideSNP_6_A06_799976	6	103603011	103734829	91	-0.4919
WRIED_p_TCGA_143_147_150_Hahn_N_GenomeWideSNP_6_A06_799976	6	103737976	103765470	47	0.3834
WRIED_p_TCGA_143_147_150_Hahn_N_GenomeWideSNP_6_A06_799976	6	103765670	170919495	43864	-0.6337
WRIED_p_TCGA_143_147_150_Hahn_N_GenomeWideSNP_6_A06_799976	6	170982327	171051005	4	0.7327
WRIED_p_TCGA_143_147_150_Hahn_N_GenomeWideSNP_6_A06_799976	7	43355	148300	90	0.4102
WRIED_p_TCGA_143_147_150_Hahn_N_GenomeWideSNP_6_A06_799976	7	155066	158626	10	-0.683
WRIED_p_TCGA_143_147_150_Hahn_N_GenomeWideSNP_6_A06_799976	7	161442	21966119	15495	0.3966
WRIED_p_TCGA_143_147_150_Hahn_N_GenomeWideSNP_6_A06_799976	7	21973207	21979517	3	-1.174
WRIED_p_TCGA_143_147_150_Hahn_N_GenomeWideSNP_6_A06_799976	7	21980773	25514034	2683	0.3507
WRIED_p_TCGA_143_147_150_Hahn_N_GenomeWideSNP_6_A06_799976	7	25514657	27468350	1314	-0.0642
WRIED_p_TCGA_143_147_150_Hahn_N_GenomeWideSNP_6_A06_799976	7	27471209	70420438	25051	0.3822
WRIED_p_TCGA_143_147_150_Hahn_N_GenomeWideSNP_6_A06_799976	7	70423250	70426141	2	2.005
WRIED_p_TCGA_143_147_150_Hahn_N_GenomeWideSNP_6_A06_799976	7	70428243	76495261	2380	0.3206
WRIED_p_TCGA_143_147_150_Hahn_N_GenomeWideSNP_6_A06_799976	7	76495797	76496578	3	-0.8219
WRIED_p_TCGA_143_147_150_Hahn_N_GenomeWideSNP_6_A06_799976	7	76497164	97395460	13374	0.4006
WRIED_p_TCGA_143_147_150_Hahn_N_GenomeWideSNP_6_A06_799976	7	97395462	97402475	15	-0.4638
WRIED_p_TCGA_143_147_150_Hahn_N_GenomeWideSNP_6_A06_799976	7	97404240	122870072	14661	0.3838
WRIED_p_TCGA_143_147_150_Hahn_N_GenomeWideSNP_6_A06_799976	7	122870169	123042190	127	1.0204
WRIED_p_TCGA_143_147_150_Hahn_N_GenomeWideSNP_6_A06_799976	7	123043100	123129299	35	1.3324
WRIED_p_TCGA_143_147_150_Hahn_N_GenomeWideSNP_6_A06_799976	7	123149749	123485489	198	0.9656
WRIED_p_TCGA_143_147_150_Hahn_N_GenomeWideSNP_6_A06_799976	7	123487810	124930633	822	1.3629
WRIED_p_TCGA_143_147_150_Hahn_N_GenomeWideSNP_6_A06_799976	7	124930722	124933223	2	-1.5903
WRIED_p_TCGA_143_147_150_Hahn_N_GenomeWideSNP_6_A06_799976	7	124933877	126044974	757	1.3244
WRIED_p_TCGA_143_147_150_Hahn_N_GenomeWideSNP_6_A06_799976	7	126045482	126046881	18	-0.0772
WRIED_p_TCGA_143_147_150_Hahn_N_GenomeWideSNP_6_A06_799976	7	126052766	141028746	9435	1.3116
WRIED_p_TCGA_143_147_150_Hahn_N_GenomeWideSNP_6_A06_799976	7	141030390	141030804	2	-1.0006
WRIED_p_TCGA_143_147_150_Hahn_N_GenomeWideSNP_6_A06_799976	7	141031540	141769680	449	1.3239
WRIED_p_TCGA_143_147_150_Hahn_N_GenomeWideSNP_6_A06_799976	7	141769691	141787628	29	1.8317
WRIED_p_TCGA_143_147_150_Hahn_N_GenomeWideSNP_6_A06_799976	7	141787646	142474939	461	1.3982
WRIED_p_TCGA_143_147_150_Hahn_N_GenomeWideSNP_6_A06_799976	7	142476719	142486045	27	-1.3991
WRIED_p_TCGA_143_147_150_Hahn_N_GenomeWideSNP_6_A06_799976	7	142486115	143946878	848	1.3182
WRIED_p_TCGA_143_147_150_Hahn_N_GenomeWideSNP_6_A06_799976	7	143952313	144050933	29	0.7836
WRIED_p_TCGA_143_147_150_Hahn_N_GenomeWideSNP_6_A06_799976	7	144051231	144889139	537	1.3526
WRIED_p_TCGA_143_147_150_Hahn_N_GenomeWideSNP_6_A06_799976	7	144889286	145941372	596	0.964
WRIED_p_TCGA_143_147_150_Hahn_N_GenomeWideSNP_6_A06_799976	7	145947630	146415890	331	0.3837
WRIED_p_TCGA_143_147_150_Hahn_N_GenomeWideSNP_6_A06_799976	7	146419359	146616893	110	0.9576
WRIED_p_TCGA_143_147_150_Hahn_N_GenomeWideSNP_6_A06_799976	7	146618729	152111881	3327	0.3882
WRIED_p_TCGA_143_147_150_Hahn_N_GenomeWideSNP_6_A06_799976	7	152115837	154389895	1522	0.9307
WRIED_p_TCGA_143_147_150_Hahn_N_GenomeWideSNP_6_A06_799976	7	154393171	154399613	4	-0.86
WRIED_p_TCGA_143_147_150_Hahn_N_GenomeWideSNP_6_A06_799976	7	154400830	158933239	3113	0.9231
WRIED_p_TCGA_143_147_150_Hahn_N_GenomeWideSNP_6_A06_799976	7	158943746	159127004	119	0.3968
WRIED_p_TCGA_143_147_150_Hahn_N_GenomeWideSNP_6_A06_799976	8	31254	161222	6	0.4816
WRIED_p_TCGA_143_147_150_Hahn_N_GenomeWideSNP_6_A06_799976	8	162672	12034997	11200	-0.5615
WRIED_p_TCGA_143_147_150_Hahn_N_GenomeWideSNP_6_A06_799976	8	12162739	12587390	160	-0.3003
WRIED_p_TCGA_143_147_150_Hahn_N_GenomeWideSNP_6_A06_799976	8	12588185	13804598	1229	-0.5371
WRIED_p_TCGA_143_147_150_Hahn_N_GenomeWideSNP_6_A06_799976	8	13805006	13807887	3	-2.1047
WRIED_p_TCGA_143_147_150_Hahn_N_GenomeWideSNP_6_A06_799976	8	13808723	16197191	2147	-0.5305
WRIED_p_TCGA_143_147_150_Hahn_N_GenomeWideSNP_6_A06_799976	8	16206954	16212478	12	0.2695
WRIED_p_TCGA_143_147_150_Hahn_N_GenomeWideSNP_6_A06_799976	8	16213129	25448235	7253	-0.5494
WRIED_p_TCGA_143_147_150_Hahn_N_GenomeWideSNP_6_A06_799976	8	25450823	36072902	6928	0.3767
WRIED_p_TCGA_143_147_150_Hahn_N_GenomeWideSNP_6_A06_799976	8	36077059	36079437	5	-0.5737
WRIED_p_TCGA_143_147_150_Hahn_N_GenomeWideSNP_6_A06_799976	8	36080881	39230325	1693	0.3773
WRIED_p_TCGA_143_147_150_Hahn_N_GenomeWideSNP_6_A06_799976	8	39230659	39389029	63	1.0498
WRIED_p_TCGA_143_147_150_Hahn_N_GenomeWideSNP_6_A06_799976	8	39389124	40987840	1192	0.3793
WRIED_p_TCGA_143_147_150_Hahn_N_GenomeWideSNP_6_A06_799976	8	40993043	43200008	1247	-0.0329
WRIED_p_TCGA_143_147_150_Hahn_N_GenomeWideSNP_6_A06_799976	8	43203670	43337445	49	0.3538
WRIED_p_TCGA_143_147_150_Hahn_N_GenomeWideSNP_6_A06_799976	8	43342635	60644774	8405	-0.0195
WRIED_p_TCGA_143_147_150_Hahn_N_GenomeWideSNP_6_A06_799976	8	60645046	60650602	3	-2.3038
WRIED_p_TCGA_143_147_150_Hahn_N_GenomeWideSNP_6_A06_799976	8	60650874	63034260	1596	0.0025
WRIED_p_TCGA_143_147_150_Hahn_N_GenomeWideSNP_6_A06_799976	8	63035265	63043038	6	-0.818
WRIED_p_TCGA_143_147_150_Hahn_N_GenomeWideSNP_6_A06_799976	8	63043079	72212365	5328	0.0024
WRIED_p_TCGA_143_147_150_Hahn_N_GenomeWideSNP_6_A06_799976	8	72215311	72216599	9	-1.8358
WRIED_p_TCGA_143_147_150_Hahn_N_GenomeWideSNP_6_A06_799976	8	72219863	74545550	1692	0.0141
WRIED_p_TCGA_143_147_150_Hahn_N_GenomeWideSNP_6_A06_799976	8	74548277	74560876	4	0.6885
WRIED_p_TCGA_143_147_150_Hahn_N_GenomeWideSNP_6_A06_799976	8	74561008	82372756	4593	0.3838
WRIED_p_TCGA_143_147_150_Hahn_N_GenomeWideSNP_6_A06_799976	8	82376013	83724048	773	0.0095
WRIED_p_TCGA_143_147_150_Hahn_N_GenomeWideSNP_6_A06_799976	8	83727594	146298155	39743	0.3819
WRIED_p_TCGA_143_147_150_Hahn_N_GenomeWideSNP_6_A06_799976	9	46587	186580	22	-0.1857
WRIED_p_TCGA_143_147_150_Hahn_N_GenomeWideSNP_6_A06_799976	9	192129	32736715	27059	-0.6038
WRIED_p_TCGA_143_147_150_Hahn_N_GenomeWideSNP_6_A06_799976	9	32737092	33800628	753	0.0024
WRIED_p_TCGA_143_147_150_Hahn_N_GenomeWideSNP_6_A06_799976	9	33803005	33803889	2	1.458
WRIED_p_TCGA_143_147_150_Hahn_N_GenomeWideSNP_6_A06_799976	9	33803970	39247233	3120	-0.0228
WRIED_p_TCGA_143_147_150_Hahn_N_GenomeWideSNP_6_A06_799976	9	39249761	39283453	11	0.616
WRIED_p_TCGA_143_147_150_Hahn_N_GenomeWideSNP_6_A06_799976	9	39305146	43315974	118	-0.0483
WRIED_p_TCGA_143_147_150_Hahn_N_GenomeWideSNP_6_A06_799976	9	43472537	43790346	38	-0.3735
WRIED_p_TCGA_143_147_150_Hahn_N_GenomeWideSNP_6_A06_799976	9	43800186	44751355	60	0.1762
WRIED_p_TCGA_143_147_150_Hahn_N_GenomeWideSNP_6_A06_799976	9	44751939	44875942	29	-0.3226
WRIED_p_TCGA_143_147_150_Hahn_N_GenomeWideSNP_6_A06_799976	9	44888127	46183645	68	0.2196
WRIED_p_TCGA_143_147_150_Hahn_N_GenomeWideSNP_6_A06_799976	9	46210365	46294329	3	1.4766
WRIED_p_TCGA_143_147_150_Hahn_N_GenomeWideSNP_6_A06_799976	9	46294350	68183981	81	-0.0571
WRIED_p_TCGA_143_147_150_Hahn_N_GenomeWideSNP_6_A06_799976	9	68186051	68186053	2	1.6425
WRIED_p_TCGA_143_147_150_Hahn_N_GenomeWideSNP_6_A06_799976	9	68186056	69186393	122	0.0031
WRIED_p_TCGA_143_147_150_Hahn_N_GenomeWideSNP_6_A06_799976	9	69186411	69637172	27	0.3714
WRIED_p_TCGA_143_147_150_Hahn_N_GenomeWideSNP_6_A06_799976	9	69644354	141091394	47865	-0.0189
WRIED_p_TCGA_143_147_150_Hahn_N_GenomeWideSNP_6_A06_799976	10	72759	18185123	14789	-0.0034
WRIED_p_TCGA_143_147_150_Hahn_N_GenomeWideSNP_6_A06_799976	10	18196769	18199813	2	-1.7354
WRIED_p_TCGA_143_147_150_Hahn_N_GenomeWideSNP_6_A06_799976	10	18223647	19528474	1045	-0.0127
WRIED_p_TCGA_143_147_150_Hahn_N_GenomeWideSNP_6_A06_799976	10	19530653	19531091	2	-1.5877
WRIED_p_TCGA_143_147_150_Hahn_N_GenomeWideSNP_6_A06_799976	10	19532355	24375263	3266	0.0074
WRIED_p_TCGA_143_147_150_Hahn_N_GenomeWideSNP_6_A06_799976	10	24377674	24378951	13	0.5826
WRIED_p_TCGA_143_147_150_Hahn_N_GenomeWideSNP_6_A06_799976	10	24379007	56680277	18006	-0.007
WRIED_p_TCGA_143_147_150_Hahn_N_GenomeWideSNP_6_A06_799976	10	56683090	56684037	2	-2.0837
WRIED_p_TCGA_143_147_150_Hahn_N_GenomeWideSNP_6_A06_799976	10	56687294	72313265	10724	0.0022
WRIED_p_TCGA_143_147_150_Hahn_N_GenomeWideSNP_6_A06_799976	10	72313587	72316973	4	-1.1293
WRIED_p_TCGA_143_147_150_Hahn_N_GenomeWideSNP_6_A06_799976	10	72318190	78252851	3393	-0.0256
WRIED_p_TCGA_143_147_150_Hahn_N_GenomeWideSNP_6_A06_799976	10	78257061	78257610	2	1.3259
WRIED_p_TCGA_143_147_150_Hahn_N_GenomeWideSNP_6_A06_799976	10	78261267	90938161	9006	0.0031
WRIED_p_TCGA_143_147_150_Hahn_N_GenomeWideSNP_6_A06_799976	10	90938441	90943736	9	-0.7372
WRIED_p_TCGA_143_147_150_Hahn_N_GenomeWideSNP_6_A06_799976	10	90947813	124341534	22411	-0.0056
WRIED_p_TCGA_143_147_150_Hahn_N_GenomeWideSNP_6_A06_799976	10	124343951	124356812	8	-0.9673
WRIED_p_TCGA_143_147_150_Hahn_N_GenomeWideSNP_6_A06_799976	10	124357726	135506704	7895	-0.0288
WRIED_p_TCGA_143_147_150_Hahn_N_GenomeWideSNP_6_A06_799976	11	198510	4967650	2461	-0.0089
WRIED_p_TCGA_143_147_150_Hahn_N_GenomeWideSNP_6_A06_799976	11	4968117	4976907	43	0.5089
WRIED_p_TCGA_143_147_150_Hahn_N_GenomeWideSNP_6_A06_799976	11	4977011	18949072	10165	0.0019
WRIED_p_TCGA_143_147_150_Hahn_N_GenomeWideSNP_6_A06_799976	11	18949109	18971380	63	0.3401
WRIED_p_TCGA_143_147_150_Hahn_N_GenomeWideSNP_6_A06_799976	11	18971413	21711384	2469	0.0067
WRIED_p_TCGA_143_147_150_Hahn_N_GenomeWideSNP_6_A06_799976	11	21714462	21723483	6	-0.8758
WRIED_p_TCGA_143_147_150_Hahn_N_GenomeWideSNP_6_A06_799976	11	21734095	21846894	99	0.0074
WRIED_p_TCGA_143_147_150_Hahn_N_GenomeWideSNP_6_A06_799976	11	21847506	21848752	5	-0.9299
WRIED_p_TCGA_143_147_150_Hahn_N_GenomeWideSNP_6_A06_799976	11	21850657	35456643	9455	0.0057
WRIED_p_TCGA_143_147_150_Hahn_N_GenomeWideSNP_6_A06_799976	11	35457845	35458659	4	-1.7444
WRIED_p_TCGA_143_147_150_Hahn_N_GenomeWideSNP_6_A06_799976	11	35458946	55376261	9644	-0.0038
WRIED_p_TCGA_143_147_150_Hahn_N_GenomeWideSNP_6_A06_799976	11	55376280	55444211	42	-0.4194
WRIED_p_TCGA_143_147_150_Hahn_N_GenomeWideSNP_6_A06_799976	11	55444868	67471742	6210	-0.0088
WRIED_p_TCGA_143_147_150_Hahn_N_GenomeWideSNP_6_A06_799976	11	67472145	67503656	10	0.5824
WRIED_p_TCGA_143_147_150_Hahn_N_GenomeWideSNP_6_A06_799976	11	67507397	101594384	22252	0.0064
WRIED_p_TCGA_143_147_150_Hahn_N_GenomeWideSNP_6_A06_799976	11	101597860	101597964	4	-1.1295
WRIED_p_TCGA_143_147_150_Hahn_N_GenomeWideSNP_6_A06_799976	11	101598212	134150529	23011	-0.0229
WRIED_p_TCGA_143_147_150_Hahn_N_GenomeWideSNP_6_A06_799976	11	134152030	134210862	37	0.4489
WRIED_p_TCGA_143_147_150_Hahn_N_GenomeWideSNP_6_A06_799976	11	134216865	134944770	589	-0.0735
WRIED_p_TCGA_143_147_150_Hahn_N_GenomeWideSNP_6_A06_799976	12	150442	8442285	5556	-0.0078
WRIED_p_TCGA_143_147_150_Hahn_N_GenomeWideSNP_6_A06_799976	12	8449112	8584672	62	0.3318
WRIED_p_TCGA_143_147_150_Hahn_N_GenomeWideSNP_6_A06_799976	12	8594894	9460534	475	-0.0085
WRIED_p_TCGA_143_147_150_Hahn_N_GenomeWideSNP_6_A06_799976	12	9461228	9467809	2	-1.9813
WRIED_p_TCGA_143_147_150_Hahn_N_GenomeWideSNP_6_A06_799976	12	9472365	33386757	16712	0.0041
WRIED_p_TCGA_143_147_150_Hahn_N_GenomeWideSNP_6_A06_799976	12	33388829	33395418	5	-1.6059
WRIED_p_TCGA_143_147_150_Hahn_N_GenomeWideSNP_6_A06_799976	12	33399053	128819513	58306	-0.0058
WRIED_p_TCGA_143_147_150_Hahn_N_GenomeWideSNP_6_A06_799976	12	128819845	128821258	3	1.2697
WRIED_p_TCGA_143_147_150_Hahn_N_GenomeWideSNP_6_A06_799976	12	128821377	133778189	3438	-0.0449
WRIED_p_TCGA_143_147_150_Hahn_N_GenomeWideSNP_6_A06_799976	13	19026949	32532622	9576	-0.011
WRIED_p_TCGA_143_147_150_Hahn_N_GenomeWideSNP_6_A06_799976	13	32532727	32538423	17	-0.8416
WRIED_p_TCGA_143_147_150_Hahn_N_GenomeWideSNP_6_A06_799976	13	32540047	38075904	3877	0.0096
WRIED_p_TCGA_143_147_150_Hahn_N_GenomeWideSNP_6_A06_799976	13	38075965	38084757	13	0.4802
WRIED_p_TCGA_143_147_150_Hahn_N_GenomeWideSNP_6_A06_799976	13	38088330	39379261	923	0.009
WRIED_p_TCGA_143_147_150_Hahn_N_GenomeWideSNP_6_A06_799976	13	39379365	39380174	2	-1.1103
WRIED_p_TCGA_143_147_150_Hahn_N_GenomeWideSNP_6_A06_799976	13	39389693	89796852	31629	0.004
WRIED_p_TCGA_143_147_150_Hahn_N_GenomeWideSNP_6_A06_799976	13	89802214	89839415	21	-0.7552
WRIED_p_TCGA_143_147_150_Hahn_N_GenomeWideSNP_6_A06_799976	13	89845955	115108397	17747	-0.0097
WRIED_p_TCGA_143_147_150_Hahn_N_GenomeWideSNP_6_A06_799976	14	19002124	20201117	85	0.1456
WRIED_p_TCGA_143_147_150_Hahn_N_GenomeWideSNP_6_A06_799976	14	20203466	20423372	105	0.5802
WRIED_p_TCGA_143_147_150_Hahn_N_GenomeWideSNP_6_A06_799976	14	20424926	26783903	4346	0.0136
WRIED_p_TCGA_143_147_150_Hahn_N_GenomeWideSNP_6_A06_799976	14	26783911	26783918	7	1.2898
WRIED_p_TCGA_143_147_150_Hahn_N_GenomeWideSNP_6_A06_799976	14	26784913	29723729	1669	0.0037
WRIED_p_TCGA_143_147_150_Hahn_N_GenomeWideSNP_6_A06_799976	14	29727854	29728354	2	1.2609
WRIED_p_TCGA_143_147_150_Hahn_N_GenomeWideSNP_6_A06_799976	14	29731662	37941060	5309	0.0188
WRIED_p_TCGA_143_147_150_Hahn_N_GenomeWideSNP_6_A06_799976	14	37943060	38279008	161	0.3954
WRIED_p_TCGA_143_147_150_Hahn_N_GenomeWideSNP_6_A06_799976	14	38284757	79854188	26261	-7e-04
WRIED_p_TCGA_143_147_150_Hahn_N_GenomeWideSNP_6_A06_799976	14	79854778	79911307	40	-0.6449
WRIED_p_TCGA_143_147_150_Hahn_N_GenomeWideSNP_6_A06_799976	14	79914961	85565295	3690	0.015
WRIED_p_TCGA_143_147_150_Hahn_N_GenomeWideSNP_6_A06_799976	14	85565426	85565800	4	1.0206
WRIED_p_TCGA_143_147_150_Hahn_N_GenomeWideSNP_6_A06_799976	14	85565964	98873258	9204	-0.0149
WRIED_p_TCGA_143_147_150_Hahn_N_GenomeWideSNP_6_A06_799976	14	98881085	98882863	4	-1.6297
WRIED_p_TCGA_143_147_150_Hahn_N_GenomeWideSNP_6_A06_799976	14	98883534	106538062	3953	-0.0203
WRIED_p_TCGA_143_147_150_Hahn_N_GenomeWideSNP_6_A06_799976	14	106541753	106569463	14	0.8045
WRIED_p_TCGA_143_147_150_Hahn_N_GenomeWideSNP_6_A06_799976	14	106574118	106796025	102	-0.0243
WRIED_p_TCGA_143_147_150_Hahn_N_GenomeWideSNP_6_A06_799976	14	106796228	106815943	7	0.6551
WRIED_p_TCGA_143_147_150_Hahn_N_GenomeWideSNP_6_A06_799976	14	106818557	106872062	31	-0.0279
WRIED_p_TCGA_143_147_150_Hahn_N_GenomeWideSNP_6_A06_799976	14	106874361	106939788	60	0.4388
WRIED_p_TCGA_143_147_150_Hahn_N_GenomeWideSNP_6_A06_799976	14	106943522	107285437	216	-0.0116
WRIED_p_TCGA_143_147_150_Hahn_N_GenomeWideSNP_6_A06_799976	15	20016328	22543492	406	0.302
WRIED_p_TCGA_143_147_150_Hahn_N_GenomeWideSNP_6_A06_799976	15	22548025	32822533	5894	-0.0346
WRIED_p_TCGA_143_147_150_Hahn_N_GenomeWideSNP_6_A06_799976	15	32822612	32876984	8	0.3622
WRIED_p_TCGA_143_147_150_Hahn_N_GenomeWideSNP_6_A06_799976	15	32902983	76891241	27861	-0.0133
WRIED_p_TCGA_143_147_150_Hahn_N_GenomeWideSNP_6_A06_799976	15	76891511	76895774	20	-1.4417
WRIED_p_TCGA_143_147_150_Hahn_N_GenomeWideSNP_6_A06_799976	15	76895775	102469040	17599	-0.0174
WRIED_p_TCGA_143_147_150_Hahn_N_GenomeWideSNP_6_A06_799976	16	60777	16568200	11752	-0.025
WRIED_p_TCGA_143_147_150_Hahn_N_GenomeWideSNP_6_A06_799976	16	16585264	16679345	16	0.5324
WRIED_p_TCGA_143_147_150_Hahn_N_GenomeWideSNP_6_A06_799976	16	16680898	22615804	3038	-0.028
WRIED_p_TCGA_143_147_150_Hahn_N_GenomeWideSNP_6_A06_799976	16	22625584	22704520	58	-0.4537
WRIED_p_TCGA_143_147_150_Hahn_N_GenomeWideSNP_6_A06_799976	16	22710742	55796594	12353	-0.0228
WRIED_p_TCGA_143_147_150_Hahn_N_GenomeWideSNP_6_A06_799976	16	55798222	55798779	3	1.8653
WRIED_p_TCGA_143_147_150_Hahn_N_GenomeWideSNP_6_A06_799976	16	55804348	90287535	24954	-0.012
WRIED_p_TCGA_143_147_150_Hahn_N_GenomeWideSNP_6_A06_799976	17	526	11197504	6664	-0.0419
WRIED_p_TCGA_143_147_150_Hahn_N_GenomeWideSNP_6_A06_799976	17	11199376	11230466	29	-0.7523
WRIED_p_TCGA_143_147_150_Hahn_N_GenomeWideSNP_6_A06_799976	17	11232535	11234035	2	-3.1583
WRIED_p_TCGA_143_147_150_Hahn_N_GenomeWideSNP_6_A06_799976	17	11234884	11866891	502	-0.6622
WRIED_p_TCGA_143_147_150_Hahn_N_GenomeWideSNP_6_A06_799976	17	11868807	15038113	2474	-0.0165
WRIED_p_TCGA_143_147_150_Hahn_N_GenomeWideSNP_6_A06_799976	17	15043926	15054502	30	-2.3146
WRIED_p_TCGA_143_147_150_Hahn_N_GenomeWideSNP_6_A06_799976	17	15058991	18358946	1706	-0.0344
WRIED_p_TCGA_143_147_150_Hahn_N_GenomeWideSNP_6_A06_799976	17	18358949	18459272	25	0.4208
WRIED_p_TCGA_143_147_150_Hahn_N_GenomeWideSNP_6_A06_799976	17	18464586	27032827	2423	-0.0213
WRIED_p_TCGA_143_147_150_Hahn_N_GenomeWideSNP_6_A06_799976	17	27040304	27667168	291	0.3384
WRIED_p_TCGA_143_147_150_Hahn_N_GenomeWideSNP_6_A06_799976	17	27668330	27955761	114	0.6038
WRIED_p_TCGA_143_147_150_Hahn_N_GenomeWideSNP_6_A06_799976	17	27957262	27986380	14	0.3667
WRIED_p_TCGA_143_147_150_Hahn_N_GenomeWideSNP_6_A06_799976	17	27987241	28703881	310	-0.0284
WRIED_p_TCGA_143_147_150_Hahn_N_GenomeWideSNP_6_A06_799976	17	28704463	28751371	23	0.3562
WRIED_p_TCGA_143_147_150_Hahn_N_GenomeWideSNP_6_A06_799976	17	28757223	30119526	606	-0.6358
WRIED_p_TCGA_143_147_150_Hahn_N_GenomeWideSNP_6_A06_799976	17	30120664	30123746	7	-2.9037
WRIED_p_TCGA_143_147_150_Hahn_N_GenomeWideSNP_6_A06_799976	17	30123787	34485091	3126	-0.6593
WRIED_p_TCGA_143_147_150_Hahn_N_GenomeWideSNP_6_A06_799976	17	34528125	34629696	5	0.6052
WRIED_p_TCGA_143_147_150_Hahn_N_GenomeWideSNP_6_A06_799976	17	34816256	39421708	2529	-0.6443
WRIED_p_TCGA_143_147_150_Hahn_N_GenomeWideSNP_6_A06_799976	17	39423014	39433116	30	0.3662
WRIED_p_TCGA_143_147_150_Hahn_N_GenomeWideSNP_6_A06_799976	17	39433159	43520110	2135	-0.6619
WRIED_p_TCGA_143_147_150_Hahn_N_GenomeWideSNP_6_A06_799976	17	43532033	43655090	22	0.2648
WRIED_p_TCGA_143_147_150_Hahn_N_GenomeWideSNP_6_A06_799976	17	43656380	44148743	332	-0.6812
WRIED_p_TCGA_143_147_150_Hahn_N_GenomeWideSNP_6_A06_799976	17	44150787	44364170	136	0.221
WRIED_p_TCGA_143_147_150_Hahn_N_GenomeWideSNP_6_A06_799976	17	44394412	44764994	49	1.3193
WRIED_p_TCGA_143_147_150_Hahn_N_GenomeWideSNP_6_A06_799976	17	44784652	45567791	408	-0.662
WRIED_p_TCGA_143_147_150_Hahn_N_GenomeWideSNP_6_A06_799976	17	45581962	46519271	488	0.3972
WRIED_p_TCGA_143_147_150_Hahn_N_GenomeWideSNP_6_A06_799976	17	46519702	46525353	7	-0.5349
WRIED_p_TCGA_143_147_150_Hahn_N_GenomeWideSNP_6_A06_799976	17	46527718	46545458	16	0.7288
WRIED_p_TCGA_143_147_150_Hahn_N_GenomeWideSNP_6_A06_799976	17	46548667	48159201	836	-0.6748
WRIED_p_TCGA_143_147_150_Hahn_N_GenomeWideSNP_6_A06_799976	17	48160223	48257154	43	1.1344
WRIED_p_TCGA_143_147_150_Hahn_N_GenomeWideSNP_6_A06_799976	17	48257248	48483088	126	1.7299
WRIED_p_TCGA_143_147_150_Hahn_N_GenomeWideSNP_6_A06_799976	17	48483566	48695757	121	1.1447
WRIED_p_TCGA_143_147_150_Hahn_N_GenomeWideSNP_6_A06_799976	17	48702625	48983775	149	-0.6677
WRIED_p_TCGA_143_147_150_Hahn_N_GenomeWideSNP_6_A06_799976	17	48984971	49067763	44	-0.0164
WRIED_p_TCGA_143_147_150_Hahn_N_GenomeWideSNP_6_A06_799976	17	49072170	49335763	95	0.7076
WRIED_p_TCGA_143_147_150_Hahn_N_GenomeWideSNP_6_A06_799976	17	49335917	49918436	459	0.0112
WRIED_p_TCGA_143_147_150_Hahn_N_GenomeWideSNP_6_A06_799976	17	49918971	50310179	316	0.4722
WRIED_p_TCGA_143_147_150_Hahn_N_GenomeWideSNP_6_A06_799976	17	50310245	50327288	16	1.1622
WRIED_p_TCGA_143_147_150_Hahn_N_GenomeWideSNP_6_A06_799976	17	50328178	50590528	187	0.4201
WRIED_p_TCGA_143_147_150_Hahn_N_GenomeWideSNP_6_A06_799976	17	50590795	50599383	10	1.0682
WRIED_p_TCGA_143_147_150_Hahn_N_GenomeWideSNP_6_A06_799976	17	50603740	51528997	619	0.4245
WRIED_p_TCGA_143_147_150_Hahn_N_GenomeWideSNP_6_A06_799976	17	51534939	51546058	16	1.1083
WRIED_p_TCGA_143_147_150_Hahn_N_GenomeWideSNP_6_A06_799976	17	51548776	51557534	8	0.3265
WRIED_p_TCGA_143_147_150_Hahn_N_GenomeWideSNP_6_A06_799976	17	51559528	52067884	319	1.0215
WRIED_p_TCGA_143_147_150_Hahn_N_GenomeWideSNP_6_A06_799976	17	52070059	52391028	187	1.7509
WRIED_p_TCGA_143_147_150_Hahn_N_GenomeWideSNP_6_A06_799976	17	52406927	52625929	101	1.2209
WRIED_p_TCGA_143_147_150_Hahn_N_GenomeWideSNP_6_A06_799976	17	52628534	53010670	310	1.5474
WRIED_p_TCGA_143_147_150_Hahn_N_GenomeWideSNP_6_A06_799976	17	53019154	53700767	510	0.8876
WRIED_p_TCGA_143_147_150_Hahn_N_GenomeWideSNP_6_A06_799976	17	53702889	54158336	388	-0.024
WRIED_p_TCGA_143_147_150_Hahn_N_GenomeWideSNP_6_A06_799976	17	54158456	54167749	23	0.3298
WRIED_p_TCGA_143_147_150_Hahn_N_GenomeWideSNP_6_A06_799976	17	54167853	55693612	1180	-0.0256
WRIED_p_TCGA_143_147_150_Hahn_N_GenomeWideSNP_6_A06_799976	17	55697803	55701134	7	0.9865
WRIED_p_TCGA_143_147_150_Hahn_N_GenomeWideSNP_6_A06_799976	17	55701446	56510658	518	-0.0289
WRIED_p_TCGA_143_147_150_Hahn_N_GenomeWideSNP_6_A06_799976	17	56514386	56522533	8	1.0433
WRIED_p_TCGA_143_147_150_Hahn_N_GenomeWideSNP_6_A06_799976	17	56528629	56693640	77	-0.0659
WRIED_p_TCGA_143_147_150_Hahn_N_GenomeWideSNP_6_A06_799976	17	56698827	56714651	7	0.8195
WRIED_p_TCGA_143_147_150_Hahn_N_GenomeWideSNP_6_A06_799976	17	56718307	57049658	140	1.7838
WRIED_p_TCGA_143_147_150_Hahn_N_GenomeWideSNP_6_A06_799976	17	57053421	57217894	72	2.1713
WRIED_p_TCGA_143_147_150_Hahn_N_GenomeWideSNP_6_A06_799976	17	57219257	57249524	13	1.7487
WRIED_p_TCGA_143_147_150_Hahn_N_GenomeWideSNP_6_A06_799976	17	57255046	57383180	55	1.3696
WRIED_p_TCGA_143_147_150_Hahn_N_GenomeWideSNP_6_A06_799976	17	57390306	57549538	95	1.7096
WRIED_p_TCGA_143_147_150_Hahn_N_GenomeWideSNP_6_A06_799976	17	57551480	57837819	127	1.3194
WRIED_p_TCGA_143_147_150_Hahn_N_GenomeWideSNP_6_A06_799976	17	57838943	57969835	58	1.7678
WRIED_p_TCGA_143_147_150_Hahn_N_GenomeWideSNP_6_A06_799976	17	57976658	58477369	216	1.2549
WRIED_p_TCGA_143_147_150_Hahn_N_GenomeWideSNP_6_A06_799976	17	58478249	58567507	54	1.8651
WRIED_p_TCGA_143_147_150_Hahn_N_GenomeWideSNP_6_A06_799976	17	58569968	58713072	69	1.1276
WRIED_p_TCGA_143_147_150_Hahn_N_GenomeWideSNP_6_A06_799976	17	58714883	59658751	511	1.8105
WRIED_p_TCGA_143_147_150_Hahn_N_GenomeWideSNP_6_A06_799976	17	59661486	59891508	110	1.4487
WRIED_p_TCGA_143_147_150_Hahn_N_GenomeWideSNP_6_A06_799976	17	59892064	60782472	378	0.9006
WRIED_p_TCGA_143_147_150_Hahn_N_GenomeWideSNP_6_A06_799976	17	60785019	63324426	1268	1.3436
WRIED_p_TCGA_143_147_150_Hahn_N_GenomeWideSNP_6_A06_799976	17	63324885	63459786	107	1.7518
WRIED_p_TCGA_143_147_150_Hahn_N_GenomeWideSNP_6_A06_799976	17	63461134	64189793	422	2.3007
WRIED_p_TCGA_143_147_150_Hahn_N_GenomeWideSNP_6_A06_799976	17	64193824	66361073	1363	1.4922
WRIED_p_TCGA_143_147_150_Hahn_N_GenomeWideSNP_6_A06_799976	17	66363467	67636102	843	0.7321
WRIED_p_TCGA_143_147_150_Hahn_N_GenomeWideSNP_6_A06_799976	17	67640076	67703844	40	0.4071
WRIED_p_TCGA_143_147_150_Hahn_N_GenomeWideSNP_6_A06_799976	17	67705202	69042959	1034	0.7528
WRIED_p_TCGA_143_147_150_Hahn_N_GenomeWideSNP_6_A06_799976	17	69043850	69348304	263	0.4214
WRIED_p_TCGA_143_147_150_Hahn_N_GenomeWideSNP_6_A06_799976	17	69355918	70268954	722	0.7544
WRIED_p_TCGA_143_147_150_Hahn_N_GenomeWideSNP_6_A06_799976	17	70268997	70334286	58	1.0498
WRIED_p_TCGA_143_147_150_Hahn_N_GenomeWideSNP_6_A06_799976	17	70334725	73087711	1890	0.3982
WRIED_p_TCGA_143_147_150_Hahn_N_GenomeWideSNP_6_A06_799976	17	73089852	73814253	293	-0.0623
WRIED_p_TCGA_143_147_150_Hahn_N_GenomeWideSNP_6_A06_799976	17	73815203	74447351	296	0.3756
WRIED_p_TCGA_143_147_150_Hahn_N_GenomeWideSNP_6_A06_799976	17	74455272	76901465	1473	-0.0502
WRIED_p_TCGA_143_147_150_Hahn_N_GenomeWideSNP_6_A06_799976	17	76905119	77991228	597	0.3913
WRIED_p_TCGA_143_147_150_Hahn_N_GenomeWideSNP_6_A06_799976	17	77993096	77996780	3	-0.7034
WRIED_p_TCGA_143_147_150_Hahn_N_GenomeWideSNP_6_A06_799976	17	78004093	78080999	43	0.3903
WRIED_p_TCGA_143_147_150_Hahn_N_GenomeWideSNP_6_A06_799976	17	78090081	81049726	1307	-0.0565
WRIED_p_TCGA_143_147_150_Hahn_N_GenomeWideSNP_6_A06_799976	18	11543	92133	9	-0.677
WRIED_p_TCGA_143_147_150_Hahn_N_GenomeWideSNP_6_A06_799976	18	97829	3144882	2185	0.003
WRIED_p_TCGA_143_147_150_Hahn_N_GenomeWideSNP_6_A06_799976	18	3147438	7590295	3229	-0.6348
WRIED_p_TCGA_143_147_150_Hahn_N_GenomeWideSNP_6_A06_799976	18	7591704	8166237	402	0.0094
WRIED_p_TCGA_143_147_150_Hahn_N_GenomeWideSNP_6_A06_799976	18	8167050	8629168	415	-0.6806
WRIED_p_TCGA_143_147_150_Hahn_N_GenomeWideSNP_6_A06_799976	18	8629720	12545752	2764	-0.01
WRIED_p_TCGA_143_147_150_Hahn_N_GenomeWideSNP_6_A06_799976	18	12548970	12928541	172	-0.6301
WRIED_p_TCGA_143_147_150_Hahn_N_GenomeWideSNP_6_A06_799976	18	12933251	13421924	306	-0.0172
WRIED_p_TCGA_143_147_150_Hahn_N_GenomeWideSNP_6_A06_799976	18	13421964	51621037	22355	-0.6008
WRIED_p_TCGA_143_147_150_Hahn_N_GenomeWideSNP_6_A06_799976	18	51623130	51977617	178	-0.0163
WRIED_p_TCGA_143_147_150_Hahn_N_GenomeWideSNP_6_A06_799976	18	51978349	78015057	18374	-0.6281
WRIED_p_TCGA_143_147_150_Hahn_N_GenomeWideSNP_6_A06_799976	19	90910	5506659	1595	-0.0623
WRIED_p_TCGA_143_147_150_Hahn_N_GenomeWideSNP_6_A06_799976	19	5510239	5510653	3	-1.8725
WRIED_p_TCGA_143_147_150_Hahn_N_GenomeWideSNP_6_A06_799976	19	5510700	8334939	1327	-0.0736
WRIED_p_TCGA_143_147_150_Hahn_N_GenomeWideSNP_6_A06_799976	19	8350197	8351473	3	1.4302
WRIED_p_TCGA_143_147_150_Hahn_N_GenomeWideSNP_6_A06_799976	19	8351848	35856286	13842	-0.0576
WRIED_p_TCGA_143_147_150_Hahn_N_GenomeWideSNP_6_A06_799976	19	35856559	35857866	10	0.5764
WRIED_p_TCGA_143_147_150_Hahn_N_GenomeWideSNP_6_A06_799976	19	35861170	40358998	2291	-0.0625
WRIED_p_TCGA_143_147_150_Hahn_N_GenomeWideSNP_6_A06_799976	19	40359556	40359571	2	1.2855
WRIED_p_TCGA_143_147_150_Hahn_N_GenomeWideSNP_6_A06_799976	19	40359603	41348869	490	-0.0743
WRIED_p_TCGA_143_147_150_Hahn_N_GenomeWideSNP_6_A06_799976	19	41350996	41392654	38	-0.4947
WRIED_p_TCGA_143_147_150_Hahn_N_GenomeWideSNP_6_A06_799976	19	41392885	43247525	886	-0.0619
WRIED_p_TCGA_143_147_150_Hahn_N_GenomeWideSNP_6_A06_799976	19	43255217	43362652	41	0.5834
WRIED_p_TCGA_143_147_150_Hahn_N_GenomeWideSNP_6_A06_799976	19	43368935	43542831	90	0.0468
WRIED_p_TCGA_143_147_150_Hahn_N_GenomeWideSNP_6_A06_799976	19	43549014	43590861	15	-0.946
WRIED_p_TCGA_143_147_150_Hahn_N_GenomeWideSNP_6_A06_799976	19	43591253	43703033	56	0.0658
WRIED_p_TCGA_143_147_150_Hahn_N_GenomeWideSNP_6_A06_799976	19	43703504	43756237	21	-0.5413
WRIED_p_TCGA_143_147_150_Hahn_N_GenomeWideSNP_6_A06_799976	19	43766659	48591728	2450	-0.0673
WRIED_p_TCGA_143_147_150_Hahn_N_GenomeWideSNP_6_A06_799976	19	48592183	49572547	433	0.3366
WRIED_p_TCGA_143_147_150_Hahn_N_GenomeWideSNP_6_A06_799976	19	49572577	51059088	602	0.667
WRIED_p_TCGA_143_147_150_Hahn_N_GenomeWideSNP_6_A06_799976	19	51067429	52131813	676	0.3494
WRIED_p_TCGA_143_147_150_Hahn_N_GenomeWideSNP_6_A06_799976	19	52142352	52148197	11	-1.9233
WRIED_p_TCGA_143_147_150_Hahn_N_GenomeWideSNP_6_A06_799976	19	52154905	52635331	326	0.3713
WRIED_p_TCGA_143_147_150_Hahn_N_GenomeWideSNP_6_A06_799976	19	52636632	54109489	1084	0.7024
WRIED_p_TCGA_143_147_150_Hahn_N_GenomeWideSNP_6_A06_799976	19	54119562	55251855	636	0.3321
WRIED_p_TCGA_143_147_150_Hahn_N_GenomeWideSNP_6_A06_799976	19	55252385	55326613	20	0.8959
WRIED_p_TCGA_143_147_150_Hahn_N_GenomeWideSNP_6_A06_799976	19	55330654	55581511	165	-0.0522
WRIED_p_TCGA_143_147_150_Hahn_N_GenomeWideSNP_6_A06_799976	19	55581573	55936826	136	0.6732
WRIED_p_TCGA_143_147_150_Hahn_N_GenomeWideSNP_6_A06_799976	19	55939785	56949967	651	1.1625
WRIED_p_TCGA_143_147_150_Hahn_N_GenomeWideSNP_6_A06_799976	19	56950293	57069560	99	1.5418
WRIED_p_TCGA_143_147_150_Hahn_N_GenomeWideSNP_6_A06_799976	19	57070686	59097854	1253	-0.049
WRIED_p_TCGA_143_147_150_Hahn_N_GenomeWideSNP_6_A06_799976	20	61305	23550313	18267	-0.0143
WRIED_p_TCGA_143_147_150_Hahn_N_GenomeWideSNP_6_A06_799976	20	23551816	23552298	2	-2.182
WRIED_p_TCGA_143_147_150_Hahn_N_GenomeWideSNP_6_A06_799976	20	23552673	26305491	1669	0.0019
WRIED_p_TCGA_143_147_150_Hahn_N_GenomeWideSNP_6_A06_799976	20	26305579	29855344	79	0.4017
WRIED_p_TCGA_143_147_150_Hahn_N_GenomeWideSNP_6_A06_799976	20	29860167	30045643	91	1.1832
WRIED_p_TCGA_143_147_150_Hahn_N_GenomeWideSNP_6_A06_799976	20	30048536	30379681	156	1.5225
WRIED_p_TCGA_143_147_150_Hahn_N_GenomeWideSNP_6_A06_799976	20	30382543	30499326	52	0.7164
WRIED_p_TCGA_143_147_150_Hahn_N_GenomeWideSNP_6_A06_799976	20	30506121	30658173	72	0.348
WRIED_p_TCGA_143_147_150_Hahn_N_GenomeWideSNP_6_A06_799976	20	30660935	30922489	120	0.7243
WRIED_p_TCGA_143_147_150_Hahn_N_GenomeWideSNP_6_A06_799976	20	30922635	31057049	58	0.3943
WRIED_p_TCGA_143_147_150_Hahn_N_GenomeWideSNP_6_A06_799976	20	31057969	31167000	49	-0.0127
WRIED_p_TCGA_143_147_150_Hahn_N_GenomeWideSNP_6_A06_799976	20	31176127	32531742	758	-0.693
WRIED_p_TCGA_143_147_150_Hahn_N_GenomeWideSNP_6_A06_799976	20	32535305	32550439	18	0.6491
WRIED_p_TCGA_143_147_150_Hahn_N_GenomeWideSNP_6_A06_799976	20	32552075	32584767	15	1.0689
WRIED_p_TCGA_143_147_150_Hahn_N_GenomeWideSNP_6_A06_799976	20	32584911	32608225	7	0.7631
WRIED_p_TCGA_143_147_150_Hahn_N_GenomeWideSNP_6_A06_799976	20	32613041	33882167	553	1.3753
WRIED_p_TCGA_143_147_150_Hahn_N_GenomeWideSNP_6_A06_799976	20	33884659	33996993	56	1.8076
WRIED_p_TCGA_143_147_150_Hahn_N_GenomeWideSNP_6_A06_799976	20	33999901	34555966	262	2.2709
WRIED_p_TCGA_143_147_150_Hahn_N_GenomeWideSNP_6_A06_799976	20	34557619	35063291	201	1.8899
WRIED_p_TCGA_143_147_150_Hahn_N_GenomeWideSNP_6_A06_799976	20	35063533	35500850	170	1.3891
WRIED_p_TCGA_143_147_150_Hahn_N_GenomeWideSNP_6_A06_799976	20	35502240	35722830	218	0.9029
WRIED_p_TCGA_143_147_150_Hahn_N_GenomeWideSNP_6_A06_799976	20	35726402	36716942	611	1.2248
WRIED_p_TCGA_143_147_150_Hahn_N_GenomeWideSNP_6_A06_799976	20	36719507	36738990	10	0.6201
WRIED_p_TCGA_143_147_150_Hahn_N_GenomeWideSNP_6_A06_799976	20	36745171	37929301	747	-0.0448
WRIED_p_TCGA_143_147_150_Hahn_N_GenomeWideSNP_6_A06_799976	20	37931206	38907441	760	0.7523
WRIED_p_TCGA_143_147_150_Hahn_N_GenomeWideSNP_6_A06_799976	20	38909591	39485512	438	-0.6685
WRIED_p_TCGA_143_147_150_Hahn_N_GenomeWideSNP_6_A06_799976	20	39489630	39731383	144	1.1767
WRIED_p_TCGA_143_147_150_Hahn_N_GenomeWideSNP_6_A06_799976	20	39734881	40823440	755	-0.019
WRIED_p_TCGA_143_147_150_Hahn_N_GenomeWideSNP_6_A06_799976	20	40828205	42383501	1265	0.7494
WRIED_p_TCGA_143_147_150_Hahn_N_GenomeWideSNP_6_A06_799976	20	42391607	42571020	111	0.3688
WRIED_p_TCGA_143_147_150_Hahn_N_GenomeWideSNP_6_A06_799976	20	42573323	44735854	1385	-0.0323
WRIED_p_TCGA_143_147_150_Hahn_N_GenomeWideSNP_6_A06_799976	20	44737104	44817332	60	0.4192
WRIED_p_TCGA_143_147_150_Hahn_N_GenomeWideSNP_6_A06_799976	20	44820156	45745517	772	-0.0444
WRIED_p_TCGA_143_147_150_Hahn_N_GenomeWideSNP_6_A06_799976	20	45751284	45768376	26	0.3508
WRIED_p_TCGA_143_147_150_Hahn_N_GenomeWideSNP_6_A06_799976	20	45768405	45888610	96	0.6849
WRIED_p_TCGA_143_147_150_Hahn_N_GenomeWideSNP_6_A06_799976	20	45891189	46321407	221	0.3253
WRIED_p_TCGA_143_147_150_Hahn_N_GenomeWideSNP_6_A06_799976	20	46324224	46549059	196	0.9161
WRIED_p_TCGA_143_147_150_Hahn_N_GenomeWideSNP_6_A06_799976	20	46551079	46858714	292	1.2306
WRIED_p_TCGA_143_147_150_Hahn_N_GenomeWideSNP_6_A06_799976	20	46859982	46860260	2	-0.5612
WRIED_p_TCGA_143_147_150_Hahn_N_GenomeWideSNP_6_A06_799976	20	46860508	48448280	1030	1.1761
WRIED_p_TCGA_143_147_150_Hahn_N_GenomeWideSNP_6_A06_799976	20	48452549	48697265	107	1.8978
WRIED_p_TCGA_143_147_150_Hahn_N_GenomeWideSNP_6_A06_799976	20	48699651	49506195	578	1.3739
WRIED_p_TCGA_143_147_150_Hahn_N_GenomeWideSNP_6_A06_799976	20	49507271	50147071	481	1.7908
WRIED_p_TCGA_143_147_150_Hahn_N_GenomeWideSNP_6_A06_799976	20	50147400	51364196	857	1.2793
WRIED_p_TCGA_143_147_150_Hahn_N_GenomeWideSNP_6_A06_799976	20	51364690	51623112	190	1.7879
WRIED_p_TCGA_143_147_150_Hahn_N_GenomeWideSNP_6_A06_799976	20	51623202	52173895	453	1.4097
WRIED_p_TCGA_143_147_150_Hahn_N_GenomeWideSNP_6_A06_799976	20	52175607	52249775	34	0.8793
WRIED_p_TCGA_143_147_150_Hahn_N_GenomeWideSNP_6_A06_799976	20	52250820	52450967	155	1.4301
WRIED_p_TCGA_143_147_150_Hahn_N_GenomeWideSNP_6_A06_799976	20	52456445	53274380	726	1.0152
WRIED_p_TCGA_143_147_150_Hahn_N_GenomeWideSNP_6_A06_799976	20	53276305	53326315	55	0.4702
WRIED_p_TCGA_143_147_150_Hahn_N_GenomeWideSNP_6_A06_799976	20	53328421	53397181	59	-0.0392
WRIED_p_TCGA_143_147_150_Hahn_N_GenomeWideSNP_6_A06_799976	20	53411019	55017300	1353	0.4187
WRIED_p_TCGA_143_147_150_Hahn_N_GenomeWideSNP_6_A06_799976	20	55019250	55045825	15	0.9866
WRIED_p_TCGA_143_147_150_Hahn_N_GenomeWideSNP_6_A06_799976	20	55051255	55200790	95	0.3693
WRIED_p_TCGA_143_147_150_Hahn_N_GenomeWideSNP_6_A06_799976	20	55210366	55987164	653	-0.0393
WRIED_p_TCGA_143_147_150_Hahn_N_GenomeWideSNP_6_A06_799976	20	55987809	56088958	76	0.4442
WRIED_p_TCGA_143_147_150_Hahn_N_GenomeWideSNP_6_A06_799976	20	56089416	56709290	515	-0.0262
WRIED_p_TCGA_143_147_150_Hahn_N_GenomeWideSNP_6_A06_799976	20	56713869	57180009	370	0.385
WRIED_p_TCGA_143_147_150_Hahn_N_GenomeWideSNP_6_A06_799976	20	57182049	57589124	259	1.356
WRIED_p_TCGA_143_147_150_Hahn_N_GenomeWideSNP_6_A06_799976	20	57594430	59155840	1297	1.0812
WRIED_p_TCGA_143_147_150_Hahn_N_GenomeWideSNP_6_A06_799976	20	59156825	59595746	435	1.5393
WRIED_p_TCGA_143_147_150_Hahn_N_GenomeWideSNP_6_A06_799976	20	59596057	60263784	573	0.9642
WRIED_p_TCGA_143_147_150_Hahn_N_GenomeWideSNP_6_A06_799976	20	60265617	62956153	1159	-0.0422
WRIED_p_TCGA_143_147_150_Hahn_N_GenomeWideSNP_6_A06_799976	21	10736871	23651134	6414	0.0182
WRIED_p_TCGA_143_147_150_Hahn_N_GenomeWideSNP_6_A06_799976	21	23655900	23664658	9	-4.5236
WRIED_p_TCGA_143_147_150_Hahn_N_GenomeWideSNP_6_A06_799976	21	23666999	48096957	17827	-0.0086
WRIED_p_TCGA_143_147_150_Hahn_N_GenomeWideSNP_6_A06_799976	22	16052528	18055605	779	-0.0076
WRIED_p_TCGA_143_147_150_Hahn_N_GenomeWideSNP_6_A06_799976	22	18058748	18058885	2	2.2216
WRIED_p_TCGA_143_147_150_Hahn_N_GenomeWideSNP_6_A06_799976	22	18062891	23489979	3280	7e-04
WRIED_p_TCGA_143_147_150_Hahn_N_GenomeWideSNP_6_A06_799976	22	23494833	23723050	164	0.4069
WRIED_p_TCGA_143_147_150_Hahn_N_GenomeWideSNP_6_A06_799976	22	23723084	24344422	381	-0.026
WRIED_p_TCGA_143_147_150_Hahn_N_GenomeWideSNP_6_A06_799976	22	24350529	24386631	14	-1.6983
WRIED_p_TCGA_143_147_150_Hahn_N_GenomeWideSNP_6_A06_799976	22	24387320	39290920	10797	-0.0353
WRIED_p_TCGA_143_147_150_Hahn_N_GenomeWideSNP_6_A06_799976	22	39295255	39296904	3	-2.7554
WRIED_p_TCGA_143_147_150_Hahn_N_GenomeWideSNP_6_A06_799976	22	39299114	39363619	39	-0.0208
WRIED_p_TCGA_143_147_150_Hahn_N_GenomeWideSNP_6_A06_799976	22	39363684	39371902	20	-0.8416
WRIED_p_TCGA_143_147_150_Hahn_N_GenomeWideSNP_6_A06_799976	22	39374377	51234455	8005	-0.0413
WRIED_p_TCGA_143_147_150_Hahn_N_GenomeWideSNP_6_A06_799976	X	168477	41574987	25664	0.0311
WRIED_p_TCGA_143_147_150_Hahn_N_GenomeWideSNP_6_A06_799976	X	41579434	43591036	1042	-0.5034
WRIED_p_TCGA_143_147_150_Hahn_N_GenomeWideSNP_6_A06_799976	X	43591500	66847402	8887	0.0029
WRIED_p_TCGA_143_147_150_Hahn_N_GenomeWideSNP_6_A06_799976	X	66854035	67349023	238	-0.4749
WRIED_p_TCGA_143_147_150_Hahn_N_GenomeWideSNP_6_A06_799976	X	67351911	134247309	35559	0.0254
WRIED_p_TCGA_143_147_150_Hahn_N_GenomeWideSNP_6_A06_799976	X	134256031	134256044	2	-2.3153
WRIED_p_TCGA_143_147_150_Hahn_N_GenomeWideSNP_6_A06_799976	X	134296638	155182354	12704	0.0182
WRIED_p_TCGA_143_147_150_Hahn_N_GenomeWideSNP_6_A06_799976	Y	2650438	5949434	804	-2.0164
WRIED_p_TCGA_143_147_150_Hahn_N_GenomeWideSNP_6_A06_799976	Y	5949944	6296423	149	-2.9076
WRIED_p_TCGA_143_147_150_Hahn_N_GenomeWideSNP_6_A06_799976	Y	6299046	19571480	4704	-2.436
WRIED_p_TCGA_143_147_150_Hahn_N_GenomeWideSNP_6_A06_799976	Y	19574890	20970746	649	-2.9513
WRIED_p_TCGA_143_147_150_Hahn_N_GenomeWideSNP_6_A06_799976	Y	20971498	20972173	2	-6.9658
WRIED_p_TCGA_143_147_150_Hahn_N_GenomeWideSNP_6_A06_799976	Y	20972409	21024613	21	-3.2105
WRIED_p_TCGA_143_147_150_Hahn_N_GenomeWideSNP_6_A06_799976	Y	21025062	21726325	302	-2.4025
WRIED_p_TCGA_143_147_150_Hahn_N_GenomeWideSNP_6_A06_799976	Y	21726388	21730257	2	-7.8808
WRIED_p_TCGA_143_147_150_Hahn_N_GenomeWideSNP_6_A06_799976	Y	21730587	22914301	358	-2.3681
WRIED_p_TCGA_143_147_150_Hahn_N_GenomeWideSNP_6_A06_799976	Y	22914378	22918577	2	-7.7199
WRIED_p_TCGA_143_147_150_Hahn_N_GenomeWideSNP_6_A06_799976	Y	22918892	23653771	345	-2.4867
WRIED_p_TCGA_143_147_150_Hahn_N_GenomeWideSNP_6_A06_799976	Y	23683731	23690350	2	-7.1733
WRIED_p_TCGA_143_147_150_Hahn_N_GenomeWideSNP_6_A06_799976	Y	23715701	23732454	9	-3.6331
WRIED_p_TCGA_143_147_150_Hahn_N_GenomeWideSNP_6_A06_799976	Y	23736419	24514859	255	-2.4565
WRIED_p_TCGA_143_147_150_Hahn_N_GenomeWideSNP_6_A06_799976	Y	24515802	26619135	411	-2.9128
WRIED_p_TCGA_143_147_150_Hahn_N_GenomeWideSNP_6_A06_799976	Y	26630929	26949115	48	-3.7529
WRIED_p_TCGA_143_147_150_Hahn_N_GenomeWideSNP_6_A06_799976	Y	26958025	27436702	39	-2.993
WRIED_p_TCGA_143_147_150_Hahn_N_GenomeWideSNP_6_A06_799976	Y	27444915	27488973	20	-2.4925
WRIED_p_TCGA_143_147_150_Hahn_N_GenomeWideSNP_6_A06_799976	Y	27495728	27529084	13	-1.3099
WRIED_p_TCGA_143_147_150_Hahn_N_GenomeWideSNP_6_A06_799976	Y	27535030	27604402	23	-3.2396
WRIED_p_TCGA_143_147_150_Hahn_N_GenomeWideSNP_6_A06_799976	Y	27607553	27720551	35	-1.8654
WRIED_p_TCGA_143_147_150_Hahn_N_GenomeWideSNP_6_A06_799976	Y	27721084	28277692	195	-2.9724
WRIED_p_TCGA_143_147_150_Hahn_N_GenomeWideSNP_6_A06_799976	Y	28289727	28322019	13	-4.4486
WRIED_p_TCGA_143_147_150_Hahn_N_GenomeWideSNP_6_A06_799976	Y	28322083	28457337	51	-2.7197
WRIED_p_TCGA_143_147_150_Hahn_N_GenomeWideSNP_6_A06_799976	Y	28458648	59018259	175	-2.1861
