Sample	Chromosome	Start	End	Num_Probes	Segment_Mean
WRIED_p_TCGA_143_147_150_Hahn_N_GenomeWideSNP_6_E09_799894	1	61735	13375764	6541	0.0186
WRIED_p_TCGA_143_147_150_Hahn_N_GenomeWideSNP_6_E09_799894	1	13375968	13506877	22	-0.4657
WRIED_p_TCGA_143_147_150_Hahn_N_GenomeWideSNP_6_E09_799894	1	13538311	15489625	1380	0.0165
WRIED_p_TCGA_143_147_150_Hahn_N_GenomeWideSNP_6_E09_799894	1	15489638	15489657	2	-1.2882
WRIED_p_TCGA_143_147_150_Hahn_N_GenomeWideSNP_6_E09_799894	1	15489682	16149915	426	0.0068
WRIED_p_TCGA_143_147_150_Hahn_N_GenomeWideSNP_6_E09_799894	1	16153497	16154966	9	-0.5334
WRIED_p_TCGA_143_147_150_Hahn_N_GenomeWideSNP_6_E09_799894	1	16155010	17005776	346	0.0289
WRIED_p_TCGA_143_147_150_Hahn_N_GenomeWideSNP_6_E09_799894	1	17005978	17036686	28	0.5426
WRIED_p_TCGA_143_147_150_Hahn_N_GenomeWideSNP_6_E09_799894	1	17036888	17114712	28	0.87
WRIED_p_TCGA_143_147_150_Hahn_N_GenomeWideSNP_6_E09_799894	1	17177045	17259063	55	0.3249
WRIED_p_TCGA_143_147_150_Hahn_N_GenomeWideSNP_6_E09_799894	1	17259320	25582843	5261	0.0183
WRIED_p_TCGA_143_147_150_Hahn_N_GenomeWideSNP_6_E09_799894	1	25583291	25646986	30	0.5289
WRIED_p_TCGA_143_147_150_Hahn_N_GenomeWideSNP_6_E09_799894	1	25661501	54968494	15920	0.0147
WRIED_p_TCGA_143_147_150_Hahn_N_GenomeWideSNP_6_E09_799894	1	54977327	55048190	40	0.5084
WRIED_p_TCGA_143_147_150_Hahn_N_GenomeWideSNP_6_E09_799894	1	55049437	55062019	9	-0.0444
WRIED_p_TCGA_143_147_150_Hahn_N_GenomeWideSNP_6_E09_799894	1	55067992	55301823	180	0.5408
WRIED_p_TCGA_143_147_150_Hahn_N_GenomeWideSNP_6_E09_799894	1	55303439	72763370	12547	0.0152
WRIED_p_TCGA_143_147_150_Hahn_N_GenomeWideSNP_6_E09_799894	1	72768418	72811148	48	-0.6636
WRIED_p_TCGA_143_147_150_Hahn_N_GenomeWideSNP_6_E09_799894	1	72811904	104159384	19920	0.0161
WRIED_p_TCGA_143_147_150_Hahn_N_GenomeWideSNP_6_E09_799894	1	104163499	104268222	27	0.4524
WRIED_p_TCGA_143_147_150_Hahn_N_GenomeWideSNP_6_E09_799894	1	104303403	106019205	910	0.0191
WRIED_p_TCGA_143_147_150_Hahn_N_GenomeWideSNP_6_E09_799894	1	106019236	106022360	15	-0.4973
WRIED_p_TCGA_143_147_150_Hahn_N_GenomeWideSNP_6_E09_799894	1	106022375	108729759	1921	0.0325
WRIED_p_TCGA_143_147_150_Hahn_N_GenomeWideSNP_6_E09_799894	1	108734235	108734877	2	-3.4366
WRIED_p_TCGA_143_147_150_Hahn_N_GenomeWideSNP_6_E09_799894	1	108737496	146916290	8613	0.0112
WRIED_p_TCGA_143_147_150_Hahn_N_GenomeWideSNP_6_E09_799894	1	146916926	146919118	5	-1.165
WRIED_p_TCGA_143_147_150_Hahn_N_GenomeWideSNP_6_E09_799894	1	146922179	152555706	2086	0.0268
WRIED_p_TCGA_143_147_150_Hahn_N_GenomeWideSNP_6_E09_799894	1	152555767	152586594	34	1.0356
WRIED_p_TCGA_143_147_150_Hahn_N_GenomeWideSNP_6_E09_799894	1	152590494	196714873	29517	0.0125
WRIED_p_TCGA_143_147_150_Hahn_N_GenomeWideSNP_6_E09_799894	1	196727850	196738623	5	-1.1702
WRIED_p_TCGA_143_147_150_Hahn_N_GenomeWideSNP_6_E09_799894	1	196738636	248737447	35616	0.0129
WRIED_p_TCGA_143_147_150_Hahn_N_GenomeWideSNP_6_E09_799894	1	248749194	248797213	33	-0.6951
WRIED_p_TCGA_143_147_150_Hahn_N_GenomeWideSNP_6_E09_799894	1	248805339	249224388	144	0.0753
WRIED_p_TCGA_143_147_150_Hahn_N_GenomeWideSNP_6_E09_799894	2	12784	34675467	23979	0.0108
WRIED_p_TCGA_143_147_150_Hahn_N_GenomeWideSNP_6_E09_799894	2	34681494	34737057	49	0.331
WRIED_p_TCGA_143_147_150_Hahn_N_GenomeWideSNP_6_E09_799894	2	34737163	36084246	955	0.0044
WRIED_p_TCGA_143_147_150_Hahn_N_GenomeWideSNP_6_E09_799894	2	36084515	36094893	14	-0.4848
WRIED_p_TCGA_143_147_150_Hahn_N_GenomeWideSNP_6_E09_799894	2	36095479	52754468	11970	0.015
WRIED_p_TCGA_143_147_150_Hahn_N_GenomeWideSNP_6_E09_799894	2	52754480	52781522	38	-0.3009
WRIED_p_TCGA_143_147_150_Hahn_N_GenomeWideSNP_6_E09_799894	2	52781542	97875777	23915	0.0128
WRIED_p_TCGA_143_147_150_Hahn_N_GenomeWideSNP_6_E09_799894	2	97876200	97877173	5	-0.9377
WRIED_p_TCGA_143_147_150_Hahn_N_GenomeWideSNP_6_E09_799894	2	97886334	98151043	27	0.1235
WRIED_p_TCGA_143_147_150_Hahn_N_GenomeWideSNP_6_E09_799894	2	98151534	98162189	6	0.9502
WRIED_p_TCGA_143_147_150_Hahn_N_GenomeWideSNP_6_E09_799894	2	98166878	106135637	4901	0.0107
WRIED_p_TCGA_143_147_150_Hahn_N_GenomeWideSNP_6_E09_799894	2	106138125	106138812	2	-1.6087
WRIED_p_TCGA_143_147_150_Hahn_N_GenomeWideSNP_6_E09_799894	2	106139216	117588586	6420	0.0078
WRIED_p_TCGA_143_147_150_Hahn_N_GenomeWideSNP_6_E09_799894	2	117589767	117589853	2	-1.4366
WRIED_p_TCGA_143_147_150_Hahn_N_GenomeWideSNP_6_E09_799894	2	117591245	129638078	7610	0.0057
WRIED_p_TCGA_143_147_150_Hahn_N_GenomeWideSNP_6_E09_799894	2	129638478	129640315	15	-2.0651
WRIED_p_TCGA_143_147_150_Hahn_N_GenomeWideSNP_6_E09_799894	2	129640329	146864443	10416	0.0162
WRIED_p_TCGA_143_147_150_Hahn_N_GenomeWideSNP_6_E09_799894	2	146864457	146866934	21	-1.4484
WRIED_p_TCGA_143_147_150_Hahn_N_GenomeWideSNP_6_E09_799894	2	146877806	161412587	8686	0.0164
WRIED_p_TCGA_143_147_150_Hahn_N_GenomeWideSNP_6_E09_799894	2	161413658	161416709	2	-1.5254
WRIED_p_TCGA_143_147_150_Hahn_N_GenomeWideSNP_6_E09_799894	2	161416792	243089456	50054	0.012
WRIED_p_TCGA_143_147_150_Hahn_N_GenomeWideSNP_6_E09_799894	3	60345	59370695	39780	0.0147
WRIED_p_TCGA_143_147_150_Hahn_N_GenomeWideSNP_6_E09_799894	3	59373255	59376848	9	-1.1556
WRIED_p_TCGA_143_147_150_Hahn_N_GenomeWideSNP_6_E09_799894	3	59379477	68721327	7763	0.0167
WRIED_p_TCGA_143_147_150_Hahn_N_GenomeWideSNP_6_E09_799894	3	68722043	68747364	19	0.675
WRIED_p_TCGA_143_147_150_Hahn_N_GenomeWideSNP_6_E09_799894	3	68747413	69173184	337	0.0406
WRIED_p_TCGA_143_147_150_Hahn_N_GenomeWideSNP_6_E09_799894	3	69181183	69181552	2	-1.8503
WRIED_p_TCGA_143_147_150_Hahn_N_GenomeWideSNP_6_E09_799894	3	69183769	129757833	34156	0.012
WRIED_p_TCGA_143_147_150_Hahn_N_GenomeWideSNP_6_E09_799894	3	129758218	129806236	56	0.4095
WRIED_p_TCGA_143_147_150_Hahn_N_GenomeWideSNP_6_E09_799894	3	129806924	162530870	20195	0.0167
WRIED_p_TCGA_143_147_150_Hahn_N_GenomeWideSNP_6_E09_799894	3	162532950	162540490	7	1.4845
WRIED_p_TCGA_143_147_150_Hahn_N_GenomeWideSNP_6_E09_799894	3	162545716	175080611	7670	0.0191
WRIED_p_TCGA_143_147_150_Hahn_N_GenomeWideSNP_6_E09_799894	3	175080747	175081325	5	-0.9502
WRIED_p_TCGA_143_147_150_Hahn_N_GenomeWideSNP_6_E09_799894	3	175086788	189360278	8950	0.0142
WRIED_p_TCGA_143_147_150_Hahn_N_GenomeWideSNP_6_E09_799894	3	189360754	189364638	12	-0.6457
WRIED_p_TCGA_143_147_150_Hahn_N_GenomeWideSNP_6_E09_799894	3	189371014	192880587	2489	0.0052
WRIED_p_TCGA_143_147_150_Hahn_N_GenomeWideSNP_6_E09_799894	3	192880726	192882903	11	-1.3216
WRIED_p_TCGA_143_147_150_Hahn_N_GenomeWideSNP_6_E09_799894	3	192886435	197896118	2698	0.0115
WRIED_p_TCGA_143_147_150_Hahn_N_GenomeWideSNP_6_E09_799894	4	12281	9429311	5209	0.0188
WRIED_p_TCGA_143_147_150_Hahn_N_GenomeWideSNP_6_E09_799894	4	9430269	9446047	12	-0.5211
WRIED_p_TCGA_143_147_150_Hahn_N_GenomeWideSNP_6_E09_799894	4	9446843	10210194	555	0.0128
WRIED_p_TCGA_143_147_150_Hahn_N_GenomeWideSNP_6_E09_799894	4	10210294	10235268	38	0.3586
WRIED_p_TCGA_143_147_150_Hahn_N_GenomeWideSNP_6_E09_799894	4	10236142	10390715	168	0.0137
WRIED_p_TCGA_143_147_150_Hahn_N_GenomeWideSNP_6_E09_799894	4	10392354	10400668	16	-0.6899
WRIED_p_TCGA_143_147_150_Hahn_N_GenomeWideSNP_6_E09_799894	4	10402718	32481587	15401	0.0125
WRIED_p_TCGA_143_147_150_Hahn_N_GenomeWideSNP_6_E09_799894	4	32481773	32482798	2	-1.8135
WRIED_p_TCGA_143_147_150_Hahn_N_GenomeWideSNP_6_E09_799894	4	32483348	34786955	1283	0.032
WRIED_p_TCGA_143_147_150_Hahn_N_GenomeWideSNP_6_E09_799894	4	34786990	34824725	36	0.6241
WRIED_p_TCGA_143_147_150_Hahn_N_GenomeWideSNP_6_E09_799894	4	34829872	43202789	5536	0.0173
WRIED_p_TCGA_143_147_150_Hahn_N_GenomeWideSNP_6_E09_799894	4	43203384	43206538	3	-1.5534
WRIED_p_TCGA_143_147_150_Hahn_N_GenomeWideSNP_6_E09_799894	4	43206626	70127652	14187	0.0198
WRIED_p_TCGA_143_147_150_Hahn_N_GenomeWideSNP_6_E09_799894	4	70128412	70232124	54	-0.6418
WRIED_p_TCGA_143_147_150_Hahn_N_GenomeWideSNP_6_E09_799894	4	70236151	98184122	17087	0.0121
WRIED_p_TCGA_143_147_150_Hahn_N_GenomeWideSNP_6_E09_799894	4	98184296	98185132	2	-1.72
WRIED_p_TCGA_143_147_150_Hahn_N_GenomeWideSNP_6_E09_799894	4	98189129	99512168	620	0.0162
WRIED_p_TCGA_143_147_150_Hahn_N_GenomeWideSNP_6_E09_799894	4	99513448	99521345	3	-1.4451
WRIED_p_TCGA_143_147_150_Hahn_N_GenomeWideSNP_6_E09_799894	4	99523707	100321365	499	0.0016
WRIED_p_TCGA_143_147_150_Hahn_N_GenomeWideSNP_6_E09_799894	4	100321443	100321520	2	-1.5028
WRIED_p_TCGA_143_147_150_Hahn_N_GenomeWideSNP_6_E09_799894	4	100322445	152990286	31144	0.0166
WRIED_p_TCGA_143_147_150_Hahn_N_GenomeWideSNP_6_E09_799894	4	152990893	152992741	4	-1.1609
WRIED_p_TCGA_143_147_150_Hahn_N_GenomeWideSNP_6_E09_799894	4	152994130	172987928	12689	0.0147
WRIED_p_TCGA_143_147_150_Hahn_N_GenomeWideSNP_6_E09_799894	4	172989148	172989533	12	0.5845
WRIED_p_TCGA_143_147_150_Hahn_N_GenomeWideSNP_6_E09_799894	4	172995979	189221258	10855	0.0129
WRIED_p_TCGA_143_147_150_Hahn_N_GenomeWideSNP_6_E09_799894	4	189221360	189221439	4	1.2844
WRIED_p_TCGA_143_147_150_Hahn_N_GenomeWideSNP_6_E09_799894	4	189222813	191027923	1171	0.0108
WRIED_p_TCGA_143_147_150_Hahn_N_GenomeWideSNP_6_E09_799894	5	15532	150202205	91997	0.0157
WRIED_p_TCGA_143_147_150_Hahn_N_GenomeWideSNP_6_E09_799894	5	150205500	150218604	8	-2.1443
WRIED_p_TCGA_143_147_150_Hahn_N_GenomeWideSNP_6_E09_799894	5	150223387	178107822	18822	0.0055
WRIED_p_TCGA_143_147_150_Hahn_N_GenomeWideSNP_6_E09_799894	5	178109975	178113163	3	-1.6193
WRIED_p_TCGA_143_147_150_Hahn_N_GenomeWideSNP_6_E09_799894	5	178118855	180374523	1357	0.0147
WRIED_p_TCGA_143_147_150_Hahn_N_GenomeWideSNP_6_E09_799894	5	180378710	180442400	22	-0.3886
WRIED_p_TCGA_143_147_150_Hahn_N_GenomeWideSNP_6_E09_799894	5	180442441	180790320	166	0.0017
WRIED_p_TCGA_143_147_150_Hahn_N_GenomeWideSNP_6_E09_799894	6	149661	29837072	21608	0.0128
WRIED_p_TCGA_143_147_150_Hahn_N_GenomeWideSNP_6_E09_799894	6	29837187	29849267	16	-0.9636
WRIED_p_TCGA_143_147_150_Hahn_N_GenomeWideSNP_6_E09_799894	6	29850196	31348200	723	0.0158
WRIED_p_TCGA_143_147_150_Hahn_N_GenomeWideSNP_6_E09_799894	6	31348470	31348648	3	1.3153
WRIED_p_TCGA_143_147_150_Hahn_N_GenomeWideSNP_6_E09_799894	6	31351035	32456683	459	0.0149
WRIED_p_TCGA_143_147_150_Hahn_N_GenomeWideSNP_6_E09_799894	6	32456742	32570365	29	-0.3635
WRIED_p_TCGA_143_147_150_Hahn_N_GenomeWideSNP_6_E09_799894	6	32573771	53931084	13700	0.016
WRIED_p_TCGA_143_147_150_Hahn_N_GenomeWideSNP_6_E09_799894	6	53931151	53931855	7	1.0147
WRIED_p_TCGA_143_147_150_Hahn_N_GenomeWideSNP_6_E09_799894	6	53935348	77436159	12212	0.0147
WRIED_p_TCGA_143_147_150_Hahn_N_GenomeWideSNP_6_E09_799894	6	77436532	77452446	18	-0.6125
WRIED_p_TCGA_143_147_150_Hahn_N_GenomeWideSNP_6_E09_799894	6	77452641	84770133	4676	0.0205
WRIED_p_TCGA_143_147_150_Hahn_N_GenomeWideSNP_6_E09_799894	6	84770166	84770179	2	-1.5488
WRIED_p_TCGA_143_147_150_Hahn_N_GenomeWideSNP_6_E09_799894	6	84775193	90088232	3284	0.0177
WRIED_p_TCGA_143_147_150_Hahn_N_GenomeWideSNP_6_E09_799894	6	90089699	90091121	4	-1.2489
WRIED_p_TCGA_143_147_150_Hahn_N_GenomeWideSNP_6_E09_799894	6	90092862	103734829	8512	0.0173
WRIED_p_TCGA_143_147_150_Hahn_N_GenomeWideSNP_6_E09_799894	6	103737976	103762061	46	-0.826
WRIED_p_TCGA_143_147_150_Hahn_N_GenomeWideSNP_6_E09_799894	6	103765470	171051005	43961	0.0146
WRIED_p_TCGA_143_147_150_Hahn_N_GenomeWideSNP_6_E09_799894	7	43355	148300	90	0.0122
WRIED_p_TCGA_143_147_150_Hahn_N_GenomeWideSNP_6_E09_799894	7	155066	158626	10	-0.7299
WRIED_p_TCGA_143_147_150_Hahn_N_GenomeWideSNP_6_E09_799894	7	161442	5936900	2959	0.0215
WRIED_p_TCGA_143_147_150_Hahn_N_GenomeWideSNP_6_E09_799894	7	5940039	6038725	17	-0.578
WRIED_p_TCGA_143_147_150_Hahn_N_GenomeWideSNP_6_E09_799894	7	6038901	6833877	344	0.0111
WRIED_p_TCGA_143_147_150_Hahn_N_GenomeWideSNP_6_E09_799894	7	6837006	6838724	3	-1.4935
WRIED_p_TCGA_143_147_150_Hahn_N_GenomeWideSNP_6_E09_799894	7	6854110	18219410	9123	0.0192
WRIED_p_TCGA_143_147_150_Hahn_N_GenomeWideSNP_6_E09_799894	7	18219540	18219977	2	-1.5178
WRIED_p_TCGA_143_147_150_Hahn_N_GenomeWideSNP_6_E09_799894	7	18220951	19666788	1364	0.0226
WRIED_p_TCGA_143_147_150_Hahn_N_GenomeWideSNP_6_E09_799894	7	19677547	19704138	12	-0.5248
WRIED_p_TCGA_143_147_150_Hahn_N_GenomeWideSNP_6_E09_799894	7	19704463	22434780	2058	0.0277
WRIED_p_TCGA_143_147_150_Hahn_N_GenomeWideSNP_6_E09_799894	7	22435472	22436487	2	-2.0023
WRIED_p_TCGA_143_147_150_Hahn_N_GenomeWideSNP_6_E09_799894	7	22438754	54380373	22355	0.0107
WRIED_p_TCGA_143_147_150_Hahn_N_GenomeWideSNP_6_E09_799894	7	54386505	54386517	6	-1.5539
WRIED_p_TCGA_143_147_150_Hahn_N_GenomeWideSNP_6_E09_799894	7	54393488	64568852	3133	0.0147
WRIED_p_TCGA_143_147_150_Hahn_N_GenomeWideSNP_6_E09_799894	7	64594065	64595698	6	-1.2143
WRIED_p_TCGA_143_147_150_Hahn_N_GenomeWideSNP_6_E09_799894	7	64637128	70420438	3139	0.0154
WRIED_p_TCGA_143_147_150_Hahn_N_GenomeWideSNP_6_E09_799894	7	70423250	70426141	2	-1.6361
WRIED_p_TCGA_143_147_150_Hahn_N_GenomeWideSNP_6_E09_799894	7	70428243	109141324	22179	0.0148
WRIED_p_TCGA_143_147_150_Hahn_N_GenomeWideSNP_6_E09_799894	7	109142224	109146099	2	-1.5989
WRIED_p_TCGA_143_147_150_Hahn_N_GenomeWideSNP_6_E09_799894	7	109149482	126045482	10179	0.022
WRIED_p_TCGA_143_147_150_Hahn_N_GenomeWideSNP_6_E09_799894	7	126045556	126046615	11	-0.9087
WRIED_p_TCGA_143_147_150_Hahn_N_GenomeWideSNP_6_E09_799894	7	126046876	133785211	4686	0.0185
WRIED_p_TCGA_143_147_150_Hahn_N_GenomeWideSNP_6_E09_799894	7	133785309	133798109	29	-0.3998
WRIED_p_TCGA_143_147_150_Hahn_N_GenomeWideSNP_6_E09_799894	7	133798543	141763124	5172	0.0139
WRIED_p_TCGA_143_147_150_Hahn_N_GenomeWideSNP_6_E09_799894	7	141769643	141792107	41	-1.7201
WRIED_p_TCGA_143_147_150_Hahn_N_GenomeWideSNP_6_E09_799894	7	141795281	154387125	7773	0.0128
WRIED_p_TCGA_143_147_150_Hahn_N_GenomeWideSNP_6_E09_799894	7	154389895	154399613	5	-1.0874
WRIED_p_TCGA_143_147_150_Hahn_N_GenomeWideSNP_6_E09_799894	7	154400830	159127004	3231	0.0219
WRIED_p_TCGA_143_147_150_Hahn_N_GenomeWideSNP_6_E09_799894	8	31254	593041	326	0.0244
WRIED_p_TCGA_143_147_150_Hahn_N_GenomeWideSNP_6_E09_799894	8	594944	595908	10	-0.6155
WRIED_p_TCGA_143_147_150_Hahn_N_GenomeWideSNP_6_E09_799894	8	601043	7024567	7426	0.0206
WRIED_p_TCGA_143_147_150_Hahn_N_GenomeWideSNP_6_E09_799894	8	7029990	7170474	7	-1.2283
WRIED_p_TCGA_143_147_150_Hahn_N_GenomeWideSNP_6_E09_799894	8	7170489	7238019	30	-0.2688
WRIED_p_TCGA_143_147_150_Hahn_N_GenomeWideSNP_6_E09_799894	8	7250380	7866162	175	0.1091
WRIED_p_TCGA_143_147_150_Hahn_N_GenomeWideSNP_6_E09_799894	8	7935855	7990035	23	0.5754
WRIED_p_TCGA_143_147_150_Hahn_N_GenomeWideSNP_6_E09_799894	8	7990294	13810119	4624	0.0069
WRIED_p_TCGA_143_147_150_Hahn_N_GenomeWideSNP_6_E09_799894	8	13810229	13815335	6	-1.4383
WRIED_p_TCGA_143_147_150_Hahn_N_GenomeWideSNP_6_E09_799894	8	13816066	39230659	18041	0.0135
WRIED_p_TCGA_143_147_150_Hahn_N_GenomeWideSNP_6_E09_799894	8	39235603	39384124	54	0.6477
WRIED_p_TCGA_143_147_150_Hahn_N_GenomeWideSNP_6_E09_799894	8	39384700	68582182	15528	0.0189
WRIED_p_TCGA_143_147_150_Hahn_N_GenomeWideSNP_6_E09_799894	8	68582956	68595046	10	-0.6488
WRIED_p_TCGA_143_147_150_Hahn_N_GenomeWideSNP_6_E09_799894	8	68599199	74545550	3994	0.022
WRIED_p_TCGA_143_147_150_Hahn_N_GenomeWideSNP_6_E09_799894	8	74548277	74555276	2	-1.2891
WRIED_p_TCGA_143_147_150_Hahn_N_GenomeWideSNP_6_E09_799894	8	74555282	76270657	1021	0.0176
WRIED_p_TCGA_143_147_150_Hahn_N_GenomeWideSNP_6_E09_799894	8	76274589	76278688	6	-0.932
WRIED_p_TCGA_143_147_150_Hahn_N_GenomeWideSNP_6_E09_799894	8	76284312	129756266	32846	0.0147
WRIED_p_TCGA_143_147_150_Hahn_N_GenomeWideSNP_6_E09_799894	8	129763135	129764085	2	-2
WRIED_p_TCGA_143_147_150_Hahn_N_GenomeWideSNP_6_E09_799894	8	129777454	144699157	10704	0.0094
WRIED_p_TCGA_143_147_150_Hahn_N_GenomeWideSNP_6_E09_799894	8	144705157	144707808	9	-0.6343
WRIED_p_TCGA_143_147_150_Hahn_N_GenomeWideSNP_6_E09_799894	8	144718989	146298155	502	0.0363
WRIED_p_TCGA_143_147_150_Hahn_N_GenomeWideSNP_6_E09_799894	9	46587	3880973	3859	0.0166
WRIED_p_TCGA_143_147_150_Hahn_N_GenomeWideSNP_6_E09_799894	9	3881005	3881013	2	-1.7409
WRIED_p_TCGA_143_147_150_Hahn_N_GenomeWideSNP_6_E09_799894	9	3881132	15338595	10016	0.0225
WRIED_p_TCGA_143_147_150_Hahn_N_GenomeWideSNP_6_E09_799894	9	15338899	15339636	2	-1.538
WRIED_p_TCGA_143_147_150_Hahn_N_GenomeWideSNP_6_E09_799894	9	15339722	28044704	9927	0.011
WRIED_p_TCGA_143_147_150_Hahn_N_GenomeWideSNP_6_E09_799894	9	28047588	28055603	6	-2.6253
WRIED_p_TCGA_143_147_150_Hahn_N_GenomeWideSNP_6_E09_799894	9	28055877	33827468	4123	0.0168
WRIED_p_TCGA_143_147_150_Hahn_N_GenomeWideSNP_6_E09_799894	9	33828426	33865636	22	0.5722
WRIED_p_TCGA_143_147_150_Hahn_N_GenomeWideSNP_6_E09_799894	9	33866823	43612162	3191	0.0016
WRIED_p_TCGA_143_147_150_Hahn_N_GenomeWideSNP_6_E09_799894	9	43635113	43790346	25	-1.3497
WRIED_p_TCGA_143_147_150_Hahn_N_GenomeWideSNP_6_E09_799894	9	43800186	71867413	1216	-0.0222
WRIED_p_TCGA_143_147_150_Hahn_N_GenomeWideSNP_6_E09_799894	9	71869473	71869910	2	-1.6051
WRIED_p_TCGA_143_147_150_Hahn_N_GenomeWideSNP_6_E09_799894	9	71874669	141091394	47023	0.0142
WRIED_p_TCGA_143_147_150_Hahn_N_GenomeWideSNP_6_E09_799894	10	72759	4290814	3548	0.0126
WRIED_p_TCGA_143_147_150_Hahn_N_GenomeWideSNP_6_E09_799894	10	4290838	4290924	2	1.9685
WRIED_p_TCGA_143_147_150_Hahn_N_GenomeWideSNP_6_E09_799894	10	4291016	135506704	87006	0.0123
WRIED_p_TCGA_143_147_150_Hahn_N_GenomeWideSNP_6_E09_799894	11	198510	4239054	1776	0.0187
WRIED_p_TCGA_143_147_150_Hahn_N_GenomeWideSNP_6_E09_799894	11	4250013	4319714	24	-0.5047
WRIED_p_TCGA_143_147_150_Hahn_N_GenomeWideSNP_6_E09_799894	11	4328172	4968117	660	0.0113
WRIED_p_TCGA_143_147_150_Hahn_N_GenomeWideSNP_6_E09_799894	11	4968510	4974029	25	0.6237
WRIED_p_TCGA_143_147_150_Hahn_N_GenomeWideSNP_6_E09_799894	11	4975164	35243238	22055	0.0117
WRIED_p_TCGA_143_147_150_Hahn_N_GenomeWideSNP_6_E09_799894	11	35244044	35259407	17	0.573
WRIED_p_TCGA_143_147_150_Hahn_N_GenomeWideSNP_6_E09_799894	11	35263024	55376236	9838	0.0114
WRIED_p_TCGA_143_147_150_Hahn_N_GenomeWideSNP_6_E09_799894	11	55376261	55453009	53	0.3956
WRIED_p_TCGA_143_147_150_Hahn_N_GenomeWideSNP_6_E09_799894	11	55453576	134944770	52095	0.0138
WRIED_p_TCGA_143_147_150_Hahn_N_GenomeWideSNP_6_E09_799894	12	150442	11219423	7238	0.0162
WRIED_p_TCGA_143_147_150_Hahn_N_GenomeWideSNP_6_E09_799894	12	11220724	11256829	14	0.6622
WRIED_p_TCGA_143_147_150_Hahn_N_GenomeWideSNP_6_E09_799894	12	11260275	33386757	15555	0.0135
WRIED_p_TCGA_143_147_150_Hahn_N_GenomeWideSNP_6_E09_799894	12	33388829	33395142	4	-2.8875
WRIED_p_TCGA_143_147_150_Hahn_N_GenomeWideSNP_6_E09_799894	12	33395418	100070293	39245	0.0172
WRIED_p_TCGA_143_147_150_Hahn_N_GenomeWideSNP_6_E09_799894	12	100073757	100087421	11	-0.705
WRIED_p_TCGA_143_147_150_Hahn_N_GenomeWideSNP_6_E09_799894	12	100090034	129228886	19399	0.0156
WRIED_p_TCGA_143_147_150_Hahn_N_GenomeWideSNP_6_E09_799894	12	129230513	129232297	6	-1.0501
WRIED_p_TCGA_143_147_150_Hahn_N_GenomeWideSNP_6_E09_799894	12	129232545	133778189	3067	0.0026
WRIED_p_TCGA_143_147_150_Hahn_N_GenomeWideSNP_6_E09_799894	13	19026949	104276860	55990	0.0175
WRIED_p_TCGA_143_147_150_Hahn_N_GenomeWideSNP_6_E09_799894	13	104276873	104279112	28	-0.7753
WRIED_p_TCGA_143_147_150_Hahn_N_GenomeWideSNP_6_E09_799894	13	104279232	115108397	7786	0.0159
WRIED_p_TCGA_143_147_150_Hahn_N_GenomeWideSNP_6_E09_799894	14	19002124	41608358	13732	0.0198
WRIED_p_TCGA_143_147_150_Hahn_N_GenomeWideSNP_6_E09_799894	14	41610496	41657349	15	-0.5515
WRIED_p_TCGA_143_147_150_Hahn_N_GenomeWideSNP_6_E09_799894	14	41670102	62645920	13158	0.0124
WRIED_p_TCGA_143_147_150_Hahn_N_GenomeWideSNP_6_E09_799894	14	62647466	62717775	42	-0.7605
WRIED_p_TCGA_143_147_150_Hahn_N_GenomeWideSNP_6_E09_799894	14	62719835	106863524	28016	0.011
WRIED_p_TCGA_143_147_150_Hahn_N_GenomeWideSNP_6_E09_799894	14	106863526	106934548	64	0.3616
WRIED_p_TCGA_143_147_150_Hahn_N_GenomeWideSNP_6_E09_799894	14	106939788	107285437	217	-0.015
WRIED_p_TCGA_143_147_150_Hahn_N_GenomeWideSNP_6_E09_799894	15	20016328	24472002	1341	0.0446
WRIED_p_TCGA_143_147_150_Hahn_N_GenomeWideSNP_6_E09_799894	15	24472230	24503266	11	-0.8347
WRIED_p_TCGA_143_147_150_Hahn_N_GenomeWideSNP_6_E09_799894	15	24503660	69329815	28592	0.0163
WRIED_p_TCGA_143_147_150_Hahn_N_GenomeWideSNP_6_E09_799894	15	69331285	69331360	2	2.1164
WRIED_p_TCGA_143_147_150_Hahn_N_GenomeWideSNP_6_E09_799894	15	69337675	76878362	4211	0.0141
WRIED_p_TCGA_143_147_150_Hahn_N_GenomeWideSNP_6_E09_799894	15	76891241	76902179	23	0.6179
WRIED_p_TCGA_143_147_150_Hahn_N_GenomeWideSNP_6_E09_799894	15	76902194	83043161	3644	0.0102
WRIED_p_TCGA_143_147_150_Hahn_N_GenomeWideSNP_6_E09_799894	15	83046078	83108839	7	0.8888
WRIED_p_TCGA_143_147_150_Hahn_N_GenomeWideSNP_6_E09_799894	15	83169549	102469040	13942	0.0117
WRIED_p_TCGA_143_147_150_Hahn_N_GenomeWideSNP_6_E09_799894	16	60777	5607890	2619	0.0212
WRIED_p_TCGA_143_147_150_Hahn_N_GenomeWideSNP_6_E09_799894	16	5608089	5608151	2	-1.8428
WRIED_p_TCGA_143_147_150_Hahn_N_GenomeWideSNP_6_E09_799894	16	5608337	14989839	8470	0.0159
WRIED_p_TCGA_143_147_150_Hahn_N_GenomeWideSNP_6_E09_799894	16	15048768	15051906	13	-0.7368
WRIED_p_TCGA_143_147_150_Hahn_N_GenomeWideSNP_6_E09_799894	16	15052149	15125441	51	-0.399
WRIED_p_TCGA_143_147_150_Hahn_N_GenomeWideSNP_6_E09_799894	16	15126890	55795214	16052	0.0138
WRIED_p_TCGA_143_147_150_Hahn_N_GenomeWideSNP_6_E09_799894	16	55796389	55816646	18	-0.5758
WRIED_p_TCGA_143_147_150_Hahn_N_GenomeWideSNP_6_E09_799894	16	55816705	70139542	8724	0.0202
WRIED_p_TCGA_143_147_150_Hahn_N_GenomeWideSNP_6_E09_799894	16	70151527	70198396	16	-0.4976
WRIED_p_TCGA_143_147_150_Hahn_N_GenomeWideSNP_6_E09_799894	16	70211444	78371608	5613	0.0222
WRIED_p_TCGA_143_147_150_Hahn_N_GenomeWideSNP_6_E09_799894	16	78372440	78384738	16	0.5583
WRIED_p_TCGA_143_147_150_Hahn_N_GenomeWideSNP_6_E09_799894	16	78384765	90287535	10574	0.0147
WRIED_p_TCGA_143_147_150_Hahn_N_GenomeWideSNP_6_E09_799894	17	526	15642546	10026	0.016
WRIED_p_TCGA_143_147_150_Hahn_N_GenomeWideSNP_6_E09_799894	17	15650630	15677001	12	-0.8751
WRIED_p_TCGA_143_147_150_Hahn_N_GenomeWideSNP_6_E09_799894	17	15677917	18935523	1566	0.0057
WRIED_p_TCGA_143_147_150_Hahn_N_GenomeWideSNP_6_E09_799894	17	18950867	19130231	14	-0.7372
WRIED_p_TCGA_143_147_150_Hahn_N_GenomeWideSNP_6_E09_799894	17	19149286	39423026	9272	0.015
WRIED_p_TCGA_143_147_150_Hahn_N_GenomeWideSNP_6_E09_799894	17	39423057	39430531	22	-0.6132
WRIED_p_TCGA_143_147_150_Hahn_N_GenomeWideSNP_6_E09_799894	17	39432724	44429320	2644	0.0039
WRIED_p_TCGA_143_147_150_Hahn_N_GenomeWideSNP_6_E09_799894	17	44435454	44752300	40	0.5506
WRIED_p_TCGA_143_147_150_Hahn_N_GenomeWideSNP_6_E09_799894	17	44764994	47937317	1618	0.0279
WRIED_p_TCGA_143_147_150_Hahn_N_GenomeWideSNP_6_E09_799894	17	47938473	47941873	3	-1.5316
WRIED_p_TCGA_143_147_150_Hahn_N_GenomeWideSNP_6_E09_799894	17	47942375	67885266	12026	0.0176
WRIED_p_TCGA_143_147_150_Hahn_N_GenomeWideSNP_6_E09_799894	17	67885483	67891926	3	-1.4037
WRIED_p_TCGA_143_147_150_Hahn_N_GenomeWideSNP_6_E09_799894	17	67892018	81049726	7864	0.0169
WRIED_p_TCGA_143_147_150_Hahn_N_GenomeWideSNP_6_E09_799894	18	11543	35358895	20815	0.0204
WRIED_p_TCGA_143_147_150_Hahn_N_GenomeWideSNP_6_E09_799894	18	35359584	35359871	2	1.6464
WRIED_p_TCGA_143_147_150_Hahn_N_GenomeWideSNP_6_E09_799894	18	35362753	38260420	1870	0.0205
WRIED_p_TCGA_143_147_150_Hahn_N_GenomeWideSNP_6_E09_799894	18	38260434	38265389	18	0.4589
WRIED_p_TCGA_143_147_150_Hahn_N_GenomeWideSNP_6_E09_799894	18	38269498	66742417	19598	0.0173
WRIED_p_TCGA_143_147_150_Hahn_N_GenomeWideSNP_6_E09_799894	18	66742755	66753326	41	-0.5762
WRIED_p_TCGA_143_147_150_Hahn_N_GenomeWideSNP_6_E09_799894	18	66757696	69088692	1589	0.0109
WRIED_p_TCGA_143_147_150_Hahn_N_GenomeWideSNP_6_E09_799894	18	69091327	69092295	2	-1.5437
WRIED_p_TCGA_143_147_150_Hahn_N_GenomeWideSNP_6_E09_799894	18	69092633	78015057	6530	0.0203
WRIED_p_TCGA_143_147_150_Hahn_N_GenomeWideSNP_6_E09_799894	19	90910	5506659	1594	0.0356
WRIED_p_TCGA_143_147_150_Hahn_N_GenomeWideSNP_6_E09_799894	19	5510239	5510580	2	1.4436
WRIED_p_TCGA_143_147_150_Hahn_N_GenomeWideSNP_6_E09_799894	19	5510653	41348869	17963	0.0203
WRIED_p_TCGA_143_147_150_Hahn_N_GenomeWideSNP_6_E09_799894	19	41350996	41370945	28	-0.5842
WRIED_p_TCGA_143_147_150_Hahn_N_GenomeWideSNP_6_E09_799894	19	41375752	43697333	1097	0.012
WRIED_p_TCGA_143_147_150_Hahn_N_GenomeWideSNP_6_E09_799894	19	43703033	43756237	22	-2.0467
WRIED_p_TCGA_143_147_150_Hahn_N_GenomeWideSNP_6_E09_799894	19	43766659	52131813	4159	0.0108
WRIED_p_TCGA_143_147_150_Hahn_N_GenomeWideSNP_6_E09_799894	19	52142352	52148197	11	-1.8385
WRIED_p_TCGA_143_147_150_Hahn_N_GenomeWideSNP_6_E09_799894	19	52154905	55313817	2059	0.0244
WRIED_p_TCGA_143_147_150_Hahn_N_GenomeWideSNP_6_E09_799894	19	55314287	55333827	9	0.6511
WRIED_p_TCGA_143_147_150_Hahn_N_GenomeWideSNP_6_E09_799894	19	55333884	56282369	456	0.0421
WRIED_p_TCGA_143_147_150_Hahn_N_GenomeWideSNP_6_E09_799894	19	56282535	56283067	3	-1.1381
WRIED_p_TCGA_143_147_150_Hahn_N_GenomeWideSNP_6_E09_799894	19	56286293	59097854	1844	0.0335
WRIED_p_TCGA_143_147_150_Hahn_N_GenomeWideSNP_6_E09_799894	20	61305	1560951	1200	0.0193
WRIED_p_TCGA_143_147_150_Hahn_N_GenomeWideSNP_6_E09_799894	20	1560999	1593849	41	1.0051
WRIED_p_TCGA_143_147_150_Hahn_N_GenomeWideSNP_6_E09_799894	20	1593893	45776986	28730	0.0163
WRIED_p_TCGA_143_147_150_Hahn_N_GenomeWideSNP_6_E09_799894	20	45780106	45785021	10	-0.9554
WRIED_p_TCGA_143_147_150_Hahn_N_GenomeWideSNP_6_E09_799894	20	45788686	62956153	12297	0.0119
WRIED_p_TCGA_143_147_150_Hahn_N_GenomeWideSNP_6_E09_799894	21	10736871	14446712	130	0.0196
WRIED_p_TCGA_143_147_150_Hahn_N_GenomeWideSNP_6_E09_799894	21	14452862	14538478	15	-0.4646
WRIED_p_TCGA_143_147_150_Hahn_N_GenomeWideSNP_6_E09_799894	21	14538557	43867383	21640	0.0191
WRIED_p_TCGA_143_147_150_Hahn_N_GenomeWideSNP_6_E09_799894	21	43867787	43867815	2	-1.4605
WRIED_p_TCGA_143_147_150_Hahn_N_GenomeWideSNP_6_E09_799894	21	43867844	48096957	2466	0.021
WRIED_p_TCGA_143_147_150_Hahn_N_GenomeWideSNP_6_E09_799894	22	16052528	18055605	779	0.0272
WRIED_p_TCGA_143_147_150_Hahn_N_GenomeWideSNP_6_E09_799894	22	18058748	18058885	2	1.8455
WRIED_p_TCGA_143_147_150_Hahn_N_GenomeWideSNP_6_E09_799894	22	18062891	21809185	2084	0.014
WRIED_p_TCGA_143_147_150_Hahn_N_GenomeWideSNP_6_E09_799894	22	21815866	21917153	26	0.6016
WRIED_p_TCGA_143_147_150_Hahn_N_GenomeWideSNP_6_E09_799894	22	21917323	24344422	1715	0.0062
WRIED_p_TCGA_143_147_150_Hahn_N_GenomeWideSNP_6_E09_799894	22	24350529	24396814	19	-1.6131
WRIED_p_TCGA_143_147_150_Hahn_N_GenomeWideSNP_6_E09_799894	22	24401529	29870258	4330	0.0037
WRIED_p_TCGA_143_147_150_Hahn_N_GenomeWideSNP_6_E09_799894	22	29870312	29870375	3	1.321
WRIED_p_TCGA_143_147_150_Hahn_N_GenomeWideSNP_6_E09_799894	22	29881701	39363619	6498	0.0125
WRIED_p_TCGA_143_147_150_Hahn_N_GenomeWideSNP_6_E09_799894	22	39363684	39395298	31	-0.634
WRIED_p_TCGA_143_147_150_Hahn_N_GenomeWideSNP_6_E09_799894	22	39395381	41145604	841	0.0136
WRIED_p_TCGA_143_147_150_Hahn_N_GenomeWideSNP_6_E09_799894	22	41147325	41168770	10	-0.7538
WRIED_p_TCGA_143_147_150_Hahn_N_GenomeWideSNP_6_E09_799894	22	41172096	51234455	7138	0.0125
WRIED_p_TCGA_143_147_150_Hahn_N_GenomeWideSNP_6_E09_799894	X	168477	56263006	32451	0.0149
WRIED_p_TCGA_143_147_150_Hahn_N_GenomeWideSNP_6_E09_799894	X	56264984	56455319	86	0.9318
WRIED_p_TCGA_143_147_150_Hahn_N_GenomeWideSNP_6_E09_799894	X	56457806	56737361	135	0.0665
WRIED_p_TCGA_143_147_150_Hahn_N_GenomeWideSNP_6_E09_799894	X	56741089	56761346	17	0.9081
WRIED_p_TCGA_143_147_150_Hahn_N_GenomeWideSNP_6_E09_799894	X	56766044	85916760	12212	0.0137
WRIED_p_TCGA_143_147_150_Hahn_N_GenomeWideSNP_6_E09_799894	X	85917207	85917714	2	-2.0189
WRIED_p_TCGA_143_147_150_Hahn_N_GenomeWideSNP_6_E09_799894	X	85918762	128700449	23606	0.0143
WRIED_p_TCGA_143_147_150_Hahn_N_GenomeWideSNP_6_E09_799894	X	128702767	128702922	2	-1.5228
WRIED_p_TCGA_143_147_150_Hahn_N_GenomeWideSNP_6_E09_799894	X	128706700	155182354	15573	0.0159
WRIED_p_TCGA_143_147_150_Hahn_N_GenomeWideSNP_6_E09_799894	Y	2650438	2985595	151	-2.4908
WRIED_p_TCGA_143_147_150_Hahn_N_GenomeWideSNP_6_E09_799894	Y	2985939	6101425	717	-2.17
WRIED_p_TCGA_143_147_150_Hahn_N_GenomeWideSNP_6_E09_799894	Y	6107901	6296423	85	-3.5132
WRIED_p_TCGA_143_147_150_Hahn_N_GenomeWideSNP_6_E09_799894	Y	6299046	8243555	1019	-2.639
WRIED_p_TCGA_143_147_150_Hahn_N_GenomeWideSNP_6_E09_799894	Y	8247356	9759564	652	-2.9507
WRIED_p_TCGA_143_147_150_Hahn_N_GenomeWideSNP_6_E09_799894	Y	9774614	19571480	3036	-2.61
WRIED_p_TCGA_143_147_150_Hahn_N_GenomeWideSNP_6_E09_799894	Y	19574890	20970746	649	-3.1802
WRIED_p_TCGA_143_147_150_Hahn_N_GenomeWideSNP_6_E09_799894	Y	20971498	20972173	2	-7.3231
WRIED_p_TCGA_143_147_150_Hahn_N_GenomeWideSNP_6_E09_799894	Y	20972409	21024613	21	-3.3569
WRIED_p_TCGA_143_147_150_Hahn_N_GenomeWideSNP_6_E09_799894	Y	21025062	24528056	1280	-2.6995
WRIED_p_TCGA_143_147_150_Hahn_N_GenomeWideSNP_6_E09_799894	Y	24529606	26619135	405	-3.1802
WRIED_p_TCGA_143_147_150_Hahn_N_GenomeWideSNP_6_E09_799894	Y	26630929	26776515	29	-4.2423
WRIED_p_TCGA_143_147_150_Hahn_N_GenomeWideSNP_6_E09_799894	Y	26802327	27607884	116	-3.0936
WRIED_p_TCGA_143_147_150_Hahn_N_GenomeWideSNP_6_E09_799894	Y	27609288	27720551	33	-2.2479
WRIED_p_TCGA_143_147_150_Hahn_N_GenomeWideSNP_6_E09_799894	Y	27721084	28277692	195	-3.1845
WRIED_p_TCGA_143_147_150_Hahn_N_GenomeWideSNP_6_E09_799894	Y	28289727	28322019	13	-4.5853
WRIED_p_TCGA_143_147_150_Hahn_N_GenomeWideSNP_6_E09_799894	Y	28322083	28423938	43	-3.155
WRIED_p_TCGA_143_147_150_Hahn_N_GenomeWideSNP_6_E09_799894	Y	28438116	59018259	183	-2.4218
